timestamp,test_pid,target,k,cost,gamma,inner_acc,inner_auc,inner_f1,feature_n,feature_set,features_used
2025-11-26 17:43:56.944928,1,"stress_label",20,2,0.0078125,0.519230769230769,0.602564102564103,0.505128205128205,20,"top20","eeg_tleft_sampent_full_change_precond;eeg_tleft_halpha_mean_full_change_precond;gsr_skin_conductance_eda_tonic_mean_nk_full_change_precond;pupil_dilation_sd_full_change_precond;eeg_tright_halpha_mean_full_change_precond;eeg_t_sampent_full_change_precond;eeg_c_theta_mean_full_change_precond;eeg_pleft_halpha_mean_full_change_precond;eeg_pright_sampent_full_change_precond;eeg_pleft_lbeta_mean_full_change_precond;eeg_fm_theta_mean_full_change_precond;eeg_fl_hbeta_mean_full_change_precond;hrv_rmssd_full_change_precond;eeg_fr_sampent_full_change_precond;eeg_pright_halpha_mean_full_change_precond;hr_heartrate_bpm_med_abs_full_change_precond;pupil_asymmetry_full_change_precond;gsr_skin_conductance_eda_tonic_sd_nk_full_change_precond;eeg_c_sampent_full_change_precond;eeg_pright_beta_mean_full_change_precond"
2025-11-26 17:43:57.759223,1,"stress_label",20,4,0.0078125,0.538461538461538,0.615384615384615,0.528205128205128,20,"top20","eeg_tleft_sampent_full_change_precond;eeg_tleft_halpha_mean_full_change_precond;gsr_skin_conductance_eda_tonic_mean_nk_full_change_precond;pupil_dilation_sd_full_change_precond;eeg_tright_halpha_mean_full_change_precond;eeg_t_sampent_full_change_precond;eeg_c_theta_mean_full_change_precond;eeg_pleft_halpha_mean_full_change_precond;eeg_pright_sampent_full_change_precond;eeg_pleft_lbeta_mean_full_change_precond;eeg_fm_theta_mean_full_change_precond;eeg_fl_hbeta_mean_full_change_precond;hrv_rmssd_full_change_precond;eeg_fr_sampent_full_change_precond;eeg_pright_halpha_mean_full_change_precond;hr_heartrate_bpm_med_abs_full_change_precond;pupil_asymmetry_full_change_precond;gsr_skin_conductance_eda_tonic_sd_nk_full_change_precond;eeg_c_sampent_full_change_precond;eeg_pright_beta_mean_full_change_precond"
2025-11-26 17:43:58.623467,1,"stress_label",20,8,0.0078125,0.544871794871795,0.608974358974359,0.539316239316239,20,"top20","eeg_tleft_sampent_full_change_precond;eeg_tleft_halpha_mean_full_change_precond;gsr_skin_conductance_eda_tonic_mean_nk_full_change_precond;pupil_dilation_sd_full_change_precond;eeg_tright_halpha_mean_full_change_precond;eeg_t_sampent_full_change_precond;eeg_c_theta_mean_full_change_precond;eeg_pleft_halpha_mean_full_change_precond;eeg_pright_sampent_full_change_precond;eeg_pleft_lbeta_mean_full_change_precond;eeg_fm_theta_mean_full_change_precond;eeg_fl_hbeta_mean_full_change_precond;hrv_rmssd_full_change_precond;eeg_fr_sampent_full_change_precond;eeg_pright_halpha_mean_full_change_precond;hr_heartrate_bpm_med_abs_full_change_precond;pupil_asymmetry_full_change_precond;gsr_skin_conductance_eda_tonic_sd_nk_full_change_precond;eeg_c_sampent_full_change_precond;eeg_pright_beta_mean_full_change_precond"
2025-11-26 17:43:59.442833,1,"stress_label",20,16,0.0078125,0.576923076923077,0.615384615384615,0.567521367521368,20,"top20","eeg_tleft_sampent_full_change_precond;eeg_tleft_halpha_mean_full_change_precond;gsr_skin_conductance_eda_tonic_mean_nk_full_change_precond;pupil_dilation_sd_full_change_precond;eeg_tright_halpha_mean_full_change_precond;eeg_t_sampent_full_change_precond;eeg_c_theta_mean_full_change_precond;eeg_pleft_halpha_mean_full_change_precond;eeg_pright_sampent_full_change_precond;eeg_pleft_lbeta_mean_full_change_precond;eeg_fm_theta_mean_full_change_precond;eeg_fl_hbeta_mean_full_change_precond;hrv_rmssd_full_change_precond;eeg_fr_sampent_full_change_precond;eeg_pright_halpha_mean_full_change_precond;hr_heartrate_bpm_med_abs_full_change_precond;pupil_asymmetry_full_change_precond;gsr_skin_conductance_eda_tonic_sd_nk_full_change_precond;eeg_c_sampent_full_change_precond;eeg_pright_beta_mean_full_change_precond"
2025-11-26 17:44:00.289003,1,"stress_label",20,32,0.0078125,0.58974358974359,0.58974358974359,0.573504273504273,20,"top20","eeg_tleft_sampent_full_change_precond;eeg_tleft_halpha_mean_full_change_precond;gsr_skin_conductance_eda_tonic_mean_nk_full_change_precond;pupil_dilation_sd_full_change_precond;eeg_tright_halpha_mean_full_change_precond;eeg_t_sampent_full_change_precond;eeg_c_theta_mean_full_change_precond;eeg_pleft_halpha_mean_full_change_precond;eeg_pright_sampent_full_change_precond;eeg_pleft_lbeta_mean_full_change_precond;eeg_fm_theta_mean_full_change_precond;eeg_fl_hbeta_mean_full_change_precond;hrv_rmssd_full_change_precond;eeg_fr_sampent_full_change_precond;eeg_pright_halpha_mean_full_change_precond;hr_heartrate_bpm_med_abs_full_change_precond;pupil_asymmetry_full_change_precond;gsr_skin_conductance_eda_tonic_sd_nk_full_change_precond;eeg_c_sampent_full_change_precond;eeg_pright_beta_mean_full_change_precond"
2025-11-26 17:44:01.153321,1,"stress_label",20,64,0.0078125,0.557692307692308,0.596153846153846,0.546153846153846,20,"top20","eeg_tleft_sampent_full_change_precond;eeg_tleft_halpha_mean_full_change_precond;gsr_skin_conductance_eda_tonic_mean_nk_full_change_precond;pupil_dilation_sd_full_change_precond;eeg_tright_halpha_mean_full_change_precond;eeg_t_sampent_full_change_precond;eeg_c_theta_mean_full_change_precond;eeg_pleft_halpha_mean_full_change_precond;eeg_pright_sampent_full_change_precond;eeg_pleft_lbeta_mean_full_change_precond;eeg_fm_theta_mean_full_change_precond;eeg_fl_hbeta_mean_full_change_precond;hrv_rmssd_full_change_precond;eeg_fr_sampent_full_change_precond;eeg_pright_halpha_mean_full_change_precond;hr_heartrate_bpm_med_abs_full_change_precond;pupil_asymmetry_full_change_precond;gsr_skin_conductance_eda_tonic_sd_nk_full_change_precond;eeg_c_sampent_full_change_precond;eeg_pright_beta_mean_full_change_precond"
2025-11-26 17:44:02.184786,1,"stress_label",20,128,0.0078125,0.544871794871795,0.58974358974359,NA,20,"top20","eeg_tleft_sampent_full_change_precond;eeg_tleft_halpha_mean_full_change_precond;gsr_skin_conductance_eda_tonic_mean_nk_full_change_precond;pupil_dilation_sd_full_change_precond;eeg_tright_halpha_mean_full_change_precond;eeg_t_sampent_full_change_precond;eeg_c_theta_mean_full_change_precond;eeg_pleft_halpha_mean_full_change_precond;eeg_pright_sampent_full_change_precond;eeg_pleft_lbeta_mean_full_change_precond;eeg_fm_theta_mean_full_change_precond;eeg_fl_hbeta_mean_full_change_precond;hrv_rmssd_full_change_precond;eeg_fr_sampent_full_change_precond;eeg_pright_halpha_mean_full_change_precond;hr_heartrate_bpm_med_abs_full_change_precond;pupil_asymmetry_full_change_precond;gsr_skin_conductance_eda_tonic_sd_nk_full_change_precond;eeg_c_sampent_full_change_precond;eeg_pright_beta_mean_full_change_precond"
2025-11-26 17:44:03.492241,1,"stress_label",20,256,0.0078125,0.538461538461538,0.602564102564103,NA,20,"top20","eeg_tleft_sampent_full_change_precond;eeg_tleft_halpha_mean_full_change_precond;gsr_skin_conductance_eda_tonic_mean_nk_full_change_precond;pupil_dilation_sd_full_change_precond;eeg_tright_halpha_mean_full_change_precond;eeg_t_sampent_full_change_precond;eeg_c_theta_mean_full_change_precond;eeg_pleft_halpha_mean_full_change_precond;eeg_pright_sampent_full_change_precond;eeg_pleft_lbeta_mean_full_change_precond;eeg_fm_theta_mean_full_change_precond;eeg_fl_hbeta_mean_full_change_precond;hrv_rmssd_full_change_precond;eeg_fr_sampent_full_change_precond;eeg_pright_halpha_mean_full_change_precond;hr_heartrate_bpm_med_abs_full_change_precond;pupil_asymmetry_full_change_precond;gsr_skin_conductance_eda_tonic_sd_nk_full_change_precond;eeg_c_sampent_full_change_precond;eeg_pright_beta_mean_full_change_precond"
2025-11-26 17:44:04.284026,1,"stress_label",20,2,0.015625,0.538461538461538,0.608974358974359,0.528205128205128,20,"top20","eeg_tleft_sampent_full_change_precond;eeg_tleft_halpha_mean_full_change_precond;gsr_skin_conductance_eda_tonic_mean_nk_full_change_precond;pupil_dilation_sd_full_change_precond;eeg_tright_halpha_mean_full_change_precond;eeg_t_sampent_full_change_precond;eeg_c_theta_mean_full_change_precond;eeg_pleft_halpha_mean_full_change_precond;eeg_pright_sampent_full_change_precond;eeg_pleft_lbeta_mean_full_change_precond;eeg_fm_theta_mean_full_change_precond;eeg_fl_hbeta_mean_full_change_precond;hrv_rmssd_full_change_precond;eeg_fr_sampent_full_change_precond;eeg_pright_halpha_mean_full_change_precond;hr_heartrate_bpm_med_abs_full_change_precond;pupil_asymmetry_full_change_precond;gsr_skin_conductance_eda_tonic_sd_nk_full_change_precond;eeg_c_sampent_full_change_precond;eeg_pright_beta_mean_full_change_precond"
2025-11-26 17:44:05.007575,1,"stress_label",20,4,0.015625,0.557692307692308,0.621794871794872,0.538461538461538,20,"top20","eeg_tleft_sampent_full_change_precond;eeg_tleft_halpha_mean_full_change_precond;gsr_skin_conductance_eda_tonic_mean_nk_full_change_precond;pupil_dilation_sd_full_change_precond;eeg_tright_halpha_mean_full_change_precond;eeg_t_sampent_full_change_precond;eeg_c_theta_mean_full_change_precond;eeg_pleft_halpha_mean_full_change_precond;eeg_pright_sampent_full_change_precond;eeg_pleft_lbeta_mean_full_change_precond;eeg_fm_theta_mean_full_change_precond;eeg_fl_hbeta_mean_full_change_precond;hrv_rmssd_full_change_precond;eeg_fr_sampent_full_change_precond;eeg_pright_halpha_mean_full_change_precond;hr_heartrate_bpm_med_abs_full_change_precond;pupil_asymmetry_full_change_precond;gsr_skin_conductance_eda_tonic_sd_nk_full_change_precond;eeg_c_sampent_full_change_precond;eeg_pright_beta_mean_full_change_precond"
2025-11-26 17:44:05.778116,1,"stress_label",20,8,0.015625,0.602564102564103,0.647435897435897,NA,20,"top20","eeg_tleft_sampent_full_change_precond;eeg_tleft_halpha_mean_full_change_precond;gsr_skin_conductance_eda_tonic_mean_nk_full_change_precond;pupil_dilation_sd_full_change_precond;eeg_tright_halpha_mean_full_change_precond;eeg_t_sampent_full_change_precond;eeg_c_theta_mean_full_change_precond;eeg_pleft_halpha_mean_full_change_precond;eeg_pright_sampent_full_change_precond;eeg_pleft_lbeta_mean_full_change_precond;eeg_fm_theta_mean_full_change_precond;eeg_fl_hbeta_mean_full_change_precond;hrv_rmssd_full_change_precond;eeg_fr_sampent_full_change_precond;eeg_pright_halpha_mean_full_change_precond;hr_heartrate_bpm_med_abs_full_change_precond;pupil_asymmetry_full_change_precond;gsr_skin_conductance_eda_tonic_sd_nk_full_change_precond;eeg_c_sampent_full_change_precond;eeg_pright_beta_mean_full_change_precond"
2025-11-26 17:44:06.546013,1,"stress_label",20,16,0.015625,0.583333333333333,0.596153846153846,0.564957264957265,20,"top20","eeg_tleft_sampent_full_change_precond;eeg_tleft_halpha_mean_full_change_precond;gsr_skin_conductance_eda_tonic_mean_nk_full_change_precond;pupil_dilation_sd_full_change_precond;eeg_tright_halpha_mean_full_change_precond;eeg_t_sampent_full_change_precond;eeg_c_theta_mean_full_change_precond;eeg_pleft_halpha_mean_full_change_precond;eeg_pright_sampent_full_change_precond;eeg_pleft_lbeta_mean_full_change_precond;eeg_fm_theta_mean_full_change_precond;eeg_fl_hbeta_mean_full_change_precond;hrv_rmssd_full_change_precond;eeg_fr_sampent_full_change_precond;eeg_pright_halpha_mean_full_change_precond;hr_heartrate_bpm_med_abs_full_change_precond;pupil_asymmetry_full_change_precond;gsr_skin_conductance_eda_tonic_sd_nk_full_change_precond;eeg_c_sampent_full_change_precond;eeg_pright_beta_mean_full_change_precond"
2025-11-26 17:44:07.397943,1,"stress_label",20,32,0.015625,0.551282051282051,0.576923076923077,NA,20,"top20","eeg_tleft_sampent_full_change_precond;eeg_tleft_halpha_mean_full_change_precond;gsr_skin_conductance_eda_tonic_mean_nk_full_change_precond;pupil_dilation_sd_full_change_precond;eeg_tright_halpha_mean_full_change_precond;eeg_t_sampent_full_change_precond;eeg_c_theta_mean_full_change_precond;eeg_pleft_halpha_mean_full_change_precond;eeg_pright_sampent_full_change_precond;eeg_pleft_lbeta_mean_full_change_precond;eeg_fm_theta_mean_full_change_precond;eeg_fl_hbeta_mean_full_change_precond;hrv_rmssd_full_change_precond;eeg_fr_sampent_full_change_precond;eeg_pright_halpha_mean_full_change_precond;hr_heartrate_bpm_med_abs_full_change_precond;pupil_asymmetry_full_change_precond;gsr_skin_conductance_eda_tonic_sd_nk_full_change_precond;eeg_c_sampent_full_change_precond;eeg_pright_beta_mean_full_change_precond"
2025-11-26 17:44:08.305264,1,"stress_label",20,64,0.015625,0.544871794871795,0.621794871794872,NA,20,"top20","eeg_tleft_sampent_full_change_precond;eeg_tleft_halpha_mean_full_change_precond;gsr_skin_conductance_eda_tonic_mean_nk_full_change_precond;pupil_dilation_sd_full_change_precond;eeg_tright_halpha_mean_full_change_precond;eeg_t_sampent_full_change_precond;eeg_c_theta_mean_full_change_precond;eeg_pleft_halpha_mean_full_change_precond;eeg_pright_sampent_full_change_precond;eeg_pleft_lbeta_mean_full_change_precond;eeg_fm_theta_mean_full_change_precond;eeg_fl_hbeta_mean_full_change_precond;hrv_rmssd_full_change_precond;eeg_fr_sampent_full_change_precond;eeg_pright_halpha_mean_full_change_precond;hr_heartrate_bpm_med_abs_full_change_precond;pupil_asymmetry_full_change_precond;gsr_skin_conductance_eda_tonic_sd_nk_full_change_precond;eeg_c_sampent_full_change_precond;eeg_pright_beta_mean_full_change_precond"
2025-11-26 17:44:09.232003,1,"stress_label",20,128,0.015625,0.544871794871795,0.628205128205128,NA,20,"top20","eeg_tleft_sampent_full_change_precond;eeg_tleft_halpha_mean_full_change_precond;gsr_skin_conductance_eda_tonic_mean_nk_full_change_precond;pupil_dilation_sd_full_change_precond;eeg_tright_halpha_mean_full_change_precond;eeg_t_sampent_full_change_precond;eeg_c_theta_mean_full_change_precond;eeg_pleft_halpha_mean_full_change_precond;eeg_pright_sampent_full_change_precond;eeg_pleft_lbeta_mean_full_change_precond;eeg_fm_theta_mean_full_change_precond;eeg_fl_hbeta_mean_full_change_precond;hrv_rmssd_full_change_precond;eeg_fr_sampent_full_change_precond;eeg_pright_halpha_mean_full_change_precond;hr_heartrate_bpm_med_abs_full_change_precond;pupil_asymmetry_full_change_precond;gsr_skin_conductance_eda_tonic_sd_nk_full_change_precond;eeg_c_sampent_full_change_precond;eeg_pright_beta_mean_full_change_precond"
2025-11-26 17:44:10.188264,1,"stress_label",20,256,0.015625,0.544871794871795,0.602564102564103,NA,20,"top20","eeg_tleft_sampent_full_change_precond;eeg_tleft_halpha_mean_full_change_precond;gsr_skin_conductance_eda_tonic_mean_nk_full_change_precond;pupil_dilation_sd_full_change_precond;eeg_tright_halpha_mean_full_change_precond;eeg_t_sampent_full_change_precond;eeg_c_theta_mean_full_change_precond;eeg_pleft_halpha_mean_full_change_precond;eeg_pright_sampent_full_change_precond;eeg_pleft_lbeta_mean_full_change_precond;eeg_fm_theta_mean_full_change_precond;eeg_fl_hbeta_mean_full_change_precond;hrv_rmssd_full_change_precond;eeg_fr_sampent_full_change_precond;eeg_pright_halpha_mean_full_change_precond;hr_heartrate_bpm_med_abs_full_change_precond;pupil_asymmetry_full_change_precond;gsr_skin_conductance_eda_tonic_sd_nk_full_change_precond;eeg_c_sampent_full_change_precond;eeg_pright_beta_mean_full_change_precond"
2025-11-26 17:44:10.952166,1,"stress_label",20,2,0.03125,0.564102564102564,0.628205128205128,NA,20,"top20","eeg_tleft_sampent_full_change_precond;eeg_tleft_halpha_mean_full_change_precond;gsr_skin_conductance_eda_tonic_mean_nk_full_change_precond;pupil_dilation_sd_full_change_precond;eeg_tright_halpha_mean_full_change_precond;eeg_t_sampent_full_change_precond;eeg_c_theta_mean_full_change_precond;eeg_pleft_halpha_mean_full_change_precond;eeg_pright_sampent_full_change_precond;eeg_pleft_lbeta_mean_full_change_precond;eeg_fm_theta_mean_full_change_precond;eeg_fl_hbeta_mean_full_change_precond;hrv_rmssd_full_change_precond;eeg_fr_sampent_full_change_precond;eeg_pright_halpha_mean_full_change_precond;hr_heartrate_bpm_med_abs_full_change_precond;pupil_asymmetry_full_change_precond;gsr_skin_conductance_eda_tonic_sd_nk_full_change_precond;eeg_c_sampent_full_change_precond;eeg_pright_beta_mean_full_change_precond"
2025-11-26 17:44:11.748374,1,"stress_label",20,4,0.03125,0.615384615384615,0.628205128205128,NA,20,"top20","eeg_tleft_sampent_full_change_precond;eeg_tleft_halpha_mean_full_change_precond;gsr_skin_conductance_eda_tonic_mean_nk_full_change_precond;pupil_dilation_sd_full_change_precond;eeg_tright_halpha_mean_full_change_precond;eeg_t_sampent_full_change_precond;eeg_c_theta_mean_full_change_precond;eeg_pleft_halpha_mean_full_change_precond;eeg_pright_sampent_full_change_precond;eeg_pleft_lbeta_mean_full_change_precond;eeg_fm_theta_mean_full_change_precond;eeg_fl_hbeta_mean_full_change_precond;hrv_rmssd_full_change_precond;eeg_fr_sampent_full_change_precond;eeg_pright_halpha_mean_full_change_precond;hr_heartrate_bpm_med_abs_full_change_precond;pupil_asymmetry_full_change_precond;gsr_skin_conductance_eda_tonic_sd_nk_full_change_precond;eeg_c_sampent_full_change_precond;eeg_pright_beta_mean_full_change_precond"
2025-11-26 17:44:12.576154,1,"stress_label",20,8,0.03125,0.583333333333333,0.596153846153846,NA,20,"top20","eeg_tleft_sampent_full_change_precond;eeg_tleft_halpha_mean_full_change_precond;gsr_skin_conductance_eda_tonic_mean_nk_full_change_precond;pupil_dilation_sd_full_change_precond;eeg_tright_halpha_mean_full_change_precond;eeg_t_sampent_full_change_precond;eeg_c_theta_mean_full_change_precond;eeg_pleft_halpha_mean_full_change_precond;eeg_pright_sampent_full_change_precond;eeg_pleft_lbeta_mean_full_change_precond;eeg_fm_theta_mean_full_change_precond;eeg_fl_hbeta_mean_full_change_precond;hrv_rmssd_full_change_precond;eeg_fr_sampent_full_change_precond;eeg_pright_halpha_mean_full_change_precond;hr_heartrate_bpm_med_abs_full_change_precond;pupil_asymmetry_full_change_precond;gsr_skin_conductance_eda_tonic_sd_nk_full_change_precond;eeg_c_sampent_full_change_precond;eeg_pright_beta_mean_full_change_precond"
2025-11-26 17:44:13.416501,1,"stress_label",20,16,0.03125,0.551282051282051,0.621794871794872,NA,20,"top20","eeg_tleft_sampent_full_change_precond;eeg_tleft_halpha_mean_full_change_precond;gsr_skin_conductance_eda_tonic_mean_nk_full_change_precond;pupil_dilation_sd_full_change_precond;eeg_tright_halpha_mean_full_change_precond;eeg_t_sampent_full_change_precond;eeg_c_theta_mean_full_change_precond;eeg_pleft_halpha_mean_full_change_precond;eeg_pright_sampent_full_change_precond;eeg_pleft_lbeta_mean_full_change_precond;eeg_fm_theta_mean_full_change_precond;eeg_fl_hbeta_mean_full_change_precond;hrv_rmssd_full_change_precond;eeg_fr_sampent_full_change_precond;eeg_pright_halpha_mean_full_change_precond;hr_heartrate_bpm_med_abs_full_change_precond;pupil_asymmetry_full_change_precond;gsr_skin_conductance_eda_tonic_sd_nk_full_change_precond;eeg_c_sampent_full_change_precond;eeg_pright_beta_mean_full_change_precond"
2025-11-26 17:44:14.295371,1,"stress_label",20,32,0.03125,0.512820512820513,0.583333333333333,NA,20,"top20","eeg_tleft_sampent_full_change_precond;eeg_tleft_halpha_mean_full_change_precond;gsr_skin_conductance_eda_tonic_mean_nk_full_change_precond;pupil_dilation_sd_full_change_precond;eeg_tright_halpha_mean_full_change_precond;eeg_t_sampent_full_change_precond;eeg_c_theta_mean_full_change_precond;eeg_pleft_halpha_mean_full_change_precond;eeg_pright_sampent_full_change_precond;eeg_pleft_lbeta_mean_full_change_precond;eeg_fm_theta_mean_full_change_precond;eeg_fl_hbeta_mean_full_change_precond;hrv_rmssd_full_change_precond;eeg_fr_sampent_full_change_precond;eeg_pright_halpha_mean_full_change_precond;hr_heartrate_bpm_med_abs_full_change_precond;pupil_asymmetry_full_change_precond;gsr_skin_conductance_eda_tonic_sd_nk_full_change_precond;eeg_c_sampent_full_change_precond;eeg_pright_beta_mean_full_change_precond"
2025-11-26 17:44:15.184762,1,"stress_label",20,64,0.03125,0.544871794871795,0.602564102564103,NA,20,"top20","eeg_tleft_sampent_full_change_precond;eeg_tleft_halpha_mean_full_change_precond;gsr_skin_conductance_eda_tonic_mean_nk_full_change_precond;pupil_dilation_sd_full_change_precond;eeg_tright_halpha_mean_full_change_precond;eeg_t_sampent_full_change_precond;eeg_c_theta_mean_full_change_precond;eeg_pleft_halpha_mean_full_change_precond;eeg_pright_sampent_full_change_precond;eeg_pleft_lbeta_mean_full_change_precond;eeg_fm_theta_mean_full_change_precond;eeg_fl_hbeta_mean_full_change_precond;hrv_rmssd_full_change_precond;eeg_fr_sampent_full_change_precond;eeg_pright_halpha_mean_full_change_precond;hr_heartrate_bpm_med_abs_full_change_precond;pupil_asymmetry_full_change_precond;gsr_skin_conductance_eda_tonic_sd_nk_full_change_precond;eeg_c_sampent_full_change_precond;eeg_pright_beta_mean_full_change_precond"
2025-11-26 17:44:16.054762,1,"stress_label",20,128,0.03125,0.544871794871795,0.602564102564103,NA,20,"top20","eeg_tleft_sampent_full_change_precond;eeg_tleft_halpha_mean_full_change_precond;gsr_skin_conductance_eda_tonic_mean_nk_full_change_precond;pupil_dilation_sd_full_change_precond;eeg_tright_halpha_mean_full_change_precond;eeg_t_sampent_full_change_precond;eeg_c_theta_mean_full_change_precond;eeg_pleft_halpha_mean_full_change_precond;eeg_pright_sampent_full_change_precond;eeg_pleft_lbeta_mean_full_change_precond;eeg_fm_theta_mean_full_change_precond;eeg_fl_hbeta_mean_full_change_precond;hrv_rmssd_full_change_precond;eeg_fr_sampent_full_change_precond;eeg_pright_halpha_mean_full_change_precond;hr_heartrate_bpm_med_abs_full_change_precond;pupil_asymmetry_full_change_precond;gsr_skin_conductance_eda_tonic_sd_nk_full_change_precond;eeg_c_sampent_full_change_precond;eeg_pright_beta_mean_full_change_precond"
2025-11-26 17:44:16.908509,1,"stress_label",20,256,0.03125,0.544871794871795,0.602564102564103,NA,20,"top20","eeg_tleft_sampent_full_change_precond;eeg_tleft_halpha_mean_full_change_precond;gsr_skin_conductance_eda_tonic_mean_nk_full_change_precond;pupil_dilation_sd_full_change_precond;eeg_tright_halpha_mean_full_change_precond;eeg_t_sampent_full_change_precond;eeg_c_theta_mean_full_change_precond;eeg_pleft_halpha_mean_full_change_precond;eeg_pright_sampent_full_change_precond;eeg_pleft_lbeta_mean_full_change_precond;eeg_fm_theta_mean_full_change_precond;eeg_fl_hbeta_mean_full_change_precond;hrv_rmssd_full_change_precond;eeg_fr_sampent_full_change_precond;eeg_pright_halpha_mean_full_change_precond;hr_heartrate_bpm_med_abs_full_change_precond;pupil_asymmetry_full_change_precond;gsr_skin_conductance_eda_tonic_sd_nk_full_change_precond;eeg_c_sampent_full_change_precond;eeg_pright_beta_mean_full_change_precond"
2025-11-26 17:44:17.718738,1,"stress_label",20,2,0.0625,0.602564102564103,0.628205128205128,NA,20,"top20","eeg_tleft_sampent_full_change_precond;eeg_tleft_halpha_mean_full_change_precond;gsr_skin_conductance_eda_tonic_mean_nk_full_change_precond;pupil_dilation_sd_full_change_precond;eeg_tright_halpha_mean_full_change_precond;eeg_t_sampent_full_change_precond;eeg_c_theta_mean_full_change_precond;eeg_pleft_halpha_mean_full_change_precond;eeg_pright_sampent_full_change_precond;eeg_pleft_lbeta_mean_full_change_precond;eeg_fm_theta_mean_full_change_precond;eeg_fl_hbeta_mean_full_change_precond;hrv_rmssd_full_change_precond;eeg_fr_sampent_full_change_precond;eeg_pright_halpha_mean_full_change_precond;hr_heartrate_bpm_med_abs_full_change_precond;pupil_asymmetry_full_change_precond;gsr_skin_conductance_eda_tonic_sd_nk_full_change_precond;eeg_c_sampent_full_change_precond;eeg_pright_beta_mean_full_change_precond"
2025-11-26 17:44:18.530148,1,"stress_label",20,4,0.0625,0.596153846153846,0.634615384615385,NA,20,"top20","eeg_tleft_sampent_full_change_precond;eeg_tleft_halpha_mean_full_change_precond;gsr_skin_conductance_eda_tonic_mean_nk_full_change_precond;pupil_dilation_sd_full_change_precond;eeg_tright_halpha_mean_full_change_precond;eeg_t_sampent_full_change_precond;eeg_c_theta_mean_full_change_precond;eeg_pleft_halpha_mean_full_change_precond;eeg_pright_sampent_full_change_precond;eeg_pleft_lbeta_mean_full_change_precond;eeg_fm_theta_mean_full_change_precond;eeg_fl_hbeta_mean_full_change_precond;hrv_rmssd_full_change_precond;eeg_fr_sampent_full_change_precond;eeg_pright_halpha_mean_full_change_precond;hr_heartrate_bpm_med_abs_full_change_precond;pupil_asymmetry_full_change_precond;gsr_skin_conductance_eda_tonic_sd_nk_full_change_precond;eeg_c_sampent_full_change_precond;eeg_pright_beta_mean_full_change_precond"
2025-11-26 17:44:19.374428,1,"stress_label",20,8,0.0625,0.551282051282051,0.58974358974359,NA,20,"top20","eeg_tleft_sampent_full_change_precond;eeg_tleft_halpha_mean_full_change_precond;gsr_skin_conductance_eda_tonic_mean_nk_full_change_precond;pupil_dilation_sd_full_change_precond;eeg_tright_halpha_mean_full_change_precond;eeg_t_sampent_full_change_precond;eeg_c_theta_mean_full_change_precond;eeg_pleft_halpha_mean_full_change_precond;eeg_pright_sampent_full_change_precond;eeg_pleft_lbeta_mean_full_change_precond;eeg_fm_theta_mean_full_change_precond;eeg_fl_hbeta_mean_full_change_precond;hrv_rmssd_full_change_precond;eeg_fr_sampent_full_change_precond;eeg_pright_halpha_mean_full_change_precond;hr_heartrate_bpm_med_abs_full_change_precond;pupil_asymmetry_full_change_precond;gsr_skin_conductance_eda_tonic_sd_nk_full_change_precond;eeg_c_sampent_full_change_precond;eeg_pright_beta_mean_full_change_precond"
2025-11-26 17:44:20.209494,1,"stress_label",20,16,0.0625,0.551282051282051,0.596153846153846,NA,20,"top20","eeg_tleft_sampent_full_change_precond;eeg_tleft_halpha_mean_full_change_precond;gsr_skin_conductance_eda_tonic_mean_nk_full_change_precond;pupil_dilation_sd_full_change_precond;eeg_tright_halpha_mean_full_change_precond;eeg_t_sampent_full_change_precond;eeg_c_theta_mean_full_change_precond;eeg_pleft_halpha_mean_full_change_precond;eeg_pright_sampent_full_change_precond;eeg_pleft_lbeta_mean_full_change_precond;eeg_fm_theta_mean_full_change_precond;eeg_fl_hbeta_mean_full_change_precond;hrv_rmssd_full_change_precond;eeg_fr_sampent_full_change_precond;eeg_pright_halpha_mean_full_change_precond;hr_heartrate_bpm_med_abs_full_change_precond;pupil_asymmetry_full_change_precond;gsr_skin_conductance_eda_tonic_sd_nk_full_change_precond;eeg_c_sampent_full_change_precond;eeg_pright_beta_mean_full_change_precond"
2025-11-26 17:44:21.016173,1,"stress_label",20,32,0.0625,0.551282051282051,0.596153846153846,NA,20,"top20","eeg_tleft_sampent_full_change_precond;eeg_tleft_halpha_mean_full_change_precond;gsr_skin_conductance_eda_tonic_mean_nk_full_change_precond;pupil_dilation_sd_full_change_precond;eeg_tright_halpha_mean_full_change_precond;eeg_t_sampent_full_change_precond;eeg_c_theta_mean_full_change_precond;eeg_pleft_halpha_mean_full_change_precond;eeg_pright_sampent_full_change_precond;eeg_pleft_lbeta_mean_full_change_precond;eeg_fm_theta_mean_full_change_precond;eeg_fl_hbeta_mean_full_change_precond;hrv_rmssd_full_change_precond;eeg_fr_sampent_full_change_precond;eeg_pright_halpha_mean_full_change_precond;hr_heartrate_bpm_med_abs_full_change_precond;pupil_asymmetry_full_change_precond;gsr_skin_conductance_eda_tonic_sd_nk_full_change_precond;eeg_c_sampent_full_change_precond;eeg_pright_beta_mean_full_change_precond"
2025-11-26 17:44:21.891361,1,"stress_label",20,64,0.0625,0.551282051282051,0.596153846153846,NA,20,"top20","eeg_tleft_sampent_full_change_precond;eeg_tleft_halpha_mean_full_change_precond;gsr_skin_conductance_eda_tonic_mean_nk_full_change_precond;pupil_dilation_sd_full_change_precond;eeg_tright_halpha_mean_full_change_precond;eeg_t_sampent_full_change_precond;eeg_c_theta_mean_full_change_precond;eeg_pleft_halpha_mean_full_change_precond;eeg_pright_sampent_full_change_precond;eeg_pleft_lbeta_mean_full_change_precond;eeg_fm_theta_mean_full_change_precond;eeg_fl_hbeta_mean_full_change_precond;hrv_rmssd_full_change_precond;eeg_fr_sampent_full_change_precond;eeg_pright_halpha_mean_full_change_precond;hr_heartrate_bpm_med_abs_full_change_precond;pupil_asymmetry_full_change_precond;gsr_skin_conductance_eda_tonic_sd_nk_full_change_precond;eeg_c_sampent_full_change_precond;eeg_pright_beta_mean_full_change_precond"
2025-11-26 17:44:22.739884,1,"stress_label",20,128,0.0625,0.551282051282051,0.596153846153846,NA,20,"top20","eeg_tleft_sampent_full_change_precond;eeg_tleft_halpha_mean_full_change_precond;gsr_skin_conductance_eda_tonic_mean_nk_full_change_precond;pupil_dilation_sd_full_change_precond;eeg_tright_halpha_mean_full_change_precond;eeg_t_sampent_full_change_precond;eeg_c_theta_mean_full_change_precond;eeg_pleft_halpha_mean_full_change_precond;eeg_pright_sampent_full_change_precond;eeg_pleft_lbeta_mean_full_change_precond;eeg_fm_theta_mean_full_change_precond;eeg_fl_hbeta_mean_full_change_precond;hrv_rmssd_full_change_precond;eeg_fr_sampent_full_change_precond;eeg_pright_halpha_mean_full_change_precond;hr_heartrate_bpm_med_abs_full_change_precond;pupil_asymmetry_full_change_precond;gsr_skin_conductance_eda_tonic_sd_nk_full_change_precond;eeg_c_sampent_full_change_precond;eeg_pright_beta_mean_full_change_precond"
2025-11-26 17:44:23.573868,1,"stress_label",20,256,0.0625,0.551282051282051,0.596153846153846,NA,20,"top20","eeg_tleft_sampent_full_change_precond;eeg_tleft_halpha_mean_full_change_precond;gsr_skin_conductance_eda_tonic_mean_nk_full_change_precond;pupil_dilation_sd_full_change_precond;eeg_tright_halpha_mean_full_change_precond;eeg_t_sampent_full_change_precond;eeg_c_theta_mean_full_change_precond;eeg_pleft_halpha_mean_full_change_precond;eeg_pright_sampent_full_change_precond;eeg_pleft_lbeta_mean_full_change_precond;eeg_fm_theta_mean_full_change_precond;eeg_fl_hbeta_mean_full_change_precond;hrv_rmssd_full_change_precond;eeg_fr_sampent_full_change_precond;eeg_pright_halpha_mean_full_change_precond;hr_heartrate_bpm_med_abs_full_change_precond;pupil_asymmetry_full_change_precond;gsr_skin_conductance_eda_tonic_sd_nk_full_change_precond;eeg_c_sampent_full_change_precond;eeg_pright_beta_mean_full_change_precond"
2025-11-26 17:44:24.386858,1,"stress_label",20,2,0.125,0.608974358974359,0.641025641025641,NA,20,"top20","eeg_tleft_sampent_full_change_precond;eeg_tleft_halpha_mean_full_change_precond;gsr_skin_conductance_eda_tonic_mean_nk_full_change_precond;pupil_dilation_sd_full_change_precond;eeg_tright_halpha_mean_full_change_precond;eeg_t_sampent_full_change_precond;eeg_c_theta_mean_full_change_precond;eeg_pleft_halpha_mean_full_change_precond;eeg_pright_sampent_full_change_precond;eeg_pleft_lbeta_mean_full_change_precond;eeg_fm_theta_mean_full_change_precond;eeg_fl_hbeta_mean_full_change_precond;hrv_rmssd_full_change_precond;eeg_fr_sampent_full_change_precond;eeg_pright_halpha_mean_full_change_precond;hr_heartrate_bpm_med_abs_full_change_precond;pupil_asymmetry_full_change_precond;gsr_skin_conductance_eda_tonic_sd_nk_full_change_precond;eeg_c_sampent_full_change_precond;eeg_pright_beta_mean_full_change_precond"
2025-11-26 17:44:25.189627,1,"stress_label",20,4,0.125,0.615384615384615,0.628205128205128,NA,20,"top20","eeg_tleft_sampent_full_change_precond;eeg_tleft_halpha_mean_full_change_precond;gsr_skin_conductance_eda_tonic_mean_nk_full_change_precond;pupil_dilation_sd_full_change_precond;eeg_tright_halpha_mean_full_change_precond;eeg_t_sampent_full_change_precond;eeg_c_theta_mean_full_change_precond;eeg_pleft_halpha_mean_full_change_precond;eeg_pright_sampent_full_change_precond;eeg_pleft_lbeta_mean_full_change_precond;eeg_fm_theta_mean_full_change_precond;eeg_fl_hbeta_mean_full_change_precond;hrv_rmssd_full_change_precond;eeg_fr_sampent_full_change_precond;eeg_pright_halpha_mean_full_change_precond;hr_heartrate_bpm_med_abs_full_change_precond;pupil_asymmetry_full_change_precond;gsr_skin_conductance_eda_tonic_sd_nk_full_change_precond;eeg_c_sampent_full_change_precond;eeg_pright_beta_mean_full_change_precond"
2025-11-26 17:44:26.013361,1,"stress_label",20,8,0.125,0.615384615384615,0.628205128205128,NA,20,"top20","eeg_tleft_sampent_full_change_precond;eeg_tleft_halpha_mean_full_change_precond;gsr_skin_conductance_eda_tonic_mean_nk_full_change_precond;pupil_dilation_sd_full_change_precond;eeg_tright_halpha_mean_full_change_precond;eeg_t_sampent_full_change_precond;eeg_c_theta_mean_full_change_precond;eeg_pleft_halpha_mean_full_change_precond;eeg_pright_sampent_full_change_precond;eeg_pleft_lbeta_mean_full_change_precond;eeg_fm_theta_mean_full_change_precond;eeg_fl_hbeta_mean_full_change_precond;hrv_rmssd_full_change_precond;eeg_fr_sampent_full_change_precond;eeg_pright_halpha_mean_full_change_precond;hr_heartrate_bpm_med_abs_full_change_precond;pupil_asymmetry_full_change_precond;gsr_skin_conductance_eda_tonic_sd_nk_full_change_precond;eeg_c_sampent_full_change_precond;eeg_pright_beta_mean_full_change_precond"
2025-11-26 17:44:26.856588,1,"stress_label",20,16,0.125,0.615384615384615,0.628205128205128,NA,20,"top20","eeg_tleft_sampent_full_change_precond;eeg_tleft_halpha_mean_full_change_precond;gsr_skin_conductance_eda_tonic_mean_nk_full_change_precond;pupil_dilation_sd_full_change_precond;eeg_tright_halpha_mean_full_change_precond;eeg_t_sampent_full_change_precond;eeg_c_theta_mean_full_change_precond;eeg_pleft_halpha_mean_full_change_precond;eeg_pright_sampent_full_change_precond;eeg_pleft_lbeta_mean_full_change_precond;eeg_fm_theta_mean_full_change_precond;eeg_fl_hbeta_mean_full_change_precond;hrv_rmssd_full_change_precond;eeg_fr_sampent_full_change_precond;eeg_pright_halpha_mean_full_change_precond;hr_heartrate_bpm_med_abs_full_change_precond;pupil_asymmetry_full_change_precond;gsr_skin_conductance_eda_tonic_sd_nk_full_change_precond;eeg_c_sampent_full_change_precond;eeg_pright_beta_mean_full_change_precond"
2025-11-26 17:44:27.691814,1,"stress_label",20,32,0.125,0.615384615384615,0.628205128205128,NA,20,"top20","eeg_tleft_sampent_full_change_precond;eeg_tleft_halpha_mean_full_change_precond;gsr_skin_conductance_eda_tonic_mean_nk_full_change_precond;pupil_dilation_sd_full_change_precond;eeg_tright_halpha_mean_full_change_precond;eeg_t_sampent_full_change_precond;eeg_c_theta_mean_full_change_precond;eeg_pleft_halpha_mean_full_change_precond;eeg_pright_sampent_full_change_precond;eeg_pleft_lbeta_mean_full_change_precond;eeg_fm_theta_mean_full_change_precond;eeg_fl_hbeta_mean_full_change_precond;hrv_rmssd_full_change_precond;eeg_fr_sampent_full_change_precond;eeg_pright_halpha_mean_full_change_precond;hr_heartrate_bpm_med_abs_full_change_precond;pupil_asymmetry_full_change_precond;gsr_skin_conductance_eda_tonic_sd_nk_full_change_precond;eeg_c_sampent_full_change_precond;eeg_pright_beta_mean_full_change_precond"
2025-11-26 17:44:28.516755,1,"stress_label",20,64,0.125,0.615384615384615,0.628205128205128,NA,20,"top20","eeg_tleft_sampent_full_change_precond;eeg_tleft_halpha_mean_full_change_precond;gsr_skin_conductance_eda_tonic_mean_nk_full_change_precond;pupil_dilation_sd_full_change_precond;eeg_tright_halpha_mean_full_change_precond;eeg_t_sampent_full_change_precond;eeg_c_theta_mean_full_change_precond;eeg_pleft_halpha_mean_full_change_precond;eeg_pright_sampent_full_change_precond;eeg_pleft_lbeta_mean_full_change_precond;eeg_fm_theta_mean_full_change_precond;eeg_fl_hbeta_mean_full_change_precond;hrv_rmssd_full_change_precond;eeg_fr_sampent_full_change_precond;eeg_pright_halpha_mean_full_change_precond;hr_heartrate_bpm_med_abs_full_change_precond;pupil_asymmetry_full_change_precond;gsr_skin_conductance_eda_tonic_sd_nk_full_change_precond;eeg_c_sampent_full_change_precond;eeg_pright_beta_mean_full_change_precond"
2025-11-26 17:44:29.326882,1,"stress_label",20,128,0.125,0.615384615384615,0.628205128205128,NA,20,"top20","eeg_tleft_sampent_full_change_precond;eeg_tleft_halpha_mean_full_change_precond;gsr_skin_conductance_eda_tonic_mean_nk_full_change_precond;pupil_dilation_sd_full_change_precond;eeg_tright_halpha_mean_full_change_precond;eeg_t_sampent_full_change_precond;eeg_c_theta_mean_full_change_precond;eeg_pleft_halpha_mean_full_change_precond;eeg_pright_sampent_full_change_precond;eeg_pleft_lbeta_mean_full_change_precond;eeg_fm_theta_mean_full_change_precond;eeg_fl_hbeta_mean_full_change_precond;hrv_rmssd_full_change_precond;eeg_fr_sampent_full_change_precond;eeg_pright_halpha_mean_full_change_precond;hr_heartrate_bpm_med_abs_full_change_precond;pupil_asymmetry_full_change_precond;gsr_skin_conductance_eda_tonic_sd_nk_full_change_precond;eeg_c_sampent_full_change_precond;eeg_pright_beta_mean_full_change_precond"
2025-11-26 17:44:30.164601,1,"stress_label",20,256,0.125,0.615384615384615,0.628205128205128,NA,20,"top20","eeg_tleft_sampent_full_change_precond;eeg_tleft_halpha_mean_full_change_precond;gsr_skin_conductance_eda_tonic_mean_nk_full_change_precond;pupil_dilation_sd_full_change_precond;eeg_tright_halpha_mean_full_change_precond;eeg_t_sampent_full_change_precond;eeg_c_theta_mean_full_change_precond;eeg_pleft_halpha_mean_full_change_precond;eeg_pright_sampent_full_change_precond;eeg_pleft_lbeta_mean_full_change_precond;eeg_fm_theta_mean_full_change_precond;eeg_fl_hbeta_mean_full_change_precond;hrv_rmssd_full_change_precond;eeg_fr_sampent_full_change_precond;eeg_pright_halpha_mean_full_change_precond;hr_heartrate_bpm_med_abs_full_change_precond;pupil_asymmetry_full_change_precond;gsr_skin_conductance_eda_tonic_sd_nk_full_change_precond;eeg_c_sampent_full_change_precond;eeg_pright_beta_mean_full_change_precond"
2025-11-26 17:44:30.936,1,"stress_label",20,2,0.03,0.57051282051282,0.628205128205128,NA,20,"top20","eeg_tleft_sampent_full_change_precond;eeg_tleft_halpha_mean_full_change_precond;gsr_skin_conductance_eda_tonic_mean_nk_full_change_precond;pupil_dilation_sd_full_change_precond;eeg_tright_halpha_mean_full_change_precond;eeg_t_sampent_full_change_precond;eeg_c_theta_mean_full_change_precond;eeg_pleft_halpha_mean_full_change_precond;eeg_pright_sampent_full_change_precond;eeg_pleft_lbeta_mean_full_change_precond;eeg_fm_theta_mean_full_change_precond;eeg_fl_hbeta_mean_full_change_precond;hrv_rmssd_full_change_precond;eeg_fr_sampent_full_change_precond;eeg_pright_halpha_mean_full_change_precond;hr_heartrate_bpm_med_abs_full_change_precond;pupil_asymmetry_full_change_precond;gsr_skin_conductance_eda_tonic_sd_nk_full_change_precond;eeg_c_sampent_full_change_precond;eeg_pright_beta_mean_full_change_precond"
2025-11-26 17:44:31.716282,1,"stress_label",20,4,0.03,0.615384615384615,0.628205128205128,NA,20,"top20","eeg_tleft_sampent_full_change_precond;eeg_tleft_halpha_mean_full_change_precond;gsr_skin_conductance_eda_tonic_mean_nk_full_change_precond;pupil_dilation_sd_full_change_precond;eeg_tright_halpha_mean_full_change_precond;eeg_t_sampent_full_change_precond;eeg_c_theta_mean_full_change_precond;eeg_pleft_halpha_mean_full_change_precond;eeg_pright_sampent_full_change_precond;eeg_pleft_lbeta_mean_full_change_precond;eeg_fm_theta_mean_full_change_precond;eeg_fl_hbeta_mean_full_change_precond;hrv_rmssd_full_change_precond;eeg_fr_sampent_full_change_precond;eeg_pright_halpha_mean_full_change_precond;hr_heartrate_bpm_med_abs_full_change_precond;pupil_asymmetry_full_change_precond;gsr_skin_conductance_eda_tonic_sd_nk_full_change_precond;eeg_c_sampent_full_change_precond;eeg_pright_beta_mean_full_change_precond"
2025-11-26 17:44:32.52613,1,"stress_label",20,8,0.03,0.583333333333333,0.58974358974359,NA,20,"top20","eeg_tleft_sampent_full_change_precond;eeg_tleft_halpha_mean_full_change_precond;gsr_skin_conductance_eda_tonic_mean_nk_full_change_precond;pupil_dilation_sd_full_change_precond;eeg_tright_halpha_mean_full_change_precond;eeg_t_sampent_full_change_precond;eeg_c_theta_mean_full_change_precond;eeg_pleft_halpha_mean_full_change_precond;eeg_pright_sampent_full_change_precond;eeg_pleft_lbeta_mean_full_change_precond;eeg_fm_theta_mean_full_change_precond;eeg_fl_hbeta_mean_full_change_precond;hrv_rmssd_full_change_precond;eeg_fr_sampent_full_change_precond;eeg_pright_halpha_mean_full_change_precond;hr_heartrate_bpm_med_abs_full_change_precond;pupil_asymmetry_full_change_precond;gsr_skin_conductance_eda_tonic_sd_nk_full_change_precond;eeg_c_sampent_full_change_precond;eeg_pright_beta_mean_full_change_precond"
2025-11-26 17:44:33.347639,1,"stress_label",20,16,0.03,0.532051282051282,0.615384615384615,NA,20,"top20","eeg_tleft_sampent_full_change_precond;eeg_tleft_halpha_mean_full_change_precond;gsr_skin_conductance_eda_tonic_mean_nk_full_change_precond;pupil_dilation_sd_full_change_precond;eeg_tright_halpha_mean_full_change_precond;eeg_t_sampent_full_change_precond;eeg_c_theta_mean_full_change_precond;eeg_pleft_halpha_mean_full_change_precond;eeg_pright_sampent_full_change_precond;eeg_pleft_lbeta_mean_full_change_precond;eeg_fm_theta_mean_full_change_precond;eeg_fl_hbeta_mean_full_change_precond;hrv_rmssd_full_change_precond;eeg_fr_sampent_full_change_precond;eeg_pright_halpha_mean_full_change_precond;hr_heartrate_bpm_med_abs_full_change_precond;pupil_asymmetry_full_change_precond;gsr_skin_conductance_eda_tonic_sd_nk_full_change_precond;eeg_c_sampent_full_change_precond;eeg_pright_beta_mean_full_change_precond"
2025-11-26 17:44:34.22439,1,"stress_label",20,32,0.03,0.506410256410256,0.583333333333333,NA,20,"top20","eeg_tleft_sampent_full_change_precond;eeg_tleft_halpha_mean_full_change_precond;gsr_skin_conductance_eda_tonic_mean_nk_full_change_precond;pupil_dilation_sd_full_change_precond;eeg_tright_halpha_mean_full_change_precond;eeg_t_sampent_full_change_precond;eeg_c_theta_mean_full_change_precond;eeg_pleft_halpha_mean_full_change_precond;eeg_pright_sampent_full_change_precond;eeg_pleft_lbeta_mean_full_change_precond;eeg_fm_theta_mean_full_change_precond;eeg_fl_hbeta_mean_full_change_precond;hrv_rmssd_full_change_precond;eeg_fr_sampent_full_change_precond;eeg_pright_halpha_mean_full_change_precond;hr_heartrate_bpm_med_abs_full_change_precond;pupil_asymmetry_full_change_precond;gsr_skin_conductance_eda_tonic_sd_nk_full_change_precond;eeg_c_sampent_full_change_precond;eeg_pright_beta_mean_full_change_precond"
2025-11-26 17:44:35.108497,1,"stress_label",20,64,0.03,0.532051282051282,0.602564102564103,NA,20,"top20","eeg_tleft_sampent_full_change_precond;eeg_tleft_halpha_mean_full_change_precond;gsr_skin_conductance_eda_tonic_mean_nk_full_change_precond;pupil_dilation_sd_full_change_precond;eeg_tright_halpha_mean_full_change_precond;eeg_t_sampent_full_change_precond;eeg_c_theta_mean_full_change_precond;eeg_pleft_halpha_mean_full_change_precond;eeg_pright_sampent_full_change_precond;eeg_pleft_lbeta_mean_full_change_precond;eeg_fm_theta_mean_full_change_precond;eeg_fl_hbeta_mean_full_change_precond;hrv_rmssd_full_change_precond;eeg_fr_sampent_full_change_precond;eeg_pright_halpha_mean_full_change_precond;hr_heartrate_bpm_med_abs_full_change_precond;pupil_asymmetry_full_change_precond;gsr_skin_conductance_eda_tonic_sd_nk_full_change_precond;eeg_c_sampent_full_change_precond;eeg_pright_beta_mean_full_change_precond"
2025-11-26 17:44:35.983738,1,"stress_label",20,128,0.03,0.532051282051282,0.602564102564103,NA,20,"top20","eeg_tleft_sampent_full_change_precond;eeg_tleft_halpha_mean_full_change_precond;gsr_skin_conductance_eda_tonic_mean_nk_full_change_precond;pupil_dilation_sd_full_change_precond;eeg_tright_halpha_mean_full_change_precond;eeg_t_sampent_full_change_precond;eeg_c_theta_mean_full_change_precond;eeg_pleft_halpha_mean_full_change_precond;eeg_pright_sampent_full_change_precond;eeg_pleft_lbeta_mean_full_change_precond;eeg_fm_theta_mean_full_change_precond;eeg_fl_hbeta_mean_full_change_precond;hrv_rmssd_full_change_precond;eeg_fr_sampent_full_change_precond;eeg_pright_halpha_mean_full_change_precond;hr_heartrate_bpm_med_abs_full_change_precond;pupil_asymmetry_full_change_precond;gsr_skin_conductance_eda_tonic_sd_nk_full_change_precond;eeg_c_sampent_full_change_precond;eeg_pright_beta_mean_full_change_precond"
2025-11-26 17:44:36.847741,1,"stress_label",20,256,0.03,0.532051282051282,0.58974358974359,NA,20,"top20","eeg_tleft_sampent_full_change_precond;eeg_tleft_halpha_mean_full_change_precond;gsr_skin_conductance_eda_tonic_mean_nk_full_change_precond;pupil_dilation_sd_full_change_precond;eeg_tright_halpha_mean_full_change_precond;eeg_t_sampent_full_change_precond;eeg_c_theta_mean_full_change_precond;eeg_pleft_halpha_mean_full_change_precond;eeg_pright_sampent_full_change_precond;eeg_pleft_lbeta_mean_full_change_precond;eeg_fm_theta_mean_full_change_precond;eeg_fl_hbeta_mean_full_change_precond;hrv_rmssd_full_change_precond;eeg_fr_sampent_full_change_precond;eeg_pright_halpha_mean_full_change_precond;hr_heartrate_bpm_med_abs_full_change_precond;pupil_asymmetry_full_change_precond;gsr_skin_conductance_eda_tonic_sd_nk_full_change_precond;eeg_c_sampent_full_change_precond;eeg_pright_beta_mean_full_change_precond"
2025-11-26 17:44:37.625902,1,"stress_label",20,2,0.06,0.596153846153846,0.628205128205128,NA,20,"top20","eeg_tleft_sampent_full_change_precond;eeg_tleft_halpha_mean_full_change_precond;gsr_skin_conductance_eda_tonic_mean_nk_full_change_precond;pupil_dilation_sd_full_change_precond;eeg_tright_halpha_mean_full_change_precond;eeg_t_sampent_full_change_precond;eeg_c_theta_mean_full_change_precond;eeg_pleft_halpha_mean_full_change_precond;eeg_pright_sampent_full_change_precond;eeg_pleft_lbeta_mean_full_change_precond;eeg_fm_theta_mean_full_change_precond;eeg_fl_hbeta_mean_full_change_precond;hrv_rmssd_full_change_precond;eeg_fr_sampent_full_change_precond;eeg_pright_halpha_mean_full_change_precond;hr_heartrate_bpm_med_abs_full_change_precond;pupil_asymmetry_full_change_precond;gsr_skin_conductance_eda_tonic_sd_nk_full_change_precond;eeg_c_sampent_full_change_precond;eeg_pright_beta_mean_full_change_precond"
2025-11-26 17:44:38.427194,1,"stress_label",20,4,0.06,0.602564102564103,0.628205128205128,NA,20,"top20","eeg_tleft_sampent_full_change_precond;eeg_tleft_halpha_mean_full_change_precond;gsr_skin_conductance_eda_tonic_mean_nk_full_change_precond;pupil_dilation_sd_full_change_precond;eeg_tright_halpha_mean_full_change_precond;eeg_t_sampent_full_change_precond;eeg_c_theta_mean_full_change_precond;eeg_pleft_halpha_mean_full_change_precond;eeg_pright_sampent_full_change_precond;eeg_pleft_lbeta_mean_full_change_precond;eeg_fm_theta_mean_full_change_precond;eeg_fl_hbeta_mean_full_change_precond;hrv_rmssd_full_change_precond;eeg_fr_sampent_full_change_precond;eeg_pright_halpha_mean_full_change_precond;hr_heartrate_bpm_med_abs_full_change_precond;pupil_asymmetry_full_change_precond;gsr_skin_conductance_eda_tonic_sd_nk_full_change_precond;eeg_c_sampent_full_change_precond;eeg_pright_beta_mean_full_change_precond"
2025-11-26 17:44:39.268157,1,"stress_label",20,8,0.06,0.551282051282051,0.58974358974359,NA,20,"top20","eeg_tleft_sampent_full_change_precond;eeg_tleft_halpha_mean_full_change_precond;gsr_skin_conductance_eda_tonic_mean_nk_full_change_precond;pupil_dilation_sd_full_change_precond;eeg_tright_halpha_mean_full_change_precond;eeg_t_sampent_full_change_precond;eeg_c_theta_mean_full_change_precond;eeg_pleft_halpha_mean_full_change_precond;eeg_pright_sampent_full_change_precond;eeg_pleft_lbeta_mean_full_change_precond;eeg_fm_theta_mean_full_change_precond;eeg_fl_hbeta_mean_full_change_precond;hrv_rmssd_full_change_precond;eeg_fr_sampent_full_change_precond;eeg_pright_halpha_mean_full_change_precond;hr_heartrate_bpm_med_abs_full_change_precond;pupil_asymmetry_full_change_precond;gsr_skin_conductance_eda_tonic_sd_nk_full_change_precond;eeg_c_sampent_full_change_precond;eeg_pright_beta_mean_full_change_precond"
2025-11-26 17:44:40.122222,1,"stress_label",20,16,0.06,0.544871794871795,0.596153846153846,NA,20,"top20","eeg_tleft_sampent_full_change_precond;eeg_tleft_halpha_mean_full_change_precond;gsr_skin_conductance_eda_tonic_mean_nk_full_change_precond;pupil_dilation_sd_full_change_precond;eeg_tright_halpha_mean_full_change_precond;eeg_t_sampent_full_change_precond;eeg_c_theta_mean_full_change_precond;eeg_pleft_halpha_mean_full_change_precond;eeg_pright_sampent_full_change_precond;eeg_pleft_lbeta_mean_full_change_precond;eeg_fm_theta_mean_full_change_precond;eeg_fl_hbeta_mean_full_change_precond;hrv_rmssd_full_change_precond;eeg_fr_sampent_full_change_precond;eeg_pright_halpha_mean_full_change_precond;hr_heartrate_bpm_med_abs_full_change_precond;pupil_asymmetry_full_change_precond;gsr_skin_conductance_eda_tonic_sd_nk_full_change_precond;eeg_c_sampent_full_change_precond;eeg_pright_beta_mean_full_change_precond"
2025-11-26 17:44:40.955417,1,"stress_label",20,32,0.06,0.544871794871795,0.596153846153846,NA,20,"top20","eeg_tleft_sampent_full_change_precond;eeg_tleft_halpha_mean_full_change_precond;gsr_skin_conductance_eda_tonic_mean_nk_full_change_precond;pupil_dilation_sd_full_change_precond;eeg_tright_halpha_mean_full_change_precond;eeg_t_sampent_full_change_precond;eeg_c_theta_mean_full_change_precond;eeg_pleft_halpha_mean_full_change_precond;eeg_pright_sampent_full_change_precond;eeg_pleft_lbeta_mean_full_change_precond;eeg_fm_theta_mean_full_change_precond;eeg_fl_hbeta_mean_full_change_precond;hrv_rmssd_full_change_precond;eeg_fr_sampent_full_change_precond;eeg_pright_halpha_mean_full_change_precond;hr_heartrate_bpm_med_abs_full_change_precond;pupil_asymmetry_full_change_precond;gsr_skin_conductance_eda_tonic_sd_nk_full_change_precond;eeg_c_sampent_full_change_precond;eeg_pright_beta_mean_full_change_precond"
2025-11-26 17:44:41.783899,1,"stress_label",20,64,0.06,0.544871794871795,0.596153846153846,NA,20,"top20","eeg_tleft_sampent_full_change_precond;eeg_tleft_halpha_mean_full_change_precond;gsr_skin_conductance_eda_tonic_mean_nk_full_change_precond;pupil_dilation_sd_full_change_precond;eeg_tright_halpha_mean_full_change_precond;eeg_t_sampent_full_change_precond;eeg_c_theta_mean_full_change_precond;eeg_pleft_halpha_mean_full_change_precond;eeg_pright_sampent_full_change_precond;eeg_pleft_lbeta_mean_full_change_precond;eeg_fm_theta_mean_full_change_precond;eeg_fl_hbeta_mean_full_change_precond;hrv_rmssd_full_change_precond;eeg_fr_sampent_full_change_precond;eeg_pright_halpha_mean_full_change_precond;hr_heartrate_bpm_med_abs_full_change_precond;pupil_asymmetry_full_change_precond;gsr_skin_conductance_eda_tonic_sd_nk_full_change_precond;eeg_c_sampent_full_change_precond;eeg_pright_beta_mean_full_change_precond"
2025-11-26 17:44:42.616419,1,"stress_label",20,128,0.06,0.544871794871795,0.557692307692308,NA,20,"top20","eeg_tleft_sampent_full_change_precond;eeg_tleft_halpha_mean_full_change_precond;gsr_skin_conductance_eda_tonic_mean_nk_full_change_precond;pupil_dilation_sd_full_change_precond;eeg_tright_halpha_mean_full_change_precond;eeg_t_sampent_full_change_precond;eeg_c_theta_mean_full_change_precond;eeg_pleft_halpha_mean_full_change_precond;eeg_pright_sampent_full_change_precond;eeg_pleft_lbeta_mean_full_change_precond;eeg_fm_theta_mean_full_change_precond;eeg_fl_hbeta_mean_full_change_precond;hrv_rmssd_full_change_precond;eeg_fr_sampent_full_change_precond;eeg_pright_halpha_mean_full_change_precond;hr_heartrate_bpm_med_abs_full_change_precond;pupil_asymmetry_full_change_precond;gsr_skin_conductance_eda_tonic_sd_nk_full_change_precond;eeg_c_sampent_full_change_precond;eeg_pright_beta_mean_full_change_precond"
2025-11-26 17:44:43.452217,1,"stress_label",20,256,0.06,0.544871794871795,0.596153846153846,NA,20,"top20","eeg_tleft_sampent_full_change_precond;eeg_tleft_halpha_mean_full_change_precond;gsr_skin_conductance_eda_tonic_mean_nk_full_change_precond;pupil_dilation_sd_full_change_precond;eeg_tright_halpha_mean_full_change_precond;eeg_t_sampent_full_change_precond;eeg_c_theta_mean_full_change_precond;eeg_pleft_halpha_mean_full_change_precond;eeg_pright_sampent_full_change_precond;eeg_pleft_lbeta_mean_full_change_precond;eeg_fm_theta_mean_full_change_precond;eeg_fl_hbeta_mean_full_change_precond;hrv_rmssd_full_change_precond;eeg_fr_sampent_full_change_precond;eeg_pright_halpha_mean_full_change_precond;hr_heartrate_bpm_med_abs_full_change_precond;pupil_asymmetry_full_change_precond;gsr_skin_conductance_eda_tonic_sd_nk_full_change_precond;eeg_c_sampent_full_change_precond;eeg_pright_beta_mean_full_change_precond"
2025-11-26 17:44:44.311734,1,"stress_label",20,2,0.1,0.602564102564103,0.641025641025641,NA,20,"top20","eeg_tleft_sampent_full_change_precond;eeg_tleft_halpha_mean_full_change_precond;gsr_skin_conductance_eda_tonic_mean_nk_full_change_precond;pupil_dilation_sd_full_change_precond;eeg_tright_halpha_mean_full_change_precond;eeg_t_sampent_full_change_precond;eeg_c_theta_mean_full_change_precond;eeg_pleft_halpha_mean_full_change_precond;eeg_pright_sampent_full_change_precond;eeg_pleft_lbeta_mean_full_change_precond;eeg_fm_theta_mean_full_change_precond;eeg_fl_hbeta_mean_full_change_precond;hrv_rmssd_full_change_precond;eeg_fr_sampent_full_change_precond;eeg_pright_halpha_mean_full_change_precond;hr_heartrate_bpm_med_abs_full_change_precond;pupil_asymmetry_full_change_precond;gsr_skin_conductance_eda_tonic_sd_nk_full_change_precond;eeg_c_sampent_full_change_precond;eeg_pright_beta_mean_full_change_precond"
2025-11-26 17:44:45.17087,1,"stress_label",20,4,0.1,0.576923076923077,0.615384615384615,NA,20,"top20","eeg_tleft_sampent_full_change_precond;eeg_tleft_halpha_mean_full_change_precond;gsr_skin_conductance_eda_tonic_mean_nk_full_change_precond;pupil_dilation_sd_full_change_precond;eeg_tright_halpha_mean_full_change_precond;eeg_t_sampent_full_change_precond;eeg_c_theta_mean_full_change_precond;eeg_pleft_halpha_mean_full_change_precond;eeg_pright_sampent_full_change_precond;eeg_pleft_lbeta_mean_full_change_precond;eeg_fm_theta_mean_full_change_precond;eeg_fl_hbeta_mean_full_change_precond;hrv_rmssd_full_change_precond;eeg_fr_sampent_full_change_precond;eeg_pright_halpha_mean_full_change_precond;hr_heartrate_bpm_med_abs_full_change_precond;pupil_asymmetry_full_change_precond;gsr_skin_conductance_eda_tonic_sd_nk_full_change_precond;eeg_c_sampent_full_change_precond;eeg_pright_beta_mean_full_change_precond"
2025-11-26 17:44:45.9905,1,"stress_label",20,8,0.1,0.576923076923077,0.628205128205128,NA,20,"top20","eeg_tleft_sampent_full_change_precond;eeg_tleft_halpha_mean_full_change_precond;gsr_skin_conductance_eda_tonic_mean_nk_full_change_precond;pupil_dilation_sd_full_change_precond;eeg_tright_halpha_mean_full_change_precond;eeg_t_sampent_full_change_precond;eeg_c_theta_mean_full_change_precond;eeg_pleft_halpha_mean_full_change_precond;eeg_pright_sampent_full_change_precond;eeg_pleft_lbeta_mean_full_change_precond;eeg_fm_theta_mean_full_change_precond;eeg_fl_hbeta_mean_full_change_precond;hrv_rmssd_full_change_precond;eeg_fr_sampent_full_change_precond;eeg_pright_halpha_mean_full_change_precond;hr_heartrate_bpm_med_abs_full_change_precond;pupil_asymmetry_full_change_precond;gsr_skin_conductance_eda_tonic_sd_nk_full_change_precond;eeg_c_sampent_full_change_precond;eeg_pright_beta_mean_full_change_precond"
2025-11-26 17:44:46.874123,1,"stress_label",20,16,0.1,0.576923076923077,0.628205128205128,NA,20,"top20","eeg_tleft_sampent_full_change_precond;eeg_tleft_halpha_mean_full_change_precond;gsr_skin_conductance_eda_tonic_mean_nk_full_change_precond;pupil_dilation_sd_full_change_precond;eeg_tright_halpha_mean_full_change_precond;eeg_t_sampent_full_change_precond;eeg_c_theta_mean_full_change_precond;eeg_pleft_halpha_mean_full_change_precond;eeg_pright_sampent_full_change_precond;eeg_pleft_lbeta_mean_full_change_precond;eeg_fm_theta_mean_full_change_precond;eeg_fl_hbeta_mean_full_change_precond;hrv_rmssd_full_change_precond;eeg_fr_sampent_full_change_precond;eeg_pright_halpha_mean_full_change_precond;hr_heartrate_bpm_med_abs_full_change_precond;pupil_asymmetry_full_change_precond;gsr_skin_conductance_eda_tonic_sd_nk_full_change_precond;eeg_c_sampent_full_change_precond;eeg_pright_beta_mean_full_change_precond"
2025-11-26 17:44:47.705345,1,"stress_label",20,32,0.1,0.576923076923077,0.628205128205128,NA,20,"top20","eeg_tleft_sampent_full_change_precond;eeg_tleft_halpha_mean_full_change_precond;gsr_skin_conductance_eda_tonic_mean_nk_full_change_precond;pupil_dilation_sd_full_change_precond;eeg_tright_halpha_mean_full_change_precond;eeg_t_sampent_full_change_precond;eeg_c_theta_mean_full_change_precond;eeg_pleft_halpha_mean_full_change_precond;eeg_pright_sampent_full_change_precond;eeg_pleft_lbeta_mean_full_change_precond;eeg_fm_theta_mean_full_change_precond;eeg_fl_hbeta_mean_full_change_precond;hrv_rmssd_full_change_precond;eeg_fr_sampent_full_change_precond;eeg_pright_halpha_mean_full_change_precond;hr_heartrate_bpm_med_abs_full_change_precond;pupil_asymmetry_full_change_precond;gsr_skin_conductance_eda_tonic_sd_nk_full_change_precond;eeg_c_sampent_full_change_precond;eeg_pright_beta_mean_full_change_precond"
2025-11-26 17:44:48.545973,1,"stress_label",20,64,0.1,0.576923076923077,0.628205128205128,NA,20,"top20","eeg_tleft_sampent_full_change_precond;eeg_tleft_halpha_mean_full_change_precond;gsr_skin_conductance_eda_tonic_mean_nk_full_change_precond;pupil_dilation_sd_full_change_precond;eeg_tright_halpha_mean_full_change_precond;eeg_t_sampent_full_change_precond;eeg_c_theta_mean_full_change_precond;eeg_pleft_halpha_mean_full_change_precond;eeg_pright_sampent_full_change_precond;eeg_pleft_lbeta_mean_full_change_precond;eeg_fm_theta_mean_full_change_precond;eeg_fl_hbeta_mean_full_change_precond;hrv_rmssd_full_change_precond;eeg_fr_sampent_full_change_precond;eeg_pright_halpha_mean_full_change_precond;hr_heartrate_bpm_med_abs_full_change_precond;pupil_asymmetry_full_change_precond;gsr_skin_conductance_eda_tonic_sd_nk_full_change_precond;eeg_c_sampent_full_change_precond;eeg_pright_beta_mean_full_change_precond"
2025-11-26 17:44:49.390694,1,"stress_label",20,128,0.1,0.576923076923077,0.628205128205128,NA,20,"top20","eeg_tleft_sampent_full_change_precond;eeg_tleft_halpha_mean_full_change_precond;gsr_skin_conductance_eda_tonic_mean_nk_full_change_precond;pupil_dilation_sd_full_change_precond;eeg_tright_halpha_mean_full_change_precond;eeg_t_sampent_full_change_precond;eeg_c_theta_mean_full_change_precond;eeg_pleft_halpha_mean_full_change_precond;eeg_pright_sampent_full_change_precond;eeg_pleft_lbeta_mean_full_change_precond;eeg_fm_theta_mean_full_change_precond;eeg_fl_hbeta_mean_full_change_precond;hrv_rmssd_full_change_precond;eeg_fr_sampent_full_change_precond;eeg_pright_halpha_mean_full_change_precond;hr_heartrate_bpm_med_abs_full_change_precond;pupil_asymmetry_full_change_precond;gsr_skin_conductance_eda_tonic_sd_nk_full_change_precond;eeg_c_sampent_full_change_precond;eeg_pright_beta_mean_full_change_precond"
2025-11-26 17:44:50.207173,1,"stress_label",20,256,0.1,0.576923076923077,0.628205128205128,NA,20,"top20","eeg_tleft_sampent_full_change_precond;eeg_tleft_halpha_mean_full_change_precond;gsr_skin_conductance_eda_tonic_mean_nk_full_change_precond;pupil_dilation_sd_full_change_precond;eeg_tright_halpha_mean_full_change_precond;eeg_t_sampent_full_change_precond;eeg_c_theta_mean_full_change_precond;eeg_pleft_halpha_mean_full_change_precond;eeg_pright_sampent_full_change_precond;eeg_pleft_lbeta_mean_full_change_precond;eeg_fm_theta_mean_full_change_precond;eeg_fl_hbeta_mean_full_change_precond;hrv_rmssd_full_change_precond;eeg_fr_sampent_full_change_precond;eeg_pright_halpha_mean_full_change_precond;hr_heartrate_bpm_med_abs_full_change_precond;pupil_asymmetry_full_change_precond;gsr_skin_conductance_eda_tonic_sd_nk_full_change_precond;eeg_c_sampent_full_change_precond;eeg_pright_beta_mean_full_change_precond"
2025-11-26 17:44:50.851036,1,"stress_label",10,2,0.0078125,0.58974358974359,0.602564102564103,0.561538461538462,10,"top10","eeg_tleft_sampent_full_change_precond;eeg_tleft_halpha_mean_full_change_precond;gsr_skin_conductance_eda_tonic_mean_nk_full_change_precond;pupil_dilation_sd_full_change_precond;eeg_tright_halpha_mean_full_change_precond;eeg_t_sampent_full_change_precond;eeg_c_theta_mean_full_change_precond;eeg_pleft_halpha_mean_full_change_precond;eeg_pright_sampent_full_change_precond;eeg_pleft_lbeta_mean_full_change_precond"
2025-11-26 17:44:51.453174,1,"stress_label",10,4,0.0078125,0.596153846153846,0.628205128205128,0.577777777777778,10,"top10","eeg_tleft_sampent_full_change_precond;eeg_tleft_halpha_mean_full_change_precond;gsr_skin_conductance_eda_tonic_mean_nk_full_change_precond;pupil_dilation_sd_full_change_precond;eeg_tright_halpha_mean_full_change_precond;eeg_t_sampent_full_change_precond;eeg_c_theta_mean_full_change_precond;eeg_pleft_halpha_mean_full_change_precond;eeg_pright_sampent_full_change_precond;eeg_pleft_lbeta_mean_full_change_precond"
2025-11-26 17:44:52.049991,1,"stress_label",10,8,0.0078125,0.551282051282051,0.608974358974359,0.538461538461538,10,"top10","eeg_tleft_sampent_full_change_precond;eeg_tleft_halpha_mean_full_change_precond;gsr_skin_conductance_eda_tonic_mean_nk_full_change_precond;pupil_dilation_sd_full_change_precond;eeg_tright_halpha_mean_full_change_precond;eeg_t_sampent_full_change_precond;eeg_c_theta_mean_full_change_precond;eeg_pleft_halpha_mean_full_change_precond;eeg_pright_sampent_full_change_precond;eeg_pleft_lbeta_mean_full_change_precond"
2025-11-26 17:44:52.65502,1,"stress_label",10,16,0.0078125,0.57051282051282,0.634615384615385,0.543589743589744,10,"top10","eeg_tleft_sampent_full_change_precond;eeg_tleft_halpha_mean_full_change_precond;gsr_skin_conductance_eda_tonic_mean_nk_full_change_precond;pupil_dilation_sd_full_change_precond;eeg_tright_halpha_mean_full_change_precond;eeg_t_sampent_full_change_precond;eeg_c_theta_mean_full_change_precond;eeg_pleft_halpha_mean_full_change_precond;eeg_pright_sampent_full_change_precond;eeg_pleft_lbeta_mean_full_change_precond"
2025-11-26 17:44:53.266906,1,"stress_label",10,32,0.0078125,0.57051282051282,0.621794871794872,0.543589743589744,10,"top10","eeg_tleft_sampent_full_change_precond;eeg_tleft_halpha_mean_full_change_precond;gsr_skin_conductance_eda_tonic_mean_nk_full_change_precond;pupil_dilation_sd_full_change_precond;eeg_tright_halpha_mean_full_change_precond;eeg_t_sampent_full_change_precond;eeg_c_theta_mean_full_change_precond;eeg_pleft_halpha_mean_full_change_precond;eeg_pright_sampent_full_change_precond;eeg_pleft_lbeta_mean_full_change_precond"
2025-11-26 17:44:53.866553,1,"stress_label",10,64,0.0078125,0.544871794871795,0.621794871794872,0.525641025641026,10,"top10","eeg_tleft_sampent_full_change_precond;eeg_tleft_halpha_mean_full_change_precond;gsr_skin_conductance_eda_tonic_mean_nk_full_change_precond;pupil_dilation_sd_full_change_precond;eeg_tright_halpha_mean_full_change_precond;eeg_t_sampent_full_change_precond;eeg_c_theta_mean_full_change_precond;eeg_pleft_halpha_mean_full_change_precond;eeg_pright_sampent_full_change_precond;eeg_pleft_lbeta_mean_full_change_precond"
2025-11-26 17:44:54.519276,1,"stress_label",10,128,0.0078125,0.519230769230769,0.576923076923077,NA,10,"top10","eeg_tleft_sampent_full_change_precond;eeg_tleft_halpha_mean_full_change_precond;gsr_skin_conductance_eda_tonic_mean_nk_full_change_precond;pupil_dilation_sd_full_change_precond;eeg_tright_halpha_mean_full_change_precond;eeg_t_sampent_full_change_precond;eeg_c_theta_mean_full_change_precond;eeg_pleft_halpha_mean_full_change_precond;eeg_pright_sampent_full_change_precond;eeg_pleft_lbeta_mean_full_change_precond"
2025-11-26 17:44:55.250303,1,"stress_label",10,256,0.0078125,0.512820512820513,0.525641025641026,NA,10,"top10","eeg_tleft_sampent_full_change_precond;eeg_tleft_halpha_mean_full_change_precond;gsr_skin_conductance_eda_tonic_mean_nk_full_change_precond;pupil_dilation_sd_full_change_precond;eeg_tright_halpha_mean_full_change_precond;eeg_t_sampent_full_change_precond;eeg_c_theta_mean_full_change_precond;eeg_pleft_halpha_mean_full_change_precond;eeg_pright_sampent_full_change_precond;eeg_pleft_lbeta_mean_full_change_precond"
2025-11-26 17:44:55.835451,1,"stress_label",10,2,0.015625,0.583333333333333,0.628205128205128,0.567521367521368,10,"top10","eeg_tleft_sampent_full_change_precond;eeg_tleft_halpha_mean_full_change_precond;gsr_skin_conductance_eda_tonic_mean_nk_full_change_precond;pupil_dilation_sd_full_change_precond;eeg_tright_halpha_mean_full_change_precond;eeg_t_sampent_full_change_precond;eeg_c_theta_mean_full_change_precond;eeg_pleft_halpha_mean_full_change_precond;eeg_pright_sampent_full_change_precond;eeg_pleft_lbeta_mean_full_change_precond"
2025-11-26 17:44:56.606844,1,"stress_label",10,4,0.015625,0.564102564102564,0.628205128205128,0.547008547008547,10,"top10","eeg_tleft_sampent_full_change_precond;eeg_tleft_halpha_mean_full_change_precond;gsr_skin_conductance_eda_tonic_mean_nk_full_change_precond;pupil_dilation_sd_full_change_precond;eeg_tright_halpha_mean_full_change_precond;eeg_t_sampent_full_change_precond;eeg_c_theta_mean_full_change_precond;eeg_pleft_halpha_mean_full_change_precond;eeg_pright_sampent_full_change_precond;eeg_pleft_lbeta_mean_full_change_precond"
2025-11-26 17:44:57.217347,1,"stress_label",10,8,0.015625,0.576923076923077,0.621794871794872,0.545299145299145,10,"top10","eeg_tleft_sampent_full_change_precond;eeg_tleft_halpha_mean_full_change_precond;gsr_skin_conductance_eda_tonic_mean_nk_full_change_precond;pupil_dilation_sd_full_change_precond;eeg_tright_halpha_mean_full_change_precond;eeg_t_sampent_full_change_precond;eeg_c_theta_mean_full_change_precond;eeg_pleft_halpha_mean_full_change_precond;eeg_pright_sampent_full_change_precond;eeg_pleft_lbeta_mean_full_change_precond"
2025-11-26 17:44:57.81621,1,"stress_label",10,16,0.015625,0.557692307692308,0.634615384615385,0.542735042735043,10,"top10","eeg_tleft_sampent_full_change_precond;eeg_tleft_halpha_mean_full_change_precond;gsr_skin_conductance_eda_tonic_mean_nk_full_change_precond;pupil_dilation_sd_full_change_precond;eeg_tright_halpha_mean_full_change_precond;eeg_t_sampent_full_change_precond;eeg_c_theta_mean_full_change_precond;eeg_pleft_halpha_mean_full_change_precond;eeg_pright_sampent_full_change_precond;eeg_pleft_lbeta_mean_full_change_precond"
2025-11-26 17:44:58.42183,1,"stress_label",10,32,0.015625,0.532051282051282,0.602564102564103,NA,10,"top10","eeg_tleft_sampent_full_change_precond;eeg_tleft_halpha_mean_full_change_precond;gsr_skin_conductance_eda_tonic_mean_nk_full_change_precond;pupil_dilation_sd_full_change_precond;eeg_tright_halpha_mean_full_change_precond;eeg_t_sampent_full_change_precond;eeg_c_theta_mean_full_change_precond;eeg_pleft_halpha_mean_full_change_precond;eeg_pright_sampent_full_change_precond;eeg_pleft_lbeta_mean_full_change_precond"
2025-11-26 17:44:59.288526,1,"stress_label",10,64,0.015625,0.506410256410256,0.538461538461538,NA,10,"top10","eeg_tleft_sampent_full_change_precond;eeg_tleft_halpha_mean_full_change_precond;gsr_skin_conductance_eda_tonic_mean_nk_full_change_precond;pupil_dilation_sd_full_change_precond;eeg_tright_halpha_mean_full_change_precond;eeg_t_sampent_full_change_precond;eeg_c_theta_mean_full_change_precond;eeg_pleft_halpha_mean_full_change_precond;eeg_pright_sampent_full_change_precond;eeg_pleft_lbeta_mean_full_change_precond"
2025-11-26 17:45:00.425181,1,"stress_label",10,128,0.015625,0.525641025641026,0.532051282051282,NA,10,"top10","eeg_tleft_sampent_full_change_precond;eeg_tleft_halpha_mean_full_change_precond;gsr_skin_conductance_eda_tonic_mean_nk_full_change_precond;pupil_dilation_sd_full_change_precond;eeg_tright_halpha_mean_full_change_precond;eeg_t_sampent_full_change_precond;eeg_c_theta_mean_full_change_precond;eeg_pleft_halpha_mean_full_change_precond;eeg_pright_sampent_full_change_precond;eeg_pleft_lbeta_mean_full_change_precond"
2025-11-26 17:45:01.789842,1,"stress_label",10,256,0.015625,0.615384615384615,0.641025641025641,NA,10,"top10","eeg_tleft_sampent_full_change_precond;eeg_tleft_halpha_mean_full_change_precond;gsr_skin_conductance_eda_tonic_mean_nk_full_change_precond;pupil_dilation_sd_full_change_precond;eeg_tright_halpha_mean_full_change_precond;eeg_t_sampent_full_change_precond;eeg_c_theta_mean_full_change_precond;eeg_pleft_halpha_mean_full_change_precond;eeg_pright_sampent_full_change_precond;eeg_pleft_lbeta_mean_full_change_precond"
2025-11-26 17:45:02.556573,1,"stress_label",10,2,0.03125,0.57051282051282,0.621794871794872,0.539316239316239,10,"top10","eeg_tleft_sampent_full_change_precond;eeg_tleft_halpha_mean_full_change_precond;gsr_skin_conductance_eda_tonic_mean_nk_full_change_precond;pupil_dilation_sd_full_change_precond;eeg_tright_halpha_mean_full_change_precond;eeg_t_sampent_full_change_precond;eeg_c_theta_mean_full_change_precond;eeg_pleft_halpha_mean_full_change_precond;eeg_pright_sampent_full_change_precond;eeg_pleft_lbeta_mean_full_change_precond"
2025-11-26 17:45:03.410375,1,"stress_label",10,4,0.03125,0.551282051282051,0.608974358974359,0.533333333333333,10,"top10","eeg_tleft_sampent_full_change_precond;eeg_tleft_halpha_mean_full_change_precond;gsr_skin_conductance_eda_tonic_mean_nk_full_change_precond;pupil_dilation_sd_full_change_precond;eeg_tright_halpha_mean_full_change_precond;eeg_t_sampent_full_change_precond;eeg_c_theta_mean_full_change_precond;eeg_pleft_halpha_mean_full_change_precond;eeg_pright_sampent_full_change_precond;eeg_pleft_lbeta_mean_full_change_precond"
2025-11-26 17:45:04.318298,1,"stress_label",10,8,0.03125,0.557692307692308,0.628205128205128,NA,10,"top10","eeg_tleft_sampent_full_change_precond;eeg_tleft_halpha_mean_full_change_precond;gsr_skin_conductance_eda_tonic_mean_nk_full_change_precond;pupil_dilation_sd_full_change_precond;eeg_tright_halpha_mean_full_change_precond;eeg_t_sampent_full_change_precond;eeg_c_theta_mean_full_change_precond;eeg_pleft_halpha_mean_full_change_precond;eeg_pright_sampent_full_change_precond;eeg_pleft_lbeta_mean_full_change_precond"
2025-11-26 17:45:05.245605,1,"stress_label",10,16,0.03125,0.512820512820513,0.538461538461538,NA,10,"top10","eeg_tleft_sampent_full_change_precond;eeg_tleft_halpha_mean_full_change_precond;gsr_skin_conductance_eda_tonic_mean_nk_full_change_precond;pupil_dilation_sd_full_change_precond;eeg_tright_halpha_mean_full_change_precond;eeg_t_sampent_full_change_precond;eeg_c_theta_mean_full_change_precond;eeg_pleft_halpha_mean_full_change_precond;eeg_pright_sampent_full_change_precond;eeg_pleft_lbeta_mean_full_change_precond"
2025-11-26 17:45:06.229768,1,"stress_label",10,32,0.03125,0.487179487179487,0.532051282051282,NA,10,"top10","eeg_tleft_sampent_full_change_precond;eeg_tleft_halpha_mean_full_change_precond;gsr_skin_conductance_eda_tonic_mean_nk_full_change_precond;pupil_dilation_sd_full_change_precond;eeg_tright_halpha_mean_full_change_precond;eeg_t_sampent_full_change_precond;eeg_c_theta_mean_full_change_precond;eeg_pleft_halpha_mean_full_change_precond;eeg_pright_sampent_full_change_precond;eeg_pleft_lbeta_mean_full_change_precond"
2025-11-26 17:45:07.33127,1,"stress_label",10,64,0.03125,0.576923076923077,0.634615384615385,NA,10,"top10","eeg_tleft_sampent_full_change_precond;eeg_tleft_halpha_mean_full_change_precond;gsr_skin_conductance_eda_tonic_mean_nk_full_change_precond;pupil_dilation_sd_full_change_precond;eeg_tright_halpha_mean_full_change_precond;eeg_t_sampent_full_change_precond;eeg_c_theta_mean_full_change_precond;eeg_pleft_halpha_mean_full_change_precond;eeg_pright_sampent_full_change_precond;eeg_pleft_lbeta_mean_full_change_precond"
2025-11-26 17:45:08.626661,1,"stress_label",10,128,0.03125,0.634615384615385,0.666666666666667,NA,10,"top10","eeg_tleft_sampent_full_change_precond;eeg_tleft_halpha_mean_full_change_precond;gsr_skin_conductance_eda_tonic_mean_nk_full_change_precond;pupil_dilation_sd_full_change_precond;eeg_tright_halpha_mean_full_change_precond;eeg_t_sampent_full_change_precond;eeg_c_theta_mean_full_change_precond;eeg_pleft_halpha_mean_full_change_precond;eeg_pright_sampent_full_change_precond;eeg_pleft_lbeta_mean_full_change_precond"
2025-11-26 17:45:10.041734,1,"stress_label",10,256,0.03125,0.58974358974359,0.621794871794872,NA,10,"top10","eeg_tleft_sampent_full_change_precond;eeg_tleft_halpha_mean_full_change_precond;gsr_skin_conductance_eda_tonic_mean_nk_full_change_precond;pupil_dilation_sd_full_change_precond;eeg_tright_halpha_mean_full_change_precond;eeg_t_sampent_full_change_precond;eeg_c_theta_mean_full_change_precond;eeg_pleft_halpha_mean_full_change_precond;eeg_pright_sampent_full_change_precond;eeg_pleft_lbeta_mean_full_change_precond"
2025-11-26 17:45:10.89307,1,"stress_label",10,2,0.0625,0.564102564102564,0.596153846153846,0.551282051282051,10,"top10","eeg_tleft_sampent_full_change_precond;eeg_tleft_halpha_mean_full_change_precond;gsr_skin_conductance_eda_tonic_mean_nk_full_change_precond;pupil_dilation_sd_full_change_precond;eeg_tright_halpha_mean_full_change_precond;eeg_t_sampent_full_change_precond;eeg_c_theta_mean_full_change_precond;eeg_pleft_halpha_mean_full_change_precond;eeg_pright_sampent_full_change_precond;eeg_pleft_lbeta_mean_full_change_precond"
2025-11-26 17:45:11.762084,1,"stress_label",10,4,0.0625,0.538461538461538,0.596153846153846,NA,10,"top10","eeg_tleft_sampent_full_change_precond;eeg_tleft_halpha_mean_full_change_precond;gsr_skin_conductance_eda_tonic_mean_nk_full_change_precond;pupil_dilation_sd_full_change_precond;eeg_tright_halpha_mean_full_change_precond;eeg_t_sampent_full_change_precond;eeg_c_theta_mean_full_change_precond;eeg_pleft_halpha_mean_full_change_precond;eeg_pright_sampent_full_change_precond;eeg_pleft_lbeta_mean_full_change_precond"
2025-11-26 17:45:12.641756,1,"stress_label",10,8,0.0625,0.512820512820513,0.538461538461538,NA,10,"top10","eeg_tleft_sampent_full_change_precond;eeg_tleft_halpha_mean_full_change_precond;gsr_skin_conductance_eda_tonic_mean_nk_full_change_precond;pupil_dilation_sd_full_change_precond;eeg_tright_halpha_mean_full_change_precond;eeg_t_sampent_full_change_precond;eeg_c_theta_mean_full_change_precond;eeg_pleft_halpha_mean_full_change_precond;eeg_pright_sampent_full_change_precond;eeg_pleft_lbeta_mean_full_change_precond"
2025-11-26 17:45:13.645439,1,"stress_label",10,16,0.0625,0.551282051282051,0.57051282051282,NA,10,"top10","eeg_tleft_sampent_full_change_precond;eeg_tleft_halpha_mean_full_change_precond;gsr_skin_conductance_eda_tonic_mean_nk_full_change_precond;pupil_dilation_sd_full_change_precond;eeg_tright_halpha_mean_full_change_precond;eeg_t_sampent_full_change_precond;eeg_c_theta_mean_full_change_precond;eeg_pleft_halpha_mean_full_change_precond;eeg_pright_sampent_full_change_precond;eeg_pleft_lbeta_mean_full_change_precond"
2025-11-26 17:45:14.710707,1,"stress_label",10,32,0.0625,0.596153846153846,0.608974358974359,NA,10,"top10","eeg_tleft_sampent_full_change_precond;eeg_tleft_halpha_mean_full_change_precond;gsr_skin_conductance_eda_tonic_mean_nk_full_change_precond;pupil_dilation_sd_full_change_precond;eeg_tright_halpha_mean_full_change_precond;eeg_t_sampent_full_change_precond;eeg_c_theta_mean_full_change_precond;eeg_pleft_halpha_mean_full_change_precond;eeg_pright_sampent_full_change_precond;eeg_pleft_lbeta_mean_full_change_precond"
2025-11-26 17:45:15.874425,1,"stress_label",10,64,0.0625,0.551282051282051,0.596153846153846,NA,10,"top10","eeg_tleft_sampent_full_change_precond;eeg_tleft_halpha_mean_full_change_precond;gsr_skin_conductance_eda_tonic_mean_nk_full_change_precond;pupil_dilation_sd_full_change_precond;eeg_tright_halpha_mean_full_change_precond;eeg_t_sampent_full_change_precond;eeg_c_theta_mean_full_change_precond;eeg_pleft_halpha_mean_full_change_precond;eeg_pright_sampent_full_change_precond;eeg_pleft_lbeta_mean_full_change_precond"
2025-11-26 17:45:16.975263,1,"stress_label",10,128,0.0625,0.557692307692308,0.576923076923077,NA,10,"top10","eeg_tleft_sampent_full_change_precond;eeg_tleft_halpha_mean_full_change_precond;gsr_skin_conductance_eda_tonic_mean_nk_full_change_precond;pupil_dilation_sd_full_change_precond;eeg_tright_halpha_mean_full_change_precond;eeg_t_sampent_full_change_precond;eeg_c_theta_mean_full_change_precond;eeg_pleft_halpha_mean_full_change_precond;eeg_pright_sampent_full_change_precond;eeg_pleft_lbeta_mean_full_change_precond"
2025-11-26 17:45:18.245636,1,"stress_label",10,256,0.0625,0.551282051282051,0.596153846153846,NA,10,"top10","eeg_tleft_sampent_full_change_precond;eeg_tleft_halpha_mean_full_change_precond;gsr_skin_conductance_eda_tonic_mean_nk_full_change_precond;pupil_dilation_sd_full_change_precond;eeg_tright_halpha_mean_full_change_precond;eeg_t_sampent_full_change_precond;eeg_c_theta_mean_full_change_precond;eeg_pleft_halpha_mean_full_change_precond;eeg_pright_sampent_full_change_precond;eeg_pleft_lbeta_mean_full_change_precond"
2025-11-26 17:45:19.117351,1,"stress_label",10,2,0.125,0.557692307692308,0.583333333333333,NA,10,"top10","eeg_tleft_sampent_full_change_precond;eeg_tleft_halpha_mean_full_change_precond;gsr_skin_conductance_eda_tonic_mean_nk_full_change_precond;pupil_dilation_sd_full_change_precond;eeg_tright_halpha_mean_full_change_precond;eeg_t_sampent_full_change_precond;eeg_c_theta_mean_full_change_precond;eeg_pleft_halpha_mean_full_change_precond;eeg_pright_sampent_full_change_precond;eeg_pleft_lbeta_mean_full_change_precond"
2025-11-26 17:45:19.983169,1,"stress_label",10,4,0.125,0.551282051282051,0.602564102564103,NA,10,"top10","eeg_tleft_sampent_full_change_precond;eeg_tleft_halpha_mean_full_change_precond;gsr_skin_conductance_eda_tonic_mean_nk_full_change_precond;pupil_dilation_sd_full_change_precond;eeg_tright_halpha_mean_full_change_precond;eeg_t_sampent_full_change_precond;eeg_c_theta_mean_full_change_precond;eeg_pleft_halpha_mean_full_change_precond;eeg_pright_sampent_full_change_precond;eeg_pleft_lbeta_mean_full_change_precond"
2025-11-26 17:45:20.946902,1,"stress_label",10,8,0.125,0.58974358974359,0.615384615384615,NA,10,"top10","eeg_tleft_sampent_full_change_precond;eeg_tleft_halpha_mean_full_change_precond;gsr_skin_conductance_eda_tonic_mean_nk_full_change_precond;pupil_dilation_sd_full_change_precond;eeg_tright_halpha_mean_full_change_precond;eeg_t_sampent_full_change_precond;eeg_c_theta_mean_full_change_precond;eeg_pleft_halpha_mean_full_change_precond;eeg_pright_sampent_full_change_precond;eeg_pleft_lbeta_mean_full_change_precond"
2025-11-26 17:45:21.941093,1,"stress_label",10,16,0.125,0.596153846153846,0.602564102564103,NA,10,"top10","eeg_tleft_sampent_full_change_precond;eeg_tleft_halpha_mean_full_change_precond;gsr_skin_conductance_eda_tonic_mean_nk_full_change_precond;pupil_dilation_sd_full_change_precond;eeg_tright_halpha_mean_full_change_precond;eeg_t_sampent_full_change_precond;eeg_c_theta_mean_full_change_precond;eeg_pleft_halpha_mean_full_change_precond;eeg_pright_sampent_full_change_precond;eeg_pleft_lbeta_mean_full_change_precond"
2025-11-26 17:45:22.978539,1,"stress_label",10,32,0.125,0.551282051282051,0.602564102564103,NA,10,"top10","eeg_tleft_sampent_full_change_precond;eeg_tleft_halpha_mean_full_change_precond;gsr_skin_conductance_eda_tonic_mean_nk_full_change_precond;pupil_dilation_sd_full_change_precond;eeg_tright_halpha_mean_full_change_precond;eeg_t_sampent_full_change_precond;eeg_c_theta_mean_full_change_precond;eeg_pleft_halpha_mean_full_change_precond;eeg_pright_sampent_full_change_precond;eeg_pleft_lbeta_mean_full_change_precond"
2025-11-26 17:45:23.798393,1,"stress_label",10,64,0.125,0.557692307692308,0.551282051282051,NA,10,"top10","eeg_tleft_sampent_full_change_precond;eeg_tleft_halpha_mean_full_change_precond;gsr_skin_conductance_eda_tonic_mean_nk_full_change_precond;pupil_dilation_sd_full_change_precond;eeg_tright_halpha_mean_full_change_precond;eeg_t_sampent_full_change_precond;eeg_c_theta_mean_full_change_precond;eeg_pleft_halpha_mean_full_change_precond;eeg_pright_sampent_full_change_precond;eeg_pleft_lbeta_mean_full_change_precond"
2025-11-26 17:45:24.80615,1,"stress_label",10,128,0.125,0.544871794871795,0.544871794871795,NA,10,"top10","eeg_tleft_sampent_full_change_precond;eeg_tleft_halpha_mean_full_change_precond;gsr_skin_conductance_eda_tonic_mean_nk_full_change_precond;pupil_dilation_sd_full_change_precond;eeg_tright_halpha_mean_full_change_precond;eeg_t_sampent_full_change_precond;eeg_c_theta_mean_full_change_precond;eeg_pleft_halpha_mean_full_change_precond;eeg_pright_sampent_full_change_precond;eeg_pleft_lbeta_mean_full_change_precond"
2025-11-26 17:45:25.697761,1,"stress_label",10,256,0.125,0.544871794871795,0.58974358974359,NA,10,"top10","eeg_tleft_sampent_full_change_precond;eeg_tleft_halpha_mean_full_change_precond;gsr_skin_conductance_eda_tonic_mean_nk_full_change_precond;pupil_dilation_sd_full_change_precond;eeg_tright_halpha_mean_full_change_precond;eeg_t_sampent_full_change_precond;eeg_c_theta_mean_full_change_precond;eeg_pleft_halpha_mean_full_change_precond;eeg_pright_sampent_full_change_precond;eeg_pleft_lbeta_mean_full_change_precond"
2025-11-26 17:45:26.560145,1,"stress_label",10,2,0.03,0.564102564102564,0.621794871794872,0.526495726495727,10,"top10","eeg_tleft_sampent_full_change_precond;eeg_tleft_halpha_mean_full_change_precond;gsr_skin_conductance_eda_tonic_mean_nk_full_change_precond;pupil_dilation_sd_full_change_precond;eeg_tright_halpha_mean_full_change_precond;eeg_t_sampent_full_change_precond;eeg_c_theta_mean_full_change_precond;eeg_pleft_halpha_mean_full_change_precond;eeg_pright_sampent_full_change_precond;eeg_pleft_lbeta_mean_full_change_precond"
2025-11-26 17:45:27.422741,1,"stress_label",10,4,0.03,0.557692307692308,0.608974358974359,0.541880341880342,10,"top10","eeg_tleft_sampent_full_change_precond;eeg_tleft_halpha_mean_full_change_precond;gsr_skin_conductance_eda_tonic_mean_nk_full_change_precond;pupil_dilation_sd_full_change_precond;eeg_tright_halpha_mean_full_change_precond;eeg_t_sampent_full_change_precond;eeg_c_theta_mean_full_change_precond;eeg_pleft_halpha_mean_full_change_precond;eeg_pright_sampent_full_change_precond;eeg_pleft_lbeta_mean_full_change_precond"
2025-11-26 17:45:28.325924,1,"stress_label",10,8,0.03,0.544871794871795,0.634615384615385,NA,10,"top10","eeg_tleft_sampent_full_change_precond;eeg_tleft_halpha_mean_full_change_precond;gsr_skin_conductance_eda_tonic_mean_nk_full_change_precond;pupil_dilation_sd_full_change_precond;eeg_tright_halpha_mean_full_change_precond;eeg_t_sampent_full_change_precond;eeg_c_theta_mean_full_change_precond;eeg_pleft_halpha_mean_full_change_precond;eeg_pright_sampent_full_change_precond;eeg_pleft_lbeta_mean_full_change_precond"
2025-11-26 17:45:29.213119,1,"stress_label",10,16,0.03,0.512820512820513,0.544871794871795,NA,10,"top10","eeg_tleft_sampent_full_change_precond;eeg_tleft_halpha_mean_full_change_precond;gsr_skin_conductance_eda_tonic_mean_nk_full_change_precond;pupil_dilation_sd_full_change_precond;eeg_tright_halpha_mean_full_change_precond;eeg_t_sampent_full_change_precond;eeg_c_theta_mean_full_change_precond;eeg_pleft_halpha_mean_full_change_precond;eeg_pright_sampent_full_change_precond;eeg_pleft_lbeta_mean_full_change_precond"
2025-11-26 17:45:30.158044,1,"stress_label",10,32,0.03,0.493589743589744,0.512820512820513,NA,10,"top10","eeg_tleft_sampent_full_change_precond;eeg_tleft_halpha_mean_full_change_precond;gsr_skin_conductance_eda_tonic_mean_nk_full_change_precond;pupil_dilation_sd_full_change_precond;eeg_tright_halpha_mean_full_change_precond;eeg_t_sampent_full_change_precond;eeg_c_theta_mean_full_change_precond;eeg_pleft_halpha_mean_full_change_precond;eeg_pright_sampent_full_change_precond;eeg_pleft_lbeta_mean_full_change_precond"
2025-11-26 17:45:31.126268,1,"stress_label",10,64,0.03,0.57051282051282,0.621794871794872,NA,10,"top10","eeg_tleft_sampent_full_change_precond;eeg_tleft_halpha_mean_full_change_precond;gsr_skin_conductance_eda_tonic_mean_nk_full_change_precond;pupil_dilation_sd_full_change_precond;eeg_tright_halpha_mean_full_change_precond;eeg_t_sampent_full_change_precond;eeg_c_theta_mean_full_change_precond;eeg_pleft_halpha_mean_full_change_precond;eeg_pright_sampent_full_change_precond;eeg_pleft_lbeta_mean_full_change_precond"
2025-11-26 17:45:32.362227,1,"stress_label",10,128,0.03,0.628205128205128,0.666666666666667,NA,10,"top10","eeg_tleft_sampent_full_change_precond;eeg_tleft_halpha_mean_full_change_precond;gsr_skin_conductance_eda_tonic_mean_nk_full_change_precond;pupil_dilation_sd_full_change_precond;eeg_tright_halpha_mean_full_change_precond;eeg_t_sampent_full_change_precond;eeg_c_theta_mean_full_change_precond;eeg_pleft_halpha_mean_full_change_precond;eeg_pright_sampent_full_change_precond;eeg_pleft_lbeta_mean_full_change_precond"
2025-11-26 17:45:33.741079,1,"stress_label",10,256,0.03,0.608974358974359,0.647435897435897,NA,10,"top10","eeg_tleft_sampent_full_change_precond;eeg_tleft_halpha_mean_full_change_precond;gsr_skin_conductance_eda_tonic_mean_nk_full_change_precond;pupil_dilation_sd_full_change_precond;eeg_tright_halpha_mean_full_change_precond;eeg_t_sampent_full_change_precond;eeg_c_theta_mean_full_change_precond;eeg_pleft_halpha_mean_full_change_precond;eeg_pright_sampent_full_change_precond;eeg_pleft_lbeta_mean_full_change_precond"
2025-11-26 17:45:34.436251,1,"stress_label",10,2,0.06,0.57051282051282,0.602564102564103,0.553846153846154,10,"top10","eeg_tleft_sampent_full_change_precond;eeg_tleft_halpha_mean_full_change_precond;gsr_skin_conductance_eda_tonic_mean_nk_full_change_precond;pupil_dilation_sd_full_change_precond;eeg_tright_halpha_mean_full_change_precond;eeg_t_sampent_full_change_precond;eeg_c_theta_mean_full_change_precond;eeg_pleft_halpha_mean_full_change_precond;eeg_pright_sampent_full_change_precond;eeg_pleft_lbeta_mean_full_change_precond"
2025-11-26 17:45:35.275623,1,"stress_label",10,4,0.06,0.538461538461538,0.596153846153846,NA,10,"top10","eeg_tleft_sampent_full_change_precond;eeg_tleft_halpha_mean_full_change_precond;gsr_skin_conductance_eda_tonic_mean_nk_full_change_precond;pupil_dilation_sd_full_change_precond;eeg_tright_halpha_mean_full_change_precond;eeg_t_sampent_full_change_precond;eeg_c_theta_mean_full_change_precond;eeg_pleft_halpha_mean_full_change_precond;eeg_pright_sampent_full_change_precond;eeg_pleft_lbeta_mean_full_change_precond"
2025-11-26 17:45:36.210493,1,"stress_label",10,8,0.06,0.512820512820513,0.551282051282051,NA,10,"top10","eeg_tleft_sampent_full_change_precond;eeg_tleft_halpha_mean_full_change_precond;gsr_skin_conductance_eda_tonic_mean_nk_full_change_precond;pupil_dilation_sd_full_change_precond;eeg_tright_halpha_mean_full_change_precond;eeg_t_sampent_full_change_precond;eeg_c_theta_mean_full_change_precond;eeg_pleft_halpha_mean_full_change_precond;eeg_pright_sampent_full_change_precond;eeg_pleft_lbeta_mean_full_change_precond"
2025-11-26 17:45:37.16577,1,"stress_label",10,16,0.06,0.538461538461538,0.564102564102564,NA,10,"top10","eeg_tleft_sampent_full_change_precond;eeg_tleft_halpha_mean_full_change_precond;gsr_skin_conductance_eda_tonic_mean_nk_full_change_precond;pupil_dilation_sd_full_change_precond;eeg_tright_halpha_mean_full_change_precond;eeg_t_sampent_full_change_precond;eeg_c_theta_mean_full_change_precond;eeg_pleft_halpha_mean_full_change_precond;eeg_pright_sampent_full_change_precond;eeg_pleft_lbeta_mean_full_change_precond"
2025-11-26 17:45:38.198821,1,"stress_label",10,32,0.06,0.58974358974359,0.634615384615385,NA,10,"top10","eeg_tleft_sampent_full_change_precond;eeg_tleft_halpha_mean_full_change_precond;gsr_skin_conductance_eda_tonic_mean_nk_full_change_precond;pupil_dilation_sd_full_change_precond;eeg_tright_halpha_mean_full_change_precond;eeg_t_sampent_full_change_precond;eeg_c_theta_mean_full_change_precond;eeg_pleft_halpha_mean_full_change_precond;eeg_pright_sampent_full_change_precond;eeg_pleft_lbeta_mean_full_change_precond"
2025-11-26 17:45:39.194826,1,"stress_label",10,64,0.06,0.57051282051282,0.596153846153846,NA,10,"top10","eeg_tleft_sampent_full_change_precond;eeg_tleft_halpha_mean_full_change_precond;gsr_skin_conductance_eda_tonic_mean_nk_full_change_precond;pupil_dilation_sd_full_change_precond;eeg_tright_halpha_mean_full_change_precond;eeg_t_sampent_full_change_precond;eeg_c_theta_mean_full_change_precond;eeg_pleft_halpha_mean_full_change_precond;eeg_pright_sampent_full_change_precond;eeg_pleft_lbeta_mean_full_change_precond"
2025-11-26 17:45:40.25577,1,"stress_label",10,128,0.06,0.551282051282051,0.57051282051282,NA,10,"top10","eeg_tleft_sampent_full_change_precond;eeg_tleft_halpha_mean_full_change_precond;gsr_skin_conductance_eda_tonic_mean_nk_full_change_precond;pupil_dilation_sd_full_change_precond;eeg_tright_halpha_mean_full_change_precond;eeg_t_sampent_full_change_precond;eeg_c_theta_mean_full_change_precond;eeg_pleft_halpha_mean_full_change_precond;eeg_pright_sampent_full_change_precond;eeg_pleft_lbeta_mean_full_change_precond"
2025-11-26 17:45:41.444727,1,"stress_label",10,256,0.06,0.544871794871795,0.58974358974359,NA,10,"top10","eeg_tleft_sampent_full_change_precond;eeg_tleft_halpha_mean_full_change_precond;gsr_skin_conductance_eda_tonic_mean_nk_full_change_precond;pupil_dilation_sd_full_change_precond;eeg_tright_halpha_mean_full_change_precond;eeg_t_sampent_full_change_precond;eeg_c_theta_mean_full_change_precond;eeg_pleft_halpha_mean_full_change_precond;eeg_pright_sampent_full_change_precond;eeg_pleft_lbeta_mean_full_change_precond"
2025-11-26 17:45:42.227495,1,"stress_label",10,2,0.1,0.557692307692308,0.583333333333333,NA,10,"top10","eeg_tleft_sampent_full_change_precond;eeg_tleft_halpha_mean_full_change_precond;gsr_skin_conductance_eda_tonic_mean_nk_full_change_precond;pupil_dilation_sd_full_change_precond;eeg_tright_halpha_mean_full_change_precond;eeg_t_sampent_full_change_precond;eeg_c_theta_mean_full_change_precond;eeg_pleft_halpha_mean_full_change_precond;eeg_pright_sampent_full_change_precond;eeg_pleft_lbeta_mean_full_change_precond"
2025-11-26 17:45:43.075531,1,"stress_label",10,4,0.1,0.538461538461538,0.576923076923077,NA,10,"top10","eeg_tleft_sampent_full_change_precond;eeg_tleft_halpha_mean_full_change_precond;gsr_skin_conductance_eda_tonic_mean_nk_full_change_precond;pupil_dilation_sd_full_change_precond;eeg_tright_halpha_mean_full_change_precond;eeg_t_sampent_full_change_precond;eeg_c_theta_mean_full_change_precond;eeg_pleft_halpha_mean_full_change_precond;eeg_pright_sampent_full_change_precond;eeg_pleft_lbeta_mean_full_change_precond"
2025-11-26 17:45:44.058474,1,"stress_label",10,8,0.1,0.551282051282051,0.58974358974359,NA,10,"top10","eeg_tleft_sampent_full_change_precond;eeg_tleft_halpha_mean_full_change_precond;gsr_skin_conductance_eda_tonic_mean_nk_full_change_precond;pupil_dilation_sd_full_change_precond;eeg_tright_halpha_mean_full_change_precond;eeg_t_sampent_full_change_precond;eeg_c_theta_mean_full_change_precond;eeg_pleft_halpha_mean_full_change_precond;eeg_pright_sampent_full_change_precond;eeg_pleft_lbeta_mean_full_change_precond"
2025-11-26 17:45:45.07012,1,"stress_label",10,16,0.1,0.58974358974359,0.602564102564103,NA,10,"top10","eeg_tleft_sampent_full_change_precond;eeg_tleft_halpha_mean_full_change_precond;gsr_skin_conductance_eda_tonic_mean_nk_full_change_precond;pupil_dilation_sd_full_change_precond;eeg_tright_halpha_mean_full_change_precond;eeg_t_sampent_full_change_precond;eeg_c_theta_mean_full_change_precond;eeg_pleft_halpha_mean_full_change_precond;eeg_pright_sampent_full_change_precond;eeg_pleft_lbeta_mean_full_change_precond"
2025-11-26 17:45:46.267416,1,"stress_label",10,32,0.1,0.564102564102564,0.602564102564103,NA,10,"top10","eeg_tleft_sampent_full_change_precond;eeg_tleft_halpha_mean_full_change_precond;gsr_skin_conductance_eda_tonic_mean_nk_full_change_precond;pupil_dilation_sd_full_change_precond;eeg_tright_halpha_mean_full_change_precond;eeg_t_sampent_full_change_precond;eeg_c_theta_mean_full_change_precond;eeg_pleft_halpha_mean_full_change_precond;eeg_pright_sampent_full_change_precond;eeg_pleft_lbeta_mean_full_change_precond"
2025-11-26 17:45:47.353605,1,"stress_label",10,64,0.1,0.544871794871795,0.596153846153846,NA,10,"top10","eeg_tleft_sampent_full_change_precond;eeg_tleft_halpha_mean_full_change_precond;gsr_skin_conductance_eda_tonic_mean_nk_full_change_precond;pupil_dilation_sd_full_change_precond;eeg_tright_halpha_mean_full_change_precond;eeg_t_sampent_full_change_precond;eeg_c_theta_mean_full_change_precond;eeg_pleft_halpha_mean_full_change_precond;eeg_pright_sampent_full_change_precond;eeg_pleft_lbeta_mean_full_change_precond"
2025-11-26 17:45:48.46425,1,"stress_label",10,128,0.1,0.57051282051282,0.583333333333333,NA,10,"top10","eeg_tleft_sampent_full_change_precond;eeg_tleft_halpha_mean_full_change_precond;gsr_skin_conductance_eda_tonic_mean_nk_full_change_precond;pupil_dilation_sd_full_change_precond;eeg_tright_halpha_mean_full_change_precond;eeg_t_sampent_full_change_precond;eeg_c_theta_mean_full_change_precond;eeg_pleft_halpha_mean_full_change_precond;eeg_pright_sampent_full_change_precond;eeg_pleft_lbeta_mean_full_change_precond"
2025-11-26 17:45:49.572877,1,"stress_label",10,256,0.1,0.544871794871795,0.58974358974359,NA,10,"top10","eeg_tleft_sampent_full_change_precond;eeg_tleft_halpha_mean_full_change_precond;gsr_skin_conductance_eda_tonic_mean_nk_full_change_precond;pupil_dilation_sd_full_change_precond;eeg_tright_halpha_mean_full_change_precond;eeg_t_sampent_full_change_precond;eeg_c_theta_mean_full_change_precond;eeg_pleft_halpha_mean_full_change_precond;eeg_pright_sampent_full_change_precond;eeg_pleft_lbeta_mean_full_change_precond"
2025-11-26 17:45:50.448316,1,"stress_label",5,2,0.0078125,0.628205128205128,0.647435897435897,0.575213675213675,5,"top5","eeg_tleft_sampent_full_change_precond;eeg_tleft_halpha_mean_full_change_precond;gsr_skin_conductance_eda_tonic_mean_nk_full_change_precond;pupil_dilation_sd_full_change_precond;eeg_tright_halpha_mean_full_change_precond"
2025-11-26 17:45:51.137067,1,"stress_label",5,4,0.0078125,0.653846153846154,0.641025641025641,0.598290598290598,5,"top5","eeg_tleft_sampent_full_change_precond;eeg_tleft_halpha_mean_full_change_precond;gsr_skin_conductance_eda_tonic_mean_nk_full_change_precond;pupil_dilation_sd_full_change_precond;eeg_tright_halpha_mean_full_change_precond"
2025-11-26 17:45:51.72043,1,"stress_label",5,8,0.0078125,0.634615384615385,0.621794871794872,0.596581196581197,5,"top5","eeg_tleft_sampent_full_change_precond;eeg_tleft_halpha_mean_full_change_precond;gsr_skin_conductance_eda_tonic_mean_nk_full_change_precond;pupil_dilation_sd_full_change_precond;eeg_tright_halpha_mean_full_change_precond"
2025-11-26 17:45:52.37167,1,"stress_label",5,16,0.0078125,0.621794871794872,0.628205128205128,0.585470085470085,5,"top5","eeg_tleft_sampent_full_change_precond;eeg_tleft_halpha_mean_full_change_precond;gsr_skin_conductance_eda_tonic_mean_nk_full_change_precond;pupil_dilation_sd_full_change_precond;eeg_tright_halpha_mean_full_change_precond"
2025-11-26 17:45:52.991411,1,"stress_label",5,32,0.0078125,0.621794871794872,0.641025641025641,0.58034188034188,5,"top5","eeg_tleft_sampent_full_change_precond;eeg_tleft_halpha_mean_full_change_precond;gsr_skin_conductance_eda_tonic_mean_nk_full_change_precond;pupil_dilation_sd_full_change_precond;eeg_tright_halpha_mean_full_change_precond"
2025-11-26 17:45:53.759808,1,"stress_label",5,64,0.0078125,0.615384615384615,0.634615384615385,0.573504273504273,5,"top5","eeg_tleft_sampent_full_change_precond;eeg_tleft_halpha_mean_full_change_precond;gsr_skin_conductance_eda_tonic_mean_nk_full_change_precond;pupil_dilation_sd_full_change_precond;eeg_tright_halpha_mean_full_change_precond"
2025-11-26 17:45:54.574147,1,"stress_label",5,128,0.0078125,0.615384615384615,0.673076923076923,0.570940170940171,5,"top5","eeg_tleft_sampent_full_change_precond;eeg_tleft_halpha_mean_full_change_precond;gsr_skin_conductance_eda_tonic_mean_nk_full_change_precond;pupil_dilation_sd_full_change_precond;eeg_tright_halpha_mean_full_change_precond"
2025-11-26 17:45:55.447376,1,"stress_label",5,256,0.0078125,0.608974358974359,0.673076923076923,NA,5,"top5","eeg_tleft_sampent_full_change_precond;eeg_tleft_halpha_mean_full_change_precond;gsr_skin_conductance_eda_tonic_mean_nk_full_change_precond;pupil_dilation_sd_full_change_precond;eeg_tright_halpha_mean_full_change_precond"
2025-11-26 17:45:56.230456,1,"stress_label",5,2,0.015625,0.634615384615385,0.634615384615385,0.563247863247863,5,"top5","eeg_tleft_sampent_full_change_precond;eeg_tleft_halpha_mean_full_change_precond;gsr_skin_conductance_eda_tonic_mean_nk_full_change_precond;pupil_dilation_sd_full_change_precond;eeg_tright_halpha_mean_full_change_precond"
2025-11-26 17:45:57.029314,1,"stress_label",5,4,0.015625,0.634615384615385,0.615384615384615,0.571794871794872,5,"top5","eeg_tleft_sampent_full_change_precond;eeg_tleft_halpha_mean_full_change_precond;gsr_skin_conductance_eda_tonic_mean_nk_full_change_precond;pupil_dilation_sd_full_change_precond;eeg_tright_halpha_mean_full_change_precond"
2025-11-26 17:45:57.843282,1,"stress_label",5,8,0.015625,0.634615384615385,0.634615384615385,0.58974358974359,5,"top5","eeg_tleft_sampent_full_change_precond;eeg_tleft_halpha_mean_full_change_precond;gsr_skin_conductance_eda_tonic_mean_nk_full_change_precond;pupil_dilation_sd_full_change_precond;eeg_tright_halpha_mean_full_change_precond"
2025-11-26 17:45:58.69805,1,"stress_label",5,16,0.015625,0.621794871794872,0.628205128205128,0.571794871794872,5,"top5","eeg_tleft_sampent_full_change_precond;eeg_tleft_halpha_mean_full_change_precond;gsr_skin_conductance_eda_tonic_mean_nk_full_change_precond;pupil_dilation_sd_full_change_precond;eeg_tright_halpha_mean_full_change_precond"
2025-11-26 17:45:59.507079,1,"stress_label",5,32,0.015625,0.621794871794872,0.666666666666667,0.569230769230769,5,"top5","eeg_tleft_sampent_full_change_precond;eeg_tleft_halpha_mean_full_change_precond;gsr_skin_conductance_eda_tonic_mean_nk_full_change_precond;pupil_dilation_sd_full_change_precond;eeg_tright_halpha_mean_full_change_precond"
2025-11-26 17:46:00.335003,1,"stress_label",5,64,0.015625,0.608974358974359,0.673076923076923,NA,5,"top5","eeg_tleft_sampent_full_change_precond;eeg_tleft_halpha_mean_full_change_precond;gsr_skin_conductance_eda_tonic_mean_nk_full_change_precond;pupil_dilation_sd_full_change_precond;eeg_tright_halpha_mean_full_change_precond"
2025-11-26 17:46:01.198282,1,"stress_label",5,128,0.015625,0.58974358974359,0.666666666666667,0.569230769230769,5,"top5","eeg_tleft_sampent_full_change_precond;eeg_tleft_halpha_mean_full_change_precond;gsr_skin_conductance_eda_tonic_mean_nk_full_change_precond;pupil_dilation_sd_full_change_precond;eeg_tright_halpha_mean_full_change_precond"
2025-11-26 17:46:02.164536,1,"stress_label",5,256,0.015625,0.57051282051282,0.634615384615385,NA,5,"top5","eeg_tleft_sampent_full_change_precond;eeg_tleft_halpha_mean_full_change_precond;gsr_skin_conductance_eda_tonic_mean_nk_full_change_precond;pupil_dilation_sd_full_change_precond;eeg_tright_halpha_mean_full_change_precond"
2025-11-26 17:46:02.936022,1,"stress_label",5,2,0.03125,0.628205128205128,0.641025641025641,0.558974358974359,5,"top5","eeg_tleft_sampent_full_change_precond;eeg_tleft_halpha_mean_full_change_precond;gsr_skin_conductance_eda_tonic_mean_nk_full_change_precond;pupil_dilation_sd_full_change_precond;eeg_tright_halpha_mean_full_change_precond"
2025-11-26 17:46:03.70775,1,"stress_label",5,4,0.03125,0.628205128205128,0.641025641025641,0.582051282051282,5,"top5","eeg_tleft_sampent_full_change_precond;eeg_tleft_halpha_mean_full_change_precond;gsr_skin_conductance_eda_tonic_mean_nk_full_change_precond;pupil_dilation_sd_full_change_precond;eeg_tright_halpha_mean_full_change_precond"
2025-11-26 17:46:04.525098,1,"stress_label",5,8,0.03125,0.615384615384615,0.653846153846154,0.560683760683761,5,"top5","eeg_tleft_sampent_full_change_precond;eeg_tleft_halpha_mean_full_change_precond;gsr_skin_conductance_eda_tonic_mean_nk_full_change_precond;pupil_dilation_sd_full_change_precond;eeg_tright_halpha_mean_full_change_precond"
2025-11-26 17:46:05.307479,1,"stress_label",5,16,0.03125,0.602564102564103,0.673076923076923,NA,5,"top5","eeg_tleft_sampent_full_change_precond;eeg_tleft_halpha_mean_full_change_precond;gsr_skin_conductance_eda_tonic_mean_nk_full_change_precond;pupil_dilation_sd_full_change_precond;eeg_tright_halpha_mean_full_change_precond"
2025-11-26 17:46:06.165598,1,"stress_label",5,32,0.03125,0.583333333333333,0.653846153846154,0.560683760683761,5,"top5","eeg_tleft_sampent_full_change_precond;eeg_tleft_halpha_mean_full_change_precond;gsr_skin_conductance_eda_tonic_mean_nk_full_change_precond;pupil_dilation_sd_full_change_precond;eeg_tright_halpha_mean_full_change_precond"
2025-11-26 17:46:07.052081,1,"stress_label",5,64,0.03125,0.583333333333333,0.641025641025641,0.562393162393162,5,"top5","eeg_tleft_sampent_full_change_precond;eeg_tleft_halpha_mean_full_change_precond;gsr_skin_conductance_eda_tonic_mean_nk_full_change_precond;pupil_dilation_sd_full_change_precond;eeg_tright_halpha_mean_full_change_precond"
2025-11-26 17:46:07.97359,1,"stress_label",5,128,0.03125,0.557692307692308,0.608974358974359,NA,5,"top5","eeg_tleft_sampent_full_change_precond;eeg_tleft_halpha_mean_full_change_precond;gsr_skin_conductance_eda_tonic_mean_nk_full_change_precond;pupil_dilation_sd_full_change_precond;eeg_tright_halpha_mean_full_change_precond"
2025-11-26 17:46:08.985983,1,"stress_label",5,256,0.03125,0.557692307692308,0.596153846153846,NA,5,"top5","eeg_tleft_sampent_full_change_precond;eeg_tleft_halpha_mean_full_change_precond;gsr_skin_conductance_eda_tonic_mean_nk_full_change_precond;pupil_dilation_sd_full_change_precond;eeg_tright_halpha_mean_full_change_precond"
2025-11-26 17:46:09.938301,1,"stress_label",5,2,0.0625,0.608974358974359,0.634615384615385,0.552136752136752,5,"top5","eeg_tleft_sampent_full_change_precond;eeg_tleft_halpha_mean_full_change_precond;gsr_skin_conductance_eda_tonic_mean_nk_full_change_precond;pupil_dilation_sd_full_change_precond;eeg_tright_halpha_mean_full_change_precond"
2025-11-26 17:46:10.591119,1,"stress_label",5,4,0.0625,0.621794871794872,0.66025641025641,NA,5,"top5","eeg_tleft_sampent_full_change_precond;eeg_tleft_halpha_mean_full_change_precond;gsr_skin_conductance_eda_tonic_mean_nk_full_change_precond;pupil_dilation_sd_full_change_precond;eeg_tright_halpha_mean_full_change_precond"
2025-11-26 17:46:11.311666,1,"stress_label",5,8,0.0625,0.583333333333333,0.641025641025641,0.555555555555556,5,"top5","eeg_tleft_sampent_full_change_precond;eeg_tleft_halpha_mean_full_change_precond;gsr_skin_conductance_eda_tonic_mean_nk_full_change_precond;pupil_dilation_sd_full_change_precond;eeg_tright_halpha_mean_full_change_precond"
2025-11-26 17:46:12.08262,1,"stress_label",5,16,0.0625,0.58974358974359,0.647435897435897,0.577777777777778,5,"top5","eeg_tleft_sampent_full_change_precond;eeg_tleft_halpha_mean_full_change_precond;gsr_skin_conductance_eda_tonic_mean_nk_full_change_precond;pupil_dilation_sd_full_change_precond;eeg_tright_halpha_mean_full_change_precond"
2025-11-26 17:46:12.898189,1,"stress_label",5,32,0.0625,0.57051282051282,0.615384615384615,0.558119658119658,5,"top5","eeg_tleft_sampent_full_change_precond;eeg_tleft_halpha_mean_full_change_precond;gsr_skin_conductance_eda_tonic_mean_nk_full_change_precond;pupil_dilation_sd_full_change_precond;eeg_tright_halpha_mean_full_change_precond"
2025-11-26 17:46:13.752037,1,"stress_label",5,64,0.0625,0.58974358974359,0.596153846153846,NA,5,"top5","eeg_tleft_sampent_full_change_precond;eeg_tleft_halpha_mean_full_change_precond;gsr_skin_conductance_eda_tonic_mean_nk_full_change_precond;pupil_dilation_sd_full_change_precond;eeg_tright_halpha_mean_full_change_precond"
2025-11-26 17:46:14.807831,1,"stress_label",5,128,0.0625,0.544871794871795,0.602564102564103,NA,5,"top5","eeg_tleft_sampent_full_change_precond;eeg_tleft_halpha_mean_full_change_precond;gsr_skin_conductance_eda_tonic_mean_nk_full_change_precond;pupil_dilation_sd_full_change_precond;eeg_tright_halpha_mean_full_change_precond"
2025-11-26 17:46:15.971375,1,"stress_label",5,256,0.0625,0.525641025641026,0.519230769230769,NA,5,"top5","eeg_tleft_sampent_full_change_precond;eeg_tleft_halpha_mean_full_change_precond;gsr_skin_conductance_eda_tonic_mean_nk_full_change_precond;pupil_dilation_sd_full_change_precond;eeg_tright_halpha_mean_full_change_precond"
2025-11-26 17:46:16.685718,1,"stress_label",5,2,0.125,0.576923076923077,0.634615384615385,0.547008547008547,5,"top5","eeg_tleft_sampent_full_change_precond;eeg_tleft_halpha_mean_full_change_precond;gsr_skin_conductance_eda_tonic_mean_nk_full_change_precond;pupil_dilation_sd_full_change_precond;eeg_tright_halpha_mean_full_change_precond"
2025-11-26 17:46:17.389378,1,"stress_label",5,4,0.125,0.583333333333333,0.634615384615385,NA,5,"top5","eeg_tleft_sampent_full_change_precond;eeg_tleft_halpha_mean_full_change_precond;gsr_skin_conductance_eda_tonic_mean_nk_full_change_precond;pupil_dilation_sd_full_change_precond;eeg_tright_halpha_mean_full_change_precond"
2025-11-26 17:46:18.057763,1,"stress_label",5,8,0.125,0.596153846153846,0.58974358974359,NA,5,"top5","eeg_tleft_sampent_full_change_precond;eeg_tleft_halpha_mean_full_change_precond;gsr_skin_conductance_eda_tonic_mean_nk_full_change_precond;pupil_dilation_sd_full_change_precond;eeg_tright_halpha_mean_full_change_precond"
2025-11-26 17:46:18.873602,1,"stress_label",5,16,0.125,0.557692307692308,0.583333333333333,NA,5,"top5","eeg_tleft_sampent_full_change_precond;eeg_tleft_halpha_mean_full_change_precond;gsr_skin_conductance_eda_tonic_mean_nk_full_change_precond;pupil_dilation_sd_full_change_precond;eeg_tright_halpha_mean_full_change_precond"
2025-11-26 17:46:19.680648,1,"stress_label",5,32,0.125,0.551282051282051,0.557692307692308,0.543589743589744,5,"top5","eeg_tleft_sampent_full_change_precond;eeg_tleft_halpha_mean_full_change_precond;gsr_skin_conductance_eda_tonic_mean_nk_full_change_precond;pupil_dilation_sd_full_change_precond;eeg_tright_halpha_mean_full_change_precond"
2025-11-26 17:46:20.708198,1,"stress_label",5,64,0.125,0.551282051282051,0.583333333333333,NA,5,"top5","eeg_tleft_sampent_full_change_precond;eeg_tleft_halpha_mean_full_change_precond;gsr_skin_conductance_eda_tonic_mean_nk_full_change_precond;pupil_dilation_sd_full_change_precond;eeg_tright_halpha_mean_full_change_precond"
2025-11-26 17:46:21.898613,1,"stress_label",5,128,0.125,0.538461538461538,0.544871794871795,NA,5,"top5","eeg_tleft_sampent_full_change_precond;eeg_tleft_halpha_mean_full_change_precond;gsr_skin_conductance_eda_tonic_mean_nk_full_change_precond;pupil_dilation_sd_full_change_precond;eeg_tright_halpha_mean_full_change_precond"
2025-11-26 17:46:23.489588,1,"stress_label",5,256,0.125,0.544871794871795,0.532051282051282,NA,5,"top5","eeg_tleft_sampent_full_change_precond;eeg_tleft_halpha_mean_full_change_precond;gsr_skin_conductance_eda_tonic_mean_nk_full_change_precond;pupil_dilation_sd_full_change_precond;eeg_tright_halpha_mean_full_change_precond"
2025-11-26 17:46:24.251786,1,"stress_label",5,2,0.03,0.628205128205128,0.634615384615385,0.558974358974359,5,"top5","eeg_tleft_sampent_full_change_precond;eeg_tleft_halpha_mean_full_change_precond;gsr_skin_conductance_eda_tonic_mean_nk_full_change_precond;pupil_dilation_sd_full_change_precond;eeg_tright_halpha_mean_full_change_precond"
2025-11-26 17:46:25.015854,1,"stress_label",5,4,0.03,0.628205128205128,0.641025641025641,0.576068376068376,5,"top5","eeg_tleft_sampent_full_change_precond;eeg_tleft_halpha_mean_full_change_precond;gsr_skin_conductance_eda_tonic_mean_nk_full_change_precond;pupil_dilation_sd_full_change_precond;eeg_tright_halpha_mean_full_change_precond"
2025-11-26 17:46:25.771029,1,"stress_label",5,8,0.03,0.615384615384615,0.653846153846154,0.560683760683761,5,"top5","eeg_tleft_sampent_full_change_precond;eeg_tleft_halpha_mean_full_change_precond;gsr_skin_conductance_eda_tonic_mean_nk_full_change_precond;pupil_dilation_sd_full_change_precond;eeg_tright_halpha_mean_full_change_precond"
2025-11-26 17:46:26.44337,1,"stress_label",5,16,0.03,0.602564102564103,0.673076923076923,NA,5,"top5","eeg_tleft_sampent_full_change_precond;eeg_tleft_halpha_mean_full_change_precond;gsr_skin_conductance_eda_tonic_mean_nk_full_change_precond;pupil_dilation_sd_full_change_precond;eeg_tright_halpha_mean_full_change_precond"
2025-11-26 17:46:27.125808,1,"stress_label",5,32,0.03,0.596153846153846,0.666666666666667,0.57008547008547,5,"top5","eeg_tleft_sampent_full_change_precond;eeg_tleft_halpha_mean_full_change_precond;gsr_skin_conductance_eda_tonic_mean_nk_full_change_precond;pupil_dilation_sd_full_change_precond;eeg_tright_halpha_mean_full_change_precond"
2025-11-26 17:46:27.94155,1,"stress_label",5,64,0.03,0.576923076923077,0.641025641025641,0.558119658119658,5,"top5","eeg_tleft_sampent_full_change_precond;eeg_tleft_halpha_mean_full_change_precond;gsr_skin_conductance_eda_tonic_mean_nk_full_change_precond;pupil_dilation_sd_full_change_precond;eeg_tright_halpha_mean_full_change_precond"
2025-11-26 17:46:28.859097,1,"stress_label",5,128,0.03,0.551282051282051,0.615384615384615,NA,5,"top5","eeg_tleft_sampent_full_change_precond;eeg_tleft_halpha_mean_full_change_precond;gsr_skin_conductance_eda_tonic_mean_nk_full_change_precond;pupil_dilation_sd_full_change_precond;eeg_tright_halpha_mean_full_change_precond"
2025-11-26 17:46:29.922542,1,"stress_label",5,256,0.03,0.557692307692308,0.602564102564103,NA,5,"top5","eeg_tleft_sampent_full_change_precond;eeg_tleft_halpha_mean_full_change_precond;gsr_skin_conductance_eda_tonic_mean_nk_full_change_precond;pupil_dilation_sd_full_change_precond;eeg_tright_halpha_mean_full_change_precond"
2025-11-26 17:46:30.694684,1,"stress_label",5,2,0.06,0.608974358974359,0.641025641025641,0.552136752136752,5,"top5","eeg_tleft_sampent_full_change_precond;eeg_tleft_halpha_mean_full_change_precond;gsr_skin_conductance_eda_tonic_mean_nk_full_change_precond;pupil_dilation_sd_full_change_precond;eeg_tright_halpha_mean_full_change_precond"
2025-11-26 17:46:31.477044,1,"stress_label",5,4,0.06,0.621794871794872,0.66025641025641,NA,5,"top5","eeg_tleft_sampent_full_change_precond;eeg_tleft_halpha_mean_full_change_precond;gsr_skin_conductance_eda_tonic_mean_nk_full_change_precond;pupil_dilation_sd_full_change_precond;eeg_tright_halpha_mean_full_change_precond"
2025-11-26 17:46:32.206488,1,"stress_label",5,8,0.06,0.58974358974359,0.641025641025641,0.560683760683761,5,"top5","eeg_tleft_sampent_full_change_precond;eeg_tleft_halpha_mean_full_change_precond;gsr_skin_conductance_eda_tonic_mean_nk_full_change_precond;pupil_dilation_sd_full_change_precond;eeg_tright_halpha_mean_full_change_precond"
2025-11-26 17:46:33.005358,1,"stress_label",5,16,0.06,0.583333333333333,0.641025641025641,0.562393162393162,5,"top5","eeg_tleft_sampent_full_change_precond;eeg_tleft_halpha_mean_full_change_precond;gsr_skin_conductance_eda_tonic_mean_nk_full_change_precond;pupil_dilation_sd_full_change_precond;eeg_tright_halpha_mean_full_change_precond"
2025-11-26 17:46:33.866915,1,"stress_label",5,32,0.06,0.564102564102564,0.621794871794872,0.553846153846154,5,"top5","eeg_tleft_sampent_full_change_precond;eeg_tleft_halpha_mean_full_change_precond;gsr_skin_conductance_eda_tonic_mean_nk_full_change_precond;pupil_dilation_sd_full_change_precond;eeg_tright_halpha_mean_full_change_precond"
2025-11-26 17:46:34.798622,1,"stress_label",5,64,0.06,0.583333333333333,0.564102564102564,NA,5,"top5","eeg_tleft_sampent_full_change_precond;eeg_tleft_halpha_mean_full_change_precond;gsr_skin_conductance_eda_tonic_mean_nk_full_change_precond;pupil_dilation_sd_full_change_precond;eeg_tright_halpha_mean_full_change_precond"
2025-11-26 17:46:35.840937,1,"stress_label",5,128,0.06,0.551282051282051,0.57051282051282,NA,5,"top5","eeg_tleft_sampent_full_change_precond;eeg_tleft_halpha_mean_full_change_precond;gsr_skin_conductance_eda_tonic_mean_nk_full_change_precond;pupil_dilation_sd_full_change_precond;eeg_tright_halpha_mean_full_change_precond"
2025-11-26 17:46:36.844004,1,"stress_label",5,256,0.06,0.525641025641026,0.564102564102564,0.509401709401709,5,"top5","eeg_tleft_sampent_full_change_precond;eeg_tleft_halpha_mean_full_change_precond;gsr_skin_conductance_eda_tonic_mean_nk_full_change_precond;pupil_dilation_sd_full_change_precond;eeg_tright_halpha_mean_full_change_precond"
2025-11-26 17:46:37.516736,1,"stress_label",5,2,0.1,0.58974358974359,0.634615384615385,NA,5,"top5","eeg_tleft_sampent_full_change_precond;eeg_tleft_halpha_mean_full_change_precond;gsr_skin_conductance_eda_tonic_mean_nk_full_change_precond;pupil_dilation_sd_full_change_precond;eeg_tright_halpha_mean_full_change_precond"
2025-11-26 17:46:38.275105,1,"stress_label",5,4,0.1,0.596153846153846,0.647435897435897,0.57948717948718,5,"top5","eeg_tleft_sampent_full_change_precond;eeg_tleft_halpha_mean_full_change_precond;gsr_skin_conductance_eda_tonic_mean_nk_full_change_precond;pupil_dilation_sd_full_change_precond;eeg_tright_halpha_mean_full_change_precond"
2025-11-26 17:46:39.051618,1,"stress_label",5,8,0.1,0.564102564102564,0.628205128205128,0.547863247863248,5,"top5","eeg_tleft_sampent_full_change_precond;eeg_tleft_halpha_mean_full_change_precond;gsr_skin_conductance_eda_tonic_mean_nk_full_change_precond;pupil_dilation_sd_full_change_precond;eeg_tright_halpha_mean_full_change_precond"
2025-11-26 17:46:39.842222,1,"stress_label",5,16,0.1,0.602564102564103,0.57051282051282,NA,5,"top5","eeg_tleft_sampent_full_change_precond;eeg_tleft_halpha_mean_full_change_precond;gsr_skin_conductance_eda_tonic_mean_nk_full_change_precond;pupil_dilation_sd_full_change_precond;eeg_tright_halpha_mean_full_change_precond"
2025-11-26 17:46:40.702132,1,"stress_label",5,32,0.1,0.544871794871795,0.58974358974359,NA,5,"top5","eeg_tleft_sampent_full_change_precond;eeg_tleft_halpha_mean_full_change_precond;gsr_skin_conductance_eda_tonic_mean_nk_full_change_precond;pupil_dilation_sd_full_change_precond;eeg_tright_halpha_mean_full_change_precond"
2025-11-26 17:46:41.673197,1,"stress_label",5,64,0.1,0.538461538461538,0.57051282051282,0.52991452991453,5,"top5","eeg_tleft_sampent_full_change_precond;eeg_tleft_halpha_mean_full_change_precond;gsr_skin_conductance_eda_tonic_mean_nk_full_change_precond;pupil_dilation_sd_full_change_precond;eeg_tright_halpha_mean_full_change_precond"
2025-11-26 17:46:42.726286,1,"stress_label",5,128,0.1,0.551282051282051,0.564102564102564,NA,5,"top5","eeg_tleft_sampent_full_change_precond;eeg_tleft_halpha_mean_full_change_precond;gsr_skin_conductance_eda_tonic_mean_nk_full_change_precond;pupil_dilation_sd_full_change_precond;eeg_tright_halpha_mean_full_change_precond"
2025-11-26 17:46:44.302201,1,"stress_label",5,256,0.1,0.544871794871795,0.538461538461538,NA,5,"top5","eeg_tleft_sampent_full_change_precond;eeg_tleft_halpha_mean_full_change_precond;gsr_skin_conductance_eda_tonic_mean_nk_full_change_precond;pupil_dilation_sd_full_change_precond;eeg_tright_halpha_mean_full_change_precond"
2025-11-26 17:46:45.455826,2,"stress_label",20,2,0.0078125,0.551282051282051,0.647435897435897,0.531623931623932,20,"top20","eeg_tleft_sampent_full_change_precond;eeg_c_theta_mean_full_change_precond;eeg_tleft_halpha_mean_full_change_precond;pupil_dilation_sd_full_change_precond;gsr_skin_conductance_eda_tonic_mean_nk_full_change_precond;eeg_t_sampent_full_change_precond;eeg_pright_sampent_full_change_precond;hr_heartrate_bpm_mean_abs_full_change_precond;eeg_tleft_lalpha_mean_full_change_precond;eeg_fl_hbeta_mean_full_change_precond;hrv_rmssd_full_change_precond;pupil_asymmetry_full_change_precond;eeg_tright_halpha_mean_full_change_precond;eeg_fr_sampent_full_change_precond;eeg_fm_theta_mean_full_change_precond;eeg_pleft_lbeta_mean_full_change_precond;eeg_c_specent_full_change_precond;eeg_pleft_halpha_mean_full_change_precond;eeg_c_sampent_full_change_precond;gsr_skin_conductance_eda_pkrate_nk_full_change_precond"
2025-11-26 17:46:46.450135,2,"stress_label",20,4,0.0078125,0.557692307692308,0.628205128205128,0.541025641025641,20,"top20","eeg_tleft_sampent_full_change_precond;eeg_c_theta_mean_full_change_precond;eeg_tleft_halpha_mean_full_change_precond;pupil_dilation_sd_full_change_precond;gsr_skin_conductance_eda_tonic_mean_nk_full_change_precond;eeg_t_sampent_full_change_precond;eeg_pright_sampent_full_change_precond;hr_heartrate_bpm_mean_abs_full_change_precond;eeg_tleft_lalpha_mean_full_change_precond;eeg_fl_hbeta_mean_full_change_precond;hrv_rmssd_full_change_precond;pupil_asymmetry_full_change_precond;eeg_tright_halpha_mean_full_change_precond;eeg_fr_sampent_full_change_precond;eeg_fm_theta_mean_full_change_precond;eeg_pleft_lbeta_mean_full_change_precond;eeg_c_specent_full_change_precond;eeg_pleft_halpha_mean_full_change_precond;eeg_c_sampent_full_change_precond;gsr_skin_conductance_eda_pkrate_nk_full_change_precond"
2025-11-26 17:46:47.523441,2,"stress_label",20,8,0.0078125,0.557692307692308,0.647435897435897,0.547863247863248,20,"top20","eeg_tleft_sampent_full_change_precond;eeg_c_theta_mean_full_change_precond;eeg_tleft_halpha_mean_full_change_precond;pupil_dilation_sd_full_change_precond;gsr_skin_conductance_eda_tonic_mean_nk_full_change_precond;eeg_t_sampent_full_change_precond;eeg_pright_sampent_full_change_precond;hr_heartrate_bpm_mean_abs_full_change_precond;eeg_tleft_lalpha_mean_full_change_precond;eeg_fl_hbeta_mean_full_change_precond;hrv_rmssd_full_change_precond;pupil_asymmetry_full_change_precond;eeg_tright_halpha_mean_full_change_precond;eeg_fr_sampent_full_change_precond;eeg_fm_theta_mean_full_change_precond;eeg_pleft_lbeta_mean_full_change_precond;eeg_c_specent_full_change_precond;eeg_pleft_halpha_mean_full_change_precond;eeg_c_sampent_full_change_precond;gsr_skin_conductance_eda_pkrate_nk_full_change_precond"
2025-11-26 17:46:48.602142,2,"stress_label",20,16,0.0078125,0.576923076923077,0.621794871794872,0.567521367521368,20,"top20","eeg_tleft_sampent_full_change_precond;eeg_c_theta_mean_full_change_precond;eeg_tleft_halpha_mean_full_change_precond;pupil_dilation_sd_full_change_precond;gsr_skin_conductance_eda_tonic_mean_nk_full_change_precond;eeg_t_sampent_full_change_precond;eeg_pright_sampent_full_change_precond;hr_heartrate_bpm_mean_abs_full_change_precond;eeg_tleft_lalpha_mean_full_change_precond;eeg_fl_hbeta_mean_full_change_precond;hrv_rmssd_full_change_precond;pupil_asymmetry_full_change_precond;eeg_tright_halpha_mean_full_change_precond;eeg_fr_sampent_full_change_precond;eeg_fm_theta_mean_full_change_precond;eeg_pleft_lbeta_mean_full_change_precond;eeg_c_specent_full_change_precond;eeg_pleft_halpha_mean_full_change_precond;eeg_c_sampent_full_change_precond;gsr_skin_conductance_eda_pkrate_nk_full_change_precond"
2025-11-26 17:46:49.766475,2,"stress_label",20,32,0.0078125,0.58974358974359,0.634615384615385,0.593162393162393,20,"top20","eeg_tleft_sampent_full_change_precond;eeg_c_theta_mean_full_change_precond;eeg_tleft_halpha_mean_full_change_precond;pupil_dilation_sd_full_change_precond;gsr_skin_conductance_eda_tonic_mean_nk_full_change_precond;eeg_t_sampent_full_change_precond;eeg_pright_sampent_full_change_precond;hr_heartrate_bpm_mean_abs_full_change_precond;eeg_tleft_lalpha_mean_full_change_precond;eeg_fl_hbeta_mean_full_change_precond;hrv_rmssd_full_change_precond;pupil_asymmetry_full_change_precond;eeg_tright_halpha_mean_full_change_precond;eeg_fr_sampent_full_change_precond;eeg_fm_theta_mean_full_change_precond;eeg_pleft_lbeta_mean_full_change_precond;eeg_c_specent_full_change_precond;eeg_pleft_halpha_mean_full_change_precond;eeg_c_sampent_full_change_precond;gsr_skin_conductance_eda_pkrate_nk_full_change_precond"
2025-11-26 17:46:50.809796,2,"stress_label",20,64,0.0078125,0.557692307692308,0.583333333333333,NA,20,"top20","eeg_tleft_sampent_full_change_precond;eeg_c_theta_mean_full_change_precond;eeg_tleft_halpha_mean_full_change_precond;pupil_dilation_sd_full_change_precond;gsr_skin_conductance_eda_tonic_mean_nk_full_change_precond;eeg_t_sampent_full_change_precond;eeg_pright_sampent_full_change_precond;hr_heartrate_bpm_mean_abs_full_change_precond;eeg_tleft_lalpha_mean_full_change_precond;eeg_fl_hbeta_mean_full_change_precond;hrv_rmssd_full_change_precond;pupil_asymmetry_full_change_precond;eeg_tright_halpha_mean_full_change_precond;eeg_fr_sampent_full_change_precond;eeg_fm_theta_mean_full_change_precond;eeg_pleft_lbeta_mean_full_change_precond;eeg_c_specent_full_change_precond;eeg_pleft_halpha_mean_full_change_precond;eeg_c_sampent_full_change_precond;gsr_skin_conductance_eda_pkrate_nk_full_change_precond"
2025-11-26 17:46:52.114017,2,"stress_label",20,128,0.0078125,0.512820512820513,0.544871794871795,0.48974358974359,20,"top20","eeg_tleft_sampent_full_change_precond;eeg_c_theta_mean_full_change_precond;eeg_tleft_halpha_mean_full_change_precond;pupil_dilation_sd_full_change_precond;gsr_skin_conductance_eda_tonic_mean_nk_full_change_precond;eeg_t_sampent_full_change_precond;eeg_pright_sampent_full_change_precond;hr_heartrate_bpm_mean_abs_full_change_precond;eeg_tleft_lalpha_mean_full_change_precond;eeg_fl_hbeta_mean_full_change_precond;hrv_rmssd_full_change_precond;pupil_asymmetry_full_change_precond;eeg_tright_halpha_mean_full_change_precond;eeg_fr_sampent_full_change_precond;eeg_fm_theta_mean_full_change_precond;eeg_pleft_lbeta_mean_full_change_precond;eeg_c_specent_full_change_precond;eeg_pleft_halpha_mean_full_change_precond;eeg_c_sampent_full_change_precond;gsr_skin_conductance_eda_pkrate_nk_full_change_precond"
2025-11-26 17:46:53.657977,2,"stress_label",20,256,0.0078125,0.551282051282051,0.525641025641026,0.541880341880342,20,"top20","eeg_tleft_sampent_full_change_precond;eeg_c_theta_mean_full_change_precond;eeg_tleft_halpha_mean_full_change_precond;pupil_dilation_sd_full_change_precond;gsr_skin_conductance_eda_tonic_mean_nk_full_change_precond;eeg_t_sampent_full_change_precond;eeg_pright_sampent_full_change_precond;hr_heartrate_bpm_mean_abs_full_change_precond;eeg_tleft_lalpha_mean_full_change_precond;eeg_fl_hbeta_mean_full_change_precond;hrv_rmssd_full_change_precond;pupil_asymmetry_full_change_precond;eeg_tright_halpha_mean_full_change_precond;eeg_fr_sampent_full_change_precond;eeg_fm_theta_mean_full_change_precond;eeg_pleft_lbeta_mean_full_change_precond;eeg_c_specent_full_change_precond;eeg_pleft_halpha_mean_full_change_precond;eeg_c_sampent_full_change_precond;gsr_skin_conductance_eda_pkrate_nk_full_change_precond"
2025-11-26 17:46:54.551818,2,"stress_label",20,2,0.015625,0.551282051282051,0.602564102564103,NA,20,"top20","eeg_tleft_sampent_full_change_precond;eeg_c_theta_mean_full_change_precond;eeg_tleft_halpha_mean_full_change_precond;pupil_dilation_sd_full_change_precond;gsr_skin_conductance_eda_tonic_mean_nk_full_change_precond;eeg_t_sampent_full_change_precond;eeg_pright_sampent_full_change_precond;hr_heartrate_bpm_mean_abs_full_change_precond;eeg_tleft_lalpha_mean_full_change_precond;eeg_fl_hbeta_mean_full_change_precond;hrv_rmssd_full_change_precond;pupil_asymmetry_full_change_precond;eeg_tright_halpha_mean_full_change_precond;eeg_fr_sampent_full_change_precond;eeg_fm_theta_mean_full_change_precond;eeg_pleft_lbeta_mean_full_change_precond;eeg_c_specent_full_change_precond;eeg_pleft_halpha_mean_full_change_precond;eeg_c_sampent_full_change_precond;gsr_skin_conductance_eda_pkrate_nk_full_change_precond"
2025-11-26 17:46:55.545787,2,"stress_label",20,4,0.015625,0.557692307692308,0.615384615384615,0.538461538461538,20,"top20","eeg_tleft_sampent_full_change_precond;eeg_c_theta_mean_full_change_precond;eeg_tleft_halpha_mean_full_change_precond;pupil_dilation_sd_full_change_precond;gsr_skin_conductance_eda_tonic_mean_nk_full_change_precond;eeg_t_sampent_full_change_precond;eeg_pright_sampent_full_change_precond;hr_heartrate_bpm_mean_abs_full_change_precond;eeg_tleft_lalpha_mean_full_change_precond;eeg_fl_hbeta_mean_full_change_precond;hrv_rmssd_full_change_precond;pupil_asymmetry_full_change_precond;eeg_tright_halpha_mean_full_change_precond;eeg_fr_sampent_full_change_precond;eeg_fm_theta_mean_full_change_precond;eeg_pleft_lbeta_mean_full_change_precond;eeg_c_specent_full_change_precond;eeg_pleft_halpha_mean_full_change_precond;eeg_c_sampent_full_change_precond;gsr_skin_conductance_eda_pkrate_nk_full_change_precond"
2025-11-26 17:46:56.648116,2,"stress_label",20,8,0.015625,0.583333333333333,0.621794871794872,NA,20,"top20","eeg_tleft_sampent_full_change_precond;eeg_c_theta_mean_full_change_precond;eeg_tleft_halpha_mean_full_change_precond;pupil_dilation_sd_full_change_precond;gsr_skin_conductance_eda_tonic_mean_nk_full_change_precond;eeg_t_sampent_full_change_precond;eeg_pright_sampent_full_change_precond;hr_heartrate_bpm_mean_abs_full_change_precond;eeg_tleft_lalpha_mean_full_change_precond;eeg_fl_hbeta_mean_full_change_precond;hrv_rmssd_full_change_precond;pupil_asymmetry_full_change_precond;eeg_tright_halpha_mean_full_change_precond;eeg_fr_sampent_full_change_precond;eeg_fm_theta_mean_full_change_precond;eeg_pleft_lbeta_mean_full_change_precond;eeg_c_specent_full_change_precond;eeg_pleft_halpha_mean_full_change_precond;eeg_c_sampent_full_change_precond;gsr_skin_conductance_eda_pkrate_nk_full_change_precond"
2025-11-26 17:46:57.757089,2,"stress_label",20,16,0.015625,0.538461538461538,0.583333333333333,0.526495726495727,20,"top20","eeg_tleft_sampent_full_change_precond;eeg_c_theta_mean_full_change_precond;eeg_tleft_halpha_mean_full_change_precond;pupil_dilation_sd_full_change_precond;gsr_skin_conductance_eda_tonic_mean_nk_full_change_precond;eeg_t_sampent_full_change_precond;eeg_pright_sampent_full_change_precond;hr_heartrate_bpm_mean_abs_full_change_precond;eeg_tleft_lalpha_mean_full_change_precond;eeg_fl_hbeta_mean_full_change_precond;hrv_rmssd_full_change_precond;pupil_asymmetry_full_change_precond;eeg_tright_halpha_mean_full_change_precond;eeg_fr_sampent_full_change_precond;eeg_fm_theta_mean_full_change_precond;eeg_pleft_lbeta_mean_full_change_precond;eeg_c_specent_full_change_precond;eeg_pleft_halpha_mean_full_change_precond;eeg_c_sampent_full_change_precond;gsr_skin_conductance_eda_pkrate_nk_full_change_precond"
2025-11-26 17:46:58.903726,2,"stress_label",20,32,0.015625,0.525641025641026,0.519230769230769,NA,20,"top20","eeg_tleft_sampent_full_change_precond;eeg_c_theta_mean_full_change_precond;eeg_tleft_halpha_mean_full_change_precond;pupil_dilation_sd_full_change_precond;gsr_skin_conductance_eda_tonic_mean_nk_full_change_precond;eeg_t_sampent_full_change_precond;eeg_pright_sampent_full_change_precond;hr_heartrate_bpm_mean_abs_full_change_precond;eeg_tleft_lalpha_mean_full_change_precond;eeg_fl_hbeta_mean_full_change_precond;hrv_rmssd_full_change_precond;pupil_asymmetry_full_change_precond;eeg_tright_halpha_mean_full_change_precond;eeg_fr_sampent_full_change_precond;eeg_fm_theta_mean_full_change_precond;eeg_pleft_lbeta_mean_full_change_precond;eeg_c_specent_full_change_precond;eeg_pleft_halpha_mean_full_change_precond;eeg_c_sampent_full_change_precond;gsr_skin_conductance_eda_pkrate_nk_full_change_precond"
2025-11-26 17:47:00.112245,2,"stress_label",20,64,0.015625,0.544871794871795,0.544871794871795,0.537606837606838,20,"top20","eeg_tleft_sampent_full_change_precond;eeg_c_theta_mean_full_change_precond;eeg_tleft_halpha_mean_full_change_precond;pupil_dilation_sd_full_change_precond;gsr_skin_conductance_eda_tonic_mean_nk_full_change_precond;eeg_t_sampent_full_change_precond;eeg_pright_sampent_full_change_precond;hr_heartrate_bpm_mean_abs_full_change_precond;eeg_tleft_lalpha_mean_full_change_precond;eeg_fl_hbeta_mean_full_change_precond;hrv_rmssd_full_change_precond;pupil_asymmetry_full_change_precond;eeg_tright_halpha_mean_full_change_precond;eeg_fr_sampent_full_change_precond;eeg_fm_theta_mean_full_change_precond;eeg_pleft_lbeta_mean_full_change_precond;eeg_c_specent_full_change_precond;eeg_pleft_halpha_mean_full_change_precond;eeg_c_sampent_full_change_precond;gsr_skin_conductance_eda_pkrate_nk_full_change_precond"
2025-11-26 17:47:01.508825,2,"stress_label",20,128,0.015625,0.532051282051282,0.564102564102564,NA,20,"top20","eeg_tleft_sampent_full_change_precond;eeg_c_theta_mean_full_change_precond;eeg_tleft_halpha_mean_full_change_precond;pupil_dilation_sd_full_change_precond;gsr_skin_conductance_eda_tonic_mean_nk_full_change_precond;eeg_t_sampent_full_change_precond;eeg_pright_sampent_full_change_precond;hr_heartrate_bpm_mean_abs_full_change_precond;eeg_tleft_lalpha_mean_full_change_precond;eeg_fl_hbeta_mean_full_change_precond;hrv_rmssd_full_change_precond;pupil_asymmetry_full_change_precond;eeg_tright_halpha_mean_full_change_precond;eeg_fr_sampent_full_change_precond;eeg_fm_theta_mean_full_change_precond;eeg_pleft_lbeta_mean_full_change_precond;eeg_c_specent_full_change_precond;eeg_pleft_halpha_mean_full_change_precond;eeg_c_sampent_full_change_precond;gsr_skin_conductance_eda_pkrate_nk_full_change_precond"
2025-11-26 17:47:02.920577,2,"stress_label",20,256,0.015625,0.532051282051282,0.493589743589744,NA,20,"top20","eeg_tleft_sampent_full_change_precond;eeg_c_theta_mean_full_change_precond;eeg_tleft_halpha_mean_full_change_precond;pupil_dilation_sd_full_change_precond;gsr_skin_conductance_eda_tonic_mean_nk_full_change_precond;eeg_t_sampent_full_change_precond;eeg_pright_sampent_full_change_precond;hr_heartrate_bpm_mean_abs_full_change_precond;eeg_tleft_lalpha_mean_full_change_precond;eeg_fl_hbeta_mean_full_change_precond;hrv_rmssd_full_change_precond;pupil_asymmetry_full_change_precond;eeg_tright_halpha_mean_full_change_precond;eeg_fr_sampent_full_change_precond;eeg_fm_theta_mean_full_change_precond;eeg_pleft_lbeta_mean_full_change_precond;eeg_c_specent_full_change_precond;eeg_pleft_halpha_mean_full_change_precond;eeg_c_sampent_full_change_precond;gsr_skin_conductance_eda_pkrate_nk_full_change_precond"
2025-11-26 17:47:03.931322,2,"stress_label",20,2,0.03125,0.57051282051282,0.608974358974359,0.547008547008547,20,"top20","eeg_tleft_sampent_full_change_precond;eeg_c_theta_mean_full_change_precond;eeg_tleft_halpha_mean_full_change_precond;pupil_dilation_sd_full_change_precond;gsr_skin_conductance_eda_tonic_mean_nk_full_change_precond;eeg_t_sampent_full_change_precond;eeg_pright_sampent_full_change_precond;hr_heartrate_bpm_mean_abs_full_change_precond;eeg_tleft_lalpha_mean_full_change_precond;eeg_fl_hbeta_mean_full_change_precond;hrv_rmssd_full_change_precond;pupil_asymmetry_full_change_precond;eeg_tright_halpha_mean_full_change_precond;eeg_fr_sampent_full_change_precond;eeg_fm_theta_mean_full_change_precond;eeg_pleft_lbeta_mean_full_change_precond;eeg_c_specent_full_change_precond;eeg_pleft_halpha_mean_full_change_precond;eeg_c_sampent_full_change_precond;gsr_skin_conductance_eda_pkrate_nk_full_change_precond"
2025-11-26 17:47:05.025153,2,"stress_label",20,4,0.03125,0.551282051282051,0.576923076923077,0.533333333333333,20,"top20","eeg_tleft_sampent_full_change_precond;eeg_c_theta_mean_full_change_precond;eeg_tleft_halpha_mean_full_change_precond;pupil_dilation_sd_full_change_precond;gsr_skin_conductance_eda_tonic_mean_nk_full_change_precond;eeg_t_sampent_full_change_precond;eeg_pright_sampent_full_change_precond;hr_heartrate_bpm_mean_abs_full_change_precond;eeg_tleft_lalpha_mean_full_change_precond;eeg_fl_hbeta_mean_full_change_precond;hrv_rmssd_full_change_precond;pupil_asymmetry_full_change_precond;eeg_tright_halpha_mean_full_change_precond;eeg_fr_sampent_full_change_precond;eeg_fm_theta_mean_full_change_precond;eeg_pleft_lbeta_mean_full_change_precond;eeg_c_specent_full_change_precond;eeg_pleft_halpha_mean_full_change_precond;eeg_c_sampent_full_change_precond;gsr_skin_conductance_eda_pkrate_nk_full_change_precond"
2025-11-26 17:47:06.180731,2,"stress_label",20,8,0.03125,0.538461538461538,0.532051282051282,NA,20,"top20","eeg_tleft_sampent_full_change_precond;eeg_c_theta_mean_full_change_precond;eeg_tleft_halpha_mean_full_change_precond;pupil_dilation_sd_full_change_precond;gsr_skin_conductance_eda_tonic_mean_nk_full_change_precond;eeg_t_sampent_full_change_precond;eeg_pright_sampent_full_change_precond;hr_heartrate_bpm_mean_abs_full_change_precond;eeg_tleft_lalpha_mean_full_change_precond;eeg_fl_hbeta_mean_full_change_precond;hrv_rmssd_full_change_precond;pupil_asymmetry_full_change_precond;eeg_tright_halpha_mean_full_change_precond;eeg_fr_sampent_full_change_precond;eeg_fm_theta_mean_full_change_precond;eeg_pleft_lbeta_mean_full_change_precond;eeg_c_specent_full_change_precond;eeg_pleft_halpha_mean_full_change_precond;eeg_c_sampent_full_change_precond;gsr_skin_conductance_eda_pkrate_nk_full_change_precond"
2025-11-26 17:47:07.362861,2,"stress_label",20,16,0.03125,0.532051282051282,0.525641025641026,NA,20,"top20","eeg_tleft_sampent_full_change_precond;eeg_c_theta_mean_full_change_precond;eeg_tleft_halpha_mean_full_change_precond;pupil_dilation_sd_full_change_precond;gsr_skin_conductance_eda_tonic_mean_nk_full_change_precond;eeg_t_sampent_full_change_precond;eeg_pright_sampent_full_change_precond;hr_heartrate_bpm_mean_abs_full_change_precond;eeg_tleft_lalpha_mean_full_change_precond;eeg_fl_hbeta_mean_full_change_precond;hrv_rmssd_full_change_precond;pupil_asymmetry_full_change_precond;eeg_tright_halpha_mean_full_change_precond;eeg_fr_sampent_full_change_precond;eeg_fm_theta_mean_full_change_precond;eeg_pleft_lbeta_mean_full_change_precond;eeg_c_specent_full_change_precond;eeg_pleft_halpha_mean_full_change_precond;eeg_c_sampent_full_change_precond;gsr_skin_conductance_eda_pkrate_nk_full_change_precond"
2025-11-26 17:47:08.541505,2,"stress_label",20,32,0.03125,0.538461538461538,0.557692307692308,NA,20,"top20","eeg_tleft_sampent_full_change_precond;eeg_c_theta_mean_full_change_precond;eeg_tleft_halpha_mean_full_change_precond;pupil_dilation_sd_full_change_precond;gsr_skin_conductance_eda_tonic_mean_nk_full_change_precond;eeg_t_sampent_full_change_precond;eeg_pright_sampent_full_change_precond;hr_heartrate_bpm_mean_abs_full_change_precond;eeg_tleft_lalpha_mean_full_change_precond;eeg_fl_hbeta_mean_full_change_precond;hrv_rmssd_full_change_precond;pupil_asymmetry_full_change_precond;eeg_tright_halpha_mean_full_change_precond;eeg_fr_sampent_full_change_precond;eeg_fm_theta_mean_full_change_precond;eeg_pleft_lbeta_mean_full_change_precond;eeg_c_specent_full_change_precond;eeg_pleft_halpha_mean_full_change_precond;eeg_c_sampent_full_change_precond;gsr_skin_conductance_eda_pkrate_nk_full_change_precond"
2025-11-26 17:47:09.772949,2,"stress_label",20,64,0.03125,0.544871794871795,0.551282051282051,NA,20,"top20","eeg_tleft_sampent_full_change_precond;eeg_c_theta_mean_full_change_precond;eeg_tleft_halpha_mean_full_change_precond;pupil_dilation_sd_full_change_precond;gsr_skin_conductance_eda_tonic_mean_nk_full_change_precond;eeg_t_sampent_full_change_precond;eeg_pright_sampent_full_change_precond;hr_heartrate_bpm_mean_abs_full_change_precond;eeg_tleft_lalpha_mean_full_change_precond;eeg_fl_hbeta_mean_full_change_precond;hrv_rmssd_full_change_precond;pupil_asymmetry_full_change_precond;eeg_tright_halpha_mean_full_change_precond;eeg_fr_sampent_full_change_precond;eeg_fm_theta_mean_full_change_precond;eeg_pleft_lbeta_mean_full_change_precond;eeg_c_specent_full_change_precond;eeg_pleft_halpha_mean_full_change_precond;eeg_c_sampent_full_change_precond;gsr_skin_conductance_eda_pkrate_nk_full_change_precond"
2025-11-26 17:47:10.78784,2,"stress_label",20,128,0.03125,0.544871794871795,0.551282051282051,NA,20,"top20","eeg_tleft_sampent_full_change_precond;eeg_c_theta_mean_full_change_precond;eeg_tleft_halpha_mean_full_change_precond;pupil_dilation_sd_full_change_precond;gsr_skin_conductance_eda_tonic_mean_nk_full_change_precond;eeg_t_sampent_full_change_precond;eeg_pright_sampent_full_change_precond;hr_heartrate_bpm_mean_abs_full_change_precond;eeg_tleft_lalpha_mean_full_change_precond;eeg_fl_hbeta_mean_full_change_precond;hrv_rmssd_full_change_precond;pupil_asymmetry_full_change_precond;eeg_tright_halpha_mean_full_change_precond;eeg_fr_sampent_full_change_precond;eeg_fm_theta_mean_full_change_precond;eeg_pleft_lbeta_mean_full_change_precond;eeg_c_specent_full_change_precond;eeg_pleft_halpha_mean_full_change_precond;eeg_c_sampent_full_change_precond;gsr_skin_conductance_eda_pkrate_nk_full_change_precond"
2025-11-26 17:47:11.948651,2,"stress_label",20,256,0.03125,0.544871794871795,0.576923076923077,NA,20,"top20","eeg_tleft_sampent_full_change_precond;eeg_c_theta_mean_full_change_precond;eeg_tleft_halpha_mean_full_change_precond;pupil_dilation_sd_full_change_precond;gsr_skin_conductance_eda_tonic_mean_nk_full_change_precond;eeg_t_sampent_full_change_precond;eeg_pright_sampent_full_change_precond;hr_heartrate_bpm_mean_abs_full_change_precond;eeg_tleft_lalpha_mean_full_change_precond;eeg_fl_hbeta_mean_full_change_precond;hrv_rmssd_full_change_precond;pupil_asymmetry_full_change_precond;eeg_tright_halpha_mean_full_change_precond;eeg_fr_sampent_full_change_precond;eeg_fm_theta_mean_full_change_precond;eeg_pleft_lbeta_mean_full_change_precond;eeg_c_specent_full_change_precond;eeg_pleft_halpha_mean_full_change_precond;eeg_c_sampent_full_change_precond;gsr_skin_conductance_eda_pkrate_nk_full_change_precond"
2025-11-26 17:47:13.007272,2,"stress_label",20,2,0.0625,0.57051282051282,0.538461538461538,NA,20,"top20","eeg_tleft_sampent_full_change_precond;eeg_c_theta_mean_full_change_precond;eeg_tleft_halpha_mean_full_change_precond;pupil_dilation_sd_full_change_precond;gsr_skin_conductance_eda_tonic_mean_nk_full_change_precond;eeg_t_sampent_full_change_precond;eeg_pright_sampent_full_change_precond;hr_heartrate_bpm_mean_abs_full_change_precond;eeg_tleft_lalpha_mean_full_change_precond;eeg_fl_hbeta_mean_full_change_precond;hrv_rmssd_full_change_precond;pupil_asymmetry_full_change_precond;eeg_tright_halpha_mean_full_change_precond;eeg_fr_sampent_full_change_precond;eeg_fm_theta_mean_full_change_precond;eeg_pleft_lbeta_mean_full_change_precond;eeg_c_specent_full_change_precond;eeg_pleft_halpha_mean_full_change_precond;eeg_c_sampent_full_change_precond;gsr_skin_conductance_eda_pkrate_nk_full_change_precond"
2025-11-26 17:47:14.147745,2,"stress_label",20,4,0.0625,0.532051282051282,0.551282051282051,NA,20,"top20","eeg_tleft_sampent_full_change_precond;eeg_c_theta_mean_full_change_precond;eeg_tleft_halpha_mean_full_change_precond;pupil_dilation_sd_full_change_precond;gsr_skin_conductance_eda_tonic_mean_nk_full_change_precond;eeg_t_sampent_full_change_precond;eeg_pright_sampent_full_change_precond;hr_heartrate_bpm_mean_abs_full_change_precond;eeg_tleft_lalpha_mean_full_change_precond;eeg_fl_hbeta_mean_full_change_precond;hrv_rmssd_full_change_precond;pupil_asymmetry_full_change_precond;eeg_tright_halpha_mean_full_change_precond;eeg_fr_sampent_full_change_precond;eeg_fm_theta_mean_full_change_precond;eeg_pleft_lbeta_mean_full_change_precond;eeg_c_specent_full_change_precond;eeg_pleft_halpha_mean_full_change_precond;eeg_c_sampent_full_change_precond;gsr_skin_conductance_eda_pkrate_nk_full_change_precond"
2025-11-26 17:47:15.333456,2,"stress_label",20,8,0.0625,0.557692307692308,0.576923076923077,NA,20,"top20","eeg_tleft_sampent_full_change_precond;eeg_c_theta_mean_full_change_precond;eeg_tleft_halpha_mean_full_change_precond;pupil_dilation_sd_full_change_precond;gsr_skin_conductance_eda_tonic_mean_nk_full_change_precond;eeg_t_sampent_full_change_precond;eeg_pright_sampent_full_change_precond;hr_heartrate_bpm_mean_abs_full_change_precond;eeg_tleft_lalpha_mean_full_change_precond;eeg_fl_hbeta_mean_full_change_precond;hrv_rmssd_full_change_precond;pupil_asymmetry_full_change_precond;eeg_tright_halpha_mean_full_change_precond;eeg_fr_sampent_full_change_precond;eeg_fm_theta_mean_full_change_precond;eeg_pleft_lbeta_mean_full_change_precond;eeg_c_specent_full_change_precond;eeg_pleft_halpha_mean_full_change_precond;eeg_c_sampent_full_change_precond;gsr_skin_conductance_eda_pkrate_nk_full_change_precond"
2025-11-26 17:47:16.324274,2,"stress_label",20,16,0.0625,0.544871794871795,0.564102564102564,NA,20,"top20","eeg_tleft_sampent_full_change_precond;eeg_c_theta_mean_full_change_precond;eeg_tleft_halpha_mean_full_change_precond;pupil_dilation_sd_full_change_precond;gsr_skin_conductance_eda_tonic_mean_nk_full_change_precond;eeg_t_sampent_full_change_precond;eeg_pright_sampent_full_change_precond;hr_heartrate_bpm_mean_abs_full_change_precond;eeg_tleft_lalpha_mean_full_change_precond;eeg_fl_hbeta_mean_full_change_precond;hrv_rmssd_full_change_precond;pupil_asymmetry_full_change_precond;eeg_tright_halpha_mean_full_change_precond;eeg_fr_sampent_full_change_precond;eeg_fm_theta_mean_full_change_precond;eeg_pleft_lbeta_mean_full_change_precond;eeg_c_specent_full_change_precond;eeg_pleft_halpha_mean_full_change_precond;eeg_c_sampent_full_change_precond;gsr_skin_conductance_eda_pkrate_nk_full_change_precond"
2025-11-26 17:47:17.315838,2,"stress_label",20,32,0.0625,0.544871794871795,0.58974358974359,NA,20,"top20","eeg_tleft_sampent_full_change_precond;eeg_c_theta_mean_full_change_precond;eeg_tleft_halpha_mean_full_change_precond;pupil_dilation_sd_full_change_precond;gsr_skin_conductance_eda_tonic_mean_nk_full_change_precond;eeg_t_sampent_full_change_precond;eeg_pright_sampent_full_change_precond;hr_heartrate_bpm_mean_abs_full_change_precond;eeg_tleft_lalpha_mean_full_change_precond;eeg_fl_hbeta_mean_full_change_precond;hrv_rmssd_full_change_precond;pupil_asymmetry_full_change_precond;eeg_tright_halpha_mean_full_change_precond;eeg_fr_sampent_full_change_precond;eeg_fm_theta_mean_full_change_precond;eeg_pleft_lbeta_mean_full_change_precond;eeg_c_specent_full_change_precond;eeg_pleft_halpha_mean_full_change_precond;eeg_c_sampent_full_change_precond;gsr_skin_conductance_eda_pkrate_nk_full_change_precond"
2025-11-26 17:47:18.469488,2,"stress_label",20,64,0.0625,0.544871794871795,0.576923076923077,NA,20,"top20","eeg_tleft_sampent_full_change_precond;eeg_c_theta_mean_full_change_precond;eeg_tleft_halpha_mean_full_change_precond;pupil_dilation_sd_full_change_precond;gsr_skin_conductance_eda_tonic_mean_nk_full_change_precond;eeg_t_sampent_full_change_precond;eeg_pright_sampent_full_change_precond;hr_heartrate_bpm_mean_abs_full_change_precond;eeg_tleft_lalpha_mean_full_change_precond;eeg_fl_hbeta_mean_full_change_precond;hrv_rmssd_full_change_precond;pupil_asymmetry_full_change_precond;eeg_tright_halpha_mean_full_change_precond;eeg_fr_sampent_full_change_precond;eeg_fm_theta_mean_full_change_precond;eeg_pleft_lbeta_mean_full_change_precond;eeg_c_specent_full_change_precond;eeg_pleft_halpha_mean_full_change_precond;eeg_c_sampent_full_change_precond;gsr_skin_conductance_eda_pkrate_nk_full_change_precond"
2025-11-26 17:47:19.61595,2,"stress_label",20,128,0.0625,0.544871794871795,0.58974358974359,NA,20,"top20","eeg_tleft_sampent_full_change_precond;eeg_c_theta_mean_full_change_precond;eeg_tleft_halpha_mean_full_change_precond;pupil_dilation_sd_full_change_precond;gsr_skin_conductance_eda_tonic_mean_nk_full_change_precond;eeg_t_sampent_full_change_precond;eeg_pright_sampent_full_change_precond;hr_heartrate_bpm_mean_abs_full_change_precond;eeg_tleft_lalpha_mean_full_change_precond;eeg_fl_hbeta_mean_full_change_precond;hrv_rmssd_full_change_precond;pupil_asymmetry_full_change_precond;eeg_tright_halpha_mean_full_change_precond;eeg_fr_sampent_full_change_precond;eeg_fm_theta_mean_full_change_precond;eeg_pleft_lbeta_mean_full_change_precond;eeg_c_specent_full_change_precond;eeg_pleft_halpha_mean_full_change_precond;eeg_c_sampent_full_change_precond;gsr_skin_conductance_eda_pkrate_nk_full_change_precond"
2025-11-26 17:47:20.766516,2,"stress_label",20,256,0.0625,0.544871794871795,0.58974358974359,NA,20,"top20","eeg_tleft_sampent_full_change_precond;eeg_c_theta_mean_full_change_precond;eeg_tleft_halpha_mean_full_change_precond;pupil_dilation_sd_full_change_precond;gsr_skin_conductance_eda_tonic_mean_nk_full_change_precond;eeg_t_sampent_full_change_precond;eeg_pright_sampent_full_change_precond;hr_heartrate_bpm_mean_abs_full_change_precond;eeg_tleft_lalpha_mean_full_change_precond;eeg_fl_hbeta_mean_full_change_precond;hrv_rmssd_full_change_precond;pupil_asymmetry_full_change_precond;eeg_tright_halpha_mean_full_change_precond;eeg_fr_sampent_full_change_precond;eeg_fm_theta_mean_full_change_precond;eeg_pleft_lbeta_mean_full_change_precond;eeg_c_specent_full_change_precond;eeg_pleft_halpha_mean_full_change_precond;eeg_c_sampent_full_change_precond;gsr_skin_conductance_eda_pkrate_nk_full_change_precond"
2025-11-26 17:47:21.893988,2,"stress_label",20,2,0.125,0.538461538461538,0.57051282051282,NA,20,"top20","eeg_tleft_sampent_full_change_precond;eeg_c_theta_mean_full_change_precond;eeg_tleft_halpha_mean_full_change_precond;pupil_dilation_sd_full_change_precond;gsr_skin_conductance_eda_tonic_mean_nk_full_change_precond;eeg_t_sampent_full_change_precond;eeg_pright_sampent_full_change_precond;hr_heartrate_bpm_mean_abs_full_change_precond;eeg_tleft_lalpha_mean_full_change_precond;eeg_fl_hbeta_mean_full_change_precond;hrv_rmssd_full_change_precond;pupil_asymmetry_full_change_precond;eeg_tright_halpha_mean_full_change_precond;eeg_fr_sampent_full_change_precond;eeg_fm_theta_mean_full_change_precond;eeg_pleft_lbeta_mean_full_change_precond;eeg_c_specent_full_change_precond;eeg_pleft_halpha_mean_full_change_precond;eeg_c_sampent_full_change_precond;gsr_skin_conductance_eda_pkrate_nk_full_change_precond"
2025-11-26 17:47:23.236812,2,"stress_label",20,4,0.125,0.538461538461538,0.583333333333333,NA,20,"top20","eeg_tleft_sampent_full_change_precond;eeg_c_theta_mean_full_change_precond;eeg_tleft_halpha_mean_full_change_precond;pupil_dilation_sd_full_change_precond;gsr_skin_conductance_eda_tonic_mean_nk_full_change_precond;eeg_t_sampent_full_change_precond;eeg_pright_sampent_full_change_precond;hr_heartrate_bpm_mean_abs_full_change_precond;eeg_tleft_lalpha_mean_full_change_precond;eeg_fl_hbeta_mean_full_change_precond;hrv_rmssd_full_change_precond;pupil_asymmetry_full_change_precond;eeg_tright_halpha_mean_full_change_precond;eeg_fr_sampent_full_change_precond;eeg_fm_theta_mean_full_change_precond;eeg_pleft_lbeta_mean_full_change_precond;eeg_c_specent_full_change_precond;eeg_pleft_halpha_mean_full_change_precond;eeg_c_sampent_full_change_precond;gsr_skin_conductance_eda_pkrate_nk_full_change_precond"
2025-11-26 17:47:24.389218,2,"stress_label",20,8,0.125,0.538461538461538,0.576923076923077,NA,20,"top20","eeg_tleft_sampent_full_change_precond;eeg_c_theta_mean_full_change_precond;eeg_tleft_halpha_mean_full_change_precond;pupil_dilation_sd_full_change_precond;gsr_skin_conductance_eda_tonic_mean_nk_full_change_precond;eeg_t_sampent_full_change_precond;eeg_pright_sampent_full_change_precond;hr_heartrate_bpm_mean_abs_full_change_precond;eeg_tleft_lalpha_mean_full_change_precond;eeg_fl_hbeta_mean_full_change_precond;hrv_rmssd_full_change_precond;pupil_asymmetry_full_change_precond;eeg_tright_halpha_mean_full_change_precond;eeg_fr_sampent_full_change_precond;eeg_fm_theta_mean_full_change_precond;eeg_pleft_lbeta_mean_full_change_precond;eeg_c_specent_full_change_precond;eeg_pleft_halpha_mean_full_change_precond;eeg_c_sampent_full_change_precond;gsr_skin_conductance_eda_pkrate_nk_full_change_precond"
2025-11-26 17:47:25.463898,2,"stress_label",20,16,0.125,0.538461538461538,0.576923076923077,NA,20,"top20","eeg_tleft_sampent_full_change_precond;eeg_c_theta_mean_full_change_precond;eeg_tleft_halpha_mean_full_change_precond;pupil_dilation_sd_full_change_precond;gsr_skin_conductance_eda_tonic_mean_nk_full_change_precond;eeg_t_sampent_full_change_precond;eeg_pright_sampent_full_change_precond;hr_heartrate_bpm_mean_abs_full_change_precond;eeg_tleft_lalpha_mean_full_change_precond;eeg_fl_hbeta_mean_full_change_precond;hrv_rmssd_full_change_precond;pupil_asymmetry_full_change_precond;eeg_tright_halpha_mean_full_change_precond;eeg_fr_sampent_full_change_precond;eeg_fm_theta_mean_full_change_precond;eeg_pleft_lbeta_mean_full_change_precond;eeg_c_specent_full_change_precond;eeg_pleft_halpha_mean_full_change_precond;eeg_c_sampent_full_change_precond;gsr_skin_conductance_eda_pkrate_nk_full_change_precond"
2025-11-26 17:47:26.483188,2,"stress_label",20,32,0.125,0.538461538461538,0.576923076923077,NA,20,"top20","eeg_tleft_sampent_full_change_precond;eeg_c_theta_mean_full_change_precond;eeg_tleft_halpha_mean_full_change_precond;pupil_dilation_sd_full_change_precond;gsr_skin_conductance_eda_tonic_mean_nk_full_change_precond;eeg_t_sampent_full_change_precond;eeg_pright_sampent_full_change_precond;hr_heartrate_bpm_mean_abs_full_change_precond;eeg_tleft_lalpha_mean_full_change_precond;eeg_fl_hbeta_mean_full_change_precond;hrv_rmssd_full_change_precond;pupil_asymmetry_full_change_precond;eeg_tright_halpha_mean_full_change_precond;eeg_fr_sampent_full_change_precond;eeg_fm_theta_mean_full_change_precond;eeg_pleft_lbeta_mean_full_change_precond;eeg_c_specent_full_change_precond;eeg_pleft_halpha_mean_full_change_precond;eeg_c_sampent_full_change_precond;gsr_skin_conductance_eda_pkrate_nk_full_change_precond"
2025-11-26 17:47:27.444485,2,"stress_label",20,64,0.125,0.538461538461538,0.576923076923077,NA,20,"top20","eeg_tleft_sampent_full_change_precond;eeg_c_theta_mean_full_change_precond;eeg_tleft_halpha_mean_full_change_precond;pupil_dilation_sd_full_change_precond;gsr_skin_conductance_eda_tonic_mean_nk_full_change_precond;eeg_t_sampent_full_change_precond;eeg_pright_sampent_full_change_precond;hr_heartrate_bpm_mean_abs_full_change_precond;eeg_tleft_lalpha_mean_full_change_precond;eeg_fl_hbeta_mean_full_change_precond;hrv_rmssd_full_change_precond;pupil_asymmetry_full_change_precond;eeg_tright_halpha_mean_full_change_precond;eeg_fr_sampent_full_change_precond;eeg_fm_theta_mean_full_change_precond;eeg_pleft_lbeta_mean_full_change_precond;eeg_c_specent_full_change_precond;eeg_pleft_halpha_mean_full_change_precond;eeg_c_sampent_full_change_precond;gsr_skin_conductance_eda_pkrate_nk_full_change_precond"
2025-11-26 17:47:28.521916,2,"stress_label",20,128,0.125,0.538461538461538,0.576923076923077,NA,20,"top20","eeg_tleft_sampent_full_change_precond;eeg_c_theta_mean_full_change_precond;eeg_tleft_halpha_mean_full_change_precond;pupil_dilation_sd_full_change_precond;gsr_skin_conductance_eda_tonic_mean_nk_full_change_precond;eeg_t_sampent_full_change_precond;eeg_pright_sampent_full_change_precond;hr_heartrate_bpm_mean_abs_full_change_precond;eeg_tleft_lalpha_mean_full_change_precond;eeg_fl_hbeta_mean_full_change_precond;hrv_rmssd_full_change_precond;pupil_asymmetry_full_change_precond;eeg_tright_halpha_mean_full_change_precond;eeg_fr_sampent_full_change_precond;eeg_fm_theta_mean_full_change_precond;eeg_pleft_lbeta_mean_full_change_precond;eeg_c_specent_full_change_precond;eeg_pleft_halpha_mean_full_change_precond;eeg_c_sampent_full_change_precond;gsr_skin_conductance_eda_pkrate_nk_full_change_precond"
2025-11-26 17:47:29.653941,2,"stress_label",20,256,0.125,0.538461538461538,0.57051282051282,NA,20,"top20","eeg_tleft_sampent_full_change_precond;eeg_c_theta_mean_full_change_precond;eeg_tleft_halpha_mean_full_change_precond;pupil_dilation_sd_full_change_precond;gsr_skin_conductance_eda_tonic_mean_nk_full_change_precond;eeg_t_sampent_full_change_precond;eeg_pright_sampent_full_change_precond;hr_heartrate_bpm_mean_abs_full_change_precond;eeg_tleft_lalpha_mean_full_change_precond;eeg_fl_hbeta_mean_full_change_precond;hrv_rmssd_full_change_precond;pupil_asymmetry_full_change_precond;eeg_tright_halpha_mean_full_change_precond;eeg_fr_sampent_full_change_precond;eeg_fm_theta_mean_full_change_precond;eeg_pleft_lbeta_mean_full_change_precond;eeg_c_specent_full_change_precond;eeg_pleft_halpha_mean_full_change_precond;eeg_c_sampent_full_change_precond;gsr_skin_conductance_eda_pkrate_nk_full_change_precond"
2025-11-26 17:47:30.63076,2,"stress_label",20,2,0.03,0.564102564102564,0.608974358974359,0.539316239316239,20,"top20","eeg_tleft_sampent_full_change_precond;eeg_c_theta_mean_full_change_precond;eeg_tleft_halpha_mean_full_change_precond;pupil_dilation_sd_full_change_precond;gsr_skin_conductance_eda_tonic_mean_nk_full_change_precond;eeg_t_sampent_full_change_precond;eeg_pright_sampent_full_change_precond;hr_heartrate_bpm_mean_abs_full_change_precond;eeg_tleft_lalpha_mean_full_change_precond;eeg_fl_hbeta_mean_full_change_precond;hrv_rmssd_full_change_precond;pupil_asymmetry_full_change_precond;eeg_tright_halpha_mean_full_change_precond;eeg_fr_sampent_full_change_precond;eeg_fm_theta_mean_full_change_precond;eeg_pleft_lbeta_mean_full_change_precond;eeg_c_specent_full_change_precond;eeg_pleft_halpha_mean_full_change_precond;eeg_c_sampent_full_change_precond;gsr_skin_conductance_eda_pkrate_nk_full_change_precond"
2025-11-26 17:47:31.660702,2,"stress_label",20,4,0.03,0.557692307692308,0.596153846153846,0.541880341880342,20,"top20","eeg_tleft_sampent_full_change_precond;eeg_c_theta_mean_full_change_precond;eeg_tleft_halpha_mean_full_change_precond;pupil_dilation_sd_full_change_precond;gsr_skin_conductance_eda_tonic_mean_nk_full_change_precond;eeg_t_sampent_full_change_precond;eeg_pright_sampent_full_change_precond;hr_heartrate_bpm_mean_abs_full_change_precond;eeg_tleft_lalpha_mean_full_change_precond;eeg_fl_hbeta_mean_full_change_precond;hrv_rmssd_full_change_precond;pupil_asymmetry_full_change_precond;eeg_tright_halpha_mean_full_change_precond;eeg_fr_sampent_full_change_precond;eeg_fm_theta_mean_full_change_precond;eeg_pleft_lbeta_mean_full_change_precond;eeg_c_specent_full_change_precond;eeg_pleft_halpha_mean_full_change_precond;eeg_c_sampent_full_change_precond;gsr_skin_conductance_eda_pkrate_nk_full_change_precond"
2025-11-26 17:47:32.788072,2,"stress_label",20,8,0.03,0.525641025641026,0.532051282051282,NA,20,"top20","eeg_tleft_sampent_full_change_precond;eeg_c_theta_mean_full_change_precond;eeg_tleft_halpha_mean_full_change_precond;pupil_dilation_sd_full_change_precond;gsr_skin_conductance_eda_tonic_mean_nk_full_change_precond;eeg_t_sampent_full_change_precond;eeg_pright_sampent_full_change_precond;hr_heartrate_bpm_mean_abs_full_change_precond;eeg_tleft_lalpha_mean_full_change_precond;eeg_fl_hbeta_mean_full_change_precond;hrv_rmssd_full_change_precond;pupil_asymmetry_full_change_precond;eeg_tright_halpha_mean_full_change_precond;eeg_fr_sampent_full_change_precond;eeg_fm_theta_mean_full_change_precond;eeg_pleft_lbeta_mean_full_change_precond;eeg_c_specent_full_change_precond;eeg_pleft_halpha_mean_full_change_precond;eeg_c_sampent_full_change_precond;gsr_skin_conductance_eda_pkrate_nk_full_change_precond"
2025-11-26 17:47:33.989735,2,"stress_label",20,16,0.03,0.532051282051282,0.525641025641026,0.523931623931624,20,"top20","eeg_tleft_sampent_full_change_precond;eeg_c_theta_mean_full_change_precond;eeg_tleft_halpha_mean_full_change_precond;pupil_dilation_sd_full_change_precond;gsr_skin_conductance_eda_tonic_mean_nk_full_change_precond;eeg_t_sampent_full_change_precond;eeg_pright_sampent_full_change_precond;hr_heartrate_bpm_mean_abs_full_change_precond;eeg_tleft_lalpha_mean_full_change_precond;eeg_fl_hbeta_mean_full_change_precond;hrv_rmssd_full_change_precond;pupil_asymmetry_full_change_precond;eeg_tright_halpha_mean_full_change_precond;eeg_fr_sampent_full_change_precond;eeg_fm_theta_mean_full_change_precond;eeg_pleft_lbeta_mean_full_change_precond;eeg_c_specent_full_change_precond;eeg_pleft_halpha_mean_full_change_precond;eeg_c_sampent_full_change_precond;gsr_skin_conductance_eda_pkrate_nk_full_change_precond"
2025-11-26 17:47:35.148217,2,"stress_label",20,32,0.03,0.538461538461538,0.557692307692308,0.54957264957265,20,"top20","eeg_tleft_sampent_full_change_precond;eeg_c_theta_mean_full_change_precond;eeg_tleft_halpha_mean_full_change_precond;pupil_dilation_sd_full_change_precond;gsr_skin_conductance_eda_tonic_mean_nk_full_change_precond;eeg_t_sampent_full_change_precond;eeg_pright_sampent_full_change_precond;hr_heartrate_bpm_mean_abs_full_change_precond;eeg_tleft_lalpha_mean_full_change_precond;eeg_fl_hbeta_mean_full_change_precond;hrv_rmssd_full_change_precond;pupil_asymmetry_full_change_precond;eeg_tright_halpha_mean_full_change_precond;eeg_fr_sampent_full_change_precond;eeg_fm_theta_mean_full_change_precond;eeg_pleft_lbeta_mean_full_change_precond;eeg_c_specent_full_change_precond;eeg_pleft_halpha_mean_full_change_precond;eeg_c_sampent_full_change_precond;gsr_skin_conductance_eda_pkrate_nk_full_change_precond"
2025-11-26 17:47:36.381593,2,"stress_label",20,64,0.03,0.532051282051282,0.576923076923077,NA,20,"top20","eeg_tleft_sampent_full_change_precond;eeg_c_theta_mean_full_change_precond;eeg_tleft_halpha_mean_full_change_precond;pupil_dilation_sd_full_change_precond;gsr_skin_conductance_eda_tonic_mean_nk_full_change_precond;eeg_t_sampent_full_change_precond;eeg_pright_sampent_full_change_precond;hr_heartrate_bpm_mean_abs_full_change_precond;eeg_tleft_lalpha_mean_full_change_precond;eeg_fl_hbeta_mean_full_change_precond;hrv_rmssd_full_change_precond;pupil_asymmetry_full_change_precond;eeg_tright_halpha_mean_full_change_precond;eeg_fr_sampent_full_change_precond;eeg_fm_theta_mean_full_change_precond;eeg_pleft_lbeta_mean_full_change_precond;eeg_c_specent_full_change_precond;eeg_pleft_halpha_mean_full_change_precond;eeg_c_sampent_full_change_precond;gsr_skin_conductance_eda_pkrate_nk_full_change_precond"
2025-11-26 17:47:37.626894,2,"stress_label",20,128,0.03,0.532051282051282,0.564102564102564,NA,20,"top20","eeg_tleft_sampent_full_change_precond;eeg_c_theta_mean_full_change_precond;eeg_tleft_halpha_mean_full_change_precond;pupil_dilation_sd_full_change_precond;gsr_skin_conductance_eda_tonic_mean_nk_full_change_precond;eeg_t_sampent_full_change_precond;eeg_pright_sampent_full_change_precond;hr_heartrate_bpm_mean_abs_full_change_precond;eeg_tleft_lalpha_mean_full_change_precond;eeg_fl_hbeta_mean_full_change_precond;hrv_rmssd_full_change_precond;pupil_asymmetry_full_change_precond;eeg_tright_halpha_mean_full_change_precond;eeg_fr_sampent_full_change_precond;eeg_fm_theta_mean_full_change_precond;eeg_pleft_lbeta_mean_full_change_precond;eeg_c_specent_full_change_precond;eeg_pleft_halpha_mean_full_change_precond;eeg_c_sampent_full_change_precond;gsr_skin_conductance_eda_pkrate_nk_full_change_precond"
2025-11-26 17:47:38.80759,2,"stress_label",20,256,0.03,0.532051282051282,0.564102564102564,NA,20,"top20","eeg_tleft_sampent_full_change_precond;eeg_c_theta_mean_full_change_precond;eeg_tleft_halpha_mean_full_change_precond;pupil_dilation_sd_full_change_precond;gsr_skin_conductance_eda_tonic_mean_nk_full_change_precond;eeg_t_sampent_full_change_precond;eeg_pright_sampent_full_change_precond;hr_heartrate_bpm_mean_abs_full_change_precond;eeg_tleft_lalpha_mean_full_change_precond;eeg_fl_hbeta_mean_full_change_precond;hrv_rmssd_full_change_precond;pupil_asymmetry_full_change_precond;eeg_tright_halpha_mean_full_change_precond;eeg_fr_sampent_full_change_precond;eeg_fm_theta_mean_full_change_precond;eeg_pleft_lbeta_mean_full_change_precond;eeg_c_specent_full_change_precond;eeg_pleft_halpha_mean_full_change_precond;eeg_c_sampent_full_change_precond;gsr_skin_conductance_eda_pkrate_nk_full_change_precond"
2025-11-26 17:47:39.862775,2,"stress_label",20,2,0.06,0.557692307692308,0.57051282051282,NA,20,"top20","eeg_tleft_sampent_full_change_precond;eeg_c_theta_mean_full_change_precond;eeg_tleft_halpha_mean_full_change_precond;pupil_dilation_sd_full_change_precond;gsr_skin_conductance_eda_tonic_mean_nk_full_change_precond;eeg_t_sampent_full_change_precond;eeg_pright_sampent_full_change_precond;hr_heartrate_bpm_mean_abs_full_change_precond;eeg_tleft_lalpha_mean_full_change_precond;eeg_fl_hbeta_mean_full_change_precond;hrv_rmssd_full_change_precond;pupil_asymmetry_full_change_precond;eeg_tright_halpha_mean_full_change_precond;eeg_fr_sampent_full_change_precond;eeg_fm_theta_mean_full_change_precond;eeg_pleft_lbeta_mean_full_change_precond;eeg_c_specent_full_change_precond;eeg_pleft_halpha_mean_full_change_precond;eeg_c_sampent_full_change_precond;gsr_skin_conductance_eda_pkrate_nk_full_change_precond"
2025-11-26 17:47:41.00509,2,"stress_label",20,4,0.06,0.532051282051282,0.525641025641026,NA,20,"top20","eeg_tleft_sampent_full_change_precond;eeg_c_theta_mean_full_change_precond;eeg_tleft_halpha_mean_full_change_precond;pupil_dilation_sd_full_change_precond;gsr_skin_conductance_eda_tonic_mean_nk_full_change_precond;eeg_t_sampent_full_change_precond;eeg_pright_sampent_full_change_precond;hr_heartrate_bpm_mean_abs_full_change_precond;eeg_tleft_lalpha_mean_full_change_precond;eeg_fl_hbeta_mean_full_change_precond;hrv_rmssd_full_change_precond;pupil_asymmetry_full_change_precond;eeg_tright_halpha_mean_full_change_precond;eeg_fr_sampent_full_change_precond;eeg_fm_theta_mean_full_change_precond;eeg_pleft_lbeta_mean_full_change_precond;eeg_c_specent_full_change_precond;eeg_pleft_halpha_mean_full_change_precond;eeg_c_sampent_full_change_precond;gsr_skin_conductance_eda_pkrate_nk_full_change_precond"
2025-11-26 17:47:42.188168,2,"stress_label",20,8,0.06,0.551282051282051,0.583333333333333,NA,20,"top20","eeg_tleft_sampent_full_change_precond;eeg_c_theta_mean_full_change_precond;eeg_tleft_halpha_mean_full_change_precond;pupil_dilation_sd_full_change_precond;gsr_skin_conductance_eda_tonic_mean_nk_full_change_precond;eeg_t_sampent_full_change_precond;eeg_pright_sampent_full_change_precond;hr_heartrate_bpm_mean_abs_full_change_precond;eeg_tleft_lalpha_mean_full_change_precond;eeg_fl_hbeta_mean_full_change_precond;hrv_rmssd_full_change_precond;pupil_asymmetry_full_change_precond;eeg_tright_halpha_mean_full_change_precond;eeg_fr_sampent_full_change_precond;eeg_fm_theta_mean_full_change_precond;eeg_pleft_lbeta_mean_full_change_precond;eeg_c_specent_full_change_precond;eeg_pleft_halpha_mean_full_change_precond;eeg_c_sampent_full_change_precond;gsr_skin_conductance_eda_pkrate_nk_full_change_precond"
2025-11-26 17:47:43.342363,2,"stress_label",20,16,0.06,0.538461538461538,0.583333333333333,NA,20,"top20","eeg_tleft_sampent_full_change_precond;eeg_c_theta_mean_full_change_precond;eeg_tleft_halpha_mean_full_change_precond;pupil_dilation_sd_full_change_precond;gsr_skin_conductance_eda_tonic_mean_nk_full_change_precond;eeg_t_sampent_full_change_precond;eeg_pright_sampent_full_change_precond;hr_heartrate_bpm_mean_abs_full_change_precond;eeg_tleft_lalpha_mean_full_change_precond;eeg_fl_hbeta_mean_full_change_precond;hrv_rmssd_full_change_precond;pupil_asymmetry_full_change_precond;eeg_tright_halpha_mean_full_change_precond;eeg_fr_sampent_full_change_precond;eeg_fm_theta_mean_full_change_precond;eeg_pleft_lbeta_mean_full_change_precond;eeg_c_specent_full_change_precond;eeg_pleft_halpha_mean_full_change_precond;eeg_c_sampent_full_change_precond;gsr_skin_conductance_eda_pkrate_nk_full_change_precond"
2025-11-26 17:47:44.408974,2,"stress_label",20,32,0.06,0.538461538461538,0.583333333333333,NA,20,"top20","eeg_tleft_sampent_full_change_precond;eeg_c_theta_mean_full_change_precond;eeg_tleft_halpha_mean_full_change_precond;pupil_dilation_sd_full_change_precond;gsr_skin_conductance_eda_tonic_mean_nk_full_change_precond;eeg_t_sampent_full_change_precond;eeg_pright_sampent_full_change_precond;hr_heartrate_bpm_mean_abs_full_change_precond;eeg_tleft_lalpha_mean_full_change_precond;eeg_fl_hbeta_mean_full_change_precond;hrv_rmssd_full_change_precond;pupil_asymmetry_full_change_precond;eeg_tright_halpha_mean_full_change_precond;eeg_fr_sampent_full_change_precond;eeg_fm_theta_mean_full_change_precond;eeg_pleft_lbeta_mean_full_change_precond;eeg_c_specent_full_change_precond;eeg_pleft_halpha_mean_full_change_precond;eeg_c_sampent_full_change_precond;gsr_skin_conductance_eda_pkrate_nk_full_change_precond"
2025-11-26 17:47:45.57468,2,"stress_label",20,64,0.06,0.538461538461538,0.583333333333333,NA,20,"top20","eeg_tleft_sampent_full_change_precond;eeg_c_theta_mean_full_change_precond;eeg_tleft_halpha_mean_full_change_precond;pupil_dilation_sd_full_change_precond;gsr_skin_conductance_eda_tonic_mean_nk_full_change_precond;eeg_t_sampent_full_change_precond;eeg_pright_sampent_full_change_precond;hr_heartrate_bpm_mean_abs_full_change_precond;eeg_tleft_lalpha_mean_full_change_precond;eeg_fl_hbeta_mean_full_change_precond;hrv_rmssd_full_change_precond;pupil_asymmetry_full_change_precond;eeg_tright_halpha_mean_full_change_precond;eeg_fr_sampent_full_change_precond;eeg_fm_theta_mean_full_change_precond;eeg_pleft_lbeta_mean_full_change_precond;eeg_c_specent_full_change_precond;eeg_pleft_halpha_mean_full_change_precond;eeg_c_sampent_full_change_precond;gsr_skin_conductance_eda_pkrate_nk_full_change_precond"
2025-11-26 17:47:46.745089,2,"stress_label",20,128,0.06,0.538461538461538,0.583333333333333,NA,20,"top20","eeg_tleft_sampent_full_change_precond;eeg_c_theta_mean_full_change_precond;eeg_tleft_halpha_mean_full_change_precond;pupil_dilation_sd_full_change_precond;gsr_skin_conductance_eda_tonic_mean_nk_full_change_precond;eeg_t_sampent_full_change_precond;eeg_pright_sampent_full_change_precond;hr_heartrate_bpm_mean_abs_full_change_precond;eeg_tleft_lalpha_mean_full_change_precond;eeg_fl_hbeta_mean_full_change_precond;hrv_rmssd_full_change_precond;pupil_asymmetry_full_change_precond;eeg_tright_halpha_mean_full_change_precond;eeg_fr_sampent_full_change_precond;eeg_fm_theta_mean_full_change_precond;eeg_pleft_lbeta_mean_full_change_precond;eeg_c_specent_full_change_precond;eeg_pleft_halpha_mean_full_change_precond;eeg_c_sampent_full_change_precond;gsr_skin_conductance_eda_pkrate_nk_full_change_precond"
2025-11-26 17:47:47.865667,2,"stress_label",20,256,0.06,0.538461538461538,0.583333333333333,NA,20,"top20","eeg_tleft_sampent_full_change_precond;eeg_c_theta_mean_full_change_precond;eeg_tleft_halpha_mean_full_change_precond;pupil_dilation_sd_full_change_precond;gsr_skin_conductance_eda_tonic_mean_nk_full_change_precond;eeg_t_sampent_full_change_precond;eeg_pright_sampent_full_change_precond;hr_heartrate_bpm_mean_abs_full_change_precond;eeg_tleft_lalpha_mean_full_change_precond;eeg_fl_hbeta_mean_full_change_precond;hrv_rmssd_full_change_precond;pupil_asymmetry_full_change_precond;eeg_tright_halpha_mean_full_change_precond;eeg_fr_sampent_full_change_precond;eeg_fm_theta_mean_full_change_precond;eeg_pleft_lbeta_mean_full_change_precond;eeg_c_specent_full_change_precond;eeg_pleft_halpha_mean_full_change_precond;eeg_c_sampent_full_change_precond;gsr_skin_conductance_eda_pkrate_nk_full_change_precond"
2025-11-26 17:47:48.883544,2,"stress_label",20,2,0.1,0.57051282051282,0.564102564102564,NA,20,"top20","eeg_tleft_sampent_full_change_precond;eeg_c_theta_mean_full_change_precond;eeg_tleft_halpha_mean_full_change_precond;pupil_dilation_sd_full_change_precond;gsr_skin_conductance_eda_tonic_mean_nk_full_change_precond;eeg_t_sampent_full_change_precond;eeg_pright_sampent_full_change_precond;hr_heartrate_bpm_mean_abs_full_change_precond;eeg_tleft_lalpha_mean_full_change_precond;eeg_fl_hbeta_mean_full_change_precond;hrv_rmssd_full_change_precond;pupil_asymmetry_full_change_precond;eeg_tright_halpha_mean_full_change_precond;eeg_fr_sampent_full_change_precond;eeg_fm_theta_mean_full_change_precond;eeg_pleft_lbeta_mean_full_change_precond;eeg_c_specent_full_change_precond;eeg_pleft_halpha_mean_full_change_precond;eeg_c_sampent_full_change_precond;gsr_skin_conductance_eda_pkrate_nk_full_change_precond"
2025-11-26 17:47:50.007192,2,"stress_label",20,4,0.1,0.551282051282051,0.538461538461538,NA,20,"top20","eeg_tleft_sampent_full_change_precond;eeg_c_theta_mean_full_change_precond;eeg_tleft_halpha_mean_full_change_precond;pupil_dilation_sd_full_change_precond;gsr_skin_conductance_eda_tonic_mean_nk_full_change_precond;eeg_t_sampent_full_change_precond;eeg_pright_sampent_full_change_precond;hr_heartrate_bpm_mean_abs_full_change_precond;eeg_tleft_lalpha_mean_full_change_precond;eeg_fl_hbeta_mean_full_change_precond;hrv_rmssd_full_change_precond;pupil_asymmetry_full_change_precond;eeg_tright_halpha_mean_full_change_precond;eeg_fr_sampent_full_change_precond;eeg_fm_theta_mean_full_change_precond;eeg_pleft_lbeta_mean_full_change_precond;eeg_c_specent_full_change_precond;eeg_pleft_halpha_mean_full_change_precond;eeg_c_sampent_full_change_precond;gsr_skin_conductance_eda_pkrate_nk_full_change_precond"
2025-11-26 17:47:50.950046,2,"stress_label",20,8,0.1,0.538461538461538,0.564102564102564,NA,20,"top20","eeg_tleft_sampent_full_change_precond;eeg_c_theta_mean_full_change_precond;eeg_tleft_halpha_mean_full_change_precond;pupil_dilation_sd_full_change_precond;gsr_skin_conductance_eda_tonic_mean_nk_full_change_precond;eeg_t_sampent_full_change_precond;eeg_pright_sampent_full_change_precond;hr_heartrate_bpm_mean_abs_full_change_precond;eeg_tleft_lalpha_mean_full_change_precond;eeg_fl_hbeta_mean_full_change_precond;hrv_rmssd_full_change_precond;pupil_asymmetry_full_change_precond;eeg_tright_halpha_mean_full_change_precond;eeg_fr_sampent_full_change_precond;eeg_fm_theta_mean_full_change_precond;eeg_pleft_lbeta_mean_full_change_precond;eeg_c_specent_full_change_precond;eeg_pleft_halpha_mean_full_change_precond;eeg_c_sampent_full_change_precond;gsr_skin_conductance_eda_pkrate_nk_full_change_precond"
2025-11-26 17:47:52.046153,2,"stress_label",20,16,0.1,0.538461538461538,0.564102564102564,NA,20,"top20","eeg_tleft_sampent_full_change_precond;eeg_c_theta_mean_full_change_precond;eeg_tleft_halpha_mean_full_change_precond;pupil_dilation_sd_full_change_precond;gsr_skin_conductance_eda_tonic_mean_nk_full_change_precond;eeg_t_sampent_full_change_precond;eeg_pright_sampent_full_change_precond;hr_heartrate_bpm_mean_abs_full_change_precond;eeg_tleft_lalpha_mean_full_change_precond;eeg_fl_hbeta_mean_full_change_precond;hrv_rmssd_full_change_precond;pupil_asymmetry_full_change_precond;eeg_tright_halpha_mean_full_change_precond;eeg_fr_sampent_full_change_precond;eeg_fm_theta_mean_full_change_precond;eeg_pleft_lbeta_mean_full_change_precond;eeg_c_specent_full_change_precond;eeg_pleft_halpha_mean_full_change_precond;eeg_c_sampent_full_change_precond;gsr_skin_conductance_eda_pkrate_nk_full_change_precond"
2025-11-26 17:47:53.292198,2,"stress_label",20,32,0.1,0.538461538461538,0.564102564102564,NA,20,"top20","eeg_tleft_sampent_full_change_precond;eeg_c_theta_mean_full_change_precond;eeg_tleft_halpha_mean_full_change_precond;pupil_dilation_sd_full_change_precond;gsr_skin_conductance_eda_tonic_mean_nk_full_change_precond;eeg_t_sampent_full_change_precond;eeg_pright_sampent_full_change_precond;hr_heartrate_bpm_mean_abs_full_change_precond;eeg_tleft_lalpha_mean_full_change_precond;eeg_fl_hbeta_mean_full_change_precond;hrv_rmssd_full_change_precond;pupil_asymmetry_full_change_precond;eeg_tright_halpha_mean_full_change_precond;eeg_fr_sampent_full_change_precond;eeg_fm_theta_mean_full_change_precond;eeg_pleft_lbeta_mean_full_change_precond;eeg_c_specent_full_change_precond;eeg_pleft_halpha_mean_full_change_precond;eeg_c_sampent_full_change_precond;gsr_skin_conductance_eda_pkrate_nk_full_change_precond"
2025-11-26 17:47:54.503652,2,"stress_label",20,64,0.1,0.538461538461538,0.538461538461538,NA,20,"top20","eeg_tleft_sampent_full_change_precond;eeg_c_theta_mean_full_change_precond;eeg_tleft_halpha_mean_full_change_precond;pupil_dilation_sd_full_change_precond;gsr_skin_conductance_eda_tonic_mean_nk_full_change_precond;eeg_t_sampent_full_change_precond;eeg_pright_sampent_full_change_precond;hr_heartrate_bpm_mean_abs_full_change_precond;eeg_tleft_lalpha_mean_full_change_precond;eeg_fl_hbeta_mean_full_change_precond;hrv_rmssd_full_change_precond;pupil_asymmetry_full_change_precond;eeg_tright_halpha_mean_full_change_precond;eeg_fr_sampent_full_change_precond;eeg_fm_theta_mean_full_change_precond;eeg_pleft_lbeta_mean_full_change_precond;eeg_c_specent_full_change_precond;eeg_pleft_halpha_mean_full_change_precond;eeg_c_sampent_full_change_precond;gsr_skin_conductance_eda_pkrate_nk_full_change_precond"
2025-11-26 17:47:55.677455,2,"stress_label",20,128,0.1,0.538461538461538,0.538461538461538,NA,20,"top20","eeg_tleft_sampent_full_change_precond;eeg_c_theta_mean_full_change_precond;eeg_tleft_halpha_mean_full_change_precond;pupil_dilation_sd_full_change_precond;gsr_skin_conductance_eda_tonic_mean_nk_full_change_precond;eeg_t_sampent_full_change_precond;eeg_pright_sampent_full_change_precond;hr_heartrate_bpm_mean_abs_full_change_precond;eeg_tleft_lalpha_mean_full_change_precond;eeg_fl_hbeta_mean_full_change_precond;hrv_rmssd_full_change_precond;pupil_asymmetry_full_change_precond;eeg_tright_halpha_mean_full_change_precond;eeg_fr_sampent_full_change_precond;eeg_fm_theta_mean_full_change_precond;eeg_pleft_lbeta_mean_full_change_precond;eeg_c_specent_full_change_precond;eeg_pleft_halpha_mean_full_change_precond;eeg_c_sampent_full_change_precond;gsr_skin_conductance_eda_pkrate_nk_full_change_precond"
2025-11-26 17:47:56.912663,2,"stress_label",20,256,0.1,0.538461538461538,0.538461538461538,NA,20,"top20","eeg_tleft_sampent_full_change_precond;eeg_c_theta_mean_full_change_precond;eeg_tleft_halpha_mean_full_change_precond;pupil_dilation_sd_full_change_precond;gsr_skin_conductance_eda_tonic_mean_nk_full_change_precond;eeg_t_sampent_full_change_precond;eeg_pright_sampent_full_change_precond;hr_heartrate_bpm_mean_abs_full_change_precond;eeg_tleft_lalpha_mean_full_change_precond;eeg_fl_hbeta_mean_full_change_precond;hrv_rmssd_full_change_precond;pupil_asymmetry_full_change_precond;eeg_tright_halpha_mean_full_change_precond;eeg_fr_sampent_full_change_precond;eeg_fm_theta_mean_full_change_precond;eeg_pleft_lbeta_mean_full_change_precond;eeg_c_specent_full_change_precond;eeg_pleft_halpha_mean_full_change_precond;eeg_c_sampent_full_change_precond;gsr_skin_conductance_eda_pkrate_nk_full_change_precond"
2025-11-26 17:47:57.854681,2,"stress_label",10,2,0.0078125,0.621794871794872,0.66025641025641,0.611965811965812,10,"top10","eeg_tleft_sampent_full_change_precond;eeg_c_theta_mean_full_change_precond;eeg_tleft_halpha_mean_full_change_precond;pupil_dilation_sd_full_change_precond;gsr_skin_conductance_eda_tonic_mean_nk_full_change_precond;eeg_t_sampent_full_change_precond;eeg_pright_sampent_full_change_precond;hr_heartrate_bpm_mean_abs_full_change_precond;eeg_tleft_lalpha_mean_full_change_precond;eeg_fl_hbeta_mean_full_change_precond"
2025-11-26 17:47:58.799492,2,"stress_label",10,4,0.0078125,0.608974358974359,0.647435897435897,0.605128205128205,10,"top10","eeg_tleft_sampent_full_change_precond;eeg_c_theta_mean_full_change_precond;eeg_tleft_halpha_mean_full_change_precond;pupil_dilation_sd_full_change_precond;gsr_skin_conductance_eda_tonic_mean_nk_full_change_precond;eeg_t_sampent_full_change_precond;eeg_pright_sampent_full_change_precond;hr_heartrate_bpm_mean_abs_full_change_precond;eeg_tleft_lalpha_mean_full_change_precond;eeg_fl_hbeta_mean_full_change_precond"
2025-11-26 17:47:59.714482,2,"stress_label",10,8,0.0078125,0.647435897435897,0.66025641025641,0.643589743589744,10,"top10","eeg_tleft_sampent_full_change_precond;eeg_c_theta_mean_full_change_precond;eeg_tleft_halpha_mean_full_change_precond;pupil_dilation_sd_full_change_precond;gsr_skin_conductance_eda_tonic_mean_nk_full_change_precond;eeg_t_sampent_full_change_precond;eeg_pright_sampent_full_change_precond;hr_heartrate_bpm_mean_abs_full_change_precond;eeg_tleft_lalpha_mean_full_change_precond;eeg_fl_hbeta_mean_full_change_precond"
2025-11-26 17:48:00.55665,2,"stress_label",10,16,0.0078125,0.628205128205128,0.647435897435897,0.612820512820513,10,"top10","eeg_tleft_sampent_full_change_precond;eeg_c_theta_mean_full_change_precond;eeg_tleft_halpha_mean_full_change_precond;pupil_dilation_sd_full_change_precond;gsr_skin_conductance_eda_tonic_mean_nk_full_change_precond;eeg_t_sampent_full_change_precond;eeg_pright_sampent_full_change_precond;hr_heartrate_bpm_mean_abs_full_change_precond;eeg_tleft_lalpha_mean_full_change_precond;eeg_fl_hbeta_mean_full_change_precond"
2025-11-26 17:48:01.48677,2,"stress_label",10,32,0.0078125,0.641025641025641,0.66025641025641,0.621367521367521,10,"top10","eeg_tleft_sampent_full_change_precond;eeg_c_theta_mean_full_change_precond;eeg_tleft_halpha_mean_full_change_precond;pupil_dilation_sd_full_change_precond;gsr_skin_conductance_eda_tonic_mean_nk_full_change_precond;eeg_t_sampent_full_change_precond;eeg_pright_sampent_full_change_precond;hr_heartrate_bpm_mean_abs_full_change_precond;eeg_tleft_lalpha_mean_full_change_precond;eeg_fl_hbeta_mean_full_change_precond"
2025-11-26 17:48:02.277092,2,"stress_label",10,64,0.0078125,0.628205128205128,0.647435897435897,0.622222222222222,10,"top10","eeg_tleft_sampent_full_change_precond;eeg_c_theta_mean_full_change_precond;eeg_tleft_halpha_mean_full_change_precond;pupil_dilation_sd_full_change_precond;gsr_skin_conductance_eda_tonic_mean_nk_full_change_precond;eeg_t_sampent_full_change_precond;eeg_pright_sampent_full_change_precond;hr_heartrate_bpm_mean_abs_full_change_precond;eeg_tleft_lalpha_mean_full_change_precond;eeg_fl_hbeta_mean_full_change_precond"
2025-11-26 17:48:03.236123,2,"stress_label",10,128,0.0078125,0.615384615384615,0.66025641025641,0.611111111111111,10,"top10","eeg_tleft_sampent_full_change_precond;eeg_c_theta_mean_full_change_precond;eeg_tleft_halpha_mean_full_change_precond;pupil_dilation_sd_full_change_precond;gsr_skin_conductance_eda_tonic_mean_nk_full_change_precond;eeg_t_sampent_full_change_precond;eeg_pright_sampent_full_change_precond;hr_heartrate_bpm_mean_abs_full_change_precond;eeg_tleft_lalpha_mean_full_change_precond;eeg_fl_hbeta_mean_full_change_precond"
2025-11-26 17:48:04.403665,2,"stress_label",10,256,0.0078125,0.634615384615385,0.634615384615385,0.628205128205128,10,"top10","eeg_tleft_sampent_full_change_precond;eeg_c_theta_mean_full_change_precond;eeg_tleft_halpha_mean_full_change_precond;pupil_dilation_sd_full_change_precond;gsr_skin_conductance_eda_tonic_mean_nk_full_change_precond;eeg_t_sampent_full_change_precond;eeg_pright_sampent_full_change_precond;hr_heartrate_bpm_mean_abs_full_change_precond;eeg_tleft_lalpha_mean_full_change_precond;eeg_fl_hbeta_mean_full_change_precond"
2025-11-26 17:48:05.292436,2,"stress_label",10,2,0.015625,0.615384615384615,0.66025641025641,0.602564102564103,10,"top10","eeg_tleft_sampent_full_change_precond;eeg_c_theta_mean_full_change_precond;eeg_tleft_halpha_mean_full_change_precond;pupil_dilation_sd_full_change_precond;gsr_skin_conductance_eda_tonic_mean_nk_full_change_precond;eeg_t_sampent_full_change_precond;eeg_pright_sampent_full_change_precond;hr_heartrate_bpm_mean_abs_full_change_precond;eeg_tleft_lalpha_mean_full_change_precond;eeg_fl_hbeta_mean_full_change_precond"
2025-11-26 17:48:06.02064,2,"stress_label",10,4,0.015625,0.641025641025641,0.685897435897436,0.635042735042735,10,"top10","eeg_tleft_sampent_full_change_precond;eeg_c_theta_mean_full_change_precond;eeg_tleft_halpha_mean_full_change_precond;pupil_dilation_sd_full_change_precond;gsr_skin_conductance_eda_tonic_mean_nk_full_change_precond;eeg_t_sampent_full_change_precond;eeg_pright_sampent_full_change_precond;hr_heartrate_bpm_mean_abs_full_change_precond;eeg_tleft_lalpha_mean_full_change_precond;eeg_fl_hbeta_mean_full_change_precond"
2025-11-26 17:48:06.773506,2,"stress_label",10,8,0.015625,0.641025641025641,0.67948717948718,0.612820512820513,10,"top10","eeg_tleft_sampent_full_change_precond;eeg_c_theta_mean_full_change_precond;eeg_tleft_halpha_mean_full_change_precond;pupil_dilation_sd_full_change_precond;gsr_skin_conductance_eda_tonic_mean_nk_full_change_precond;eeg_t_sampent_full_change_precond;eeg_pright_sampent_full_change_precond;hr_heartrate_bpm_mean_abs_full_change_precond;eeg_tleft_lalpha_mean_full_change_precond;eeg_fl_hbeta_mean_full_change_precond"
2025-11-26 17:48:07.634844,2,"stress_label",10,16,0.015625,0.647435897435897,0.653846153846154,0.635897435897436,10,"top10","eeg_tleft_sampent_full_change_precond;eeg_c_theta_mean_full_change_precond;eeg_tleft_halpha_mean_full_change_precond;pupil_dilation_sd_full_change_precond;gsr_skin_conductance_eda_tonic_mean_nk_full_change_precond;eeg_t_sampent_full_change_precond;eeg_pright_sampent_full_change_precond;hr_heartrate_bpm_mean_abs_full_change_precond;eeg_tleft_lalpha_mean_full_change_precond;eeg_fl_hbeta_mean_full_change_precond"
2025-11-26 17:48:08.537162,2,"stress_label",10,32,0.015625,0.615384615384615,0.634615384615385,0.61025641025641,10,"top10","eeg_tleft_sampent_full_change_precond;eeg_c_theta_mean_full_change_precond;eeg_tleft_halpha_mean_full_change_precond;pupil_dilation_sd_full_change_precond;gsr_skin_conductance_eda_tonic_mean_nk_full_change_precond;eeg_t_sampent_full_change_precond;eeg_pright_sampent_full_change_precond;hr_heartrate_bpm_mean_abs_full_change_precond;eeg_tleft_lalpha_mean_full_change_precond;eeg_fl_hbeta_mean_full_change_precond"
2025-11-26 17:48:09.557886,2,"stress_label",10,64,0.015625,0.647435897435897,0.634615384615385,0.631623931623932,10,"top10","eeg_tleft_sampent_full_change_precond;eeg_c_theta_mean_full_change_precond;eeg_tleft_halpha_mean_full_change_precond;pupil_dilation_sd_full_change_precond;gsr_skin_conductance_eda_tonic_mean_nk_full_change_precond;eeg_t_sampent_full_change_precond;eeg_pright_sampent_full_change_precond;hr_heartrate_bpm_mean_abs_full_change_precond;eeg_tleft_lalpha_mean_full_change_precond;eeg_fl_hbeta_mean_full_change_precond"
2025-11-26 17:48:10.667224,2,"stress_label",10,128,0.015625,0.602564102564103,0.641025641025641,0.591452991452991,10,"top10","eeg_tleft_sampent_full_change_precond;eeg_c_theta_mean_full_change_precond;eeg_tleft_halpha_mean_full_change_precond;pupil_dilation_sd_full_change_precond;gsr_skin_conductance_eda_tonic_mean_nk_full_change_precond;eeg_t_sampent_full_change_precond;eeg_pright_sampent_full_change_precond;hr_heartrate_bpm_mean_abs_full_change_precond;eeg_tleft_lalpha_mean_full_change_precond;eeg_fl_hbeta_mean_full_change_precond"
2025-11-26 17:48:12.064822,2,"stress_label",10,256,0.015625,0.602564102564103,0.615384615384615,NA,10,"top10","eeg_tleft_sampent_full_change_precond;eeg_c_theta_mean_full_change_precond;eeg_tleft_halpha_mean_full_change_precond;pupil_dilation_sd_full_change_precond;gsr_skin_conductance_eda_tonic_mean_nk_full_change_precond;eeg_t_sampent_full_change_precond;eeg_pright_sampent_full_change_precond;hr_heartrate_bpm_mean_abs_full_change_precond;eeg_tleft_lalpha_mean_full_change_precond;eeg_fl_hbeta_mean_full_change_precond"
2025-11-26 17:48:12.947073,2,"stress_label",10,2,0.03125,0.647435897435897,0.673076923076923,0.61965811965812,10,"top10","eeg_tleft_sampent_full_change_precond;eeg_c_theta_mean_full_change_precond;eeg_tleft_halpha_mean_full_change_precond;pupil_dilation_sd_full_change_precond;gsr_skin_conductance_eda_tonic_mean_nk_full_change_precond;eeg_t_sampent_full_change_precond;eeg_pright_sampent_full_change_precond;hr_heartrate_bpm_mean_abs_full_change_precond;eeg_tleft_lalpha_mean_full_change_precond;eeg_fl_hbeta_mean_full_change_precond"
2025-11-26 17:48:13.837033,2,"stress_label",10,4,0.03125,0.628205128205128,0.673076923076923,0.605128205128205,10,"top10","eeg_tleft_sampent_full_change_precond;eeg_c_theta_mean_full_change_precond;eeg_tleft_halpha_mean_full_change_precond;pupil_dilation_sd_full_change_precond;gsr_skin_conductance_eda_tonic_mean_nk_full_change_precond;eeg_t_sampent_full_change_precond;eeg_pright_sampent_full_change_precond;hr_heartrate_bpm_mean_abs_full_change_precond;eeg_tleft_lalpha_mean_full_change_precond;eeg_fl_hbeta_mean_full_change_precond"
2025-11-26 17:48:14.719573,2,"stress_label",10,8,0.03125,0.608974358974359,0.653846153846154,0.603418803418803,10,"top10","eeg_tleft_sampent_full_change_precond;eeg_c_theta_mean_full_change_precond;eeg_tleft_halpha_mean_full_change_precond;pupil_dilation_sd_full_change_precond;gsr_skin_conductance_eda_tonic_mean_nk_full_change_precond;eeg_t_sampent_full_change_precond;eeg_pright_sampent_full_change_precond;hr_heartrate_bpm_mean_abs_full_change_precond;eeg_tleft_lalpha_mean_full_change_precond;eeg_fl_hbeta_mean_full_change_precond"
2025-11-26 17:48:15.644958,2,"stress_label",10,16,0.03125,0.615384615384615,0.653846153846154,0.605982905982906,10,"top10","eeg_tleft_sampent_full_change_precond;eeg_c_theta_mean_full_change_precond;eeg_tleft_halpha_mean_full_change_precond;pupil_dilation_sd_full_change_precond;gsr_skin_conductance_eda_tonic_mean_nk_full_change_precond;eeg_t_sampent_full_change_precond;eeg_pright_sampent_full_change_precond;hr_heartrate_bpm_mean_abs_full_change_precond;eeg_tleft_lalpha_mean_full_change_precond;eeg_fl_hbeta_mean_full_change_precond"
2025-11-26 17:48:16.62572,2,"stress_label",10,32,0.03125,0.596153846153846,0.653846153846154,0.582051282051282,10,"top10","eeg_tleft_sampent_full_change_precond;eeg_c_theta_mean_full_change_precond;eeg_tleft_halpha_mean_full_change_precond;pupil_dilation_sd_full_change_precond;gsr_skin_conductance_eda_tonic_mean_nk_full_change_precond;eeg_t_sampent_full_change_precond;eeg_pright_sampent_full_change_precond;hr_heartrate_bpm_mean_abs_full_change_precond;eeg_tleft_lalpha_mean_full_change_precond;eeg_fl_hbeta_mean_full_change_precond"
2025-11-26 17:48:17.699442,2,"stress_label",10,64,0.03125,0.576923076923077,0.615384615384615,NA,10,"top10","eeg_tleft_sampent_full_change_precond;eeg_c_theta_mean_full_change_precond;eeg_tleft_halpha_mean_full_change_precond;pupil_dilation_sd_full_change_precond;gsr_skin_conductance_eda_tonic_mean_nk_full_change_precond;eeg_t_sampent_full_change_precond;eeg_pright_sampent_full_change_precond;hr_heartrate_bpm_mean_abs_full_change_precond;eeg_tleft_lalpha_mean_full_change_precond;eeg_fl_hbeta_mean_full_change_precond"
2025-11-26 17:48:18.917784,2,"stress_label",10,128,0.03125,0.519230769230769,0.532051282051282,NA,10,"top10","eeg_tleft_sampent_full_change_precond;eeg_c_theta_mean_full_change_precond;eeg_tleft_halpha_mean_full_change_precond;pupil_dilation_sd_full_change_precond;gsr_skin_conductance_eda_tonic_mean_nk_full_change_precond;eeg_t_sampent_full_change_precond;eeg_pright_sampent_full_change_precond;hr_heartrate_bpm_mean_abs_full_change_precond;eeg_tleft_lalpha_mean_full_change_precond;eeg_fl_hbeta_mean_full_change_precond"
2025-11-26 17:48:20.33685,2,"stress_label",10,256,0.03125,0.532051282051282,0.493589743589744,NA,10,"top10","eeg_tleft_sampent_full_change_precond;eeg_c_theta_mean_full_change_precond;eeg_tleft_halpha_mean_full_change_precond;pupil_dilation_sd_full_change_precond;gsr_skin_conductance_eda_tonic_mean_nk_full_change_precond;eeg_t_sampent_full_change_precond;eeg_pright_sampent_full_change_precond;hr_heartrate_bpm_mean_abs_full_change_precond;eeg_tleft_lalpha_mean_full_change_precond;eeg_fl_hbeta_mean_full_change_precond"
2025-11-26 17:48:21.211171,2,"stress_label",10,2,0.0625,0.641025641025641,0.66025641025641,0.61965811965812,10,"top10","eeg_tleft_sampent_full_change_precond;eeg_c_theta_mean_full_change_precond;eeg_tleft_halpha_mean_full_change_precond;pupil_dilation_sd_full_change_precond;gsr_skin_conductance_eda_tonic_mean_nk_full_change_precond;eeg_t_sampent_full_change_precond;eeg_pright_sampent_full_change_precond;hr_heartrate_bpm_mean_abs_full_change_precond;eeg_tleft_lalpha_mean_full_change_precond;eeg_fl_hbeta_mean_full_change_precond"
2025-11-26 17:48:22.083051,2,"stress_label",10,4,0.0625,0.576923076923077,0.628205128205128,NA,10,"top10","eeg_tleft_sampent_full_change_precond;eeg_c_theta_mean_full_change_precond;eeg_tleft_halpha_mean_full_change_precond;pupil_dilation_sd_full_change_precond;gsr_skin_conductance_eda_tonic_mean_nk_full_change_precond;eeg_t_sampent_full_change_precond;eeg_pright_sampent_full_change_precond;hr_heartrate_bpm_mean_abs_full_change_precond;eeg_tleft_lalpha_mean_full_change_precond;eeg_fl_hbeta_mean_full_change_precond"
2025-11-26 17:48:22.895697,2,"stress_label",10,8,0.0625,0.58974358974359,0.634615384615385,NA,10,"top10","eeg_tleft_sampent_full_change_precond;eeg_c_theta_mean_full_change_precond;eeg_tleft_halpha_mean_full_change_precond;pupil_dilation_sd_full_change_precond;gsr_skin_conductance_eda_tonic_mean_nk_full_change_precond;eeg_t_sampent_full_change_precond;eeg_pright_sampent_full_change_precond;hr_heartrate_bpm_mean_abs_full_change_precond;eeg_tleft_lalpha_mean_full_change_precond;eeg_fl_hbeta_mean_full_change_precond"
2025-11-26 17:48:23.70697,2,"stress_label",10,16,0.0625,0.564102564102564,0.602564102564103,NA,10,"top10","eeg_tleft_sampent_full_change_precond;eeg_c_theta_mean_full_change_precond;eeg_tleft_halpha_mean_full_change_precond;pupil_dilation_sd_full_change_precond;gsr_skin_conductance_eda_tonic_mean_nk_full_change_precond;eeg_t_sampent_full_change_precond;eeg_pright_sampent_full_change_precond;hr_heartrate_bpm_mean_abs_full_change_precond;eeg_tleft_lalpha_mean_full_change_precond;eeg_fl_hbeta_mean_full_change_precond"
2025-11-26 17:48:24.583603,2,"stress_label",10,32,0.0625,0.512820512820513,0.525641025641026,NA,10,"top10","eeg_tleft_sampent_full_change_precond;eeg_c_theta_mean_full_change_precond;eeg_tleft_halpha_mean_full_change_precond;pupil_dilation_sd_full_change_precond;gsr_skin_conductance_eda_tonic_mean_nk_full_change_precond;eeg_t_sampent_full_change_precond;eeg_pright_sampent_full_change_precond;hr_heartrate_bpm_mean_abs_full_change_precond;eeg_tleft_lalpha_mean_full_change_precond;eeg_fl_hbeta_mean_full_change_precond"
2025-11-26 17:48:25.645604,2,"stress_label",10,64,0.0625,0.506410256410256,0.480769230769231,0.487179487179487,10,"top10","eeg_tleft_sampent_full_change_precond;eeg_c_theta_mean_full_change_precond;eeg_tleft_halpha_mean_full_change_precond;pupil_dilation_sd_full_change_precond;gsr_skin_conductance_eda_tonic_mean_nk_full_change_precond;eeg_t_sampent_full_change_precond;eeg_pright_sampent_full_change_precond;hr_heartrate_bpm_mean_abs_full_change_precond;eeg_tleft_lalpha_mean_full_change_precond;eeg_fl_hbeta_mean_full_change_precond"
2025-11-26 17:48:26.83728,2,"stress_label",10,128,0.0625,0.506410256410256,0.519230769230769,0.488888888888889,10,"top10","eeg_tleft_sampent_full_change_precond;eeg_c_theta_mean_full_change_precond;eeg_tleft_halpha_mean_full_change_precond;pupil_dilation_sd_full_change_precond;gsr_skin_conductance_eda_tonic_mean_nk_full_change_precond;eeg_t_sampent_full_change_precond;eeg_pright_sampent_full_change_precond;hr_heartrate_bpm_mean_abs_full_change_precond;eeg_tleft_lalpha_mean_full_change_precond;eeg_fl_hbeta_mean_full_change_precond"
2025-11-26 17:48:28.015419,2,"stress_label",10,256,0.0625,0.551282051282051,0.467948717948718,0.539316239316239,10,"top10","eeg_tleft_sampent_full_change_precond;eeg_c_theta_mean_full_change_precond;eeg_tleft_halpha_mean_full_change_precond;pupil_dilation_sd_full_change_precond;gsr_skin_conductance_eda_tonic_mean_nk_full_change_precond;eeg_t_sampent_full_change_precond;eeg_pright_sampent_full_change_precond;hr_heartrate_bpm_mean_abs_full_change_precond;eeg_tleft_lalpha_mean_full_change_precond;eeg_fl_hbeta_mean_full_change_precond"
2025-11-26 17:48:28.910962,2,"stress_label",10,2,0.125,0.602564102564103,0.608974358974359,NA,10,"top10","eeg_tleft_sampent_full_change_precond;eeg_c_theta_mean_full_change_precond;eeg_tleft_halpha_mean_full_change_precond;pupil_dilation_sd_full_change_precond;gsr_skin_conductance_eda_tonic_mean_nk_full_change_precond;eeg_t_sampent_full_change_precond;eeg_pright_sampent_full_change_precond;hr_heartrate_bpm_mean_abs_full_change_precond;eeg_tleft_lalpha_mean_full_change_precond;eeg_fl_hbeta_mean_full_change_precond"
2025-11-26 17:48:29.856221,2,"stress_label",10,4,0.125,0.58974358974359,0.602564102564103,NA,10,"top10","eeg_tleft_sampent_full_change_precond;eeg_c_theta_mean_full_change_precond;eeg_tleft_halpha_mean_full_change_precond;pupil_dilation_sd_full_change_precond;gsr_skin_conductance_eda_tonic_mean_nk_full_change_precond;eeg_t_sampent_full_change_precond;eeg_pright_sampent_full_change_precond;hr_heartrate_bpm_mean_abs_full_change_precond;eeg_tleft_lalpha_mean_full_change_precond;eeg_fl_hbeta_mean_full_change_precond"
2025-11-26 17:48:30.813225,2,"stress_label",10,8,0.125,0.551282051282051,0.5,NA,10,"top10","eeg_tleft_sampent_full_change_precond;eeg_c_theta_mean_full_change_precond;eeg_tleft_halpha_mean_full_change_precond;pupil_dilation_sd_full_change_precond;gsr_skin_conductance_eda_tonic_mean_nk_full_change_precond;eeg_t_sampent_full_change_precond;eeg_pright_sampent_full_change_precond;hr_heartrate_bpm_mean_abs_full_change_precond;eeg_tleft_lalpha_mean_full_change_precond;eeg_fl_hbeta_mean_full_change_precond"
2025-11-26 17:48:31.761888,2,"stress_label",10,16,0.125,0.5,0.493589743589744,0.48034188034188,10,"top10","eeg_tleft_sampent_full_change_precond;eeg_c_theta_mean_full_change_precond;eeg_tleft_halpha_mean_full_change_precond;pupil_dilation_sd_full_change_precond;gsr_skin_conductance_eda_tonic_mean_nk_full_change_precond;eeg_t_sampent_full_change_precond;eeg_pright_sampent_full_change_precond;hr_heartrate_bpm_mean_abs_full_change_precond;eeg_tleft_lalpha_mean_full_change_precond;eeg_fl_hbeta_mean_full_change_precond"
2025-11-26 17:48:32.710691,2,"stress_label",10,32,0.125,0.506410256410256,0.5,0.482905982905983,10,"top10","eeg_tleft_sampent_full_change_precond;eeg_c_theta_mean_full_change_precond;eeg_tleft_halpha_mean_full_change_precond;pupil_dilation_sd_full_change_precond;gsr_skin_conductance_eda_tonic_mean_nk_full_change_precond;eeg_t_sampent_full_change_precond;eeg_pright_sampent_full_change_precond;hr_heartrate_bpm_mean_abs_full_change_precond;eeg_tleft_lalpha_mean_full_change_precond;eeg_fl_hbeta_mean_full_change_precond"
2025-11-26 17:48:33.694495,2,"stress_label",10,64,0.125,0.487179487179487,0.519230769230769,NA,10,"top10","eeg_tleft_sampent_full_change_precond;eeg_c_theta_mean_full_change_precond;eeg_tleft_halpha_mean_full_change_precond;pupil_dilation_sd_full_change_precond;gsr_skin_conductance_eda_tonic_mean_nk_full_change_precond;eeg_t_sampent_full_change_precond;eeg_pright_sampent_full_change_precond;hr_heartrate_bpm_mean_abs_full_change_precond;eeg_tleft_lalpha_mean_full_change_precond;eeg_fl_hbeta_mean_full_change_precond"
2025-11-26 17:48:34.508543,2,"stress_label",10,128,0.125,0.487179487179487,0.506410256410256,NA,10,"top10","eeg_tleft_sampent_full_change_precond;eeg_c_theta_mean_full_change_precond;eeg_tleft_halpha_mean_full_change_precond;pupil_dilation_sd_full_change_precond;gsr_skin_conductance_eda_tonic_mean_nk_full_change_precond;eeg_t_sampent_full_change_precond;eeg_pright_sampent_full_change_precond;hr_heartrate_bpm_mean_abs_full_change_precond;eeg_tleft_lalpha_mean_full_change_precond;eeg_fl_hbeta_mean_full_change_precond"
2025-11-26 17:48:35.522022,2,"stress_label",10,256,0.125,0.487179487179487,0.532051282051282,NA,10,"top10","eeg_tleft_sampent_full_change_precond;eeg_c_theta_mean_full_change_precond;eeg_tleft_halpha_mean_full_change_precond;pupil_dilation_sd_full_change_precond;gsr_skin_conductance_eda_tonic_mean_nk_full_change_precond;eeg_t_sampent_full_change_precond;eeg_pright_sampent_full_change_precond;hr_heartrate_bpm_mean_abs_full_change_precond;eeg_tleft_lalpha_mean_full_change_precond;eeg_fl_hbeta_mean_full_change_precond"
2025-11-26 17:48:36.335943,2,"stress_label",10,2,0.03,0.647435897435897,0.673076923076923,0.61965811965812,10,"top10","eeg_tleft_sampent_full_change_precond;eeg_c_theta_mean_full_change_precond;eeg_tleft_halpha_mean_full_change_precond;pupil_dilation_sd_full_change_precond;gsr_skin_conductance_eda_tonic_mean_nk_full_change_precond;eeg_t_sampent_full_change_precond;eeg_pright_sampent_full_change_precond;hr_heartrate_bpm_mean_abs_full_change_precond;eeg_tleft_lalpha_mean_full_change_precond;eeg_fl_hbeta_mean_full_change_precond"
2025-11-26 17:48:37.386658,2,"stress_label",10,4,0.03,0.628205128205128,0.685897435897436,0.602564102564103,10,"top10","eeg_tleft_sampent_full_change_precond;eeg_c_theta_mean_full_change_precond;eeg_tleft_halpha_mean_full_change_precond;pupil_dilation_sd_full_change_precond;gsr_skin_conductance_eda_tonic_mean_nk_full_change_precond;eeg_t_sampent_full_change_precond;eeg_pright_sampent_full_change_precond;hr_heartrate_bpm_mean_abs_full_change_precond;eeg_tleft_lalpha_mean_full_change_precond;eeg_fl_hbeta_mean_full_change_precond"
2025-11-26 17:48:38.263833,2,"stress_label",10,8,0.03,0.608974358974359,0.653846153846154,0.603418803418803,10,"top10","eeg_tleft_sampent_full_change_precond;eeg_c_theta_mean_full_change_precond;eeg_tleft_halpha_mean_full_change_precond;pupil_dilation_sd_full_change_precond;gsr_skin_conductance_eda_tonic_mean_nk_full_change_precond;eeg_t_sampent_full_change_precond;eeg_pright_sampent_full_change_precond;hr_heartrate_bpm_mean_abs_full_change_precond;eeg_tleft_lalpha_mean_full_change_precond;eeg_fl_hbeta_mean_full_change_precond"
2025-11-26 17:48:39.162731,2,"stress_label",10,16,0.03,0.602564102564103,0.653846153846154,0.603418803418803,10,"top10","eeg_tleft_sampent_full_change_precond;eeg_c_theta_mean_full_change_precond;eeg_tleft_halpha_mean_full_change_precond;pupil_dilation_sd_full_change_precond;gsr_skin_conductance_eda_tonic_mean_nk_full_change_precond;eeg_t_sampent_full_change_precond;eeg_pright_sampent_full_change_precond;hr_heartrate_bpm_mean_abs_full_change_precond;eeg_tleft_lalpha_mean_full_change_precond;eeg_fl_hbeta_mean_full_change_precond"
2025-11-26 17:48:40.112985,2,"stress_label",10,32,0.03,0.608974358974359,0.653846153846154,0.595726495726496,10,"top10","eeg_tleft_sampent_full_change_precond;eeg_c_theta_mean_full_change_precond;eeg_tleft_halpha_mean_full_change_precond;pupil_dilation_sd_full_change_precond;gsr_skin_conductance_eda_tonic_mean_nk_full_change_precond;eeg_t_sampent_full_change_precond;eeg_pright_sampent_full_change_precond;hr_heartrate_bpm_mean_abs_full_change_precond;eeg_tleft_lalpha_mean_full_change_precond;eeg_fl_hbeta_mean_full_change_precond"
2025-11-26 17:48:41.182348,2,"stress_label",10,64,0.03,0.57051282051282,0.621794871794872,NA,10,"top10","eeg_tleft_sampent_full_change_precond;eeg_c_theta_mean_full_change_precond;eeg_tleft_halpha_mean_full_change_precond;pupil_dilation_sd_full_change_precond;gsr_skin_conductance_eda_tonic_mean_nk_full_change_precond;eeg_t_sampent_full_change_precond;eeg_pright_sampent_full_change_precond;hr_heartrate_bpm_mean_abs_full_change_precond;eeg_tleft_lalpha_mean_full_change_precond;eeg_fl_hbeta_mean_full_change_precond"
2025-11-26 17:48:42.396167,2,"stress_label",10,128,0.03,0.538461538461538,0.525641025641026,NA,10,"top10","eeg_tleft_sampent_full_change_precond;eeg_c_theta_mean_full_change_precond;eeg_tleft_halpha_mean_full_change_precond;pupil_dilation_sd_full_change_precond;gsr_skin_conductance_eda_tonic_mean_nk_full_change_precond;eeg_t_sampent_full_change_precond;eeg_pright_sampent_full_change_precond;hr_heartrate_bpm_mean_abs_full_change_precond;eeg_tleft_lalpha_mean_full_change_precond;eeg_fl_hbeta_mean_full_change_precond"
2025-11-26 17:48:43.777795,2,"stress_label",10,256,0.03,0.532051282051282,0.487179487179487,NA,10,"top10","eeg_tleft_sampent_full_change_precond;eeg_c_theta_mean_full_change_precond;eeg_tleft_halpha_mean_full_change_precond;pupil_dilation_sd_full_change_precond;gsr_skin_conductance_eda_tonic_mean_nk_full_change_precond;eeg_t_sampent_full_change_precond;eeg_pright_sampent_full_change_precond;hr_heartrate_bpm_mean_abs_full_change_precond;eeg_tleft_lalpha_mean_full_change_precond;eeg_fl_hbeta_mean_full_change_precond"
2025-11-26 17:48:44.601145,2,"stress_label",10,2,0.06,0.641025641025641,0.666666666666667,0.61965811965812,10,"top10","eeg_tleft_sampent_full_change_precond;eeg_c_theta_mean_full_change_precond;eeg_tleft_halpha_mean_full_change_precond;pupil_dilation_sd_full_change_precond;gsr_skin_conductance_eda_tonic_mean_nk_full_change_precond;eeg_t_sampent_full_change_precond;eeg_pright_sampent_full_change_precond;hr_heartrate_bpm_mean_abs_full_change_precond;eeg_tleft_lalpha_mean_full_change_precond;eeg_fl_hbeta_mean_full_change_precond"
2025-11-26 17:48:45.445277,2,"stress_label",10,4,0.06,0.583333333333333,0.621794871794872,NA,10,"top10","eeg_tleft_sampent_full_change_precond;eeg_c_theta_mean_full_change_precond;eeg_tleft_halpha_mean_full_change_precond;pupil_dilation_sd_full_change_precond;gsr_skin_conductance_eda_tonic_mean_nk_full_change_precond;eeg_t_sampent_full_change_precond;eeg_pright_sampent_full_change_precond;hr_heartrate_bpm_mean_abs_full_change_precond;eeg_tleft_lalpha_mean_full_change_precond;eeg_fl_hbeta_mean_full_change_precond"
2025-11-26 17:48:46.234939,2,"stress_label",10,8,0.06,0.602564102564103,0.628205128205128,NA,10,"top10","eeg_tleft_sampent_full_change_precond;eeg_c_theta_mean_full_change_precond;eeg_tleft_halpha_mean_full_change_precond;pupil_dilation_sd_full_change_precond;gsr_skin_conductance_eda_tonic_mean_nk_full_change_precond;eeg_t_sampent_full_change_precond;eeg_pright_sampent_full_change_precond;hr_heartrate_bpm_mean_abs_full_change_precond;eeg_tleft_lalpha_mean_full_change_precond;eeg_fl_hbeta_mean_full_change_precond"
2025-11-26 17:48:47.172394,2,"stress_label",10,16,0.06,0.57051282051282,0.58974358974359,NA,10,"top10","eeg_tleft_sampent_full_change_precond;eeg_c_theta_mean_full_change_precond;eeg_tleft_halpha_mean_full_change_precond;pupil_dilation_sd_full_change_precond;gsr_skin_conductance_eda_tonic_mean_nk_full_change_precond;eeg_t_sampent_full_change_precond;eeg_pright_sampent_full_change_precond;hr_heartrate_bpm_mean_abs_full_change_precond;eeg_tleft_lalpha_mean_full_change_precond;eeg_fl_hbeta_mean_full_change_precond"
2025-11-26 17:48:48.204284,2,"stress_label",10,32,0.06,0.512820512820513,0.525641025641026,NA,10,"top10","eeg_tleft_sampent_full_change_precond;eeg_c_theta_mean_full_change_precond;eeg_tleft_halpha_mean_full_change_precond;pupil_dilation_sd_full_change_precond;gsr_skin_conductance_eda_tonic_mean_nk_full_change_precond;eeg_t_sampent_full_change_precond;eeg_pright_sampent_full_change_precond;hr_heartrate_bpm_mean_abs_full_change_precond;eeg_tleft_lalpha_mean_full_change_precond;eeg_fl_hbeta_mean_full_change_precond"
2025-11-26 17:48:49.289475,2,"stress_label",10,64,0.06,0.512820512820513,0.519230769230769,0.495726495726496,10,"top10","eeg_tleft_sampent_full_change_precond;eeg_c_theta_mean_full_change_precond;eeg_tleft_halpha_mean_full_change_precond;pupil_dilation_sd_full_change_precond;gsr_skin_conductance_eda_tonic_mean_nk_full_change_precond;eeg_t_sampent_full_change_precond;eeg_pright_sampent_full_change_precond;hr_heartrate_bpm_mean_abs_full_change_precond;eeg_tleft_lalpha_mean_full_change_precond;eeg_fl_hbeta_mean_full_change_precond"
2025-11-26 17:48:50.472839,2,"stress_label",10,128,0.06,0.506410256410256,0.519230769230769,0.488888888888889,10,"top10","eeg_tleft_sampent_full_change_precond;eeg_c_theta_mean_full_change_precond;eeg_tleft_halpha_mean_full_change_precond;pupil_dilation_sd_full_change_precond;gsr_skin_conductance_eda_tonic_mean_nk_full_change_precond;eeg_t_sampent_full_change_precond;eeg_pright_sampent_full_change_precond;hr_heartrate_bpm_mean_abs_full_change_precond;eeg_tleft_lalpha_mean_full_change_precond;eeg_fl_hbeta_mean_full_change_precond"
2025-11-26 17:48:51.564603,2,"stress_label",10,256,0.06,0.557692307692308,0.519230769230769,0.542735042735043,10,"top10","eeg_tleft_sampent_full_change_precond;eeg_c_theta_mean_full_change_precond;eeg_tleft_halpha_mean_full_change_precond;pupil_dilation_sd_full_change_precond;gsr_skin_conductance_eda_tonic_mean_nk_full_change_precond;eeg_t_sampent_full_change_precond;eeg_pright_sampent_full_change_precond;hr_heartrate_bpm_mean_abs_full_change_precond;eeg_tleft_lalpha_mean_full_change_precond;eeg_fl_hbeta_mean_full_change_precond"
2025-11-26 17:48:52.414722,2,"stress_label",10,2,0.1,0.621794871794872,0.608974358974359,NA,10,"top10","eeg_tleft_sampent_full_change_precond;eeg_c_theta_mean_full_change_precond;eeg_tleft_halpha_mean_full_change_precond;pupil_dilation_sd_full_change_precond;gsr_skin_conductance_eda_tonic_mean_nk_full_change_precond;eeg_t_sampent_full_change_precond;eeg_pright_sampent_full_change_precond;hr_heartrate_bpm_mean_abs_full_change_precond;eeg_tleft_lalpha_mean_full_change_precond;eeg_fl_hbeta_mean_full_change_precond"
2025-11-26 17:48:53.282268,2,"stress_label",10,4,0.1,0.596153846153846,0.634615384615385,NA,10,"top10","eeg_tleft_sampent_full_change_precond;eeg_c_theta_mean_full_change_precond;eeg_tleft_halpha_mean_full_change_precond;pupil_dilation_sd_full_change_precond;gsr_skin_conductance_eda_tonic_mean_nk_full_change_precond;eeg_t_sampent_full_change_precond;eeg_pright_sampent_full_change_precond;hr_heartrate_bpm_mean_abs_full_change_precond;eeg_tleft_lalpha_mean_full_change_precond;eeg_fl_hbeta_mean_full_change_precond"
2025-11-26 17:48:54.221298,2,"stress_label",10,8,0.1,0.583333333333333,0.57051282051282,NA,10,"top10","eeg_tleft_sampent_full_change_precond;eeg_c_theta_mean_full_change_precond;eeg_tleft_halpha_mean_full_change_precond;pupil_dilation_sd_full_change_precond;gsr_skin_conductance_eda_tonic_mean_nk_full_change_precond;eeg_t_sampent_full_change_precond;eeg_pright_sampent_full_change_precond;hr_heartrate_bpm_mean_abs_full_change_precond;eeg_tleft_lalpha_mean_full_change_precond;eeg_fl_hbeta_mean_full_change_precond"
2025-11-26 17:48:55.187123,2,"stress_label",10,16,0.1,0.519230769230769,0.493589743589744,NA,10,"top10","eeg_tleft_sampent_full_change_precond;eeg_c_theta_mean_full_change_precond;eeg_tleft_halpha_mean_full_change_precond;pupil_dilation_sd_full_change_precond;gsr_skin_conductance_eda_tonic_mean_nk_full_change_precond;eeg_t_sampent_full_change_precond;eeg_pright_sampent_full_change_precond;hr_heartrate_bpm_mean_abs_full_change_precond;eeg_tleft_lalpha_mean_full_change_precond;eeg_fl_hbeta_mean_full_change_precond"
2025-11-26 17:48:56.121039,2,"stress_label",10,32,0.1,0.5,0.493589743589744,0.483760683760684,10,"top10","eeg_tleft_sampent_full_change_precond;eeg_c_theta_mean_full_change_precond;eeg_tleft_halpha_mean_full_change_precond;pupil_dilation_sd_full_change_precond;gsr_skin_conductance_eda_tonic_mean_nk_full_change_precond;eeg_t_sampent_full_change_precond;eeg_pright_sampent_full_change_precond;hr_heartrate_bpm_mean_abs_full_change_precond;eeg_tleft_lalpha_mean_full_change_precond;eeg_fl_hbeta_mean_full_change_precond"
2025-11-26 17:48:56.957567,2,"stress_label",10,64,0.1,0.525641025641026,0.467948717948718,0.512820512820513,10,"top10","eeg_tleft_sampent_full_change_precond;eeg_c_theta_mean_full_change_precond;eeg_tleft_halpha_mean_full_change_precond;pupil_dilation_sd_full_change_precond;gsr_skin_conductance_eda_tonic_mean_nk_full_change_precond;eeg_t_sampent_full_change_precond;eeg_pright_sampent_full_change_precond;hr_heartrate_bpm_mean_abs_full_change_precond;eeg_tleft_lalpha_mean_full_change_precond;eeg_fl_hbeta_mean_full_change_precond"
2025-11-26 17:48:58.004216,2,"stress_label",10,128,0.1,0.525641025641026,0.519230769230769,0.512820512820513,10,"top10","eeg_tleft_sampent_full_change_precond;eeg_c_theta_mean_full_change_precond;eeg_tleft_halpha_mean_full_change_precond;pupil_dilation_sd_full_change_precond;gsr_skin_conductance_eda_tonic_mean_nk_full_change_precond;eeg_t_sampent_full_change_precond;eeg_pright_sampent_full_change_precond;hr_heartrate_bpm_mean_abs_full_change_precond;eeg_tleft_lalpha_mean_full_change_precond;eeg_fl_hbeta_mean_full_change_precond"
2025-11-26 17:48:59.051737,2,"stress_label",10,256,0.1,0.525641025641026,0.506410256410256,0.512820512820513,10,"top10","eeg_tleft_sampent_full_change_precond;eeg_c_theta_mean_full_change_precond;eeg_tleft_halpha_mean_full_change_precond;pupil_dilation_sd_full_change_precond;gsr_skin_conductance_eda_tonic_mean_nk_full_change_precond;eeg_t_sampent_full_change_precond;eeg_pright_sampent_full_change_precond;hr_heartrate_bpm_mean_abs_full_change_precond;eeg_tleft_lalpha_mean_full_change_precond;eeg_fl_hbeta_mean_full_change_precond"
2025-11-26 17:48:59.886881,2,"stress_label",5,2,0.0078125,0.621794871794872,0.692307692307692,0.626495726495726,5,"top5","eeg_tleft_sampent_full_change_precond;eeg_c_theta_mean_full_change_precond;eeg_tleft_halpha_mean_full_change_precond;pupil_dilation_sd_full_change_precond;gsr_skin_conductance_eda_tonic_mean_nk_full_change_precond"
2025-11-26 17:49:00.632084,2,"stress_label",5,4,0.0078125,0.583333333333333,0.666666666666667,0.588034188034188,5,"top5","eeg_tleft_sampent_full_change_precond;eeg_c_theta_mean_full_change_precond;eeg_tleft_halpha_mean_full_change_precond;pupil_dilation_sd_full_change_precond;gsr_skin_conductance_eda_tonic_mean_nk_full_change_precond"
2025-11-26 17:49:01.35898,2,"stress_label",5,8,0.0078125,0.596153846153846,0.647435897435897,0.586324786324786,5,"top5","eeg_tleft_sampent_full_change_precond;eeg_c_theta_mean_full_change_precond;eeg_tleft_halpha_mean_full_change_precond;pupil_dilation_sd_full_change_precond;gsr_skin_conductance_eda_tonic_mean_nk_full_change_precond"
2025-11-26 17:49:02.095081,2,"stress_label",5,16,0.0078125,0.576923076923077,0.621794871794872,NA,5,"top5","eeg_tleft_sampent_full_change_precond;eeg_c_theta_mean_full_change_precond;eeg_tleft_halpha_mean_full_change_precond;pupil_dilation_sd_full_change_precond;gsr_skin_conductance_eda_tonic_mean_nk_full_change_precond"
2025-11-26 17:49:02.854504,2,"stress_label",5,32,0.0078125,0.615384615384615,0.628205128205128,0.592307692307692,5,"top5","eeg_tleft_sampent_full_change_precond;eeg_c_theta_mean_full_change_precond;eeg_tleft_halpha_mean_full_change_precond;pupil_dilation_sd_full_change_precond;gsr_skin_conductance_eda_tonic_mean_nk_full_change_precond"
2025-11-26 17:49:03.641103,2,"stress_label",5,64,0.0078125,0.641025641025641,0.641025641025641,0.61025641025641,5,"top5","eeg_tleft_sampent_full_change_precond;eeg_c_theta_mean_full_change_precond;eeg_tleft_halpha_mean_full_change_precond;pupil_dilation_sd_full_change_precond;gsr_skin_conductance_eda_tonic_mean_nk_full_change_precond"
2025-11-26 17:49:04.29155,2,"stress_label",5,128,0.0078125,0.641025641025641,0.666666666666667,0.613675213675214,5,"top5","eeg_tleft_sampent_full_change_precond;eeg_c_theta_mean_full_change_precond;eeg_tleft_halpha_mean_full_change_precond;pupil_dilation_sd_full_change_precond;gsr_skin_conductance_eda_tonic_mean_nk_full_change_precond"
2025-11-26 17:49:05.021169,2,"stress_label",5,256,0.0078125,0.666666666666667,0.666666666666667,0.64017094017094,5,"top5","eeg_tleft_sampent_full_change_precond;eeg_c_theta_mean_full_change_precond;eeg_tleft_halpha_mean_full_change_precond;pupil_dilation_sd_full_change_precond;gsr_skin_conductance_eda_tonic_mean_nk_full_change_precond"
2025-11-26 17:49:05.761383,2,"stress_label",5,2,0.015625,0.596153846153846,0.666666666666667,0.595726495726496,5,"top5","eeg_tleft_sampent_full_change_precond;eeg_c_theta_mean_full_change_precond;eeg_tleft_halpha_mean_full_change_precond;pupil_dilation_sd_full_change_precond;gsr_skin_conductance_eda_tonic_mean_nk_full_change_precond"
2025-11-26 17:49:06.492488,2,"stress_label",5,4,0.015625,0.596153846153846,0.647435897435897,0.591452991452991,5,"top5","eeg_tleft_sampent_full_change_precond;eeg_c_theta_mean_full_change_precond;eeg_tleft_halpha_mean_full_change_precond;pupil_dilation_sd_full_change_precond;gsr_skin_conductance_eda_tonic_mean_nk_full_change_precond"
2025-11-26 17:49:07.24323,2,"stress_label",5,8,0.015625,0.596153846153846,0.634615384615385,0.577777777777778,5,"top5","eeg_tleft_sampent_full_change_precond;eeg_c_theta_mean_full_change_precond;eeg_tleft_halpha_mean_full_change_precond;pupil_dilation_sd_full_change_precond;gsr_skin_conductance_eda_tonic_mean_nk_full_change_precond"
2025-11-26 17:49:08.016931,2,"stress_label",5,16,0.015625,0.641025641025641,0.647435897435897,0.614529914529915,5,"top5","eeg_tleft_sampent_full_change_precond;eeg_c_theta_mean_full_change_precond;eeg_tleft_halpha_mean_full_change_precond;pupil_dilation_sd_full_change_precond;gsr_skin_conductance_eda_tonic_mean_nk_full_change_precond"
2025-11-26 17:49:08.806443,2,"stress_label",5,32,0.015625,0.653846153846154,0.673076923076923,0.623076923076923,5,"top5","eeg_tleft_sampent_full_change_precond;eeg_c_theta_mean_full_change_precond;eeg_tleft_halpha_mean_full_change_precond;pupil_dilation_sd_full_change_precond;gsr_skin_conductance_eda_tonic_mean_nk_full_change_precond"
2025-11-26 17:49:09.519843,2,"stress_label",5,64,0.015625,0.666666666666667,0.666666666666667,0.635042735042735,5,"top5","eeg_tleft_sampent_full_change_precond;eeg_c_theta_mean_full_change_precond;eeg_tleft_halpha_mean_full_change_precond;pupil_dilation_sd_full_change_precond;gsr_skin_conductance_eda_tonic_mean_nk_full_change_precond"
2025-11-26 17:49:10.253733,2,"stress_label",5,128,0.015625,0.67948717948718,0.673076923076923,NA,5,"top5","eeg_tleft_sampent_full_change_precond;eeg_c_theta_mean_full_change_precond;eeg_tleft_halpha_mean_full_change_precond;pupil_dilation_sd_full_change_precond;gsr_skin_conductance_eda_tonic_mean_nk_full_change_precond"
2025-11-26 17:49:11.153086,2,"stress_label",5,256,0.015625,0.666666666666667,0.692307692307692,NA,5,"top5","eeg_tleft_sampent_full_change_precond;eeg_c_theta_mean_full_change_precond;eeg_tleft_halpha_mean_full_change_precond;pupil_dilation_sd_full_change_precond;gsr_skin_conductance_eda_tonic_mean_nk_full_change_precond"
2025-11-26 17:49:11.944043,2,"stress_label",5,2,0.03125,0.621794871794872,0.647435897435897,0.607692307692308,5,"top5","eeg_tleft_sampent_full_change_precond;eeg_c_theta_mean_full_change_precond;eeg_tleft_halpha_mean_full_change_precond;pupil_dilation_sd_full_change_precond;gsr_skin_conductance_eda_tonic_mean_nk_full_change_precond"
2025-11-26 17:49:12.804214,2,"stress_label",5,4,0.03125,0.628205128205128,0.621794871794872,0.607692307692308,5,"top5","eeg_tleft_sampent_full_change_precond;eeg_c_theta_mean_full_change_precond;eeg_tleft_halpha_mean_full_change_precond;pupil_dilation_sd_full_change_precond;gsr_skin_conductance_eda_tonic_mean_nk_full_change_precond"
2025-11-26 17:49:13.696905,2,"stress_label",5,8,0.03125,0.653846153846154,0.673076923076923,0.622222222222222,5,"top5","eeg_tleft_sampent_full_change_precond;eeg_c_theta_mean_full_change_precond;eeg_tleft_halpha_mean_full_change_precond;pupil_dilation_sd_full_change_precond;gsr_skin_conductance_eda_tonic_mean_nk_full_change_precond"
2025-11-26 17:49:14.508779,2,"stress_label",5,16,0.03125,0.66025641025641,0.666666666666667,0.626495726495726,5,"top5","eeg_tleft_sampent_full_change_precond;eeg_c_theta_mean_full_change_precond;eeg_tleft_halpha_mean_full_change_precond;pupil_dilation_sd_full_change_precond;gsr_skin_conductance_eda_tonic_mean_nk_full_change_precond"
2025-11-26 17:49:15.29942,2,"stress_label",5,32,0.03125,0.673076923076923,0.67948717948718,0.636752136752137,5,"top5","eeg_tleft_sampent_full_change_precond;eeg_c_theta_mean_full_change_precond;eeg_tleft_halpha_mean_full_change_precond;pupil_dilation_sd_full_change_precond;gsr_skin_conductance_eda_tonic_mean_nk_full_change_precond"
2025-11-26 17:49:16.129201,2,"stress_label",5,64,0.03125,0.634615384615385,0.685897435897436,0.605982905982906,5,"top5","eeg_tleft_sampent_full_change_precond;eeg_c_theta_mean_full_change_precond;eeg_tleft_halpha_mean_full_change_precond;pupil_dilation_sd_full_change_precond;gsr_skin_conductance_eda_tonic_mean_nk_full_change_precond"
2025-11-26 17:49:17.036897,2,"stress_label",5,128,0.03125,0.596153846153846,0.653846153846154,NA,5,"top5","eeg_tleft_sampent_full_change_precond;eeg_c_theta_mean_full_change_precond;eeg_tleft_halpha_mean_full_change_precond;pupil_dilation_sd_full_change_precond;gsr_skin_conductance_eda_tonic_mean_nk_full_change_precond"
2025-11-26 17:49:18.148338,2,"stress_label",5,256,0.03125,0.634615384615385,0.666666666666667,NA,5,"top5","eeg_tleft_sampent_full_change_precond;eeg_c_theta_mean_full_change_precond;eeg_tleft_halpha_mean_full_change_precond;pupil_dilation_sd_full_change_precond;gsr_skin_conductance_eda_tonic_mean_nk_full_change_precond"
2025-11-26 17:49:18.94135,2,"stress_label",5,2,0.0625,0.641025641025641,0.666666666666667,0.608547008547008,5,"top5","eeg_tleft_sampent_full_change_precond;eeg_c_theta_mean_full_change_precond;eeg_tleft_halpha_mean_full_change_precond;pupil_dilation_sd_full_change_precond;gsr_skin_conductance_eda_tonic_mean_nk_full_change_precond"
2025-11-26 17:49:19.639083,2,"stress_label",5,4,0.0625,0.647435897435897,0.67948717948718,0.61965811965812,5,"top5","eeg_tleft_sampent_full_change_precond;eeg_c_theta_mean_full_change_precond;eeg_tleft_halpha_mean_full_change_precond;pupil_dilation_sd_full_change_precond;gsr_skin_conductance_eda_tonic_mean_nk_full_change_precond"
2025-11-26 17:49:20.417932,2,"stress_label",5,8,0.0625,0.641025641025641,0.666666666666667,NA,5,"top5","eeg_tleft_sampent_full_change_precond;eeg_c_theta_mean_full_change_precond;eeg_tleft_halpha_mean_full_change_precond;pupil_dilation_sd_full_change_precond;gsr_skin_conductance_eda_tonic_mean_nk_full_change_precond"
2025-11-26 17:49:21.203074,2,"stress_label",5,16,0.0625,0.596153846153846,0.653846153846154,NA,5,"top5","eeg_tleft_sampent_full_change_precond;eeg_c_theta_mean_full_change_precond;eeg_tleft_halpha_mean_full_change_precond;pupil_dilation_sd_full_change_precond;gsr_skin_conductance_eda_tonic_mean_nk_full_change_precond"
2025-11-26 17:49:22.036195,2,"stress_label",5,32,0.0625,0.634615384615385,0.666666666666667,0.617094017094017,5,"top5","eeg_tleft_sampent_full_change_precond;eeg_c_theta_mean_full_change_precond;eeg_tleft_halpha_mean_full_change_precond;pupil_dilation_sd_full_change_precond;gsr_skin_conductance_eda_tonic_mean_nk_full_change_precond"
2025-11-26 17:49:22.965932,2,"stress_label",5,64,0.0625,0.615384615384615,0.66025641025641,NA,5,"top5","eeg_tleft_sampent_full_change_precond;eeg_c_theta_mean_full_change_precond;eeg_tleft_halpha_mean_full_change_precond;pupil_dilation_sd_full_change_precond;gsr_skin_conductance_eda_tonic_mean_nk_full_change_precond"
2025-11-26 17:49:24.035347,2,"stress_label",5,128,0.0625,0.621794871794872,0.634615384615385,NA,5,"top5","eeg_tleft_sampent_full_change_precond;eeg_c_theta_mean_full_change_precond;eeg_tleft_halpha_mean_full_change_precond;pupil_dilation_sd_full_change_precond;gsr_skin_conductance_eda_tonic_mean_nk_full_change_precond"
2025-11-26 17:49:25.267446,2,"stress_label",5,256,0.0625,0.628205128205128,0.615384615384615,NA,5,"top5","eeg_tleft_sampent_full_change_precond;eeg_c_theta_mean_full_change_precond;eeg_tleft_halpha_mean_full_change_precond;pupil_dilation_sd_full_change_precond;gsr_skin_conductance_eda_tonic_mean_nk_full_change_precond"
2025-11-26 17:49:26.078644,2,"stress_label",5,2,0.125,0.647435897435897,0.66025641025641,0.624786324786325,5,"top5","eeg_tleft_sampent_full_change_precond;eeg_c_theta_mean_full_change_precond;eeg_tleft_halpha_mean_full_change_precond;pupil_dilation_sd_full_change_precond;gsr_skin_conductance_eda_tonic_mean_nk_full_change_precond"
2025-11-26 17:49:26.854428,2,"stress_label",5,4,0.125,0.615384615384615,0.628205128205128,0.607692307692308,5,"top5","eeg_tleft_sampent_full_change_precond;eeg_c_theta_mean_full_change_precond;eeg_tleft_halpha_mean_full_change_precond;pupil_dilation_sd_full_change_precond;gsr_skin_conductance_eda_tonic_mean_nk_full_change_precond"
2025-11-26 17:49:27.682299,2,"stress_label",5,8,0.125,0.653846153846154,0.666666666666667,NA,5,"top5","eeg_tleft_sampent_full_change_precond;eeg_c_theta_mean_full_change_precond;eeg_tleft_halpha_mean_full_change_precond;pupil_dilation_sd_full_change_precond;gsr_skin_conductance_eda_tonic_mean_nk_full_change_precond"
2025-11-26 17:49:28.500067,2,"stress_label",5,16,0.125,0.596153846153846,0.647435897435897,NA,5,"top5","eeg_tleft_sampent_full_change_precond;eeg_c_theta_mean_full_change_precond;eeg_tleft_halpha_mean_full_change_precond;pupil_dilation_sd_full_change_precond;gsr_skin_conductance_eda_tonic_mean_nk_full_change_precond"
2025-11-26 17:49:29.357727,2,"stress_label",5,32,0.125,0.628205128205128,0.653846153846154,NA,5,"top5","eeg_tleft_sampent_full_change_precond;eeg_c_theta_mean_full_change_precond;eeg_tleft_halpha_mean_full_change_precond;pupil_dilation_sd_full_change_precond;gsr_skin_conductance_eda_tonic_mean_nk_full_change_precond"
2025-11-26 17:49:30.257804,2,"stress_label",5,64,0.125,0.628205128205128,0.666666666666667,NA,5,"top5","eeg_tleft_sampent_full_change_precond;eeg_c_theta_mean_full_change_precond;eeg_tleft_halpha_mean_full_change_precond;pupil_dilation_sd_full_change_precond;gsr_skin_conductance_eda_tonic_mean_nk_full_change_precond"
2025-11-26 17:49:31.481247,2,"stress_label",5,128,0.125,0.57051282051282,0.58974358974359,NA,5,"top5","eeg_tleft_sampent_full_change_precond;eeg_c_theta_mean_full_change_precond;eeg_tleft_halpha_mean_full_change_precond;pupil_dilation_sd_full_change_precond;gsr_skin_conductance_eda_tonic_mean_nk_full_change_precond"
2025-11-26 17:49:32.944699,2,"stress_label",5,256,0.125,0.58974358974359,0.583333333333333,NA,5,"top5","eeg_tleft_sampent_full_change_precond;eeg_c_theta_mean_full_change_precond;eeg_tleft_halpha_mean_full_change_precond;pupil_dilation_sd_full_change_precond;gsr_skin_conductance_eda_tonic_mean_nk_full_change_precond"
2025-11-26 17:49:33.697019,2,"stress_label",5,2,0.03,0.615384615384615,0.641025641025641,0.6,5,"top5","eeg_tleft_sampent_full_change_precond;eeg_c_theta_mean_full_change_precond;eeg_tleft_halpha_mean_full_change_precond;pupil_dilation_sd_full_change_precond;gsr_skin_conductance_eda_tonic_mean_nk_full_change_precond"
2025-11-26 17:49:34.43603,2,"stress_label",5,4,0.03,0.621794871794872,0.615384615384615,0.599145299145299,5,"top5","eeg_tleft_sampent_full_change_precond;eeg_c_theta_mean_full_change_precond;eeg_tleft_halpha_mean_full_change_precond;pupil_dilation_sd_full_change_precond;gsr_skin_conductance_eda_tonic_mean_nk_full_change_precond"
2025-11-26 17:49:35.216136,2,"stress_label",5,8,0.03,0.647435897435897,0.666666666666667,0.617948717948718,5,"top5","eeg_tleft_sampent_full_change_precond;eeg_c_theta_mean_full_change_precond;eeg_tleft_halpha_mean_full_change_precond;pupil_dilation_sd_full_change_precond;gsr_skin_conductance_eda_tonic_mean_nk_full_change_precond"
2025-11-26 17:49:35.951346,2,"stress_label",5,16,0.03,0.66025641025641,0.67948717948718,0.630769230769231,5,"top5","eeg_tleft_sampent_full_change_precond;eeg_c_theta_mean_full_change_precond;eeg_tleft_halpha_mean_full_change_precond;pupil_dilation_sd_full_change_precond;gsr_skin_conductance_eda_tonic_mean_nk_full_change_precond"
2025-11-26 17:49:36.638736,2,"stress_label",5,32,0.03,0.673076923076923,0.673076923076923,0.636752136752137,5,"top5","eeg_tleft_sampent_full_change_precond;eeg_c_theta_mean_full_change_precond;eeg_tleft_halpha_mean_full_change_precond;pupil_dilation_sd_full_change_precond;gsr_skin_conductance_eda_tonic_mean_nk_full_change_precond"
2025-11-26 17:49:37.391478,2,"stress_label",5,64,0.03,0.66025641025641,0.685897435897436,NA,5,"top5","eeg_tleft_sampent_full_change_precond;eeg_c_theta_mean_full_change_precond;eeg_tleft_halpha_mean_full_change_precond;pupil_dilation_sd_full_change_precond;gsr_skin_conductance_eda_tonic_mean_nk_full_change_precond"
2025-11-26 17:49:38.26574,2,"stress_label",5,128,0.03,0.583333333333333,0.653846153846154,NA,5,"top5","eeg_tleft_sampent_full_change_precond;eeg_c_theta_mean_full_change_precond;eeg_tleft_halpha_mean_full_change_precond;pupil_dilation_sd_full_change_precond;gsr_skin_conductance_eda_tonic_mean_nk_full_change_precond"
2025-11-26 17:49:39.175303,2,"stress_label",5,256,0.03,0.634615384615385,0.673076923076923,NA,5,"top5","eeg_tleft_sampent_full_change_precond;eeg_c_theta_mean_full_change_precond;eeg_tleft_halpha_mean_full_change_precond;pupil_dilation_sd_full_change_precond;gsr_skin_conductance_eda_tonic_mean_nk_full_change_precond"
2025-11-26 17:49:39.917645,2,"stress_label",5,2,0.06,0.634615384615385,0.66025641025641,0.600854700854701,5,"top5","eeg_tleft_sampent_full_change_precond;eeg_c_theta_mean_full_change_precond;eeg_tleft_halpha_mean_full_change_precond;pupil_dilation_sd_full_change_precond;gsr_skin_conductance_eda_tonic_mean_nk_full_change_precond"
2025-11-26 17:49:40.577289,2,"stress_label",5,4,0.06,0.653846153846154,0.67948717948718,0.628205128205128,5,"top5","eeg_tleft_sampent_full_change_precond;eeg_c_theta_mean_full_change_precond;eeg_tleft_halpha_mean_full_change_precond;pupil_dilation_sd_full_change_precond;gsr_skin_conductance_eda_tonic_mean_nk_full_change_precond"
2025-11-26 17:49:41.206001,2,"stress_label",5,8,0.06,0.66025641025641,0.666666666666667,0.633333333333333,5,"top5","eeg_tleft_sampent_full_change_precond;eeg_c_theta_mean_full_change_precond;eeg_tleft_halpha_mean_full_change_precond;pupil_dilation_sd_full_change_precond;gsr_skin_conductance_eda_tonic_mean_nk_full_change_precond"
2025-11-26 17:49:41.854062,2,"stress_label",5,16,0.06,0.596153846153846,0.653846153846154,0.577777777777778,5,"top5","eeg_tleft_sampent_full_change_precond;eeg_c_theta_mean_full_change_precond;eeg_tleft_halpha_mean_full_change_precond;pupil_dilation_sd_full_change_precond;gsr_skin_conductance_eda_tonic_mean_nk_full_change_precond"
2025-11-26 17:49:42.58741,2,"stress_label",5,32,0.06,0.628205128205128,0.66025641025641,0.613675213675214,5,"top5","eeg_tleft_sampent_full_change_precond;eeg_c_theta_mean_full_change_precond;eeg_tleft_halpha_mean_full_change_precond;pupil_dilation_sd_full_change_precond;gsr_skin_conductance_eda_tonic_mean_nk_full_change_precond"
2025-11-26 17:49:43.484899,2,"stress_label",5,64,0.06,0.634615384615385,0.66025641025641,NA,5,"top5","eeg_tleft_sampent_full_change_precond;eeg_c_theta_mean_full_change_precond;eeg_tleft_halpha_mean_full_change_precond;pupil_dilation_sd_full_change_precond;gsr_skin_conductance_eda_tonic_mean_nk_full_change_precond"
2025-11-26 17:49:44.534033,2,"stress_label",5,128,0.06,0.621794871794872,0.641025641025641,NA,5,"top5","eeg_tleft_sampent_full_change_precond;eeg_c_theta_mean_full_change_precond;eeg_tleft_halpha_mean_full_change_precond;pupil_dilation_sd_full_change_precond;gsr_skin_conductance_eda_tonic_mean_nk_full_change_precond"
2025-11-26 17:49:45.8625,2,"stress_label",5,256,0.06,0.634615384615385,0.628205128205128,NA,5,"top5","eeg_tleft_sampent_full_change_precond;eeg_c_theta_mean_full_change_precond;eeg_tleft_halpha_mean_full_change_precond;pupil_dilation_sd_full_change_precond;gsr_skin_conductance_eda_tonic_mean_nk_full_change_precond"
2025-11-26 17:49:46.618528,2,"stress_label",5,2,0.1,0.653846153846154,0.673076923076923,0.627350427350427,5,"top5","eeg_tleft_sampent_full_change_precond;eeg_c_theta_mean_full_change_precond;eeg_tleft_halpha_mean_full_change_precond;pupil_dilation_sd_full_change_precond;gsr_skin_conductance_eda_tonic_mean_nk_full_change_precond"
2025-11-26 17:49:47.388791,2,"stress_label",5,4,0.1,0.634615384615385,0.634615384615385,0.617094017094017,5,"top5","eeg_tleft_sampent_full_change_precond;eeg_c_theta_mean_full_change_precond;eeg_tleft_halpha_mean_full_change_precond;pupil_dilation_sd_full_change_precond;gsr_skin_conductance_eda_tonic_mean_nk_full_change_precond"
2025-11-26 17:49:48.133327,2,"stress_label",5,8,0.1,0.621794871794872,0.647435897435897,NA,5,"top5","eeg_tleft_sampent_full_change_precond;eeg_c_theta_mean_full_change_precond;eeg_tleft_halpha_mean_full_change_precond;pupil_dilation_sd_full_change_precond;gsr_skin_conductance_eda_tonic_mean_nk_full_change_precond"
2025-11-26 17:49:49.172254,2,"stress_label",5,16,0.1,0.647435897435897,0.66025641025641,NA,5,"top5","eeg_tleft_sampent_full_change_precond;eeg_c_theta_mean_full_change_precond;eeg_tleft_halpha_mean_full_change_precond;pupil_dilation_sd_full_change_precond;gsr_skin_conductance_eda_tonic_mean_nk_full_change_precond"
2025-11-26 17:49:50.062111,2,"stress_label",5,32,0.1,0.608974358974359,0.641025641025641,NA,5,"top5","eeg_tleft_sampent_full_change_precond;eeg_c_theta_mean_full_change_precond;eeg_tleft_halpha_mean_full_change_precond;pupil_dilation_sd_full_change_precond;gsr_skin_conductance_eda_tonic_mean_nk_full_change_precond"
2025-11-26 17:49:50.922183,2,"stress_label",5,64,0.1,0.641025641025641,0.641025641025641,NA,5,"top5","eeg_tleft_sampent_full_change_precond;eeg_c_theta_mean_full_change_precond;eeg_tleft_halpha_mean_full_change_precond;pupil_dilation_sd_full_change_precond;gsr_skin_conductance_eda_tonic_mean_nk_full_change_precond"
2025-11-26 17:49:52.087243,2,"stress_label",5,128,0.1,0.628205128205128,0.647435897435897,NA,5,"top5","eeg_tleft_sampent_full_change_precond;eeg_c_theta_mean_full_change_precond;eeg_tleft_halpha_mean_full_change_precond;pupil_dilation_sd_full_change_precond;gsr_skin_conductance_eda_tonic_mean_nk_full_change_precond"
2025-11-26 17:49:53.603922,2,"stress_label",5,256,0.1,0.57051282051282,0.596153846153846,NA,5,"top5","eeg_tleft_sampent_full_change_precond;eeg_c_theta_mean_full_change_precond;eeg_tleft_halpha_mean_full_change_precond;pupil_dilation_sd_full_change_precond;gsr_skin_conductance_eda_tonic_mean_nk_full_change_precond"
2025-11-26 17:49:54.718207,3,"stress_label",20,2,0.0078125,0.551282051282051,0.621794871794872,0.500854700854701,20,"top20","eeg_tleft_sampent_full_change_precond;eeg_tleft_halpha_mean_full_change_precond;eeg_tleft_lalpha_mean_full_change_precond;eeg_pright_sampent_full_change_precond;eeg_t_sampent_full_change_precond;hrv_rmssd_full_change_precond;eeg_fl_hbeta_mean_full_change_precond;eeg_fr_sampent_full_change_precond;pupil_dilation_sd_full_change_precond;gsr_skin_conductance_eda_tonic_mean_nk_full_change_precond;eeg_c_theta_mean_full_change_precond;eeg_pleft_halpha_mean_full_change_precond;eeg_fm_sampent_full_change_precond;eeg_pleft_lbeta_mean_full_change_precond;eeg_c_sampent_full_change_precond;eeg_ab_ratio_full_change_precond;eeg_pright_halpha_mean_full_change_precond;eeg_fm_theta_mean_full_change_precond;gsr_skin_conductance_eda_pkrate_nk_full_change_precond;eeg_c_specent_full_change_precond"
2025-11-26 17:49:55.601118,3,"stress_label",20,4,0.0078125,0.538461538461538,0.602564102564103,0.51025641025641,20,"top20","eeg_tleft_sampent_full_change_precond;eeg_tleft_halpha_mean_full_change_precond;eeg_tleft_lalpha_mean_full_change_precond;eeg_pright_sampent_full_change_precond;eeg_t_sampent_full_change_precond;hrv_rmssd_full_change_precond;eeg_fl_hbeta_mean_full_change_precond;eeg_fr_sampent_full_change_precond;pupil_dilation_sd_full_change_precond;gsr_skin_conductance_eda_tonic_mean_nk_full_change_precond;eeg_c_theta_mean_full_change_precond;eeg_pleft_halpha_mean_full_change_precond;eeg_fm_sampent_full_change_precond;eeg_pleft_lbeta_mean_full_change_precond;eeg_c_sampent_full_change_precond;eeg_ab_ratio_full_change_precond;eeg_pright_halpha_mean_full_change_precond;eeg_fm_theta_mean_full_change_precond;gsr_skin_conductance_eda_pkrate_nk_full_change_precond;eeg_c_specent_full_change_precond"
2025-11-26 17:49:56.605944,3,"stress_label",20,8,0.0078125,0.532051282051282,0.58974358974359,0.511111111111111,20,"top20","eeg_tleft_sampent_full_change_precond;eeg_tleft_halpha_mean_full_change_precond;eeg_tleft_lalpha_mean_full_change_precond;eeg_pright_sampent_full_change_precond;eeg_t_sampent_full_change_precond;hrv_rmssd_full_change_precond;eeg_fl_hbeta_mean_full_change_precond;eeg_fr_sampent_full_change_precond;pupil_dilation_sd_full_change_precond;gsr_skin_conductance_eda_tonic_mean_nk_full_change_precond;eeg_c_theta_mean_full_change_precond;eeg_pleft_halpha_mean_full_change_precond;eeg_fm_sampent_full_change_precond;eeg_pleft_lbeta_mean_full_change_precond;eeg_c_sampent_full_change_precond;eeg_ab_ratio_full_change_precond;eeg_pright_halpha_mean_full_change_precond;eeg_fm_theta_mean_full_change_precond;gsr_skin_conductance_eda_pkrate_nk_full_change_precond;eeg_c_specent_full_change_precond"
2025-11-26 17:49:57.622666,3,"stress_label",20,16,0.0078125,0.519230769230769,0.538461538461538,0.516239316239316,20,"top20","eeg_tleft_sampent_full_change_precond;eeg_tleft_halpha_mean_full_change_precond;eeg_tleft_lalpha_mean_full_change_precond;eeg_pright_sampent_full_change_precond;eeg_t_sampent_full_change_precond;hrv_rmssd_full_change_precond;eeg_fl_hbeta_mean_full_change_precond;eeg_fr_sampent_full_change_precond;pupil_dilation_sd_full_change_precond;gsr_skin_conductance_eda_tonic_mean_nk_full_change_precond;eeg_c_theta_mean_full_change_precond;eeg_pleft_halpha_mean_full_change_precond;eeg_fm_sampent_full_change_precond;eeg_pleft_lbeta_mean_full_change_precond;eeg_c_sampent_full_change_precond;eeg_ab_ratio_full_change_precond;eeg_pright_halpha_mean_full_change_precond;eeg_fm_theta_mean_full_change_precond;gsr_skin_conductance_eda_pkrate_nk_full_change_precond;eeg_c_specent_full_change_precond"
2025-11-26 17:49:58.610112,3,"stress_label",20,32,0.0078125,0.532051282051282,0.538461538461538,0.517094017094017,20,"top20","eeg_tleft_sampent_full_change_precond;eeg_tleft_halpha_mean_full_change_precond;eeg_tleft_lalpha_mean_full_change_precond;eeg_pright_sampent_full_change_precond;eeg_t_sampent_full_change_precond;hrv_rmssd_full_change_precond;eeg_fl_hbeta_mean_full_change_precond;eeg_fr_sampent_full_change_precond;pupil_dilation_sd_full_change_precond;gsr_skin_conductance_eda_tonic_mean_nk_full_change_precond;eeg_c_theta_mean_full_change_precond;eeg_pleft_halpha_mean_full_change_precond;eeg_fm_sampent_full_change_precond;eeg_pleft_lbeta_mean_full_change_precond;eeg_c_sampent_full_change_precond;eeg_ab_ratio_full_change_precond;eeg_pright_halpha_mean_full_change_precond;eeg_fm_theta_mean_full_change_precond;gsr_skin_conductance_eda_pkrate_nk_full_change_precond;eeg_c_specent_full_change_precond"
2025-11-26 17:49:59.734229,3,"stress_label",20,64,0.0078125,0.525641025641026,0.576923076923077,NA,20,"top20","eeg_tleft_sampent_full_change_precond;eeg_tleft_halpha_mean_full_change_precond;eeg_tleft_lalpha_mean_full_change_precond;eeg_pright_sampent_full_change_precond;eeg_t_sampent_full_change_precond;hrv_rmssd_full_change_precond;eeg_fl_hbeta_mean_full_change_precond;eeg_fr_sampent_full_change_precond;pupil_dilation_sd_full_change_precond;gsr_skin_conductance_eda_tonic_mean_nk_full_change_precond;eeg_c_theta_mean_full_change_precond;eeg_pleft_halpha_mean_full_change_precond;eeg_fm_sampent_full_change_precond;eeg_pleft_lbeta_mean_full_change_precond;eeg_c_sampent_full_change_precond;eeg_ab_ratio_full_change_precond;eeg_pright_halpha_mean_full_change_precond;eeg_fm_theta_mean_full_change_precond;gsr_skin_conductance_eda_pkrate_nk_full_change_precond;eeg_c_specent_full_change_precond"
2025-11-26 17:50:01.062649,3,"stress_label",20,128,0.0078125,0.538461538461538,0.576923076923077,NA,20,"top20","eeg_tleft_sampent_full_change_precond;eeg_tleft_halpha_mean_full_change_precond;eeg_tleft_lalpha_mean_full_change_precond;eeg_pright_sampent_full_change_precond;eeg_t_sampent_full_change_precond;hrv_rmssd_full_change_precond;eeg_fl_hbeta_mean_full_change_precond;eeg_fr_sampent_full_change_precond;pupil_dilation_sd_full_change_precond;gsr_skin_conductance_eda_tonic_mean_nk_full_change_precond;eeg_c_theta_mean_full_change_precond;eeg_pleft_halpha_mean_full_change_precond;eeg_fm_sampent_full_change_precond;eeg_pleft_lbeta_mean_full_change_precond;eeg_c_sampent_full_change_precond;eeg_ab_ratio_full_change_precond;eeg_pright_halpha_mean_full_change_precond;eeg_fm_theta_mean_full_change_precond;gsr_skin_conductance_eda_pkrate_nk_full_change_precond;eeg_c_specent_full_change_precond"
2025-11-26 17:50:02.652389,3,"stress_label",20,256,0.0078125,0.557692307692308,0.551282051282051,NA,20,"top20","eeg_tleft_sampent_full_change_precond;eeg_tleft_halpha_mean_full_change_precond;eeg_tleft_lalpha_mean_full_change_precond;eeg_pright_sampent_full_change_precond;eeg_t_sampent_full_change_precond;hrv_rmssd_full_change_precond;eeg_fl_hbeta_mean_full_change_precond;eeg_fr_sampent_full_change_precond;pupil_dilation_sd_full_change_precond;gsr_skin_conductance_eda_tonic_mean_nk_full_change_precond;eeg_c_theta_mean_full_change_precond;eeg_pleft_halpha_mean_full_change_precond;eeg_fm_sampent_full_change_precond;eeg_pleft_lbeta_mean_full_change_precond;eeg_c_sampent_full_change_precond;eeg_ab_ratio_full_change_precond;eeg_pright_halpha_mean_full_change_precond;eeg_fm_theta_mean_full_change_precond;gsr_skin_conductance_eda_pkrate_nk_full_change_precond;eeg_c_specent_full_change_precond"
2025-11-26 17:50:03.662898,3,"stress_label",20,2,0.015625,0.544871794871795,0.58974358974359,0.505982905982906,20,"top20","eeg_tleft_sampent_full_change_precond;eeg_tleft_halpha_mean_full_change_precond;eeg_tleft_lalpha_mean_full_change_precond;eeg_pright_sampent_full_change_precond;eeg_t_sampent_full_change_precond;hrv_rmssd_full_change_precond;eeg_fl_hbeta_mean_full_change_precond;eeg_fr_sampent_full_change_precond;pupil_dilation_sd_full_change_precond;gsr_skin_conductance_eda_tonic_mean_nk_full_change_precond;eeg_c_theta_mean_full_change_precond;eeg_pleft_halpha_mean_full_change_precond;eeg_fm_sampent_full_change_precond;eeg_pleft_lbeta_mean_full_change_precond;eeg_c_sampent_full_change_precond;eeg_ab_ratio_full_change_precond;eeg_pright_halpha_mean_full_change_precond;eeg_fm_theta_mean_full_change_precond;gsr_skin_conductance_eda_pkrate_nk_full_change_precond;eeg_c_specent_full_change_precond"
2025-11-26 17:50:04.697466,3,"stress_label",20,4,0.015625,0.551282051282051,0.58974358974359,0.54017094017094,20,"top20","eeg_tleft_sampent_full_change_precond;eeg_tleft_halpha_mean_full_change_precond;eeg_tleft_lalpha_mean_full_change_precond;eeg_pright_sampent_full_change_precond;eeg_t_sampent_full_change_precond;hrv_rmssd_full_change_precond;eeg_fl_hbeta_mean_full_change_precond;eeg_fr_sampent_full_change_precond;pupil_dilation_sd_full_change_precond;gsr_skin_conductance_eda_tonic_mean_nk_full_change_precond;eeg_c_theta_mean_full_change_precond;eeg_pleft_halpha_mean_full_change_precond;eeg_fm_sampent_full_change_precond;eeg_pleft_lbeta_mean_full_change_precond;eeg_c_sampent_full_change_precond;eeg_ab_ratio_full_change_precond;eeg_pright_halpha_mean_full_change_precond;eeg_fm_theta_mean_full_change_precond;gsr_skin_conductance_eda_pkrate_nk_full_change_precond;eeg_c_specent_full_change_precond"
2025-11-26 17:50:05.709194,3,"stress_label",20,8,0.015625,0.544871794871795,0.544871794871795,0.535042735042735,20,"top20","eeg_tleft_sampent_full_change_precond;eeg_tleft_halpha_mean_full_change_precond;eeg_tleft_lalpha_mean_full_change_precond;eeg_pright_sampent_full_change_precond;eeg_t_sampent_full_change_precond;hrv_rmssd_full_change_precond;eeg_fl_hbeta_mean_full_change_precond;eeg_fr_sampent_full_change_precond;pupil_dilation_sd_full_change_precond;gsr_skin_conductance_eda_tonic_mean_nk_full_change_precond;eeg_c_theta_mean_full_change_precond;eeg_pleft_halpha_mean_full_change_precond;eeg_fm_sampent_full_change_precond;eeg_pleft_lbeta_mean_full_change_precond;eeg_c_sampent_full_change_precond;eeg_ab_ratio_full_change_precond;eeg_pright_halpha_mean_full_change_precond;eeg_fm_theta_mean_full_change_precond;gsr_skin_conductance_eda_pkrate_nk_full_change_precond;eeg_c_specent_full_change_precond"
2025-11-26 17:50:06.808417,3,"stress_label",20,16,0.015625,0.506410256410256,0.506410256410256,NA,20,"top20","eeg_tleft_sampent_full_change_precond;eeg_tleft_halpha_mean_full_change_precond;eeg_tleft_lalpha_mean_full_change_precond;eeg_pright_sampent_full_change_precond;eeg_t_sampent_full_change_precond;hrv_rmssd_full_change_precond;eeg_fl_hbeta_mean_full_change_precond;eeg_fr_sampent_full_change_precond;pupil_dilation_sd_full_change_precond;gsr_skin_conductance_eda_tonic_mean_nk_full_change_precond;eeg_c_theta_mean_full_change_precond;eeg_pleft_halpha_mean_full_change_precond;eeg_fm_sampent_full_change_precond;eeg_pleft_lbeta_mean_full_change_precond;eeg_c_sampent_full_change_precond;eeg_ab_ratio_full_change_precond;eeg_pright_halpha_mean_full_change_precond;eeg_fm_theta_mean_full_change_precond;gsr_skin_conductance_eda_pkrate_nk_full_change_precond;eeg_c_specent_full_change_precond"
2025-11-26 17:50:07.930176,3,"stress_label",20,32,0.015625,0.564102564102564,0.525641025641026,NA,20,"top20","eeg_tleft_sampent_full_change_precond;eeg_tleft_halpha_mean_full_change_precond;eeg_tleft_lalpha_mean_full_change_precond;eeg_pright_sampent_full_change_precond;eeg_t_sampent_full_change_precond;hrv_rmssd_full_change_precond;eeg_fl_hbeta_mean_full_change_precond;eeg_fr_sampent_full_change_precond;pupil_dilation_sd_full_change_precond;gsr_skin_conductance_eda_tonic_mean_nk_full_change_precond;eeg_c_theta_mean_full_change_precond;eeg_pleft_halpha_mean_full_change_precond;eeg_fm_sampent_full_change_precond;eeg_pleft_lbeta_mean_full_change_precond;eeg_c_sampent_full_change_precond;eeg_ab_ratio_full_change_precond;eeg_pright_halpha_mean_full_change_precond;eeg_fm_theta_mean_full_change_precond;gsr_skin_conductance_eda_pkrate_nk_full_change_precond;eeg_c_specent_full_change_precond"
2025-11-26 17:50:09.115878,3,"stress_label",20,64,0.015625,0.538461538461538,0.5,NA,20,"top20","eeg_tleft_sampent_full_change_precond;eeg_tleft_halpha_mean_full_change_precond;eeg_tleft_lalpha_mean_full_change_precond;eeg_pright_sampent_full_change_precond;eeg_t_sampent_full_change_precond;hrv_rmssd_full_change_precond;eeg_fl_hbeta_mean_full_change_precond;eeg_fr_sampent_full_change_precond;pupil_dilation_sd_full_change_precond;gsr_skin_conductance_eda_tonic_mean_nk_full_change_precond;eeg_c_theta_mean_full_change_precond;eeg_pleft_halpha_mean_full_change_precond;eeg_fm_sampent_full_change_precond;eeg_pleft_lbeta_mean_full_change_precond;eeg_c_sampent_full_change_precond;eeg_ab_ratio_full_change_precond;eeg_pright_halpha_mean_full_change_precond;eeg_fm_theta_mean_full_change_precond;gsr_skin_conductance_eda_pkrate_nk_full_change_precond;eeg_c_specent_full_change_precond"
2025-11-26 17:50:10.470552,3,"stress_label",20,128,0.015625,0.551282051282051,0.557692307692308,NA,20,"top20","eeg_tleft_sampent_full_change_precond;eeg_tleft_halpha_mean_full_change_precond;eeg_tleft_lalpha_mean_full_change_precond;eeg_pright_sampent_full_change_precond;eeg_t_sampent_full_change_precond;hrv_rmssd_full_change_precond;eeg_fl_hbeta_mean_full_change_precond;eeg_fr_sampent_full_change_precond;pupil_dilation_sd_full_change_precond;gsr_skin_conductance_eda_tonic_mean_nk_full_change_precond;eeg_c_theta_mean_full_change_precond;eeg_pleft_halpha_mean_full_change_precond;eeg_fm_sampent_full_change_precond;eeg_pleft_lbeta_mean_full_change_precond;eeg_c_sampent_full_change_precond;eeg_ab_ratio_full_change_precond;eeg_pright_halpha_mean_full_change_precond;eeg_fm_theta_mean_full_change_precond;gsr_skin_conductance_eda_pkrate_nk_full_change_precond;eeg_c_specent_full_change_precond"
2025-11-26 17:50:11.858994,3,"stress_label",20,256,0.015625,0.551282051282051,0.557692307692308,NA,20,"top20","eeg_tleft_sampent_full_change_precond;eeg_tleft_halpha_mean_full_change_precond;eeg_tleft_lalpha_mean_full_change_precond;eeg_pright_sampent_full_change_precond;eeg_t_sampent_full_change_precond;hrv_rmssd_full_change_precond;eeg_fl_hbeta_mean_full_change_precond;eeg_fr_sampent_full_change_precond;pupil_dilation_sd_full_change_precond;gsr_skin_conductance_eda_tonic_mean_nk_full_change_precond;eeg_c_theta_mean_full_change_precond;eeg_pleft_halpha_mean_full_change_precond;eeg_fm_sampent_full_change_precond;eeg_pleft_lbeta_mean_full_change_precond;eeg_c_sampent_full_change_precond;eeg_ab_ratio_full_change_precond;eeg_pright_halpha_mean_full_change_precond;eeg_fm_theta_mean_full_change_precond;gsr_skin_conductance_eda_pkrate_nk_full_change_precond;eeg_c_specent_full_change_precond"
2025-11-26 17:50:12.899179,3,"stress_label",20,2,0.03125,0.551282051282051,0.602564102564103,NA,20,"top20","eeg_tleft_sampent_full_change_precond;eeg_tleft_halpha_mean_full_change_precond;eeg_tleft_lalpha_mean_full_change_precond;eeg_pright_sampent_full_change_precond;eeg_t_sampent_full_change_precond;hrv_rmssd_full_change_precond;eeg_fl_hbeta_mean_full_change_precond;eeg_fr_sampent_full_change_precond;pupil_dilation_sd_full_change_precond;gsr_skin_conductance_eda_tonic_mean_nk_full_change_precond;eeg_c_theta_mean_full_change_precond;eeg_pleft_halpha_mean_full_change_precond;eeg_fm_sampent_full_change_precond;eeg_pleft_lbeta_mean_full_change_precond;eeg_c_sampent_full_change_precond;eeg_ab_ratio_full_change_precond;eeg_pright_halpha_mean_full_change_precond;eeg_fm_theta_mean_full_change_precond;gsr_skin_conductance_eda_pkrate_nk_full_change_precond;eeg_c_specent_full_change_precond"
2025-11-26 17:50:13.960497,3,"stress_label",20,4,0.03125,0.512820512820513,0.551282051282051,NA,20,"top20","eeg_tleft_sampent_full_change_precond;eeg_tleft_halpha_mean_full_change_precond;eeg_tleft_lalpha_mean_full_change_precond;eeg_pright_sampent_full_change_precond;eeg_t_sampent_full_change_precond;hrv_rmssd_full_change_precond;eeg_fl_hbeta_mean_full_change_precond;eeg_fr_sampent_full_change_precond;pupil_dilation_sd_full_change_precond;gsr_skin_conductance_eda_tonic_mean_nk_full_change_precond;eeg_c_theta_mean_full_change_precond;eeg_pleft_halpha_mean_full_change_precond;eeg_fm_sampent_full_change_precond;eeg_pleft_lbeta_mean_full_change_precond;eeg_c_sampent_full_change_precond;eeg_ab_ratio_full_change_precond;eeg_pright_halpha_mean_full_change_precond;eeg_fm_theta_mean_full_change_precond;gsr_skin_conductance_eda_pkrate_nk_full_change_precond;eeg_c_specent_full_change_precond"
2025-11-26 17:50:15.069193,3,"stress_label",20,8,0.03125,0.557692307692308,0.525641025641026,NA,20,"top20","eeg_tleft_sampent_full_change_precond;eeg_tleft_halpha_mean_full_change_precond;eeg_tleft_lalpha_mean_full_change_precond;eeg_pright_sampent_full_change_precond;eeg_t_sampent_full_change_precond;hrv_rmssd_full_change_precond;eeg_fl_hbeta_mean_full_change_precond;eeg_fr_sampent_full_change_precond;pupil_dilation_sd_full_change_precond;gsr_skin_conductance_eda_tonic_mean_nk_full_change_precond;eeg_c_theta_mean_full_change_precond;eeg_pleft_halpha_mean_full_change_precond;eeg_fm_sampent_full_change_precond;eeg_pleft_lbeta_mean_full_change_precond;eeg_c_sampent_full_change_precond;eeg_ab_ratio_full_change_precond;eeg_pright_halpha_mean_full_change_precond;eeg_fm_theta_mean_full_change_precond;gsr_skin_conductance_eda_pkrate_nk_full_change_precond;eeg_c_specent_full_change_precond"
2025-11-26 17:50:16.197278,3,"stress_label",20,16,0.03125,0.544871794871795,0.519230769230769,NA,20,"top20","eeg_tleft_sampent_full_change_precond;eeg_tleft_halpha_mean_full_change_precond;eeg_tleft_lalpha_mean_full_change_precond;eeg_pright_sampent_full_change_precond;eeg_t_sampent_full_change_precond;hrv_rmssd_full_change_precond;eeg_fl_hbeta_mean_full_change_precond;eeg_fr_sampent_full_change_precond;pupil_dilation_sd_full_change_precond;gsr_skin_conductance_eda_tonic_mean_nk_full_change_precond;eeg_c_theta_mean_full_change_precond;eeg_pleft_halpha_mean_full_change_precond;eeg_fm_sampent_full_change_precond;eeg_pleft_lbeta_mean_full_change_precond;eeg_c_sampent_full_change_precond;eeg_ab_ratio_full_change_precond;eeg_pright_halpha_mean_full_change_precond;eeg_fm_theta_mean_full_change_precond;gsr_skin_conductance_eda_pkrate_nk_full_change_precond;eeg_c_specent_full_change_precond"
2025-11-26 17:50:17.323771,3,"stress_label",20,32,0.03125,0.532051282051282,0.5,NA,20,"top20","eeg_tleft_sampent_full_change_precond;eeg_tleft_halpha_mean_full_change_precond;eeg_tleft_lalpha_mean_full_change_precond;eeg_pright_sampent_full_change_precond;eeg_t_sampent_full_change_precond;hrv_rmssd_full_change_precond;eeg_fl_hbeta_mean_full_change_precond;eeg_fr_sampent_full_change_precond;pupil_dilation_sd_full_change_precond;gsr_skin_conductance_eda_tonic_mean_nk_full_change_precond;eeg_c_theta_mean_full_change_precond;eeg_pleft_halpha_mean_full_change_precond;eeg_fm_sampent_full_change_precond;eeg_pleft_lbeta_mean_full_change_precond;eeg_c_sampent_full_change_precond;eeg_ab_ratio_full_change_precond;eeg_pright_halpha_mean_full_change_precond;eeg_fm_theta_mean_full_change_precond;gsr_skin_conductance_eda_pkrate_nk_full_change_precond;eeg_c_specent_full_change_precond"
2025-11-26 17:50:18.618659,3,"stress_label",20,64,0.03125,0.544871794871795,0.532051282051282,NA,20,"top20","eeg_tleft_sampent_full_change_precond;eeg_tleft_halpha_mean_full_change_precond;eeg_tleft_lalpha_mean_full_change_precond;eeg_pright_sampent_full_change_precond;eeg_t_sampent_full_change_precond;hrv_rmssd_full_change_precond;eeg_fl_hbeta_mean_full_change_precond;eeg_fr_sampent_full_change_precond;pupil_dilation_sd_full_change_precond;gsr_skin_conductance_eda_tonic_mean_nk_full_change_precond;eeg_c_theta_mean_full_change_precond;eeg_pleft_halpha_mean_full_change_precond;eeg_fm_sampent_full_change_precond;eeg_pleft_lbeta_mean_full_change_precond;eeg_c_sampent_full_change_precond;eeg_ab_ratio_full_change_precond;eeg_pright_halpha_mean_full_change_precond;eeg_fm_theta_mean_full_change_precond;gsr_skin_conductance_eda_pkrate_nk_full_change_precond;eeg_c_specent_full_change_precond"
2025-11-26 17:50:19.918634,3,"stress_label",20,128,0.03125,0.551282051282051,0.544871794871795,NA,20,"top20","eeg_tleft_sampent_full_change_precond;eeg_tleft_halpha_mean_full_change_precond;eeg_tleft_lalpha_mean_full_change_precond;eeg_pright_sampent_full_change_precond;eeg_t_sampent_full_change_precond;hrv_rmssd_full_change_precond;eeg_fl_hbeta_mean_full_change_precond;eeg_fr_sampent_full_change_precond;pupil_dilation_sd_full_change_precond;gsr_skin_conductance_eda_tonic_mean_nk_full_change_precond;eeg_c_theta_mean_full_change_precond;eeg_pleft_halpha_mean_full_change_precond;eeg_fm_sampent_full_change_precond;eeg_pleft_lbeta_mean_full_change_precond;eeg_c_sampent_full_change_precond;eeg_ab_ratio_full_change_precond;eeg_pright_halpha_mean_full_change_precond;eeg_fm_theta_mean_full_change_precond;gsr_skin_conductance_eda_pkrate_nk_full_change_precond;eeg_c_specent_full_change_precond"
2025-11-26 17:50:21.195321,3,"stress_label",20,256,0.03125,0.551282051282051,0.506410256410256,NA,20,"top20","eeg_tleft_sampent_full_change_precond;eeg_tleft_halpha_mean_full_change_precond;eeg_tleft_lalpha_mean_full_change_precond;eeg_pright_sampent_full_change_precond;eeg_t_sampent_full_change_precond;hrv_rmssd_full_change_precond;eeg_fl_hbeta_mean_full_change_precond;eeg_fr_sampent_full_change_precond;pupil_dilation_sd_full_change_precond;gsr_skin_conductance_eda_tonic_mean_nk_full_change_precond;eeg_c_theta_mean_full_change_precond;eeg_pleft_halpha_mean_full_change_precond;eeg_fm_sampent_full_change_precond;eeg_pleft_lbeta_mean_full_change_precond;eeg_c_sampent_full_change_precond;eeg_ab_ratio_full_change_precond;eeg_pright_halpha_mean_full_change_precond;eeg_fm_theta_mean_full_change_precond;gsr_skin_conductance_eda_pkrate_nk_full_change_precond;eeg_c_specent_full_change_precond"
2025-11-26 17:50:22.290341,3,"stress_label",20,2,0.0625,0.532051282051282,0.564102564102564,NA,20,"top20","eeg_tleft_sampent_full_change_precond;eeg_tleft_halpha_mean_full_change_precond;eeg_tleft_lalpha_mean_full_change_precond;eeg_pright_sampent_full_change_precond;eeg_t_sampent_full_change_precond;hrv_rmssd_full_change_precond;eeg_fl_hbeta_mean_full_change_precond;eeg_fr_sampent_full_change_precond;pupil_dilation_sd_full_change_precond;gsr_skin_conductance_eda_tonic_mean_nk_full_change_precond;eeg_c_theta_mean_full_change_precond;eeg_pleft_halpha_mean_full_change_precond;eeg_fm_sampent_full_change_precond;eeg_pleft_lbeta_mean_full_change_precond;eeg_c_sampent_full_change_precond;eeg_ab_ratio_full_change_precond;eeg_pright_halpha_mean_full_change_precond;eeg_fm_theta_mean_full_change_precond;gsr_skin_conductance_eda_pkrate_nk_full_change_precond;eeg_c_specent_full_change_precond"
2025-11-26 17:50:23.417299,3,"stress_label",20,4,0.0625,0.525641025641026,0.525641025641026,NA,20,"top20","eeg_tleft_sampent_full_change_precond;eeg_tleft_halpha_mean_full_change_precond;eeg_tleft_lalpha_mean_full_change_precond;eeg_pright_sampent_full_change_precond;eeg_t_sampent_full_change_precond;hrv_rmssd_full_change_precond;eeg_fl_hbeta_mean_full_change_precond;eeg_fr_sampent_full_change_precond;pupil_dilation_sd_full_change_precond;gsr_skin_conductance_eda_tonic_mean_nk_full_change_precond;eeg_c_theta_mean_full_change_precond;eeg_pleft_halpha_mean_full_change_precond;eeg_fm_sampent_full_change_precond;eeg_pleft_lbeta_mean_full_change_precond;eeg_c_sampent_full_change_precond;eeg_ab_ratio_full_change_precond;eeg_pright_halpha_mean_full_change_precond;eeg_fm_theta_mean_full_change_precond;gsr_skin_conductance_eda_pkrate_nk_full_change_precond;eeg_c_specent_full_change_precond"
2025-11-26 17:50:24.562782,3,"stress_label",20,8,0.0625,0.525641025641026,0.525641025641026,NA,20,"top20","eeg_tleft_sampent_full_change_precond;eeg_tleft_halpha_mean_full_change_precond;eeg_tleft_lalpha_mean_full_change_precond;eeg_pright_sampent_full_change_precond;eeg_t_sampent_full_change_precond;hrv_rmssd_full_change_precond;eeg_fl_hbeta_mean_full_change_precond;eeg_fr_sampent_full_change_precond;pupil_dilation_sd_full_change_precond;gsr_skin_conductance_eda_tonic_mean_nk_full_change_precond;eeg_c_theta_mean_full_change_precond;eeg_pleft_halpha_mean_full_change_precond;eeg_fm_sampent_full_change_precond;eeg_pleft_lbeta_mean_full_change_precond;eeg_c_sampent_full_change_precond;eeg_ab_ratio_full_change_precond;eeg_pright_halpha_mean_full_change_precond;eeg_fm_theta_mean_full_change_precond;gsr_skin_conductance_eda_pkrate_nk_full_change_precond;eeg_c_specent_full_change_precond"
2025-11-26 17:50:25.565217,3,"stress_label",20,16,0.0625,0.512820512820513,0.467948717948718,NA,20,"top20","eeg_tleft_sampent_full_change_precond;eeg_tleft_halpha_mean_full_change_precond;eeg_tleft_lalpha_mean_full_change_precond;eeg_pright_sampent_full_change_precond;eeg_t_sampent_full_change_precond;hrv_rmssd_full_change_precond;eeg_fl_hbeta_mean_full_change_precond;eeg_fr_sampent_full_change_precond;pupil_dilation_sd_full_change_precond;gsr_skin_conductance_eda_tonic_mean_nk_full_change_precond;eeg_c_theta_mean_full_change_precond;eeg_pleft_halpha_mean_full_change_precond;eeg_fm_sampent_full_change_precond;eeg_pleft_lbeta_mean_full_change_precond;eeg_c_sampent_full_change_precond;eeg_ab_ratio_full_change_precond;eeg_pright_halpha_mean_full_change_precond;eeg_fm_theta_mean_full_change_precond;gsr_skin_conductance_eda_pkrate_nk_full_change_precond;eeg_c_specent_full_change_precond"
2025-11-26 17:50:26.76954,3,"stress_label",20,32,0.0625,0.519230769230769,0.442307692307692,NA,20,"top20","eeg_tleft_sampent_full_change_precond;eeg_tleft_halpha_mean_full_change_precond;eeg_tleft_lalpha_mean_full_change_precond;eeg_pright_sampent_full_change_precond;eeg_t_sampent_full_change_precond;hrv_rmssd_full_change_precond;eeg_fl_hbeta_mean_full_change_precond;eeg_fr_sampent_full_change_precond;pupil_dilation_sd_full_change_precond;gsr_skin_conductance_eda_tonic_mean_nk_full_change_precond;eeg_c_theta_mean_full_change_precond;eeg_pleft_halpha_mean_full_change_precond;eeg_fm_sampent_full_change_precond;eeg_pleft_lbeta_mean_full_change_precond;eeg_c_sampent_full_change_precond;eeg_ab_ratio_full_change_precond;eeg_pright_halpha_mean_full_change_precond;eeg_fm_theta_mean_full_change_precond;gsr_skin_conductance_eda_pkrate_nk_full_change_precond;eeg_c_specent_full_change_precond"
2025-11-26 17:50:27.929264,3,"stress_label",20,64,0.0625,0.519230769230769,0.480769230769231,NA,20,"top20","eeg_tleft_sampent_full_change_precond;eeg_tleft_halpha_mean_full_change_precond;eeg_tleft_lalpha_mean_full_change_precond;eeg_pright_sampent_full_change_precond;eeg_t_sampent_full_change_precond;hrv_rmssd_full_change_precond;eeg_fl_hbeta_mean_full_change_precond;eeg_fr_sampent_full_change_precond;pupil_dilation_sd_full_change_precond;gsr_skin_conductance_eda_tonic_mean_nk_full_change_precond;eeg_c_theta_mean_full_change_precond;eeg_pleft_halpha_mean_full_change_precond;eeg_fm_sampent_full_change_precond;eeg_pleft_lbeta_mean_full_change_precond;eeg_c_sampent_full_change_precond;eeg_ab_ratio_full_change_precond;eeg_pright_halpha_mean_full_change_precond;eeg_fm_theta_mean_full_change_precond;gsr_skin_conductance_eda_pkrate_nk_full_change_precond;eeg_c_specent_full_change_precond"
2025-11-26 17:50:29.102137,3,"stress_label",20,128,0.0625,0.519230769230769,0.480769230769231,NA,20,"top20","eeg_tleft_sampent_full_change_precond;eeg_tleft_halpha_mean_full_change_precond;eeg_tleft_lalpha_mean_full_change_precond;eeg_pright_sampent_full_change_precond;eeg_t_sampent_full_change_precond;hrv_rmssd_full_change_precond;eeg_fl_hbeta_mean_full_change_precond;eeg_fr_sampent_full_change_precond;pupil_dilation_sd_full_change_precond;gsr_skin_conductance_eda_tonic_mean_nk_full_change_precond;eeg_c_theta_mean_full_change_precond;eeg_pleft_halpha_mean_full_change_precond;eeg_fm_sampent_full_change_precond;eeg_pleft_lbeta_mean_full_change_precond;eeg_c_sampent_full_change_precond;eeg_ab_ratio_full_change_precond;eeg_pright_halpha_mean_full_change_precond;eeg_fm_theta_mean_full_change_precond;gsr_skin_conductance_eda_pkrate_nk_full_change_precond;eeg_c_specent_full_change_precond"
2025-11-26 17:50:30.300666,3,"stress_label",20,256,0.0625,0.519230769230769,0.519230769230769,NA,20,"top20","eeg_tleft_sampent_full_change_precond;eeg_tleft_halpha_mean_full_change_precond;eeg_tleft_lalpha_mean_full_change_precond;eeg_pright_sampent_full_change_precond;eeg_t_sampent_full_change_precond;hrv_rmssd_full_change_precond;eeg_fl_hbeta_mean_full_change_precond;eeg_fr_sampent_full_change_precond;pupil_dilation_sd_full_change_precond;gsr_skin_conductance_eda_tonic_mean_nk_full_change_precond;eeg_c_theta_mean_full_change_precond;eeg_pleft_halpha_mean_full_change_precond;eeg_fm_sampent_full_change_precond;eeg_pleft_lbeta_mean_full_change_precond;eeg_c_sampent_full_change_precond;eeg_ab_ratio_full_change_precond;eeg_pright_halpha_mean_full_change_precond;eeg_fm_theta_mean_full_change_precond;gsr_skin_conductance_eda_pkrate_nk_full_change_precond;eeg_c_specent_full_change_precond"
2025-11-26 17:50:31.410808,3,"stress_label",20,2,0.125,0.493589743589744,0.512820512820513,NA,20,"top20","eeg_tleft_sampent_full_change_precond;eeg_tleft_halpha_mean_full_change_precond;eeg_tleft_lalpha_mean_full_change_precond;eeg_pright_sampent_full_change_precond;eeg_t_sampent_full_change_precond;hrv_rmssd_full_change_precond;eeg_fl_hbeta_mean_full_change_precond;eeg_fr_sampent_full_change_precond;pupil_dilation_sd_full_change_precond;gsr_skin_conductance_eda_tonic_mean_nk_full_change_precond;eeg_c_theta_mean_full_change_precond;eeg_pleft_halpha_mean_full_change_precond;eeg_fm_sampent_full_change_precond;eeg_pleft_lbeta_mean_full_change_precond;eeg_c_sampent_full_change_precond;eeg_ab_ratio_full_change_precond;eeg_pright_halpha_mean_full_change_precond;eeg_fm_theta_mean_full_change_precond;gsr_skin_conductance_eda_pkrate_nk_full_change_precond;eeg_c_specent_full_change_precond"
2025-11-26 17:50:32.536122,3,"stress_label",20,4,0.125,0.487179487179487,0.5,NA,20,"top20","eeg_tleft_sampent_full_change_precond;eeg_tleft_halpha_mean_full_change_precond;eeg_tleft_lalpha_mean_full_change_precond;eeg_pright_sampent_full_change_precond;eeg_t_sampent_full_change_precond;hrv_rmssd_full_change_precond;eeg_fl_hbeta_mean_full_change_precond;eeg_fr_sampent_full_change_precond;pupil_dilation_sd_full_change_precond;gsr_skin_conductance_eda_tonic_mean_nk_full_change_precond;eeg_c_theta_mean_full_change_precond;eeg_pleft_halpha_mean_full_change_precond;eeg_fm_sampent_full_change_precond;eeg_pleft_lbeta_mean_full_change_precond;eeg_c_sampent_full_change_precond;eeg_ab_ratio_full_change_precond;eeg_pright_halpha_mean_full_change_precond;eeg_fm_theta_mean_full_change_precond;gsr_skin_conductance_eda_pkrate_nk_full_change_precond;eeg_c_specent_full_change_precond"
2025-11-26 17:50:33.663216,3,"stress_label",20,8,0.125,0.5,0.448717948717949,NA,20,"top20","eeg_tleft_sampent_full_change_precond;eeg_tleft_halpha_mean_full_change_precond;eeg_tleft_lalpha_mean_full_change_precond;eeg_pright_sampent_full_change_precond;eeg_t_sampent_full_change_precond;hrv_rmssd_full_change_precond;eeg_fl_hbeta_mean_full_change_precond;eeg_fr_sampent_full_change_precond;pupil_dilation_sd_full_change_precond;gsr_skin_conductance_eda_tonic_mean_nk_full_change_precond;eeg_c_theta_mean_full_change_precond;eeg_pleft_halpha_mean_full_change_precond;eeg_fm_sampent_full_change_precond;eeg_pleft_lbeta_mean_full_change_precond;eeg_c_sampent_full_change_precond;eeg_ab_ratio_full_change_precond;eeg_pright_halpha_mean_full_change_precond;eeg_fm_theta_mean_full_change_precond;gsr_skin_conductance_eda_pkrate_nk_full_change_precond;eeg_c_specent_full_change_precond"
2025-11-26 17:50:34.797384,3,"stress_label",20,16,0.125,0.5,0.474358974358974,NA,20,"top20","eeg_tleft_sampent_full_change_precond;eeg_tleft_halpha_mean_full_change_precond;eeg_tleft_lalpha_mean_full_change_precond;eeg_pright_sampent_full_change_precond;eeg_t_sampent_full_change_precond;hrv_rmssd_full_change_precond;eeg_fl_hbeta_mean_full_change_precond;eeg_fr_sampent_full_change_precond;pupil_dilation_sd_full_change_precond;gsr_skin_conductance_eda_tonic_mean_nk_full_change_precond;eeg_c_theta_mean_full_change_precond;eeg_pleft_halpha_mean_full_change_precond;eeg_fm_sampent_full_change_precond;eeg_pleft_lbeta_mean_full_change_precond;eeg_c_sampent_full_change_precond;eeg_ab_ratio_full_change_precond;eeg_pright_halpha_mean_full_change_precond;eeg_fm_theta_mean_full_change_precond;gsr_skin_conductance_eda_pkrate_nk_full_change_precond;eeg_c_specent_full_change_precond"
2025-11-26 17:50:35.941621,3,"stress_label",20,32,0.125,0.5,0.435897435897436,NA,20,"top20","eeg_tleft_sampent_full_change_precond;eeg_tleft_halpha_mean_full_change_precond;eeg_tleft_lalpha_mean_full_change_precond;eeg_pright_sampent_full_change_precond;eeg_t_sampent_full_change_precond;hrv_rmssd_full_change_precond;eeg_fl_hbeta_mean_full_change_precond;eeg_fr_sampent_full_change_precond;pupil_dilation_sd_full_change_precond;gsr_skin_conductance_eda_tonic_mean_nk_full_change_precond;eeg_c_theta_mean_full_change_precond;eeg_pleft_halpha_mean_full_change_precond;eeg_fm_sampent_full_change_precond;eeg_pleft_lbeta_mean_full_change_precond;eeg_c_sampent_full_change_precond;eeg_ab_ratio_full_change_precond;eeg_pright_halpha_mean_full_change_precond;eeg_fm_theta_mean_full_change_precond;gsr_skin_conductance_eda_pkrate_nk_full_change_precond;eeg_c_specent_full_change_precond"
2025-11-26 17:50:36.921907,3,"stress_label",20,64,0.125,0.5,0.397435897435897,NA,20,"top20","eeg_tleft_sampent_full_change_precond;eeg_tleft_halpha_mean_full_change_precond;eeg_tleft_lalpha_mean_full_change_precond;eeg_pright_sampent_full_change_precond;eeg_t_sampent_full_change_precond;hrv_rmssd_full_change_precond;eeg_fl_hbeta_mean_full_change_precond;eeg_fr_sampent_full_change_precond;pupil_dilation_sd_full_change_precond;gsr_skin_conductance_eda_tonic_mean_nk_full_change_precond;eeg_c_theta_mean_full_change_precond;eeg_pleft_halpha_mean_full_change_precond;eeg_fm_sampent_full_change_precond;eeg_pleft_lbeta_mean_full_change_precond;eeg_c_sampent_full_change_precond;eeg_ab_ratio_full_change_precond;eeg_pright_halpha_mean_full_change_precond;eeg_fm_theta_mean_full_change_precond;gsr_skin_conductance_eda_pkrate_nk_full_change_precond;eeg_c_specent_full_change_precond"
2025-11-26 17:50:37.915907,3,"stress_label",20,128,0.125,0.5,0.512820512820513,NA,20,"top20","eeg_tleft_sampent_full_change_precond;eeg_tleft_halpha_mean_full_change_precond;eeg_tleft_lalpha_mean_full_change_precond;eeg_pright_sampent_full_change_precond;eeg_t_sampent_full_change_precond;hrv_rmssd_full_change_precond;eeg_fl_hbeta_mean_full_change_precond;eeg_fr_sampent_full_change_precond;pupil_dilation_sd_full_change_precond;gsr_skin_conductance_eda_tonic_mean_nk_full_change_precond;eeg_c_theta_mean_full_change_precond;eeg_pleft_halpha_mean_full_change_precond;eeg_fm_sampent_full_change_precond;eeg_pleft_lbeta_mean_full_change_precond;eeg_c_sampent_full_change_precond;eeg_ab_ratio_full_change_precond;eeg_pright_halpha_mean_full_change_precond;eeg_fm_theta_mean_full_change_precond;gsr_skin_conductance_eda_pkrate_nk_full_change_precond;eeg_c_specent_full_change_precond"
2025-11-26 17:50:38.848041,3,"stress_label",20,256,0.125,0.5,0.397435897435897,NA,20,"top20","eeg_tleft_sampent_full_change_precond;eeg_tleft_halpha_mean_full_change_precond;eeg_tleft_lalpha_mean_full_change_precond;eeg_pright_sampent_full_change_precond;eeg_t_sampent_full_change_precond;hrv_rmssd_full_change_precond;eeg_fl_hbeta_mean_full_change_precond;eeg_fr_sampent_full_change_precond;pupil_dilation_sd_full_change_precond;gsr_skin_conductance_eda_tonic_mean_nk_full_change_precond;eeg_c_theta_mean_full_change_precond;eeg_pleft_halpha_mean_full_change_precond;eeg_fm_sampent_full_change_precond;eeg_pleft_lbeta_mean_full_change_precond;eeg_c_sampent_full_change_precond;eeg_ab_ratio_full_change_precond;eeg_pright_halpha_mean_full_change_precond;eeg_fm_theta_mean_full_change_precond;gsr_skin_conductance_eda_pkrate_nk_full_change_precond;eeg_c_specent_full_change_precond"
2025-11-26 17:50:39.908558,3,"stress_label",20,2,0.03,0.564102564102564,0.615384615384615,NA,20,"top20","eeg_tleft_sampent_full_change_precond;eeg_tleft_halpha_mean_full_change_precond;eeg_tleft_lalpha_mean_full_change_precond;eeg_pright_sampent_full_change_precond;eeg_t_sampent_full_change_precond;hrv_rmssd_full_change_precond;eeg_fl_hbeta_mean_full_change_precond;eeg_fr_sampent_full_change_precond;pupil_dilation_sd_full_change_precond;gsr_skin_conductance_eda_tonic_mean_nk_full_change_precond;eeg_c_theta_mean_full_change_precond;eeg_pleft_halpha_mean_full_change_precond;eeg_fm_sampent_full_change_precond;eeg_pleft_lbeta_mean_full_change_precond;eeg_c_sampent_full_change_precond;eeg_ab_ratio_full_change_precond;eeg_pright_halpha_mean_full_change_precond;eeg_fm_theta_mean_full_change_precond;gsr_skin_conductance_eda_pkrate_nk_full_change_precond;eeg_c_specent_full_change_precond"
2025-11-26 17:50:40.972631,3,"stress_label",20,4,0.03,0.506410256410256,0.551282051282051,NA,20,"top20","eeg_tleft_sampent_full_change_precond;eeg_tleft_halpha_mean_full_change_precond;eeg_tleft_lalpha_mean_full_change_precond;eeg_pright_sampent_full_change_precond;eeg_t_sampent_full_change_precond;hrv_rmssd_full_change_precond;eeg_fl_hbeta_mean_full_change_precond;eeg_fr_sampent_full_change_precond;pupil_dilation_sd_full_change_precond;gsr_skin_conductance_eda_tonic_mean_nk_full_change_precond;eeg_c_theta_mean_full_change_precond;eeg_pleft_halpha_mean_full_change_precond;eeg_fm_sampent_full_change_precond;eeg_pleft_lbeta_mean_full_change_precond;eeg_c_sampent_full_change_precond;eeg_ab_ratio_full_change_precond;eeg_pright_halpha_mean_full_change_precond;eeg_fm_theta_mean_full_change_precond;gsr_skin_conductance_eda_pkrate_nk_full_change_precond;eeg_c_specent_full_change_precond"
2025-11-26 17:50:42.023151,3,"stress_label",20,8,0.03,0.551282051282051,0.532051282051282,NA,20,"top20","eeg_tleft_sampent_full_change_precond;eeg_tleft_halpha_mean_full_change_precond;eeg_tleft_lalpha_mean_full_change_precond;eeg_pright_sampent_full_change_precond;eeg_t_sampent_full_change_precond;hrv_rmssd_full_change_precond;eeg_fl_hbeta_mean_full_change_precond;eeg_fr_sampent_full_change_precond;pupil_dilation_sd_full_change_precond;gsr_skin_conductance_eda_tonic_mean_nk_full_change_precond;eeg_c_theta_mean_full_change_precond;eeg_pleft_halpha_mean_full_change_precond;eeg_fm_sampent_full_change_precond;eeg_pleft_lbeta_mean_full_change_precond;eeg_c_sampent_full_change_precond;eeg_ab_ratio_full_change_precond;eeg_pright_halpha_mean_full_change_precond;eeg_fm_theta_mean_full_change_precond;gsr_skin_conductance_eda_pkrate_nk_full_change_precond;eeg_c_specent_full_change_precond"
2025-11-26 17:50:43.21315,3,"stress_label",20,16,0.03,0.538461538461538,0.487179487179487,NA,20,"top20","eeg_tleft_sampent_full_change_precond;eeg_tleft_halpha_mean_full_change_precond;eeg_tleft_lalpha_mean_full_change_precond;eeg_pright_sampent_full_change_precond;eeg_t_sampent_full_change_precond;hrv_rmssd_full_change_precond;eeg_fl_hbeta_mean_full_change_precond;eeg_fr_sampent_full_change_precond;pupil_dilation_sd_full_change_precond;gsr_skin_conductance_eda_tonic_mean_nk_full_change_precond;eeg_c_theta_mean_full_change_precond;eeg_pleft_halpha_mean_full_change_precond;eeg_fm_sampent_full_change_precond;eeg_pleft_lbeta_mean_full_change_precond;eeg_c_sampent_full_change_precond;eeg_ab_ratio_full_change_precond;eeg_pright_halpha_mean_full_change_precond;eeg_fm_theta_mean_full_change_precond;gsr_skin_conductance_eda_pkrate_nk_full_change_precond;eeg_c_specent_full_change_precond"
2025-11-26 17:50:44.446313,3,"stress_label",20,32,0.03,0.532051282051282,0.551282051282051,NA,20,"top20","eeg_tleft_sampent_full_change_precond;eeg_tleft_halpha_mean_full_change_precond;eeg_tleft_lalpha_mean_full_change_precond;eeg_pright_sampent_full_change_precond;eeg_t_sampent_full_change_precond;hrv_rmssd_full_change_precond;eeg_fl_hbeta_mean_full_change_precond;eeg_fr_sampent_full_change_precond;pupil_dilation_sd_full_change_precond;gsr_skin_conductance_eda_tonic_mean_nk_full_change_precond;eeg_c_theta_mean_full_change_precond;eeg_pleft_halpha_mean_full_change_precond;eeg_fm_sampent_full_change_precond;eeg_pleft_lbeta_mean_full_change_precond;eeg_c_sampent_full_change_precond;eeg_ab_ratio_full_change_precond;eeg_pright_halpha_mean_full_change_precond;eeg_fm_theta_mean_full_change_precond;gsr_skin_conductance_eda_pkrate_nk_full_change_precond;eeg_c_specent_full_change_precond"
2025-11-26 17:50:45.516795,3,"stress_label",20,64,0.03,0.544871794871795,0.551282051282051,NA,20,"top20","eeg_tleft_sampent_full_change_precond;eeg_tleft_halpha_mean_full_change_precond;eeg_tleft_lalpha_mean_full_change_precond;eeg_pright_sampent_full_change_precond;eeg_t_sampent_full_change_precond;hrv_rmssd_full_change_precond;eeg_fl_hbeta_mean_full_change_precond;eeg_fr_sampent_full_change_precond;pupil_dilation_sd_full_change_precond;gsr_skin_conductance_eda_tonic_mean_nk_full_change_precond;eeg_c_theta_mean_full_change_precond;eeg_pleft_halpha_mean_full_change_precond;eeg_fm_sampent_full_change_precond;eeg_pleft_lbeta_mean_full_change_precond;eeg_c_sampent_full_change_precond;eeg_ab_ratio_full_change_precond;eeg_pright_halpha_mean_full_change_precond;eeg_fm_theta_mean_full_change_precond;gsr_skin_conductance_eda_pkrate_nk_full_change_precond;eeg_c_specent_full_change_precond"
2025-11-26 17:50:46.608214,3,"stress_label",20,128,0.03,0.551282051282051,0.557692307692308,NA,20,"top20","eeg_tleft_sampent_full_change_precond;eeg_tleft_halpha_mean_full_change_precond;eeg_tleft_lalpha_mean_full_change_precond;eeg_pright_sampent_full_change_precond;eeg_t_sampent_full_change_precond;hrv_rmssd_full_change_precond;eeg_fl_hbeta_mean_full_change_precond;eeg_fr_sampent_full_change_precond;pupil_dilation_sd_full_change_precond;gsr_skin_conductance_eda_tonic_mean_nk_full_change_precond;eeg_c_theta_mean_full_change_precond;eeg_pleft_halpha_mean_full_change_precond;eeg_fm_sampent_full_change_precond;eeg_pleft_lbeta_mean_full_change_precond;eeg_c_sampent_full_change_precond;eeg_ab_ratio_full_change_precond;eeg_pright_halpha_mean_full_change_precond;eeg_fm_theta_mean_full_change_precond;gsr_skin_conductance_eda_pkrate_nk_full_change_precond;eeg_c_specent_full_change_precond"
2025-11-26 17:50:47.80084,3,"stress_label",20,256,0.03,0.551282051282051,0.532051282051282,NA,20,"top20","eeg_tleft_sampent_full_change_precond;eeg_tleft_halpha_mean_full_change_precond;eeg_tleft_lalpha_mean_full_change_precond;eeg_pright_sampent_full_change_precond;eeg_t_sampent_full_change_precond;hrv_rmssd_full_change_precond;eeg_fl_hbeta_mean_full_change_precond;eeg_fr_sampent_full_change_precond;pupil_dilation_sd_full_change_precond;gsr_skin_conductance_eda_tonic_mean_nk_full_change_precond;eeg_c_theta_mean_full_change_precond;eeg_pleft_halpha_mean_full_change_precond;eeg_fm_sampent_full_change_precond;eeg_pleft_lbeta_mean_full_change_precond;eeg_c_sampent_full_change_precond;eeg_ab_ratio_full_change_precond;eeg_pright_halpha_mean_full_change_precond;eeg_fm_theta_mean_full_change_precond;gsr_skin_conductance_eda_pkrate_nk_full_change_precond;eeg_c_specent_full_change_precond"
2025-11-26 17:50:48.890699,3,"stress_label",20,2,0.06,0.538461538461538,0.564102564102564,NA,20,"top20","eeg_tleft_sampent_full_change_precond;eeg_tleft_halpha_mean_full_change_precond;eeg_tleft_lalpha_mean_full_change_precond;eeg_pright_sampent_full_change_precond;eeg_t_sampent_full_change_precond;hrv_rmssd_full_change_precond;eeg_fl_hbeta_mean_full_change_precond;eeg_fr_sampent_full_change_precond;pupil_dilation_sd_full_change_precond;gsr_skin_conductance_eda_tonic_mean_nk_full_change_precond;eeg_c_theta_mean_full_change_precond;eeg_pleft_halpha_mean_full_change_precond;eeg_fm_sampent_full_change_precond;eeg_pleft_lbeta_mean_full_change_precond;eeg_c_sampent_full_change_precond;eeg_ab_ratio_full_change_precond;eeg_pright_halpha_mean_full_change_precond;eeg_fm_theta_mean_full_change_precond;gsr_skin_conductance_eda_pkrate_nk_full_change_precond;eeg_c_specent_full_change_precond"
2025-11-26 17:50:50.024061,3,"stress_label",20,4,0.06,0.532051282051282,0.544871794871795,NA,20,"top20","eeg_tleft_sampent_full_change_precond;eeg_tleft_halpha_mean_full_change_precond;eeg_tleft_lalpha_mean_full_change_precond;eeg_pright_sampent_full_change_precond;eeg_t_sampent_full_change_precond;hrv_rmssd_full_change_precond;eeg_fl_hbeta_mean_full_change_precond;eeg_fr_sampent_full_change_precond;pupil_dilation_sd_full_change_precond;gsr_skin_conductance_eda_tonic_mean_nk_full_change_precond;eeg_c_theta_mean_full_change_precond;eeg_pleft_halpha_mean_full_change_precond;eeg_fm_sampent_full_change_precond;eeg_pleft_lbeta_mean_full_change_precond;eeg_c_sampent_full_change_precond;eeg_ab_ratio_full_change_precond;eeg_pright_halpha_mean_full_change_precond;eeg_fm_theta_mean_full_change_precond;gsr_skin_conductance_eda_pkrate_nk_full_change_precond;eeg_c_specent_full_change_precond"
2025-11-26 17:50:51.140636,3,"stress_label",20,8,0.06,0.525641025641026,0.512820512820513,NA,20,"top20","eeg_tleft_sampent_full_change_precond;eeg_tleft_halpha_mean_full_change_precond;eeg_tleft_lalpha_mean_full_change_precond;eeg_pright_sampent_full_change_precond;eeg_t_sampent_full_change_precond;hrv_rmssd_full_change_precond;eeg_fl_hbeta_mean_full_change_precond;eeg_fr_sampent_full_change_precond;pupil_dilation_sd_full_change_precond;gsr_skin_conductance_eda_tonic_mean_nk_full_change_precond;eeg_c_theta_mean_full_change_precond;eeg_pleft_halpha_mean_full_change_precond;eeg_fm_sampent_full_change_precond;eeg_pleft_lbeta_mean_full_change_precond;eeg_c_sampent_full_change_precond;eeg_ab_ratio_full_change_precond;eeg_pright_halpha_mean_full_change_precond;eeg_fm_theta_mean_full_change_precond;gsr_skin_conductance_eda_pkrate_nk_full_change_precond;eeg_c_specent_full_change_precond"
2025-11-26 17:50:52.355399,3,"stress_label",20,16,0.06,0.506410256410256,0.493589743589744,NA,20,"top20","eeg_tleft_sampent_full_change_precond;eeg_tleft_halpha_mean_full_change_precond;eeg_tleft_lalpha_mean_full_change_precond;eeg_pright_sampent_full_change_precond;eeg_t_sampent_full_change_precond;hrv_rmssd_full_change_precond;eeg_fl_hbeta_mean_full_change_precond;eeg_fr_sampent_full_change_precond;pupil_dilation_sd_full_change_precond;gsr_skin_conductance_eda_tonic_mean_nk_full_change_precond;eeg_c_theta_mean_full_change_precond;eeg_pleft_halpha_mean_full_change_precond;eeg_fm_sampent_full_change_precond;eeg_pleft_lbeta_mean_full_change_precond;eeg_c_sampent_full_change_precond;eeg_ab_ratio_full_change_precond;eeg_pright_halpha_mean_full_change_precond;eeg_fm_theta_mean_full_change_precond;gsr_skin_conductance_eda_pkrate_nk_full_change_precond;eeg_c_specent_full_change_precond"
2025-11-26 17:50:53.569713,3,"stress_label",20,32,0.06,0.512820512820513,0.493589743589744,NA,20,"top20","eeg_tleft_sampent_full_change_precond;eeg_tleft_halpha_mean_full_change_precond;eeg_tleft_lalpha_mean_full_change_precond;eeg_pright_sampent_full_change_precond;eeg_t_sampent_full_change_precond;hrv_rmssd_full_change_precond;eeg_fl_hbeta_mean_full_change_precond;eeg_fr_sampent_full_change_precond;pupil_dilation_sd_full_change_precond;gsr_skin_conductance_eda_tonic_mean_nk_full_change_precond;eeg_c_theta_mean_full_change_precond;eeg_pleft_halpha_mean_full_change_precond;eeg_fm_sampent_full_change_precond;eeg_pleft_lbeta_mean_full_change_precond;eeg_c_sampent_full_change_precond;eeg_ab_ratio_full_change_precond;eeg_pright_halpha_mean_full_change_precond;eeg_fm_theta_mean_full_change_precond;gsr_skin_conductance_eda_pkrate_nk_full_change_precond;eeg_c_specent_full_change_precond"
2025-11-26 17:50:54.785301,3,"stress_label",20,64,0.06,0.512820512820513,0.532051282051282,NA,20,"top20","eeg_tleft_sampent_full_change_precond;eeg_tleft_halpha_mean_full_change_precond;eeg_tleft_lalpha_mean_full_change_precond;eeg_pright_sampent_full_change_precond;eeg_t_sampent_full_change_precond;hrv_rmssd_full_change_precond;eeg_fl_hbeta_mean_full_change_precond;eeg_fr_sampent_full_change_precond;pupil_dilation_sd_full_change_precond;gsr_skin_conductance_eda_tonic_mean_nk_full_change_precond;eeg_c_theta_mean_full_change_precond;eeg_pleft_halpha_mean_full_change_precond;eeg_fm_sampent_full_change_precond;eeg_pleft_lbeta_mean_full_change_precond;eeg_c_sampent_full_change_precond;eeg_ab_ratio_full_change_precond;eeg_pright_halpha_mean_full_change_precond;eeg_fm_theta_mean_full_change_precond;gsr_skin_conductance_eda_pkrate_nk_full_change_precond;eeg_c_specent_full_change_precond"
2025-11-26 17:50:55.991072,3,"stress_label",20,128,0.06,0.512820512820513,0.506410256410256,NA,20,"top20","eeg_tleft_sampent_full_change_precond;eeg_tleft_halpha_mean_full_change_precond;eeg_tleft_lalpha_mean_full_change_precond;eeg_pright_sampent_full_change_precond;eeg_t_sampent_full_change_precond;hrv_rmssd_full_change_precond;eeg_fl_hbeta_mean_full_change_precond;eeg_fr_sampent_full_change_precond;pupil_dilation_sd_full_change_precond;gsr_skin_conductance_eda_tonic_mean_nk_full_change_precond;eeg_c_theta_mean_full_change_precond;eeg_pleft_halpha_mean_full_change_precond;eeg_fm_sampent_full_change_precond;eeg_pleft_lbeta_mean_full_change_precond;eeg_c_sampent_full_change_precond;eeg_ab_ratio_full_change_precond;eeg_pright_halpha_mean_full_change_precond;eeg_fm_theta_mean_full_change_precond;gsr_skin_conductance_eda_pkrate_nk_full_change_precond;eeg_c_specent_full_change_precond"
2025-11-26 17:50:57.185435,3,"stress_label",20,256,0.06,0.512820512820513,0.506410256410256,NA,20,"top20","eeg_tleft_sampent_full_change_precond;eeg_tleft_halpha_mean_full_change_precond;eeg_tleft_lalpha_mean_full_change_precond;eeg_pright_sampent_full_change_precond;eeg_t_sampent_full_change_precond;hrv_rmssd_full_change_precond;eeg_fl_hbeta_mean_full_change_precond;eeg_fr_sampent_full_change_precond;pupil_dilation_sd_full_change_precond;gsr_skin_conductance_eda_tonic_mean_nk_full_change_precond;eeg_c_theta_mean_full_change_precond;eeg_pleft_halpha_mean_full_change_precond;eeg_fm_sampent_full_change_precond;eeg_pleft_lbeta_mean_full_change_precond;eeg_c_sampent_full_change_precond;eeg_ab_ratio_full_change_precond;eeg_pright_halpha_mean_full_change_precond;eeg_fm_theta_mean_full_change_precond;gsr_skin_conductance_eda_pkrate_nk_full_change_precond;eeg_c_specent_full_change_precond"
2025-11-26 17:50:58.311588,3,"stress_label",20,2,0.1,0.506410256410256,0.506410256410256,NA,20,"top20","eeg_tleft_sampent_full_change_precond;eeg_tleft_halpha_mean_full_change_precond;eeg_tleft_lalpha_mean_full_change_precond;eeg_pright_sampent_full_change_precond;eeg_t_sampent_full_change_precond;hrv_rmssd_full_change_precond;eeg_fl_hbeta_mean_full_change_precond;eeg_fr_sampent_full_change_precond;pupil_dilation_sd_full_change_precond;gsr_skin_conductance_eda_tonic_mean_nk_full_change_precond;eeg_c_theta_mean_full_change_precond;eeg_pleft_halpha_mean_full_change_precond;eeg_fm_sampent_full_change_precond;eeg_pleft_lbeta_mean_full_change_precond;eeg_c_sampent_full_change_precond;eeg_ab_ratio_full_change_precond;eeg_pright_halpha_mean_full_change_precond;eeg_fm_theta_mean_full_change_precond;gsr_skin_conductance_eda_pkrate_nk_full_change_precond;eeg_c_specent_full_change_precond"
2025-11-26 17:50:59.376311,3,"stress_label",20,4,0.1,0.519230769230769,0.448717948717949,NA,20,"top20","eeg_tleft_sampent_full_change_precond;eeg_tleft_halpha_mean_full_change_precond;eeg_tleft_lalpha_mean_full_change_precond;eeg_pright_sampent_full_change_precond;eeg_t_sampent_full_change_precond;hrv_rmssd_full_change_precond;eeg_fl_hbeta_mean_full_change_precond;eeg_fr_sampent_full_change_precond;pupil_dilation_sd_full_change_precond;gsr_skin_conductance_eda_tonic_mean_nk_full_change_precond;eeg_c_theta_mean_full_change_precond;eeg_pleft_halpha_mean_full_change_precond;eeg_fm_sampent_full_change_precond;eeg_pleft_lbeta_mean_full_change_precond;eeg_c_sampent_full_change_precond;eeg_ab_ratio_full_change_precond;eeg_pright_halpha_mean_full_change_precond;eeg_fm_theta_mean_full_change_precond;gsr_skin_conductance_eda_pkrate_nk_full_change_precond;eeg_c_specent_full_change_precond"
2025-11-26 17:51:00.51591,3,"stress_label",20,8,0.1,0.525641025641026,0.461538461538462,NA,20,"top20","eeg_tleft_sampent_full_change_precond;eeg_tleft_halpha_mean_full_change_precond;eeg_tleft_lalpha_mean_full_change_precond;eeg_pright_sampent_full_change_precond;eeg_t_sampent_full_change_precond;hrv_rmssd_full_change_precond;eeg_fl_hbeta_mean_full_change_precond;eeg_fr_sampent_full_change_precond;pupil_dilation_sd_full_change_precond;gsr_skin_conductance_eda_tonic_mean_nk_full_change_precond;eeg_c_theta_mean_full_change_precond;eeg_pleft_halpha_mean_full_change_precond;eeg_fm_sampent_full_change_precond;eeg_pleft_lbeta_mean_full_change_precond;eeg_c_sampent_full_change_precond;eeg_ab_ratio_full_change_precond;eeg_pright_halpha_mean_full_change_precond;eeg_fm_theta_mean_full_change_precond;gsr_skin_conductance_eda_pkrate_nk_full_change_precond;eeg_c_specent_full_change_precond"
2025-11-26 17:51:01.892256,3,"stress_label",20,16,0.1,0.525641025641026,0.487179487179487,NA,20,"top20","eeg_tleft_sampent_full_change_precond;eeg_tleft_halpha_mean_full_change_precond;eeg_tleft_lalpha_mean_full_change_precond;eeg_pright_sampent_full_change_precond;eeg_t_sampent_full_change_precond;hrv_rmssd_full_change_precond;eeg_fl_hbeta_mean_full_change_precond;eeg_fr_sampent_full_change_precond;pupil_dilation_sd_full_change_precond;gsr_skin_conductance_eda_tonic_mean_nk_full_change_precond;eeg_c_theta_mean_full_change_precond;eeg_pleft_halpha_mean_full_change_precond;eeg_fm_sampent_full_change_precond;eeg_pleft_lbeta_mean_full_change_precond;eeg_c_sampent_full_change_precond;eeg_ab_ratio_full_change_precond;eeg_pright_halpha_mean_full_change_precond;eeg_fm_theta_mean_full_change_precond;gsr_skin_conductance_eda_pkrate_nk_full_change_precond;eeg_c_specent_full_change_precond"
2025-11-26 17:51:03.041858,3,"stress_label",20,32,0.1,0.525641025641026,0.525641025641026,NA,20,"top20","eeg_tleft_sampent_full_change_precond;eeg_tleft_halpha_mean_full_change_precond;eeg_tleft_lalpha_mean_full_change_precond;eeg_pright_sampent_full_change_precond;eeg_t_sampent_full_change_precond;hrv_rmssd_full_change_precond;eeg_fl_hbeta_mean_full_change_precond;eeg_fr_sampent_full_change_precond;pupil_dilation_sd_full_change_precond;gsr_skin_conductance_eda_tonic_mean_nk_full_change_precond;eeg_c_theta_mean_full_change_precond;eeg_pleft_halpha_mean_full_change_precond;eeg_fm_sampent_full_change_precond;eeg_pleft_lbeta_mean_full_change_precond;eeg_c_sampent_full_change_precond;eeg_ab_ratio_full_change_precond;eeg_pright_halpha_mean_full_change_precond;eeg_fm_theta_mean_full_change_precond;gsr_skin_conductance_eda_pkrate_nk_full_change_precond;eeg_c_specent_full_change_precond"
2025-11-26 17:51:04.172549,3,"stress_label",20,64,0.1,0.525641025641026,0.474358974358974,NA,20,"top20","eeg_tleft_sampent_full_change_precond;eeg_tleft_halpha_mean_full_change_precond;eeg_tleft_lalpha_mean_full_change_precond;eeg_pright_sampent_full_change_precond;eeg_t_sampent_full_change_precond;hrv_rmssd_full_change_precond;eeg_fl_hbeta_mean_full_change_precond;eeg_fr_sampent_full_change_precond;pupil_dilation_sd_full_change_precond;gsr_skin_conductance_eda_tonic_mean_nk_full_change_precond;eeg_c_theta_mean_full_change_precond;eeg_pleft_halpha_mean_full_change_precond;eeg_fm_sampent_full_change_precond;eeg_pleft_lbeta_mean_full_change_precond;eeg_c_sampent_full_change_precond;eeg_ab_ratio_full_change_precond;eeg_pright_halpha_mean_full_change_precond;eeg_fm_theta_mean_full_change_precond;gsr_skin_conductance_eda_pkrate_nk_full_change_precond;eeg_c_specent_full_change_precond"
2025-11-26 17:51:05.310302,3,"stress_label",20,128,0.1,0.525641025641026,0.538461538461538,NA,20,"top20","eeg_tleft_sampent_full_change_precond;eeg_tleft_halpha_mean_full_change_precond;eeg_tleft_lalpha_mean_full_change_precond;eeg_pright_sampent_full_change_precond;eeg_t_sampent_full_change_precond;hrv_rmssd_full_change_precond;eeg_fl_hbeta_mean_full_change_precond;eeg_fr_sampent_full_change_precond;pupil_dilation_sd_full_change_precond;gsr_skin_conductance_eda_tonic_mean_nk_full_change_precond;eeg_c_theta_mean_full_change_precond;eeg_pleft_halpha_mean_full_change_precond;eeg_fm_sampent_full_change_precond;eeg_pleft_lbeta_mean_full_change_precond;eeg_c_sampent_full_change_precond;eeg_ab_ratio_full_change_precond;eeg_pright_halpha_mean_full_change_precond;eeg_fm_theta_mean_full_change_precond;gsr_skin_conductance_eda_pkrate_nk_full_change_precond;eeg_c_specent_full_change_precond"
2025-11-26 17:51:06.429094,3,"stress_label",20,256,0.1,0.525641025641026,0.5,NA,20,"top20","eeg_tleft_sampent_full_change_precond;eeg_tleft_halpha_mean_full_change_precond;eeg_tleft_lalpha_mean_full_change_precond;eeg_pright_sampent_full_change_precond;eeg_t_sampent_full_change_precond;hrv_rmssd_full_change_precond;eeg_fl_hbeta_mean_full_change_precond;eeg_fr_sampent_full_change_precond;pupil_dilation_sd_full_change_precond;gsr_skin_conductance_eda_tonic_mean_nk_full_change_precond;eeg_c_theta_mean_full_change_precond;eeg_pleft_halpha_mean_full_change_precond;eeg_fm_sampent_full_change_precond;eeg_pleft_lbeta_mean_full_change_precond;eeg_c_sampent_full_change_precond;eeg_ab_ratio_full_change_precond;eeg_pright_halpha_mean_full_change_precond;eeg_fm_theta_mean_full_change_precond;gsr_skin_conductance_eda_pkrate_nk_full_change_precond;eeg_c_specent_full_change_precond"
2025-11-26 17:51:07.341041,3,"stress_label",10,2,0.0078125,0.596153846153846,0.615384615384615,0.52991452991453,10,"top10","eeg_tleft_sampent_full_change_precond;eeg_tleft_halpha_mean_full_change_precond;eeg_tleft_lalpha_mean_full_change_precond;eeg_pright_sampent_full_change_precond;eeg_t_sampent_full_change_precond;hrv_rmssd_full_change_precond;eeg_fl_hbeta_mean_full_change_precond;eeg_fr_sampent_full_change_precond;pupil_dilation_sd_full_change_precond;gsr_skin_conductance_eda_tonic_mean_nk_full_change_precond"
2025-11-26 17:51:08.12802,3,"stress_label",10,4,0.0078125,0.602564102564103,0.615384615384615,NA,10,"top10","eeg_tleft_sampent_full_change_precond;eeg_tleft_halpha_mean_full_change_precond;eeg_tleft_lalpha_mean_full_change_precond;eeg_pright_sampent_full_change_precond;eeg_t_sampent_full_change_precond;hrv_rmssd_full_change_precond;eeg_fl_hbeta_mean_full_change_precond;eeg_fr_sampent_full_change_precond;pupil_dilation_sd_full_change_precond;gsr_skin_conductance_eda_tonic_mean_nk_full_change_precond"
2025-11-26 17:51:08.941942,3,"stress_label",10,8,0.0078125,0.608974358974359,0.615384615384615,NA,10,"top10","eeg_tleft_sampent_full_change_precond;eeg_tleft_halpha_mean_full_change_precond;eeg_tleft_lalpha_mean_full_change_precond;eeg_pright_sampent_full_change_precond;eeg_t_sampent_full_change_precond;hrv_rmssd_full_change_precond;eeg_fl_hbeta_mean_full_change_precond;eeg_fr_sampent_full_change_precond;pupil_dilation_sd_full_change_precond;gsr_skin_conductance_eda_tonic_mean_nk_full_change_precond"
2025-11-26 17:51:09.803161,3,"stress_label",10,16,0.0078125,0.602564102564103,0.602564102564103,0.575213675213675,10,"top10","eeg_tleft_sampent_full_change_precond;eeg_tleft_halpha_mean_full_change_precond;eeg_tleft_lalpha_mean_full_change_precond;eeg_pright_sampent_full_change_precond;eeg_t_sampent_full_change_precond;hrv_rmssd_full_change_precond;eeg_fl_hbeta_mean_full_change_precond;eeg_fr_sampent_full_change_precond;pupil_dilation_sd_full_change_precond;gsr_skin_conductance_eda_tonic_mean_nk_full_change_precond"
2025-11-26 17:51:10.618716,3,"stress_label",10,32,0.0078125,0.596153846153846,0.564102564102564,0.576068376068376,10,"top10","eeg_tleft_sampent_full_change_precond;eeg_tleft_halpha_mean_full_change_precond;eeg_tleft_lalpha_mean_full_change_precond;eeg_pright_sampent_full_change_precond;eeg_t_sampent_full_change_precond;hrv_rmssd_full_change_precond;eeg_fl_hbeta_mean_full_change_precond;eeg_fr_sampent_full_change_precond;pupil_dilation_sd_full_change_precond;gsr_skin_conductance_eda_tonic_mean_nk_full_change_precond"
2025-11-26 17:51:11.518136,3,"stress_label",10,64,0.0078125,0.602564102564103,0.608974358974359,0.576068376068376,10,"top10","eeg_tleft_sampent_full_change_precond;eeg_tleft_halpha_mean_full_change_precond;eeg_tleft_lalpha_mean_full_change_precond;eeg_pright_sampent_full_change_precond;eeg_t_sampent_full_change_precond;hrv_rmssd_full_change_precond;eeg_fl_hbeta_mean_full_change_precond;eeg_fr_sampent_full_change_precond;pupil_dilation_sd_full_change_precond;gsr_skin_conductance_eda_tonic_mean_nk_full_change_precond"
2025-11-26 17:51:12.496317,3,"stress_label",10,128,0.0078125,0.596153846153846,0.583333333333333,0.558974358974359,10,"top10","eeg_tleft_sampent_full_change_precond;eeg_tleft_halpha_mean_full_change_precond;eeg_tleft_lalpha_mean_full_change_precond;eeg_pright_sampent_full_change_precond;eeg_t_sampent_full_change_precond;hrv_rmssd_full_change_precond;eeg_fl_hbeta_mean_full_change_precond;eeg_fr_sampent_full_change_precond;pupil_dilation_sd_full_change_precond;gsr_skin_conductance_eda_tonic_mean_nk_full_change_precond"
2025-11-26 17:51:13.377029,3,"stress_label",10,256,0.0078125,0.596153846153846,0.58974358974359,0.578632478632479,10,"top10","eeg_tleft_sampent_full_change_precond;eeg_tleft_halpha_mean_full_change_precond;eeg_tleft_lalpha_mean_full_change_precond;eeg_pright_sampent_full_change_precond;eeg_t_sampent_full_change_precond;hrv_rmssd_full_change_precond;eeg_fl_hbeta_mean_full_change_precond;eeg_fr_sampent_full_change_precond;pupil_dilation_sd_full_change_precond;gsr_skin_conductance_eda_tonic_mean_nk_full_change_precond"
2025-11-26 17:51:14.024154,3,"stress_label",10,2,0.015625,0.58974358974359,0.615384615384615,NA,10,"top10","eeg_tleft_sampent_full_change_precond;eeg_tleft_halpha_mean_full_change_precond;eeg_tleft_lalpha_mean_full_change_precond;eeg_pright_sampent_full_change_precond;eeg_t_sampent_full_change_precond;hrv_rmssd_full_change_precond;eeg_fl_hbeta_mean_full_change_precond;eeg_fr_sampent_full_change_precond;pupil_dilation_sd_full_change_precond;gsr_skin_conductance_eda_tonic_mean_nk_full_change_precond"
2025-11-26 17:51:14.694096,3,"stress_label",10,4,0.015625,0.596153846153846,0.602564102564103,NA,10,"top10","eeg_tleft_sampent_full_change_precond;eeg_tleft_halpha_mean_full_change_precond;eeg_tleft_lalpha_mean_full_change_precond;eeg_pright_sampent_full_change_precond;eeg_t_sampent_full_change_precond;hrv_rmssd_full_change_precond;eeg_fl_hbeta_mean_full_change_precond;eeg_fr_sampent_full_change_precond;pupil_dilation_sd_full_change_precond;gsr_skin_conductance_eda_tonic_mean_nk_full_change_precond"
2025-11-26 17:51:15.40347,3,"stress_label",10,8,0.015625,0.608974358974359,0.596153846153846,0.583760683760684,10,"top10","eeg_tleft_sampent_full_change_precond;eeg_tleft_halpha_mean_full_change_precond;eeg_tleft_lalpha_mean_full_change_precond;eeg_pright_sampent_full_change_precond;eeg_t_sampent_full_change_precond;hrv_rmssd_full_change_precond;eeg_fl_hbeta_mean_full_change_precond;eeg_fr_sampent_full_change_precond;pupil_dilation_sd_full_change_precond;gsr_skin_conductance_eda_tonic_mean_nk_full_change_precond"
2025-11-26 17:51:16.266033,3,"stress_label",10,16,0.015625,0.615384615384615,0.628205128205128,0.590598290598291,10,"top10","eeg_tleft_sampent_full_change_precond;eeg_tleft_halpha_mean_full_change_precond;eeg_tleft_lalpha_mean_full_change_precond;eeg_pright_sampent_full_change_precond;eeg_t_sampent_full_change_precond;hrv_rmssd_full_change_precond;eeg_fl_hbeta_mean_full_change_precond;eeg_fr_sampent_full_change_precond;pupil_dilation_sd_full_change_precond;gsr_skin_conductance_eda_tonic_mean_nk_full_change_precond"
2025-11-26 17:51:17.116066,3,"stress_label",10,32,0.015625,0.58974358974359,0.58974358974359,0.554700854700855,10,"top10","eeg_tleft_sampent_full_change_precond;eeg_tleft_halpha_mean_full_change_precond;eeg_tleft_lalpha_mean_full_change_precond;eeg_pright_sampent_full_change_precond;eeg_t_sampent_full_change_precond;hrv_rmssd_full_change_precond;eeg_fl_hbeta_mean_full_change_precond;eeg_fr_sampent_full_change_precond;pupil_dilation_sd_full_change_precond;gsr_skin_conductance_eda_tonic_mean_nk_full_change_precond"
2025-11-26 17:51:18.09733,3,"stress_label",10,64,0.015625,0.58974358974359,0.58974358974359,0.570940170940171,10,"top10","eeg_tleft_sampent_full_change_precond;eeg_tleft_halpha_mean_full_change_precond;eeg_tleft_lalpha_mean_full_change_precond;eeg_pright_sampent_full_change_precond;eeg_t_sampent_full_change_precond;hrv_rmssd_full_change_precond;eeg_fl_hbeta_mean_full_change_precond;eeg_fr_sampent_full_change_precond;pupil_dilation_sd_full_change_precond;gsr_skin_conductance_eda_tonic_mean_nk_full_change_precond"
2025-11-26 17:51:19.175756,3,"stress_label",10,128,0.015625,0.58974358974359,0.532051282051282,0.575213675213675,10,"top10","eeg_tleft_sampent_full_change_precond;eeg_tleft_halpha_mean_full_change_precond;eeg_tleft_lalpha_mean_full_change_precond;eeg_pright_sampent_full_change_precond;eeg_t_sampent_full_change_precond;hrv_rmssd_full_change_precond;eeg_fl_hbeta_mean_full_change_precond;eeg_fr_sampent_full_change_precond;pupil_dilation_sd_full_change_precond;gsr_skin_conductance_eda_tonic_mean_nk_full_change_precond"
2025-11-26 17:51:20.491537,3,"stress_label",10,256,0.015625,0.544871794871795,0.532051282051282,NA,10,"top10","eeg_tleft_sampent_full_change_precond;eeg_tleft_halpha_mean_full_change_precond;eeg_tleft_lalpha_mean_full_change_precond;eeg_pright_sampent_full_change_precond;eeg_t_sampent_full_change_precond;hrv_rmssd_full_change_precond;eeg_fl_hbeta_mean_full_change_precond;eeg_fr_sampent_full_change_precond;pupil_dilation_sd_full_change_precond;gsr_skin_conductance_eda_tonic_mean_nk_full_change_precond"
2025-11-26 17:51:21.149171,3,"stress_label",10,2,0.03125,0.608974358974359,0.602564102564103,0.574358974358974,10,"top10","eeg_tleft_sampent_full_change_precond;eeg_tleft_halpha_mean_full_change_precond;eeg_tleft_lalpha_mean_full_change_precond;eeg_pright_sampent_full_change_precond;eeg_t_sampent_full_change_precond;hrv_rmssd_full_change_precond;eeg_fl_hbeta_mean_full_change_precond;eeg_fr_sampent_full_change_precond;pupil_dilation_sd_full_change_precond;gsr_skin_conductance_eda_tonic_mean_nk_full_change_precond"
2025-11-26 17:51:21.993727,3,"stress_label",10,4,0.03125,0.615384615384615,0.608974358974359,0.590598290598291,10,"top10","eeg_tleft_sampent_full_change_precond;eeg_tleft_halpha_mean_full_change_precond;eeg_tleft_lalpha_mean_full_change_precond;eeg_pright_sampent_full_change_precond;eeg_t_sampent_full_change_precond;hrv_rmssd_full_change_precond;eeg_fl_hbeta_mean_full_change_precond;eeg_fr_sampent_full_change_precond;pupil_dilation_sd_full_change_precond;gsr_skin_conductance_eda_tonic_mean_nk_full_change_precond"
2025-11-26 17:51:22.870036,3,"stress_label",10,8,0.03125,0.58974358974359,0.602564102564103,0.567521367521368,10,"top10","eeg_tleft_sampent_full_change_precond;eeg_tleft_halpha_mean_full_change_precond;eeg_tleft_lalpha_mean_full_change_precond;eeg_pright_sampent_full_change_precond;eeg_t_sampent_full_change_precond;hrv_rmssd_full_change_precond;eeg_fl_hbeta_mean_full_change_precond;eeg_fr_sampent_full_change_precond;pupil_dilation_sd_full_change_precond;gsr_skin_conductance_eda_tonic_mean_nk_full_change_precond"
2025-11-26 17:51:23.73692,3,"stress_label",10,16,0.03125,0.57051282051282,0.596153846153846,0.555555555555556,10,"top10","eeg_tleft_sampent_full_change_precond;eeg_tleft_halpha_mean_full_change_precond;eeg_tleft_lalpha_mean_full_change_precond;eeg_pright_sampent_full_change_precond;eeg_t_sampent_full_change_precond;hrv_rmssd_full_change_precond;eeg_fl_hbeta_mean_full_change_precond;eeg_fr_sampent_full_change_precond;pupil_dilation_sd_full_change_precond;gsr_skin_conductance_eda_tonic_mean_nk_full_change_precond"
2025-11-26 17:51:24.462316,3,"stress_label",10,32,0.03125,0.58974358974359,0.551282051282051,0.575213675213675,10,"top10","eeg_tleft_sampent_full_change_precond;eeg_tleft_halpha_mean_full_change_precond;eeg_tleft_lalpha_mean_full_change_precond;eeg_pright_sampent_full_change_precond;eeg_t_sampent_full_change_precond;hrv_rmssd_full_change_precond;eeg_fl_hbeta_mean_full_change_precond;eeg_fr_sampent_full_change_precond;pupil_dilation_sd_full_change_precond;gsr_skin_conductance_eda_tonic_mean_nk_full_change_precond"
2025-11-26 17:51:25.466924,3,"stress_label",10,64,0.03125,0.532051282051282,0.538461538461538,NA,10,"top10","eeg_tleft_sampent_full_change_precond;eeg_tleft_halpha_mean_full_change_precond;eeg_tleft_lalpha_mean_full_change_precond;eeg_pright_sampent_full_change_precond;eeg_t_sampent_full_change_precond;hrv_rmssd_full_change_precond;eeg_fl_hbeta_mean_full_change_precond;eeg_fr_sampent_full_change_precond;pupil_dilation_sd_full_change_precond;gsr_skin_conductance_eda_tonic_mean_nk_full_change_precond"
2025-11-26 17:51:26.705036,3,"stress_label",10,128,0.03125,0.557692307692308,0.544871794871795,0.55042735042735,10,"top10","eeg_tleft_sampent_full_change_precond;eeg_tleft_halpha_mean_full_change_precond;eeg_tleft_lalpha_mean_full_change_precond;eeg_pright_sampent_full_change_precond;eeg_t_sampent_full_change_precond;hrv_rmssd_full_change_precond;eeg_fl_hbeta_mean_full_change_precond;eeg_fr_sampent_full_change_precond;pupil_dilation_sd_full_change_precond;gsr_skin_conductance_eda_tonic_mean_nk_full_change_precond"
2025-11-26 17:51:28.218994,3,"stress_label",10,256,0.03125,0.512820512820513,0.576923076923077,NA,10,"top10","eeg_tleft_sampent_full_change_precond;eeg_tleft_halpha_mean_full_change_precond;eeg_tleft_lalpha_mean_full_change_precond;eeg_pright_sampent_full_change_precond;eeg_t_sampent_full_change_precond;hrv_rmssd_full_change_precond;eeg_fl_hbeta_mean_full_change_precond;eeg_fr_sampent_full_change_precond;pupil_dilation_sd_full_change_precond;gsr_skin_conductance_eda_tonic_mean_nk_full_change_precond"
2025-11-26 17:51:29.041679,3,"stress_label",10,2,0.0625,0.602564102564103,0.621794871794872,0.578632478632479,10,"top10","eeg_tleft_sampent_full_change_precond;eeg_tleft_halpha_mean_full_change_precond;eeg_tleft_lalpha_mean_full_change_precond;eeg_pright_sampent_full_change_precond;eeg_t_sampent_full_change_precond;hrv_rmssd_full_change_precond;eeg_fl_hbeta_mean_full_change_precond;eeg_fr_sampent_full_change_precond;pupil_dilation_sd_full_change_precond;gsr_skin_conductance_eda_tonic_mean_nk_full_change_precond"
2025-11-26 17:51:29.871112,3,"stress_label",10,4,0.0625,0.58974358974359,0.596153846153846,0.581196581196581,10,"top10","eeg_tleft_sampent_full_change_precond;eeg_tleft_halpha_mean_full_change_precond;eeg_tleft_lalpha_mean_full_change_precond;eeg_pright_sampent_full_change_precond;eeg_t_sampent_full_change_precond;hrv_rmssd_full_change_precond;eeg_fl_hbeta_mean_full_change_precond;eeg_fr_sampent_full_change_precond;pupil_dilation_sd_full_change_precond;gsr_skin_conductance_eda_tonic_mean_nk_full_change_precond"
2025-11-26 17:51:30.718806,3,"stress_label",10,8,0.0625,0.576923076923077,0.557692307692308,0.571794871794872,10,"top10","eeg_tleft_sampent_full_change_precond;eeg_tleft_halpha_mean_full_change_precond;eeg_tleft_lalpha_mean_full_change_precond;eeg_pright_sampent_full_change_precond;eeg_t_sampent_full_change_precond;hrv_rmssd_full_change_precond;eeg_fl_hbeta_mean_full_change_precond;eeg_fr_sampent_full_change_precond;pupil_dilation_sd_full_change_precond;gsr_skin_conductance_eda_tonic_mean_nk_full_change_precond"
2025-11-26 17:51:31.658982,3,"stress_label",10,16,0.0625,0.538461538461538,0.551282051282051,NA,10,"top10","eeg_tleft_sampent_full_change_precond;eeg_tleft_halpha_mean_full_change_precond;eeg_tleft_lalpha_mean_full_change_precond;eeg_pright_sampent_full_change_precond;eeg_t_sampent_full_change_precond;hrv_rmssd_full_change_precond;eeg_fl_hbeta_mean_full_change_precond;eeg_fr_sampent_full_change_precond;pupil_dilation_sd_full_change_precond;gsr_skin_conductance_eda_tonic_mean_nk_full_change_precond"
2025-11-26 17:51:32.737555,3,"stress_label",10,32,0.0625,0.506410256410256,0.5,NA,10,"top10","eeg_tleft_sampent_full_change_precond;eeg_tleft_halpha_mean_full_change_precond;eeg_tleft_lalpha_mean_full_change_precond;eeg_pright_sampent_full_change_precond;eeg_t_sampent_full_change_precond;hrv_rmssd_full_change_precond;eeg_fl_hbeta_mean_full_change_precond;eeg_fr_sampent_full_change_precond;pupil_dilation_sd_full_change_precond;gsr_skin_conductance_eda_tonic_mean_nk_full_change_precond"
2025-11-26 17:51:33.874963,3,"stress_label",10,64,0.0625,0.506410256410256,0.538461538461538,NA,10,"top10","eeg_tleft_sampent_full_change_precond;eeg_tleft_halpha_mean_full_change_precond;eeg_tleft_lalpha_mean_full_change_precond;eeg_pright_sampent_full_change_precond;eeg_t_sampent_full_change_precond;hrv_rmssd_full_change_precond;eeg_fl_hbeta_mean_full_change_precond;eeg_fr_sampent_full_change_precond;pupil_dilation_sd_full_change_precond;gsr_skin_conductance_eda_tonic_mean_nk_full_change_precond"
2025-11-26 17:51:34.85713,3,"stress_label",10,128,0.0625,0.525641025641026,0.57051282051282,NA,10,"top10","eeg_tleft_sampent_full_change_precond;eeg_tleft_halpha_mean_full_change_precond;eeg_tleft_lalpha_mean_full_change_precond;eeg_pright_sampent_full_change_precond;eeg_t_sampent_full_change_precond;hrv_rmssd_full_change_precond;eeg_fl_hbeta_mean_full_change_precond;eeg_fr_sampent_full_change_precond;pupil_dilation_sd_full_change_precond;gsr_skin_conductance_eda_tonic_mean_nk_full_change_precond"
2025-11-26 17:51:36.068129,3,"stress_label",10,256,0.0625,0.538461538461538,0.532051282051282,NA,10,"top10","eeg_tleft_sampent_full_change_precond;eeg_tleft_halpha_mean_full_change_precond;eeg_tleft_lalpha_mean_full_change_precond;eeg_pright_sampent_full_change_precond;eeg_t_sampent_full_change_precond;hrv_rmssd_full_change_precond;eeg_fl_hbeta_mean_full_change_precond;eeg_fr_sampent_full_change_precond;pupil_dilation_sd_full_change_precond;gsr_skin_conductance_eda_tonic_mean_nk_full_change_precond"
2025-11-26 17:51:36.941033,3,"stress_label",10,2,0.125,0.583333333333333,0.596153846153846,0.576068376068376,10,"top10","eeg_tleft_sampent_full_change_precond;eeg_tleft_halpha_mean_full_change_precond;eeg_tleft_lalpha_mean_full_change_precond;eeg_pright_sampent_full_change_precond;eeg_t_sampent_full_change_precond;hrv_rmssd_full_change_precond;eeg_fl_hbeta_mean_full_change_precond;eeg_fr_sampent_full_change_precond;pupil_dilation_sd_full_change_precond;gsr_skin_conductance_eda_tonic_mean_nk_full_change_precond"
2025-11-26 17:51:37.834174,3,"stress_label",10,4,0.125,0.551282051282051,0.564102564102564,NA,10,"top10","eeg_tleft_sampent_full_change_precond;eeg_tleft_halpha_mean_full_change_precond;eeg_tleft_lalpha_mean_full_change_precond;eeg_pright_sampent_full_change_precond;eeg_t_sampent_full_change_precond;hrv_rmssd_full_change_precond;eeg_fl_hbeta_mean_full_change_precond;eeg_fr_sampent_full_change_precond;pupil_dilation_sd_full_change_precond;gsr_skin_conductance_eda_tonic_mean_nk_full_change_precond"
2025-11-26 17:51:38.78766,3,"stress_label",10,8,0.125,0.519230769230769,0.512820512820513,NA,10,"top10","eeg_tleft_sampent_full_change_precond;eeg_tleft_halpha_mean_full_change_precond;eeg_tleft_lalpha_mean_full_change_precond;eeg_pright_sampent_full_change_precond;eeg_t_sampent_full_change_precond;hrv_rmssd_full_change_precond;eeg_fl_hbeta_mean_full_change_precond;eeg_fr_sampent_full_change_precond;pupil_dilation_sd_full_change_precond;gsr_skin_conductance_eda_tonic_mean_nk_full_change_precond"
2025-11-26 17:51:39.631714,3,"stress_label",10,16,0.125,0.512820512820513,0.538461538461538,NA,10,"top10","eeg_tleft_sampent_full_change_precond;eeg_tleft_halpha_mean_full_change_precond;eeg_tleft_lalpha_mean_full_change_precond;eeg_pright_sampent_full_change_precond;eeg_t_sampent_full_change_precond;hrv_rmssd_full_change_precond;eeg_fl_hbeta_mean_full_change_precond;eeg_fr_sampent_full_change_precond;pupil_dilation_sd_full_change_precond;gsr_skin_conductance_eda_tonic_mean_nk_full_change_precond"
2025-11-26 17:51:40.650895,3,"stress_label",10,32,0.125,0.519230769230769,0.57051282051282,NA,10,"top10","eeg_tleft_sampent_full_change_precond;eeg_tleft_halpha_mean_full_change_precond;eeg_tleft_lalpha_mean_full_change_precond;eeg_pright_sampent_full_change_precond;eeg_t_sampent_full_change_precond;hrv_rmssd_full_change_precond;eeg_fl_hbeta_mean_full_change_precond;eeg_fr_sampent_full_change_precond;pupil_dilation_sd_full_change_precond;gsr_skin_conductance_eda_tonic_mean_nk_full_change_precond"
2025-11-26 17:51:41.672825,3,"stress_label",10,64,0.125,0.525641025641026,0.602564102564103,NA,10,"top10","eeg_tleft_sampent_full_change_precond;eeg_tleft_halpha_mean_full_change_precond;eeg_tleft_lalpha_mean_full_change_precond;eeg_pright_sampent_full_change_precond;eeg_t_sampent_full_change_precond;hrv_rmssd_full_change_precond;eeg_fl_hbeta_mean_full_change_precond;eeg_fr_sampent_full_change_precond;pupil_dilation_sd_full_change_precond;gsr_skin_conductance_eda_tonic_mean_nk_full_change_precond"
2025-11-26 17:51:42.707295,3,"stress_label",10,128,0.125,0.525641025641026,0.58974358974359,NA,10,"top10","eeg_tleft_sampent_full_change_precond;eeg_tleft_halpha_mean_full_change_precond;eeg_tleft_lalpha_mean_full_change_precond;eeg_pright_sampent_full_change_precond;eeg_t_sampent_full_change_precond;hrv_rmssd_full_change_precond;eeg_fl_hbeta_mean_full_change_precond;eeg_fr_sampent_full_change_precond;pupil_dilation_sd_full_change_precond;gsr_skin_conductance_eda_tonic_mean_nk_full_change_precond"
2025-11-26 17:51:43.710982,3,"stress_label",10,256,0.125,0.525641025641026,0.602564102564103,NA,10,"top10","eeg_tleft_sampent_full_change_precond;eeg_tleft_halpha_mean_full_change_precond;eeg_tleft_lalpha_mean_full_change_precond;eeg_pright_sampent_full_change_precond;eeg_t_sampent_full_change_precond;hrv_rmssd_full_change_precond;eeg_fl_hbeta_mean_full_change_precond;eeg_fr_sampent_full_change_precond;pupil_dilation_sd_full_change_precond;gsr_skin_conductance_eda_tonic_mean_nk_full_change_precond"
2025-11-26 17:51:44.35776,3,"stress_label",10,2,0.03,0.602564102564103,0.608974358974359,0.57008547008547,10,"top10","eeg_tleft_sampent_full_change_precond;eeg_tleft_halpha_mean_full_change_precond;eeg_tleft_lalpha_mean_full_change_precond;eeg_pright_sampent_full_change_precond;eeg_t_sampent_full_change_precond;hrv_rmssd_full_change_precond;eeg_fl_hbeta_mean_full_change_precond;eeg_fr_sampent_full_change_precond;pupil_dilation_sd_full_change_precond;gsr_skin_conductance_eda_tonic_mean_nk_full_change_precond"
2025-11-26 17:51:45.132092,3,"stress_label",10,4,0.03,0.615384615384615,0.608974358974359,0.590598290598291,10,"top10","eeg_tleft_sampent_full_change_precond;eeg_tleft_halpha_mean_full_change_precond;eeg_tleft_lalpha_mean_full_change_precond;eeg_pright_sampent_full_change_precond;eeg_t_sampent_full_change_precond;hrv_rmssd_full_change_precond;eeg_fl_hbeta_mean_full_change_precond;eeg_fr_sampent_full_change_precond;pupil_dilation_sd_full_change_precond;gsr_skin_conductance_eda_tonic_mean_nk_full_change_precond"
2025-11-26 17:51:45.922537,3,"stress_label",10,8,0.03,0.596153846153846,0.602564102564103,0.571794871794872,10,"top10","eeg_tleft_sampent_full_change_precond;eeg_tleft_halpha_mean_full_change_precond;eeg_tleft_lalpha_mean_full_change_precond;eeg_pright_sampent_full_change_precond;eeg_t_sampent_full_change_precond;hrv_rmssd_full_change_precond;eeg_fl_hbeta_mean_full_change_precond;eeg_fr_sampent_full_change_precond;pupil_dilation_sd_full_change_precond;gsr_skin_conductance_eda_tonic_mean_nk_full_change_precond"
2025-11-26 17:51:46.678177,3,"stress_label",10,16,0.03,0.576923076923077,0.596153846153846,0.563247863247863,10,"top10","eeg_tleft_sampent_full_change_precond;eeg_tleft_halpha_mean_full_change_precond;eeg_tleft_lalpha_mean_full_change_precond;eeg_pright_sampent_full_change_precond;eeg_t_sampent_full_change_precond;hrv_rmssd_full_change_precond;eeg_fl_hbeta_mean_full_change_precond;eeg_fr_sampent_full_change_precond;pupil_dilation_sd_full_change_precond;gsr_skin_conductance_eda_tonic_mean_nk_full_change_precond"
2025-11-26 17:51:47.582888,3,"stress_label",10,32,0.03,0.58974358974359,0.525641025641026,0.575213675213675,10,"top10","eeg_tleft_sampent_full_change_precond;eeg_tleft_halpha_mean_full_change_precond;eeg_tleft_lalpha_mean_full_change_precond;eeg_pright_sampent_full_change_precond;eeg_t_sampent_full_change_precond;hrv_rmssd_full_change_precond;eeg_fl_hbeta_mean_full_change_precond;eeg_fr_sampent_full_change_precond;pupil_dilation_sd_full_change_precond;gsr_skin_conductance_eda_tonic_mean_nk_full_change_precond"
2025-11-26 17:51:48.591643,3,"stress_label",10,64,0.03,0.532051282051282,0.506410256410256,NA,10,"top10","eeg_tleft_sampent_full_change_precond;eeg_tleft_halpha_mean_full_change_precond;eeg_tleft_lalpha_mean_full_change_precond;eeg_pright_sampent_full_change_precond;eeg_t_sampent_full_change_precond;hrv_rmssd_full_change_precond;eeg_fl_hbeta_mean_full_change_precond;eeg_fr_sampent_full_change_precond;pupil_dilation_sd_full_change_precond;gsr_skin_conductance_eda_tonic_mean_nk_full_change_precond"
2025-11-26 17:51:49.809335,3,"stress_label",10,128,0.03,0.551282051282051,0.564102564102564,0.539316239316239,10,"top10","eeg_tleft_sampent_full_change_precond;eeg_tleft_halpha_mean_full_change_precond;eeg_tleft_lalpha_mean_full_change_precond;eeg_pright_sampent_full_change_precond;eeg_t_sampent_full_change_precond;hrv_rmssd_full_change_precond;eeg_fl_hbeta_mean_full_change_precond;eeg_fr_sampent_full_change_precond;pupil_dilation_sd_full_change_precond;gsr_skin_conductance_eda_tonic_mean_nk_full_change_precond"
2025-11-26 17:51:51.123578,3,"stress_label",10,256,0.03,0.512820512820513,0.564102564102564,NA,10,"top10","eeg_tleft_sampent_full_change_precond;eeg_tleft_halpha_mean_full_change_precond;eeg_tleft_lalpha_mean_full_change_precond;eeg_pright_sampent_full_change_precond;eeg_t_sampent_full_change_precond;hrv_rmssd_full_change_precond;eeg_fl_hbeta_mean_full_change_precond;eeg_fr_sampent_full_change_precond;pupil_dilation_sd_full_change_precond;gsr_skin_conductance_eda_tonic_mean_nk_full_change_precond"
2025-11-26 17:51:51.959847,3,"stress_label",10,2,0.06,0.608974358974359,0.621794871794872,0.581196581196581,10,"top10","eeg_tleft_sampent_full_change_precond;eeg_tleft_halpha_mean_full_change_precond;eeg_tleft_lalpha_mean_full_change_precond;eeg_pright_sampent_full_change_precond;eeg_t_sampent_full_change_precond;hrv_rmssd_full_change_precond;eeg_fl_hbeta_mean_full_change_precond;eeg_fr_sampent_full_change_precond;pupil_dilation_sd_full_change_precond;gsr_skin_conductance_eda_tonic_mean_nk_full_change_precond"
2025-11-26 17:51:52.703893,3,"stress_label",10,4,0.06,0.583333333333333,0.58974358974359,0.573504273504273,10,"top10","eeg_tleft_sampent_full_change_precond;eeg_tleft_halpha_mean_full_change_precond;eeg_tleft_lalpha_mean_full_change_precond;eeg_pright_sampent_full_change_precond;eeg_t_sampent_full_change_precond;hrv_rmssd_full_change_precond;eeg_fl_hbeta_mean_full_change_precond;eeg_fr_sampent_full_change_precond;pupil_dilation_sd_full_change_precond;gsr_skin_conductance_eda_tonic_mean_nk_full_change_precond"
2025-11-26 17:51:53.55784,3,"stress_label",10,8,0.06,0.58974358974359,0.576923076923077,0.582051282051282,10,"top10","eeg_tleft_sampent_full_change_precond;eeg_tleft_halpha_mean_full_change_precond;eeg_tleft_lalpha_mean_full_change_precond;eeg_pright_sampent_full_change_precond;eeg_t_sampent_full_change_precond;hrv_rmssd_full_change_precond;eeg_fl_hbeta_mean_full_change_precond;eeg_fr_sampent_full_change_precond;pupil_dilation_sd_full_change_precond;gsr_skin_conductance_eda_tonic_mean_nk_full_change_precond"
2025-11-26 17:51:54.500818,3,"stress_label",10,16,0.06,0.538461538461538,0.544871794871795,NA,10,"top10","eeg_tleft_sampent_full_change_precond;eeg_tleft_halpha_mean_full_change_precond;eeg_tleft_lalpha_mean_full_change_precond;eeg_pright_sampent_full_change_precond;eeg_t_sampent_full_change_precond;hrv_rmssd_full_change_precond;eeg_fl_hbeta_mean_full_change_precond;eeg_fr_sampent_full_change_precond;pupil_dilation_sd_full_change_precond;gsr_skin_conductance_eda_tonic_mean_nk_full_change_precond"
2025-11-26 17:51:55.357097,3,"stress_label",10,32,0.06,0.519230769230769,0.525641025641026,NA,10,"top10","eeg_tleft_sampent_full_change_precond;eeg_tleft_halpha_mean_full_change_precond;eeg_tleft_lalpha_mean_full_change_precond;eeg_pright_sampent_full_change_precond;eeg_t_sampent_full_change_precond;hrv_rmssd_full_change_precond;eeg_fl_hbeta_mean_full_change_precond;eeg_fr_sampent_full_change_precond;pupil_dilation_sd_full_change_precond;gsr_skin_conductance_eda_tonic_mean_nk_full_change_precond"
2025-11-26 17:51:56.354458,3,"stress_label",10,64,0.06,0.506410256410256,0.538461538461538,NA,10,"top10","eeg_tleft_sampent_full_change_precond;eeg_tleft_halpha_mean_full_change_precond;eeg_tleft_lalpha_mean_full_change_precond;eeg_pright_sampent_full_change_precond;eeg_t_sampent_full_change_precond;hrv_rmssd_full_change_precond;eeg_fl_hbeta_mean_full_change_precond;eeg_fr_sampent_full_change_precond;pupil_dilation_sd_full_change_precond;gsr_skin_conductance_eda_tonic_mean_nk_full_change_precond"
2025-11-26 17:51:57.44899,3,"stress_label",10,128,0.06,0.512820512820513,0.576923076923077,NA,10,"top10","eeg_tleft_sampent_full_change_precond;eeg_tleft_halpha_mean_full_change_precond;eeg_tleft_lalpha_mean_full_change_precond;eeg_pright_sampent_full_change_precond;eeg_t_sampent_full_change_precond;hrv_rmssd_full_change_precond;eeg_fl_hbeta_mean_full_change_precond;eeg_fr_sampent_full_change_precond;pupil_dilation_sd_full_change_precond;gsr_skin_conductance_eda_tonic_mean_nk_full_change_precond"
2025-11-26 17:51:58.67544,3,"stress_label",10,256,0.06,0.544871794871795,0.538461538461538,NA,10,"top10","eeg_tleft_sampent_full_change_precond;eeg_tleft_halpha_mean_full_change_precond;eeg_tleft_lalpha_mean_full_change_precond;eeg_pright_sampent_full_change_precond;eeg_t_sampent_full_change_precond;hrv_rmssd_full_change_precond;eeg_fl_hbeta_mean_full_change_precond;eeg_fr_sampent_full_change_precond;pupil_dilation_sd_full_change_precond;gsr_skin_conductance_eda_tonic_mean_nk_full_change_precond"
2025-11-26 17:51:59.522558,3,"stress_label",10,2,0.1,0.608974358974359,0.602564102564103,0.591452991452991,10,"top10","eeg_tleft_sampent_full_change_precond;eeg_tleft_halpha_mean_full_change_precond;eeg_tleft_lalpha_mean_full_change_precond;eeg_pright_sampent_full_change_precond;eeg_t_sampent_full_change_precond;hrv_rmssd_full_change_precond;eeg_fl_hbeta_mean_full_change_precond;eeg_fr_sampent_full_change_precond;pupil_dilation_sd_full_change_precond;gsr_skin_conductance_eda_tonic_mean_nk_full_change_precond"
2025-11-26 17:52:00.397111,3,"stress_label",10,4,0.1,0.57051282051282,0.583333333333333,0.558119658119658,10,"top10","eeg_tleft_sampent_full_change_precond;eeg_tleft_halpha_mean_full_change_precond;eeg_tleft_lalpha_mean_full_change_precond;eeg_pright_sampent_full_change_precond;eeg_t_sampent_full_change_precond;hrv_rmssd_full_change_precond;eeg_fl_hbeta_mean_full_change_precond;eeg_fr_sampent_full_change_precond;pupil_dilation_sd_full_change_precond;gsr_skin_conductance_eda_tonic_mean_nk_full_change_precond"
2025-11-26 17:52:01.342489,3,"stress_label",10,8,0.1,0.551282051282051,0.544871794871795,0.532478632478632,10,"top10","eeg_tleft_sampent_full_change_precond;eeg_tleft_halpha_mean_full_change_precond;eeg_tleft_lalpha_mean_full_change_precond;eeg_pright_sampent_full_change_precond;eeg_t_sampent_full_change_precond;hrv_rmssd_full_change_precond;eeg_fl_hbeta_mean_full_change_precond;eeg_fr_sampent_full_change_precond;pupil_dilation_sd_full_change_precond;gsr_skin_conductance_eda_tonic_mean_nk_full_change_precond"
2025-11-26 17:52:02.384042,3,"stress_label",10,16,0.1,0.506410256410256,0.487179487179487,NA,10,"top10","eeg_tleft_sampent_full_change_precond;eeg_tleft_halpha_mean_full_change_precond;eeg_tleft_lalpha_mean_full_change_precond;eeg_pright_sampent_full_change_precond;eeg_t_sampent_full_change_precond;hrv_rmssd_full_change_precond;eeg_fl_hbeta_mean_full_change_precond;eeg_fr_sampent_full_change_precond;pupil_dilation_sd_full_change_precond;gsr_skin_conductance_eda_tonic_mean_nk_full_change_precond"
2025-11-26 17:52:03.400773,3,"stress_label",10,32,0.1,0.5,0.576923076923077,NA,10,"top10","eeg_tleft_sampent_full_change_precond;eeg_tleft_halpha_mean_full_change_precond;eeg_tleft_lalpha_mean_full_change_precond;eeg_pright_sampent_full_change_precond;eeg_t_sampent_full_change_precond;hrv_rmssd_full_change_precond;eeg_fl_hbeta_mean_full_change_precond;eeg_fr_sampent_full_change_precond;pupil_dilation_sd_full_change_precond;gsr_skin_conductance_eda_tonic_mean_nk_full_change_precond"
2025-11-26 17:52:04.43406,3,"stress_label",10,64,0.1,0.532051282051282,0.583333333333333,NA,10,"top10","eeg_tleft_sampent_full_change_precond;eeg_tleft_halpha_mean_full_change_precond;eeg_tleft_lalpha_mean_full_change_precond;eeg_pright_sampent_full_change_precond;eeg_t_sampent_full_change_precond;hrv_rmssd_full_change_precond;eeg_fl_hbeta_mean_full_change_precond;eeg_fr_sampent_full_change_precond;pupil_dilation_sd_full_change_precond;gsr_skin_conductance_eda_tonic_mean_nk_full_change_precond"
2025-11-26 17:52:05.483369,3,"stress_label",10,128,0.1,0.532051282051282,0.557692307692308,NA,10,"top10","eeg_tleft_sampent_full_change_precond;eeg_tleft_halpha_mean_full_change_precond;eeg_tleft_lalpha_mean_full_change_precond;eeg_pright_sampent_full_change_precond;eeg_t_sampent_full_change_precond;hrv_rmssd_full_change_precond;eeg_fl_hbeta_mean_full_change_precond;eeg_fr_sampent_full_change_precond;pupil_dilation_sd_full_change_precond;gsr_skin_conductance_eda_tonic_mean_nk_full_change_precond"
2025-11-26 17:52:06.567292,3,"stress_label",10,256,0.1,0.532051282051282,0.583333333333333,NA,10,"top10","eeg_tleft_sampent_full_change_precond;eeg_tleft_halpha_mean_full_change_precond;eeg_tleft_lalpha_mean_full_change_precond;eeg_pright_sampent_full_change_precond;eeg_t_sampent_full_change_precond;hrv_rmssd_full_change_precond;eeg_fl_hbeta_mean_full_change_precond;eeg_fr_sampent_full_change_precond;pupil_dilation_sd_full_change_precond;gsr_skin_conductance_eda_tonic_mean_nk_full_change_precond"
2025-11-26 17:52:07.396977,3,"stress_label",5,2,0.0078125,0.58974358974359,0.538461538461538,0.576923076923077,5,"top5","eeg_tleft_sampent_full_change_precond;eeg_tleft_halpha_mean_full_change_precond;eeg_tleft_lalpha_mean_full_change_precond;eeg_pright_sampent_full_change_precond;eeg_t_sampent_full_change_precond"
2025-11-26 17:52:08.123799,3,"stress_label",5,4,0.0078125,0.583333333333333,0.576923076923077,0.556410256410256,5,"top5","eeg_tleft_sampent_full_change_precond;eeg_tleft_halpha_mean_full_change_precond;eeg_tleft_lalpha_mean_full_change_precond;eeg_pright_sampent_full_change_precond;eeg_t_sampent_full_change_precond"
2025-11-26 17:52:08.919249,3,"stress_label",5,8,0.0078125,0.576923076923077,0.576923076923077,0.533333333333333,5,"top5","eeg_tleft_sampent_full_change_precond;eeg_tleft_halpha_mean_full_change_precond;eeg_tleft_lalpha_mean_full_change_precond;eeg_pright_sampent_full_change_precond;eeg_t_sampent_full_change_precond"
2025-11-26 17:52:09.700068,3,"stress_label",5,16,0.0078125,0.583333333333333,0.576923076923077,0.529059829059829,5,"top5","eeg_tleft_sampent_full_change_precond;eeg_tleft_halpha_mean_full_change_precond;eeg_tleft_lalpha_mean_full_change_precond;eeg_pright_sampent_full_change_precond;eeg_t_sampent_full_change_precond"
2025-11-26 17:52:10.510821,3,"stress_label",5,32,0.0078125,0.608974358974359,0.608974358974359,NA,5,"top5","eeg_tleft_sampent_full_change_precond;eeg_tleft_halpha_mean_full_change_precond;eeg_tleft_lalpha_mean_full_change_precond;eeg_pright_sampent_full_change_precond;eeg_t_sampent_full_change_precond"
2025-11-26 17:52:11.301518,3,"stress_label",5,64,0.0078125,0.634615384615385,0.602564102564103,0.571794871794872,5,"top5","eeg_tleft_sampent_full_change_precond;eeg_tleft_halpha_mean_full_change_precond;eeg_tleft_lalpha_mean_full_change_precond;eeg_pright_sampent_full_change_precond;eeg_t_sampent_full_change_precond"
2025-11-26 17:52:12.137104,3,"stress_label",5,128,0.0078125,0.628205128205128,0.608974358974359,NA,5,"top5","eeg_tleft_sampent_full_change_precond;eeg_tleft_halpha_mean_full_change_precond;eeg_tleft_lalpha_mean_full_change_precond;eeg_pright_sampent_full_change_precond;eeg_t_sampent_full_change_precond"
2025-11-26 17:52:13.237577,3,"stress_label",5,256,0.0078125,0.621794871794872,0.564102564102564,NA,5,"top5","eeg_tleft_sampent_full_change_precond;eeg_tleft_halpha_mean_full_change_precond;eeg_tleft_lalpha_mean_full_change_precond;eeg_pright_sampent_full_change_precond;eeg_t_sampent_full_change_precond"
2025-11-26 17:52:13.876448,3,"stress_label",5,2,0.015625,0.58974358974359,0.576923076923077,0.558974358974359,5,"top5","eeg_tleft_sampent_full_change_precond;eeg_tleft_halpha_mean_full_change_precond;eeg_tleft_lalpha_mean_full_change_precond;eeg_pright_sampent_full_change_precond;eeg_t_sampent_full_change_precond"
2025-11-26 17:52:14.566781,3,"stress_label",5,4,0.015625,0.583333333333333,0.58974358974359,0.534188034188034,5,"top5","eeg_tleft_sampent_full_change_precond;eeg_tleft_halpha_mean_full_change_precond;eeg_tleft_lalpha_mean_full_change_precond;eeg_pright_sampent_full_change_precond;eeg_t_sampent_full_change_precond"
2025-11-26 17:52:15.298333,3,"stress_label",5,8,0.015625,0.602564102564103,0.608974358974359,NA,5,"top5","eeg_tleft_sampent_full_change_precond;eeg_tleft_halpha_mean_full_change_precond;eeg_tleft_lalpha_mean_full_change_precond;eeg_pright_sampent_full_change_precond;eeg_t_sampent_full_change_precond"
2025-11-26 17:52:16.061719,3,"stress_label",5,16,0.015625,0.628205128205128,0.602564102564103,0.567521367521368,5,"top5","eeg_tleft_sampent_full_change_precond;eeg_tleft_halpha_mean_full_change_precond;eeg_tleft_lalpha_mean_full_change_precond;eeg_pright_sampent_full_change_precond;eeg_t_sampent_full_change_precond"
2025-11-26 17:52:16.86581,3,"stress_label",5,32,0.015625,0.621794871794872,0.602564102564103,NA,5,"top5","eeg_tleft_sampent_full_change_precond;eeg_tleft_halpha_mean_full_change_precond;eeg_tleft_lalpha_mean_full_change_precond;eeg_pright_sampent_full_change_precond;eeg_t_sampent_full_change_precond"
2025-11-26 17:52:17.630772,3,"stress_label",5,64,0.015625,0.602564102564103,0.576923076923077,NA,5,"top5","eeg_tleft_sampent_full_change_precond;eeg_tleft_halpha_mean_full_change_precond;eeg_tleft_lalpha_mean_full_change_precond;eeg_pright_sampent_full_change_precond;eeg_t_sampent_full_change_precond"
2025-11-26 17:52:18.515894,3,"stress_label",5,128,0.015625,0.596153846153846,0.557692307692308,NA,5,"top5","eeg_tleft_sampent_full_change_precond;eeg_tleft_halpha_mean_full_change_precond;eeg_tleft_lalpha_mean_full_change_precond;eeg_pright_sampent_full_change_precond;eeg_t_sampent_full_change_precond"
2025-11-26 17:52:19.339655,3,"stress_label",5,256,0.015625,0.602564102564103,0.557692307692308,NA,5,"top5","eeg_tleft_sampent_full_change_precond;eeg_tleft_halpha_mean_full_change_precond;eeg_tleft_lalpha_mean_full_change_precond;eeg_pright_sampent_full_change_precond;eeg_t_sampent_full_change_precond"
2025-11-26 17:52:20.023976,3,"stress_label",5,2,0.03125,0.615384615384615,0.615384615384615,NA,5,"top5","eeg_tleft_sampent_full_change_precond;eeg_tleft_halpha_mean_full_change_precond;eeg_tleft_lalpha_mean_full_change_precond;eeg_pright_sampent_full_change_precond;eeg_t_sampent_full_change_precond"
2025-11-26 17:52:20.802702,3,"stress_label",5,4,0.03125,0.634615384615385,0.602564102564103,0.576068376068376,5,"top5","eeg_tleft_sampent_full_change_precond;eeg_tleft_halpha_mean_full_change_precond;eeg_tleft_lalpha_mean_full_change_precond;eeg_pright_sampent_full_change_precond;eeg_t_sampent_full_change_precond"
2025-11-26 17:52:21.562757,3,"stress_label",5,8,0.03125,0.621794871794872,0.602564102564103,0.563247863247863,5,"top5","eeg_tleft_sampent_full_change_precond;eeg_tleft_halpha_mean_full_change_precond;eeg_tleft_lalpha_mean_full_change_precond;eeg_pright_sampent_full_change_precond;eeg_t_sampent_full_change_precond"
2025-11-26 17:52:22.315946,3,"stress_label",5,16,0.03125,0.615384615384615,0.596153846153846,0.564957264957265,5,"top5","eeg_tleft_sampent_full_change_precond;eeg_tleft_halpha_mean_full_change_precond;eeg_tleft_lalpha_mean_full_change_precond;eeg_pright_sampent_full_change_precond;eeg_t_sampent_full_change_precond"
2025-11-26 17:52:23.108485,3,"stress_label",5,32,0.03125,0.596153846153846,0.576923076923077,NA,5,"top5","eeg_tleft_sampent_full_change_precond;eeg_tleft_halpha_mean_full_change_precond;eeg_tleft_lalpha_mean_full_change_precond;eeg_pright_sampent_full_change_precond;eeg_t_sampent_full_change_precond"
2025-11-26 17:52:23.896008,3,"stress_label",5,64,0.03125,0.602564102564103,0.461538461538462,NA,5,"top5","eeg_tleft_sampent_full_change_precond;eeg_tleft_halpha_mean_full_change_precond;eeg_tleft_lalpha_mean_full_change_precond;eeg_pright_sampent_full_change_precond;eeg_t_sampent_full_change_precond"
2025-11-26 17:52:24.861017,3,"stress_label",5,128,0.03125,0.58974358974359,0.506410256410256,NA,5,"top5","eeg_tleft_sampent_full_change_precond;eeg_tleft_halpha_mean_full_change_precond;eeg_tleft_lalpha_mean_full_change_precond;eeg_pright_sampent_full_change_precond;eeg_t_sampent_full_change_precond"
2025-11-26 17:52:25.963243,3,"stress_label",5,256,0.03125,0.525641025641026,0.391025641025641,NA,5,"top5","eeg_tleft_sampent_full_change_precond;eeg_tleft_halpha_mean_full_change_precond;eeg_tleft_lalpha_mean_full_change_precond;eeg_pright_sampent_full_change_precond;eeg_t_sampent_full_change_precond"
2025-11-26 17:52:26.718188,3,"stress_label",5,2,0.0625,0.621794871794872,0.602564102564103,0.567521367521368,5,"top5","eeg_tleft_sampent_full_change_precond;eeg_tleft_halpha_mean_full_change_precond;eeg_tleft_lalpha_mean_full_change_precond;eeg_pright_sampent_full_change_precond;eeg_t_sampent_full_change_precond"
2025-11-26 17:52:27.52236,3,"stress_label",5,4,0.0625,0.615384615384615,0.602564102564103,0.564957264957265,5,"top5","eeg_tleft_sampent_full_change_precond;eeg_tleft_halpha_mean_full_change_precond;eeg_tleft_lalpha_mean_full_change_precond;eeg_pright_sampent_full_change_precond;eeg_t_sampent_full_change_precond"
2025-11-26 17:52:28.322692,3,"stress_label",5,8,0.0625,0.615384615384615,0.57051282051282,0.562393162393162,5,"top5","eeg_tleft_sampent_full_change_precond;eeg_tleft_halpha_mean_full_change_precond;eeg_tleft_lalpha_mean_full_change_precond;eeg_pright_sampent_full_change_precond;eeg_t_sampent_full_change_precond"
2025-11-26 17:52:29.133365,3,"stress_label",5,16,0.0625,0.596153846153846,0.551282051282051,NA,5,"top5","eeg_tleft_sampent_full_change_precond;eeg_tleft_halpha_mean_full_change_precond;eeg_tleft_lalpha_mean_full_change_precond;eeg_pright_sampent_full_change_precond;eeg_t_sampent_full_change_precond"
2025-11-26 17:52:29.965621,3,"stress_label",5,32,0.0625,0.57051282051282,0.429487179487179,NA,5,"top5","eeg_tleft_sampent_full_change_precond;eeg_tleft_halpha_mean_full_change_precond;eeg_tleft_lalpha_mean_full_change_precond;eeg_pright_sampent_full_change_precond;eeg_t_sampent_full_change_precond"
2025-11-26 17:52:30.856315,3,"stress_label",5,64,0.0625,0.551282051282051,0.467948717948718,NA,5,"top5","eeg_tleft_sampent_full_change_precond;eeg_tleft_halpha_mean_full_change_precond;eeg_tleft_lalpha_mean_full_change_precond;eeg_pright_sampent_full_change_precond;eeg_t_sampent_full_change_precond"
2025-11-26 17:52:31.944547,3,"stress_label",5,128,0.0625,0.538461538461538,0.429487179487179,NA,5,"top5","eeg_tleft_sampent_full_change_precond;eeg_tleft_halpha_mean_full_change_precond;eeg_tleft_lalpha_mean_full_change_precond;eeg_pright_sampent_full_change_precond;eeg_t_sampent_full_change_precond"
2025-11-26 17:52:33.243153,3,"stress_label",5,256,0.0625,0.538461538461538,0.474358974358974,NA,5,"top5","eeg_tleft_sampent_full_change_precond;eeg_tleft_halpha_mean_full_change_precond;eeg_tleft_lalpha_mean_full_change_precond;eeg_pright_sampent_full_change_precond;eeg_t_sampent_full_change_precond"
2025-11-26 17:52:34.038704,3,"stress_label",5,2,0.125,0.615384615384615,0.596153846153846,0.562393162393162,5,"top5","eeg_tleft_sampent_full_change_precond;eeg_tleft_halpha_mean_full_change_precond;eeg_tleft_lalpha_mean_full_change_precond;eeg_pright_sampent_full_change_precond;eeg_t_sampent_full_change_precond"
2025-11-26 17:52:34.76516,3,"stress_label",5,4,0.125,0.602564102564103,0.544871794871795,NA,5,"top5","eeg_tleft_sampent_full_change_precond;eeg_tleft_halpha_mean_full_change_precond;eeg_tleft_lalpha_mean_full_change_precond;eeg_pright_sampent_full_change_precond;eeg_t_sampent_full_change_precond"
2025-11-26 17:52:35.574549,3,"stress_label",5,8,0.125,0.557692307692308,0.512820512820513,NA,5,"top5","eeg_tleft_sampent_full_change_precond;eeg_tleft_halpha_mean_full_change_precond;eeg_tleft_lalpha_mean_full_change_precond;eeg_pright_sampent_full_change_precond;eeg_t_sampent_full_change_precond"
2025-11-26 17:52:36.464309,3,"stress_label",5,16,0.125,0.544871794871795,0.576923076923077,NA,5,"top5","eeg_tleft_sampent_full_change_precond;eeg_tleft_halpha_mean_full_change_precond;eeg_tleft_lalpha_mean_full_change_precond;eeg_pright_sampent_full_change_precond;eeg_t_sampent_full_change_precond"
2025-11-26 17:52:37.36513,3,"stress_label",5,32,0.125,0.532051282051282,0.512820512820513,NA,5,"top5","eeg_tleft_sampent_full_change_precond;eeg_tleft_halpha_mean_full_change_precond;eeg_tleft_lalpha_mean_full_change_precond;eeg_pright_sampent_full_change_precond;eeg_t_sampent_full_change_precond"
2025-11-26 17:52:38.340358,3,"stress_label",5,64,0.125,0.525641025641026,0.519230769230769,NA,5,"top5","eeg_tleft_sampent_full_change_precond;eeg_tleft_halpha_mean_full_change_precond;eeg_tleft_lalpha_mean_full_change_precond;eeg_pright_sampent_full_change_precond;eeg_t_sampent_full_change_precond"
2025-11-26 17:52:39.520812,3,"stress_label",5,128,0.125,0.480769230769231,0.487179487179487,NA,5,"top5","eeg_tleft_sampent_full_change_precond;eeg_tleft_halpha_mean_full_change_precond;eeg_tleft_lalpha_mean_full_change_precond;eeg_pright_sampent_full_change_precond;eeg_t_sampent_full_change_precond"
2025-11-26 17:52:41.041758,3,"stress_label",5,256,0.125,0.493589743589744,0.487179487179487,NA,5,"top5","eeg_tleft_sampent_full_change_precond;eeg_tleft_halpha_mean_full_change_precond;eeg_tleft_lalpha_mean_full_change_precond;eeg_pright_sampent_full_change_precond;eeg_t_sampent_full_change_precond"
2025-11-26 17:52:41.833862,3,"stress_label",5,2,0.03,0.608974358974359,0.608974358974359,NA,5,"top5","eeg_tleft_sampent_full_change_precond;eeg_tleft_halpha_mean_full_change_precond;eeg_tleft_lalpha_mean_full_change_precond;eeg_pright_sampent_full_change_precond;eeg_t_sampent_full_change_precond"
2025-11-26 17:52:42.616255,3,"stress_label",5,4,0.03,0.634615384615385,0.602564102564103,0.576068376068376,5,"top5","eeg_tleft_sampent_full_change_precond;eeg_tleft_halpha_mean_full_change_precond;eeg_tleft_lalpha_mean_full_change_precond;eeg_pright_sampent_full_change_precond;eeg_t_sampent_full_change_precond"
2025-11-26 17:52:43.377301,3,"stress_label",5,8,0.03,0.621794871794872,0.602564102564103,0.563247863247863,5,"top5","eeg_tleft_sampent_full_change_precond;eeg_tleft_halpha_mean_full_change_precond;eeg_tleft_lalpha_mean_full_change_precond;eeg_pright_sampent_full_change_precond;eeg_t_sampent_full_change_precond"
2025-11-26 17:52:44.115789,3,"stress_label",5,16,0.03,0.615384615384615,0.58974358974359,0.564957264957265,5,"top5","eeg_tleft_sampent_full_change_precond;eeg_tleft_halpha_mean_full_change_precond;eeg_tleft_lalpha_mean_full_change_precond;eeg_pright_sampent_full_change_precond;eeg_t_sampent_full_change_precond"
2025-11-26 17:52:44.931055,3,"stress_label",5,32,0.03,0.596153846153846,0.576923076923077,NA,5,"top5","eeg_tleft_sampent_full_change_precond;eeg_tleft_halpha_mean_full_change_precond;eeg_tleft_lalpha_mean_full_change_precond;eeg_pright_sampent_full_change_precond;eeg_t_sampent_full_change_precond"
2025-11-26 17:52:45.771459,3,"stress_label",5,64,0.03,0.602564102564103,0.506410256410256,NA,5,"top5","eeg_tleft_sampent_full_change_precond;eeg_tleft_halpha_mean_full_change_precond;eeg_tleft_lalpha_mean_full_change_precond;eeg_pright_sampent_full_change_precond;eeg_t_sampent_full_change_precond"
2025-11-26 17:52:46.638647,3,"stress_label",5,128,0.03,0.583333333333333,0.5,NA,5,"top5","eeg_tleft_sampent_full_change_precond;eeg_tleft_halpha_mean_full_change_precond;eeg_tleft_lalpha_mean_full_change_precond;eeg_pright_sampent_full_change_precond;eeg_t_sampent_full_change_precond"
2025-11-26 17:52:47.64266,3,"stress_label",5,256,0.03,0.525641025641026,0.358974358974359,NA,5,"top5","eeg_tleft_sampent_full_change_precond;eeg_tleft_halpha_mean_full_change_precond;eeg_tleft_lalpha_mean_full_change_precond;eeg_pright_sampent_full_change_precond;eeg_t_sampent_full_change_precond"
2025-11-26 17:52:48.440692,3,"stress_label",5,2,0.06,0.621794871794872,0.602564102564103,0.567521367521368,5,"top5","eeg_tleft_sampent_full_change_precond;eeg_tleft_halpha_mean_full_change_precond;eeg_tleft_lalpha_mean_full_change_precond;eeg_pright_sampent_full_change_precond;eeg_t_sampent_full_change_precond"
2025-11-26 17:52:49.241766,3,"stress_label",5,4,0.06,0.615384615384615,0.608974358974359,0.564957264957265,5,"top5","eeg_tleft_sampent_full_change_precond;eeg_tleft_halpha_mean_full_change_precond;eeg_tleft_lalpha_mean_full_change_precond;eeg_pright_sampent_full_change_precond;eeg_t_sampent_full_change_precond"
2025-11-26 17:52:49.980371,3,"stress_label",5,8,0.06,0.615384615384615,0.583333333333333,0.562393162393162,5,"top5","eeg_tleft_sampent_full_change_precond;eeg_tleft_halpha_mean_full_change_precond;eeg_tleft_lalpha_mean_full_change_precond;eeg_pright_sampent_full_change_precond;eeg_t_sampent_full_change_precond"
2025-11-26 17:52:50.80553,3,"stress_label",5,16,0.06,0.596153846153846,0.551282051282051,NA,5,"top5","eeg_tleft_sampent_full_change_precond;eeg_tleft_halpha_mean_full_change_precond;eeg_tleft_lalpha_mean_full_change_precond;eeg_pright_sampent_full_change_precond;eeg_t_sampent_full_change_precond"
2025-11-26 17:52:51.498243,3,"stress_label",5,32,0.06,0.576923076923077,0.467948717948718,NA,5,"top5","eeg_tleft_sampent_full_change_precond;eeg_tleft_halpha_mean_full_change_precond;eeg_tleft_lalpha_mean_full_change_precond;eeg_pright_sampent_full_change_precond;eeg_t_sampent_full_change_precond"
2025-11-26 17:52:52.36364,3,"stress_label",5,64,0.06,0.551282051282051,0.448717948717949,NA,5,"top5","eeg_tleft_sampent_full_change_precond;eeg_tleft_halpha_mean_full_change_precond;eeg_tleft_lalpha_mean_full_change_precond;eeg_pright_sampent_full_change_precond;eeg_t_sampent_full_change_precond"
2025-11-26 17:52:53.318371,3,"stress_label",5,128,0.06,0.538461538461538,0.416666666666667,NA,5,"top5","eeg_tleft_sampent_full_change_precond;eeg_tleft_halpha_mean_full_change_precond;eeg_tleft_lalpha_mean_full_change_precond;eeg_pright_sampent_full_change_precond;eeg_t_sampent_full_change_precond"
2025-11-26 17:52:54.596814,3,"stress_label",5,256,0.06,0.538461538461538,0.429487179487179,NA,5,"top5","eeg_tleft_sampent_full_change_precond;eeg_tleft_halpha_mean_full_change_precond;eeg_tleft_lalpha_mean_full_change_precond;eeg_pright_sampent_full_change_precond;eeg_t_sampent_full_change_precond"
2025-11-26 17:52:55.250425,3,"stress_label",5,2,0.1,0.621794871794872,0.608974358974359,0.567521367521368,5,"top5","eeg_tleft_sampent_full_change_precond;eeg_tleft_halpha_mean_full_change_precond;eeg_tleft_lalpha_mean_full_change_precond;eeg_pright_sampent_full_change_precond;eeg_t_sampent_full_change_precond"
2025-11-26 17:52:56.041465,3,"stress_label",5,4,0.1,0.608974358974359,0.57051282051282,0.54957264957265,5,"top5","eeg_tleft_sampent_full_change_precond;eeg_tleft_halpha_mean_full_change_precond;eeg_tleft_lalpha_mean_full_change_precond;eeg_pright_sampent_full_change_precond;eeg_t_sampent_full_change_precond"
2025-11-26 17:52:56.855003,3,"stress_label",5,8,0.1,0.58974358974359,0.57051282051282,NA,5,"top5","eeg_tleft_sampent_full_change_precond;eeg_tleft_halpha_mean_full_change_precond;eeg_tleft_lalpha_mean_full_change_precond;eeg_pright_sampent_full_change_precond;eeg_t_sampent_full_change_precond"
2025-11-26 17:52:57.704631,3,"stress_label",5,16,0.1,0.544871794871795,0.423076923076923,NA,5,"top5","eeg_tleft_sampent_full_change_precond;eeg_tleft_halpha_mean_full_change_precond;eeg_tleft_lalpha_mean_full_change_precond;eeg_pright_sampent_full_change_precond;eeg_t_sampent_full_change_precond"
2025-11-26 17:52:58.628438,3,"stress_label",5,32,0.1,0.544871794871795,0.435897435897436,NA,5,"top5","eeg_tleft_sampent_full_change_precond;eeg_tleft_halpha_mean_full_change_precond;eeg_tleft_lalpha_mean_full_change_precond;eeg_pright_sampent_full_change_precond;eeg_t_sampent_full_change_precond"
2025-11-26 17:52:59.500505,3,"stress_label",5,64,0.1,0.564102564102564,0.480769230769231,NA,5,"top5","eeg_tleft_sampent_full_change_precond;eeg_tleft_halpha_mean_full_change_precond;eeg_tleft_lalpha_mean_full_change_precond;eeg_pright_sampent_full_change_precond;eeg_t_sampent_full_change_precond"
2025-11-26 17:53:00.631121,3,"stress_label",5,128,0.1,0.519230769230769,0.512820512820513,NA,5,"top5","eeg_tleft_sampent_full_change_precond;eeg_tleft_halpha_mean_full_change_precond;eeg_tleft_lalpha_mean_full_change_precond;eeg_pright_sampent_full_change_precond;eeg_t_sampent_full_change_precond"
2025-11-26 17:53:02.109627,3,"stress_label",5,256,0.1,0.474358974358974,0.5,NA,5,"top5","eeg_tleft_sampent_full_change_precond;eeg_tleft_halpha_mean_full_change_precond;eeg_tleft_lalpha_mean_full_change_precond;eeg_pright_sampent_full_change_precond;eeg_t_sampent_full_change_precond"
2025-11-26 17:53:03.390036,4,"stress_label",20,2,0.0078125,0.58974358974359,0.673076923076923,0.565811965811966,20,"top20","eeg_tleft_sampent_full_change_precond;eeg_tleft_halpha_mean_full_change_precond;pupil_dilation_sd_full_change_precond;eeg_tleft_lalpha_mean_full_change_precond;eeg_t_sampent_full_change_precond;eeg_pright_sampent_full_change_precond;eeg_c_theta_mean_full_change_precond;hrv_rmssd_full_change_precond;gsr_skin_conductance_eda_tonic_mean_nk_full_change_precond;eeg_pright_lbeta_mean_full_change_precond;eeg_fl_hbeta_mean_full_change_precond;eeg_pleft_halpha_mean_full_change_precond;eeg_fr_sampent_full_change_precond;eeg_tright_halpha_mean_full_change_precond;eeg_pleft_lbeta_mean_full_change_precond;hr_heartrate_bpm_med_abs_full_change_precond;eeg_c_specent_full_change_precond;eeg_c_sampent_full_change_precond;eeg_fm_theta_mean_full_change_precond;eeg_pright_halpha_mean_full_change_precond"
2025-11-26 17:53:04.422093,4,"stress_label",20,4,0.0078125,0.583333333333333,0.66025641025641,0.566666666666667,20,"top20","eeg_tleft_sampent_full_change_precond;eeg_tleft_halpha_mean_full_change_precond;pupil_dilation_sd_full_change_precond;eeg_tleft_lalpha_mean_full_change_precond;eeg_t_sampent_full_change_precond;eeg_pright_sampent_full_change_precond;eeg_c_theta_mean_full_change_precond;hrv_rmssd_full_change_precond;gsr_skin_conductance_eda_tonic_mean_nk_full_change_precond;eeg_pright_lbeta_mean_full_change_precond;eeg_fl_hbeta_mean_full_change_precond;eeg_pleft_halpha_mean_full_change_precond;eeg_fr_sampent_full_change_precond;eeg_tright_halpha_mean_full_change_precond;eeg_pleft_lbeta_mean_full_change_precond;hr_heartrate_bpm_med_abs_full_change_precond;eeg_c_specent_full_change_precond;eeg_c_sampent_full_change_precond;eeg_fm_theta_mean_full_change_precond;eeg_pright_halpha_mean_full_change_precond"
2025-11-26 17:53:05.408309,4,"stress_label",20,8,0.0078125,0.58974358974359,0.628205128205128,0.578632478632479,20,"top20","eeg_tleft_sampent_full_change_precond;eeg_tleft_halpha_mean_full_change_precond;pupil_dilation_sd_full_change_precond;eeg_tleft_lalpha_mean_full_change_precond;eeg_t_sampent_full_change_precond;eeg_pright_sampent_full_change_precond;eeg_c_theta_mean_full_change_precond;hrv_rmssd_full_change_precond;gsr_skin_conductance_eda_tonic_mean_nk_full_change_precond;eeg_pright_lbeta_mean_full_change_precond;eeg_fl_hbeta_mean_full_change_precond;eeg_pleft_halpha_mean_full_change_precond;eeg_fr_sampent_full_change_precond;eeg_tright_halpha_mean_full_change_precond;eeg_pleft_lbeta_mean_full_change_precond;hr_heartrate_bpm_med_abs_full_change_precond;eeg_c_specent_full_change_precond;eeg_c_sampent_full_change_precond;eeg_fm_theta_mean_full_change_precond;eeg_pright_halpha_mean_full_change_precond"
2025-11-26 17:53:06.404531,4,"stress_label",20,16,0.0078125,0.583333333333333,0.653846153846154,0.568376068376068,20,"top20","eeg_tleft_sampent_full_change_precond;eeg_tleft_halpha_mean_full_change_precond;pupil_dilation_sd_full_change_precond;eeg_tleft_lalpha_mean_full_change_precond;eeg_t_sampent_full_change_precond;eeg_pright_sampent_full_change_precond;eeg_c_theta_mean_full_change_precond;hrv_rmssd_full_change_precond;gsr_skin_conductance_eda_tonic_mean_nk_full_change_precond;eeg_pright_lbeta_mean_full_change_precond;eeg_fl_hbeta_mean_full_change_precond;eeg_pleft_halpha_mean_full_change_precond;eeg_fr_sampent_full_change_precond;eeg_tright_halpha_mean_full_change_precond;eeg_pleft_lbeta_mean_full_change_precond;hr_heartrate_bpm_med_abs_full_change_precond;eeg_c_specent_full_change_precond;eeg_c_sampent_full_change_precond;eeg_fm_theta_mean_full_change_precond;eeg_pright_halpha_mean_full_change_precond"
2025-11-26 17:53:07.437242,4,"stress_label",20,32,0.0078125,0.596153846153846,0.647435897435897,NA,20,"top20","eeg_tleft_sampent_full_change_precond;eeg_tleft_halpha_mean_full_change_precond;pupil_dilation_sd_full_change_precond;eeg_tleft_lalpha_mean_full_change_precond;eeg_t_sampent_full_change_precond;eeg_pright_sampent_full_change_precond;eeg_c_theta_mean_full_change_precond;hrv_rmssd_full_change_precond;gsr_skin_conductance_eda_tonic_mean_nk_full_change_precond;eeg_pright_lbeta_mean_full_change_precond;eeg_fl_hbeta_mean_full_change_precond;eeg_pleft_halpha_mean_full_change_precond;eeg_fr_sampent_full_change_precond;eeg_tright_halpha_mean_full_change_precond;eeg_pleft_lbeta_mean_full_change_precond;hr_heartrate_bpm_med_abs_full_change_precond;eeg_c_specent_full_change_precond;eeg_c_sampent_full_change_precond;eeg_fm_theta_mean_full_change_precond;eeg_pright_halpha_mean_full_change_precond"
2025-11-26 17:53:08.569533,4,"stress_label",20,64,0.0078125,0.58974358974359,0.58974358974359,0.571794871794872,20,"top20","eeg_tleft_sampent_full_change_precond;eeg_tleft_halpha_mean_full_change_precond;pupil_dilation_sd_full_change_precond;eeg_tleft_lalpha_mean_full_change_precond;eeg_t_sampent_full_change_precond;eeg_pright_sampent_full_change_precond;eeg_c_theta_mean_full_change_precond;hrv_rmssd_full_change_precond;gsr_skin_conductance_eda_tonic_mean_nk_full_change_precond;eeg_pright_lbeta_mean_full_change_precond;eeg_fl_hbeta_mean_full_change_precond;eeg_pleft_halpha_mean_full_change_precond;eeg_fr_sampent_full_change_precond;eeg_tright_halpha_mean_full_change_precond;eeg_pleft_lbeta_mean_full_change_precond;hr_heartrate_bpm_med_abs_full_change_precond;eeg_c_specent_full_change_precond;eeg_c_sampent_full_change_precond;eeg_fm_theta_mean_full_change_precond;eeg_pright_halpha_mean_full_change_precond"
2025-11-26 17:53:09.827355,4,"stress_label",20,128,0.0078125,0.557692307692308,0.58974358974359,NA,20,"top20","eeg_tleft_sampent_full_change_precond;eeg_tleft_halpha_mean_full_change_precond;pupil_dilation_sd_full_change_precond;eeg_tleft_lalpha_mean_full_change_precond;eeg_t_sampent_full_change_precond;eeg_pright_sampent_full_change_precond;eeg_c_theta_mean_full_change_precond;hrv_rmssd_full_change_precond;gsr_skin_conductance_eda_tonic_mean_nk_full_change_precond;eeg_pright_lbeta_mean_full_change_precond;eeg_fl_hbeta_mean_full_change_precond;eeg_pleft_halpha_mean_full_change_precond;eeg_fr_sampent_full_change_precond;eeg_tright_halpha_mean_full_change_precond;eeg_pleft_lbeta_mean_full_change_precond;hr_heartrate_bpm_med_abs_full_change_precond;eeg_c_specent_full_change_precond;eeg_c_sampent_full_change_precond;eeg_fm_theta_mean_full_change_precond;eeg_pright_halpha_mean_full_change_precond"
2025-11-26 17:53:11.276993,4,"stress_label",20,256,0.0078125,0.544871794871795,0.58974358974359,NA,20,"top20","eeg_tleft_sampent_full_change_precond;eeg_tleft_halpha_mean_full_change_precond;pupil_dilation_sd_full_change_precond;eeg_tleft_lalpha_mean_full_change_precond;eeg_t_sampent_full_change_precond;eeg_pright_sampent_full_change_precond;eeg_c_theta_mean_full_change_precond;hrv_rmssd_full_change_precond;gsr_skin_conductance_eda_tonic_mean_nk_full_change_precond;eeg_pright_lbeta_mean_full_change_precond;eeg_fl_hbeta_mean_full_change_precond;eeg_pleft_halpha_mean_full_change_precond;eeg_fr_sampent_full_change_precond;eeg_tright_halpha_mean_full_change_precond;eeg_pleft_lbeta_mean_full_change_precond;hr_heartrate_bpm_med_abs_full_change_precond;eeg_c_specent_full_change_precond;eeg_c_sampent_full_change_precond;eeg_fm_theta_mean_full_change_precond;eeg_pright_halpha_mean_full_change_precond"
2025-11-26 17:53:12.312501,4,"stress_label",20,2,0.015625,0.602564102564103,0.67948717948718,0.585470085470085,20,"top20","eeg_tleft_sampent_full_change_precond;eeg_tleft_halpha_mean_full_change_precond;pupil_dilation_sd_full_change_precond;eeg_tleft_lalpha_mean_full_change_precond;eeg_t_sampent_full_change_precond;eeg_pright_sampent_full_change_precond;eeg_c_theta_mean_full_change_precond;hrv_rmssd_full_change_precond;gsr_skin_conductance_eda_tonic_mean_nk_full_change_precond;eeg_pright_lbeta_mean_full_change_precond;eeg_fl_hbeta_mean_full_change_precond;eeg_pleft_halpha_mean_full_change_precond;eeg_fr_sampent_full_change_precond;eeg_tright_halpha_mean_full_change_precond;eeg_pleft_lbeta_mean_full_change_precond;hr_heartrate_bpm_med_abs_full_change_precond;eeg_c_specent_full_change_precond;eeg_c_sampent_full_change_precond;eeg_fm_theta_mean_full_change_precond;eeg_pright_halpha_mean_full_change_precond"
2025-11-26 17:53:13.35943,4,"stress_label",20,4,0.015625,0.621794871794872,0.666666666666667,NA,20,"top20","eeg_tleft_sampent_full_change_precond;eeg_tleft_halpha_mean_full_change_precond;pupil_dilation_sd_full_change_precond;eeg_tleft_lalpha_mean_full_change_precond;eeg_t_sampent_full_change_precond;eeg_pright_sampent_full_change_precond;eeg_c_theta_mean_full_change_precond;hrv_rmssd_full_change_precond;gsr_skin_conductance_eda_tonic_mean_nk_full_change_precond;eeg_pright_lbeta_mean_full_change_precond;eeg_fl_hbeta_mean_full_change_precond;eeg_pleft_halpha_mean_full_change_precond;eeg_fr_sampent_full_change_precond;eeg_tright_halpha_mean_full_change_precond;eeg_pleft_lbeta_mean_full_change_precond;hr_heartrate_bpm_med_abs_full_change_precond;eeg_c_specent_full_change_precond;eeg_c_sampent_full_change_precond;eeg_fm_theta_mean_full_change_precond;eeg_pright_halpha_mean_full_change_precond"
2025-11-26 17:53:14.310965,4,"stress_label",20,8,0.015625,0.615384615384615,0.653846153846154,NA,20,"top20","eeg_tleft_sampent_full_change_precond;eeg_tleft_halpha_mean_full_change_precond;pupil_dilation_sd_full_change_precond;eeg_tleft_lalpha_mean_full_change_precond;eeg_t_sampent_full_change_precond;eeg_pright_sampent_full_change_precond;eeg_c_theta_mean_full_change_precond;hrv_rmssd_full_change_precond;gsr_skin_conductance_eda_tonic_mean_nk_full_change_precond;eeg_pright_lbeta_mean_full_change_precond;eeg_fl_hbeta_mean_full_change_precond;eeg_pleft_halpha_mean_full_change_precond;eeg_fr_sampent_full_change_precond;eeg_tright_halpha_mean_full_change_precond;eeg_pleft_lbeta_mean_full_change_precond;hr_heartrate_bpm_med_abs_full_change_precond;eeg_c_specent_full_change_precond;eeg_c_sampent_full_change_precond;eeg_fm_theta_mean_full_change_precond;eeg_pright_halpha_mean_full_change_precond"
2025-11-26 17:53:15.218896,4,"stress_label",20,16,0.015625,0.596153846153846,0.608974358974359,0.576068376068376,20,"top20","eeg_tleft_sampent_full_change_precond;eeg_tleft_halpha_mean_full_change_precond;pupil_dilation_sd_full_change_precond;eeg_tleft_lalpha_mean_full_change_precond;eeg_t_sampent_full_change_precond;eeg_pright_sampent_full_change_precond;eeg_c_theta_mean_full_change_precond;hrv_rmssd_full_change_precond;gsr_skin_conductance_eda_tonic_mean_nk_full_change_precond;eeg_pright_lbeta_mean_full_change_precond;eeg_fl_hbeta_mean_full_change_precond;eeg_pleft_halpha_mean_full_change_precond;eeg_fr_sampent_full_change_precond;eeg_tright_halpha_mean_full_change_precond;eeg_pleft_lbeta_mean_full_change_precond;hr_heartrate_bpm_med_abs_full_change_precond;eeg_c_specent_full_change_precond;eeg_c_sampent_full_change_precond;eeg_fm_theta_mean_full_change_precond;eeg_pright_halpha_mean_full_change_precond"
2025-11-26 17:53:16.38735,4,"stress_label",20,32,0.015625,0.551282051282051,0.583333333333333,NA,20,"top20","eeg_tleft_sampent_full_change_precond;eeg_tleft_halpha_mean_full_change_precond;pupil_dilation_sd_full_change_precond;eeg_tleft_lalpha_mean_full_change_precond;eeg_t_sampent_full_change_precond;eeg_pright_sampent_full_change_precond;eeg_c_theta_mean_full_change_precond;hrv_rmssd_full_change_precond;gsr_skin_conductance_eda_tonic_mean_nk_full_change_precond;eeg_pright_lbeta_mean_full_change_precond;eeg_fl_hbeta_mean_full_change_precond;eeg_pleft_halpha_mean_full_change_precond;eeg_fr_sampent_full_change_precond;eeg_tright_halpha_mean_full_change_precond;eeg_pleft_lbeta_mean_full_change_precond;hr_heartrate_bpm_med_abs_full_change_precond;eeg_c_specent_full_change_precond;eeg_c_sampent_full_change_precond;eeg_fm_theta_mean_full_change_precond;eeg_pright_halpha_mean_full_change_precond"
2025-11-26 17:53:17.648482,4,"stress_label",20,64,0.015625,0.551282051282051,0.602564102564103,NA,20,"top20","eeg_tleft_sampent_full_change_precond;eeg_tleft_halpha_mean_full_change_precond;pupil_dilation_sd_full_change_precond;eeg_tleft_lalpha_mean_full_change_precond;eeg_t_sampent_full_change_precond;eeg_pright_sampent_full_change_precond;eeg_c_theta_mean_full_change_precond;hrv_rmssd_full_change_precond;gsr_skin_conductance_eda_tonic_mean_nk_full_change_precond;eeg_pright_lbeta_mean_full_change_precond;eeg_fl_hbeta_mean_full_change_precond;eeg_pleft_halpha_mean_full_change_precond;eeg_fr_sampent_full_change_precond;eeg_tright_halpha_mean_full_change_precond;eeg_pleft_lbeta_mean_full_change_precond;hr_heartrate_bpm_med_abs_full_change_precond;eeg_c_specent_full_change_precond;eeg_c_sampent_full_change_precond;eeg_fm_theta_mean_full_change_precond;eeg_pright_halpha_mean_full_change_precond"
2025-11-26 17:53:18.960865,4,"stress_label",20,128,0.015625,0.544871794871795,0.608974358974359,NA,20,"top20","eeg_tleft_sampent_full_change_precond;eeg_tleft_halpha_mean_full_change_precond;pupil_dilation_sd_full_change_precond;eeg_tleft_lalpha_mean_full_change_precond;eeg_t_sampent_full_change_precond;eeg_pright_sampent_full_change_precond;eeg_c_theta_mean_full_change_precond;hrv_rmssd_full_change_precond;gsr_skin_conductance_eda_tonic_mean_nk_full_change_precond;eeg_pright_lbeta_mean_full_change_precond;eeg_fl_hbeta_mean_full_change_precond;eeg_pleft_halpha_mean_full_change_precond;eeg_fr_sampent_full_change_precond;eeg_tright_halpha_mean_full_change_precond;eeg_pleft_lbeta_mean_full_change_precond;hr_heartrate_bpm_med_abs_full_change_precond;eeg_c_specent_full_change_precond;eeg_c_sampent_full_change_precond;eeg_fm_theta_mean_full_change_precond;eeg_pright_halpha_mean_full_change_precond"
2025-11-26 17:53:20.277735,4,"stress_label",20,256,0.015625,0.557692307692308,0.576923076923077,NA,20,"top20","eeg_tleft_sampent_full_change_precond;eeg_tleft_halpha_mean_full_change_precond;pupil_dilation_sd_full_change_precond;eeg_tleft_lalpha_mean_full_change_precond;eeg_t_sampent_full_change_precond;eeg_pright_sampent_full_change_precond;eeg_c_theta_mean_full_change_precond;hrv_rmssd_full_change_precond;gsr_skin_conductance_eda_tonic_mean_nk_full_change_precond;eeg_pright_lbeta_mean_full_change_precond;eeg_fl_hbeta_mean_full_change_precond;eeg_pleft_halpha_mean_full_change_precond;eeg_fr_sampent_full_change_precond;eeg_tright_halpha_mean_full_change_precond;eeg_pleft_lbeta_mean_full_change_precond;hr_heartrate_bpm_med_abs_full_change_precond;eeg_c_specent_full_change_precond;eeg_c_sampent_full_change_precond;eeg_fm_theta_mean_full_change_precond;eeg_pright_halpha_mean_full_change_precond"
2025-11-26 17:53:21.328673,4,"stress_label",20,2,0.03125,0.641025641025641,0.666666666666667,0.615384615384615,20,"top20","eeg_tleft_sampent_full_change_precond;eeg_tleft_halpha_mean_full_change_precond;pupil_dilation_sd_full_change_precond;eeg_tleft_lalpha_mean_full_change_precond;eeg_t_sampent_full_change_precond;eeg_pright_sampent_full_change_precond;eeg_c_theta_mean_full_change_precond;hrv_rmssd_full_change_precond;gsr_skin_conductance_eda_tonic_mean_nk_full_change_precond;eeg_pright_lbeta_mean_full_change_precond;eeg_fl_hbeta_mean_full_change_precond;eeg_pleft_halpha_mean_full_change_precond;eeg_fr_sampent_full_change_precond;eeg_tright_halpha_mean_full_change_precond;eeg_pleft_lbeta_mean_full_change_precond;hr_heartrate_bpm_med_abs_full_change_precond;eeg_c_specent_full_change_precond;eeg_c_sampent_full_change_precond;eeg_fm_theta_mean_full_change_precond;eeg_pright_halpha_mean_full_change_precond"
2025-11-26 17:53:22.369197,4,"stress_label",20,4,0.03125,0.621794871794872,0.628205128205128,0.594871794871795,20,"top20","eeg_tleft_sampent_full_change_precond;eeg_tleft_halpha_mean_full_change_precond;pupil_dilation_sd_full_change_precond;eeg_tleft_lalpha_mean_full_change_precond;eeg_t_sampent_full_change_precond;eeg_pright_sampent_full_change_precond;eeg_c_theta_mean_full_change_precond;hrv_rmssd_full_change_precond;gsr_skin_conductance_eda_tonic_mean_nk_full_change_precond;eeg_pright_lbeta_mean_full_change_precond;eeg_fl_hbeta_mean_full_change_precond;eeg_pleft_halpha_mean_full_change_precond;eeg_fr_sampent_full_change_precond;eeg_tright_halpha_mean_full_change_precond;eeg_pleft_lbeta_mean_full_change_precond;hr_heartrate_bpm_med_abs_full_change_precond;eeg_c_specent_full_change_precond;eeg_c_sampent_full_change_precond;eeg_fm_theta_mean_full_change_precond;eeg_pright_halpha_mean_full_change_precond"
2025-11-26 17:53:23.464908,4,"stress_label",20,8,0.03125,0.57051282051282,0.576923076923077,NA,20,"top20","eeg_tleft_sampent_full_change_precond;eeg_tleft_halpha_mean_full_change_precond;pupil_dilation_sd_full_change_precond;eeg_tleft_lalpha_mean_full_change_precond;eeg_t_sampent_full_change_precond;eeg_pright_sampent_full_change_precond;eeg_c_theta_mean_full_change_precond;hrv_rmssd_full_change_precond;gsr_skin_conductance_eda_tonic_mean_nk_full_change_precond;eeg_pright_lbeta_mean_full_change_precond;eeg_fl_hbeta_mean_full_change_precond;eeg_pleft_halpha_mean_full_change_precond;eeg_fr_sampent_full_change_precond;eeg_tright_halpha_mean_full_change_precond;eeg_pleft_lbeta_mean_full_change_precond;hr_heartrate_bpm_med_abs_full_change_precond;eeg_c_specent_full_change_precond;eeg_c_sampent_full_change_precond;eeg_fm_theta_mean_full_change_precond;eeg_pright_halpha_mean_full_change_precond"
2025-11-26 17:53:24.611155,4,"stress_label",20,16,0.03125,0.538461538461538,0.583333333333333,NA,20,"top20","eeg_tleft_sampent_full_change_precond;eeg_tleft_halpha_mean_full_change_precond;pupil_dilation_sd_full_change_precond;eeg_tleft_lalpha_mean_full_change_precond;eeg_t_sampent_full_change_precond;eeg_pright_sampent_full_change_precond;eeg_c_theta_mean_full_change_precond;hrv_rmssd_full_change_precond;gsr_skin_conductance_eda_tonic_mean_nk_full_change_precond;eeg_pright_lbeta_mean_full_change_precond;eeg_fl_hbeta_mean_full_change_precond;eeg_pleft_halpha_mean_full_change_precond;eeg_fr_sampent_full_change_precond;eeg_tright_halpha_mean_full_change_precond;eeg_pleft_lbeta_mean_full_change_precond;hr_heartrate_bpm_med_abs_full_change_precond;eeg_c_specent_full_change_precond;eeg_c_sampent_full_change_precond;eeg_fm_theta_mean_full_change_precond;eeg_pright_halpha_mean_full_change_precond"
2025-11-26 17:53:25.727675,4,"stress_label",20,32,0.03125,0.544871794871795,0.596153846153846,NA,20,"top20","eeg_tleft_sampent_full_change_precond;eeg_tleft_halpha_mean_full_change_precond;pupil_dilation_sd_full_change_precond;eeg_tleft_lalpha_mean_full_change_precond;eeg_t_sampent_full_change_precond;eeg_pright_sampent_full_change_precond;eeg_c_theta_mean_full_change_precond;hrv_rmssd_full_change_precond;gsr_skin_conductance_eda_tonic_mean_nk_full_change_precond;eeg_pright_lbeta_mean_full_change_precond;eeg_fl_hbeta_mean_full_change_precond;eeg_pleft_halpha_mean_full_change_precond;eeg_fr_sampent_full_change_precond;eeg_tright_halpha_mean_full_change_precond;eeg_pleft_lbeta_mean_full_change_precond;hr_heartrate_bpm_med_abs_full_change_precond;eeg_c_specent_full_change_precond;eeg_c_sampent_full_change_precond;eeg_fm_theta_mean_full_change_precond;eeg_pright_halpha_mean_full_change_precond"
2025-11-26 17:53:26.779406,4,"stress_label",20,64,0.03125,0.564102564102564,0.602564102564103,0.544444444444444,20,"top20","eeg_tleft_sampent_full_change_precond;eeg_tleft_halpha_mean_full_change_precond;pupil_dilation_sd_full_change_precond;eeg_tleft_lalpha_mean_full_change_precond;eeg_t_sampent_full_change_precond;eeg_pright_sampent_full_change_precond;eeg_c_theta_mean_full_change_precond;hrv_rmssd_full_change_precond;gsr_skin_conductance_eda_tonic_mean_nk_full_change_precond;eeg_pright_lbeta_mean_full_change_precond;eeg_fl_hbeta_mean_full_change_precond;eeg_pleft_halpha_mean_full_change_precond;eeg_fr_sampent_full_change_precond;eeg_tright_halpha_mean_full_change_precond;eeg_pleft_lbeta_mean_full_change_precond;hr_heartrate_bpm_med_abs_full_change_precond;eeg_c_specent_full_change_precond;eeg_c_sampent_full_change_precond;eeg_fm_theta_mean_full_change_precond;eeg_pright_halpha_mean_full_change_precond"
2025-11-26 17:53:27.95538,4,"stress_label",20,128,0.03125,0.57051282051282,0.58974358974359,NA,20,"top20","eeg_tleft_sampent_full_change_precond;eeg_tleft_halpha_mean_full_change_precond;pupil_dilation_sd_full_change_precond;eeg_tleft_lalpha_mean_full_change_precond;eeg_t_sampent_full_change_precond;eeg_pright_sampent_full_change_precond;eeg_c_theta_mean_full_change_precond;hrv_rmssd_full_change_precond;gsr_skin_conductance_eda_tonic_mean_nk_full_change_precond;eeg_pright_lbeta_mean_full_change_precond;eeg_fl_hbeta_mean_full_change_precond;eeg_pleft_halpha_mean_full_change_precond;eeg_fr_sampent_full_change_precond;eeg_tright_halpha_mean_full_change_precond;eeg_pleft_lbeta_mean_full_change_precond;hr_heartrate_bpm_med_abs_full_change_precond;eeg_c_specent_full_change_precond;eeg_c_sampent_full_change_precond;eeg_fm_theta_mean_full_change_precond;eeg_pright_halpha_mean_full_change_precond"
2025-11-26 17:53:29.052869,4,"stress_label",20,256,0.03125,0.57051282051282,0.58974358974359,NA,20,"top20","eeg_tleft_sampent_full_change_precond;eeg_tleft_halpha_mean_full_change_precond;pupil_dilation_sd_full_change_precond;eeg_tleft_lalpha_mean_full_change_precond;eeg_t_sampent_full_change_precond;eeg_pright_sampent_full_change_precond;eeg_c_theta_mean_full_change_precond;hrv_rmssd_full_change_precond;gsr_skin_conductance_eda_tonic_mean_nk_full_change_precond;eeg_pright_lbeta_mean_full_change_precond;eeg_fl_hbeta_mean_full_change_precond;eeg_pleft_halpha_mean_full_change_precond;eeg_fr_sampent_full_change_precond;eeg_tright_halpha_mean_full_change_precond;eeg_pleft_lbeta_mean_full_change_precond;hr_heartrate_bpm_med_abs_full_change_precond;eeg_c_specent_full_change_precond;eeg_c_sampent_full_change_precond;eeg_fm_theta_mean_full_change_precond;eeg_pright_halpha_mean_full_change_precond"
2025-11-26 17:53:30.09971,4,"stress_label",20,2,0.0625,0.615384615384615,0.634615384615385,0.595726495726496,20,"top20","eeg_tleft_sampent_full_change_precond;eeg_tleft_halpha_mean_full_change_precond;pupil_dilation_sd_full_change_precond;eeg_tleft_lalpha_mean_full_change_precond;eeg_t_sampent_full_change_precond;eeg_pright_sampent_full_change_precond;eeg_c_theta_mean_full_change_precond;hrv_rmssd_full_change_precond;gsr_skin_conductance_eda_tonic_mean_nk_full_change_precond;eeg_pright_lbeta_mean_full_change_precond;eeg_fl_hbeta_mean_full_change_precond;eeg_pleft_halpha_mean_full_change_precond;eeg_fr_sampent_full_change_precond;eeg_tright_halpha_mean_full_change_precond;eeg_pleft_lbeta_mean_full_change_precond;hr_heartrate_bpm_med_abs_full_change_precond;eeg_c_specent_full_change_precond;eeg_c_sampent_full_change_precond;eeg_fm_theta_mean_full_change_precond;eeg_pright_halpha_mean_full_change_precond"
2025-11-26 17:53:31.211762,4,"stress_label",20,4,0.0625,0.57051282051282,0.576923076923077,NA,20,"top20","eeg_tleft_sampent_full_change_precond;eeg_tleft_halpha_mean_full_change_precond;pupil_dilation_sd_full_change_precond;eeg_tleft_lalpha_mean_full_change_precond;eeg_t_sampent_full_change_precond;eeg_pright_sampent_full_change_precond;eeg_c_theta_mean_full_change_precond;hrv_rmssd_full_change_precond;gsr_skin_conductance_eda_tonic_mean_nk_full_change_precond;eeg_pright_lbeta_mean_full_change_precond;eeg_fl_hbeta_mean_full_change_precond;eeg_pleft_halpha_mean_full_change_precond;eeg_fr_sampent_full_change_precond;eeg_tright_halpha_mean_full_change_precond;eeg_pleft_lbeta_mean_full_change_precond;hr_heartrate_bpm_med_abs_full_change_precond;eeg_c_specent_full_change_precond;eeg_c_sampent_full_change_precond;eeg_fm_theta_mean_full_change_precond;eeg_pright_halpha_mean_full_change_precond"
2025-11-26 17:53:32.086104,4,"stress_label",20,8,0.0625,0.564102564102564,0.58974358974359,NA,20,"top20","eeg_tleft_sampent_full_change_precond;eeg_tleft_halpha_mean_full_change_precond;pupil_dilation_sd_full_change_precond;eeg_tleft_lalpha_mean_full_change_precond;eeg_t_sampent_full_change_precond;eeg_pright_sampent_full_change_precond;eeg_c_theta_mean_full_change_precond;hrv_rmssd_full_change_precond;gsr_skin_conductance_eda_tonic_mean_nk_full_change_precond;eeg_pright_lbeta_mean_full_change_precond;eeg_fl_hbeta_mean_full_change_precond;eeg_pleft_halpha_mean_full_change_precond;eeg_fr_sampent_full_change_precond;eeg_tright_halpha_mean_full_change_precond;eeg_pleft_lbeta_mean_full_change_precond;hr_heartrate_bpm_med_abs_full_change_precond;eeg_c_specent_full_change_precond;eeg_c_sampent_full_change_precond;eeg_fm_theta_mean_full_change_precond;eeg_pright_halpha_mean_full_change_precond"
2025-11-26 17:53:33.0871,4,"stress_label",20,16,0.0625,0.557692307692308,0.596153846153846,0.556410256410256,20,"top20","eeg_tleft_sampent_full_change_precond;eeg_tleft_halpha_mean_full_change_precond;pupil_dilation_sd_full_change_precond;eeg_tleft_lalpha_mean_full_change_precond;eeg_t_sampent_full_change_precond;eeg_pright_sampent_full_change_precond;eeg_c_theta_mean_full_change_precond;hrv_rmssd_full_change_precond;gsr_skin_conductance_eda_tonic_mean_nk_full_change_precond;eeg_pright_lbeta_mean_full_change_precond;eeg_fl_hbeta_mean_full_change_precond;eeg_pleft_halpha_mean_full_change_precond;eeg_fr_sampent_full_change_precond;eeg_tright_halpha_mean_full_change_precond;eeg_pleft_lbeta_mean_full_change_precond;hr_heartrate_bpm_med_abs_full_change_precond;eeg_c_specent_full_change_precond;eeg_c_sampent_full_change_precond;eeg_fm_theta_mean_full_change_precond;eeg_pright_halpha_mean_full_change_precond"
2025-11-26 17:53:34.079461,4,"stress_label",20,32,0.0625,0.544871794871795,0.544871794871795,0.543589743589744,20,"top20","eeg_tleft_sampent_full_change_precond;eeg_tleft_halpha_mean_full_change_precond;pupil_dilation_sd_full_change_precond;eeg_tleft_lalpha_mean_full_change_precond;eeg_t_sampent_full_change_precond;eeg_pright_sampent_full_change_precond;eeg_c_theta_mean_full_change_precond;hrv_rmssd_full_change_precond;gsr_skin_conductance_eda_tonic_mean_nk_full_change_precond;eeg_pright_lbeta_mean_full_change_precond;eeg_fl_hbeta_mean_full_change_precond;eeg_pleft_halpha_mean_full_change_precond;eeg_fr_sampent_full_change_precond;eeg_tright_halpha_mean_full_change_precond;eeg_pleft_lbeta_mean_full_change_precond;hr_heartrate_bpm_med_abs_full_change_precond;eeg_c_specent_full_change_precond;eeg_c_sampent_full_change_precond;eeg_fm_theta_mean_full_change_precond;eeg_pright_halpha_mean_full_change_precond"
2025-11-26 17:53:35.202547,4,"stress_label",20,64,0.0625,0.544871794871795,0.57051282051282,0.543589743589744,20,"top20","eeg_tleft_sampent_full_change_precond;eeg_tleft_halpha_mean_full_change_precond;pupil_dilation_sd_full_change_precond;eeg_tleft_lalpha_mean_full_change_precond;eeg_t_sampent_full_change_precond;eeg_pright_sampent_full_change_precond;eeg_c_theta_mean_full_change_precond;hrv_rmssd_full_change_precond;gsr_skin_conductance_eda_tonic_mean_nk_full_change_precond;eeg_pright_lbeta_mean_full_change_precond;eeg_fl_hbeta_mean_full_change_precond;eeg_pleft_halpha_mean_full_change_precond;eeg_fr_sampent_full_change_precond;eeg_tright_halpha_mean_full_change_precond;eeg_pleft_lbeta_mean_full_change_precond;hr_heartrate_bpm_med_abs_full_change_precond;eeg_c_specent_full_change_precond;eeg_c_sampent_full_change_precond;eeg_fm_theta_mean_full_change_precond;eeg_pright_halpha_mean_full_change_precond"
2025-11-26 17:53:36.329921,4,"stress_label",20,128,0.0625,0.544871794871795,0.57051282051282,0.543589743589744,20,"top20","eeg_tleft_sampent_full_change_precond;eeg_tleft_halpha_mean_full_change_precond;pupil_dilation_sd_full_change_precond;eeg_tleft_lalpha_mean_full_change_precond;eeg_t_sampent_full_change_precond;eeg_pright_sampent_full_change_precond;eeg_c_theta_mean_full_change_precond;hrv_rmssd_full_change_precond;gsr_skin_conductance_eda_tonic_mean_nk_full_change_precond;eeg_pright_lbeta_mean_full_change_precond;eeg_fl_hbeta_mean_full_change_precond;eeg_pleft_halpha_mean_full_change_precond;eeg_fr_sampent_full_change_precond;eeg_tright_halpha_mean_full_change_precond;eeg_pleft_lbeta_mean_full_change_precond;hr_heartrate_bpm_med_abs_full_change_precond;eeg_c_specent_full_change_precond;eeg_c_sampent_full_change_precond;eeg_fm_theta_mean_full_change_precond;eeg_pright_halpha_mean_full_change_precond"
2025-11-26 17:53:37.350138,4,"stress_label",20,256,0.0625,0.544871794871795,0.57051282051282,0.543589743589744,20,"top20","eeg_tleft_sampent_full_change_precond;eeg_tleft_halpha_mean_full_change_precond;pupil_dilation_sd_full_change_precond;eeg_tleft_lalpha_mean_full_change_precond;eeg_t_sampent_full_change_precond;eeg_pright_sampent_full_change_precond;eeg_c_theta_mean_full_change_precond;hrv_rmssd_full_change_precond;gsr_skin_conductance_eda_tonic_mean_nk_full_change_precond;eeg_pright_lbeta_mean_full_change_precond;eeg_fl_hbeta_mean_full_change_precond;eeg_pleft_halpha_mean_full_change_precond;eeg_fr_sampent_full_change_precond;eeg_tright_halpha_mean_full_change_precond;eeg_pleft_lbeta_mean_full_change_precond;hr_heartrate_bpm_med_abs_full_change_precond;eeg_c_specent_full_change_precond;eeg_c_sampent_full_change_precond;eeg_fm_theta_mean_full_change_precond;eeg_pright_halpha_mean_full_change_precond"
2025-11-26 17:53:38.450864,4,"stress_label",20,2,0.125,0.58974358974359,0.621794871794872,NA,20,"top20","eeg_tleft_sampent_full_change_precond;eeg_tleft_halpha_mean_full_change_precond;pupil_dilation_sd_full_change_precond;eeg_tleft_lalpha_mean_full_change_precond;eeg_t_sampent_full_change_precond;eeg_pright_sampent_full_change_precond;eeg_c_theta_mean_full_change_precond;hrv_rmssd_full_change_precond;gsr_skin_conductance_eda_tonic_mean_nk_full_change_precond;eeg_pright_lbeta_mean_full_change_precond;eeg_fl_hbeta_mean_full_change_precond;eeg_pleft_halpha_mean_full_change_precond;eeg_fr_sampent_full_change_precond;eeg_tright_halpha_mean_full_change_precond;eeg_pleft_lbeta_mean_full_change_precond;hr_heartrate_bpm_med_abs_full_change_precond;eeg_c_specent_full_change_precond;eeg_c_sampent_full_change_precond;eeg_fm_theta_mean_full_change_precond;eeg_pright_halpha_mean_full_change_precond"
2025-11-26 17:53:39.488315,4,"stress_label",20,4,0.125,0.58974358974359,0.602564102564103,NA,20,"top20","eeg_tleft_sampent_full_change_precond;eeg_tleft_halpha_mean_full_change_precond;pupil_dilation_sd_full_change_precond;eeg_tleft_lalpha_mean_full_change_precond;eeg_t_sampent_full_change_precond;eeg_pright_sampent_full_change_precond;eeg_c_theta_mean_full_change_precond;hrv_rmssd_full_change_precond;gsr_skin_conductance_eda_tonic_mean_nk_full_change_precond;eeg_pright_lbeta_mean_full_change_precond;eeg_fl_hbeta_mean_full_change_precond;eeg_pleft_halpha_mean_full_change_precond;eeg_fr_sampent_full_change_precond;eeg_tright_halpha_mean_full_change_precond;eeg_pleft_lbeta_mean_full_change_precond;hr_heartrate_bpm_med_abs_full_change_precond;eeg_c_specent_full_change_precond;eeg_c_sampent_full_change_precond;eeg_fm_theta_mean_full_change_precond;eeg_pright_halpha_mean_full_change_precond"
2025-11-26 17:53:40.594408,4,"stress_label",20,8,0.125,0.596153846153846,0.58974358974359,0.581196581196581,20,"top20","eeg_tleft_sampent_full_change_precond;eeg_tleft_halpha_mean_full_change_precond;pupil_dilation_sd_full_change_precond;eeg_tleft_lalpha_mean_full_change_precond;eeg_t_sampent_full_change_precond;eeg_pright_sampent_full_change_precond;eeg_c_theta_mean_full_change_precond;hrv_rmssd_full_change_precond;gsr_skin_conductance_eda_tonic_mean_nk_full_change_precond;eeg_pright_lbeta_mean_full_change_precond;eeg_fl_hbeta_mean_full_change_precond;eeg_pleft_halpha_mean_full_change_precond;eeg_fr_sampent_full_change_precond;eeg_tright_halpha_mean_full_change_precond;eeg_pleft_lbeta_mean_full_change_precond;hr_heartrate_bpm_med_abs_full_change_precond;eeg_c_specent_full_change_precond;eeg_c_sampent_full_change_precond;eeg_fm_theta_mean_full_change_precond;eeg_pright_halpha_mean_full_change_precond"
2025-11-26 17:53:41.602109,4,"stress_label",20,16,0.125,0.596153846153846,0.58974358974359,0.581196581196581,20,"top20","eeg_tleft_sampent_full_change_precond;eeg_tleft_halpha_mean_full_change_precond;pupil_dilation_sd_full_change_precond;eeg_tleft_lalpha_mean_full_change_precond;eeg_t_sampent_full_change_precond;eeg_pright_sampent_full_change_precond;eeg_c_theta_mean_full_change_precond;hrv_rmssd_full_change_precond;gsr_skin_conductance_eda_tonic_mean_nk_full_change_precond;eeg_pright_lbeta_mean_full_change_precond;eeg_fl_hbeta_mean_full_change_precond;eeg_pleft_halpha_mean_full_change_precond;eeg_fr_sampent_full_change_precond;eeg_tright_halpha_mean_full_change_precond;eeg_pleft_lbeta_mean_full_change_precond;hr_heartrate_bpm_med_abs_full_change_precond;eeg_c_specent_full_change_precond;eeg_c_sampent_full_change_precond;eeg_fm_theta_mean_full_change_precond;eeg_pright_halpha_mean_full_change_precond"
2025-11-26 17:53:42.693008,4,"stress_label",20,32,0.125,0.596153846153846,0.58974358974359,0.581196581196581,20,"top20","eeg_tleft_sampent_full_change_precond;eeg_tleft_halpha_mean_full_change_precond;pupil_dilation_sd_full_change_precond;eeg_tleft_lalpha_mean_full_change_precond;eeg_t_sampent_full_change_precond;eeg_pright_sampent_full_change_precond;eeg_c_theta_mean_full_change_precond;hrv_rmssd_full_change_precond;gsr_skin_conductance_eda_tonic_mean_nk_full_change_precond;eeg_pright_lbeta_mean_full_change_precond;eeg_fl_hbeta_mean_full_change_precond;eeg_pleft_halpha_mean_full_change_precond;eeg_fr_sampent_full_change_precond;eeg_tright_halpha_mean_full_change_precond;eeg_pleft_lbeta_mean_full_change_precond;hr_heartrate_bpm_med_abs_full_change_precond;eeg_c_specent_full_change_precond;eeg_c_sampent_full_change_precond;eeg_fm_theta_mean_full_change_precond;eeg_pright_halpha_mean_full_change_precond"
2025-11-26 17:53:43.80664,4,"stress_label",20,64,0.125,0.596153846153846,0.58974358974359,0.581196581196581,20,"top20","eeg_tleft_sampent_full_change_precond;eeg_tleft_halpha_mean_full_change_precond;pupil_dilation_sd_full_change_precond;eeg_tleft_lalpha_mean_full_change_precond;eeg_t_sampent_full_change_precond;eeg_pright_sampent_full_change_precond;eeg_c_theta_mean_full_change_precond;hrv_rmssd_full_change_precond;gsr_skin_conductance_eda_tonic_mean_nk_full_change_precond;eeg_pright_lbeta_mean_full_change_precond;eeg_fl_hbeta_mean_full_change_precond;eeg_pleft_halpha_mean_full_change_precond;eeg_fr_sampent_full_change_precond;eeg_tright_halpha_mean_full_change_precond;eeg_pleft_lbeta_mean_full_change_precond;hr_heartrate_bpm_med_abs_full_change_precond;eeg_c_specent_full_change_precond;eeg_c_sampent_full_change_precond;eeg_fm_theta_mean_full_change_precond;eeg_pright_halpha_mean_full_change_precond"
2025-11-26 17:53:44.931075,4,"stress_label",20,128,0.125,0.596153846153846,0.564102564102564,0.581196581196581,20,"top20","eeg_tleft_sampent_full_change_precond;eeg_tleft_halpha_mean_full_change_precond;pupil_dilation_sd_full_change_precond;eeg_tleft_lalpha_mean_full_change_precond;eeg_t_sampent_full_change_precond;eeg_pright_sampent_full_change_precond;eeg_c_theta_mean_full_change_precond;hrv_rmssd_full_change_precond;gsr_skin_conductance_eda_tonic_mean_nk_full_change_precond;eeg_pright_lbeta_mean_full_change_precond;eeg_fl_hbeta_mean_full_change_precond;eeg_pleft_halpha_mean_full_change_precond;eeg_fr_sampent_full_change_precond;eeg_tright_halpha_mean_full_change_precond;eeg_pleft_lbeta_mean_full_change_precond;hr_heartrate_bpm_med_abs_full_change_precond;eeg_c_specent_full_change_precond;eeg_c_sampent_full_change_precond;eeg_fm_theta_mean_full_change_precond;eeg_pright_halpha_mean_full_change_precond"
2025-11-26 17:53:45.983692,4,"stress_label",20,256,0.125,0.596153846153846,0.58974358974359,0.581196581196581,20,"top20","eeg_tleft_sampent_full_change_precond;eeg_tleft_halpha_mean_full_change_precond;pupil_dilation_sd_full_change_precond;eeg_tleft_lalpha_mean_full_change_precond;eeg_t_sampent_full_change_precond;eeg_pright_sampent_full_change_precond;eeg_c_theta_mean_full_change_precond;hrv_rmssd_full_change_precond;gsr_skin_conductance_eda_tonic_mean_nk_full_change_precond;eeg_pright_lbeta_mean_full_change_precond;eeg_fl_hbeta_mean_full_change_precond;eeg_pleft_halpha_mean_full_change_precond;eeg_fr_sampent_full_change_precond;eeg_tright_halpha_mean_full_change_precond;eeg_pleft_lbeta_mean_full_change_precond;hr_heartrate_bpm_med_abs_full_change_precond;eeg_c_specent_full_change_precond;eeg_c_sampent_full_change_precond;eeg_fm_theta_mean_full_change_precond;eeg_pright_halpha_mean_full_change_precond"
2025-11-26 17:53:47.020352,4,"stress_label",20,2,0.03,0.641025641025641,0.666666666666667,0.615384615384615,20,"top20","eeg_tleft_sampent_full_change_precond;eeg_tleft_halpha_mean_full_change_precond;pupil_dilation_sd_full_change_precond;eeg_tleft_lalpha_mean_full_change_precond;eeg_t_sampent_full_change_precond;eeg_pright_sampent_full_change_precond;eeg_c_theta_mean_full_change_precond;hrv_rmssd_full_change_precond;gsr_skin_conductance_eda_tonic_mean_nk_full_change_precond;eeg_pright_lbeta_mean_full_change_precond;eeg_fl_hbeta_mean_full_change_precond;eeg_pleft_halpha_mean_full_change_precond;eeg_fr_sampent_full_change_precond;eeg_tright_halpha_mean_full_change_precond;eeg_pleft_lbeta_mean_full_change_precond;hr_heartrate_bpm_med_abs_full_change_precond;eeg_c_specent_full_change_precond;eeg_c_sampent_full_change_precond;eeg_fm_theta_mean_full_change_precond;eeg_pright_halpha_mean_full_change_precond"
2025-11-26 17:53:48.056698,4,"stress_label",20,4,0.03,0.628205128205128,0.621794871794872,0.602564102564103,20,"top20","eeg_tleft_sampent_full_change_precond;eeg_tleft_halpha_mean_full_change_precond;pupil_dilation_sd_full_change_precond;eeg_tleft_lalpha_mean_full_change_precond;eeg_t_sampent_full_change_precond;eeg_pright_sampent_full_change_precond;eeg_c_theta_mean_full_change_precond;hrv_rmssd_full_change_precond;gsr_skin_conductance_eda_tonic_mean_nk_full_change_precond;eeg_pright_lbeta_mean_full_change_precond;eeg_fl_hbeta_mean_full_change_precond;eeg_pleft_halpha_mean_full_change_precond;eeg_fr_sampent_full_change_precond;eeg_tright_halpha_mean_full_change_precond;eeg_pleft_lbeta_mean_full_change_precond;hr_heartrate_bpm_med_abs_full_change_precond;eeg_c_specent_full_change_precond;eeg_c_sampent_full_change_precond;eeg_fm_theta_mean_full_change_precond;eeg_pright_halpha_mean_full_change_precond"
2025-11-26 17:53:49.167235,4,"stress_label",20,8,0.03,0.57051282051282,0.576923076923077,NA,20,"top20","eeg_tleft_sampent_full_change_precond;eeg_tleft_halpha_mean_full_change_precond;pupil_dilation_sd_full_change_precond;eeg_tleft_lalpha_mean_full_change_precond;eeg_t_sampent_full_change_precond;eeg_pright_sampent_full_change_precond;eeg_c_theta_mean_full_change_precond;hrv_rmssd_full_change_precond;gsr_skin_conductance_eda_tonic_mean_nk_full_change_precond;eeg_pright_lbeta_mean_full_change_precond;eeg_fl_hbeta_mean_full_change_precond;eeg_pleft_halpha_mean_full_change_precond;eeg_fr_sampent_full_change_precond;eeg_tright_halpha_mean_full_change_precond;eeg_pleft_lbeta_mean_full_change_precond;hr_heartrate_bpm_med_abs_full_change_precond;eeg_c_specent_full_change_precond;eeg_c_sampent_full_change_precond;eeg_fm_theta_mean_full_change_precond;eeg_pright_halpha_mean_full_change_precond"
2025-11-26 17:53:50.350447,4,"stress_label",20,16,0.03,0.544871794871795,0.58974358974359,NA,20,"top20","eeg_tleft_sampent_full_change_precond;eeg_tleft_halpha_mean_full_change_precond;pupil_dilation_sd_full_change_precond;eeg_tleft_lalpha_mean_full_change_precond;eeg_t_sampent_full_change_precond;eeg_pright_sampent_full_change_precond;eeg_c_theta_mean_full_change_precond;hrv_rmssd_full_change_precond;gsr_skin_conductance_eda_tonic_mean_nk_full_change_precond;eeg_pright_lbeta_mean_full_change_precond;eeg_fl_hbeta_mean_full_change_precond;eeg_pleft_halpha_mean_full_change_precond;eeg_fr_sampent_full_change_precond;eeg_tright_halpha_mean_full_change_precond;eeg_pleft_lbeta_mean_full_change_precond;hr_heartrate_bpm_med_abs_full_change_precond;eeg_c_specent_full_change_precond;eeg_c_sampent_full_change_precond;eeg_fm_theta_mean_full_change_precond;eeg_pright_halpha_mean_full_change_precond"
2025-11-26 17:53:51.429804,4,"stress_label",20,32,0.03,0.538461538461538,0.608974358974359,NA,20,"top20","eeg_tleft_sampent_full_change_precond;eeg_tleft_halpha_mean_full_change_precond;pupil_dilation_sd_full_change_precond;eeg_tleft_lalpha_mean_full_change_precond;eeg_t_sampent_full_change_precond;eeg_pright_sampent_full_change_precond;eeg_c_theta_mean_full_change_precond;hrv_rmssd_full_change_precond;gsr_skin_conductance_eda_tonic_mean_nk_full_change_precond;eeg_pright_lbeta_mean_full_change_precond;eeg_fl_hbeta_mean_full_change_precond;eeg_pleft_halpha_mean_full_change_precond;eeg_fr_sampent_full_change_precond;eeg_tright_halpha_mean_full_change_precond;eeg_pleft_lbeta_mean_full_change_precond;hr_heartrate_bpm_med_abs_full_change_precond;eeg_c_specent_full_change_precond;eeg_c_sampent_full_change_precond;eeg_fm_theta_mean_full_change_precond;eeg_pright_halpha_mean_full_change_precond"
2025-11-26 17:53:52.633066,4,"stress_label",20,64,0.03,0.564102564102564,0.608974358974359,0.544444444444444,20,"top20","eeg_tleft_sampent_full_change_precond;eeg_tleft_halpha_mean_full_change_precond;pupil_dilation_sd_full_change_precond;eeg_tleft_lalpha_mean_full_change_precond;eeg_t_sampent_full_change_precond;eeg_pright_sampent_full_change_precond;eeg_c_theta_mean_full_change_precond;hrv_rmssd_full_change_precond;gsr_skin_conductance_eda_tonic_mean_nk_full_change_precond;eeg_pright_lbeta_mean_full_change_precond;eeg_fl_hbeta_mean_full_change_precond;eeg_pleft_halpha_mean_full_change_precond;eeg_fr_sampent_full_change_precond;eeg_tright_halpha_mean_full_change_precond;eeg_pleft_lbeta_mean_full_change_precond;hr_heartrate_bpm_med_abs_full_change_precond;eeg_c_specent_full_change_precond;eeg_c_sampent_full_change_precond;eeg_fm_theta_mean_full_change_precond;eeg_pright_halpha_mean_full_change_precond"
2025-11-26 17:53:53.824065,4,"stress_label",20,128,0.03,0.57051282051282,0.58974358974359,NA,20,"top20","eeg_tleft_sampent_full_change_precond;eeg_tleft_halpha_mean_full_change_precond;pupil_dilation_sd_full_change_precond;eeg_tleft_lalpha_mean_full_change_precond;eeg_t_sampent_full_change_precond;eeg_pright_sampent_full_change_precond;eeg_c_theta_mean_full_change_precond;hrv_rmssd_full_change_precond;gsr_skin_conductance_eda_tonic_mean_nk_full_change_precond;eeg_pright_lbeta_mean_full_change_precond;eeg_fl_hbeta_mean_full_change_precond;eeg_pleft_halpha_mean_full_change_precond;eeg_fr_sampent_full_change_precond;eeg_tright_halpha_mean_full_change_precond;eeg_pleft_lbeta_mean_full_change_precond;hr_heartrate_bpm_med_abs_full_change_precond;eeg_c_specent_full_change_precond;eeg_c_sampent_full_change_precond;eeg_fm_theta_mean_full_change_precond;eeg_pright_halpha_mean_full_change_precond"
2025-11-26 17:53:54.957345,4,"stress_label",20,256,0.03,0.57051282051282,0.58974358974359,NA,20,"top20","eeg_tleft_sampent_full_change_precond;eeg_tleft_halpha_mean_full_change_precond;pupil_dilation_sd_full_change_precond;eeg_tleft_lalpha_mean_full_change_precond;eeg_t_sampent_full_change_precond;eeg_pright_sampent_full_change_precond;eeg_c_theta_mean_full_change_precond;hrv_rmssd_full_change_precond;gsr_skin_conductance_eda_tonic_mean_nk_full_change_precond;eeg_pright_lbeta_mean_full_change_precond;eeg_fl_hbeta_mean_full_change_precond;eeg_pleft_halpha_mean_full_change_precond;eeg_fr_sampent_full_change_precond;eeg_tright_halpha_mean_full_change_precond;eeg_pleft_lbeta_mean_full_change_precond;hr_heartrate_bpm_med_abs_full_change_precond;eeg_c_specent_full_change_precond;eeg_c_sampent_full_change_precond;eeg_fm_theta_mean_full_change_precond;eeg_pright_halpha_mean_full_change_precond"
2025-11-26 17:53:55.81543,4,"stress_label",20,2,0.06,0.621794871794872,0.628205128205128,0.600854700854701,20,"top20","eeg_tleft_sampent_full_change_precond;eeg_tleft_halpha_mean_full_change_precond;pupil_dilation_sd_full_change_precond;eeg_tleft_lalpha_mean_full_change_precond;eeg_t_sampent_full_change_precond;eeg_pright_sampent_full_change_precond;eeg_c_theta_mean_full_change_precond;hrv_rmssd_full_change_precond;gsr_skin_conductance_eda_tonic_mean_nk_full_change_precond;eeg_pright_lbeta_mean_full_change_precond;eeg_fl_hbeta_mean_full_change_precond;eeg_pleft_halpha_mean_full_change_precond;eeg_fr_sampent_full_change_precond;eeg_tright_halpha_mean_full_change_precond;eeg_pleft_lbeta_mean_full_change_precond;hr_heartrate_bpm_med_abs_full_change_precond;eeg_c_specent_full_change_precond;eeg_c_sampent_full_change_precond;eeg_fm_theta_mean_full_change_precond;eeg_pright_halpha_mean_full_change_precond"
2025-11-26 17:53:56.677612,4,"stress_label",20,4,0.06,0.576923076923077,0.576923076923077,NA,20,"top20","eeg_tleft_sampent_full_change_precond;eeg_tleft_halpha_mean_full_change_precond;pupil_dilation_sd_full_change_precond;eeg_tleft_lalpha_mean_full_change_precond;eeg_t_sampent_full_change_precond;eeg_pright_sampent_full_change_precond;eeg_c_theta_mean_full_change_precond;hrv_rmssd_full_change_precond;gsr_skin_conductance_eda_tonic_mean_nk_full_change_precond;eeg_pright_lbeta_mean_full_change_precond;eeg_fl_hbeta_mean_full_change_precond;eeg_pleft_halpha_mean_full_change_precond;eeg_fr_sampent_full_change_precond;eeg_tright_halpha_mean_full_change_precond;eeg_pleft_lbeta_mean_full_change_precond;hr_heartrate_bpm_med_abs_full_change_precond;eeg_c_specent_full_change_precond;eeg_c_sampent_full_change_precond;eeg_fm_theta_mean_full_change_precond;eeg_pright_halpha_mean_full_change_precond"
2025-11-26 17:53:57.653736,4,"stress_label",20,8,0.06,0.557692307692308,0.58974358974359,NA,20,"top20","eeg_tleft_sampent_full_change_precond;eeg_tleft_halpha_mean_full_change_precond;pupil_dilation_sd_full_change_precond;eeg_tleft_lalpha_mean_full_change_precond;eeg_t_sampent_full_change_precond;eeg_pright_sampent_full_change_precond;eeg_c_theta_mean_full_change_precond;hrv_rmssd_full_change_precond;gsr_skin_conductance_eda_tonic_mean_nk_full_change_precond;eeg_pright_lbeta_mean_full_change_precond;eeg_fl_hbeta_mean_full_change_precond;eeg_pleft_halpha_mean_full_change_precond;eeg_fr_sampent_full_change_precond;eeg_tright_halpha_mean_full_change_precond;eeg_pleft_lbeta_mean_full_change_precond;hr_heartrate_bpm_med_abs_full_change_precond;eeg_c_specent_full_change_precond;eeg_c_sampent_full_change_precond;eeg_fm_theta_mean_full_change_precond;eeg_pright_halpha_mean_full_change_precond"
2025-11-26 17:53:58.750581,4,"stress_label",20,16,0.06,0.557692307692308,0.596153846153846,0.556410256410256,20,"top20","eeg_tleft_sampent_full_change_precond;eeg_tleft_halpha_mean_full_change_precond;pupil_dilation_sd_full_change_precond;eeg_tleft_lalpha_mean_full_change_precond;eeg_t_sampent_full_change_precond;eeg_pright_sampent_full_change_precond;eeg_c_theta_mean_full_change_precond;hrv_rmssd_full_change_precond;gsr_skin_conductance_eda_tonic_mean_nk_full_change_precond;eeg_pright_lbeta_mean_full_change_precond;eeg_fl_hbeta_mean_full_change_precond;eeg_pleft_halpha_mean_full_change_precond;eeg_fr_sampent_full_change_precond;eeg_tright_halpha_mean_full_change_precond;eeg_pleft_lbeta_mean_full_change_precond;hr_heartrate_bpm_med_abs_full_change_precond;eeg_c_specent_full_change_precond;eeg_c_sampent_full_change_precond;eeg_fm_theta_mean_full_change_precond;eeg_pright_halpha_mean_full_change_precond"
2025-11-26 17:53:59.875494,4,"stress_label",20,32,0.06,0.551282051282051,0.57051282051282,0.546153846153846,20,"top20","eeg_tleft_sampent_full_change_precond;eeg_tleft_halpha_mean_full_change_precond;pupil_dilation_sd_full_change_precond;eeg_tleft_lalpha_mean_full_change_precond;eeg_t_sampent_full_change_precond;eeg_pright_sampent_full_change_precond;eeg_c_theta_mean_full_change_precond;hrv_rmssd_full_change_precond;gsr_skin_conductance_eda_tonic_mean_nk_full_change_precond;eeg_pright_lbeta_mean_full_change_precond;eeg_fl_hbeta_mean_full_change_precond;eeg_pleft_halpha_mean_full_change_precond;eeg_fr_sampent_full_change_precond;eeg_tright_halpha_mean_full_change_precond;eeg_pleft_lbeta_mean_full_change_precond;hr_heartrate_bpm_med_abs_full_change_precond;eeg_c_specent_full_change_precond;eeg_c_sampent_full_change_precond;eeg_fm_theta_mean_full_change_precond;eeg_pright_halpha_mean_full_change_precond"
2025-11-26 17:54:01.000652,4,"stress_label",20,64,0.06,0.551282051282051,0.57051282051282,0.546153846153846,20,"top20","eeg_tleft_sampent_full_change_precond;eeg_tleft_halpha_mean_full_change_precond;pupil_dilation_sd_full_change_precond;eeg_tleft_lalpha_mean_full_change_precond;eeg_t_sampent_full_change_precond;eeg_pright_sampent_full_change_precond;eeg_c_theta_mean_full_change_precond;hrv_rmssd_full_change_precond;gsr_skin_conductance_eda_tonic_mean_nk_full_change_precond;eeg_pright_lbeta_mean_full_change_precond;eeg_fl_hbeta_mean_full_change_precond;eeg_pleft_halpha_mean_full_change_precond;eeg_fr_sampent_full_change_precond;eeg_tright_halpha_mean_full_change_precond;eeg_pleft_lbeta_mean_full_change_precond;hr_heartrate_bpm_med_abs_full_change_precond;eeg_c_specent_full_change_precond;eeg_c_sampent_full_change_precond;eeg_fm_theta_mean_full_change_precond;eeg_pright_halpha_mean_full_change_precond"
2025-11-26 17:54:02.143877,4,"stress_label",20,128,0.06,0.551282051282051,0.57051282051282,0.546153846153846,20,"top20","eeg_tleft_sampent_full_change_precond;eeg_tleft_halpha_mean_full_change_precond;pupil_dilation_sd_full_change_precond;eeg_tleft_lalpha_mean_full_change_precond;eeg_t_sampent_full_change_precond;eeg_pright_sampent_full_change_precond;eeg_c_theta_mean_full_change_precond;hrv_rmssd_full_change_precond;gsr_skin_conductance_eda_tonic_mean_nk_full_change_precond;eeg_pright_lbeta_mean_full_change_precond;eeg_fl_hbeta_mean_full_change_precond;eeg_pleft_halpha_mean_full_change_precond;eeg_fr_sampent_full_change_precond;eeg_tright_halpha_mean_full_change_precond;eeg_pleft_lbeta_mean_full_change_precond;hr_heartrate_bpm_med_abs_full_change_precond;eeg_c_specent_full_change_precond;eeg_c_sampent_full_change_precond;eeg_fm_theta_mean_full_change_precond;eeg_pright_halpha_mean_full_change_precond"
2025-11-26 17:54:03.111679,4,"stress_label",20,256,0.06,0.551282051282051,0.57051282051282,0.546153846153846,20,"top20","eeg_tleft_sampent_full_change_precond;eeg_tleft_halpha_mean_full_change_precond;pupil_dilation_sd_full_change_precond;eeg_tleft_lalpha_mean_full_change_precond;eeg_t_sampent_full_change_precond;eeg_pright_sampent_full_change_precond;eeg_c_theta_mean_full_change_precond;hrv_rmssd_full_change_precond;gsr_skin_conductance_eda_tonic_mean_nk_full_change_precond;eeg_pright_lbeta_mean_full_change_precond;eeg_fl_hbeta_mean_full_change_precond;eeg_pleft_halpha_mean_full_change_precond;eeg_fr_sampent_full_change_precond;eeg_tright_halpha_mean_full_change_precond;eeg_pleft_lbeta_mean_full_change_precond;hr_heartrate_bpm_med_abs_full_change_precond;eeg_c_specent_full_change_precond;eeg_c_sampent_full_change_precond;eeg_fm_theta_mean_full_change_precond;eeg_pright_halpha_mean_full_change_precond"
2025-11-26 17:54:04.175661,4,"stress_label",20,2,0.1,0.576923076923077,0.615384615384615,NA,20,"top20","eeg_tleft_sampent_full_change_precond;eeg_tleft_halpha_mean_full_change_precond;pupil_dilation_sd_full_change_precond;eeg_tleft_lalpha_mean_full_change_precond;eeg_t_sampent_full_change_precond;eeg_pright_sampent_full_change_precond;eeg_c_theta_mean_full_change_precond;hrv_rmssd_full_change_precond;gsr_skin_conductance_eda_tonic_mean_nk_full_change_precond;eeg_pright_lbeta_mean_full_change_precond;eeg_fl_hbeta_mean_full_change_precond;eeg_pleft_halpha_mean_full_change_precond;eeg_fr_sampent_full_change_precond;eeg_tright_halpha_mean_full_change_precond;eeg_pleft_lbeta_mean_full_change_precond;hr_heartrate_bpm_med_abs_full_change_precond;eeg_c_specent_full_change_precond;eeg_c_sampent_full_change_precond;eeg_fm_theta_mean_full_change_precond;eeg_pright_halpha_mean_full_change_precond"
2025-11-26 17:54:05.190361,4,"stress_label",20,4,0.1,0.576923076923077,0.608974358974359,NA,20,"top20","eeg_tleft_sampent_full_change_precond;eeg_tleft_halpha_mean_full_change_precond;pupil_dilation_sd_full_change_precond;eeg_tleft_lalpha_mean_full_change_precond;eeg_t_sampent_full_change_precond;eeg_pright_sampent_full_change_precond;eeg_c_theta_mean_full_change_precond;hrv_rmssd_full_change_precond;gsr_skin_conductance_eda_tonic_mean_nk_full_change_precond;eeg_pright_lbeta_mean_full_change_precond;eeg_fl_hbeta_mean_full_change_precond;eeg_pleft_halpha_mean_full_change_precond;eeg_fr_sampent_full_change_precond;eeg_tright_halpha_mean_full_change_precond;eeg_pleft_lbeta_mean_full_change_precond;hr_heartrate_bpm_med_abs_full_change_precond;eeg_c_specent_full_change_precond;eeg_c_sampent_full_change_precond;eeg_fm_theta_mean_full_change_precond;eeg_pright_halpha_mean_full_change_precond"
2025-11-26 17:54:06.06856,4,"stress_label",20,8,0.1,0.576923076923077,0.583333333333333,0.563247863247863,20,"top20","eeg_tleft_sampent_full_change_precond;eeg_tleft_halpha_mean_full_change_precond;pupil_dilation_sd_full_change_precond;eeg_tleft_lalpha_mean_full_change_precond;eeg_t_sampent_full_change_precond;eeg_pright_sampent_full_change_precond;eeg_c_theta_mean_full_change_precond;hrv_rmssd_full_change_precond;gsr_skin_conductance_eda_tonic_mean_nk_full_change_precond;eeg_pright_lbeta_mean_full_change_precond;eeg_fl_hbeta_mean_full_change_precond;eeg_pleft_halpha_mean_full_change_precond;eeg_fr_sampent_full_change_precond;eeg_tright_halpha_mean_full_change_precond;eeg_pleft_lbeta_mean_full_change_precond;hr_heartrate_bpm_med_abs_full_change_precond;eeg_c_specent_full_change_precond;eeg_c_sampent_full_change_precond;eeg_fm_theta_mean_full_change_precond;eeg_pright_halpha_mean_full_change_precond"
2025-11-26 17:54:06.997152,4,"stress_label",20,16,0.1,0.576923076923077,0.557692307692308,0.563247863247863,20,"top20","eeg_tleft_sampent_full_change_precond;eeg_tleft_halpha_mean_full_change_precond;pupil_dilation_sd_full_change_precond;eeg_tleft_lalpha_mean_full_change_precond;eeg_t_sampent_full_change_precond;eeg_pright_sampent_full_change_precond;eeg_c_theta_mean_full_change_precond;hrv_rmssd_full_change_precond;gsr_skin_conductance_eda_tonic_mean_nk_full_change_precond;eeg_pright_lbeta_mean_full_change_precond;eeg_fl_hbeta_mean_full_change_precond;eeg_pleft_halpha_mean_full_change_precond;eeg_fr_sampent_full_change_precond;eeg_tright_halpha_mean_full_change_precond;eeg_pleft_lbeta_mean_full_change_precond;hr_heartrate_bpm_med_abs_full_change_precond;eeg_c_specent_full_change_precond;eeg_c_sampent_full_change_precond;eeg_fm_theta_mean_full_change_precond;eeg_pright_halpha_mean_full_change_precond"
2025-11-26 17:54:07.876522,4,"stress_label",20,32,0.1,0.576923076923077,0.583333333333333,0.563247863247863,20,"top20","eeg_tleft_sampent_full_change_precond;eeg_tleft_halpha_mean_full_change_precond;pupil_dilation_sd_full_change_precond;eeg_tleft_lalpha_mean_full_change_precond;eeg_t_sampent_full_change_precond;eeg_pright_sampent_full_change_precond;eeg_c_theta_mean_full_change_precond;hrv_rmssd_full_change_precond;gsr_skin_conductance_eda_tonic_mean_nk_full_change_precond;eeg_pright_lbeta_mean_full_change_precond;eeg_fl_hbeta_mean_full_change_precond;eeg_pleft_halpha_mean_full_change_precond;eeg_fr_sampent_full_change_precond;eeg_tright_halpha_mean_full_change_precond;eeg_pleft_lbeta_mean_full_change_precond;hr_heartrate_bpm_med_abs_full_change_precond;eeg_c_specent_full_change_precond;eeg_c_sampent_full_change_precond;eeg_fm_theta_mean_full_change_precond;eeg_pright_halpha_mean_full_change_precond"
2025-11-26 17:54:08.816573,4,"stress_label",20,64,0.1,0.576923076923077,0.583333333333333,0.563247863247863,20,"top20","eeg_tleft_sampent_full_change_precond;eeg_tleft_halpha_mean_full_change_precond;pupil_dilation_sd_full_change_precond;eeg_tleft_lalpha_mean_full_change_precond;eeg_t_sampent_full_change_precond;eeg_pright_sampent_full_change_precond;eeg_c_theta_mean_full_change_precond;hrv_rmssd_full_change_precond;gsr_skin_conductance_eda_tonic_mean_nk_full_change_precond;eeg_pright_lbeta_mean_full_change_precond;eeg_fl_hbeta_mean_full_change_precond;eeg_pleft_halpha_mean_full_change_precond;eeg_fr_sampent_full_change_precond;eeg_tright_halpha_mean_full_change_precond;eeg_pleft_lbeta_mean_full_change_precond;hr_heartrate_bpm_med_abs_full_change_precond;eeg_c_specent_full_change_precond;eeg_c_sampent_full_change_precond;eeg_fm_theta_mean_full_change_precond;eeg_pright_halpha_mean_full_change_precond"
2025-11-26 17:54:09.937191,4,"stress_label",20,128,0.1,0.576923076923077,0.583333333333333,0.563247863247863,20,"top20","eeg_tleft_sampent_full_change_precond;eeg_tleft_halpha_mean_full_change_precond;pupil_dilation_sd_full_change_precond;eeg_tleft_lalpha_mean_full_change_precond;eeg_t_sampent_full_change_precond;eeg_pright_sampent_full_change_precond;eeg_c_theta_mean_full_change_precond;hrv_rmssd_full_change_precond;gsr_skin_conductance_eda_tonic_mean_nk_full_change_precond;eeg_pright_lbeta_mean_full_change_precond;eeg_fl_hbeta_mean_full_change_precond;eeg_pleft_halpha_mean_full_change_precond;eeg_fr_sampent_full_change_precond;eeg_tright_halpha_mean_full_change_precond;eeg_pleft_lbeta_mean_full_change_precond;hr_heartrate_bpm_med_abs_full_change_precond;eeg_c_specent_full_change_precond;eeg_c_sampent_full_change_precond;eeg_fm_theta_mean_full_change_precond;eeg_pright_halpha_mean_full_change_precond"
2025-11-26 17:54:10.990812,4,"stress_label",20,256,0.1,0.576923076923077,0.557692307692308,0.563247863247863,20,"top20","eeg_tleft_sampent_full_change_precond;eeg_tleft_halpha_mean_full_change_precond;pupil_dilation_sd_full_change_precond;eeg_tleft_lalpha_mean_full_change_precond;eeg_t_sampent_full_change_precond;eeg_pright_sampent_full_change_precond;eeg_c_theta_mean_full_change_precond;hrv_rmssd_full_change_precond;gsr_skin_conductance_eda_tonic_mean_nk_full_change_precond;eeg_pright_lbeta_mean_full_change_precond;eeg_fl_hbeta_mean_full_change_precond;eeg_pleft_halpha_mean_full_change_precond;eeg_fr_sampent_full_change_precond;eeg_tright_halpha_mean_full_change_precond;eeg_pleft_lbeta_mean_full_change_precond;hr_heartrate_bpm_med_abs_full_change_precond;eeg_c_specent_full_change_precond;eeg_c_sampent_full_change_precond;eeg_fm_theta_mean_full_change_precond;eeg_pright_halpha_mean_full_change_precond"
2025-11-26 17:54:11.857896,4,"stress_label",10,2,0.0078125,0.602564102564103,0.647435897435897,0.575213675213675,10,"top10","eeg_tleft_sampent_full_change_precond;eeg_tleft_halpha_mean_full_change_precond;pupil_dilation_sd_full_change_precond;eeg_tleft_lalpha_mean_full_change_precond;eeg_t_sampent_full_change_precond;eeg_pright_sampent_full_change_precond;eeg_c_theta_mean_full_change_precond;hrv_rmssd_full_change_precond;gsr_skin_conductance_eda_tonic_mean_nk_full_change_precond;eeg_pright_lbeta_mean_full_change_precond"
2025-11-26 17:54:12.629618,4,"stress_label",10,4,0.0078125,0.58974358974359,0.66025641025641,0.572649572649573,10,"top10","eeg_tleft_sampent_full_change_precond;eeg_tleft_halpha_mean_full_change_precond;pupil_dilation_sd_full_change_precond;eeg_tleft_lalpha_mean_full_change_precond;eeg_t_sampent_full_change_precond;eeg_pright_sampent_full_change_precond;eeg_c_theta_mean_full_change_precond;hrv_rmssd_full_change_precond;gsr_skin_conductance_eda_tonic_mean_nk_full_change_precond;eeg_pright_lbeta_mean_full_change_precond"
2025-11-26 17:54:13.408807,4,"stress_label",10,8,0.0078125,0.602564102564103,0.666666666666667,0.58974358974359,10,"top10","eeg_tleft_sampent_full_change_precond;eeg_tleft_halpha_mean_full_change_precond;pupil_dilation_sd_full_change_precond;eeg_tleft_lalpha_mean_full_change_precond;eeg_t_sampent_full_change_precond;eeg_pright_sampent_full_change_precond;eeg_c_theta_mean_full_change_precond;hrv_rmssd_full_change_precond;gsr_skin_conductance_eda_tonic_mean_nk_full_change_precond;eeg_pright_lbeta_mean_full_change_precond"
2025-11-26 17:54:14.267293,4,"stress_label",10,16,0.0078125,0.608974358974359,0.66025641025641,0.593162393162393,10,"top10","eeg_tleft_sampent_full_change_precond;eeg_tleft_halpha_mean_full_change_precond;pupil_dilation_sd_full_change_precond;eeg_tleft_lalpha_mean_full_change_precond;eeg_t_sampent_full_change_precond;eeg_pright_sampent_full_change_precond;eeg_c_theta_mean_full_change_precond;hrv_rmssd_full_change_precond;gsr_skin_conductance_eda_tonic_mean_nk_full_change_precond;eeg_pright_lbeta_mean_full_change_precond"
2025-11-26 17:54:15.115936,4,"stress_label",10,32,0.0078125,0.628205128205128,0.653846153846154,0.605982905982906,10,"top10","eeg_tleft_sampent_full_change_precond;eeg_tleft_halpha_mean_full_change_precond;pupil_dilation_sd_full_change_precond;eeg_tleft_lalpha_mean_full_change_precond;eeg_t_sampent_full_change_precond;eeg_pright_sampent_full_change_precond;eeg_c_theta_mean_full_change_precond;hrv_rmssd_full_change_precond;gsr_skin_conductance_eda_tonic_mean_nk_full_change_precond;eeg_pright_lbeta_mean_full_change_precond"
2025-11-26 17:54:16.027827,4,"stress_label",10,64,0.0078125,0.602564102564103,0.653846153846154,0.577777777777778,10,"top10","eeg_tleft_sampent_full_change_precond;eeg_tleft_halpha_mean_full_change_precond;pupil_dilation_sd_full_change_precond;eeg_tleft_lalpha_mean_full_change_precond;eeg_t_sampent_full_change_precond;eeg_pright_sampent_full_change_precond;eeg_c_theta_mean_full_change_precond;hrv_rmssd_full_change_precond;gsr_skin_conductance_eda_tonic_mean_nk_full_change_precond;eeg_pright_lbeta_mean_full_change_precond"
2025-11-26 17:54:16.970152,4,"stress_label",10,128,0.0078125,0.576923076923077,0.596153846153846,0.553846153846154,10,"top10","eeg_tleft_sampent_full_change_precond;eeg_tleft_halpha_mean_full_change_precond;pupil_dilation_sd_full_change_precond;eeg_tleft_lalpha_mean_full_change_precond;eeg_t_sampent_full_change_precond;eeg_pright_sampent_full_change_precond;eeg_c_theta_mean_full_change_precond;hrv_rmssd_full_change_precond;gsr_skin_conductance_eda_tonic_mean_nk_full_change_precond;eeg_pright_lbeta_mean_full_change_precond"
2025-11-26 17:54:17.832336,4,"stress_label",10,256,0.0078125,0.602564102564103,0.621794871794872,0.582905982905983,10,"top10","eeg_tleft_sampent_full_change_precond;eeg_tleft_halpha_mean_full_change_precond;pupil_dilation_sd_full_change_precond;eeg_tleft_lalpha_mean_full_change_precond;eeg_t_sampent_full_change_precond;eeg_pright_sampent_full_change_precond;eeg_c_theta_mean_full_change_precond;hrv_rmssd_full_change_precond;gsr_skin_conductance_eda_tonic_mean_nk_full_change_precond;eeg_pright_lbeta_mean_full_change_precond"
2025-11-26 17:54:18.649576,4,"stress_label",10,2,0.015625,0.58974358974359,0.653846153846154,0.57008547008547,10,"top10","eeg_tleft_sampent_full_change_precond;eeg_tleft_halpha_mean_full_change_precond;pupil_dilation_sd_full_change_precond;eeg_tleft_lalpha_mean_full_change_precond;eeg_t_sampent_full_change_precond;eeg_pright_sampent_full_change_precond;eeg_c_theta_mean_full_change_precond;hrv_rmssd_full_change_precond;gsr_skin_conductance_eda_tonic_mean_nk_full_change_precond;eeg_pright_lbeta_mean_full_change_precond"
2025-11-26 17:54:19.513532,4,"stress_label",10,4,0.015625,0.615384615384615,0.673076923076923,0.597435897435897,10,"top10","eeg_tleft_sampent_full_change_precond;eeg_tleft_halpha_mean_full_change_precond;pupil_dilation_sd_full_change_precond;eeg_tleft_lalpha_mean_full_change_precond;eeg_t_sampent_full_change_precond;eeg_pright_sampent_full_change_precond;eeg_c_theta_mean_full_change_precond;hrv_rmssd_full_change_precond;gsr_skin_conductance_eda_tonic_mean_nk_full_change_precond;eeg_pright_lbeta_mean_full_change_precond"
2025-11-26 17:54:20.374911,4,"stress_label",10,8,0.015625,0.621794871794872,0.66025641025641,0.598290598290598,10,"top10","eeg_tleft_sampent_full_change_precond;eeg_tleft_halpha_mean_full_change_precond;pupil_dilation_sd_full_change_precond;eeg_tleft_lalpha_mean_full_change_precond;eeg_t_sampent_full_change_precond;eeg_pright_sampent_full_change_precond;eeg_c_theta_mean_full_change_precond;hrv_rmssd_full_change_precond;gsr_skin_conductance_eda_tonic_mean_nk_full_change_precond;eeg_pright_lbeta_mean_full_change_precond"
2025-11-26 17:54:21.231666,4,"stress_label",10,16,0.015625,0.615384615384615,0.653846153846154,0.598290598290598,10,"top10","eeg_tleft_sampent_full_change_precond;eeg_tleft_halpha_mean_full_change_precond;pupil_dilation_sd_full_change_precond;eeg_tleft_lalpha_mean_full_change_precond;eeg_t_sampent_full_change_precond;eeg_pright_sampent_full_change_precond;eeg_c_theta_mean_full_change_precond;hrv_rmssd_full_change_precond;gsr_skin_conductance_eda_tonic_mean_nk_full_change_precond;eeg_pright_lbeta_mean_full_change_precond"
2025-11-26 17:54:22.043513,4,"stress_label",10,32,0.015625,0.576923076923077,0.602564102564103,0.552136752136752,10,"top10","eeg_tleft_sampent_full_change_precond;eeg_tleft_halpha_mean_full_change_precond;pupil_dilation_sd_full_change_precond;eeg_tleft_lalpha_mean_full_change_precond;eeg_t_sampent_full_change_precond;eeg_pright_sampent_full_change_precond;eeg_c_theta_mean_full_change_precond;hrv_rmssd_full_change_precond;gsr_skin_conductance_eda_tonic_mean_nk_full_change_precond;eeg_pright_lbeta_mean_full_change_precond"
2025-11-26 17:54:22.997804,4,"stress_label",10,64,0.015625,0.58974358974359,0.608974358974359,0.57008547008547,10,"top10","eeg_tleft_sampent_full_change_precond;eeg_tleft_halpha_mean_full_change_precond;pupil_dilation_sd_full_change_precond;eeg_tleft_lalpha_mean_full_change_precond;eeg_t_sampent_full_change_precond;eeg_pright_sampent_full_change_precond;eeg_c_theta_mean_full_change_precond;hrv_rmssd_full_change_precond;gsr_skin_conductance_eda_tonic_mean_nk_full_change_precond;eeg_pright_lbeta_mean_full_change_precond"
2025-11-26 17:54:24.065791,4,"stress_label",10,128,0.015625,0.57051282051282,0.564102564102564,0.547863247863248,10,"top10","eeg_tleft_sampent_full_change_precond;eeg_tleft_halpha_mean_full_change_precond;pupil_dilation_sd_full_change_precond;eeg_tleft_lalpha_mean_full_change_precond;eeg_t_sampent_full_change_precond;eeg_pright_sampent_full_change_precond;eeg_c_theta_mean_full_change_precond;hrv_rmssd_full_change_precond;gsr_skin_conductance_eda_tonic_mean_nk_full_change_precond;eeg_pright_lbeta_mean_full_change_precond"
2025-11-26 17:54:25.349592,4,"stress_label",10,256,0.015625,0.525641025641026,0.564102564102564,NA,10,"top10","eeg_tleft_sampent_full_change_precond;eeg_tleft_halpha_mean_full_change_precond;pupil_dilation_sd_full_change_precond;eeg_tleft_lalpha_mean_full_change_precond;eeg_t_sampent_full_change_precond;eeg_pright_sampent_full_change_precond;eeg_c_theta_mean_full_change_precond;hrv_rmssd_full_change_precond;gsr_skin_conductance_eda_tonic_mean_nk_full_change_precond;eeg_pright_lbeta_mean_full_change_precond"
2025-11-26 17:54:26.185938,4,"stress_label",10,2,0.03125,0.615384615384615,0.666666666666667,0.593162393162393,10,"top10","eeg_tleft_sampent_full_change_precond;eeg_tleft_halpha_mean_full_change_precond;pupil_dilation_sd_full_change_precond;eeg_tleft_lalpha_mean_full_change_precond;eeg_t_sampent_full_change_precond;eeg_pright_sampent_full_change_precond;eeg_c_theta_mean_full_change_precond;hrv_rmssd_full_change_precond;gsr_skin_conductance_eda_tonic_mean_nk_full_change_precond;eeg_pright_lbeta_mean_full_change_precond"
2025-11-26 17:54:27.025728,4,"stress_label",10,4,0.03125,0.621794871794872,0.641025641025641,0.605982905982906,10,"top10","eeg_tleft_sampent_full_change_precond;eeg_tleft_halpha_mean_full_change_precond;pupil_dilation_sd_full_change_precond;eeg_tleft_lalpha_mean_full_change_precond;eeg_t_sampent_full_change_precond;eeg_pright_sampent_full_change_precond;eeg_c_theta_mean_full_change_precond;hrv_rmssd_full_change_precond;gsr_skin_conductance_eda_tonic_mean_nk_full_change_precond;eeg_pright_lbeta_mean_full_change_precond"
2025-11-26 17:54:27.886637,4,"stress_label",10,8,0.03125,0.58974358974359,0.634615384615385,0.569230769230769,10,"top10","eeg_tleft_sampent_full_change_precond;eeg_tleft_halpha_mean_full_change_precond;pupil_dilation_sd_full_change_precond;eeg_tleft_lalpha_mean_full_change_precond;eeg_t_sampent_full_change_precond;eeg_pright_sampent_full_change_precond;eeg_c_theta_mean_full_change_precond;hrv_rmssd_full_change_precond;gsr_skin_conductance_eda_tonic_mean_nk_full_change_precond;eeg_pright_lbeta_mean_full_change_precond"
2025-11-26 17:54:28.777096,4,"stress_label",10,16,0.03125,0.58974358974359,0.608974358974359,0.560683760683761,10,"top10","eeg_tleft_sampent_full_change_precond;eeg_tleft_halpha_mean_full_change_precond;pupil_dilation_sd_full_change_precond;eeg_tleft_lalpha_mean_full_change_precond;eeg_t_sampent_full_change_precond;eeg_pright_sampent_full_change_precond;eeg_c_theta_mean_full_change_precond;hrv_rmssd_full_change_precond;gsr_skin_conductance_eda_tonic_mean_nk_full_change_precond;eeg_pright_lbeta_mean_full_change_precond"
2025-11-26 17:54:29.719725,4,"stress_label",10,32,0.03125,0.551282051282051,0.564102564102564,NA,10,"top10","eeg_tleft_sampent_full_change_precond;eeg_tleft_halpha_mean_full_change_precond;pupil_dilation_sd_full_change_precond;eeg_tleft_lalpha_mean_full_change_precond;eeg_t_sampent_full_change_precond;eeg_pright_sampent_full_change_precond;eeg_c_theta_mean_full_change_precond;hrv_rmssd_full_change_precond;gsr_skin_conductance_eda_tonic_mean_nk_full_change_precond;eeg_pright_lbeta_mean_full_change_precond"
2025-11-26 17:54:30.674226,4,"stress_label",10,64,0.03125,0.532051282051282,0.512820512820513,NA,10,"top10","eeg_tleft_sampent_full_change_precond;eeg_tleft_halpha_mean_full_change_precond;pupil_dilation_sd_full_change_precond;eeg_tleft_lalpha_mean_full_change_precond;eeg_t_sampent_full_change_precond;eeg_pright_sampent_full_change_precond;eeg_c_theta_mean_full_change_precond;hrv_rmssd_full_change_precond;gsr_skin_conductance_eda_tonic_mean_nk_full_change_precond;eeg_pright_lbeta_mean_full_change_precond"
2025-11-26 17:54:31.727676,4,"stress_label",10,128,0.03125,0.564102564102564,0.564102564102564,NA,10,"top10","eeg_tleft_sampent_full_change_precond;eeg_tleft_halpha_mean_full_change_precond;pupil_dilation_sd_full_change_precond;eeg_tleft_lalpha_mean_full_change_precond;eeg_t_sampent_full_change_precond;eeg_pright_sampent_full_change_precond;eeg_c_theta_mean_full_change_precond;hrv_rmssd_full_change_precond;gsr_skin_conductance_eda_tonic_mean_nk_full_change_precond;eeg_pright_lbeta_mean_full_change_precond"
2025-11-26 17:54:32.918097,4,"stress_label",10,256,0.03125,0.532051282051282,0.551282051282051,0.498290598290598,10,"top10","eeg_tleft_sampent_full_change_precond;eeg_tleft_halpha_mean_full_change_precond;pupil_dilation_sd_full_change_precond;eeg_tleft_lalpha_mean_full_change_precond;eeg_t_sampent_full_change_precond;eeg_pright_sampent_full_change_precond;eeg_c_theta_mean_full_change_precond;hrv_rmssd_full_change_precond;gsr_skin_conductance_eda_tonic_mean_nk_full_change_precond;eeg_pright_lbeta_mean_full_change_precond"
2025-11-26 17:54:33.647121,4,"stress_label",10,2,0.0625,0.634615384615385,0.628205128205128,0.612820512820513,10,"top10","eeg_tleft_sampent_full_change_precond;eeg_tleft_halpha_mean_full_change_precond;pupil_dilation_sd_full_change_precond;eeg_tleft_lalpha_mean_full_change_precond;eeg_t_sampent_full_change_precond;eeg_pright_sampent_full_change_precond;eeg_c_theta_mean_full_change_precond;hrv_rmssd_full_change_precond;gsr_skin_conductance_eda_tonic_mean_nk_full_change_precond;eeg_pright_lbeta_mean_full_change_precond"
2025-11-26 17:54:34.503813,4,"stress_label",10,4,0.0625,0.602564102564103,0.58974358974359,0.581196581196581,10,"top10","eeg_tleft_sampent_full_change_precond;eeg_tleft_halpha_mean_full_change_precond;pupil_dilation_sd_full_change_precond;eeg_tleft_lalpha_mean_full_change_precond;eeg_t_sampent_full_change_precond;eeg_pright_sampent_full_change_precond;eeg_c_theta_mean_full_change_precond;hrv_rmssd_full_change_precond;gsr_skin_conductance_eda_tonic_mean_nk_full_change_precond;eeg_pright_lbeta_mean_full_change_precond"
2025-11-26 17:54:35.525872,4,"stress_label",10,8,0.0625,0.57051282051282,0.58974358974359,0.530769230769231,10,"top10","eeg_tleft_sampent_full_change_precond;eeg_tleft_halpha_mean_full_change_precond;pupil_dilation_sd_full_change_precond;eeg_tleft_lalpha_mean_full_change_precond;eeg_t_sampent_full_change_precond;eeg_pright_sampent_full_change_precond;eeg_c_theta_mean_full_change_precond;hrv_rmssd_full_change_precond;gsr_skin_conductance_eda_tonic_mean_nk_full_change_precond;eeg_pright_lbeta_mean_full_change_precond"
2025-11-26 17:54:36.432698,4,"stress_label",10,16,0.0625,0.551282051282051,0.57051282051282,NA,10,"top10","eeg_tleft_sampent_full_change_precond;eeg_tleft_halpha_mean_full_change_precond;pupil_dilation_sd_full_change_precond;eeg_tleft_lalpha_mean_full_change_precond;eeg_t_sampent_full_change_precond;eeg_pright_sampent_full_change_precond;eeg_c_theta_mean_full_change_precond;hrv_rmssd_full_change_precond;gsr_skin_conductance_eda_tonic_mean_nk_full_change_precond;eeg_pright_lbeta_mean_full_change_precond"
2025-11-26 17:54:37.444276,4,"stress_label",10,32,0.0625,0.576923076923077,0.583333333333333,0.546153846153846,10,"top10","eeg_tleft_sampent_full_change_precond;eeg_tleft_halpha_mean_full_change_precond;pupil_dilation_sd_full_change_precond;eeg_tleft_lalpha_mean_full_change_precond;eeg_t_sampent_full_change_precond;eeg_pright_sampent_full_change_precond;eeg_c_theta_mean_full_change_precond;hrv_rmssd_full_change_precond;gsr_skin_conductance_eda_tonic_mean_nk_full_change_precond;eeg_pright_lbeta_mean_full_change_precond"
2025-11-26 17:54:38.512361,4,"stress_label",10,64,0.0625,0.57051282051282,0.557692307692308,0.542735042735043,10,"top10","eeg_tleft_sampent_full_change_precond;eeg_tleft_halpha_mean_full_change_precond;pupil_dilation_sd_full_change_precond;eeg_tleft_lalpha_mean_full_change_precond;eeg_t_sampent_full_change_precond;eeg_pright_sampent_full_change_precond;eeg_c_theta_mean_full_change_precond;hrv_rmssd_full_change_precond;gsr_skin_conductance_eda_tonic_mean_nk_full_change_precond;eeg_pright_lbeta_mean_full_change_precond"
2025-11-26 17:54:39.606188,4,"stress_label",10,128,0.0625,0.557692307692308,0.576923076923077,0.537606837606838,10,"top10","eeg_tleft_sampent_full_change_precond;eeg_tleft_halpha_mean_full_change_precond;pupil_dilation_sd_full_change_precond;eeg_tleft_lalpha_mean_full_change_precond;eeg_t_sampent_full_change_precond;eeg_pright_sampent_full_change_precond;eeg_c_theta_mean_full_change_precond;hrv_rmssd_full_change_precond;gsr_skin_conductance_eda_tonic_mean_nk_full_change_precond;eeg_pright_lbeta_mean_full_change_precond"
2025-11-26 17:54:40.613413,4,"stress_label",10,256,0.0625,0.57051282051282,0.583333333333333,NA,10,"top10","eeg_tleft_sampent_full_change_precond;eeg_tleft_halpha_mean_full_change_precond;pupil_dilation_sd_full_change_precond;eeg_tleft_lalpha_mean_full_change_precond;eeg_t_sampent_full_change_precond;eeg_pright_sampent_full_change_precond;eeg_c_theta_mean_full_change_precond;hrv_rmssd_full_change_precond;gsr_skin_conductance_eda_tonic_mean_nk_full_change_precond;eeg_pright_lbeta_mean_full_change_precond"
2025-11-26 17:54:41.481174,4,"stress_label",10,2,0.125,0.615384615384615,0.608974358974359,0.594871794871795,10,"top10","eeg_tleft_sampent_full_change_precond;eeg_tleft_halpha_mean_full_change_precond;pupil_dilation_sd_full_change_precond;eeg_tleft_lalpha_mean_full_change_precond;eeg_t_sampent_full_change_precond;eeg_pright_sampent_full_change_precond;eeg_c_theta_mean_full_change_precond;hrv_rmssd_full_change_precond;gsr_skin_conductance_eda_tonic_mean_nk_full_change_precond;eeg_pright_lbeta_mean_full_change_precond"
2025-11-26 17:54:42.399984,4,"stress_label",10,4,0.125,0.576923076923077,0.602564102564103,NA,10,"top10","eeg_tleft_sampent_full_change_precond;eeg_tleft_halpha_mean_full_change_precond;pupil_dilation_sd_full_change_precond;eeg_tleft_lalpha_mean_full_change_precond;eeg_t_sampent_full_change_precond;eeg_pright_sampent_full_change_precond;eeg_c_theta_mean_full_change_precond;hrv_rmssd_full_change_precond;gsr_skin_conductance_eda_tonic_mean_nk_full_change_precond;eeg_pright_lbeta_mean_full_change_precond"
2025-11-26 17:54:43.359192,4,"stress_label",10,8,0.125,0.58974358974359,0.602564102564103,NA,10,"top10","eeg_tleft_sampent_full_change_precond;eeg_tleft_halpha_mean_full_change_precond;pupil_dilation_sd_full_change_precond;eeg_tleft_lalpha_mean_full_change_precond;eeg_t_sampent_full_change_precond;eeg_pright_sampent_full_change_precond;eeg_c_theta_mean_full_change_precond;hrv_rmssd_full_change_precond;gsr_skin_conductance_eda_tonic_mean_nk_full_change_precond;eeg_pright_lbeta_mean_full_change_precond"
2025-11-26 17:54:44.245186,4,"stress_label",10,16,0.125,0.57051282051282,0.564102564102564,NA,10,"top10","eeg_tleft_sampent_full_change_precond;eeg_tleft_halpha_mean_full_change_precond;pupil_dilation_sd_full_change_precond;eeg_tleft_lalpha_mean_full_change_precond;eeg_t_sampent_full_change_precond;eeg_pright_sampent_full_change_precond;eeg_c_theta_mean_full_change_precond;hrv_rmssd_full_change_precond;gsr_skin_conductance_eda_tonic_mean_nk_full_change_precond;eeg_pright_lbeta_mean_full_change_precond"
2025-11-26 17:54:45.182411,4,"stress_label",10,32,0.125,0.58974358974359,0.602564102564103,NA,10,"top10","eeg_tleft_sampent_full_change_precond;eeg_tleft_halpha_mean_full_change_precond;pupil_dilation_sd_full_change_precond;eeg_tleft_lalpha_mean_full_change_precond;eeg_t_sampent_full_change_precond;eeg_pright_sampent_full_change_precond;eeg_c_theta_mean_full_change_precond;hrv_rmssd_full_change_precond;gsr_skin_conductance_eda_tonic_mean_nk_full_change_precond;eeg_pright_lbeta_mean_full_change_precond"
2025-11-26 17:54:46.202754,4,"stress_label",10,64,0.125,0.583333333333333,0.628205128205128,NA,10,"top10","eeg_tleft_sampent_full_change_precond;eeg_tleft_halpha_mean_full_change_precond;pupil_dilation_sd_full_change_precond;eeg_tleft_lalpha_mean_full_change_precond;eeg_t_sampent_full_change_precond;eeg_pright_sampent_full_change_precond;eeg_c_theta_mean_full_change_precond;hrv_rmssd_full_change_precond;gsr_skin_conductance_eda_tonic_mean_nk_full_change_precond;eeg_pright_lbeta_mean_full_change_precond"
2025-11-26 17:54:47.205515,4,"stress_label",10,128,0.125,0.58974358974359,0.621794871794872,NA,10,"top10","eeg_tleft_sampent_full_change_precond;eeg_tleft_halpha_mean_full_change_precond;pupil_dilation_sd_full_change_precond;eeg_tleft_lalpha_mean_full_change_precond;eeg_t_sampent_full_change_precond;eeg_pright_sampent_full_change_precond;eeg_c_theta_mean_full_change_precond;hrv_rmssd_full_change_precond;gsr_skin_conductance_eda_tonic_mean_nk_full_change_precond;eeg_pright_lbeta_mean_full_change_precond"
2025-11-26 17:54:48.174783,4,"stress_label",10,256,0.125,0.58974358974359,0.621794871794872,NA,10,"top10","eeg_tleft_sampent_full_change_precond;eeg_tleft_halpha_mean_full_change_precond;pupil_dilation_sd_full_change_precond;eeg_tleft_lalpha_mean_full_change_precond;eeg_t_sampent_full_change_precond;eeg_pright_sampent_full_change_precond;eeg_c_theta_mean_full_change_precond;hrv_rmssd_full_change_precond;gsr_skin_conductance_eda_tonic_mean_nk_full_change_precond;eeg_pright_lbeta_mean_full_change_precond"
2025-11-26 17:54:48.871455,4,"stress_label",10,2,0.03,0.615384615384615,0.66025641025641,0.593162393162393,10,"top10","eeg_tleft_sampent_full_change_precond;eeg_tleft_halpha_mean_full_change_precond;pupil_dilation_sd_full_change_precond;eeg_tleft_lalpha_mean_full_change_precond;eeg_t_sampent_full_change_precond;eeg_pright_sampent_full_change_precond;eeg_c_theta_mean_full_change_precond;hrv_rmssd_full_change_precond;gsr_skin_conductance_eda_tonic_mean_nk_full_change_precond;eeg_pright_lbeta_mean_full_change_precond"
2025-11-26 17:54:49.722062,4,"stress_label",10,4,0.03,0.621794871794872,0.641025641025641,0.605982905982906,10,"top10","eeg_tleft_sampent_full_change_precond;eeg_tleft_halpha_mean_full_change_precond;pupil_dilation_sd_full_change_precond;eeg_tleft_lalpha_mean_full_change_precond;eeg_t_sampent_full_change_precond;eeg_pright_sampent_full_change_precond;eeg_c_theta_mean_full_change_precond;hrv_rmssd_full_change_precond;gsr_skin_conductance_eda_tonic_mean_nk_full_change_precond;eeg_pright_lbeta_mean_full_change_precond"
2025-11-26 17:54:50.563951,4,"stress_label",10,8,0.03,0.596153846153846,0.634615384615385,0.573504273504273,10,"top10","eeg_tleft_sampent_full_change_precond;eeg_tleft_halpha_mean_full_change_precond;pupil_dilation_sd_full_change_precond;eeg_tleft_lalpha_mean_full_change_precond;eeg_t_sampent_full_change_precond;eeg_pright_sampent_full_change_precond;eeg_c_theta_mean_full_change_precond;hrv_rmssd_full_change_precond;gsr_skin_conductance_eda_tonic_mean_nk_full_change_precond;eeg_pright_lbeta_mean_full_change_precond"
2025-11-26 17:54:51.442612,4,"stress_label",10,16,0.03,0.58974358974359,0.602564102564103,0.564102564102564,10,"top10","eeg_tleft_sampent_full_change_precond;eeg_tleft_halpha_mean_full_change_precond;pupil_dilation_sd_full_change_precond;eeg_tleft_lalpha_mean_full_change_precond;eeg_t_sampent_full_change_precond;eeg_pright_sampent_full_change_precond;eeg_c_theta_mean_full_change_precond;hrv_rmssd_full_change_precond;gsr_skin_conductance_eda_tonic_mean_nk_full_change_precond;eeg_pright_lbeta_mean_full_change_precond"
2025-11-26 17:54:52.384507,4,"stress_label",10,32,0.03,0.564102564102564,0.57051282051282,0.531623931623932,10,"top10","eeg_tleft_sampent_full_change_precond;eeg_tleft_halpha_mean_full_change_precond;pupil_dilation_sd_full_change_precond;eeg_tleft_lalpha_mean_full_change_precond;eeg_t_sampent_full_change_precond;eeg_pright_sampent_full_change_precond;eeg_c_theta_mean_full_change_precond;hrv_rmssd_full_change_precond;gsr_skin_conductance_eda_tonic_mean_nk_full_change_precond;eeg_pright_lbeta_mean_full_change_precond"
2025-11-26 17:54:53.172078,4,"stress_label",10,64,0.03,0.538461538461538,0.544871794871795,NA,10,"top10","eeg_tleft_sampent_full_change_precond;eeg_tleft_halpha_mean_full_change_precond;pupil_dilation_sd_full_change_precond;eeg_tleft_lalpha_mean_full_change_precond;eeg_t_sampent_full_change_precond;eeg_pright_sampent_full_change_precond;eeg_c_theta_mean_full_change_precond;hrv_rmssd_full_change_precond;gsr_skin_conductance_eda_tonic_mean_nk_full_change_precond;eeg_pright_lbeta_mean_full_change_precond"
2025-11-26 17:54:54.403047,4,"stress_label",10,128,0.03,0.564102564102564,0.57051282051282,NA,10,"top10","eeg_tleft_sampent_full_change_precond;eeg_tleft_halpha_mean_full_change_precond;pupil_dilation_sd_full_change_precond;eeg_tleft_lalpha_mean_full_change_precond;eeg_t_sampent_full_change_precond;eeg_pright_sampent_full_change_precond;eeg_c_theta_mean_full_change_precond;hrv_rmssd_full_change_precond;gsr_skin_conductance_eda_tonic_mean_nk_full_change_precond;eeg_pright_lbeta_mean_full_change_precond"
2025-11-26 17:54:55.773678,4,"stress_label",10,256,0.03,0.519230769230769,0.544871794871795,0.484615384615385,10,"top10","eeg_tleft_sampent_full_change_precond;eeg_tleft_halpha_mean_full_change_precond;pupil_dilation_sd_full_change_precond;eeg_tleft_lalpha_mean_full_change_precond;eeg_t_sampent_full_change_precond;eeg_pright_sampent_full_change_precond;eeg_c_theta_mean_full_change_precond;hrv_rmssd_full_change_precond;gsr_skin_conductance_eda_tonic_mean_nk_full_change_precond;eeg_pright_lbeta_mean_full_change_precond"
2025-11-26 17:54:56.420465,4,"stress_label",10,2,0.06,0.634615384615385,0.628205128205128,0.612820512820513,10,"top10","eeg_tleft_sampent_full_change_precond;eeg_tleft_halpha_mean_full_change_precond;pupil_dilation_sd_full_change_precond;eeg_tleft_lalpha_mean_full_change_precond;eeg_t_sampent_full_change_precond;eeg_pright_sampent_full_change_precond;eeg_c_theta_mean_full_change_precond;hrv_rmssd_full_change_precond;gsr_skin_conductance_eda_tonic_mean_nk_full_change_precond;eeg_pright_lbeta_mean_full_change_precond"
2025-11-26 17:54:57.224287,4,"stress_label",10,4,0.06,0.602564102564103,0.58974358974359,0.581196581196581,10,"top10","eeg_tleft_sampent_full_change_precond;eeg_tleft_halpha_mean_full_change_precond;pupil_dilation_sd_full_change_precond;eeg_tleft_lalpha_mean_full_change_precond;eeg_t_sampent_full_change_precond;eeg_pright_sampent_full_change_precond;eeg_c_theta_mean_full_change_precond;hrv_rmssd_full_change_precond;gsr_skin_conductance_eda_tonic_mean_nk_full_change_precond;eeg_pright_lbeta_mean_full_change_precond"
2025-11-26 17:54:57.952109,4,"stress_label",10,8,0.06,0.576923076923077,0.58974358974359,0.548717948717949,10,"top10","eeg_tleft_sampent_full_change_precond;eeg_tleft_halpha_mean_full_change_precond;pupil_dilation_sd_full_change_precond;eeg_tleft_lalpha_mean_full_change_precond;eeg_t_sampent_full_change_precond;eeg_pright_sampent_full_change_precond;eeg_c_theta_mean_full_change_precond;hrv_rmssd_full_change_precond;gsr_skin_conductance_eda_tonic_mean_nk_full_change_precond;eeg_pright_lbeta_mean_full_change_precond"
2025-11-26 17:54:58.844782,4,"stress_label",10,16,0.06,0.57051282051282,0.57051282051282,NA,10,"top10","eeg_tleft_sampent_full_change_precond;eeg_tleft_halpha_mean_full_change_precond;pupil_dilation_sd_full_change_precond;eeg_tleft_lalpha_mean_full_change_precond;eeg_t_sampent_full_change_precond;eeg_pright_sampent_full_change_precond;eeg_c_theta_mean_full_change_precond;hrv_rmssd_full_change_precond;gsr_skin_conductance_eda_tonic_mean_nk_full_change_precond;eeg_pright_lbeta_mean_full_change_precond"
2025-11-26 17:54:59.910348,4,"stress_label",10,32,0.06,0.57051282051282,0.576923076923077,0.538461538461538,10,"top10","eeg_tleft_sampent_full_change_precond;eeg_tleft_halpha_mean_full_change_precond;pupil_dilation_sd_full_change_precond;eeg_tleft_lalpha_mean_full_change_precond;eeg_t_sampent_full_change_precond;eeg_pright_sampent_full_change_precond;eeg_c_theta_mean_full_change_precond;hrv_rmssd_full_change_precond;gsr_skin_conductance_eda_tonic_mean_nk_full_change_precond;eeg_pright_lbeta_mean_full_change_precond"
2025-11-26 17:55:00.854008,4,"stress_label",10,64,0.06,0.57051282051282,0.557692307692308,NA,10,"top10","eeg_tleft_sampent_full_change_precond;eeg_tleft_halpha_mean_full_change_precond;pupil_dilation_sd_full_change_precond;eeg_tleft_lalpha_mean_full_change_precond;eeg_t_sampent_full_change_precond;eeg_pright_sampent_full_change_precond;eeg_c_theta_mean_full_change_precond;hrv_rmssd_full_change_precond;gsr_skin_conductance_eda_tonic_mean_nk_full_change_precond;eeg_pright_lbeta_mean_full_change_precond"
2025-11-26 17:55:01.790845,4,"stress_label",10,128,0.06,0.557692307692308,0.583333333333333,0.537606837606838,10,"top10","eeg_tleft_sampent_full_change_precond;eeg_tleft_halpha_mean_full_change_precond;pupil_dilation_sd_full_change_precond;eeg_tleft_lalpha_mean_full_change_precond;eeg_t_sampent_full_change_precond;eeg_pright_sampent_full_change_precond;eeg_c_theta_mean_full_change_precond;hrv_rmssd_full_change_precond;gsr_skin_conductance_eda_tonic_mean_nk_full_change_precond;eeg_pright_lbeta_mean_full_change_precond"
2025-11-26 17:55:02.875008,4,"stress_label",10,256,0.06,0.583333333333333,0.576923076923077,NA,10,"top10","eeg_tleft_sampent_full_change_precond;eeg_tleft_halpha_mean_full_change_precond;pupil_dilation_sd_full_change_precond;eeg_tleft_lalpha_mean_full_change_precond;eeg_t_sampent_full_change_precond;eeg_pright_sampent_full_change_precond;eeg_c_theta_mean_full_change_precond;hrv_rmssd_full_change_precond;gsr_skin_conductance_eda_tonic_mean_nk_full_change_precond;eeg_pright_lbeta_mean_full_change_precond"
2025-11-26 17:55:03.583164,4,"stress_label",10,2,0.1,0.615384615384615,0.602564102564103,0.58974358974359,10,"top10","eeg_tleft_sampent_full_change_precond;eeg_tleft_halpha_mean_full_change_precond;pupil_dilation_sd_full_change_precond;eeg_tleft_lalpha_mean_full_change_precond;eeg_t_sampent_full_change_precond;eeg_pright_sampent_full_change_precond;eeg_c_theta_mean_full_change_precond;hrv_rmssd_full_change_precond;gsr_skin_conductance_eda_tonic_mean_nk_full_change_precond;eeg_pright_lbeta_mean_full_change_precond"
2025-11-26 17:55:04.469737,4,"stress_label",10,4,0.1,0.583333333333333,0.576923076923077,0.551282051282051,10,"top10","eeg_tleft_sampent_full_change_precond;eeg_tleft_halpha_mean_full_change_precond;pupil_dilation_sd_full_change_precond;eeg_tleft_lalpha_mean_full_change_precond;eeg_t_sampent_full_change_precond;eeg_pright_sampent_full_change_precond;eeg_c_theta_mean_full_change_precond;hrv_rmssd_full_change_precond;gsr_skin_conductance_eda_tonic_mean_nk_full_change_precond;eeg_pright_lbeta_mean_full_change_precond"
2025-11-26 17:55:05.380738,4,"stress_label",10,8,0.1,0.583333333333333,0.583333333333333,NA,10,"top10","eeg_tleft_sampent_full_change_precond;eeg_tleft_halpha_mean_full_change_precond;pupil_dilation_sd_full_change_precond;eeg_tleft_lalpha_mean_full_change_precond;eeg_t_sampent_full_change_precond;eeg_pright_sampent_full_change_precond;eeg_c_theta_mean_full_change_precond;hrv_rmssd_full_change_precond;gsr_skin_conductance_eda_tonic_mean_nk_full_change_precond;eeg_pright_lbeta_mean_full_change_precond"
2025-11-26 17:55:06.359168,4,"stress_label",10,16,0.1,0.583333333333333,0.596153846153846,NA,10,"top10","eeg_tleft_sampent_full_change_precond;eeg_tleft_halpha_mean_full_change_precond;pupil_dilation_sd_full_change_precond;eeg_tleft_lalpha_mean_full_change_precond;eeg_t_sampent_full_change_precond;eeg_pright_sampent_full_change_precond;eeg_c_theta_mean_full_change_precond;hrv_rmssd_full_change_precond;gsr_skin_conductance_eda_tonic_mean_nk_full_change_precond;eeg_pright_lbeta_mean_full_change_precond"
2025-11-26 17:55:07.385748,4,"stress_label",10,32,0.1,0.576923076923077,0.596153846153846,NA,10,"top10","eeg_tleft_sampent_full_change_precond;eeg_tleft_halpha_mean_full_change_precond;pupil_dilation_sd_full_change_precond;eeg_tleft_lalpha_mean_full_change_precond;eeg_t_sampent_full_change_precond;eeg_pright_sampent_full_change_precond;eeg_c_theta_mean_full_change_precond;hrv_rmssd_full_change_precond;gsr_skin_conductance_eda_tonic_mean_nk_full_change_precond;eeg_pright_lbeta_mean_full_change_precond"
2025-11-26 17:55:08.428001,4,"stress_label",10,64,0.1,0.576923076923077,0.602564102564103,NA,10,"top10","eeg_tleft_sampent_full_change_precond;eeg_tleft_halpha_mean_full_change_precond;pupil_dilation_sd_full_change_precond;eeg_tleft_lalpha_mean_full_change_precond;eeg_t_sampent_full_change_precond;eeg_pright_sampent_full_change_precond;eeg_c_theta_mean_full_change_precond;hrv_rmssd_full_change_precond;gsr_skin_conductance_eda_tonic_mean_nk_full_change_precond;eeg_pright_lbeta_mean_full_change_precond"
2025-11-26 17:55:09.469576,4,"stress_label",10,128,0.1,0.564102564102564,0.58974358974359,NA,10,"top10","eeg_tleft_sampent_full_change_precond;eeg_tleft_halpha_mean_full_change_precond;pupil_dilation_sd_full_change_precond;eeg_tleft_lalpha_mean_full_change_precond;eeg_t_sampent_full_change_precond;eeg_pright_sampent_full_change_precond;eeg_c_theta_mean_full_change_precond;hrv_rmssd_full_change_precond;gsr_skin_conductance_eda_tonic_mean_nk_full_change_precond;eeg_pright_lbeta_mean_full_change_precond"
2025-11-26 17:55:10.480859,4,"stress_label",10,256,0.1,0.564102564102564,0.596153846153846,NA,10,"top10","eeg_tleft_sampent_full_change_precond;eeg_tleft_halpha_mean_full_change_precond;pupil_dilation_sd_full_change_precond;eeg_tleft_lalpha_mean_full_change_precond;eeg_t_sampent_full_change_precond;eeg_pright_sampent_full_change_precond;eeg_c_theta_mean_full_change_precond;hrv_rmssd_full_change_precond;gsr_skin_conductance_eda_tonic_mean_nk_full_change_precond;eeg_pright_lbeta_mean_full_change_precond"
2025-11-26 17:55:11.312577,4,"stress_label",5,2,0.0078125,0.615384615384615,0.621794871794872,0.584615384615385,5,"top5","eeg_tleft_sampent_full_change_precond;eeg_tleft_halpha_mean_full_change_precond;pupil_dilation_sd_full_change_precond;eeg_tleft_lalpha_mean_full_change_precond;eeg_t_sampent_full_change_precond"
2025-11-26 17:55:12.080703,4,"stress_label",5,4,0.0078125,0.58974358974359,0.608974358974359,NA,5,"top5","eeg_tleft_sampent_full_change_precond;eeg_tleft_halpha_mean_full_change_precond;pupil_dilation_sd_full_change_precond;eeg_tleft_lalpha_mean_full_change_precond;eeg_t_sampent_full_change_precond"
2025-11-26 17:55:12.851025,4,"stress_label",5,8,0.0078125,0.58974358974359,0.608974358974359,0.541880341880342,5,"top5","eeg_tleft_sampent_full_change_precond;eeg_tleft_halpha_mean_full_change_precond;pupil_dilation_sd_full_change_precond;eeg_tleft_lalpha_mean_full_change_precond;eeg_t_sampent_full_change_precond"
2025-11-26 17:55:13.642176,4,"stress_label",5,16,0.0078125,0.58974358974359,0.576923076923077,NA,5,"top5","eeg_tleft_sampent_full_change_precond;eeg_tleft_halpha_mean_full_change_precond;pupil_dilation_sd_full_change_precond;eeg_tleft_lalpha_mean_full_change_precond;eeg_t_sampent_full_change_precond"
2025-11-26 17:55:14.416137,4,"stress_label",5,32,0.0078125,0.583333333333333,0.57051282051282,NA,5,"top5","eeg_tleft_sampent_full_change_precond;eeg_tleft_halpha_mean_full_change_precond;pupil_dilation_sd_full_change_precond;eeg_tleft_lalpha_mean_full_change_precond;eeg_t_sampent_full_change_precond"
2025-11-26 17:55:15.235825,4,"stress_label",5,64,0.0078125,0.583333333333333,0.602564102564103,NA,5,"top5","eeg_tleft_sampent_full_change_precond;eeg_tleft_halpha_mean_full_change_precond;pupil_dilation_sd_full_change_precond;eeg_tleft_lalpha_mean_full_change_precond;eeg_t_sampent_full_change_precond"
2025-11-26 17:55:16.078424,4,"stress_label",5,128,0.0078125,0.576923076923077,0.66025641025641,NA,5,"top5","eeg_tleft_sampent_full_change_precond;eeg_tleft_halpha_mean_full_change_precond;pupil_dilation_sd_full_change_precond;eeg_tleft_lalpha_mean_full_change_precond;eeg_t_sampent_full_change_precond"
2025-11-26 17:55:16.94878,4,"stress_label",5,256,0.0078125,0.596153846153846,0.641025641025641,NA,5,"top5","eeg_tleft_sampent_full_change_precond;eeg_tleft_halpha_mean_full_change_precond;pupil_dilation_sd_full_change_precond;eeg_tleft_lalpha_mean_full_change_precond;eeg_t_sampent_full_change_precond"
2025-11-26 17:55:17.741232,4,"stress_label",5,2,0.015625,0.596153846153846,0.608974358974359,NA,5,"top5","eeg_tleft_sampent_full_change_precond;eeg_tleft_halpha_mean_full_change_precond;pupil_dilation_sd_full_change_precond;eeg_tleft_lalpha_mean_full_change_precond;eeg_t_sampent_full_change_precond"
2025-11-26 17:55:18.492283,4,"stress_label",5,4,0.015625,0.608974358974359,0.608974358974359,NA,5,"top5","eeg_tleft_sampent_full_change_precond;eeg_tleft_halpha_mean_full_change_precond;pupil_dilation_sd_full_change_precond;eeg_tleft_lalpha_mean_full_change_precond;eeg_t_sampent_full_change_precond"
2025-11-26 17:55:19.236159,4,"stress_label",5,8,0.015625,0.596153846153846,0.583333333333333,NA,5,"top5","eeg_tleft_sampent_full_change_precond;eeg_tleft_halpha_mean_full_change_precond;pupil_dilation_sd_full_change_precond;eeg_tleft_lalpha_mean_full_change_precond;eeg_t_sampent_full_change_precond"
2025-11-26 17:55:20.057719,4,"stress_label",5,16,0.015625,0.583333333333333,0.596153846153846,NA,5,"top5","eeg_tleft_sampent_full_change_precond;eeg_tleft_halpha_mean_full_change_precond;pupil_dilation_sd_full_change_precond;eeg_tleft_lalpha_mean_full_change_precond;eeg_t_sampent_full_change_precond"
2025-11-26 17:55:20.874547,4,"stress_label",5,32,0.015625,0.583333333333333,0.634615384615385,NA,5,"top5","eeg_tleft_sampent_full_change_precond;eeg_tleft_halpha_mean_full_change_precond;pupil_dilation_sd_full_change_precond;eeg_tleft_lalpha_mean_full_change_precond;eeg_t_sampent_full_change_precond"
2025-11-26 17:55:21.704721,4,"stress_label",5,64,0.015625,0.596153846153846,0.653846153846154,NA,5,"top5","eeg_tleft_sampent_full_change_precond;eeg_tleft_halpha_mean_full_change_precond;pupil_dilation_sd_full_change_precond;eeg_tleft_lalpha_mean_full_change_precond;eeg_t_sampent_full_change_precond"
2025-11-26 17:55:22.604163,4,"stress_label",5,128,0.015625,0.596153846153846,0.66025641025641,NA,5,"top5","eeg_tleft_sampent_full_change_precond;eeg_tleft_halpha_mean_full_change_precond;pupil_dilation_sd_full_change_precond;eeg_tleft_lalpha_mean_full_change_precond;eeg_t_sampent_full_change_precond"
2025-11-26 17:55:23.538204,4,"stress_label",5,256,0.015625,0.602564102564103,0.634615384615385,NA,5,"top5","eeg_tleft_sampent_full_change_precond;eeg_tleft_halpha_mean_full_change_precond;pupil_dilation_sd_full_change_precond;eeg_tleft_lalpha_mean_full_change_precond;eeg_t_sampent_full_change_precond"
2025-11-26 17:55:24.353986,4,"stress_label",5,2,0.03125,0.596153846153846,0.615384615384615,NA,5,"top5","eeg_tleft_sampent_full_change_precond;eeg_tleft_halpha_mean_full_change_precond;pupil_dilation_sd_full_change_precond;eeg_tleft_lalpha_mean_full_change_precond;eeg_t_sampent_full_change_precond"
2025-11-26 17:55:25.046284,4,"stress_label",5,4,0.03125,0.596153846153846,0.602564102564103,NA,5,"top5","eeg_tleft_sampent_full_change_precond;eeg_tleft_halpha_mean_full_change_precond;pupil_dilation_sd_full_change_precond;eeg_tleft_lalpha_mean_full_change_precond;eeg_t_sampent_full_change_precond"
2025-11-26 17:55:25.864334,4,"stress_label",5,8,0.03125,0.58974358974359,0.634615384615385,NA,5,"top5","eeg_tleft_sampent_full_change_precond;eeg_tleft_halpha_mean_full_change_precond;pupil_dilation_sd_full_change_precond;eeg_tleft_lalpha_mean_full_change_precond;eeg_t_sampent_full_change_precond"
2025-11-26 17:55:26.664542,4,"stress_label",5,16,0.03125,0.596153846153846,0.634615384615385,NA,5,"top5","eeg_tleft_sampent_full_change_precond;eeg_tleft_halpha_mean_full_change_precond;pupil_dilation_sd_full_change_precond;eeg_tleft_lalpha_mean_full_change_precond;eeg_t_sampent_full_change_precond"
2025-11-26 17:55:27.491518,4,"stress_label",5,32,0.03125,0.608974358974359,0.608974358974359,NA,5,"top5","eeg_tleft_sampent_full_change_precond;eeg_tleft_halpha_mean_full_change_precond;pupil_dilation_sd_full_change_precond;eeg_tleft_lalpha_mean_full_change_precond;eeg_t_sampent_full_change_precond"
2025-11-26 17:55:28.356021,4,"stress_label",5,64,0.03125,0.602564102564103,0.621794871794872,NA,5,"top5","eeg_tleft_sampent_full_change_precond;eeg_tleft_halpha_mean_full_change_precond;pupil_dilation_sd_full_change_precond;eeg_tleft_lalpha_mean_full_change_precond;eeg_t_sampent_full_change_precond"
2025-11-26 17:55:29.308359,4,"stress_label",5,128,0.03125,0.576923076923077,0.512820512820513,NA,5,"top5","eeg_tleft_sampent_full_change_precond;eeg_tleft_halpha_mean_full_change_precond;pupil_dilation_sd_full_change_precond;eeg_tleft_lalpha_mean_full_change_precond;eeg_t_sampent_full_change_precond"
2025-11-26 17:55:30.246534,4,"stress_label",5,256,0.03125,0.564102564102564,0.442307692307692,0.51965811965812,5,"top5","eeg_tleft_sampent_full_change_precond;eeg_tleft_halpha_mean_full_change_precond;pupil_dilation_sd_full_change_precond;eeg_tleft_lalpha_mean_full_change_precond;eeg_t_sampent_full_change_precond"
2025-11-26 17:55:31.031879,4,"stress_label",5,2,0.0625,0.615384615384615,0.634615384615385,NA,5,"top5","eeg_tleft_sampent_full_change_precond;eeg_tleft_halpha_mean_full_change_precond;pupil_dilation_sd_full_change_precond;eeg_tleft_lalpha_mean_full_change_precond;eeg_t_sampent_full_change_precond"
2025-11-26 17:55:31.80905,4,"stress_label",5,4,0.0625,0.596153846153846,0.628205128205128,NA,5,"top5","eeg_tleft_sampent_full_change_precond;eeg_tleft_halpha_mean_full_change_precond;pupil_dilation_sd_full_change_precond;eeg_tleft_lalpha_mean_full_change_precond;eeg_t_sampent_full_change_precond"
2025-11-26 17:55:32.635106,4,"stress_label",5,8,0.0625,0.583333333333333,0.615384615384615,NA,5,"top5","eeg_tleft_sampent_full_change_precond;eeg_tleft_halpha_mean_full_change_precond;pupil_dilation_sd_full_change_precond;eeg_tleft_lalpha_mean_full_change_precond;eeg_t_sampent_full_change_precond"
2025-11-26 17:55:33.461848,4,"stress_label",5,16,0.0625,0.564102564102564,0.564102564102564,NA,5,"top5","eeg_tleft_sampent_full_change_precond;eeg_tleft_halpha_mean_full_change_precond;pupil_dilation_sd_full_change_precond;eeg_tleft_lalpha_mean_full_change_precond;eeg_t_sampent_full_change_precond"
2025-11-26 17:55:34.272395,4,"stress_label",5,32,0.0625,0.576923076923077,0.480769230769231,NA,5,"top5","eeg_tleft_sampent_full_change_precond;eeg_tleft_halpha_mean_full_change_precond;pupil_dilation_sd_full_change_precond;eeg_tleft_lalpha_mean_full_change_precond;eeg_t_sampent_full_change_precond"
2025-11-26 17:55:35.137063,4,"stress_label",5,64,0.0625,0.557692307692308,0.512820512820513,0.524786324786325,5,"top5","eeg_tleft_sampent_full_change_precond;eeg_tleft_halpha_mean_full_change_precond;pupil_dilation_sd_full_change_precond;eeg_tleft_lalpha_mean_full_change_precond;eeg_t_sampent_full_change_precond"
2025-11-26 17:55:35.99648,4,"stress_label",5,128,0.0625,0.538461538461538,0.506410256410256,NA,5,"top5","eeg_tleft_sampent_full_change_precond;eeg_tleft_halpha_mean_full_change_precond;pupil_dilation_sd_full_change_precond;eeg_tleft_lalpha_mean_full_change_precond;eeg_t_sampent_full_change_precond"
2025-11-26 17:55:37.203811,4,"stress_label",5,256,0.0625,0.544871794871795,0.506410256410256,NA,5,"top5","eeg_tleft_sampent_full_change_precond;eeg_tleft_halpha_mean_full_change_precond;pupil_dilation_sd_full_change_precond;eeg_tleft_lalpha_mean_full_change_precond;eeg_t_sampent_full_change_precond"
2025-11-26 17:55:38.008947,4,"stress_label",5,2,0.125,0.602564102564103,0.615384615384615,NA,5,"top5","eeg_tleft_sampent_full_change_precond;eeg_tleft_halpha_mean_full_change_precond;pupil_dilation_sd_full_change_precond;eeg_tleft_lalpha_mean_full_change_precond;eeg_t_sampent_full_change_precond"
2025-11-26 17:55:38.692506,4,"stress_label",5,4,0.125,0.57051282051282,0.615384615384615,NA,5,"top5","eeg_tleft_sampent_full_change_precond;eeg_tleft_halpha_mean_full_change_precond;pupil_dilation_sd_full_change_precond;eeg_tleft_lalpha_mean_full_change_precond;eeg_t_sampent_full_change_precond"
2025-11-26 17:55:39.440174,4,"stress_label",5,8,0.125,0.557692307692308,0.596153846153846,NA,5,"top5","eeg_tleft_sampent_full_change_precond;eeg_tleft_halpha_mean_full_change_precond;pupil_dilation_sd_full_change_precond;eeg_tleft_lalpha_mean_full_change_precond;eeg_t_sampent_full_change_precond"
2025-11-26 17:55:40.270907,4,"stress_label",5,16,0.125,0.525641025641026,0.525641025641026,NA,5,"top5","eeg_tleft_sampent_full_change_precond;eeg_tleft_halpha_mean_full_change_precond;pupil_dilation_sd_full_change_precond;eeg_tleft_lalpha_mean_full_change_precond;eeg_t_sampent_full_change_precond"
2025-11-26 17:55:41.074778,4,"stress_label",5,32,0.125,0.532051282051282,0.525641025641026,0.5,5,"top5","eeg_tleft_sampent_full_change_precond;eeg_tleft_halpha_mean_full_change_precond;pupil_dilation_sd_full_change_precond;eeg_tleft_lalpha_mean_full_change_precond;eeg_t_sampent_full_change_precond"
2025-11-26 17:55:42.094962,4,"stress_label",5,64,0.125,0.564102564102564,0.583333333333333,NA,5,"top5","eeg_tleft_sampent_full_change_precond;eeg_tleft_halpha_mean_full_change_precond;pupil_dilation_sd_full_change_precond;eeg_tleft_lalpha_mean_full_change_precond;eeg_t_sampent_full_change_precond"
2025-11-26 17:55:43.089022,4,"stress_label",5,128,0.125,0.602564102564103,0.608974358974359,NA,5,"top5","eeg_tleft_sampent_full_change_precond;eeg_tleft_halpha_mean_full_change_precond;pupil_dilation_sd_full_change_precond;eeg_tleft_lalpha_mean_full_change_precond;eeg_t_sampent_full_change_precond"
2025-11-26 17:55:44.430244,4,"stress_label",5,256,0.125,0.57051282051282,0.557692307692308,NA,5,"top5","eeg_tleft_sampent_full_change_precond;eeg_tleft_halpha_mean_full_change_precond;pupil_dilation_sd_full_change_precond;eeg_tleft_lalpha_mean_full_change_precond;eeg_t_sampent_full_change_precond"
2025-11-26 17:55:45.224933,4,"stress_label",5,2,0.03,0.596153846153846,0.615384615384615,NA,5,"top5","eeg_tleft_sampent_full_change_precond;eeg_tleft_halpha_mean_full_change_precond;pupil_dilation_sd_full_change_precond;eeg_tleft_lalpha_mean_full_change_precond;eeg_t_sampent_full_change_precond"
2025-11-26 17:55:46.020543,4,"stress_label",5,4,0.03,0.602564102564103,0.596153846153846,NA,5,"top5","eeg_tleft_sampent_full_change_precond;eeg_tleft_halpha_mean_full_change_precond;pupil_dilation_sd_full_change_precond;eeg_tleft_lalpha_mean_full_change_precond;eeg_t_sampent_full_change_precond"
2025-11-26 17:55:47.041069,4,"stress_label",5,8,0.03,0.58974358974359,0.634615384615385,NA,5,"top5","eeg_tleft_sampent_full_change_precond;eeg_tleft_halpha_mean_full_change_precond;pupil_dilation_sd_full_change_precond;eeg_tleft_lalpha_mean_full_change_precond;eeg_t_sampent_full_change_precond"
2025-11-26 17:55:47.771495,4,"stress_label",5,16,0.03,0.596153846153846,0.634615384615385,NA,5,"top5","eeg_tleft_sampent_full_change_precond;eeg_tleft_halpha_mean_full_change_precond;pupil_dilation_sd_full_change_precond;eeg_tleft_lalpha_mean_full_change_precond;eeg_t_sampent_full_change_precond"
2025-11-26 17:55:48.517324,4,"stress_label",5,32,0.03,0.602564102564103,0.634615384615385,NA,5,"top5","eeg_tleft_sampent_full_change_precond;eeg_tleft_halpha_mean_full_change_precond;pupil_dilation_sd_full_change_precond;eeg_tleft_lalpha_mean_full_change_precond;eeg_t_sampent_full_change_precond"
2025-11-26 17:55:49.329696,4,"stress_label",5,64,0.03,0.602564102564103,0.628205128205128,NA,5,"top5","eeg_tleft_sampent_full_change_precond;eeg_tleft_halpha_mean_full_change_precond;pupil_dilation_sd_full_change_precond;eeg_tleft_lalpha_mean_full_change_precond;eeg_t_sampent_full_change_precond"
2025-11-26 17:55:50.228413,4,"stress_label",5,128,0.03,0.576923076923077,0.583333333333333,NA,5,"top5","eeg_tleft_sampent_full_change_precond;eeg_tleft_halpha_mean_full_change_precond;pupil_dilation_sd_full_change_precond;eeg_tleft_lalpha_mean_full_change_precond;eeg_t_sampent_full_change_precond"
2025-11-26 17:55:51.298218,4,"stress_label",5,256,0.03,0.576923076923077,0.448717948717949,NA,5,"top5","eeg_tleft_sampent_full_change_precond;eeg_tleft_halpha_mean_full_change_precond;pupil_dilation_sd_full_change_precond;eeg_tleft_lalpha_mean_full_change_precond;eeg_t_sampent_full_change_precond"
2025-11-26 17:55:52.091964,4,"stress_label",5,2,0.06,0.615384615384615,0.634615384615385,NA,5,"top5","eeg_tleft_sampent_full_change_precond;eeg_tleft_halpha_mean_full_change_precond;pupil_dilation_sd_full_change_precond;eeg_tleft_lalpha_mean_full_change_precond;eeg_t_sampent_full_change_precond"
2025-11-26 17:55:52.895449,4,"stress_label",5,4,0.06,0.596153846153846,0.641025641025641,NA,5,"top5","eeg_tleft_sampent_full_change_precond;eeg_tleft_halpha_mean_full_change_precond;pupil_dilation_sd_full_change_precond;eeg_tleft_lalpha_mean_full_change_precond;eeg_t_sampent_full_change_precond"
2025-11-26 17:55:53.655778,4,"stress_label",5,8,0.06,0.58974358974359,0.615384615384615,NA,5,"top5","eeg_tleft_sampent_full_change_precond;eeg_tleft_halpha_mean_full_change_precond;pupil_dilation_sd_full_change_precond;eeg_tleft_lalpha_mean_full_change_precond;eeg_t_sampent_full_change_precond"
2025-11-26 17:55:54.392299,4,"stress_label",5,16,0.06,0.57051282051282,0.58974358974359,NA,5,"top5","eeg_tleft_sampent_full_change_precond;eeg_tleft_halpha_mean_full_change_precond;pupil_dilation_sd_full_change_precond;eeg_tleft_lalpha_mean_full_change_precond;eeg_t_sampent_full_change_precond"
2025-11-26 17:55:55.250048,4,"stress_label",5,32,0.06,0.57051282051282,0.538461538461538,NA,5,"top5","eeg_tleft_sampent_full_change_precond;eeg_tleft_halpha_mean_full_change_precond;pupil_dilation_sd_full_change_precond;eeg_tleft_lalpha_mean_full_change_precond;eeg_t_sampent_full_change_precond"
2025-11-26 17:55:56.134013,4,"stress_label",5,64,0.06,0.557692307692308,0.544871794871795,0.524786324786325,5,"top5","eeg_tleft_sampent_full_change_precond;eeg_tleft_halpha_mean_full_change_precond;pupil_dilation_sd_full_change_precond;eeg_tleft_lalpha_mean_full_change_precond;eeg_t_sampent_full_change_precond"
2025-11-26 17:55:57.168987,4,"stress_label",5,128,0.06,0.544871794871795,0.480769230769231,NA,5,"top5","eeg_tleft_sampent_full_change_precond;eeg_tleft_halpha_mean_full_change_precond;pupil_dilation_sd_full_change_precond;eeg_tleft_lalpha_mean_full_change_precond;eeg_t_sampent_full_change_precond"
2025-11-26 17:55:58.397316,4,"stress_label",5,256,0.06,0.557692307692308,0.57051282051282,NA,5,"top5","eeg_tleft_sampent_full_change_precond;eeg_tleft_halpha_mean_full_change_precond;pupil_dilation_sd_full_change_precond;eeg_tleft_lalpha_mean_full_change_precond;eeg_t_sampent_full_change_precond"
2025-11-26 17:55:59.083058,4,"stress_label",5,2,0.1,0.615384615384615,0.615384615384615,NA,5,"top5","eeg_tleft_sampent_full_change_precond;eeg_tleft_halpha_mean_full_change_precond;pupil_dilation_sd_full_change_precond;eeg_tleft_lalpha_mean_full_change_precond;eeg_t_sampent_full_change_precond"
2025-11-26 17:55:59.885519,4,"stress_label",5,4,0.1,0.583333333333333,0.58974358974359,NA,5,"top5","eeg_tleft_sampent_full_change_precond;eeg_tleft_halpha_mean_full_change_precond;pupil_dilation_sd_full_change_precond;eeg_tleft_lalpha_mean_full_change_precond;eeg_t_sampent_full_change_precond"
2025-11-26 17:56:00.673618,4,"stress_label",5,8,0.1,0.564102564102564,0.596153846153846,NA,5,"top5","eeg_tleft_sampent_full_change_precond;eeg_tleft_halpha_mean_full_change_precond;pupil_dilation_sd_full_change_precond;eeg_tleft_lalpha_mean_full_change_precond;eeg_t_sampent_full_change_precond"
2025-11-26 17:56:01.458786,4,"stress_label",5,16,0.1,0.551282051282051,0.538461538461538,0.512820512820513,5,"top5","eeg_tleft_sampent_full_change_precond;eeg_tleft_halpha_mean_full_change_precond;pupil_dilation_sd_full_change_precond;eeg_tleft_lalpha_mean_full_change_precond;eeg_t_sampent_full_change_precond"
2025-11-26 17:56:02.0883,4,"stress_label",5,32,0.1,0.525641025641026,0.487179487179487,NA,5,"top5","eeg_tleft_sampent_full_change_precond;eeg_tleft_halpha_mean_full_change_precond;pupil_dilation_sd_full_change_precond;eeg_tleft_lalpha_mean_full_change_precond;eeg_t_sampent_full_change_precond"
2025-11-26 17:56:02.940184,4,"stress_label",5,64,0.1,0.551282051282051,0.532051282051282,0.527350427350427,5,"top5","eeg_tleft_sampent_full_change_precond;eeg_tleft_halpha_mean_full_change_precond;pupil_dilation_sd_full_change_precond;eeg_tleft_lalpha_mean_full_change_precond;eeg_t_sampent_full_change_precond"
2025-11-26 17:56:03.875506,4,"stress_label",5,128,0.1,0.576923076923077,0.564102564102564,NA,5,"top5","eeg_tleft_sampent_full_change_precond;eeg_tleft_halpha_mean_full_change_precond;pupil_dilation_sd_full_change_precond;eeg_tleft_lalpha_mean_full_change_precond;eeg_t_sampent_full_change_precond"
2025-11-26 17:56:05.16941,4,"stress_label",5,256,0.1,0.608974358974359,0.583333333333333,NA,5,"top5","eeg_tleft_sampent_full_change_precond;eeg_tleft_halpha_mean_full_change_precond;pupil_dilation_sd_full_change_precond;eeg_tleft_lalpha_mean_full_change_precond;eeg_t_sampent_full_change_precond"
2025-11-26 17:56:06.334118,5,"stress_label",20,2,0.0078125,0.564102564102564,0.641025641025641,0.544444444444444,20,"top20","eeg_tleft_sampent_full_change_precond;eeg_tleft_halpha_mean_full_change_precond;eeg_pright_sampent_full_change_precond;eeg_tleft_lalpha_mean_full_change_precond;eeg_t_sampent_full_change_precond;gsr_skin_conductance_eda_tonic_mean_nk_full_change_precond;eeg_c_theta_mean_full_change_precond;pupil_dilation_sd_full_change_precond;eeg_tright_halpha_mean_full_change_precond;eeg_fl_hbeta_mean_full_change_precond;hr_heartrate_bpm_med_abs_full_change_precond;hrv_rmssd_full_change_precond;eeg_fr_sampent_full_change_precond;eeg_fm_sampent_full_change_precond;eeg_pleft_lbeta_mean_full_change_precond;eeg_ab_ratio_full_change_precond;eeg_c_sampent_full_change_precond;eeg_fm_theta_mean_full_change_precond;eeg_pright_halpha_mean_full_change_precond;eeg_tleft_hbeta_mean_full_change_precond"
2025-11-26 17:56:07.352535,5,"stress_label",20,4,0.0078125,0.57051282051282,0.634615384615385,0.558974358974359,20,"top20","eeg_tleft_sampent_full_change_precond;eeg_tleft_halpha_mean_full_change_precond;eeg_pright_sampent_full_change_precond;eeg_tleft_lalpha_mean_full_change_precond;eeg_t_sampent_full_change_precond;gsr_skin_conductance_eda_tonic_mean_nk_full_change_precond;eeg_c_theta_mean_full_change_precond;pupil_dilation_sd_full_change_precond;eeg_tright_halpha_mean_full_change_precond;eeg_fl_hbeta_mean_full_change_precond;hr_heartrate_bpm_med_abs_full_change_precond;hrv_rmssd_full_change_precond;eeg_fr_sampent_full_change_precond;eeg_fm_sampent_full_change_precond;eeg_pleft_lbeta_mean_full_change_precond;eeg_ab_ratio_full_change_precond;eeg_c_sampent_full_change_precond;eeg_fm_theta_mean_full_change_precond;eeg_pright_halpha_mean_full_change_precond;eeg_tleft_hbeta_mean_full_change_precond"
2025-11-26 17:56:08.213749,5,"stress_label",20,8,0.0078125,0.583333333333333,0.621794871794872,0.571794871794872,20,"top20","eeg_tleft_sampent_full_change_precond;eeg_tleft_halpha_mean_full_change_precond;eeg_pright_sampent_full_change_precond;eeg_tleft_lalpha_mean_full_change_precond;eeg_t_sampent_full_change_precond;gsr_skin_conductance_eda_tonic_mean_nk_full_change_precond;eeg_c_theta_mean_full_change_precond;pupil_dilation_sd_full_change_precond;eeg_tright_halpha_mean_full_change_precond;eeg_fl_hbeta_mean_full_change_precond;hr_heartrate_bpm_med_abs_full_change_precond;hrv_rmssd_full_change_precond;eeg_fr_sampent_full_change_precond;eeg_fm_sampent_full_change_precond;eeg_pleft_lbeta_mean_full_change_precond;eeg_ab_ratio_full_change_precond;eeg_c_sampent_full_change_precond;eeg_fm_theta_mean_full_change_precond;eeg_pright_halpha_mean_full_change_precond;eeg_tleft_hbeta_mean_full_change_precond"
2025-11-26 17:56:09.095698,5,"stress_label",20,16,0.0078125,0.58974358974359,0.641025641025641,0.576068376068376,20,"top20","eeg_tleft_sampent_full_change_precond;eeg_tleft_halpha_mean_full_change_precond;eeg_pright_sampent_full_change_precond;eeg_tleft_lalpha_mean_full_change_precond;eeg_t_sampent_full_change_precond;gsr_skin_conductance_eda_tonic_mean_nk_full_change_precond;eeg_c_theta_mean_full_change_precond;pupil_dilation_sd_full_change_precond;eeg_tright_halpha_mean_full_change_precond;eeg_fl_hbeta_mean_full_change_precond;hr_heartrate_bpm_med_abs_full_change_precond;hrv_rmssd_full_change_precond;eeg_fr_sampent_full_change_precond;eeg_fm_sampent_full_change_precond;eeg_pleft_lbeta_mean_full_change_precond;eeg_ab_ratio_full_change_precond;eeg_c_sampent_full_change_precond;eeg_fm_theta_mean_full_change_precond;eeg_pright_halpha_mean_full_change_precond;eeg_tleft_hbeta_mean_full_change_precond"
2025-11-26 17:56:10.047581,5,"stress_label",20,32,0.0078125,0.583333333333333,0.641025641025641,0.569230769230769,20,"top20","eeg_tleft_sampent_full_change_precond;eeg_tleft_halpha_mean_full_change_precond;eeg_pright_sampent_full_change_precond;eeg_tleft_lalpha_mean_full_change_precond;eeg_t_sampent_full_change_precond;gsr_skin_conductance_eda_tonic_mean_nk_full_change_precond;eeg_c_theta_mean_full_change_precond;pupil_dilation_sd_full_change_precond;eeg_tright_halpha_mean_full_change_precond;eeg_fl_hbeta_mean_full_change_precond;hr_heartrate_bpm_med_abs_full_change_precond;hrv_rmssd_full_change_precond;eeg_fr_sampent_full_change_precond;eeg_fm_sampent_full_change_precond;eeg_pleft_lbeta_mean_full_change_precond;eeg_ab_ratio_full_change_precond;eeg_c_sampent_full_change_precond;eeg_fm_theta_mean_full_change_precond;eeg_pright_halpha_mean_full_change_precond;eeg_tleft_hbeta_mean_full_change_precond"
2025-11-26 17:56:10.958734,5,"stress_label",20,64,0.0078125,0.544871794871795,0.551282051282051,NA,20,"top20","eeg_tleft_sampent_full_change_precond;eeg_tleft_halpha_mean_full_change_precond;eeg_pright_sampent_full_change_precond;eeg_tleft_lalpha_mean_full_change_precond;eeg_t_sampent_full_change_precond;gsr_skin_conductance_eda_tonic_mean_nk_full_change_precond;eeg_c_theta_mean_full_change_precond;pupil_dilation_sd_full_change_precond;eeg_tright_halpha_mean_full_change_precond;eeg_fl_hbeta_mean_full_change_precond;hr_heartrate_bpm_med_abs_full_change_precond;hrv_rmssd_full_change_precond;eeg_fr_sampent_full_change_precond;eeg_fm_sampent_full_change_precond;eeg_pleft_lbeta_mean_full_change_precond;eeg_ab_ratio_full_change_precond;eeg_c_sampent_full_change_precond;eeg_fm_theta_mean_full_change_precond;eeg_pright_halpha_mean_full_change_precond;eeg_tleft_hbeta_mean_full_change_precond"
2025-11-26 17:56:12.213095,5,"stress_label",20,128,0.0078125,0.519230769230769,0.551282051282051,NA,20,"top20","eeg_tleft_sampent_full_change_precond;eeg_tleft_halpha_mean_full_change_precond;eeg_pright_sampent_full_change_precond;eeg_tleft_lalpha_mean_full_change_precond;eeg_t_sampent_full_change_precond;gsr_skin_conductance_eda_tonic_mean_nk_full_change_precond;eeg_c_theta_mean_full_change_precond;pupil_dilation_sd_full_change_precond;eeg_tright_halpha_mean_full_change_precond;eeg_fl_hbeta_mean_full_change_precond;hr_heartrate_bpm_med_abs_full_change_precond;hrv_rmssd_full_change_precond;eeg_fr_sampent_full_change_precond;eeg_fm_sampent_full_change_precond;eeg_pleft_lbeta_mean_full_change_precond;eeg_ab_ratio_full_change_precond;eeg_c_sampent_full_change_precond;eeg_fm_theta_mean_full_change_precond;eeg_pright_halpha_mean_full_change_precond;eeg_tleft_hbeta_mean_full_change_precond"
2025-11-26 17:56:13.706847,5,"stress_label",20,256,0.0078125,0.557692307692308,0.621794871794872,NA,20,"top20","eeg_tleft_sampent_full_change_precond;eeg_tleft_halpha_mean_full_change_precond;eeg_pright_sampent_full_change_precond;eeg_tleft_lalpha_mean_full_change_precond;eeg_t_sampent_full_change_precond;gsr_skin_conductance_eda_tonic_mean_nk_full_change_precond;eeg_c_theta_mean_full_change_precond;pupil_dilation_sd_full_change_precond;eeg_tright_halpha_mean_full_change_precond;eeg_fl_hbeta_mean_full_change_precond;hr_heartrate_bpm_med_abs_full_change_precond;hrv_rmssd_full_change_precond;eeg_fr_sampent_full_change_precond;eeg_fm_sampent_full_change_precond;eeg_pleft_lbeta_mean_full_change_precond;eeg_ab_ratio_full_change_precond;eeg_c_sampent_full_change_precond;eeg_fm_theta_mean_full_change_precond;eeg_pright_halpha_mean_full_change_precond;eeg_tleft_hbeta_mean_full_change_precond"
2025-11-26 17:56:14.733649,5,"stress_label",20,2,0.015625,0.57051282051282,0.66025641025641,0.548717948717949,20,"top20","eeg_tleft_sampent_full_change_precond;eeg_tleft_halpha_mean_full_change_precond;eeg_pright_sampent_full_change_precond;eeg_tleft_lalpha_mean_full_change_precond;eeg_t_sampent_full_change_precond;gsr_skin_conductance_eda_tonic_mean_nk_full_change_precond;eeg_c_theta_mean_full_change_precond;pupil_dilation_sd_full_change_precond;eeg_tright_halpha_mean_full_change_precond;eeg_fl_hbeta_mean_full_change_precond;hr_heartrate_bpm_med_abs_full_change_precond;hrv_rmssd_full_change_precond;eeg_fr_sampent_full_change_precond;eeg_fm_sampent_full_change_precond;eeg_pleft_lbeta_mean_full_change_precond;eeg_ab_ratio_full_change_precond;eeg_c_sampent_full_change_precond;eeg_fm_theta_mean_full_change_precond;eeg_pright_halpha_mean_full_change_precond;eeg_tleft_hbeta_mean_full_change_precond"
2025-11-26 17:56:15.727665,5,"stress_label",20,4,0.015625,0.596153846153846,0.634615384615385,0.578632478632479,20,"top20","eeg_tleft_sampent_full_change_precond;eeg_tleft_halpha_mean_full_change_precond;eeg_pright_sampent_full_change_precond;eeg_tleft_lalpha_mean_full_change_precond;eeg_t_sampent_full_change_precond;gsr_skin_conductance_eda_tonic_mean_nk_full_change_precond;eeg_c_theta_mean_full_change_precond;pupil_dilation_sd_full_change_precond;eeg_tright_halpha_mean_full_change_precond;eeg_fl_hbeta_mean_full_change_precond;hr_heartrate_bpm_med_abs_full_change_precond;hrv_rmssd_full_change_precond;eeg_fr_sampent_full_change_precond;eeg_fm_sampent_full_change_precond;eeg_pleft_lbeta_mean_full_change_precond;eeg_ab_ratio_full_change_precond;eeg_c_sampent_full_change_precond;eeg_fm_theta_mean_full_change_precond;eeg_pright_halpha_mean_full_change_precond;eeg_tleft_hbeta_mean_full_change_precond"
2025-11-26 17:56:16.698307,5,"stress_label",20,8,0.015625,0.596153846153846,0.641025641025641,0.583760683760684,20,"top20","eeg_tleft_sampent_full_change_precond;eeg_tleft_halpha_mean_full_change_precond;eeg_pright_sampent_full_change_precond;eeg_tleft_lalpha_mean_full_change_precond;eeg_t_sampent_full_change_precond;gsr_skin_conductance_eda_tonic_mean_nk_full_change_precond;eeg_c_theta_mean_full_change_precond;pupil_dilation_sd_full_change_precond;eeg_tright_halpha_mean_full_change_precond;eeg_fl_hbeta_mean_full_change_precond;hr_heartrate_bpm_med_abs_full_change_precond;hrv_rmssd_full_change_precond;eeg_fr_sampent_full_change_precond;eeg_fm_sampent_full_change_precond;eeg_pleft_lbeta_mean_full_change_precond;eeg_ab_ratio_full_change_precond;eeg_c_sampent_full_change_precond;eeg_fm_theta_mean_full_change_precond;eeg_pright_halpha_mean_full_change_precond;eeg_tleft_hbeta_mean_full_change_precond"
2025-11-26 17:56:17.667843,5,"stress_label",20,16,0.015625,0.544871794871795,0.583333333333333,NA,20,"top20","eeg_tleft_sampent_full_change_precond;eeg_tleft_halpha_mean_full_change_precond;eeg_pright_sampent_full_change_precond;eeg_tleft_lalpha_mean_full_change_precond;eeg_t_sampent_full_change_precond;gsr_skin_conductance_eda_tonic_mean_nk_full_change_precond;eeg_c_theta_mean_full_change_precond;pupil_dilation_sd_full_change_precond;eeg_tright_halpha_mean_full_change_precond;eeg_fl_hbeta_mean_full_change_precond;hr_heartrate_bpm_med_abs_full_change_precond;hrv_rmssd_full_change_precond;eeg_fr_sampent_full_change_precond;eeg_fm_sampent_full_change_precond;eeg_pleft_lbeta_mean_full_change_precond;eeg_ab_ratio_full_change_precond;eeg_c_sampent_full_change_precond;eeg_fm_theta_mean_full_change_precond;eeg_pright_halpha_mean_full_change_precond;eeg_tleft_hbeta_mean_full_change_precond"
2025-11-26 17:56:18.825884,5,"stress_label",20,32,0.015625,0.506410256410256,0.519230769230769,NA,20,"top20","eeg_tleft_sampent_full_change_precond;eeg_tleft_halpha_mean_full_change_precond;eeg_pright_sampent_full_change_precond;eeg_tleft_lalpha_mean_full_change_precond;eeg_t_sampent_full_change_precond;gsr_skin_conductance_eda_tonic_mean_nk_full_change_precond;eeg_c_theta_mean_full_change_precond;pupil_dilation_sd_full_change_precond;eeg_tright_halpha_mean_full_change_precond;eeg_fl_hbeta_mean_full_change_precond;hr_heartrate_bpm_med_abs_full_change_precond;hrv_rmssd_full_change_precond;eeg_fr_sampent_full_change_precond;eeg_fm_sampent_full_change_precond;eeg_pleft_lbeta_mean_full_change_precond;eeg_ab_ratio_full_change_precond;eeg_c_sampent_full_change_precond;eeg_fm_theta_mean_full_change_precond;eeg_pright_halpha_mean_full_change_precond;eeg_tleft_hbeta_mean_full_change_precond"
2025-11-26 17:56:19.948965,5,"stress_label",20,64,0.015625,0.551282051282051,0.57051282051282,NA,20,"top20","eeg_tleft_sampent_full_change_precond;eeg_tleft_halpha_mean_full_change_precond;eeg_pright_sampent_full_change_precond;eeg_tleft_lalpha_mean_full_change_precond;eeg_t_sampent_full_change_precond;gsr_skin_conductance_eda_tonic_mean_nk_full_change_precond;eeg_c_theta_mean_full_change_precond;pupil_dilation_sd_full_change_precond;eeg_tright_halpha_mean_full_change_precond;eeg_fl_hbeta_mean_full_change_precond;hr_heartrate_bpm_med_abs_full_change_precond;hrv_rmssd_full_change_precond;eeg_fr_sampent_full_change_precond;eeg_fm_sampent_full_change_precond;eeg_pleft_lbeta_mean_full_change_precond;eeg_ab_ratio_full_change_precond;eeg_c_sampent_full_change_precond;eeg_fm_theta_mean_full_change_precond;eeg_pright_halpha_mean_full_change_precond;eeg_tleft_hbeta_mean_full_change_precond"
2025-11-26 17:56:21.299181,5,"stress_label",20,128,0.015625,0.564102564102564,0.576923076923077,NA,20,"top20","eeg_tleft_sampent_full_change_precond;eeg_tleft_halpha_mean_full_change_precond;eeg_pright_sampent_full_change_precond;eeg_tleft_lalpha_mean_full_change_precond;eeg_t_sampent_full_change_precond;gsr_skin_conductance_eda_tonic_mean_nk_full_change_precond;eeg_c_theta_mean_full_change_precond;pupil_dilation_sd_full_change_precond;eeg_tright_halpha_mean_full_change_precond;eeg_fl_hbeta_mean_full_change_precond;hr_heartrate_bpm_med_abs_full_change_precond;hrv_rmssd_full_change_precond;eeg_fr_sampent_full_change_precond;eeg_fm_sampent_full_change_precond;eeg_pleft_lbeta_mean_full_change_precond;eeg_ab_ratio_full_change_precond;eeg_c_sampent_full_change_precond;eeg_fm_theta_mean_full_change_precond;eeg_pright_halpha_mean_full_change_precond;eeg_tleft_hbeta_mean_full_change_precond"
2025-11-26 17:56:22.48368,5,"stress_label",20,256,0.015625,0.583333333333333,0.551282051282051,NA,20,"top20","eeg_tleft_sampent_full_change_precond;eeg_tleft_halpha_mean_full_change_precond;eeg_pright_sampent_full_change_precond;eeg_tleft_lalpha_mean_full_change_precond;eeg_t_sampent_full_change_precond;gsr_skin_conductance_eda_tonic_mean_nk_full_change_precond;eeg_c_theta_mean_full_change_precond;pupil_dilation_sd_full_change_precond;eeg_tright_halpha_mean_full_change_precond;eeg_fl_hbeta_mean_full_change_precond;hr_heartrate_bpm_med_abs_full_change_precond;hrv_rmssd_full_change_precond;eeg_fr_sampent_full_change_precond;eeg_fm_sampent_full_change_precond;eeg_pleft_lbeta_mean_full_change_precond;eeg_ab_ratio_full_change_precond;eeg_c_sampent_full_change_precond;eeg_fm_theta_mean_full_change_precond;eeg_pright_halpha_mean_full_change_precond;eeg_tleft_hbeta_mean_full_change_precond"
2025-11-26 17:56:23.544355,5,"stress_label",20,2,0.03125,0.596153846153846,0.621794871794872,NA,20,"top20","eeg_tleft_sampent_full_change_precond;eeg_tleft_halpha_mean_full_change_precond;eeg_pright_sampent_full_change_precond;eeg_tleft_lalpha_mean_full_change_precond;eeg_t_sampent_full_change_precond;gsr_skin_conductance_eda_tonic_mean_nk_full_change_precond;eeg_c_theta_mean_full_change_precond;pupil_dilation_sd_full_change_precond;eeg_tright_halpha_mean_full_change_precond;eeg_fl_hbeta_mean_full_change_precond;hr_heartrate_bpm_med_abs_full_change_precond;hrv_rmssd_full_change_precond;eeg_fr_sampent_full_change_precond;eeg_fm_sampent_full_change_precond;eeg_pleft_lbeta_mean_full_change_precond;eeg_ab_ratio_full_change_precond;eeg_c_sampent_full_change_precond;eeg_fm_theta_mean_full_change_precond;eeg_pright_halpha_mean_full_change_precond;eeg_tleft_hbeta_mean_full_change_precond"
2025-11-26 17:56:24.550687,5,"stress_label",20,4,0.03125,0.615384615384615,0.602564102564103,NA,20,"top20","eeg_tleft_sampent_full_change_precond;eeg_tleft_halpha_mean_full_change_precond;eeg_pright_sampent_full_change_precond;eeg_tleft_lalpha_mean_full_change_precond;eeg_t_sampent_full_change_precond;gsr_skin_conductance_eda_tonic_mean_nk_full_change_precond;eeg_c_theta_mean_full_change_precond;pupil_dilation_sd_full_change_precond;eeg_tright_halpha_mean_full_change_precond;eeg_fl_hbeta_mean_full_change_precond;hr_heartrate_bpm_med_abs_full_change_precond;hrv_rmssd_full_change_precond;eeg_fr_sampent_full_change_precond;eeg_fm_sampent_full_change_precond;eeg_pleft_lbeta_mean_full_change_precond;eeg_ab_ratio_full_change_precond;eeg_c_sampent_full_change_precond;eeg_fm_theta_mean_full_change_precond;eeg_pright_halpha_mean_full_change_precond;eeg_tleft_hbeta_mean_full_change_precond"
2025-11-26 17:56:25.641856,5,"stress_label",20,8,0.03125,0.525641025641026,0.557692307692308,NA,20,"top20","eeg_tleft_sampent_full_change_precond;eeg_tleft_halpha_mean_full_change_precond;eeg_pright_sampent_full_change_precond;eeg_tleft_lalpha_mean_full_change_precond;eeg_t_sampent_full_change_precond;gsr_skin_conductance_eda_tonic_mean_nk_full_change_precond;eeg_c_theta_mean_full_change_precond;pupil_dilation_sd_full_change_precond;eeg_tright_halpha_mean_full_change_precond;eeg_fl_hbeta_mean_full_change_precond;hr_heartrate_bpm_med_abs_full_change_precond;hrv_rmssd_full_change_precond;eeg_fr_sampent_full_change_precond;eeg_fm_sampent_full_change_precond;eeg_pleft_lbeta_mean_full_change_precond;eeg_ab_ratio_full_change_precond;eeg_c_sampent_full_change_precond;eeg_fm_theta_mean_full_change_precond;eeg_pright_halpha_mean_full_change_precond;eeg_tleft_hbeta_mean_full_change_precond"
2025-11-26 17:56:26.838197,5,"stress_label",20,16,0.03125,0.551282051282051,0.57051282051282,NA,20,"top20","eeg_tleft_sampent_full_change_precond;eeg_tleft_halpha_mean_full_change_precond;eeg_pright_sampent_full_change_precond;eeg_tleft_lalpha_mean_full_change_precond;eeg_t_sampent_full_change_precond;gsr_skin_conductance_eda_tonic_mean_nk_full_change_precond;eeg_c_theta_mean_full_change_precond;pupil_dilation_sd_full_change_precond;eeg_tright_halpha_mean_full_change_precond;eeg_fl_hbeta_mean_full_change_precond;hr_heartrate_bpm_med_abs_full_change_precond;hrv_rmssd_full_change_precond;eeg_fr_sampent_full_change_precond;eeg_fm_sampent_full_change_precond;eeg_pleft_lbeta_mean_full_change_precond;eeg_ab_ratio_full_change_precond;eeg_c_sampent_full_change_precond;eeg_fm_theta_mean_full_change_precond;eeg_pright_halpha_mean_full_change_precond;eeg_tleft_hbeta_mean_full_change_precond"
2025-11-26 17:56:28.068475,5,"stress_label",20,32,0.03125,0.564102564102564,0.532051282051282,NA,20,"top20","eeg_tleft_sampent_full_change_precond;eeg_tleft_halpha_mean_full_change_precond;eeg_pright_sampent_full_change_precond;eeg_tleft_lalpha_mean_full_change_precond;eeg_t_sampent_full_change_precond;gsr_skin_conductance_eda_tonic_mean_nk_full_change_precond;eeg_c_theta_mean_full_change_precond;pupil_dilation_sd_full_change_precond;eeg_tright_halpha_mean_full_change_precond;eeg_fl_hbeta_mean_full_change_precond;hr_heartrate_bpm_med_abs_full_change_precond;hrv_rmssd_full_change_precond;eeg_fr_sampent_full_change_precond;eeg_fm_sampent_full_change_precond;eeg_pleft_lbeta_mean_full_change_precond;eeg_ab_ratio_full_change_precond;eeg_c_sampent_full_change_precond;eeg_fm_theta_mean_full_change_precond;eeg_pright_halpha_mean_full_change_precond;eeg_tleft_hbeta_mean_full_change_precond"
2025-11-26 17:56:29.301668,5,"stress_label",20,64,0.03125,0.551282051282051,0.557692307692308,NA,20,"top20","eeg_tleft_sampent_full_change_precond;eeg_tleft_halpha_mean_full_change_precond;eeg_pright_sampent_full_change_precond;eeg_tleft_lalpha_mean_full_change_precond;eeg_t_sampent_full_change_precond;gsr_skin_conductance_eda_tonic_mean_nk_full_change_precond;eeg_c_theta_mean_full_change_precond;pupil_dilation_sd_full_change_precond;eeg_tright_halpha_mean_full_change_precond;eeg_fl_hbeta_mean_full_change_precond;hr_heartrate_bpm_med_abs_full_change_precond;hrv_rmssd_full_change_precond;eeg_fr_sampent_full_change_precond;eeg_fm_sampent_full_change_precond;eeg_pleft_lbeta_mean_full_change_precond;eeg_ab_ratio_full_change_precond;eeg_c_sampent_full_change_precond;eeg_fm_theta_mean_full_change_precond;eeg_pright_halpha_mean_full_change_precond;eeg_tleft_hbeta_mean_full_change_precond"
2025-11-26 17:56:30.575933,5,"stress_label",20,128,0.03125,0.551282051282051,0.538461538461538,NA,20,"top20","eeg_tleft_sampent_full_change_precond;eeg_tleft_halpha_mean_full_change_precond;eeg_pright_sampent_full_change_precond;eeg_tleft_lalpha_mean_full_change_precond;eeg_t_sampent_full_change_precond;gsr_skin_conductance_eda_tonic_mean_nk_full_change_precond;eeg_c_theta_mean_full_change_precond;pupil_dilation_sd_full_change_precond;eeg_tright_halpha_mean_full_change_precond;eeg_fl_hbeta_mean_full_change_precond;hr_heartrate_bpm_med_abs_full_change_precond;hrv_rmssd_full_change_precond;eeg_fr_sampent_full_change_precond;eeg_fm_sampent_full_change_precond;eeg_pleft_lbeta_mean_full_change_precond;eeg_ab_ratio_full_change_precond;eeg_c_sampent_full_change_precond;eeg_fm_theta_mean_full_change_precond;eeg_pright_halpha_mean_full_change_precond;eeg_tleft_hbeta_mean_full_change_precond"
2025-11-26 17:56:31.83185,5,"stress_label",20,256,0.03125,0.551282051282051,0.551282051282051,NA,20,"top20","eeg_tleft_sampent_full_change_precond;eeg_tleft_halpha_mean_full_change_precond;eeg_pright_sampent_full_change_precond;eeg_tleft_lalpha_mean_full_change_precond;eeg_t_sampent_full_change_precond;gsr_skin_conductance_eda_tonic_mean_nk_full_change_precond;eeg_c_theta_mean_full_change_precond;pupil_dilation_sd_full_change_precond;eeg_tright_halpha_mean_full_change_precond;eeg_fl_hbeta_mean_full_change_precond;hr_heartrate_bpm_med_abs_full_change_precond;hrv_rmssd_full_change_precond;eeg_fr_sampent_full_change_precond;eeg_fm_sampent_full_change_precond;eeg_pleft_lbeta_mean_full_change_precond;eeg_ab_ratio_full_change_precond;eeg_c_sampent_full_change_precond;eeg_fm_theta_mean_full_change_precond;eeg_pright_halpha_mean_full_change_precond;eeg_tleft_hbeta_mean_full_change_precond"
2025-11-26 17:56:32.862218,5,"stress_label",20,2,0.0625,0.615384615384615,0.615384615384615,NA,20,"top20","eeg_tleft_sampent_full_change_precond;eeg_tleft_halpha_mean_full_change_precond;eeg_pright_sampent_full_change_precond;eeg_tleft_lalpha_mean_full_change_precond;eeg_t_sampent_full_change_precond;gsr_skin_conductance_eda_tonic_mean_nk_full_change_precond;eeg_c_theta_mean_full_change_precond;pupil_dilation_sd_full_change_precond;eeg_tright_halpha_mean_full_change_precond;eeg_fl_hbeta_mean_full_change_precond;hr_heartrate_bpm_med_abs_full_change_precond;hrv_rmssd_full_change_precond;eeg_fr_sampent_full_change_precond;eeg_fm_sampent_full_change_precond;eeg_pleft_lbeta_mean_full_change_precond;eeg_ab_ratio_full_change_precond;eeg_c_sampent_full_change_precond;eeg_fm_theta_mean_full_change_precond;eeg_pright_halpha_mean_full_change_precond;eeg_tleft_hbeta_mean_full_change_precond"
2025-11-26 17:56:33.906612,5,"stress_label",20,4,0.0625,0.583333333333333,0.602564102564103,NA,20,"top20","eeg_tleft_sampent_full_change_precond;eeg_tleft_halpha_mean_full_change_precond;eeg_pright_sampent_full_change_precond;eeg_tleft_lalpha_mean_full_change_precond;eeg_t_sampent_full_change_precond;gsr_skin_conductance_eda_tonic_mean_nk_full_change_precond;eeg_c_theta_mean_full_change_precond;pupil_dilation_sd_full_change_precond;eeg_tright_halpha_mean_full_change_precond;eeg_fl_hbeta_mean_full_change_precond;hr_heartrate_bpm_med_abs_full_change_precond;hrv_rmssd_full_change_precond;eeg_fr_sampent_full_change_precond;eeg_fm_sampent_full_change_precond;eeg_pleft_lbeta_mean_full_change_precond;eeg_ab_ratio_full_change_precond;eeg_c_sampent_full_change_precond;eeg_fm_theta_mean_full_change_precond;eeg_pright_halpha_mean_full_change_precond;eeg_tleft_hbeta_mean_full_change_precond"
2025-11-26 17:56:35.079117,5,"stress_label",20,8,0.0625,0.57051282051282,0.583333333333333,NA,20,"top20","eeg_tleft_sampent_full_change_precond;eeg_tleft_halpha_mean_full_change_precond;eeg_pright_sampent_full_change_precond;eeg_tleft_lalpha_mean_full_change_precond;eeg_t_sampent_full_change_precond;gsr_skin_conductance_eda_tonic_mean_nk_full_change_precond;eeg_c_theta_mean_full_change_precond;pupil_dilation_sd_full_change_precond;eeg_tright_halpha_mean_full_change_precond;eeg_fl_hbeta_mean_full_change_precond;hr_heartrate_bpm_med_abs_full_change_precond;hrv_rmssd_full_change_precond;eeg_fr_sampent_full_change_precond;eeg_fm_sampent_full_change_precond;eeg_pleft_lbeta_mean_full_change_precond;eeg_ab_ratio_full_change_precond;eeg_c_sampent_full_change_precond;eeg_fm_theta_mean_full_change_precond;eeg_pright_halpha_mean_full_change_precond;eeg_tleft_hbeta_mean_full_change_precond"
2025-11-26 17:56:36.251759,5,"stress_label",20,16,0.0625,0.564102564102564,0.557692307692308,NA,20,"top20","eeg_tleft_sampent_full_change_precond;eeg_tleft_halpha_mean_full_change_precond;eeg_pright_sampent_full_change_precond;eeg_tleft_lalpha_mean_full_change_precond;eeg_t_sampent_full_change_precond;gsr_skin_conductance_eda_tonic_mean_nk_full_change_precond;eeg_c_theta_mean_full_change_precond;pupil_dilation_sd_full_change_precond;eeg_tright_halpha_mean_full_change_precond;eeg_fl_hbeta_mean_full_change_precond;hr_heartrate_bpm_med_abs_full_change_precond;hrv_rmssd_full_change_precond;eeg_fr_sampent_full_change_precond;eeg_fm_sampent_full_change_precond;eeg_pleft_lbeta_mean_full_change_precond;eeg_ab_ratio_full_change_precond;eeg_c_sampent_full_change_precond;eeg_fm_theta_mean_full_change_precond;eeg_pright_halpha_mean_full_change_precond;eeg_tleft_hbeta_mean_full_change_precond"
2025-11-26 17:56:37.378489,5,"stress_label",20,32,0.0625,0.564102564102564,0.532051282051282,NA,20,"top20","eeg_tleft_sampent_full_change_precond;eeg_tleft_halpha_mean_full_change_precond;eeg_pright_sampent_full_change_precond;eeg_tleft_lalpha_mean_full_change_precond;eeg_t_sampent_full_change_precond;gsr_skin_conductance_eda_tonic_mean_nk_full_change_precond;eeg_c_theta_mean_full_change_precond;pupil_dilation_sd_full_change_precond;eeg_tright_halpha_mean_full_change_precond;eeg_fl_hbeta_mean_full_change_precond;hr_heartrate_bpm_med_abs_full_change_precond;hrv_rmssd_full_change_precond;eeg_fr_sampent_full_change_precond;eeg_fm_sampent_full_change_precond;eeg_pleft_lbeta_mean_full_change_precond;eeg_ab_ratio_full_change_precond;eeg_c_sampent_full_change_precond;eeg_fm_theta_mean_full_change_precond;eeg_pright_halpha_mean_full_change_precond;eeg_tleft_hbeta_mean_full_change_precond"
2025-11-26 17:56:38.459211,5,"stress_label",20,64,0.0625,0.564102564102564,0.583333333333333,NA,20,"top20","eeg_tleft_sampent_full_change_precond;eeg_tleft_halpha_mean_full_change_precond;eeg_pright_sampent_full_change_precond;eeg_tleft_lalpha_mean_full_change_precond;eeg_t_sampent_full_change_precond;gsr_skin_conductance_eda_tonic_mean_nk_full_change_precond;eeg_c_theta_mean_full_change_precond;pupil_dilation_sd_full_change_precond;eeg_tright_halpha_mean_full_change_precond;eeg_fl_hbeta_mean_full_change_precond;hr_heartrate_bpm_med_abs_full_change_precond;hrv_rmssd_full_change_precond;eeg_fr_sampent_full_change_precond;eeg_fm_sampent_full_change_precond;eeg_pleft_lbeta_mean_full_change_precond;eeg_ab_ratio_full_change_precond;eeg_c_sampent_full_change_precond;eeg_fm_theta_mean_full_change_precond;eeg_pright_halpha_mean_full_change_precond;eeg_tleft_hbeta_mean_full_change_precond"
2025-11-26 17:56:39.660613,5,"stress_label",20,128,0.0625,0.564102564102564,0.557692307692308,NA,20,"top20","eeg_tleft_sampent_full_change_precond;eeg_tleft_halpha_mean_full_change_precond;eeg_pright_sampent_full_change_precond;eeg_tleft_lalpha_mean_full_change_precond;eeg_t_sampent_full_change_precond;gsr_skin_conductance_eda_tonic_mean_nk_full_change_precond;eeg_c_theta_mean_full_change_precond;pupil_dilation_sd_full_change_precond;eeg_tright_halpha_mean_full_change_precond;eeg_fl_hbeta_mean_full_change_precond;hr_heartrate_bpm_med_abs_full_change_precond;hrv_rmssd_full_change_precond;eeg_fr_sampent_full_change_precond;eeg_fm_sampent_full_change_precond;eeg_pleft_lbeta_mean_full_change_precond;eeg_ab_ratio_full_change_precond;eeg_c_sampent_full_change_precond;eeg_fm_theta_mean_full_change_precond;eeg_pright_halpha_mean_full_change_precond;eeg_tleft_hbeta_mean_full_change_precond"
2025-11-26 17:56:40.847227,5,"stress_label",20,256,0.0625,0.564102564102564,0.532051282051282,NA,20,"top20","eeg_tleft_sampent_full_change_precond;eeg_tleft_halpha_mean_full_change_precond;eeg_pright_sampent_full_change_precond;eeg_tleft_lalpha_mean_full_change_precond;eeg_t_sampent_full_change_precond;gsr_skin_conductance_eda_tonic_mean_nk_full_change_precond;eeg_c_theta_mean_full_change_precond;pupil_dilation_sd_full_change_precond;eeg_tright_halpha_mean_full_change_precond;eeg_fl_hbeta_mean_full_change_precond;hr_heartrate_bpm_med_abs_full_change_precond;hrv_rmssd_full_change_precond;eeg_fr_sampent_full_change_precond;eeg_fm_sampent_full_change_precond;eeg_pleft_lbeta_mean_full_change_precond;eeg_ab_ratio_full_change_precond;eeg_c_sampent_full_change_precond;eeg_fm_theta_mean_full_change_precond;eeg_pright_halpha_mean_full_change_precond;eeg_tleft_hbeta_mean_full_change_precond"
2025-11-26 17:56:41.871243,5,"stress_label",20,2,0.125,0.608974358974359,0.583333333333333,NA,20,"top20","eeg_tleft_sampent_full_change_precond;eeg_tleft_halpha_mean_full_change_precond;eeg_pright_sampent_full_change_precond;eeg_tleft_lalpha_mean_full_change_precond;eeg_t_sampent_full_change_precond;gsr_skin_conductance_eda_tonic_mean_nk_full_change_precond;eeg_c_theta_mean_full_change_precond;pupil_dilation_sd_full_change_precond;eeg_tright_halpha_mean_full_change_precond;eeg_fl_hbeta_mean_full_change_precond;hr_heartrate_bpm_med_abs_full_change_precond;hrv_rmssd_full_change_precond;eeg_fr_sampent_full_change_precond;eeg_fm_sampent_full_change_precond;eeg_pleft_lbeta_mean_full_change_precond;eeg_ab_ratio_full_change_precond;eeg_c_sampent_full_change_precond;eeg_fm_theta_mean_full_change_precond;eeg_pright_halpha_mean_full_change_precond;eeg_tleft_hbeta_mean_full_change_precond"
2025-11-26 17:56:42.971149,5,"stress_label",20,4,0.125,0.602564102564103,0.596153846153846,NA,20,"top20","eeg_tleft_sampent_full_change_precond;eeg_tleft_halpha_mean_full_change_precond;eeg_pright_sampent_full_change_precond;eeg_tleft_lalpha_mean_full_change_precond;eeg_t_sampent_full_change_precond;gsr_skin_conductance_eda_tonic_mean_nk_full_change_precond;eeg_c_theta_mean_full_change_precond;pupil_dilation_sd_full_change_precond;eeg_tright_halpha_mean_full_change_precond;eeg_fl_hbeta_mean_full_change_precond;hr_heartrate_bpm_med_abs_full_change_precond;hrv_rmssd_full_change_precond;eeg_fr_sampent_full_change_precond;eeg_fm_sampent_full_change_precond;eeg_pleft_lbeta_mean_full_change_precond;eeg_ab_ratio_full_change_precond;eeg_c_sampent_full_change_precond;eeg_fm_theta_mean_full_change_precond;eeg_pright_halpha_mean_full_change_precond;eeg_tleft_hbeta_mean_full_change_precond"
2025-11-26 17:56:43.858927,5,"stress_label",20,8,0.125,0.602564102564103,0.58974358974359,NA,20,"top20","eeg_tleft_sampent_full_change_precond;eeg_tleft_halpha_mean_full_change_precond;eeg_pright_sampent_full_change_precond;eeg_tleft_lalpha_mean_full_change_precond;eeg_t_sampent_full_change_precond;gsr_skin_conductance_eda_tonic_mean_nk_full_change_precond;eeg_c_theta_mean_full_change_precond;pupil_dilation_sd_full_change_precond;eeg_tright_halpha_mean_full_change_precond;eeg_fl_hbeta_mean_full_change_precond;hr_heartrate_bpm_med_abs_full_change_precond;hrv_rmssd_full_change_precond;eeg_fr_sampent_full_change_precond;eeg_fm_sampent_full_change_precond;eeg_pleft_lbeta_mean_full_change_precond;eeg_ab_ratio_full_change_precond;eeg_c_sampent_full_change_precond;eeg_fm_theta_mean_full_change_precond;eeg_pright_halpha_mean_full_change_precond;eeg_tleft_hbeta_mean_full_change_precond"
2025-11-26 17:56:44.742759,5,"stress_label",20,16,0.125,0.602564102564103,0.564102564102564,NA,20,"top20","eeg_tleft_sampent_full_change_precond;eeg_tleft_halpha_mean_full_change_precond;eeg_pright_sampent_full_change_precond;eeg_tleft_lalpha_mean_full_change_precond;eeg_t_sampent_full_change_precond;gsr_skin_conductance_eda_tonic_mean_nk_full_change_precond;eeg_c_theta_mean_full_change_precond;pupil_dilation_sd_full_change_precond;eeg_tright_halpha_mean_full_change_precond;eeg_fl_hbeta_mean_full_change_precond;hr_heartrate_bpm_med_abs_full_change_precond;hrv_rmssd_full_change_precond;eeg_fr_sampent_full_change_precond;eeg_fm_sampent_full_change_precond;eeg_pleft_lbeta_mean_full_change_precond;eeg_ab_ratio_full_change_precond;eeg_c_sampent_full_change_precond;eeg_fm_theta_mean_full_change_precond;eeg_pright_halpha_mean_full_change_precond;eeg_tleft_hbeta_mean_full_change_precond"
2025-11-26 17:56:45.863342,5,"stress_label",20,32,0.125,0.602564102564103,0.58974358974359,NA,20,"top20","eeg_tleft_sampent_full_change_precond;eeg_tleft_halpha_mean_full_change_precond;eeg_pright_sampent_full_change_precond;eeg_tleft_lalpha_mean_full_change_precond;eeg_t_sampent_full_change_precond;gsr_skin_conductance_eda_tonic_mean_nk_full_change_precond;eeg_c_theta_mean_full_change_precond;pupil_dilation_sd_full_change_precond;eeg_tright_halpha_mean_full_change_precond;eeg_fl_hbeta_mean_full_change_precond;hr_heartrate_bpm_med_abs_full_change_precond;hrv_rmssd_full_change_precond;eeg_fr_sampent_full_change_precond;eeg_fm_sampent_full_change_precond;eeg_pleft_lbeta_mean_full_change_precond;eeg_ab_ratio_full_change_precond;eeg_c_sampent_full_change_precond;eeg_fm_theta_mean_full_change_precond;eeg_pright_halpha_mean_full_change_precond;eeg_tleft_hbeta_mean_full_change_precond"
2025-11-26 17:56:46.952175,5,"stress_label",20,64,0.125,0.602564102564103,0.58974358974359,NA,20,"top20","eeg_tleft_sampent_full_change_precond;eeg_tleft_halpha_mean_full_change_precond;eeg_pright_sampent_full_change_precond;eeg_tleft_lalpha_mean_full_change_precond;eeg_t_sampent_full_change_precond;gsr_skin_conductance_eda_tonic_mean_nk_full_change_precond;eeg_c_theta_mean_full_change_precond;pupil_dilation_sd_full_change_precond;eeg_tright_halpha_mean_full_change_precond;eeg_fl_hbeta_mean_full_change_precond;hr_heartrate_bpm_med_abs_full_change_precond;hrv_rmssd_full_change_precond;eeg_fr_sampent_full_change_precond;eeg_fm_sampent_full_change_precond;eeg_pleft_lbeta_mean_full_change_precond;eeg_ab_ratio_full_change_precond;eeg_c_sampent_full_change_precond;eeg_fm_theta_mean_full_change_precond;eeg_pright_halpha_mean_full_change_precond;eeg_tleft_hbeta_mean_full_change_precond"
2025-11-26 17:56:47.995635,5,"stress_label",20,128,0.125,0.602564102564103,0.58974358974359,NA,20,"top20","eeg_tleft_sampent_full_change_precond;eeg_tleft_halpha_mean_full_change_precond;eeg_pright_sampent_full_change_precond;eeg_tleft_lalpha_mean_full_change_precond;eeg_t_sampent_full_change_precond;gsr_skin_conductance_eda_tonic_mean_nk_full_change_precond;eeg_c_theta_mean_full_change_precond;pupil_dilation_sd_full_change_precond;eeg_tright_halpha_mean_full_change_precond;eeg_fl_hbeta_mean_full_change_precond;hr_heartrate_bpm_med_abs_full_change_precond;hrv_rmssd_full_change_precond;eeg_fr_sampent_full_change_precond;eeg_fm_sampent_full_change_precond;eeg_pleft_lbeta_mean_full_change_precond;eeg_ab_ratio_full_change_precond;eeg_c_sampent_full_change_precond;eeg_fm_theta_mean_full_change_precond;eeg_pright_halpha_mean_full_change_precond;eeg_tleft_hbeta_mean_full_change_precond"
2025-11-26 17:56:49.117024,5,"stress_label",20,256,0.125,0.602564102564103,0.58974358974359,NA,20,"top20","eeg_tleft_sampent_full_change_precond;eeg_tleft_halpha_mean_full_change_precond;eeg_pright_sampent_full_change_precond;eeg_tleft_lalpha_mean_full_change_precond;eeg_t_sampent_full_change_precond;gsr_skin_conductance_eda_tonic_mean_nk_full_change_precond;eeg_c_theta_mean_full_change_precond;pupil_dilation_sd_full_change_precond;eeg_tright_halpha_mean_full_change_precond;eeg_fl_hbeta_mean_full_change_precond;hr_heartrate_bpm_med_abs_full_change_precond;hrv_rmssd_full_change_precond;eeg_fr_sampent_full_change_precond;eeg_fm_sampent_full_change_precond;eeg_pleft_lbeta_mean_full_change_precond;eeg_ab_ratio_full_change_precond;eeg_c_sampent_full_change_precond;eeg_fm_theta_mean_full_change_precond;eeg_pright_halpha_mean_full_change_precond;eeg_tleft_hbeta_mean_full_change_precond"
2025-11-26 17:56:50.177699,5,"stress_label",20,2,0.03,0.596153846153846,0.628205128205128,NA,20,"top20","eeg_tleft_sampent_full_change_precond;eeg_tleft_halpha_mean_full_change_precond;eeg_pright_sampent_full_change_precond;eeg_tleft_lalpha_mean_full_change_precond;eeg_t_sampent_full_change_precond;gsr_skin_conductance_eda_tonic_mean_nk_full_change_precond;eeg_c_theta_mean_full_change_precond;pupil_dilation_sd_full_change_precond;eeg_tright_halpha_mean_full_change_precond;eeg_fl_hbeta_mean_full_change_precond;hr_heartrate_bpm_med_abs_full_change_precond;hrv_rmssd_full_change_precond;eeg_fr_sampent_full_change_precond;eeg_fm_sampent_full_change_precond;eeg_pleft_lbeta_mean_full_change_precond;eeg_ab_ratio_full_change_precond;eeg_c_sampent_full_change_precond;eeg_fm_theta_mean_full_change_precond;eeg_pright_halpha_mean_full_change_precond;eeg_tleft_hbeta_mean_full_change_precond"
2025-11-26 17:56:51.180596,5,"stress_label",20,4,0.03,0.602564102564103,0.628205128205128,NA,20,"top20","eeg_tleft_sampent_full_change_precond;eeg_tleft_halpha_mean_full_change_precond;eeg_pright_sampent_full_change_precond;eeg_tleft_lalpha_mean_full_change_precond;eeg_t_sampent_full_change_precond;gsr_skin_conductance_eda_tonic_mean_nk_full_change_precond;eeg_c_theta_mean_full_change_precond;pupil_dilation_sd_full_change_precond;eeg_tright_halpha_mean_full_change_precond;eeg_fl_hbeta_mean_full_change_precond;hr_heartrate_bpm_med_abs_full_change_precond;hrv_rmssd_full_change_precond;eeg_fr_sampent_full_change_precond;eeg_fm_sampent_full_change_precond;eeg_pleft_lbeta_mean_full_change_precond;eeg_ab_ratio_full_change_precond;eeg_c_sampent_full_change_precond;eeg_fm_theta_mean_full_change_precond;eeg_pright_halpha_mean_full_change_precond;eeg_tleft_hbeta_mean_full_change_precond"
2025-11-26 17:56:52.294025,5,"stress_label",20,8,0.03,0.532051282051282,0.57051282051282,NA,20,"top20","eeg_tleft_sampent_full_change_precond;eeg_tleft_halpha_mean_full_change_precond;eeg_pright_sampent_full_change_precond;eeg_tleft_lalpha_mean_full_change_precond;eeg_t_sampent_full_change_precond;gsr_skin_conductance_eda_tonic_mean_nk_full_change_precond;eeg_c_theta_mean_full_change_precond;pupil_dilation_sd_full_change_precond;eeg_tright_halpha_mean_full_change_precond;eeg_fl_hbeta_mean_full_change_precond;hr_heartrate_bpm_med_abs_full_change_precond;hrv_rmssd_full_change_precond;eeg_fr_sampent_full_change_precond;eeg_fm_sampent_full_change_precond;eeg_pleft_lbeta_mean_full_change_precond;eeg_ab_ratio_full_change_precond;eeg_c_sampent_full_change_precond;eeg_fm_theta_mean_full_change_precond;eeg_pright_halpha_mean_full_change_precond;eeg_tleft_hbeta_mean_full_change_precond"
2025-11-26 17:56:53.509838,5,"stress_label",20,16,0.03,0.544871794871795,0.57051282051282,NA,20,"top20","eeg_tleft_sampent_full_change_precond;eeg_tleft_halpha_mean_full_change_precond;eeg_pright_sampent_full_change_precond;eeg_tleft_lalpha_mean_full_change_precond;eeg_t_sampent_full_change_precond;gsr_skin_conductance_eda_tonic_mean_nk_full_change_precond;eeg_c_theta_mean_full_change_precond;pupil_dilation_sd_full_change_precond;eeg_tright_halpha_mean_full_change_precond;eeg_fl_hbeta_mean_full_change_precond;hr_heartrate_bpm_med_abs_full_change_precond;hrv_rmssd_full_change_precond;eeg_fr_sampent_full_change_precond;eeg_fm_sampent_full_change_precond;eeg_pleft_lbeta_mean_full_change_precond;eeg_ab_ratio_full_change_precond;eeg_c_sampent_full_change_precond;eeg_fm_theta_mean_full_change_precond;eeg_pright_halpha_mean_full_change_precond;eeg_tleft_hbeta_mean_full_change_precond"
2025-11-26 17:56:54.695766,5,"stress_label",20,32,0.03,0.564102564102564,0.58974358974359,NA,20,"top20","eeg_tleft_sampent_full_change_precond;eeg_tleft_halpha_mean_full_change_precond;eeg_pright_sampent_full_change_precond;eeg_tleft_lalpha_mean_full_change_precond;eeg_t_sampent_full_change_precond;gsr_skin_conductance_eda_tonic_mean_nk_full_change_precond;eeg_c_theta_mean_full_change_precond;pupil_dilation_sd_full_change_precond;eeg_tright_halpha_mean_full_change_precond;eeg_fl_hbeta_mean_full_change_precond;hr_heartrate_bpm_med_abs_full_change_precond;hrv_rmssd_full_change_precond;eeg_fr_sampent_full_change_precond;eeg_fm_sampent_full_change_precond;eeg_pleft_lbeta_mean_full_change_precond;eeg_ab_ratio_full_change_precond;eeg_c_sampent_full_change_precond;eeg_fm_theta_mean_full_change_precond;eeg_pright_halpha_mean_full_change_precond;eeg_tleft_hbeta_mean_full_change_precond"
2025-11-26 17:56:55.886869,5,"stress_label",20,64,0.03,0.557692307692308,0.557692307692308,NA,20,"top20","eeg_tleft_sampent_full_change_precond;eeg_tleft_halpha_mean_full_change_precond;eeg_pright_sampent_full_change_precond;eeg_tleft_lalpha_mean_full_change_precond;eeg_t_sampent_full_change_precond;gsr_skin_conductance_eda_tonic_mean_nk_full_change_precond;eeg_c_theta_mean_full_change_precond;pupil_dilation_sd_full_change_precond;eeg_tright_halpha_mean_full_change_precond;eeg_fl_hbeta_mean_full_change_precond;hr_heartrate_bpm_med_abs_full_change_precond;hrv_rmssd_full_change_precond;eeg_fr_sampent_full_change_precond;eeg_fm_sampent_full_change_precond;eeg_pleft_lbeta_mean_full_change_precond;eeg_ab_ratio_full_change_precond;eeg_c_sampent_full_change_precond;eeg_fm_theta_mean_full_change_precond;eeg_pright_halpha_mean_full_change_precond;eeg_tleft_hbeta_mean_full_change_precond"
2025-11-26 17:56:57.152964,5,"stress_label",20,128,0.03,0.551282051282051,0.525641025641026,NA,20,"top20","eeg_tleft_sampent_full_change_precond;eeg_tleft_halpha_mean_full_change_precond;eeg_pright_sampent_full_change_precond;eeg_tleft_lalpha_mean_full_change_precond;eeg_t_sampent_full_change_precond;gsr_skin_conductance_eda_tonic_mean_nk_full_change_precond;eeg_c_theta_mean_full_change_precond;pupil_dilation_sd_full_change_precond;eeg_tright_halpha_mean_full_change_precond;eeg_fl_hbeta_mean_full_change_precond;hr_heartrate_bpm_med_abs_full_change_precond;hrv_rmssd_full_change_precond;eeg_fr_sampent_full_change_precond;eeg_fm_sampent_full_change_precond;eeg_pleft_lbeta_mean_full_change_precond;eeg_ab_ratio_full_change_precond;eeg_c_sampent_full_change_precond;eeg_fm_theta_mean_full_change_precond;eeg_pright_halpha_mean_full_change_precond;eeg_tleft_hbeta_mean_full_change_precond"
2025-11-26 17:56:58.647222,5,"stress_label",20,256,0.03,0.551282051282051,0.5,NA,20,"top20","eeg_tleft_sampent_full_change_precond;eeg_tleft_halpha_mean_full_change_precond;eeg_pright_sampent_full_change_precond;eeg_tleft_lalpha_mean_full_change_precond;eeg_t_sampent_full_change_precond;gsr_skin_conductance_eda_tonic_mean_nk_full_change_precond;eeg_c_theta_mean_full_change_precond;pupil_dilation_sd_full_change_precond;eeg_tright_halpha_mean_full_change_precond;eeg_fl_hbeta_mean_full_change_precond;hr_heartrate_bpm_med_abs_full_change_precond;hrv_rmssd_full_change_precond;eeg_fr_sampent_full_change_precond;eeg_fm_sampent_full_change_precond;eeg_pleft_lbeta_mean_full_change_precond;eeg_ab_ratio_full_change_precond;eeg_c_sampent_full_change_precond;eeg_fm_theta_mean_full_change_precond;eeg_pright_halpha_mean_full_change_precond;eeg_tleft_hbeta_mean_full_change_precond"
2025-11-26 17:56:59.72444,5,"stress_label",20,2,0.06,0.621794871794872,0.628205128205128,NA,20,"top20","eeg_tleft_sampent_full_change_precond;eeg_tleft_halpha_mean_full_change_precond;eeg_pright_sampent_full_change_precond;eeg_tleft_lalpha_mean_full_change_precond;eeg_t_sampent_full_change_precond;gsr_skin_conductance_eda_tonic_mean_nk_full_change_precond;eeg_c_theta_mean_full_change_precond;pupil_dilation_sd_full_change_precond;eeg_tright_halpha_mean_full_change_precond;eeg_fl_hbeta_mean_full_change_precond;hr_heartrate_bpm_med_abs_full_change_precond;hrv_rmssd_full_change_precond;eeg_fr_sampent_full_change_precond;eeg_fm_sampent_full_change_precond;eeg_pleft_lbeta_mean_full_change_precond;eeg_ab_ratio_full_change_precond;eeg_c_sampent_full_change_precond;eeg_fm_theta_mean_full_change_precond;eeg_pright_halpha_mean_full_change_precond;eeg_tleft_hbeta_mean_full_change_precond"
2025-11-26 17:57:00.832318,5,"stress_label",20,4,0.06,0.57051282051282,0.596153846153846,NA,20,"top20","eeg_tleft_sampent_full_change_precond;eeg_tleft_halpha_mean_full_change_precond;eeg_pright_sampent_full_change_precond;eeg_tleft_lalpha_mean_full_change_precond;eeg_t_sampent_full_change_precond;gsr_skin_conductance_eda_tonic_mean_nk_full_change_precond;eeg_c_theta_mean_full_change_precond;pupil_dilation_sd_full_change_precond;eeg_tright_halpha_mean_full_change_precond;eeg_fl_hbeta_mean_full_change_precond;hr_heartrate_bpm_med_abs_full_change_precond;hrv_rmssd_full_change_precond;eeg_fr_sampent_full_change_precond;eeg_fm_sampent_full_change_precond;eeg_pleft_lbeta_mean_full_change_precond;eeg_ab_ratio_full_change_precond;eeg_c_sampent_full_change_precond;eeg_fm_theta_mean_full_change_precond;eeg_pright_halpha_mean_full_change_precond;eeg_tleft_hbeta_mean_full_change_precond"
2025-11-26 17:57:01.953903,5,"stress_label",20,8,0.06,0.564102564102564,0.576923076923077,NA,20,"top20","eeg_tleft_sampent_full_change_precond;eeg_tleft_halpha_mean_full_change_precond;eeg_pright_sampent_full_change_precond;eeg_tleft_lalpha_mean_full_change_precond;eeg_t_sampent_full_change_precond;gsr_skin_conductance_eda_tonic_mean_nk_full_change_precond;eeg_c_theta_mean_full_change_precond;pupil_dilation_sd_full_change_precond;eeg_tright_halpha_mean_full_change_precond;eeg_fl_hbeta_mean_full_change_precond;hr_heartrate_bpm_med_abs_full_change_precond;hrv_rmssd_full_change_precond;eeg_fr_sampent_full_change_precond;eeg_fm_sampent_full_change_precond;eeg_pleft_lbeta_mean_full_change_precond;eeg_ab_ratio_full_change_precond;eeg_c_sampent_full_change_precond;eeg_fm_theta_mean_full_change_precond;eeg_pright_halpha_mean_full_change_precond;eeg_tleft_hbeta_mean_full_change_precond"
2025-11-26 17:57:03.15343,5,"stress_label",20,16,0.06,0.564102564102564,0.557692307692308,NA,20,"top20","eeg_tleft_sampent_full_change_precond;eeg_tleft_halpha_mean_full_change_precond;eeg_pright_sampent_full_change_precond;eeg_tleft_lalpha_mean_full_change_precond;eeg_t_sampent_full_change_precond;gsr_skin_conductance_eda_tonic_mean_nk_full_change_precond;eeg_c_theta_mean_full_change_precond;pupil_dilation_sd_full_change_precond;eeg_tright_halpha_mean_full_change_precond;eeg_fl_hbeta_mean_full_change_precond;hr_heartrate_bpm_med_abs_full_change_precond;hrv_rmssd_full_change_precond;eeg_fr_sampent_full_change_precond;eeg_fm_sampent_full_change_precond;eeg_pleft_lbeta_mean_full_change_precond;eeg_ab_ratio_full_change_precond;eeg_c_sampent_full_change_precond;eeg_fm_theta_mean_full_change_precond;eeg_pright_halpha_mean_full_change_precond;eeg_tleft_hbeta_mean_full_change_precond"
2025-11-26 17:57:04.255673,5,"stress_label",20,32,0.06,0.557692307692308,0.557692307692308,NA,20,"top20","eeg_tleft_sampent_full_change_precond;eeg_tleft_halpha_mean_full_change_precond;eeg_pright_sampent_full_change_precond;eeg_tleft_lalpha_mean_full_change_precond;eeg_t_sampent_full_change_precond;gsr_skin_conductance_eda_tonic_mean_nk_full_change_precond;eeg_c_theta_mean_full_change_precond;pupil_dilation_sd_full_change_precond;eeg_tright_halpha_mean_full_change_precond;eeg_fl_hbeta_mean_full_change_precond;hr_heartrate_bpm_med_abs_full_change_precond;hrv_rmssd_full_change_precond;eeg_fr_sampent_full_change_precond;eeg_fm_sampent_full_change_precond;eeg_pleft_lbeta_mean_full_change_precond;eeg_ab_ratio_full_change_precond;eeg_c_sampent_full_change_precond;eeg_fm_theta_mean_full_change_precond;eeg_pright_halpha_mean_full_change_precond;eeg_tleft_hbeta_mean_full_change_precond"
2025-11-26 17:57:05.29089,5,"stress_label",20,64,0.06,0.557692307692308,0.557692307692308,NA,20,"top20","eeg_tleft_sampent_full_change_precond;eeg_tleft_halpha_mean_full_change_precond;eeg_pright_sampent_full_change_precond;eeg_tleft_lalpha_mean_full_change_precond;eeg_t_sampent_full_change_precond;gsr_skin_conductance_eda_tonic_mean_nk_full_change_precond;eeg_c_theta_mean_full_change_precond;pupil_dilation_sd_full_change_precond;eeg_tright_halpha_mean_full_change_precond;eeg_fl_hbeta_mean_full_change_precond;hr_heartrate_bpm_med_abs_full_change_precond;hrv_rmssd_full_change_precond;eeg_fr_sampent_full_change_precond;eeg_fm_sampent_full_change_precond;eeg_pleft_lbeta_mean_full_change_precond;eeg_ab_ratio_full_change_precond;eeg_c_sampent_full_change_precond;eeg_fm_theta_mean_full_change_precond;eeg_pright_halpha_mean_full_change_precond;eeg_tleft_hbeta_mean_full_change_precond"
2025-11-26 17:57:06.448996,5,"stress_label",20,128,0.06,0.557692307692308,0.557692307692308,NA,20,"top20","eeg_tleft_sampent_full_change_precond;eeg_tleft_halpha_mean_full_change_precond;eeg_pright_sampent_full_change_precond;eeg_tleft_lalpha_mean_full_change_precond;eeg_t_sampent_full_change_precond;gsr_skin_conductance_eda_tonic_mean_nk_full_change_precond;eeg_c_theta_mean_full_change_precond;pupil_dilation_sd_full_change_precond;eeg_tright_halpha_mean_full_change_precond;eeg_fl_hbeta_mean_full_change_precond;hr_heartrate_bpm_med_abs_full_change_precond;hrv_rmssd_full_change_precond;eeg_fr_sampent_full_change_precond;eeg_fm_sampent_full_change_precond;eeg_pleft_lbeta_mean_full_change_precond;eeg_ab_ratio_full_change_precond;eeg_c_sampent_full_change_precond;eeg_fm_theta_mean_full_change_precond;eeg_pright_halpha_mean_full_change_precond;eeg_tleft_hbeta_mean_full_change_precond"
2025-11-26 17:57:07.637062,5,"stress_label",20,256,0.06,0.557692307692308,0.557692307692308,NA,20,"top20","eeg_tleft_sampent_full_change_precond;eeg_tleft_halpha_mean_full_change_precond;eeg_pright_sampent_full_change_precond;eeg_tleft_lalpha_mean_full_change_precond;eeg_t_sampent_full_change_precond;gsr_skin_conductance_eda_tonic_mean_nk_full_change_precond;eeg_c_theta_mean_full_change_precond;pupil_dilation_sd_full_change_precond;eeg_tright_halpha_mean_full_change_precond;eeg_fl_hbeta_mean_full_change_precond;hr_heartrate_bpm_med_abs_full_change_precond;hrv_rmssd_full_change_precond;eeg_fr_sampent_full_change_precond;eeg_fm_sampent_full_change_precond;eeg_pleft_lbeta_mean_full_change_precond;eeg_ab_ratio_full_change_precond;eeg_c_sampent_full_change_precond;eeg_fm_theta_mean_full_change_precond;eeg_pright_halpha_mean_full_change_precond;eeg_tleft_hbeta_mean_full_change_precond"
2025-11-26 17:57:08.747005,5,"stress_label",20,2,0.1,0.615384615384615,0.583333333333333,NA,20,"top20","eeg_tleft_sampent_full_change_precond;eeg_tleft_halpha_mean_full_change_precond;eeg_pright_sampent_full_change_precond;eeg_tleft_lalpha_mean_full_change_precond;eeg_t_sampent_full_change_precond;gsr_skin_conductance_eda_tonic_mean_nk_full_change_precond;eeg_c_theta_mean_full_change_precond;pupil_dilation_sd_full_change_precond;eeg_tright_halpha_mean_full_change_precond;eeg_fl_hbeta_mean_full_change_precond;hr_heartrate_bpm_med_abs_full_change_precond;hrv_rmssd_full_change_precond;eeg_fr_sampent_full_change_precond;eeg_fm_sampent_full_change_precond;eeg_pleft_lbeta_mean_full_change_precond;eeg_ab_ratio_full_change_precond;eeg_c_sampent_full_change_precond;eeg_fm_theta_mean_full_change_precond;eeg_pright_halpha_mean_full_change_precond;eeg_tleft_hbeta_mean_full_change_precond"
2025-11-26 17:57:09.851626,5,"stress_label",20,4,0.1,0.596153846153846,0.58974358974359,NA,20,"top20","eeg_tleft_sampent_full_change_precond;eeg_tleft_halpha_mean_full_change_precond;eeg_pright_sampent_full_change_precond;eeg_tleft_lalpha_mean_full_change_precond;eeg_t_sampent_full_change_precond;gsr_skin_conductance_eda_tonic_mean_nk_full_change_precond;eeg_c_theta_mean_full_change_precond;pupil_dilation_sd_full_change_precond;eeg_tright_halpha_mean_full_change_precond;eeg_fl_hbeta_mean_full_change_precond;hr_heartrate_bpm_med_abs_full_change_precond;hrv_rmssd_full_change_precond;eeg_fr_sampent_full_change_precond;eeg_fm_sampent_full_change_precond;eeg_pleft_lbeta_mean_full_change_precond;eeg_ab_ratio_full_change_precond;eeg_c_sampent_full_change_precond;eeg_fm_theta_mean_full_change_precond;eeg_pright_halpha_mean_full_change_precond;eeg_tleft_hbeta_mean_full_change_precond"
2025-11-26 17:57:10.903318,5,"stress_label",20,8,0.1,0.57051282051282,0.564102564102564,NA,20,"top20","eeg_tleft_sampent_full_change_precond;eeg_tleft_halpha_mean_full_change_precond;eeg_pright_sampent_full_change_precond;eeg_tleft_lalpha_mean_full_change_precond;eeg_t_sampent_full_change_precond;gsr_skin_conductance_eda_tonic_mean_nk_full_change_precond;eeg_c_theta_mean_full_change_precond;pupil_dilation_sd_full_change_precond;eeg_tright_halpha_mean_full_change_precond;eeg_fl_hbeta_mean_full_change_precond;hr_heartrate_bpm_med_abs_full_change_precond;hrv_rmssd_full_change_precond;eeg_fr_sampent_full_change_precond;eeg_fm_sampent_full_change_precond;eeg_pleft_lbeta_mean_full_change_precond;eeg_ab_ratio_full_change_precond;eeg_c_sampent_full_change_precond;eeg_fm_theta_mean_full_change_precond;eeg_pright_halpha_mean_full_change_precond;eeg_tleft_hbeta_mean_full_change_precond"
2025-11-26 17:57:11.989786,5,"stress_label",20,16,0.1,0.576923076923077,0.557692307692308,NA,20,"top20","eeg_tleft_sampent_full_change_precond;eeg_tleft_halpha_mean_full_change_precond;eeg_pright_sampent_full_change_precond;eeg_tleft_lalpha_mean_full_change_precond;eeg_t_sampent_full_change_precond;gsr_skin_conductance_eda_tonic_mean_nk_full_change_precond;eeg_c_theta_mean_full_change_precond;pupil_dilation_sd_full_change_precond;eeg_tright_halpha_mean_full_change_precond;eeg_fl_hbeta_mean_full_change_precond;hr_heartrate_bpm_med_abs_full_change_precond;hrv_rmssd_full_change_precond;eeg_fr_sampent_full_change_precond;eeg_fm_sampent_full_change_precond;eeg_pleft_lbeta_mean_full_change_precond;eeg_ab_ratio_full_change_precond;eeg_c_sampent_full_change_precond;eeg_fm_theta_mean_full_change_precond;eeg_pright_halpha_mean_full_change_precond;eeg_tleft_hbeta_mean_full_change_precond"
2025-11-26 17:57:13.038292,5,"stress_label",20,32,0.1,0.576923076923077,0.557692307692308,NA,20,"top20","eeg_tleft_sampent_full_change_precond;eeg_tleft_halpha_mean_full_change_precond;eeg_pright_sampent_full_change_precond;eeg_tleft_lalpha_mean_full_change_precond;eeg_t_sampent_full_change_precond;gsr_skin_conductance_eda_tonic_mean_nk_full_change_precond;eeg_c_theta_mean_full_change_precond;pupil_dilation_sd_full_change_precond;eeg_tright_halpha_mean_full_change_precond;eeg_fl_hbeta_mean_full_change_precond;hr_heartrate_bpm_med_abs_full_change_precond;hrv_rmssd_full_change_precond;eeg_fr_sampent_full_change_precond;eeg_fm_sampent_full_change_precond;eeg_pleft_lbeta_mean_full_change_precond;eeg_ab_ratio_full_change_precond;eeg_c_sampent_full_change_precond;eeg_fm_theta_mean_full_change_precond;eeg_pright_halpha_mean_full_change_precond;eeg_tleft_hbeta_mean_full_change_precond"
2025-11-26 17:57:14.170625,5,"stress_label",20,64,0.1,0.576923076923077,0.557692307692308,NA,20,"top20","eeg_tleft_sampent_full_change_precond;eeg_tleft_halpha_mean_full_change_precond;eeg_pright_sampent_full_change_precond;eeg_tleft_lalpha_mean_full_change_precond;eeg_t_sampent_full_change_precond;gsr_skin_conductance_eda_tonic_mean_nk_full_change_precond;eeg_c_theta_mean_full_change_precond;pupil_dilation_sd_full_change_precond;eeg_tright_halpha_mean_full_change_precond;eeg_fl_hbeta_mean_full_change_precond;hr_heartrate_bpm_med_abs_full_change_precond;hrv_rmssd_full_change_precond;eeg_fr_sampent_full_change_precond;eeg_fm_sampent_full_change_precond;eeg_pleft_lbeta_mean_full_change_precond;eeg_ab_ratio_full_change_precond;eeg_c_sampent_full_change_precond;eeg_fm_theta_mean_full_change_precond;eeg_pright_halpha_mean_full_change_precond;eeg_tleft_hbeta_mean_full_change_precond"
2025-11-26 17:57:15.224354,5,"stress_label",20,128,0.1,0.576923076923077,0.557692307692308,NA,20,"top20","eeg_tleft_sampent_full_change_precond;eeg_tleft_halpha_mean_full_change_precond;eeg_pright_sampent_full_change_precond;eeg_tleft_lalpha_mean_full_change_precond;eeg_t_sampent_full_change_precond;gsr_skin_conductance_eda_tonic_mean_nk_full_change_precond;eeg_c_theta_mean_full_change_precond;pupil_dilation_sd_full_change_precond;eeg_tright_halpha_mean_full_change_precond;eeg_fl_hbeta_mean_full_change_precond;hr_heartrate_bpm_med_abs_full_change_precond;hrv_rmssd_full_change_precond;eeg_fr_sampent_full_change_precond;eeg_fm_sampent_full_change_precond;eeg_pleft_lbeta_mean_full_change_precond;eeg_ab_ratio_full_change_precond;eeg_c_sampent_full_change_precond;eeg_fm_theta_mean_full_change_precond;eeg_pright_halpha_mean_full_change_precond;eeg_tleft_hbeta_mean_full_change_precond"
2025-11-26 17:57:16.296406,5,"stress_label",20,256,0.1,0.576923076923077,0.557692307692308,NA,20,"top20","eeg_tleft_sampent_full_change_precond;eeg_tleft_halpha_mean_full_change_precond;eeg_pright_sampent_full_change_precond;eeg_tleft_lalpha_mean_full_change_precond;eeg_t_sampent_full_change_precond;gsr_skin_conductance_eda_tonic_mean_nk_full_change_precond;eeg_c_theta_mean_full_change_precond;pupil_dilation_sd_full_change_precond;eeg_tright_halpha_mean_full_change_precond;eeg_fl_hbeta_mean_full_change_precond;hr_heartrate_bpm_med_abs_full_change_precond;hrv_rmssd_full_change_precond;eeg_fr_sampent_full_change_precond;eeg_fm_sampent_full_change_precond;eeg_pleft_lbeta_mean_full_change_precond;eeg_ab_ratio_full_change_precond;eeg_c_sampent_full_change_precond;eeg_fm_theta_mean_full_change_precond;eeg_pright_halpha_mean_full_change_precond;eeg_tleft_hbeta_mean_full_change_precond"
2025-11-26 17:57:17.021579,5,"stress_label",10,2,0.0078125,0.621794871794872,0.615384615384615,0.58034188034188,10,"top10","eeg_tleft_sampent_full_change_precond;eeg_tleft_halpha_mean_full_change_precond;eeg_pright_sampent_full_change_precond;eeg_tleft_lalpha_mean_full_change_precond;eeg_t_sampent_full_change_precond;gsr_skin_conductance_eda_tonic_mean_nk_full_change_precond;eeg_c_theta_mean_full_change_precond;pupil_dilation_sd_full_change_precond;eeg_tright_halpha_mean_full_change_precond;eeg_fl_hbeta_mean_full_change_precond"
2025-11-26 17:57:17.718155,5,"stress_label",10,4,0.0078125,0.583333333333333,0.615384615384615,0.552991452991453,10,"top10","eeg_tleft_sampent_full_change_precond;eeg_tleft_halpha_mean_full_change_precond;eeg_pright_sampent_full_change_precond;eeg_tleft_lalpha_mean_full_change_precond;eeg_t_sampent_full_change_precond;gsr_skin_conductance_eda_tonic_mean_nk_full_change_precond;eeg_c_theta_mean_full_change_precond;pupil_dilation_sd_full_change_precond;eeg_tright_halpha_mean_full_change_precond;eeg_fl_hbeta_mean_full_change_precond"
2025-11-26 17:57:18.541738,5,"stress_label",10,8,0.0078125,0.57051282051282,0.621794871794872,0.552991452991453,10,"top10","eeg_tleft_sampent_full_change_precond;eeg_tleft_halpha_mean_full_change_precond;eeg_pright_sampent_full_change_precond;eeg_tleft_lalpha_mean_full_change_precond;eeg_t_sampent_full_change_precond;gsr_skin_conductance_eda_tonic_mean_nk_full_change_precond;eeg_c_theta_mean_full_change_precond;pupil_dilation_sd_full_change_precond;eeg_tright_halpha_mean_full_change_precond;eeg_fl_hbeta_mean_full_change_precond"
2025-11-26 17:57:19.379942,5,"stress_label",10,16,0.0078125,0.576923076923077,0.596153846153846,0.55042735042735,10,"top10","eeg_tleft_sampent_full_change_precond;eeg_tleft_halpha_mean_full_change_precond;eeg_pright_sampent_full_change_precond;eeg_tleft_lalpha_mean_full_change_precond;eeg_t_sampent_full_change_precond;gsr_skin_conductance_eda_tonic_mean_nk_full_change_precond;eeg_c_theta_mean_full_change_precond;pupil_dilation_sd_full_change_precond;eeg_tright_halpha_mean_full_change_precond;eeg_fl_hbeta_mean_full_change_precond"
2025-11-26 17:57:20.203858,5,"stress_label",10,32,0.0078125,0.57051282051282,0.596153846153846,0.54017094017094,10,"top10","eeg_tleft_sampent_full_change_precond;eeg_tleft_halpha_mean_full_change_precond;eeg_pright_sampent_full_change_precond;eeg_tleft_lalpha_mean_full_change_precond;eeg_t_sampent_full_change_precond;gsr_skin_conductance_eda_tonic_mean_nk_full_change_precond;eeg_c_theta_mean_full_change_precond;pupil_dilation_sd_full_change_precond;eeg_tright_halpha_mean_full_change_precond;eeg_fl_hbeta_mean_full_change_precond"
2025-11-26 17:57:21.111502,5,"stress_label",10,64,0.0078125,0.57051282051282,0.615384615384615,0.54017094017094,10,"top10","eeg_tleft_sampent_full_change_precond;eeg_tleft_halpha_mean_full_change_precond;eeg_pright_sampent_full_change_precond;eeg_tleft_lalpha_mean_full_change_precond;eeg_t_sampent_full_change_precond;gsr_skin_conductance_eda_tonic_mean_nk_full_change_precond;eeg_c_theta_mean_full_change_precond;pupil_dilation_sd_full_change_precond;eeg_tright_halpha_mean_full_change_precond;eeg_fl_hbeta_mean_full_change_precond"
2025-11-26 17:57:22.059619,5,"stress_label",10,128,0.0078125,0.564102564102564,0.602564102564103,0.542735042735043,10,"top10","eeg_tleft_sampent_full_change_precond;eeg_tleft_halpha_mean_full_change_precond;eeg_pright_sampent_full_change_precond;eeg_tleft_lalpha_mean_full_change_precond;eeg_t_sampent_full_change_precond;gsr_skin_conductance_eda_tonic_mean_nk_full_change_precond;eeg_c_theta_mean_full_change_precond;pupil_dilation_sd_full_change_precond;eeg_tright_halpha_mean_full_change_precond;eeg_fl_hbeta_mean_full_change_precond"
2025-11-26 17:57:22.951577,5,"stress_label",10,256,0.0078125,0.512820512820513,0.557692307692308,NA,10,"top10","eeg_tleft_sampent_full_change_precond;eeg_tleft_halpha_mean_full_change_precond;eeg_pright_sampent_full_change_precond;eeg_tleft_lalpha_mean_full_change_precond;eeg_t_sampent_full_change_precond;gsr_skin_conductance_eda_tonic_mean_nk_full_change_precond;eeg_c_theta_mean_full_change_precond;pupil_dilation_sd_full_change_precond;eeg_tright_halpha_mean_full_change_precond;eeg_fl_hbeta_mean_full_change_precond"
2025-11-26 17:57:23.73761,5,"stress_label",10,2,0.015625,0.583333333333333,0.621794871794872,0.552991452991453,10,"top10","eeg_tleft_sampent_full_change_precond;eeg_tleft_halpha_mean_full_change_precond;eeg_pright_sampent_full_change_precond;eeg_tleft_lalpha_mean_full_change_precond;eeg_t_sampent_full_change_precond;gsr_skin_conductance_eda_tonic_mean_nk_full_change_precond;eeg_c_theta_mean_full_change_precond;pupil_dilation_sd_full_change_precond;eeg_tright_halpha_mean_full_change_precond;eeg_fl_hbeta_mean_full_change_precond"
2025-11-26 17:57:24.559305,5,"stress_label",10,4,0.015625,0.564102564102564,0.615384615384615,0.535897435897436,10,"top10","eeg_tleft_sampent_full_change_precond;eeg_tleft_halpha_mean_full_change_precond;eeg_pright_sampent_full_change_precond;eeg_tleft_lalpha_mean_full_change_precond;eeg_t_sampent_full_change_precond;gsr_skin_conductance_eda_tonic_mean_nk_full_change_precond;eeg_c_theta_mean_full_change_precond;pupil_dilation_sd_full_change_precond;eeg_tright_halpha_mean_full_change_precond;eeg_fl_hbeta_mean_full_change_precond"
2025-11-26 17:57:25.411487,5,"stress_label",10,8,0.015625,0.57051282051282,0.608974358974359,0.538461538461538,10,"top10","eeg_tleft_sampent_full_change_precond;eeg_tleft_halpha_mean_full_change_precond;eeg_pright_sampent_full_change_precond;eeg_tleft_lalpha_mean_full_change_precond;eeg_t_sampent_full_change_precond;gsr_skin_conductance_eda_tonic_mean_nk_full_change_precond;eeg_c_theta_mean_full_change_precond;pupil_dilation_sd_full_change_precond;eeg_tright_halpha_mean_full_change_precond;eeg_fl_hbeta_mean_full_change_precond"
2025-11-26 17:57:26.269975,5,"stress_label",10,16,0.015625,0.57051282051282,0.615384615384615,0.54017094017094,10,"top10","eeg_tleft_sampent_full_change_precond;eeg_tleft_halpha_mean_full_change_precond;eeg_pright_sampent_full_change_precond;eeg_tleft_lalpha_mean_full_change_precond;eeg_t_sampent_full_change_precond;gsr_skin_conductance_eda_tonic_mean_nk_full_change_precond;eeg_c_theta_mean_full_change_precond;pupil_dilation_sd_full_change_precond;eeg_tright_halpha_mean_full_change_precond;eeg_fl_hbeta_mean_full_change_precond"
2025-11-26 17:57:27.175176,5,"stress_label",10,32,0.015625,0.57051282051282,0.608974358974359,0.547008547008547,10,"top10","eeg_tleft_sampent_full_change_precond;eeg_tleft_halpha_mean_full_change_precond;eeg_pright_sampent_full_change_precond;eeg_tleft_lalpha_mean_full_change_precond;eeg_t_sampent_full_change_precond;gsr_skin_conductance_eda_tonic_mean_nk_full_change_precond;eeg_c_theta_mean_full_change_precond;pupil_dilation_sd_full_change_precond;eeg_tright_halpha_mean_full_change_precond;eeg_fl_hbeta_mean_full_change_precond"
2025-11-26 17:57:28.139326,5,"stress_label",10,64,0.015625,0.551282051282051,0.557692307692308,NA,10,"top10","eeg_tleft_sampent_full_change_precond;eeg_tleft_halpha_mean_full_change_precond;eeg_pright_sampent_full_change_precond;eeg_tleft_lalpha_mean_full_change_precond;eeg_t_sampent_full_change_precond;gsr_skin_conductance_eda_tonic_mean_nk_full_change_precond;eeg_c_theta_mean_full_change_precond;pupil_dilation_sd_full_change_precond;eeg_tright_halpha_mean_full_change_precond;eeg_fl_hbeta_mean_full_change_precond"
2025-11-26 17:57:29.01864,5,"stress_label",10,128,0.015625,0.5,0.461538461538462,NA,10,"top10","eeg_tleft_sampent_full_change_precond;eeg_tleft_halpha_mean_full_change_precond;eeg_pright_sampent_full_change_precond;eeg_tleft_lalpha_mean_full_change_precond;eeg_t_sampent_full_change_precond;gsr_skin_conductance_eda_tonic_mean_nk_full_change_precond;eeg_c_theta_mean_full_change_precond;pupil_dilation_sd_full_change_precond;eeg_tright_halpha_mean_full_change_precond;eeg_fl_hbeta_mean_full_change_precond"
2025-11-26 17:57:30.199646,5,"stress_label",10,256,0.015625,0.519230769230769,0.448717948717949,NA,10,"top10","eeg_tleft_sampent_full_change_precond;eeg_tleft_halpha_mean_full_change_precond;eeg_pright_sampent_full_change_precond;eeg_tleft_lalpha_mean_full_change_precond;eeg_t_sampent_full_change_precond;gsr_skin_conductance_eda_tonic_mean_nk_full_change_precond;eeg_c_theta_mean_full_change_precond;pupil_dilation_sd_full_change_precond;eeg_tright_halpha_mean_full_change_precond;eeg_fl_hbeta_mean_full_change_precond"
2025-11-26 17:57:30.984772,5,"stress_label",10,2,0.03125,0.564102564102564,0.615384615384615,NA,10,"top10","eeg_tleft_sampent_full_change_precond;eeg_tleft_halpha_mean_full_change_precond;eeg_pright_sampent_full_change_precond;eeg_tleft_lalpha_mean_full_change_precond;eeg_t_sampent_full_change_precond;gsr_skin_conductance_eda_tonic_mean_nk_full_change_precond;eeg_c_theta_mean_full_change_precond;pupil_dilation_sd_full_change_precond;eeg_tright_halpha_mean_full_change_precond;eeg_fl_hbeta_mean_full_change_precond"
2025-11-26 17:57:31.846119,5,"stress_label",10,4,0.03125,0.576923076923077,0.608974358974359,NA,10,"top10","eeg_tleft_sampent_full_change_precond;eeg_tleft_halpha_mean_full_change_precond;eeg_pright_sampent_full_change_precond;eeg_tleft_lalpha_mean_full_change_precond;eeg_t_sampent_full_change_precond;gsr_skin_conductance_eda_tonic_mean_nk_full_change_precond;eeg_c_theta_mean_full_change_precond;pupil_dilation_sd_full_change_precond;eeg_tright_halpha_mean_full_change_precond;eeg_fl_hbeta_mean_full_change_precond"
2025-11-26 17:57:32.721575,5,"stress_label",10,8,0.03125,0.57051282051282,0.602564102564103,0.546153846153846,10,"top10","eeg_tleft_sampent_full_change_precond;eeg_tleft_halpha_mean_full_change_precond;eeg_pright_sampent_full_change_precond;eeg_tleft_lalpha_mean_full_change_precond;eeg_t_sampent_full_change_precond;gsr_skin_conductance_eda_tonic_mean_nk_full_change_precond;eeg_c_theta_mean_full_change_precond;pupil_dilation_sd_full_change_precond;eeg_tright_halpha_mean_full_change_precond;eeg_fl_hbeta_mean_full_change_precond"
2025-11-26 17:57:33.623494,5,"stress_label",10,16,0.03125,0.58974358974359,0.58974358974359,NA,10,"top10","eeg_tleft_sampent_full_change_precond;eeg_tleft_halpha_mean_full_change_precond;eeg_pright_sampent_full_change_precond;eeg_tleft_lalpha_mean_full_change_precond;eeg_t_sampent_full_change_precond;gsr_skin_conductance_eda_tonic_mean_nk_full_change_precond;eeg_c_theta_mean_full_change_precond;pupil_dilation_sd_full_change_precond;eeg_tright_halpha_mean_full_change_precond;eeg_fl_hbeta_mean_full_change_precond"
2025-11-26 17:57:34.619546,5,"stress_label",10,32,0.03125,0.512820512820513,0.525641025641026,NA,10,"top10","eeg_tleft_sampent_full_change_precond;eeg_tleft_halpha_mean_full_change_precond;eeg_pright_sampent_full_change_precond;eeg_tleft_lalpha_mean_full_change_precond;eeg_t_sampent_full_change_precond;gsr_skin_conductance_eda_tonic_mean_nk_full_change_precond;eeg_c_theta_mean_full_change_precond;pupil_dilation_sd_full_change_precond;eeg_tright_halpha_mean_full_change_precond;eeg_fl_hbeta_mean_full_change_precond"
2025-11-26 17:57:35.490666,5,"stress_label",10,64,0.03125,0.493589743589744,0.474358974358974,NA,10,"top10","eeg_tleft_sampent_full_change_precond;eeg_tleft_halpha_mean_full_change_precond;eeg_pright_sampent_full_change_precond;eeg_tleft_lalpha_mean_full_change_precond;eeg_t_sampent_full_change_precond;gsr_skin_conductance_eda_tonic_mean_nk_full_change_precond;eeg_c_theta_mean_full_change_precond;pupil_dilation_sd_full_change_precond;eeg_tright_halpha_mean_full_change_precond;eeg_fl_hbeta_mean_full_change_precond"
2025-11-26 17:57:36.726387,5,"stress_label",10,128,0.03125,0.474358974358974,0.493589743589744,NA,10,"top10","eeg_tleft_sampent_full_change_precond;eeg_tleft_halpha_mean_full_change_precond;eeg_pright_sampent_full_change_precond;eeg_tleft_lalpha_mean_full_change_precond;eeg_t_sampent_full_change_precond;gsr_skin_conductance_eda_tonic_mean_nk_full_change_precond;eeg_c_theta_mean_full_change_precond;pupil_dilation_sd_full_change_precond;eeg_tright_halpha_mean_full_change_precond;eeg_fl_hbeta_mean_full_change_precond"
2025-11-26 17:57:38.173303,5,"stress_label",10,256,0.03125,0.487179487179487,0.474358974358974,NA,10,"top10","eeg_tleft_sampent_full_change_precond;eeg_tleft_halpha_mean_full_change_precond;eeg_pright_sampent_full_change_precond;eeg_tleft_lalpha_mean_full_change_precond;eeg_t_sampent_full_change_precond;gsr_skin_conductance_eda_tonic_mean_nk_full_change_precond;eeg_c_theta_mean_full_change_precond;pupil_dilation_sd_full_change_precond;eeg_tright_halpha_mean_full_change_precond;eeg_fl_hbeta_mean_full_change_precond"
2025-11-26 17:57:39.039034,5,"stress_label",10,2,0.0625,0.57051282051282,0.583333333333333,NA,10,"top10","eeg_tleft_sampent_full_change_precond;eeg_tleft_halpha_mean_full_change_precond;eeg_pright_sampent_full_change_precond;eeg_tleft_lalpha_mean_full_change_precond;eeg_t_sampent_full_change_precond;gsr_skin_conductance_eda_tonic_mean_nk_full_change_precond;eeg_c_theta_mean_full_change_precond;pupil_dilation_sd_full_change_precond;eeg_tright_halpha_mean_full_change_precond;eeg_fl_hbeta_mean_full_change_precond"
2025-11-26 17:57:39.8031,5,"stress_label",10,4,0.0625,0.564102564102564,0.564102564102564,0.543589743589744,10,"top10","eeg_tleft_sampent_full_change_precond;eeg_tleft_halpha_mean_full_change_precond;eeg_pright_sampent_full_change_precond;eeg_tleft_lalpha_mean_full_change_precond;eeg_t_sampent_full_change_precond;gsr_skin_conductance_eda_tonic_mean_nk_full_change_precond;eeg_c_theta_mean_full_change_precond;pupil_dilation_sd_full_change_precond;eeg_tright_halpha_mean_full_change_precond;eeg_fl_hbeta_mean_full_change_precond"
2025-11-26 17:57:40.698343,5,"stress_label",10,8,0.0625,0.532051282051282,0.487179487179487,NA,10,"top10","eeg_tleft_sampent_full_change_precond;eeg_tleft_halpha_mean_full_change_precond;eeg_pright_sampent_full_change_precond;eeg_tleft_lalpha_mean_full_change_precond;eeg_t_sampent_full_change_precond;gsr_skin_conductance_eda_tonic_mean_nk_full_change_precond;eeg_c_theta_mean_full_change_precond;pupil_dilation_sd_full_change_precond;eeg_tright_halpha_mean_full_change_precond;eeg_fl_hbeta_mean_full_change_precond"
2025-11-26 17:57:41.653244,5,"stress_label",10,16,0.0625,0.5,0.474358974358974,NA,10,"top10","eeg_tleft_sampent_full_change_precond;eeg_tleft_halpha_mean_full_change_precond;eeg_pright_sampent_full_change_precond;eeg_tleft_lalpha_mean_full_change_precond;eeg_t_sampent_full_change_precond;gsr_skin_conductance_eda_tonic_mean_nk_full_change_precond;eeg_c_theta_mean_full_change_precond;pupil_dilation_sd_full_change_precond;eeg_tright_halpha_mean_full_change_precond;eeg_fl_hbeta_mean_full_change_precond"
2025-11-26 17:57:42.68891,5,"stress_label",10,32,0.0625,0.455128205128205,0.474358974358974,NA,10,"top10","eeg_tleft_sampent_full_change_precond;eeg_tleft_halpha_mean_full_change_precond;eeg_pright_sampent_full_change_precond;eeg_tleft_lalpha_mean_full_change_precond;eeg_t_sampent_full_change_precond;gsr_skin_conductance_eda_tonic_mean_nk_full_change_precond;eeg_c_theta_mean_full_change_precond;pupil_dilation_sd_full_change_precond;eeg_tright_halpha_mean_full_change_precond;eeg_fl_hbeta_mean_full_change_precond"
2025-11-26 17:57:43.811924,5,"stress_label",10,64,0.0625,0.493589743589744,0.461538461538462,NA,10,"top10","eeg_tleft_sampent_full_change_precond;eeg_tleft_halpha_mean_full_change_precond;eeg_pright_sampent_full_change_precond;eeg_tleft_lalpha_mean_full_change_precond;eeg_t_sampent_full_change_precond;gsr_skin_conductance_eda_tonic_mean_nk_full_change_precond;eeg_c_theta_mean_full_change_precond;pupil_dilation_sd_full_change_precond;eeg_tright_halpha_mean_full_change_precond;eeg_fl_hbeta_mean_full_change_precond"
2025-11-26 17:57:44.89564,5,"stress_label",10,128,0.0625,0.487179487179487,0.403846153846154,NA,10,"top10","eeg_tleft_sampent_full_change_precond;eeg_tleft_halpha_mean_full_change_precond;eeg_pright_sampent_full_change_precond;eeg_tleft_lalpha_mean_full_change_precond;eeg_t_sampent_full_change_precond;gsr_skin_conductance_eda_tonic_mean_nk_full_change_precond;eeg_c_theta_mean_full_change_precond;pupil_dilation_sd_full_change_precond;eeg_tright_halpha_mean_full_change_precond;eeg_fl_hbeta_mean_full_change_precond"
2025-11-26 17:57:46.127464,5,"stress_label",10,256,0.0625,0.5,0.467948717948718,NA,10,"top10","eeg_tleft_sampent_full_change_precond;eeg_tleft_halpha_mean_full_change_precond;eeg_pright_sampent_full_change_precond;eeg_tleft_lalpha_mean_full_change_precond;eeg_t_sampent_full_change_precond;gsr_skin_conductance_eda_tonic_mean_nk_full_change_precond;eeg_c_theta_mean_full_change_precond;pupil_dilation_sd_full_change_precond;eeg_tright_halpha_mean_full_change_precond;eeg_fl_hbeta_mean_full_change_precond"
2025-11-26 17:57:47.014155,5,"stress_label",10,2,0.125,0.576923076923077,0.538461538461538,NA,10,"top10","eeg_tleft_sampent_full_change_precond;eeg_tleft_halpha_mean_full_change_precond;eeg_pright_sampent_full_change_precond;eeg_tleft_lalpha_mean_full_change_precond;eeg_t_sampent_full_change_precond;gsr_skin_conductance_eda_tonic_mean_nk_full_change_precond;eeg_c_theta_mean_full_change_precond;pupil_dilation_sd_full_change_precond;eeg_tright_halpha_mean_full_change_precond;eeg_fl_hbeta_mean_full_change_precond"
2025-11-26 17:57:47.925135,5,"stress_label",10,4,0.125,0.544871794871795,0.448717948717949,NA,10,"top10","eeg_tleft_sampent_full_change_precond;eeg_tleft_halpha_mean_full_change_precond;eeg_pright_sampent_full_change_precond;eeg_tleft_lalpha_mean_full_change_precond;eeg_t_sampent_full_change_precond;gsr_skin_conductance_eda_tonic_mean_nk_full_change_precond;eeg_c_theta_mean_full_change_precond;pupil_dilation_sd_full_change_precond;eeg_tright_halpha_mean_full_change_precond;eeg_fl_hbeta_mean_full_change_precond"
2025-11-26 17:57:48.855364,5,"stress_label",10,8,0.125,0.506410256410256,0.467948717948718,NA,10,"top10","eeg_tleft_sampent_full_change_precond;eeg_tleft_halpha_mean_full_change_precond;eeg_pright_sampent_full_change_precond;eeg_tleft_lalpha_mean_full_change_precond;eeg_t_sampent_full_change_precond;gsr_skin_conductance_eda_tonic_mean_nk_full_change_precond;eeg_c_theta_mean_full_change_precond;pupil_dilation_sd_full_change_precond;eeg_tright_halpha_mean_full_change_precond;eeg_fl_hbeta_mean_full_change_precond"
2025-11-26 17:57:49.792677,5,"stress_label",10,16,0.125,0.493589743589744,0.480769230769231,NA,10,"top10","eeg_tleft_sampent_full_change_precond;eeg_tleft_halpha_mean_full_change_precond;eeg_pright_sampent_full_change_precond;eeg_tleft_lalpha_mean_full_change_precond;eeg_t_sampent_full_change_precond;gsr_skin_conductance_eda_tonic_mean_nk_full_change_precond;eeg_c_theta_mean_full_change_precond;pupil_dilation_sd_full_change_precond;eeg_tright_halpha_mean_full_change_precond;eeg_fl_hbeta_mean_full_change_precond"
2025-11-26 17:57:50.607056,5,"stress_label",10,32,0.125,0.487179487179487,0.41025641025641,NA,10,"top10","eeg_tleft_sampent_full_change_precond;eeg_tleft_halpha_mean_full_change_precond;eeg_pright_sampent_full_change_precond;eeg_tleft_lalpha_mean_full_change_precond;eeg_t_sampent_full_change_precond;gsr_skin_conductance_eda_tonic_mean_nk_full_change_precond;eeg_c_theta_mean_full_change_precond;pupil_dilation_sd_full_change_precond;eeg_tright_halpha_mean_full_change_precond;eeg_fl_hbeta_mean_full_change_precond"
2025-11-26 17:57:51.573943,5,"stress_label",10,64,0.125,0.474358974358974,0.397435897435897,NA,10,"top10","eeg_tleft_sampent_full_change_precond;eeg_tleft_halpha_mean_full_change_precond;eeg_pright_sampent_full_change_precond;eeg_tleft_lalpha_mean_full_change_precond;eeg_t_sampent_full_change_precond;gsr_skin_conductance_eda_tonic_mean_nk_full_change_precond;eeg_c_theta_mean_full_change_precond;pupil_dilation_sd_full_change_precond;eeg_tright_halpha_mean_full_change_precond;eeg_fl_hbeta_mean_full_change_precond"
2025-11-26 17:57:52.508985,5,"stress_label",10,128,0.125,0.493589743589744,0.41025641025641,NA,10,"top10","eeg_tleft_sampent_full_change_precond;eeg_tleft_halpha_mean_full_change_precond;eeg_pright_sampent_full_change_precond;eeg_tleft_lalpha_mean_full_change_precond;eeg_t_sampent_full_change_precond;gsr_skin_conductance_eda_tonic_mean_nk_full_change_precond;eeg_c_theta_mean_full_change_precond;pupil_dilation_sd_full_change_precond;eeg_tright_halpha_mean_full_change_precond;eeg_fl_hbeta_mean_full_change_precond"
2025-11-26 17:57:53.396763,5,"stress_label",10,256,0.125,0.493589743589744,0.41025641025641,NA,10,"top10","eeg_tleft_sampent_full_change_precond;eeg_tleft_halpha_mean_full_change_precond;eeg_pright_sampent_full_change_precond;eeg_tleft_lalpha_mean_full_change_precond;eeg_t_sampent_full_change_precond;gsr_skin_conductance_eda_tonic_mean_nk_full_change_precond;eeg_c_theta_mean_full_change_precond;pupil_dilation_sd_full_change_precond;eeg_tright_halpha_mean_full_change_precond;eeg_fl_hbeta_mean_full_change_precond"
2025-11-26 17:57:54.257946,5,"stress_label",10,2,0.03,0.57051282051282,0.615384615384615,NA,10,"top10","eeg_tleft_sampent_full_change_precond;eeg_tleft_halpha_mean_full_change_precond;eeg_pright_sampent_full_change_precond;eeg_tleft_lalpha_mean_full_change_precond;eeg_t_sampent_full_change_precond;gsr_skin_conductance_eda_tonic_mean_nk_full_change_precond;eeg_c_theta_mean_full_change_precond;pupil_dilation_sd_full_change_precond;eeg_tright_halpha_mean_full_change_precond;eeg_fl_hbeta_mean_full_change_precond"
2025-11-26 17:57:55.028112,5,"stress_label",10,4,0.03,0.57051282051282,0.602564102564103,0.536752136752137,10,"top10","eeg_tleft_sampent_full_change_precond;eeg_tleft_halpha_mean_full_change_precond;eeg_pright_sampent_full_change_precond;eeg_tleft_lalpha_mean_full_change_precond;eeg_t_sampent_full_change_precond;gsr_skin_conductance_eda_tonic_mean_nk_full_change_precond;eeg_c_theta_mean_full_change_precond;pupil_dilation_sd_full_change_precond;eeg_tright_halpha_mean_full_change_precond;eeg_fl_hbeta_mean_full_change_precond"
2025-11-26 17:57:55.72577,5,"stress_label",10,8,0.03,0.57051282051282,0.602564102564103,0.546153846153846,10,"top10","eeg_tleft_sampent_full_change_precond;eeg_tleft_halpha_mean_full_change_precond;eeg_pright_sampent_full_change_precond;eeg_tleft_lalpha_mean_full_change_precond;eeg_t_sampent_full_change_precond;gsr_skin_conductance_eda_tonic_mean_nk_full_change_precond;eeg_c_theta_mean_full_change_precond;pupil_dilation_sd_full_change_precond;eeg_tright_halpha_mean_full_change_precond;eeg_fl_hbeta_mean_full_change_precond"
2025-11-26 17:57:56.630807,5,"stress_label",10,16,0.03,0.58974358974359,0.58974358974359,NA,10,"top10","eeg_tleft_sampent_full_change_precond;eeg_tleft_halpha_mean_full_change_precond;eeg_pright_sampent_full_change_precond;eeg_tleft_lalpha_mean_full_change_precond;eeg_t_sampent_full_change_precond;gsr_skin_conductance_eda_tonic_mean_nk_full_change_precond;eeg_c_theta_mean_full_change_precond;pupil_dilation_sd_full_change_precond;eeg_tright_halpha_mean_full_change_precond;eeg_fl_hbeta_mean_full_change_precond"
2025-11-26 17:57:57.589966,5,"stress_label",10,32,0.03,0.512820512820513,0.525641025641026,NA,10,"top10","eeg_tleft_sampent_full_change_precond;eeg_tleft_halpha_mean_full_change_precond;eeg_pright_sampent_full_change_precond;eeg_tleft_lalpha_mean_full_change_precond;eeg_t_sampent_full_change_precond;gsr_skin_conductance_eda_tonic_mean_nk_full_change_precond;eeg_c_theta_mean_full_change_precond;pupil_dilation_sd_full_change_precond;eeg_tright_halpha_mean_full_change_precond;eeg_fl_hbeta_mean_full_change_precond"
2025-11-26 17:57:58.664992,5,"stress_label",10,64,0.03,0.506410256410256,0.519230769230769,NA,10,"top10","eeg_tleft_sampent_full_change_precond;eeg_tleft_halpha_mean_full_change_precond;eeg_pright_sampent_full_change_precond;eeg_tleft_lalpha_mean_full_change_precond;eeg_t_sampent_full_change_precond;gsr_skin_conductance_eda_tonic_mean_nk_full_change_precond;eeg_c_theta_mean_full_change_precond;pupil_dilation_sd_full_change_precond;eeg_tright_halpha_mean_full_change_precond;eeg_fl_hbeta_mean_full_change_precond"
2025-11-26 17:57:59.869768,5,"stress_label",10,128,0.03,0.487179487179487,0.487179487179487,NA,10,"top10","eeg_tleft_sampent_full_change_precond;eeg_tleft_halpha_mean_full_change_precond;eeg_pright_sampent_full_change_precond;eeg_tleft_lalpha_mean_full_change_precond;eeg_t_sampent_full_change_precond;gsr_skin_conductance_eda_tonic_mean_nk_full_change_precond;eeg_c_theta_mean_full_change_precond;pupil_dilation_sd_full_change_precond;eeg_tright_halpha_mean_full_change_precond;eeg_fl_hbeta_mean_full_change_precond"
2025-11-26 17:58:01.149162,5,"stress_label",10,256,0.03,0.506410256410256,0.493589743589744,NA,10,"top10","eeg_tleft_sampent_full_change_precond;eeg_tleft_halpha_mean_full_change_precond;eeg_pright_sampent_full_change_precond;eeg_tleft_lalpha_mean_full_change_precond;eeg_t_sampent_full_change_precond;gsr_skin_conductance_eda_tonic_mean_nk_full_change_precond;eeg_c_theta_mean_full_change_precond;pupil_dilation_sd_full_change_precond;eeg_tright_halpha_mean_full_change_precond;eeg_fl_hbeta_mean_full_change_precond"
2025-11-26 17:58:01.842534,5,"stress_label",10,2,0.06,0.57051282051282,0.58974358974359,NA,10,"top10","eeg_tleft_sampent_full_change_precond;eeg_tleft_halpha_mean_full_change_precond;eeg_pright_sampent_full_change_precond;eeg_tleft_lalpha_mean_full_change_precond;eeg_t_sampent_full_change_precond;gsr_skin_conductance_eda_tonic_mean_nk_full_change_precond;eeg_c_theta_mean_full_change_precond;pupil_dilation_sd_full_change_precond;eeg_tright_halpha_mean_full_change_precond;eeg_fl_hbeta_mean_full_change_precond"
2025-11-26 17:58:02.63024,5,"stress_label",10,4,0.06,0.557692307692308,0.564102564102564,0.535897435897436,10,"top10","eeg_tleft_sampent_full_change_precond;eeg_tleft_halpha_mean_full_change_precond;eeg_pright_sampent_full_change_precond;eeg_tleft_lalpha_mean_full_change_precond;eeg_t_sampent_full_change_precond;gsr_skin_conductance_eda_tonic_mean_nk_full_change_precond;eeg_c_theta_mean_full_change_precond;pupil_dilation_sd_full_change_precond;eeg_tright_halpha_mean_full_change_precond;eeg_fl_hbeta_mean_full_change_precond"
2025-11-26 17:58:03.540883,5,"stress_label",10,8,0.06,0.532051282051282,0.525641025641026,NA,10,"top10","eeg_tleft_sampent_full_change_precond;eeg_tleft_halpha_mean_full_change_precond;eeg_pright_sampent_full_change_precond;eeg_tleft_lalpha_mean_full_change_precond;eeg_t_sampent_full_change_precond;gsr_skin_conductance_eda_tonic_mean_nk_full_change_precond;eeg_c_theta_mean_full_change_precond;pupil_dilation_sd_full_change_precond;eeg_tright_halpha_mean_full_change_precond;eeg_fl_hbeta_mean_full_change_precond"
2025-11-26 17:58:04.519686,5,"stress_label",10,16,0.06,0.5,0.512820512820513,NA,10,"top10","eeg_tleft_sampent_full_change_precond;eeg_tleft_halpha_mean_full_change_precond;eeg_pright_sampent_full_change_precond;eeg_tleft_lalpha_mean_full_change_precond;eeg_t_sampent_full_change_precond;gsr_skin_conductance_eda_tonic_mean_nk_full_change_precond;eeg_c_theta_mean_full_change_precond;pupil_dilation_sd_full_change_precond;eeg_tright_halpha_mean_full_change_precond;eeg_fl_hbeta_mean_full_change_precond"
2025-11-26 17:58:05.499193,5,"stress_label",10,32,0.06,0.455128205128205,0.384615384615385,NA,10,"top10","eeg_tleft_sampent_full_change_precond;eeg_tleft_halpha_mean_full_change_precond;eeg_pright_sampent_full_change_precond;eeg_tleft_lalpha_mean_full_change_precond;eeg_t_sampent_full_change_precond;gsr_skin_conductance_eda_tonic_mean_nk_full_change_precond;eeg_c_theta_mean_full_change_precond;pupil_dilation_sd_full_change_precond;eeg_tright_halpha_mean_full_change_precond;eeg_fl_hbeta_mean_full_change_precond"
2025-11-26 17:58:06.636689,5,"stress_label",10,64,0.06,0.5,0.448717948717949,NA,10,"top10","eeg_tleft_sampent_full_change_precond;eeg_tleft_halpha_mean_full_change_precond;eeg_pright_sampent_full_change_precond;eeg_tleft_lalpha_mean_full_change_precond;eeg_t_sampent_full_change_precond;gsr_skin_conductance_eda_tonic_mean_nk_full_change_precond;eeg_c_theta_mean_full_change_precond;pupil_dilation_sd_full_change_precond;eeg_tright_halpha_mean_full_change_precond;eeg_fl_hbeta_mean_full_change_precond"
2025-11-26 17:58:07.853877,5,"stress_label",10,128,0.06,0.5,0.423076923076923,NA,10,"top10","eeg_tleft_sampent_full_change_precond;eeg_tleft_halpha_mean_full_change_precond;eeg_pright_sampent_full_change_precond;eeg_tleft_lalpha_mean_full_change_precond;eeg_t_sampent_full_change_precond;gsr_skin_conductance_eda_tonic_mean_nk_full_change_precond;eeg_c_theta_mean_full_change_precond;pupil_dilation_sd_full_change_precond;eeg_tright_halpha_mean_full_change_precond;eeg_fl_hbeta_mean_full_change_precond"
2025-11-26 17:58:09.162777,5,"stress_label",10,256,0.06,0.493589743589744,0.480769230769231,NA,10,"top10","eeg_tleft_sampent_full_change_precond;eeg_tleft_halpha_mean_full_change_precond;eeg_pright_sampent_full_change_precond;eeg_tleft_lalpha_mean_full_change_precond;eeg_t_sampent_full_change_precond;gsr_skin_conductance_eda_tonic_mean_nk_full_change_precond;eeg_c_theta_mean_full_change_precond;pupil_dilation_sd_full_change_precond;eeg_tright_halpha_mean_full_change_precond;eeg_fl_hbeta_mean_full_change_precond"
2025-11-26 17:58:10.233021,5,"stress_label",10,2,0.1,0.57051282051282,0.57051282051282,NA,10,"top10","eeg_tleft_sampent_full_change_precond;eeg_tleft_halpha_mean_full_change_precond;eeg_pright_sampent_full_change_precond;eeg_tleft_lalpha_mean_full_change_precond;eeg_t_sampent_full_change_precond;gsr_skin_conductance_eda_tonic_mean_nk_full_change_precond;eeg_c_theta_mean_full_change_precond;pupil_dilation_sd_full_change_precond;eeg_tright_halpha_mean_full_change_precond;eeg_fl_hbeta_mean_full_change_precond"
2025-11-26 17:58:11.136709,5,"stress_label",10,4,0.1,0.551282051282051,0.487179487179487,NA,10,"top10","eeg_tleft_sampent_full_change_precond;eeg_tleft_halpha_mean_full_change_precond;eeg_pright_sampent_full_change_precond;eeg_tleft_lalpha_mean_full_change_precond;eeg_t_sampent_full_change_precond;gsr_skin_conductance_eda_tonic_mean_nk_full_change_precond;eeg_c_theta_mean_full_change_precond;pupil_dilation_sd_full_change_precond;eeg_tright_halpha_mean_full_change_precond;eeg_fl_hbeta_mean_full_change_precond"
2025-11-26 17:58:12.052854,5,"stress_label",10,8,0.1,0.474358974358974,0.403846153846154,NA,10,"top10","eeg_tleft_sampent_full_change_precond;eeg_tleft_halpha_mean_full_change_precond;eeg_pright_sampent_full_change_precond;eeg_tleft_lalpha_mean_full_change_precond;eeg_t_sampent_full_change_precond;gsr_skin_conductance_eda_tonic_mean_nk_full_change_precond;eeg_c_theta_mean_full_change_precond;pupil_dilation_sd_full_change_precond;eeg_tright_halpha_mean_full_change_precond;eeg_fl_hbeta_mean_full_change_precond"
2025-11-26 17:58:13.015342,5,"stress_label",10,16,0.1,0.487179487179487,0.480769230769231,NA,10,"top10","eeg_tleft_sampent_full_change_precond;eeg_tleft_halpha_mean_full_change_precond;eeg_pright_sampent_full_change_precond;eeg_tleft_lalpha_mean_full_change_precond;eeg_t_sampent_full_change_precond;gsr_skin_conductance_eda_tonic_mean_nk_full_change_precond;eeg_c_theta_mean_full_change_precond;pupil_dilation_sd_full_change_precond;eeg_tright_halpha_mean_full_change_precond;eeg_fl_hbeta_mean_full_change_precond"
2025-11-26 17:58:13.859712,5,"stress_label",10,32,0.1,0.480769230769231,0.512820512820513,NA,10,"top10","eeg_tleft_sampent_full_change_precond;eeg_tleft_halpha_mean_full_change_precond;eeg_pright_sampent_full_change_precond;eeg_tleft_lalpha_mean_full_change_precond;eeg_t_sampent_full_change_precond;gsr_skin_conductance_eda_tonic_mean_nk_full_change_precond;eeg_c_theta_mean_full_change_precond;pupil_dilation_sd_full_change_precond;eeg_tright_halpha_mean_full_change_precond;eeg_fl_hbeta_mean_full_change_precond"
2025-11-26 17:58:14.930444,5,"stress_label",10,64,0.1,0.493589743589744,0.474358974358974,NA,10,"top10","eeg_tleft_sampent_full_change_precond;eeg_tleft_halpha_mean_full_change_precond;eeg_pright_sampent_full_change_precond;eeg_tleft_lalpha_mean_full_change_precond;eeg_t_sampent_full_change_precond;gsr_skin_conductance_eda_tonic_mean_nk_full_change_precond;eeg_c_theta_mean_full_change_precond;pupil_dilation_sd_full_change_precond;eeg_tright_halpha_mean_full_change_precond;eeg_fl_hbeta_mean_full_change_precond"
2025-11-26 17:58:16.00816,5,"stress_label",10,128,0.1,0.5,0.448717948717949,NA,10,"top10","eeg_tleft_sampent_full_change_precond;eeg_tleft_halpha_mean_full_change_precond;eeg_pright_sampent_full_change_precond;eeg_tleft_lalpha_mean_full_change_precond;eeg_t_sampent_full_change_precond;gsr_skin_conductance_eda_tonic_mean_nk_full_change_precond;eeg_c_theta_mean_full_change_precond;pupil_dilation_sd_full_change_precond;eeg_tright_halpha_mean_full_change_precond;eeg_fl_hbeta_mean_full_change_precond"
2025-11-26 17:58:17.110481,5,"stress_label",10,256,0.1,0.5,0.461538461538462,NA,10,"top10","eeg_tleft_sampent_full_change_precond;eeg_tleft_halpha_mean_full_change_precond;eeg_pright_sampent_full_change_precond;eeg_tleft_lalpha_mean_full_change_precond;eeg_t_sampent_full_change_precond;gsr_skin_conductance_eda_tonic_mean_nk_full_change_precond;eeg_c_theta_mean_full_change_precond;pupil_dilation_sd_full_change_precond;eeg_tright_halpha_mean_full_change_precond;eeg_fl_hbeta_mean_full_change_precond"
2025-11-26 17:58:17.945984,5,"stress_label",5,2,0.0078125,0.596153846153846,0.596153846153846,0.585470085470085,5,"top5","eeg_tleft_sampent_full_change_precond;eeg_tleft_halpha_mean_full_change_precond;eeg_pright_sampent_full_change_precond;eeg_tleft_lalpha_mean_full_change_precond;eeg_t_sampent_full_change_precond"
2025-11-26 17:58:18.68928,5,"stress_label",5,4,0.0078125,0.58974358974359,0.564102564102564,0.556410256410256,5,"top5","eeg_tleft_sampent_full_change_precond;eeg_tleft_halpha_mean_full_change_precond;eeg_pright_sampent_full_change_precond;eeg_tleft_lalpha_mean_full_change_precond;eeg_t_sampent_full_change_precond"
2025-11-26 17:58:19.298202,5,"stress_label",5,8,0.0078125,0.583333333333333,0.576923076923077,0.547863247863248,5,"top5","eeg_tleft_sampent_full_change_precond;eeg_tleft_halpha_mean_full_change_precond;eeg_pright_sampent_full_change_precond;eeg_tleft_lalpha_mean_full_change_precond;eeg_t_sampent_full_change_precond"
2025-11-26 17:58:20.02608,5,"stress_label",5,16,0.0078125,0.583333333333333,0.57051282051282,0.547863247863248,5,"top5","eeg_tleft_sampent_full_change_precond;eeg_tleft_halpha_mean_full_change_precond;eeg_pright_sampent_full_change_precond;eeg_tleft_lalpha_mean_full_change_precond;eeg_t_sampent_full_change_precond"
2025-11-26 17:58:20.81546,5,"stress_label",5,32,0.0078125,0.583333333333333,0.596153846153846,0.533333333333333,5,"top5","eeg_tleft_sampent_full_change_precond;eeg_tleft_halpha_mean_full_change_precond;eeg_pright_sampent_full_change_precond;eeg_tleft_lalpha_mean_full_change_precond;eeg_t_sampent_full_change_precond"
2025-11-26 17:58:21.618884,5,"stress_label",5,64,0.0078125,0.615384615384615,0.596153846153846,0.554700854700855,5,"top5","eeg_tleft_sampent_full_change_precond;eeg_tleft_halpha_mean_full_change_precond;eeg_pright_sampent_full_change_precond;eeg_tleft_lalpha_mean_full_change_precond;eeg_t_sampent_full_change_precond"
2025-11-26 17:58:22.445717,5,"stress_label",5,128,0.0078125,0.615384615384615,0.602564102564103,NA,5,"top5","eeg_tleft_sampent_full_change_precond;eeg_tleft_halpha_mean_full_change_precond;eeg_pright_sampent_full_change_precond;eeg_tleft_lalpha_mean_full_change_precond;eeg_t_sampent_full_change_precond"
2025-11-26 17:58:23.316141,5,"stress_label",5,256,0.0078125,0.583333333333333,0.57051282051282,NA,5,"top5","eeg_tleft_sampent_full_change_precond;eeg_tleft_halpha_mean_full_change_precond;eeg_pright_sampent_full_change_precond;eeg_tleft_lalpha_mean_full_change_precond;eeg_t_sampent_full_change_precond"
2025-11-26 17:58:23.976271,5,"stress_label",5,2,0.015625,0.576923076923077,0.583333333333333,0.533333333333333,5,"top5","eeg_tleft_sampent_full_change_precond;eeg_tleft_halpha_mean_full_change_precond;eeg_pright_sampent_full_change_precond;eeg_tleft_lalpha_mean_full_change_precond;eeg_t_sampent_full_change_precond"
2025-11-26 17:58:24.666294,5,"stress_label",5,4,0.015625,0.576923076923077,0.58974358974359,0.52991452991453,5,"top5","eeg_tleft_sampent_full_change_precond;eeg_tleft_halpha_mean_full_change_precond;eeg_pright_sampent_full_change_precond;eeg_tleft_lalpha_mean_full_change_precond;eeg_t_sampent_full_change_precond"
2025-11-26 17:58:25.301885,5,"stress_label",5,8,0.015625,0.58974358974359,0.602564102564103,0.537606837606838,5,"top5","eeg_tleft_sampent_full_change_precond;eeg_tleft_halpha_mean_full_change_precond;eeg_pright_sampent_full_change_precond;eeg_tleft_lalpha_mean_full_change_precond;eeg_t_sampent_full_change_precond"
2025-11-26 17:58:26.010841,5,"stress_label",5,16,0.015625,0.602564102564103,0.608974358974359,0.546153846153846,5,"top5","eeg_tleft_sampent_full_change_precond;eeg_tleft_halpha_mean_full_change_precond;eeg_pright_sampent_full_change_precond;eeg_tleft_lalpha_mean_full_change_precond;eeg_t_sampent_full_change_precond"
2025-11-26 17:58:26.799065,5,"stress_label",5,32,0.015625,0.621794871794872,0.615384615384615,0.567521367521368,5,"top5","eeg_tleft_sampent_full_change_precond;eeg_tleft_halpha_mean_full_change_precond;eeg_pright_sampent_full_change_precond;eeg_tleft_lalpha_mean_full_change_precond;eeg_t_sampent_full_change_precond"
2025-11-26 17:58:27.622186,5,"stress_label",5,64,0.015625,0.58974358974359,0.576923076923077,NA,5,"top5","eeg_tleft_sampent_full_change_precond;eeg_tleft_halpha_mean_full_change_precond;eeg_pright_sampent_full_change_precond;eeg_tleft_lalpha_mean_full_change_precond;eeg_t_sampent_full_change_precond"
2025-11-26 17:58:28.447401,5,"stress_label",5,128,0.015625,0.583333333333333,0.57051282051282,NA,5,"top5","eeg_tleft_sampent_full_change_precond;eeg_tleft_halpha_mean_full_change_precond;eeg_pright_sampent_full_change_precond;eeg_tleft_lalpha_mean_full_change_precond;eeg_t_sampent_full_change_precond"
2025-11-26 17:58:29.348533,5,"stress_label",5,256,0.015625,0.596153846153846,0.538461538461538,NA,5,"top5","eeg_tleft_sampent_full_change_precond;eeg_tleft_halpha_mean_full_change_precond;eeg_pright_sampent_full_change_precond;eeg_tleft_lalpha_mean_full_change_precond;eeg_t_sampent_full_change_precond"
2025-11-26 17:58:30.055315,5,"stress_label",5,2,0.03125,0.58974358974359,0.608974358974359,NA,5,"top5","eeg_tleft_sampent_full_change_precond;eeg_tleft_halpha_mean_full_change_precond;eeg_pright_sampent_full_change_precond;eeg_tleft_lalpha_mean_full_change_precond;eeg_t_sampent_full_change_precond"
2025-11-26 17:58:30.711937,5,"stress_label",5,4,0.03125,0.615384615384615,0.621794871794872,0.567521367521368,5,"top5","eeg_tleft_sampent_full_change_precond;eeg_tleft_halpha_mean_full_change_precond;eeg_pright_sampent_full_change_precond;eeg_tleft_lalpha_mean_full_change_precond;eeg_t_sampent_full_change_precond"
2025-11-26 17:58:31.5044,5,"stress_label",5,8,0.03125,0.621794871794872,0.615384615384615,0.567521367521368,5,"top5","eeg_tleft_sampent_full_change_precond;eeg_tleft_halpha_mean_full_change_precond;eeg_pright_sampent_full_change_precond;eeg_tleft_lalpha_mean_full_change_precond;eeg_t_sampent_full_change_precond"
2025-11-26 17:58:32.287703,5,"stress_label",5,16,0.03125,0.602564102564103,0.564102564102564,0.558119658119658,5,"top5","eeg_tleft_sampent_full_change_precond;eeg_tleft_halpha_mean_full_change_precond;eeg_pright_sampent_full_change_precond;eeg_tleft_lalpha_mean_full_change_precond;eeg_t_sampent_full_change_precond"
2025-11-26 17:58:33.139121,5,"stress_label",5,32,0.03125,0.583333333333333,0.564102564102564,NA,5,"top5","eeg_tleft_sampent_full_change_precond;eeg_tleft_halpha_mean_full_change_precond;eeg_pright_sampent_full_change_precond;eeg_tleft_lalpha_mean_full_change_precond;eeg_t_sampent_full_change_precond"
2025-11-26 17:58:34.023739,5,"stress_label",5,64,0.03125,0.57051282051282,0.551282051282051,NA,5,"top5","eeg_tleft_sampent_full_change_precond;eeg_tleft_halpha_mean_full_change_precond;eeg_pright_sampent_full_change_precond;eeg_tleft_lalpha_mean_full_change_precond;eeg_t_sampent_full_change_precond"
2025-11-26 17:58:34.891935,5,"stress_label",5,128,0.03125,0.576923076923077,0.544871794871795,NA,5,"top5","eeg_tleft_sampent_full_change_precond;eeg_tleft_halpha_mean_full_change_precond;eeg_pright_sampent_full_change_precond;eeg_tleft_lalpha_mean_full_change_precond;eeg_t_sampent_full_change_precond"
2025-11-26 17:58:35.876774,5,"stress_label",5,256,0.03125,0.57051282051282,0.358974358974359,NA,5,"top5","eeg_tleft_sampent_full_change_precond;eeg_tleft_halpha_mean_full_change_precond;eeg_pright_sampent_full_change_precond;eeg_tleft_lalpha_mean_full_change_precond;eeg_t_sampent_full_change_precond"
2025-11-26 17:58:36.660422,5,"stress_label",5,2,0.0625,0.615384615384615,0.602564102564103,0.571794871794872,5,"top5","eeg_tleft_sampent_full_change_precond;eeg_tleft_halpha_mean_full_change_precond;eeg_pright_sampent_full_change_precond;eeg_tleft_lalpha_mean_full_change_precond;eeg_t_sampent_full_change_precond"
2025-11-26 17:58:37.367711,5,"stress_label",5,4,0.0625,0.608974358974359,0.621794871794872,0.560683760683761,5,"top5","eeg_tleft_sampent_full_change_precond;eeg_tleft_halpha_mean_full_change_precond;eeg_pright_sampent_full_change_precond;eeg_tleft_lalpha_mean_full_change_precond;eeg_t_sampent_full_change_precond"
2025-11-26 17:58:38.142427,5,"stress_label",5,8,0.0625,0.596153846153846,0.57051282051282,0.558119658119658,5,"top5","eeg_tleft_sampent_full_change_precond;eeg_tleft_halpha_mean_full_change_precond;eeg_pright_sampent_full_change_precond;eeg_tleft_lalpha_mean_full_change_precond;eeg_t_sampent_full_change_precond"
2025-11-26 17:58:38.985699,5,"stress_label",5,16,0.0625,0.576923076923077,0.557692307692308,NA,5,"top5","eeg_tleft_sampent_full_change_precond;eeg_tleft_halpha_mean_full_change_precond;eeg_pright_sampent_full_change_precond;eeg_tleft_lalpha_mean_full_change_precond;eeg_t_sampent_full_change_precond"
2025-11-26 17:58:39.871815,5,"stress_label",5,32,0.0625,0.57051282051282,0.474358974358974,NA,5,"top5","eeg_tleft_sampent_full_change_precond;eeg_tleft_halpha_mean_full_change_precond;eeg_pright_sampent_full_change_precond;eeg_tleft_lalpha_mean_full_change_precond;eeg_t_sampent_full_change_precond"
2025-11-26 17:58:40.817592,5,"stress_label",5,64,0.0625,0.532051282051282,0.423076923076923,NA,5,"top5","eeg_tleft_sampent_full_change_precond;eeg_tleft_halpha_mean_full_change_precond;eeg_pright_sampent_full_change_precond;eeg_tleft_lalpha_mean_full_change_precond;eeg_t_sampent_full_change_precond"
2025-11-26 17:58:41.847633,5,"stress_label",5,128,0.0625,0.519230769230769,0.448717948717949,NA,5,"top5","eeg_tleft_sampent_full_change_precond;eeg_tleft_halpha_mean_full_change_precond;eeg_pright_sampent_full_change_precond;eeg_tleft_lalpha_mean_full_change_precond;eeg_t_sampent_full_change_precond"
2025-11-26 17:58:43.138361,5,"stress_label",5,256,0.0625,0.525641025641026,0.493589743589744,NA,5,"top5","eeg_tleft_sampent_full_change_precond;eeg_tleft_halpha_mean_full_change_precond;eeg_pright_sampent_full_change_precond;eeg_tleft_lalpha_mean_full_change_precond;eeg_t_sampent_full_change_precond"
2025-11-26 17:58:43.907887,5,"stress_label",5,2,0.125,0.602564102564103,0.602564102564103,0.558119658119658,5,"top5","eeg_tleft_sampent_full_change_precond;eeg_tleft_halpha_mean_full_change_precond;eeg_pright_sampent_full_change_precond;eeg_tleft_lalpha_mean_full_change_precond;eeg_t_sampent_full_change_precond"
2025-11-26 17:58:44.694351,5,"stress_label",5,4,0.125,0.583333333333333,0.58974358974359,NA,5,"top5","eeg_tleft_sampent_full_change_precond;eeg_tleft_halpha_mean_full_change_precond;eeg_pright_sampent_full_change_precond;eeg_tleft_lalpha_mean_full_change_precond;eeg_t_sampent_full_change_precond"
2025-11-26 17:58:45.499033,5,"stress_label",5,8,0.125,0.564102564102564,0.532051282051282,NA,5,"top5","eeg_tleft_sampent_full_change_precond;eeg_tleft_halpha_mean_full_change_precond;eeg_pright_sampent_full_change_precond;eeg_tleft_lalpha_mean_full_change_precond;eeg_t_sampent_full_change_precond"
2025-11-26 17:58:46.28502,5,"stress_label",5,16,0.125,0.525641025641026,0.480769230769231,NA,5,"top5","eeg_tleft_sampent_full_change_precond;eeg_tleft_halpha_mean_full_change_precond;eeg_pright_sampent_full_change_precond;eeg_tleft_lalpha_mean_full_change_precond;eeg_t_sampent_full_change_precond"
2025-11-26 17:58:47.128637,5,"stress_label",5,32,0.125,0.519230769230769,0.480769230769231,NA,5,"top5","eeg_tleft_sampent_full_change_precond;eeg_tleft_halpha_mean_full_change_precond;eeg_pright_sampent_full_change_precond;eeg_tleft_lalpha_mean_full_change_precond;eeg_t_sampent_full_change_precond"
2025-11-26 17:58:48.14402,5,"stress_label",5,64,0.125,0.493589743589744,0.5,NA,5,"top5","eeg_tleft_sampent_full_change_precond;eeg_tleft_halpha_mean_full_change_precond;eeg_pright_sampent_full_change_precond;eeg_tleft_lalpha_mean_full_change_precond;eeg_t_sampent_full_change_precond"
2025-11-26 17:58:49.30793,5,"stress_label",5,128,0.125,0.493589743589744,0.455128205128205,NA,5,"top5","eeg_tleft_sampent_full_change_precond;eeg_tleft_halpha_mean_full_change_precond;eeg_pright_sampent_full_change_precond;eeg_tleft_lalpha_mean_full_change_precond;eeg_t_sampent_full_change_precond"
2025-11-26 17:58:50.678501,5,"stress_label",5,256,0.125,0.493589743589744,0.480769230769231,NA,5,"top5","eeg_tleft_sampent_full_change_precond;eeg_tleft_halpha_mean_full_change_precond;eeg_pright_sampent_full_change_precond;eeg_tleft_lalpha_mean_full_change_precond;eeg_t_sampent_full_change_precond"
2025-11-26 17:58:51.466959,5,"stress_label",5,2,0.03,0.58974358974359,0.602564102564103,NA,5,"top5","eeg_tleft_sampent_full_change_precond;eeg_tleft_halpha_mean_full_change_precond;eeg_pright_sampent_full_change_precond;eeg_tleft_lalpha_mean_full_change_precond;eeg_t_sampent_full_change_precond"
2025-11-26 17:58:52.250061,5,"stress_label",5,4,0.03,0.608974358974359,0.621794871794872,0.554700854700855,5,"top5","eeg_tleft_sampent_full_change_precond;eeg_tleft_halpha_mean_full_change_precond;eeg_pright_sampent_full_change_precond;eeg_tleft_lalpha_mean_full_change_precond;eeg_t_sampent_full_change_precond"
2025-11-26 17:58:52.966428,5,"stress_label",5,8,0.03,0.621794871794872,0.621794871794872,0.567521367521368,5,"top5","eeg_tleft_sampent_full_change_precond;eeg_tleft_halpha_mean_full_change_precond;eeg_pright_sampent_full_change_precond;eeg_tleft_lalpha_mean_full_change_precond;eeg_t_sampent_full_change_precond"
2025-11-26 17:58:53.731847,5,"stress_label",5,16,0.03,0.602564102564103,0.596153846153846,0.558119658119658,5,"top5","eeg_tleft_sampent_full_change_precond;eeg_tleft_halpha_mean_full_change_precond;eeg_pright_sampent_full_change_precond;eeg_tleft_lalpha_mean_full_change_precond;eeg_t_sampent_full_change_precond"
2025-11-26 17:58:54.383862,5,"stress_label",5,32,0.03,0.583333333333333,0.57051282051282,NA,5,"top5","eeg_tleft_sampent_full_change_precond;eeg_tleft_halpha_mean_full_change_precond;eeg_pright_sampent_full_change_precond;eeg_tleft_lalpha_mean_full_change_precond;eeg_t_sampent_full_change_precond"
2025-11-26 17:58:55.13129,5,"stress_label",5,64,0.03,0.576923076923077,0.538461538461538,NA,5,"top5","eeg_tleft_sampent_full_change_precond;eeg_tleft_halpha_mean_full_change_precond;eeg_pright_sampent_full_change_precond;eeg_tleft_lalpha_mean_full_change_precond;eeg_t_sampent_full_change_precond"
2025-11-26 17:58:56.084186,5,"stress_label",5,128,0.03,0.57051282051282,0.480769230769231,NA,5,"top5","eeg_tleft_sampent_full_change_precond;eeg_tleft_halpha_mean_full_change_precond;eeg_pright_sampent_full_change_precond;eeg_tleft_lalpha_mean_full_change_precond;eeg_t_sampent_full_change_precond"
2025-11-26 17:58:57.191348,5,"stress_label",5,256,0.03,0.576923076923077,0.416666666666667,NA,5,"top5","eeg_tleft_sampent_full_change_precond;eeg_tleft_halpha_mean_full_change_precond;eeg_pright_sampent_full_change_precond;eeg_tleft_lalpha_mean_full_change_precond;eeg_t_sampent_full_change_precond"
2025-11-26 17:58:57.97592,5,"stress_label",5,2,0.06,0.615384615384615,0.602564102564103,0.571794871794872,5,"top5","eeg_tleft_sampent_full_change_precond;eeg_tleft_halpha_mean_full_change_precond;eeg_pright_sampent_full_change_precond;eeg_tleft_lalpha_mean_full_change_precond;eeg_t_sampent_full_change_precond"
2025-11-26 17:58:58.740591,5,"stress_label",5,4,0.06,0.615384615384615,0.628205128205128,0.569230769230769,5,"top5","eeg_tleft_sampent_full_change_precond;eeg_tleft_halpha_mean_full_change_precond;eeg_pright_sampent_full_change_precond;eeg_tleft_lalpha_mean_full_change_precond;eeg_t_sampent_full_change_precond"
2025-11-26 17:58:59.382368,5,"stress_label",5,8,0.06,0.602564102564103,0.583333333333333,0.560683760683761,5,"top5","eeg_tleft_sampent_full_change_precond;eeg_tleft_halpha_mean_full_change_precond;eeg_pright_sampent_full_change_precond;eeg_tleft_lalpha_mean_full_change_precond;eeg_t_sampent_full_change_precond"
2025-11-26 17:59:00.179809,5,"stress_label",5,16,0.06,0.57051282051282,0.544871794871795,NA,5,"top5","eeg_tleft_sampent_full_change_precond;eeg_tleft_halpha_mean_full_change_precond;eeg_pright_sampent_full_change_precond;eeg_tleft_lalpha_mean_full_change_precond;eeg_t_sampent_full_change_precond"
2025-11-26 17:59:01.051725,5,"stress_label",5,32,0.06,0.576923076923077,0.512820512820513,NA,5,"top5","eeg_tleft_sampent_full_change_precond;eeg_tleft_halpha_mean_full_change_precond;eeg_pright_sampent_full_change_precond;eeg_tleft_lalpha_mean_full_change_precond;eeg_t_sampent_full_change_precond"
2025-11-26 17:59:02.00638,5,"stress_label",5,64,0.06,0.532051282051282,0.442307692307692,NA,5,"top5","eeg_tleft_sampent_full_change_precond;eeg_tleft_halpha_mean_full_change_precond;eeg_pright_sampent_full_change_precond;eeg_tleft_lalpha_mean_full_change_precond;eeg_t_sampent_full_change_precond"
2025-11-26 17:59:02.886903,5,"stress_label",5,128,0.06,0.519230769230769,0.461538461538462,NA,5,"top5","eeg_tleft_sampent_full_change_precond;eeg_tleft_halpha_mean_full_change_precond;eeg_pright_sampent_full_change_precond;eeg_tleft_lalpha_mean_full_change_precond;eeg_t_sampent_full_change_precond"
2025-11-26 17:59:04.156906,5,"stress_label",5,256,0.06,0.532051282051282,0.429487179487179,NA,5,"top5","eeg_tleft_sampent_full_change_precond;eeg_tleft_halpha_mean_full_change_precond;eeg_pright_sampent_full_change_precond;eeg_tleft_lalpha_mean_full_change_precond;eeg_t_sampent_full_change_precond"
2025-11-26 17:59:04.883212,5,"stress_label",5,2,0.1,0.602564102564103,0.615384615384615,0.558119658119658,5,"top5","eeg_tleft_sampent_full_change_precond;eeg_tleft_halpha_mean_full_change_precond;eeg_pright_sampent_full_change_precond;eeg_tleft_lalpha_mean_full_change_precond;eeg_t_sampent_full_change_precond"
2025-11-26 17:59:05.721651,5,"stress_label",5,4,0.1,0.58974358974359,0.583333333333333,0.545299145299145,5,"top5","eeg_tleft_sampent_full_change_precond;eeg_tleft_halpha_mean_full_change_precond;eeg_pright_sampent_full_change_precond;eeg_tleft_lalpha_mean_full_change_precond;eeg_t_sampent_full_change_precond"
2025-11-26 17:59:06.556548,5,"stress_label",5,8,0.1,0.576923076923077,0.5,NA,5,"top5","eeg_tleft_sampent_full_change_precond;eeg_tleft_halpha_mean_full_change_precond;eeg_pright_sampent_full_change_precond;eeg_tleft_lalpha_mean_full_change_precond;eeg_t_sampent_full_change_precond"
2025-11-26 17:59:07.407656,5,"stress_label",5,16,0.1,0.551282051282051,0.474358974358974,NA,5,"top5","eeg_tleft_sampent_full_change_precond;eeg_tleft_halpha_mean_full_change_precond;eeg_pright_sampent_full_change_precond;eeg_tleft_lalpha_mean_full_change_precond;eeg_t_sampent_full_change_precond"
2025-11-26 17:59:08.292848,5,"stress_label",5,32,0.1,0.525641025641026,0.493589743589744,NA,5,"top5","eeg_tleft_sampent_full_change_precond;eeg_tleft_halpha_mean_full_change_precond;eeg_pright_sampent_full_change_precond;eeg_tleft_lalpha_mean_full_change_precond;eeg_t_sampent_full_change_precond"
2025-11-26 17:59:09.26473,5,"stress_label",5,64,0.1,0.525641025641026,0.487179487179487,NA,5,"top5","eeg_tleft_sampent_full_change_precond;eeg_tleft_halpha_mean_full_change_precond;eeg_pright_sampent_full_change_precond;eeg_tleft_lalpha_mean_full_change_precond;eeg_t_sampent_full_change_precond"
2025-11-26 17:59:10.321861,5,"stress_label",5,128,0.1,0.506410256410256,0.448717948717949,NA,5,"top5","eeg_tleft_sampent_full_change_precond;eeg_tleft_halpha_mean_full_change_precond;eeg_pright_sampent_full_change_precond;eeg_tleft_lalpha_mean_full_change_precond;eeg_t_sampent_full_change_precond"
2025-11-26 17:59:11.772313,5,"stress_label",5,256,0.1,0.5,0.461538461538462,NA,5,"top5","eeg_tleft_sampent_full_change_precond;eeg_tleft_halpha_mean_full_change_precond;eeg_pright_sampent_full_change_precond;eeg_tleft_lalpha_mean_full_change_precond;eeg_t_sampent_full_change_precond"
2025-11-26 17:59:12.974881,6,"stress_label",20,2,0.0078125,0.538461538461538,0.647435897435897,0.529059829059829,20,"top20","eeg_tleft_sampent_full_change_precond;eeg_tleft_halpha_mean_full_change_precond;gsr_skin_conductance_eda_tonic_mean_nk_full_change_precond;pupil_dilation_sd_full_change_precond;eeg_t_sampent_full_change_precond;eeg_tleft_lalpha_mean_full_change_precond;eeg_pright_sampent_full_change_precond;eeg_c_theta_mean_full_change_precond;eeg_fl_hbeta_mean_full_change_precond;hrv_rmssd_full_change_precond;hr_heartrate_bpm_med_abs_full_change_precond;eeg_fr_sampent_full_change_precond;eeg_fm_theta_mean_full_change_precond;eeg_pleft_lbeta_mean_full_change_precond;eeg_c_sampent_full_change_precond;eeg_fm_sampent_full_change_precond;gsr_skin_conductance_eda_tonic_sd_nk_full_change_precond;eeg_ab_ratio_full_change_precond;eeg_tleft_hbeta_mean_full_change_precond;eeg_c_specent_full_change_precond"
2025-11-26 17:59:14.019656,6,"stress_label",20,4,0.0078125,0.551282051282051,0.621794871794872,0.545299145299145,20,"top20","eeg_tleft_sampent_full_change_precond;eeg_tleft_halpha_mean_full_change_precond;gsr_skin_conductance_eda_tonic_mean_nk_full_change_precond;pupil_dilation_sd_full_change_precond;eeg_t_sampent_full_change_precond;eeg_tleft_lalpha_mean_full_change_precond;eeg_pright_sampent_full_change_precond;eeg_c_theta_mean_full_change_precond;eeg_fl_hbeta_mean_full_change_precond;hrv_rmssd_full_change_precond;hr_heartrate_bpm_med_abs_full_change_precond;eeg_fr_sampent_full_change_precond;eeg_fm_theta_mean_full_change_precond;eeg_pleft_lbeta_mean_full_change_precond;eeg_c_sampent_full_change_precond;eeg_fm_sampent_full_change_precond;gsr_skin_conductance_eda_tonic_sd_nk_full_change_precond;eeg_ab_ratio_full_change_precond;eeg_tleft_hbeta_mean_full_change_precond;eeg_c_specent_full_change_precond"
2025-11-26 17:59:15.075244,6,"stress_label",20,8,0.0078125,0.564102564102564,0.602564102564103,0.558119658119658,20,"top20","eeg_tleft_sampent_full_change_precond;eeg_tleft_halpha_mean_full_change_precond;gsr_skin_conductance_eda_tonic_mean_nk_full_change_precond;pupil_dilation_sd_full_change_precond;eeg_t_sampent_full_change_precond;eeg_tleft_lalpha_mean_full_change_precond;eeg_pright_sampent_full_change_precond;eeg_c_theta_mean_full_change_precond;eeg_fl_hbeta_mean_full_change_precond;hrv_rmssd_full_change_precond;hr_heartrate_bpm_med_abs_full_change_precond;eeg_fr_sampent_full_change_precond;eeg_fm_theta_mean_full_change_precond;eeg_pleft_lbeta_mean_full_change_precond;eeg_c_sampent_full_change_precond;eeg_fm_sampent_full_change_precond;gsr_skin_conductance_eda_tonic_sd_nk_full_change_precond;eeg_ab_ratio_full_change_precond;eeg_tleft_hbeta_mean_full_change_precond;eeg_c_specent_full_change_precond"
2025-11-26 17:59:16.136431,6,"stress_label",20,16,0.0078125,0.544871794871795,0.608974358974359,0.54957264957265,20,"top20","eeg_tleft_sampent_full_change_precond;eeg_tleft_halpha_mean_full_change_precond;gsr_skin_conductance_eda_tonic_mean_nk_full_change_precond;pupil_dilation_sd_full_change_precond;eeg_t_sampent_full_change_precond;eeg_tleft_lalpha_mean_full_change_precond;eeg_pright_sampent_full_change_precond;eeg_c_theta_mean_full_change_precond;eeg_fl_hbeta_mean_full_change_precond;hrv_rmssd_full_change_precond;hr_heartrate_bpm_med_abs_full_change_precond;eeg_fr_sampent_full_change_precond;eeg_fm_theta_mean_full_change_precond;eeg_pleft_lbeta_mean_full_change_precond;eeg_c_sampent_full_change_precond;eeg_fm_sampent_full_change_precond;gsr_skin_conductance_eda_tonic_sd_nk_full_change_precond;eeg_ab_ratio_full_change_precond;eeg_tleft_hbeta_mean_full_change_precond;eeg_c_specent_full_change_precond"
2025-11-26 17:59:17.21038,6,"stress_label",20,32,0.0078125,0.532051282051282,0.57051282051282,0.517094017094017,20,"top20","eeg_tleft_sampent_full_change_precond;eeg_tleft_halpha_mean_full_change_precond;gsr_skin_conductance_eda_tonic_mean_nk_full_change_precond;pupil_dilation_sd_full_change_precond;eeg_t_sampent_full_change_precond;eeg_tleft_lalpha_mean_full_change_precond;eeg_pright_sampent_full_change_precond;eeg_c_theta_mean_full_change_precond;eeg_fl_hbeta_mean_full_change_precond;hrv_rmssd_full_change_precond;hr_heartrate_bpm_med_abs_full_change_precond;eeg_fr_sampent_full_change_precond;eeg_fm_theta_mean_full_change_precond;eeg_pleft_lbeta_mean_full_change_precond;eeg_c_sampent_full_change_precond;eeg_fm_sampent_full_change_precond;gsr_skin_conductance_eda_tonic_sd_nk_full_change_precond;eeg_ab_ratio_full_change_precond;eeg_tleft_hbeta_mean_full_change_precond;eeg_c_specent_full_change_precond"
2025-11-26 17:59:18.352175,6,"stress_label",20,64,0.0078125,0.544871794871795,0.564102564102564,0.528205128205128,20,"top20","eeg_tleft_sampent_full_change_precond;eeg_tleft_halpha_mean_full_change_precond;gsr_skin_conductance_eda_tonic_mean_nk_full_change_precond;pupil_dilation_sd_full_change_precond;eeg_t_sampent_full_change_precond;eeg_tleft_lalpha_mean_full_change_precond;eeg_pright_sampent_full_change_precond;eeg_c_theta_mean_full_change_precond;eeg_fl_hbeta_mean_full_change_precond;hrv_rmssd_full_change_precond;hr_heartrate_bpm_med_abs_full_change_precond;eeg_fr_sampent_full_change_precond;eeg_fm_theta_mean_full_change_precond;eeg_pleft_lbeta_mean_full_change_precond;eeg_c_sampent_full_change_precond;eeg_fm_sampent_full_change_precond;gsr_skin_conductance_eda_tonic_sd_nk_full_change_precond;eeg_ab_ratio_full_change_precond;eeg_tleft_hbeta_mean_full_change_precond;eeg_c_specent_full_change_precond"
2025-11-26 17:59:19.697413,6,"stress_label",20,128,0.0078125,0.551282051282051,0.525641025641026,NA,20,"top20","eeg_tleft_sampent_full_change_precond;eeg_tleft_halpha_mean_full_change_precond;gsr_skin_conductance_eda_tonic_mean_nk_full_change_precond;pupil_dilation_sd_full_change_precond;eeg_t_sampent_full_change_precond;eeg_tleft_lalpha_mean_full_change_precond;eeg_pright_sampent_full_change_precond;eeg_c_theta_mean_full_change_precond;eeg_fl_hbeta_mean_full_change_precond;hrv_rmssd_full_change_precond;hr_heartrate_bpm_med_abs_full_change_precond;eeg_fr_sampent_full_change_precond;eeg_fm_theta_mean_full_change_precond;eeg_pleft_lbeta_mean_full_change_precond;eeg_c_sampent_full_change_precond;eeg_fm_sampent_full_change_precond;gsr_skin_conductance_eda_tonic_sd_nk_full_change_precond;eeg_ab_ratio_full_change_precond;eeg_tleft_hbeta_mean_full_change_precond;eeg_c_specent_full_change_precond"
2025-11-26 17:59:21.214632,6,"stress_label",20,256,0.0078125,0.532051282051282,0.57051282051282,NA,20,"top20","eeg_tleft_sampent_full_change_precond;eeg_tleft_halpha_mean_full_change_precond;gsr_skin_conductance_eda_tonic_mean_nk_full_change_precond;pupil_dilation_sd_full_change_precond;eeg_t_sampent_full_change_precond;eeg_tleft_lalpha_mean_full_change_precond;eeg_pright_sampent_full_change_precond;eeg_c_theta_mean_full_change_precond;eeg_fl_hbeta_mean_full_change_precond;hrv_rmssd_full_change_precond;hr_heartrate_bpm_med_abs_full_change_precond;eeg_fr_sampent_full_change_precond;eeg_fm_theta_mean_full_change_precond;eeg_pleft_lbeta_mean_full_change_precond;eeg_c_sampent_full_change_precond;eeg_fm_sampent_full_change_precond;gsr_skin_conductance_eda_tonic_sd_nk_full_change_precond;eeg_ab_ratio_full_change_precond;eeg_tleft_hbeta_mean_full_change_precond;eeg_c_specent_full_change_precond"
2025-11-26 17:59:22.414888,6,"stress_label",20,2,0.015625,0.544871794871795,0.608974358974359,0.542735042735043,20,"top20","eeg_tleft_sampent_full_change_precond;eeg_tleft_halpha_mean_full_change_precond;gsr_skin_conductance_eda_tonic_mean_nk_full_change_precond;pupil_dilation_sd_full_change_precond;eeg_t_sampent_full_change_precond;eeg_tleft_lalpha_mean_full_change_precond;eeg_pright_sampent_full_change_precond;eeg_c_theta_mean_full_change_precond;eeg_fl_hbeta_mean_full_change_precond;hrv_rmssd_full_change_precond;hr_heartrate_bpm_med_abs_full_change_precond;eeg_fr_sampent_full_change_precond;eeg_fm_theta_mean_full_change_precond;eeg_pleft_lbeta_mean_full_change_precond;eeg_c_sampent_full_change_precond;eeg_fm_sampent_full_change_precond;gsr_skin_conductance_eda_tonic_sd_nk_full_change_precond;eeg_ab_ratio_full_change_precond;eeg_tleft_hbeta_mean_full_change_precond;eeg_c_specent_full_change_precond"
2025-11-26 17:59:23.449751,6,"stress_label",20,4,0.015625,0.564102564102564,0.641025641025641,0.554700854700855,20,"top20","eeg_tleft_sampent_full_change_precond;eeg_tleft_halpha_mean_full_change_precond;gsr_skin_conductance_eda_tonic_mean_nk_full_change_precond;pupil_dilation_sd_full_change_precond;eeg_t_sampent_full_change_precond;eeg_tleft_lalpha_mean_full_change_precond;eeg_pright_sampent_full_change_precond;eeg_c_theta_mean_full_change_precond;eeg_fl_hbeta_mean_full_change_precond;hrv_rmssd_full_change_precond;hr_heartrate_bpm_med_abs_full_change_precond;eeg_fr_sampent_full_change_precond;eeg_fm_theta_mean_full_change_precond;eeg_pleft_lbeta_mean_full_change_precond;eeg_c_sampent_full_change_precond;eeg_fm_sampent_full_change_precond;gsr_skin_conductance_eda_tonic_sd_nk_full_change_precond;eeg_ab_ratio_full_change_precond;eeg_tleft_hbeta_mean_full_change_precond;eeg_c_specent_full_change_precond"
2025-11-26 17:59:24.500079,6,"stress_label",20,8,0.015625,0.557692307692308,0.621794871794872,0.546153846153846,20,"top20","eeg_tleft_sampent_full_change_precond;eeg_tleft_halpha_mean_full_change_precond;gsr_skin_conductance_eda_tonic_mean_nk_full_change_precond;pupil_dilation_sd_full_change_precond;eeg_t_sampent_full_change_precond;eeg_tleft_lalpha_mean_full_change_precond;eeg_pright_sampent_full_change_precond;eeg_c_theta_mean_full_change_precond;eeg_fl_hbeta_mean_full_change_precond;hrv_rmssd_full_change_precond;hr_heartrate_bpm_med_abs_full_change_precond;eeg_fr_sampent_full_change_precond;eeg_fm_theta_mean_full_change_precond;eeg_pleft_lbeta_mean_full_change_precond;eeg_c_sampent_full_change_precond;eeg_fm_sampent_full_change_precond;gsr_skin_conductance_eda_tonic_sd_nk_full_change_precond;eeg_ab_ratio_full_change_precond;eeg_tleft_hbeta_mean_full_change_precond;eeg_c_specent_full_change_precond"
2025-11-26 17:59:25.367948,6,"stress_label",20,16,0.015625,0.557692307692308,0.57051282051282,0.541025641025641,20,"top20","eeg_tleft_sampent_full_change_precond;eeg_tleft_halpha_mean_full_change_precond;gsr_skin_conductance_eda_tonic_mean_nk_full_change_precond;pupil_dilation_sd_full_change_precond;eeg_t_sampent_full_change_precond;eeg_tleft_lalpha_mean_full_change_precond;eeg_pright_sampent_full_change_precond;eeg_c_theta_mean_full_change_precond;eeg_fl_hbeta_mean_full_change_precond;hrv_rmssd_full_change_precond;hr_heartrate_bpm_med_abs_full_change_precond;eeg_fr_sampent_full_change_precond;eeg_fm_theta_mean_full_change_precond;eeg_pleft_lbeta_mean_full_change_precond;eeg_c_sampent_full_change_precond;eeg_fm_sampent_full_change_precond;gsr_skin_conductance_eda_tonic_sd_nk_full_change_precond;eeg_ab_ratio_full_change_precond;eeg_tleft_hbeta_mean_full_change_precond;eeg_c_specent_full_change_precond"
2025-11-26 17:59:26.443544,6,"stress_label",20,32,0.015625,0.538461538461538,0.538461538461538,NA,20,"top20","eeg_tleft_sampent_full_change_precond;eeg_tleft_halpha_mean_full_change_precond;gsr_skin_conductance_eda_tonic_mean_nk_full_change_precond;pupil_dilation_sd_full_change_precond;eeg_t_sampent_full_change_precond;eeg_tleft_lalpha_mean_full_change_precond;eeg_pright_sampent_full_change_precond;eeg_c_theta_mean_full_change_precond;eeg_fl_hbeta_mean_full_change_precond;hrv_rmssd_full_change_precond;hr_heartrate_bpm_med_abs_full_change_precond;eeg_fr_sampent_full_change_precond;eeg_fm_theta_mean_full_change_precond;eeg_pleft_lbeta_mean_full_change_precond;eeg_c_sampent_full_change_precond;eeg_fm_sampent_full_change_precond;gsr_skin_conductance_eda_tonic_sd_nk_full_change_precond;eeg_ab_ratio_full_change_precond;eeg_tleft_hbeta_mean_full_change_precond;eeg_c_specent_full_change_precond"
2025-11-26 17:59:27.457618,6,"stress_label",20,64,0.015625,0.525641025641026,0.564102564102564,NA,20,"top20","eeg_tleft_sampent_full_change_precond;eeg_tleft_halpha_mean_full_change_precond;gsr_skin_conductance_eda_tonic_mean_nk_full_change_precond;pupil_dilation_sd_full_change_precond;eeg_t_sampent_full_change_precond;eeg_tleft_lalpha_mean_full_change_precond;eeg_pright_sampent_full_change_precond;eeg_c_theta_mean_full_change_precond;eeg_fl_hbeta_mean_full_change_precond;hrv_rmssd_full_change_precond;hr_heartrate_bpm_med_abs_full_change_precond;eeg_fr_sampent_full_change_precond;eeg_fm_theta_mean_full_change_precond;eeg_pleft_lbeta_mean_full_change_precond;eeg_c_sampent_full_change_precond;eeg_fm_sampent_full_change_precond;gsr_skin_conductance_eda_tonic_sd_nk_full_change_precond;eeg_ab_ratio_full_change_precond;eeg_tleft_hbeta_mean_full_change_precond;eeg_c_specent_full_change_precond"
2025-11-26 17:59:28.554598,6,"stress_label",20,128,0.015625,0.532051282051282,0.564102564102564,NA,20,"top20","eeg_tleft_sampent_full_change_precond;eeg_tleft_halpha_mean_full_change_precond;gsr_skin_conductance_eda_tonic_mean_nk_full_change_precond;pupil_dilation_sd_full_change_precond;eeg_t_sampent_full_change_precond;eeg_tleft_lalpha_mean_full_change_precond;eeg_pright_sampent_full_change_precond;eeg_c_theta_mean_full_change_precond;eeg_fl_hbeta_mean_full_change_precond;hrv_rmssd_full_change_precond;hr_heartrate_bpm_med_abs_full_change_precond;eeg_fr_sampent_full_change_precond;eeg_fm_theta_mean_full_change_precond;eeg_pleft_lbeta_mean_full_change_precond;eeg_c_sampent_full_change_precond;eeg_fm_sampent_full_change_precond;gsr_skin_conductance_eda_tonic_sd_nk_full_change_precond;eeg_ab_ratio_full_change_precond;eeg_tleft_hbeta_mean_full_change_precond;eeg_c_specent_full_change_precond"
2025-11-26 17:59:29.911504,6,"stress_label",20,256,0.015625,0.538461538461538,0.576923076923077,NA,20,"top20","eeg_tleft_sampent_full_change_precond;eeg_tleft_halpha_mean_full_change_precond;gsr_skin_conductance_eda_tonic_mean_nk_full_change_precond;pupil_dilation_sd_full_change_precond;eeg_t_sampent_full_change_precond;eeg_tleft_lalpha_mean_full_change_precond;eeg_pright_sampent_full_change_precond;eeg_c_theta_mean_full_change_precond;eeg_fl_hbeta_mean_full_change_precond;hrv_rmssd_full_change_precond;hr_heartrate_bpm_med_abs_full_change_precond;eeg_fr_sampent_full_change_precond;eeg_fm_theta_mean_full_change_precond;eeg_pleft_lbeta_mean_full_change_precond;eeg_c_sampent_full_change_precond;eeg_fm_sampent_full_change_precond;gsr_skin_conductance_eda_tonic_sd_nk_full_change_precond;eeg_ab_ratio_full_change_precond;eeg_tleft_hbeta_mean_full_change_precond;eeg_c_specent_full_change_precond"
2025-11-26 17:59:30.925186,6,"stress_label",20,2,0.03125,0.557692307692308,0.621794871794872,0.54017094017094,20,"top20","eeg_tleft_sampent_full_change_precond;eeg_tleft_halpha_mean_full_change_precond;gsr_skin_conductance_eda_tonic_mean_nk_full_change_precond;pupil_dilation_sd_full_change_precond;eeg_t_sampent_full_change_precond;eeg_tleft_lalpha_mean_full_change_precond;eeg_pright_sampent_full_change_precond;eeg_c_theta_mean_full_change_precond;eeg_fl_hbeta_mean_full_change_precond;hrv_rmssd_full_change_precond;hr_heartrate_bpm_med_abs_full_change_precond;eeg_fr_sampent_full_change_precond;eeg_fm_theta_mean_full_change_precond;eeg_pleft_lbeta_mean_full_change_precond;eeg_c_sampent_full_change_precond;eeg_fm_sampent_full_change_precond;gsr_skin_conductance_eda_tonic_sd_nk_full_change_precond;eeg_ab_ratio_full_change_precond;eeg_tleft_hbeta_mean_full_change_precond;eeg_c_specent_full_change_precond"
2025-11-26 17:59:31.970209,6,"stress_label",20,4,0.03125,0.57051282051282,0.602564102564103,0.565811965811966,20,"top20","eeg_tleft_sampent_full_change_precond;eeg_tleft_halpha_mean_full_change_precond;gsr_skin_conductance_eda_tonic_mean_nk_full_change_precond;pupil_dilation_sd_full_change_precond;eeg_t_sampent_full_change_precond;eeg_tleft_lalpha_mean_full_change_precond;eeg_pright_sampent_full_change_precond;eeg_c_theta_mean_full_change_precond;eeg_fl_hbeta_mean_full_change_precond;hrv_rmssd_full_change_precond;hr_heartrate_bpm_med_abs_full_change_precond;eeg_fr_sampent_full_change_precond;eeg_fm_theta_mean_full_change_precond;eeg_pleft_lbeta_mean_full_change_precond;eeg_c_sampent_full_change_precond;eeg_fm_sampent_full_change_precond;gsr_skin_conductance_eda_tonic_sd_nk_full_change_precond;eeg_ab_ratio_full_change_precond;eeg_tleft_hbeta_mean_full_change_precond;eeg_c_specent_full_change_precond"
2025-11-26 17:59:33.064287,6,"stress_label",20,8,0.03125,0.557692307692308,0.544871794871795,0.547008547008547,20,"top20","eeg_tleft_sampent_full_change_precond;eeg_tleft_halpha_mean_full_change_precond;gsr_skin_conductance_eda_tonic_mean_nk_full_change_precond;pupil_dilation_sd_full_change_precond;eeg_t_sampent_full_change_precond;eeg_tleft_lalpha_mean_full_change_precond;eeg_pright_sampent_full_change_precond;eeg_c_theta_mean_full_change_precond;eeg_fl_hbeta_mean_full_change_precond;hrv_rmssd_full_change_precond;hr_heartrate_bpm_med_abs_full_change_precond;eeg_fr_sampent_full_change_precond;eeg_fm_theta_mean_full_change_precond;eeg_pleft_lbeta_mean_full_change_precond;eeg_c_sampent_full_change_precond;eeg_fm_sampent_full_change_precond;gsr_skin_conductance_eda_tonic_sd_nk_full_change_precond;eeg_ab_ratio_full_change_precond;eeg_tleft_hbeta_mean_full_change_precond;eeg_c_specent_full_change_precond"
2025-11-26 17:59:34.256136,6,"stress_label",20,16,0.03125,0.544871794871795,0.58974358974359,NA,20,"top20","eeg_tleft_sampent_full_change_precond;eeg_tleft_halpha_mean_full_change_precond;gsr_skin_conductance_eda_tonic_mean_nk_full_change_precond;pupil_dilation_sd_full_change_precond;eeg_t_sampent_full_change_precond;eeg_tleft_lalpha_mean_full_change_precond;eeg_pright_sampent_full_change_precond;eeg_c_theta_mean_full_change_precond;eeg_fl_hbeta_mean_full_change_precond;hrv_rmssd_full_change_precond;hr_heartrate_bpm_med_abs_full_change_precond;eeg_fr_sampent_full_change_precond;eeg_fm_theta_mean_full_change_precond;eeg_pleft_lbeta_mean_full_change_precond;eeg_c_sampent_full_change_precond;eeg_fm_sampent_full_change_precond;gsr_skin_conductance_eda_tonic_sd_nk_full_change_precond;eeg_ab_ratio_full_change_precond;eeg_tleft_hbeta_mean_full_change_precond;eeg_c_specent_full_change_precond"
2025-11-26 17:59:35.452669,6,"stress_label",20,32,0.03125,0.544871794871795,0.58974358974359,NA,20,"top20","eeg_tleft_sampent_full_change_precond;eeg_tleft_halpha_mean_full_change_precond;gsr_skin_conductance_eda_tonic_mean_nk_full_change_precond;pupil_dilation_sd_full_change_precond;eeg_t_sampent_full_change_precond;eeg_tleft_lalpha_mean_full_change_precond;eeg_pright_sampent_full_change_precond;eeg_c_theta_mean_full_change_precond;eeg_fl_hbeta_mean_full_change_precond;hrv_rmssd_full_change_precond;hr_heartrate_bpm_med_abs_full_change_precond;eeg_fr_sampent_full_change_precond;eeg_fm_theta_mean_full_change_precond;eeg_pleft_lbeta_mean_full_change_precond;eeg_c_sampent_full_change_precond;eeg_fm_sampent_full_change_precond;gsr_skin_conductance_eda_tonic_sd_nk_full_change_precond;eeg_ab_ratio_full_change_precond;eeg_tleft_hbeta_mean_full_change_precond;eeg_c_specent_full_change_precond"
2025-11-26 17:59:36.628024,6,"stress_label",20,64,0.03125,0.544871794871795,0.608974358974359,NA,20,"top20","eeg_tleft_sampent_full_change_precond;eeg_tleft_halpha_mean_full_change_precond;gsr_skin_conductance_eda_tonic_mean_nk_full_change_precond;pupil_dilation_sd_full_change_precond;eeg_t_sampent_full_change_precond;eeg_tleft_lalpha_mean_full_change_precond;eeg_pright_sampent_full_change_precond;eeg_c_theta_mean_full_change_precond;eeg_fl_hbeta_mean_full_change_precond;hrv_rmssd_full_change_precond;hr_heartrate_bpm_med_abs_full_change_precond;eeg_fr_sampent_full_change_precond;eeg_fm_theta_mean_full_change_precond;eeg_pleft_lbeta_mean_full_change_precond;eeg_c_sampent_full_change_precond;eeg_fm_sampent_full_change_precond;gsr_skin_conductance_eda_tonic_sd_nk_full_change_precond;eeg_ab_ratio_full_change_precond;eeg_tleft_hbeta_mean_full_change_precond;eeg_c_specent_full_change_precond"
2025-11-26 17:59:37.816714,6,"stress_label",20,128,0.03125,0.544871794871795,0.608974358974359,NA,20,"top20","eeg_tleft_sampent_full_change_precond;eeg_tleft_halpha_mean_full_change_precond;gsr_skin_conductance_eda_tonic_mean_nk_full_change_precond;pupil_dilation_sd_full_change_precond;eeg_t_sampent_full_change_precond;eeg_tleft_lalpha_mean_full_change_precond;eeg_pright_sampent_full_change_precond;eeg_c_theta_mean_full_change_precond;eeg_fl_hbeta_mean_full_change_precond;hrv_rmssd_full_change_precond;hr_heartrate_bpm_med_abs_full_change_precond;eeg_fr_sampent_full_change_precond;eeg_fm_theta_mean_full_change_precond;eeg_pleft_lbeta_mean_full_change_precond;eeg_c_sampent_full_change_precond;eeg_fm_sampent_full_change_precond;gsr_skin_conductance_eda_tonic_sd_nk_full_change_precond;eeg_ab_ratio_full_change_precond;eeg_tleft_hbeta_mean_full_change_precond;eeg_c_specent_full_change_precond"
2025-11-26 17:59:38.845898,6,"stress_label",20,256,0.03125,0.544871794871795,0.608974358974359,NA,20,"top20","eeg_tleft_sampent_full_change_precond;eeg_tleft_halpha_mean_full_change_precond;gsr_skin_conductance_eda_tonic_mean_nk_full_change_precond;pupil_dilation_sd_full_change_precond;eeg_t_sampent_full_change_precond;eeg_tleft_lalpha_mean_full_change_precond;eeg_pright_sampent_full_change_precond;eeg_c_theta_mean_full_change_precond;eeg_fl_hbeta_mean_full_change_precond;hrv_rmssd_full_change_precond;hr_heartrate_bpm_med_abs_full_change_precond;eeg_fr_sampent_full_change_precond;eeg_fm_theta_mean_full_change_precond;eeg_pleft_lbeta_mean_full_change_precond;eeg_c_sampent_full_change_precond;eeg_fm_sampent_full_change_precond;gsr_skin_conductance_eda_tonic_sd_nk_full_change_precond;eeg_ab_ratio_full_change_precond;eeg_tleft_hbeta_mean_full_change_precond;eeg_c_specent_full_change_precond"
2025-11-26 17:59:39.88643,6,"stress_label",20,2,0.0625,0.58974358974359,0.596153846153846,NA,20,"top20","eeg_tleft_sampent_full_change_precond;eeg_tleft_halpha_mean_full_change_precond;gsr_skin_conductance_eda_tonic_mean_nk_full_change_precond;pupil_dilation_sd_full_change_precond;eeg_t_sampent_full_change_precond;eeg_tleft_lalpha_mean_full_change_precond;eeg_pright_sampent_full_change_precond;eeg_c_theta_mean_full_change_precond;eeg_fl_hbeta_mean_full_change_precond;hrv_rmssd_full_change_precond;hr_heartrate_bpm_med_abs_full_change_precond;eeg_fr_sampent_full_change_precond;eeg_fm_theta_mean_full_change_precond;eeg_pleft_lbeta_mean_full_change_precond;eeg_c_sampent_full_change_precond;eeg_fm_sampent_full_change_precond;gsr_skin_conductance_eda_tonic_sd_nk_full_change_precond;eeg_ab_ratio_full_change_precond;eeg_tleft_hbeta_mean_full_change_precond;eeg_c_specent_full_change_precond"
2025-11-26 17:59:40.826012,6,"stress_label",20,4,0.0625,0.602564102564103,0.634615384615385,NA,20,"top20","eeg_tleft_sampent_full_change_precond;eeg_tleft_halpha_mean_full_change_precond;gsr_skin_conductance_eda_tonic_mean_nk_full_change_precond;pupil_dilation_sd_full_change_precond;eeg_t_sampent_full_change_precond;eeg_tleft_lalpha_mean_full_change_precond;eeg_pright_sampent_full_change_precond;eeg_c_theta_mean_full_change_precond;eeg_fl_hbeta_mean_full_change_precond;hrv_rmssd_full_change_precond;hr_heartrate_bpm_med_abs_full_change_precond;eeg_fr_sampent_full_change_precond;eeg_fm_theta_mean_full_change_precond;eeg_pleft_lbeta_mean_full_change_precond;eeg_c_sampent_full_change_precond;eeg_fm_sampent_full_change_precond;gsr_skin_conductance_eda_tonic_sd_nk_full_change_precond;eeg_ab_ratio_full_change_precond;eeg_tleft_hbeta_mean_full_change_precond;eeg_c_specent_full_change_precond"
2025-11-26 17:59:41.982993,6,"stress_label",20,8,0.0625,0.576923076923077,0.583333333333333,NA,20,"top20","eeg_tleft_sampent_full_change_precond;eeg_tleft_halpha_mean_full_change_precond;gsr_skin_conductance_eda_tonic_mean_nk_full_change_precond;pupil_dilation_sd_full_change_precond;eeg_t_sampent_full_change_precond;eeg_tleft_lalpha_mean_full_change_precond;eeg_pright_sampent_full_change_precond;eeg_c_theta_mean_full_change_precond;eeg_fl_hbeta_mean_full_change_precond;hrv_rmssd_full_change_precond;hr_heartrate_bpm_med_abs_full_change_precond;eeg_fr_sampent_full_change_precond;eeg_fm_theta_mean_full_change_precond;eeg_pleft_lbeta_mean_full_change_precond;eeg_c_sampent_full_change_precond;eeg_fm_sampent_full_change_precond;gsr_skin_conductance_eda_tonic_sd_nk_full_change_precond;eeg_ab_ratio_full_change_precond;eeg_tleft_hbeta_mean_full_change_precond;eeg_c_specent_full_change_precond"
2025-11-26 17:59:43.13748,6,"stress_label",20,16,0.0625,0.58974358974359,0.596153846153846,NA,20,"top20","eeg_tleft_sampent_full_change_precond;eeg_tleft_halpha_mean_full_change_precond;gsr_skin_conductance_eda_tonic_mean_nk_full_change_precond;pupil_dilation_sd_full_change_precond;eeg_t_sampent_full_change_precond;eeg_tleft_lalpha_mean_full_change_precond;eeg_pright_sampent_full_change_precond;eeg_c_theta_mean_full_change_precond;eeg_fl_hbeta_mean_full_change_precond;hrv_rmssd_full_change_precond;hr_heartrate_bpm_med_abs_full_change_precond;eeg_fr_sampent_full_change_precond;eeg_fm_theta_mean_full_change_precond;eeg_pleft_lbeta_mean_full_change_precond;eeg_c_sampent_full_change_precond;eeg_fm_sampent_full_change_precond;gsr_skin_conductance_eda_tonic_sd_nk_full_change_precond;eeg_ab_ratio_full_change_precond;eeg_tleft_hbeta_mean_full_change_precond;eeg_c_specent_full_change_precond"
2025-11-26 17:59:44.278519,6,"stress_label",20,32,0.0625,0.58974358974359,0.621794871794872,NA,20,"top20","eeg_tleft_sampent_full_change_precond;eeg_tleft_halpha_mean_full_change_precond;gsr_skin_conductance_eda_tonic_mean_nk_full_change_precond;pupil_dilation_sd_full_change_precond;eeg_t_sampent_full_change_precond;eeg_tleft_lalpha_mean_full_change_precond;eeg_pright_sampent_full_change_precond;eeg_c_theta_mean_full_change_precond;eeg_fl_hbeta_mean_full_change_precond;hrv_rmssd_full_change_precond;hr_heartrate_bpm_med_abs_full_change_precond;eeg_fr_sampent_full_change_precond;eeg_fm_theta_mean_full_change_precond;eeg_pleft_lbeta_mean_full_change_precond;eeg_c_sampent_full_change_precond;eeg_fm_sampent_full_change_precond;gsr_skin_conductance_eda_tonic_sd_nk_full_change_precond;eeg_ab_ratio_full_change_precond;eeg_tleft_hbeta_mean_full_change_precond;eeg_c_specent_full_change_precond"
2025-11-26 17:59:45.415632,6,"stress_label",20,64,0.0625,0.58974358974359,0.621794871794872,NA,20,"top20","eeg_tleft_sampent_full_change_precond;eeg_tleft_halpha_mean_full_change_precond;gsr_skin_conductance_eda_tonic_mean_nk_full_change_precond;pupil_dilation_sd_full_change_precond;eeg_t_sampent_full_change_precond;eeg_tleft_lalpha_mean_full_change_precond;eeg_pright_sampent_full_change_precond;eeg_c_theta_mean_full_change_precond;eeg_fl_hbeta_mean_full_change_precond;hrv_rmssd_full_change_precond;hr_heartrate_bpm_med_abs_full_change_precond;eeg_fr_sampent_full_change_precond;eeg_fm_theta_mean_full_change_precond;eeg_pleft_lbeta_mean_full_change_precond;eeg_c_sampent_full_change_precond;eeg_fm_sampent_full_change_precond;gsr_skin_conductance_eda_tonic_sd_nk_full_change_precond;eeg_ab_ratio_full_change_precond;eeg_tleft_hbeta_mean_full_change_precond;eeg_c_specent_full_change_precond"
2025-11-26 17:59:46.5798,6,"stress_label",20,128,0.0625,0.58974358974359,0.621794871794872,NA,20,"top20","eeg_tleft_sampent_full_change_precond;eeg_tleft_halpha_mean_full_change_precond;gsr_skin_conductance_eda_tonic_mean_nk_full_change_precond;pupil_dilation_sd_full_change_precond;eeg_t_sampent_full_change_precond;eeg_tleft_lalpha_mean_full_change_precond;eeg_pright_sampent_full_change_precond;eeg_c_theta_mean_full_change_precond;eeg_fl_hbeta_mean_full_change_precond;hrv_rmssd_full_change_precond;hr_heartrate_bpm_med_abs_full_change_precond;eeg_fr_sampent_full_change_precond;eeg_fm_theta_mean_full_change_precond;eeg_pleft_lbeta_mean_full_change_precond;eeg_c_sampent_full_change_precond;eeg_fm_sampent_full_change_precond;gsr_skin_conductance_eda_tonic_sd_nk_full_change_precond;eeg_ab_ratio_full_change_precond;eeg_tleft_hbeta_mean_full_change_precond;eeg_c_specent_full_change_precond"
2025-11-26 17:59:47.743165,6,"stress_label",20,256,0.0625,0.58974358974359,0.621794871794872,NA,20,"top20","eeg_tleft_sampent_full_change_precond;eeg_tleft_halpha_mean_full_change_precond;gsr_skin_conductance_eda_tonic_mean_nk_full_change_precond;pupil_dilation_sd_full_change_precond;eeg_t_sampent_full_change_precond;eeg_tleft_lalpha_mean_full_change_precond;eeg_pright_sampent_full_change_precond;eeg_c_theta_mean_full_change_precond;eeg_fl_hbeta_mean_full_change_precond;hrv_rmssd_full_change_precond;hr_heartrate_bpm_med_abs_full_change_precond;eeg_fr_sampent_full_change_precond;eeg_fm_theta_mean_full_change_precond;eeg_pleft_lbeta_mean_full_change_precond;eeg_c_sampent_full_change_precond;eeg_fm_sampent_full_change_precond;gsr_skin_conductance_eda_tonic_sd_nk_full_change_precond;eeg_ab_ratio_full_change_precond;eeg_tleft_hbeta_mean_full_change_precond;eeg_c_specent_full_change_precond"
2025-11-26 17:59:48.768596,6,"stress_label",20,2,0.125,0.596153846153846,0.608974358974359,NA,20,"top20","eeg_tleft_sampent_full_change_precond;eeg_tleft_halpha_mean_full_change_precond;gsr_skin_conductance_eda_tonic_mean_nk_full_change_precond;pupil_dilation_sd_full_change_precond;eeg_t_sampent_full_change_precond;eeg_tleft_lalpha_mean_full_change_precond;eeg_pright_sampent_full_change_precond;eeg_c_theta_mean_full_change_precond;eeg_fl_hbeta_mean_full_change_precond;hrv_rmssd_full_change_precond;hr_heartrate_bpm_med_abs_full_change_precond;eeg_fr_sampent_full_change_precond;eeg_fm_theta_mean_full_change_precond;eeg_pleft_lbeta_mean_full_change_precond;eeg_c_sampent_full_change_precond;eeg_fm_sampent_full_change_precond;gsr_skin_conductance_eda_tonic_sd_nk_full_change_precond;eeg_ab_ratio_full_change_precond;eeg_tleft_hbeta_mean_full_change_precond;eeg_c_specent_full_change_precond"
2025-11-26 17:59:49.850636,6,"stress_label",20,4,0.125,0.576923076923077,0.596153846153846,NA,20,"top20","eeg_tleft_sampent_full_change_precond;eeg_tleft_halpha_mean_full_change_precond;gsr_skin_conductance_eda_tonic_mean_nk_full_change_precond;pupil_dilation_sd_full_change_precond;eeg_t_sampent_full_change_precond;eeg_tleft_lalpha_mean_full_change_precond;eeg_pright_sampent_full_change_precond;eeg_c_theta_mean_full_change_precond;eeg_fl_hbeta_mean_full_change_precond;hrv_rmssd_full_change_precond;hr_heartrate_bpm_med_abs_full_change_precond;eeg_fr_sampent_full_change_precond;eeg_fm_theta_mean_full_change_precond;eeg_pleft_lbeta_mean_full_change_precond;eeg_c_sampent_full_change_precond;eeg_fm_sampent_full_change_precond;gsr_skin_conductance_eda_tonic_sd_nk_full_change_precond;eeg_ab_ratio_full_change_precond;eeg_tleft_hbeta_mean_full_change_precond;eeg_c_specent_full_change_precond"
2025-11-26 17:59:50.98816,6,"stress_label",20,8,0.125,0.576923076923077,0.602564102564103,NA,20,"top20","eeg_tleft_sampent_full_change_precond;eeg_tleft_halpha_mean_full_change_precond;gsr_skin_conductance_eda_tonic_mean_nk_full_change_precond;pupil_dilation_sd_full_change_precond;eeg_t_sampent_full_change_precond;eeg_tleft_lalpha_mean_full_change_precond;eeg_pright_sampent_full_change_precond;eeg_c_theta_mean_full_change_precond;eeg_fl_hbeta_mean_full_change_precond;hrv_rmssd_full_change_precond;hr_heartrate_bpm_med_abs_full_change_precond;eeg_fr_sampent_full_change_precond;eeg_fm_theta_mean_full_change_precond;eeg_pleft_lbeta_mean_full_change_precond;eeg_c_sampent_full_change_precond;eeg_fm_sampent_full_change_precond;gsr_skin_conductance_eda_tonic_sd_nk_full_change_precond;eeg_ab_ratio_full_change_precond;eeg_tleft_hbeta_mean_full_change_precond;eeg_c_specent_full_change_precond"
2025-11-26 17:59:52.100779,6,"stress_label",20,16,0.125,0.576923076923077,0.602564102564103,NA,20,"top20","eeg_tleft_sampent_full_change_precond;eeg_tleft_halpha_mean_full_change_precond;gsr_skin_conductance_eda_tonic_mean_nk_full_change_precond;pupil_dilation_sd_full_change_precond;eeg_t_sampent_full_change_precond;eeg_tleft_lalpha_mean_full_change_precond;eeg_pright_sampent_full_change_precond;eeg_c_theta_mean_full_change_precond;eeg_fl_hbeta_mean_full_change_precond;hrv_rmssd_full_change_precond;hr_heartrate_bpm_med_abs_full_change_precond;eeg_fr_sampent_full_change_precond;eeg_fm_theta_mean_full_change_precond;eeg_pleft_lbeta_mean_full_change_precond;eeg_c_sampent_full_change_precond;eeg_fm_sampent_full_change_precond;gsr_skin_conductance_eda_tonic_sd_nk_full_change_precond;eeg_ab_ratio_full_change_precond;eeg_tleft_hbeta_mean_full_change_precond;eeg_c_specent_full_change_precond"
2025-11-26 17:59:53.155806,6,"stress_label",20,32,0.125,0.576923076923077,0.602564102564103,NA,20,"top20","eeg_tleft_sampent_full_change_precond;eeg_tleft_halpha_mean_full_change_precond;gsr_skin_conductance_eda_tonic_mean_nk_full_change_precond;pupil_dilation_sd_full_change_precond;eeg_t_sampent_full_change_precond;eeg_tleft_lalpha_mean_full_change_precond;eeg_pright_sampent_full_change_precond;eeg_c_theta_mean_full_change_precond;eeg_fl_hbeta_mean_full_change_precond;hrv_rmssd_full_change_precond;hr_heartrate_bpm_med_abs_full_change_precond;eeg_fr_sampent_full_change_precond;eeg_fm_theta_mean_full_change_precond;eeg_pleft_lbeta_mean_full_change_precond;eeg_c_sampent_full_change_precond;eeg_fm_sampent_full_change_precond;gsr_skin_conductance_eda_tonic_sd_nk_full_change_precond;eeg_ab_ratio_full_change_precond;eeg_tleft_hbeta_mean_full_change_precond;eeg_c_specent_full_change_precond"
2025-11-26 17:59:54.290126,6,"stress_label",20,64,0.125,0.576923076923077,0.602564102564103,NA,20,"top20","eeg_tleft_sampent_full_change_precond;eeg_tleft_halpha_mean_full_change_precond;gsr_skin_conductance_eda_tonic_mean_nk_full_change_precond;pupil_dilation_sd_full_change_precond;eeg_t_sampent_full_change_precond;eeg_tleft_lalpha_mean_full_change_precond;eeg_pright_sampent_full_change_precond;eeg_c_theta_mean_full_change_precond;eeg_fl_hbeta_mean_full_change_precond;hrv_rmssd_full_change_precond;hr_heartrate_bpm_med_abs_full_change_precond;eeg_fr_sampent_full_change_precond;eeg_fm_theta_mean_full_change_precond;eeg_pleft_lbeta_mean_full_change_precond;eeg_c_sampent_full_change_precond;eeg_fm_sampent_full_change_precond;gsr_skin_conductance_eda_tonic_sd_nk_full_change_precond;eeg_ab_ratio_full_change_precond;eeg_tleft_hbeta_mean_full_change_precond;eeg_c_specent_full_change_precond"
2025-11-26 17:59:55.420714,6,"stress_label",20,128,0.125,0.576923076923077,0.602564102564103,NA,20,"top20","eeg_tleft_sampent_full_change_precond;eeg_tleft_halpha_mean_full_change_precond;gsr_skin_conductance_eda_tonic_mean_nk_full_change_precond;pupil_dilation_sd_full_change_precond;eeg_t_sampent_full_change_precond;eeg_tleft_lalpha_mean_full_change_precond;eeg_pright_sampent_full_change_precond;eeg_c_theta_mean_full_change_precond;eeg_fl_hbeta_mean_full_change_precond;hrv_rmssd_full_change_precond;hr_heartrate_bpm_med_abs_full_change_precond;eeg_fr_sampent_full_change_precond;eeg_fm_theta_mean_full_change_precond;eeg_pleft_lbeta_mean_full_change_precond;eeg_c_sampent_full_change_precond;eeg_fm_sampent_full_change_precond;gsr_skin_conductance_eda_tonic_sd_nk_full_change_precond;eeg_ab_ratio_full_change_precond;eeg_tleft_hbeta_mean_full_change_precond;eeg_c_specent_full_change_precond"
2025-11-26 17:59:56.544402,6,"stress_label",20,256,0.125,0.576923076923077,0.602564102564103,NA,20,"top20","eeg_tleft_sampent_full_change_precond;eeg_tleft_halpha_mean_full_change_precond;gsr_skin_conductance_eda_tonic_mean_nk_full_change_precond;pupil_dilation_sd_full_change_precond;eeg_t_sampent_full_change_precond;eeg_tleft_lalpha_mean_full_change_precond;eeg_pright_sampent_full_change_precond;eeg_c_theta_mean_full_change_precond;eeg_fl_hbeta_mean_full_change_precond;hrv_rmssd_full_change_precond;hr_heartrate_bpm_med_abs_full_change_precond;eeg_fr_sampent_full_change_precond;eeg_fm_theta_mean_full_change_precond;eeg_pleft_lbeta_mean_full_change_precond;eeg_c_sampent_full_change_precond;eeg_fm_sampent_full_change_precond;gsr_skin_conductance_eda_tonic_sd_nk_full_change_precond;eeg_ab_ratio_full_change_precond;eeg_tleft_hbeta_mean_full_change_precond;eeg_c_specent_full_change_precond"
2025-11-26 17:59:57.446174,6,"stress_label",20,2,0.03,0.564102564102564,0.634615384615385,0.545299145299145,20,"top20","eeg_tleft_sampent_full_change_precond;eeg_tleft_halpha_mean_full_change_precond;gsr_skin_conductance_eda_tonic_mean_nk_full_change_precond;pupil_dilation_sd_full_change_precond;eeg_t_sampent_full_change_precond;eeg_tleft_lalpha_mean_full_change_precond;eeg_pright_sampent_full_change_precond;eeg_c_theta_mean_full_change_precond;eeg_fl_hbeta_mean_full_change_precond;hrv_rmssd_full_change_precond;hr_heartrate_bpm_med_abs_full_change_precond;eeg_fr_sampent_full_change_precond;eeg_fm_theta_mean_full_change_precond;eeg_pleft_lbeta_mean_full_change_precond;eeg_c_sampent_full_change_precond;eeg_fm_sampent_full_change_precond;gsr_skin_conductance_eda_tonic_sd_nk_full_change_precond;eeg_ab_ratio_full_change_precond;eeg_tleft_hbeta_mean_full_change_precond;eeg_c_specent_full_change_precond"
2025-11-26 17:59:58.48666,6,"stress_label",20,4,0.03,0.57051282051282,0.615384615384615,0.565811965811966,20,"top20","eeg_tleft_sampent_full_change_precond;eeg_tleft_halpha_mean_full_change_precond;gsr_skin_conductance_eda_tonic_mean_nk_full_change_precond;pupil_dilation_sd_full_change_precond;eeg_t_sampent_full_change_precond;eeg_tleft_lalpha_mean_full_change_precond;eeg_pright_sampent_full_change_precond;eeg_c_theta_mean_full_change_precond;eeg_fl_hbeta_mean_full_change_precond;hrv_rmssd_full_change_precond;hr_heartrate_bpm_med_abs_full_change_precond;eeg_fr_sampent_full_change_precond;eeg_fm_theta_mean_full_change_precond;eeg_pleft_lbeta_mean_full_change_precond;eeg_c_sampent_full_change_precond;eeg_fm_sampent_full_change_precond;gsr_skin_conductance_eda_tonic_sd_nk_full_change_precond;eeg_ab_ratio_full_change_precond;eeg_tleft_hbeta_mean_full_change_precond;eeg_c_specent_full_change_precond"
2025-11-26 17:59:59.579846,6,"stress_label",20,8,0.03,0.557692307692308,0.544871794871795,0.536752136752137,20,"top20","eeg_tleft_sampent_full_change_precond;eeg_tleft_halpha_mean_full_change_precond;gsr_skin_conductance_eda_tonic_mean_nk_full_change_precond;pupil_dilation_sd_full_change_precond;eeg_t_sampent_full_change_precond;eeg_tleft_lalpha_mean_full_change_precond;eeg_pright_sampent_full_change_precond;eeg_c_theta_mean_full_change_precond;eeg_fl_hbeta_mean_full_change_precond;hrv_rmssd_full_change_precond;hr_heartrate_bpm_med_abs_full_change_precond;eeg_fr_sampent_full_change_precond;eeg_fm_theta_mean_full_change_precond;eeg_pleft_lbeta_mean_full_change_precond;eeg_c_sampent_full_change_precond;eeg_fm_sampent_full_change_precond;gsr_skin_conductance_eda_tonic_sd_nk_full_change_precond;eeg_ab_ratio_full_change_precond;eeg_tleft_hbeta_mean_full_change_precond;eeg_c_specent_full_change_precond"
2025-11-26 18:00:00.673605,6,"stress_label",20,16,0.03,0.551282051282051,0.58974358974359,NA,20,"top20","eeg_tleft_sampent_full_change_precond;eeg_tleft_halpha_mean_full_change_precond;gsr_skin_conductance_eda_tonic_mean_nk_full_change_precond;pupil_dilation_sd_full_change_precond;eeg_t_sampent_full_change_precond;eeg_tleft_lalpha_mean_full_change_precond;eeg_pright_sampent_full_change_precond;eeg_c_theta_mean_full_change_precond;eeg_fl_hbeta_mean_full_change_precond;hrv_rmssd_full_change_precond;hr_heartrate_bpm_med_abs_full_change_precond;eeg_fr_sampent_full_change_precond;eeg_fm_theta_mean_full_change_precond;eeg_pleft_lbeta_mean_full_change_precond;eeg_c_sampent_full_change_precond;eeg_fm_sampent_full_change_precond;gsr_skin_conductance_eda_tonic_sd_nk_full_change_precond;eeg_ab_ratio_full_change_precond;eeg_tleft_hbeta_mean_full_change_precond;eeg_c_specent_full_change_precond"
2025-11-26 18:00:01.673734,6,"stress_label",20,32,0.03,0.544871794871795,0.596153846153846,NA,20,"top20","eeg_tleft_sampent_full_change_precond;eeg_tleft_halpha_mean_full_change_precond;gsr_skin_conductance_eda_tonic_mean_nk_full_change_precond;pupil_dilation_sd_full_change_precond;eeg_t_sampent_full_change_precond;eeg_tleft_lalpha_mean_full_change_precond;eeg_pright_sampent_full_change_precond;eeg_c_theta_mean_full_change_precond;eeg_fl_hbeta_mean_full_change_precond;hrv_rmssd_full_change_precond;hr_heartrate_bpm_med_abs_full_change_precond;eeg_fr_sampent_full_change_precond;eeg_fm_theta_mean_full_change_precond;eeg_pleft_lbeta_mean_full_change_precond;eeg_c_sampent_full_change_precond;eeg_fm_sampent_full_change_precond;gsr_skin_conductance_eda_tonic_sd_nk_full_change_precond;eeg_ab_ratio_full_change_precond;eeg_tleft_hbeta_mean_full_change_precond;eeg_c_specent_full_change_precond"
2025-11-26 18:00:02.892975,6,"stress_label",20,64,0.03,0.538461538461538,0.596153846153846,NA,20,"top20","eeg_tleft_sampent_full_change_precond;eeg_tleft_halpha_mean_full_change_precond;gsr_skin_conductance_eda_tonic_mean_nk_full_change_precond;pupil_dilation_sd_full_change_precond;eeg_t_sampent_full_change_precond;eeg_tleft_lalpha_mean_full_change_precond;eeg_pright_sampent_full_change_precond;eeg_c_theta_mean_full_change_precond;eeg_fl_hbeta_mean_full_change_precond;hrv_rmssd_full_change_precond;hr_heartrate_bpm_med_abs_full_change_precond;eeg_fr_sampent_full_change_precond;eeg_fm_theta_mean_full_change_precond;eeg_pleft_lbeta_mean_full_change_precond;eeg_c_sampent_full_change_precond;eeg_fm_sampent_full_change_precond;gsr_skin_conductance_eda_tonic_sd_nk_full_change_precond;eeg_ab_ratio_full_change_precond;eeg_tleft_hbeta_mean_full_change_precond;eeg_c_specent_full_change_precond"
2025-11-26 18:00:03.991779,6,"stress_label",20,128,0.03,0.538461538461538,0.596153846153846,NA,20,"top20","eeg_tleft_sampent_full_change_precond;eeg_tleft_halpha_mean_full_change_precond;gsr_skin_conductance_eda_tonic_mean_nk_full_change_precond;pupil_dilation_sd_full_change_precond;eeg_t_sampent_full_change_precond;eeg_tleft_lalpha_mean_full_change_precond;eeg_pright_sampent_full_change_precond;eeg_c_theta_mean_full_change_precond;eeg_fl_hbeta_mean_full_change_precond;hrv_rmssd_full_change_precond;hr_heartrate_bpm_med_abs_full_change_precond;eeg_fr_sampent_full_change_precond;eeg_fm_theta_mean_full_change_precond;eeg_pleft_lbeta_mean_full_change_precond;eeg_c_sampent_full_change_precond;eeg_fm_sampent_full_change_precond;gsr_skin_conductance_eda_tonic_sd_nk_full_change_precond;eeg_ab_ratio_full_change_precond;eeg_tleft_hbeta_mean_full_change_precond;eeg_c_specent_full_change_precond"
2025-11-26 18:00:05.022562,6,"stress_label",20,256,0.03,0.538461538461538,0.596153846153846,NA,20,"top20","eeg_tleft_sampent_full_change_precond;eeg_tleft_halpha_mean_full_change_precond;gsr_skin_conductance_eda_tonic_mean_nk_full_change_precond;pupil_dilation_sd_full_change_precond;eeg_t_sampent_full_change_precond;eeg_tleft_lalpha_mean_full_change_precond;eeg_pright_sampent_full_change_precond;eeg_c_theta_mean_full_change_precond;eeg_fl_hbeta_mean_full_change_precond;hrv_rmssd_full_change_precond;hr_heartrate_bpm_med_abs_full_change_precond;eeg_fr_sampent_full_change_precond;eeg_fm_theta_mean_full_change_precond;eeg_pleft_lbeta_mean_full_change_precond;eeg_c_sampent_full_change_precond;eeg_fm_sampent_full_change_precond;gsr_skin_conductance_eda_tonic_sd_nk_full_change_precond;eeg_ab_ratio_full_change_precond;eeg_tleft_hbeta_mean_full_change_precond;eeg_c_specent_full_change_precond"
2025-11-26 18:00:06.065786,6,"stress_label",20,2,0.06,0.58974358974359,0.608974358974359,NA,20,"top20","eeg_tleft_sampent_full_change_precond;eeg_tleft_halpha_mean_full_change_precond;gsr_skin_conductance_eda_tonic_mean_nk_full_change_precond;pupil_dilation_sd_full_change_precond;eeg_t_sampent_full_change_precond;eeg_tleft_lalpha_mean_full_change_precond;eeg_pright_sampent_full_change_precond;eeg_c_theta_mean_full_change_precond;eeg_fl_hbeta_mean_full_change_precond;hrv_rmssd_full_change_precond;hr_heartrate_bpm_med_abs_full_change_precond;eeg_fr_sampent_full_change_precond;eeg_fm_theta_mean_full_change_precond;eeg_pleft_lbeta_mean_full_change_precond;eeg_c_sampent_full_change_precond;eeg_fm_sampent_full_change_precond;gsr_skin_conductance_eda_tonic_sd_nk_full_change_precond;eeg_ab_ratio_full_change_precond;eeg_tleft_hbeta_mean_full_change_precond;eeg_c_specent_full_change_precond"
2025-11-26 18:00:07.136685,6,"stress_label",20,4,0.06,0.596153846153846,0.615384615384615,NA,20,"top20","eeg_tleft_sampent_full_change_precond;eeg_tleft_halpha_mean_full_change_precond;gsr_skin_conductance_eda_tonic_mean_nk_full_change_precond;pupil_dilation_sd_full_change_precond;eeg_t_sampent_full_change_precond;eeg_tleft_lalpha_mean_full_change_precond;eeg_pright_sampent_full_change_precond;eeg_c_theta_mean_full_change_precond;eeg_fl_hbeta_mean_full_change_precond;hrv_rmssd_full_change_precond;hr_heartrate_bpm_med_abs_full_change_precond;eeg_fr_sampent_full_change_precond;eeg_fm_theta_mean_full_change_precond;eeg_pleft_lbeta_mean_full_change_precond;eeg_c_sampent_full_change_precond;eeg_fm_sampent_full_change_precond;gsr_skin_conductance_eda_tonic_sd_nk_full_change_precond;eeg_ab_ratio_full_change_precond;eeg_tleft_hbeta_mean_full_change_precond;eeg_c_specent_full_change_precond"
2025-11-26 18:00:08.193618,6,"stress_label",20,8,0.06,0.57051282051282,0.576923076923077,NA,20,"top20","eeg_tleft_sampent_full_change_precond;eeg_tleft_halpha_mean_full_change_precond;gsr_skin_conductance_eda_tonic_mean_nk_full_change_precond;pupil_dilation_sd_full_change_precond;eeg_t_sampent_full_change_precond;eeg_tleft_lalpha_mean_full_change_precond;eeg_pright_sampent_full_change_precond;eeg_c_theta_mean_full_change_precond;eeg_fl_hbeta_mean_full_change_precond;hrv_rmssd_full_change_precond;hr_heartrate_bpm_med_abs_full_change_precond;eeg_fr_sampent_full_change_precond;eeg_fm_theta_mean_full_change_precond;eeg_pleft_lbeta_mean_full_change_precond;eeg_c_sampent_full_change_precond;eeg_fm_sampent_full_change_precond;gsr_skin_conductance_eda_tonic_sd_nk_full_change_precond;eeg_ab_ratio_full_change_precond;eeg_tleft_hbeta_mean_full_change_precond;eeg_c_specent_full_change_precond"
2025-11-26 18:00:09.347567,6,"stress_label",20,16,0.06,0.58974358974359,0.615384615384615,NA,20,"top20","eeg_tleft_sampent_full_change_precond;eeg_tleft_halpha_mean_full_change_precond;gsr_skin_conductance_eda_tonic_mean_nk_full_change_precond;pupil_dilation_sd_full_change_precond;eeg_t_sampent_full_change_precond;eeg_tleft_lalpha_mean_full_change_precond;eeg_pright_sampent_full_change_precond;eeg_c_theta_mean_full_change_precond;eeg_fl_hbeta_mean_full_change_precond;hrv_rmssd_full_change_precond;hr_heartrate_bpm_med_abs_full_change_precond;eeg_fr_sampent_full_change_precond;eeg_fm_theta_mean_full_change_precond;eeg_pleft_lbeta_mean_full_change_precond;eeg_c_sampent_full_change_precond;eeg_fm_sampent_full_change_precond;gsr_skin_conductance_eda_tonic_sd_nk_full_change_precond;eeg_ab_ratio_full_change_precond;eeg_tleft_hbeta_mean_full_change_precond;eeg_c_specent_full_change_precond"
2025-11-26 18:00:10.481183,6,"stress_label",20,32,0.06,0.58974358974359,0.615384615384615,NA,20,"top20","eeg_tleft_sampent_full_change_precond;eeg_tleft_halpha_mean_full_change_precond;gsr_skin_conductance_eda_tonic_mean_nk_full_change_precond;pupil_dilation_sd_full_change_precond;eeg_t_sampent_full_change_precond;eeg_tleft_lalpha_mean_full_change_precond;eeg_pright_sampent_full_change_precond;eeg_c_theta_mean_full_change_precond;eeg_fl_hbeta_mean_full_change_precond;hrv_rmssd_full_change_precond;hr_heartrate_bpm_med_abs_full_change_precond;eeg_fr_sampent_full_change_precond;eeg_fm_theta_mean_full_change_precond;eeg_pleft_lbeta_mean_full_change_precond;eeg_c_sampent_full_change_precond;eeg_fm_sampent_full_change_precond;gsr_skin_conductance_eda_tonic_sd_nk_full_change_precond;eeg_ab_ratio_full_change_precond;eeg_tleft_hbeta_mean_full_change_precond;eeg_c_specent_full_change_precond"
2025-11-26 18:00:11.583883,6,"stress_label",20,64,0.06,0.58974358974359,0.615384615384615,NA,20,"top20","eeg_tleft_sampent_full_change_precond;eeg_tleft_halpha_mean_full_change_precond;gsr_skin_conductance_eda_tonic_mean_nk_full_change_precond;pupil_dilation_sd_full_change_precond;eeg_t_sampent_full_change_precond;eeg_tleft_lalpha_mean_full_change_precond;eeg_pright_sampent_full_change_precond;eeg_c_theta_mean_full_change_precond;eeg_fl_hbeta_mean_full_change_precond;hrv_rmssd_full_change_precond;hr_heartrate_bpm_med_abs_full_change_precond;eeg_fr_sampent_full_change_precond;eeg_fm_theta_mean_full_change_precond;eeg_pleft_lbeta_mean_full_change_precond;eeg_c_sampent_full_change_precond;eeg_fm_sampent_full_change_precond;gsr_skin_conductance_eda_tonic_sd_nk_full_change_precond;eeg_ab_ratio_full_change_precond;eeg_tleft_hbeta_mean_full_change_precond;eeg_c_specent_full_change_precond"
2025-11-26 18:00:12.706906,6,"stress_label",20,128,0.06,0.58974358974359,0.615384615384615,NA,20,"top20","eeg_tleft_sampent_full_change_precond;eeg_tleft_halpha_mean_full_change_precond;gsr_skin_conductance_eda_tonic_mean_nk_full_change_precond;pupil_dilation_sd_full_change_precond;eeg_t_sampent_full_change_precond;eeg_tleft_lalpha_mean_full_change_precond;eeg_pright_sampent_full_change_precond;eeg_c_theta_mean_full_change_precond;eeg_fl_hbeta_mean_full_change_precond;hrv_rmssd_full_change_precond;hr_heartrate_bpm_med_abs_full_change_precond;eeg_fr_sampent_full_change_precond;eeg_fm_theta_mean_full_change_precond;eeg_pleft_lbeta_mean_full_change_precond;eeg_c_sampent_full_change_precond;eeg_fm_sampent_full_change_precond;gsr_skin_conductance_eda_tonic_sd_nk_full_change_precond;eeg_ab_ratio_full_change_precond;eeg_tleft_hbeta_mean_full_change_precond;eeg_c_specent_full_change_precond"
2025-11-26 18:00:13.850339,6,"stress_label",20,256,0.06,0.58974358974359,0.615384615384615,NA,20,"top20","eeg_tleft_sampent_full_change_precond;eeg_tleft_halpha_mean_full_change_precond;gsr_skin_conductance_eda_tonic_mean_nk_full_change_precond;pupil_dilation_sd_full_change_precond;eeg_t_sampent_full_change_precond;eeg_tleft_lalpha_mean_full_change_precond;eeg_pright_sampent_full_change_precond;eeg_c_theta_mean_full_change_precond;eeg_fl_hbeta_mean_full_change_precond;hrv_rmssd_full_change_precond;hr_heartrate_bpm_med_abs_full_change_precond;eeg_fr_sampent_full_change_precond;eeg_fm_theta_mean_full_change_precond;eeg_pleft_lbeta_mean_full_change_precond;eeg_c_sampent_full_change_precond;eeg_fm_sampent_full_change_precond;gsr_skin_conductance_eda_tonic_sd_nk_full_change_precond;eeg_ab_ratio_full_change_precond;eeg_tleft_hbeta_mean_full_change_precond;eeg_c_specent_full_change_precond"
2025-11-26 18:00:14.956357,6,"stress_label",20,2,0.1,0.621794871794872,0.621794871794872,NA,20,"top20","eeg_tleft_sampent_full_change_precond;eeg_tleft_halpha_mean_full_change_precond;gsr_skin_conductance_eda_tonic_mean_nk_full_change_precond;pupil_dilation_sd_full_change_precond;eeg_t_sampent_full_change_precond;eeg_tleft_lalpha_mean_full_change_precond;eeg_pright_sampent_full_change_precond;eeg_c_theta_mean_full_change_precond;eeg_fl_hbeta_mean_full_change_precond;hrv_rmssd_full_change_precond;hr_heartrate_bpm_med_abs_full_change_precond;eeg_fr_sampent_full_change_precond;eeg_fm_theta_mean_full_change_precond;eeg_pleft_lbeta_mean_full_change_precond;eeg_c_sampent_full_change_precond;eeg_fm_sampent_full_change_precond;gsr_skin_conductance_eda_tonic_sd_nk_full_change_precond;eeg_ab_ratio_full_change_precond;eeg_tleft_hbeta_mean_full_change_precond;eeg_c_specent_full_change_precond"
2025-11-26 18:00:16.063043,6,"stress_label",20,4,0.1,0.621794871794872,0.621794871794872,NA,20,"top20","eeg_tleft_sampent_full_change_precond;eeg_tleft_halpha_mean_full_change_precond;gsr_skin_conductance_eda_tonic_mean_nk_full_change_precond;pupil_dilation_sd_full_change_precond;eeg_t_sampent_full_change_precond;eeg_tleft_lalpha_mean_full_change_precond;eeg_pright_sampent_full_change_precond;eeg_c_theta_mean_full_change_precond;eeg_fl_hbeta_mean_full_change_precond;hrv_rmssd_full_change_precond;hr_heartrate_bpm_med_abs_full_change_precond;eeg_fr_sampent_full_change_precond;eeg_fm_theta_mean_full_change_precond;eeg_pleft_lbeta_mean_full_change_precond;eeg_c_sampent_full_change_precond;eeg_fm_sampent_full_change_precond;gsr_skin_conductance_eda_tonic_sd_nk_full_change_precond;eeg_ab_ratio_full_change_precond;eeg_tleft_hbeta_mean_full_change_precond;eeg_c_specent_full_change_precond"
2025-11-26 18:00:17.156244,6,"stress_label",20,8,0.1,0.608974358974359,0.634615384615385,NA,20,"top20","eeg_tleft_sampent_full_change_precond;eeg_tleft_halpha_mean_full_change_precond;gsr_skin_conductance_eda_tonic_mean_nk_full_change_precond;pupil_dilation_sd_full_change_precond;eeg_t_sampent_full_change_precond;eeg_tleft_lalpha_mean_full_change_precond;eeg_pright_sampent_full_change_precond;eeg_c_theta_mean_full_change_precond;eeg_fl_hbeta_mean_full_change_precond;hrv_rmssd_full_change_precond;hr_heartrate_bpm_med_abs_full_change_precond;eeg_fr_sampent_full_change_precond;eeg_fm_theta_mean_full_change_precond;eeg_pleft_lbeta_mean_full_change_precond;eeg_c_sampent_full_change_precond;eeg_fm_sampent_full_change_precond;gsr_skin_conductance_eda_tonic_sd_nk_full_change_precond;eeg_ab_ratio_full_change_precond;eeg_tleft_hbeta_mean_full_change_precond;eeg_c_specent_full_change_precond"
2025-11-26 18:00:18.285645,6,"stress_label",20,16,0.1,0.608974358974359,0.634615384615385,NA,20,"top20","eeg_tleft_sampent_full_change_precond;eeg_tleft_halpha_mean_full_change_precond;gsr_skin_conductance_eda_tonic_mean_nk_full_change_precond;pupil_dilation_sd_full_change_precond;eeg_t_sampent_full_change_precond;eeg_tleft_lalpha_mean_full_change_precond;eeg_pright_sampent_full_change_precond;eeg_c_theta_mean_full_change_precond;eeg_fl_hbeta_mean_full_change_precond;hrv_rmssd_full_change_precond;hr_heartrate_bpm_med_abs_full_change_precond;eeg_fr_sampent_full_change_precond;eeg_fm_theta_mean_full_change_precond;eeg_pleft_lbeta_mean_full_change_precond;eeg_c_sampent_full_change_precond;eeg_fm_sampent_full_change_precond;gsr_skin_conductance_eda_tonic_sd_nk_full_change_precond;eeg_ab_ratio_full_change_precond;eeg_tleft_hbeta_mean_full_change_precond;eeg_c_specent_full_change_precond"
2025-11-26 18:00:19.426178,6,"stress_label",20,32,0.1,0.608974358974359,0.634615384615385,NA,20,"top20","eeg_tleft_sampent_full_change_precond;eeg_tleft_halpha_mean_full_change_precond;gsr_skin_conductance_eda_tonic_mean_nk_full_change_precond;pupil_dilation_sd_full_change_precond;eeg_t_sampent_full_change_precond;eeg_tleft_lalpha_mean_full_change_precond;eeg_pright_sampent_full_change_precond;eeg_c_theta_mean_full_change_precond;eeg_fl_hbeta_mean_full_change_precond;hrv_rmssd_full_change_precond;hr_heartrate_bpm_med_abs_full_change_precond;eeg_fr_sampent_full_change_precond;eeg_fm_theta_mean_full_change_precond;eeg_pleft_lbeta_mean_full_change_precond;eeg_c_sampent_full_change_precond;eeg_fm_sampent_full_change_precond;gsr_skin_conductance_eda_tonic_sd_nk_full_change_precond;eeg_ab_ratio_full_change_precond;eeg_tleft_hbeta_mean_full_change_precond;eeg_c_specent_full_change_precond"
2025-11-26 18:00:20.575946,6,"stress_label",20,64,0.1,0.608974358974359,0.634615384615385,NA,20,"top20","eeg_tleft_sampent_full_change_precond;eeg_tleft_halpha_mean_full_change_precond;gsr_skin_conductance_eda_tonic_mean_nk_full_change_precond;pupil_dilation_sd_full_change_precond;eeg_t_sampent_full_change_precond;eeg_tleft_lalpha_mean_full_change_precond;eeg_pright_sampent_full_change_precond;eeg_c_theta_mean_full_change_precond;eeg_fl_hbeta_mean_full_change_precond;hrv_rmssd_full_change_precond;hr_heartrate_bpm_med_abs_full_change_precond;eeg_fr_sampent_full_change_precond;eeg_fm_theta_mean_full_change_precond;eeg_pleft_lbeta_mean_full_change_precond;eeg_c_sampent_full_change_precond;eeg_fm_sampent_full_change_precond;gsr_skin_conductance_eda_tonic_sd_nk_full_change_precond;eeg_ab_ratio_full_change_precond;eeg_tleft_hbeta_mean_full_change_precond;eeg_c_specent_full_change_precond"
2025-11-26 18:00:21.732155,6,"stress_label",20,128,0.1,0.608974358974359,0.634615384615385,NA,20,"top20","eeg_tleft_sampent_full_change_precond;eeg_tleft_halpha_mean_full_change_precond;gsr_skin_conductance_eda_tonic_mean_nk_full_change_precond;pupil_dilation_sd_full_change_precond;eeg_t_sampent_full_change_precond;eeg_tleft_lalpha_mean_full_change_precond;eeg_pright_sampent_full_change_precond;eeg_c_theta_mean_full_change_precond;eeg_fl_hbeta_mean_full_change_precond;hrv_rmssd_full_change_precond;hr_heartrate_bpm_med_abs_full_change_precond;eeg_fr_sampent_full_change_precond;eeg_fm_theta_mean_full_change_precond;eeg_pleft_lbeta_mean_full_change_precond;eeg_c_sampent_full_change_precond;eeg_fm_sampent_full_change_precond;gsr_skin_conductance_eda_tonic_sd_nk_full_change_precond;eeg_ab_ratio_full_change_precond;eeg_tleft_hbeta_mean_full_change_precond;eeg_c_specent_full_change_precond"
2025-11-26 18:00:22.874528,6,"stress_label",20,256,0.1,0.608974358974359,0.634615384615385,NA,20,"top20","eeg_tleft_sampent_full_change_precond;eeg_tleft_halpha_mean_full_change_precond;gsr_skin_conductance_eda_tonic_mean_nk_full_change_precond;pupil_dilation_sd_full_change_precond;eeg_t_sampent_full_change_precond;eeg_tleft_lalpha_mean_full_change_precond;eeg_pright_sampent_full_change_precond;eeg_c_theta_mean_full_change_precond;eeg_fl_hbeta_mean_full_change_precond;hrv_rmssd_full_change_precond;hr_heartrate_bpm_med_abs_full_change_precond;eeg_fr_sampent_full_change_precond;eeg_fm_theta_mean_full_change_precond;eeg_pleft_lbeta_mean_full_change_precond;eeg_c_sampent_full_change_precond;eeg_fm_sampent_full_change_precond;gsr_skin_conductance_eda_tonic_sd_nk_full_change_precond;eeg_ab_ratio_full_change_precond;eeg_tleft_hbeta_mean_full_change_precond;eeg_c_specent_full_change_precond"
2025-11-26 18:00:23.615019,6,"stress_label",10,2,0.0078125,0.608974358974359,0.621794871794872,0.58034188034188,10,"top10","eeg_tleft_sampent_full_change_precond;eeg_tleft_halpha_mean_full_change_precond;gsr_skin_conductance_eda_tonic_mean_nk_full_change_precond;pupil_dilation_sd_full_change_precond;eeg_t_sampent_full_change_precond;eeg_tleft_lalpha_mean_full_change_precond;eeg_pright_sampent_full_change_precond;eeg_c_theta_mean_full_change_precond;eeg_fl_hbeta_mean_full_change_precond;hrv_rmssd_full_change_precond"
2025-11-26 18:00:24.493527,6,"stress_label",10,4,0.0078125,0.596153846153846,0.615384615384615,NA,10,"top10","eeg_tleft_sampent_full_change_precond;eeg_tleft_halpha_mean_full_change_precond;gsr_skin_conductance_eda_tonic_mean_nk_full_change_precond;pupil_dilation_sd_full_change_precond;eeg_t_sampent_full_change_precond;eeg_tleft_lalpha_mean_full_change_precond;eeg_pright_sampent_full_change_precond;eeg_c_theta_mean_full_change_precond;eeg_fl_hbeta_mean_full_change_precond;hrv_rmssd_full_change_precond"
2025-11-26 18:00:25.295349,6,"stress_label",10,8,0.0078125,0.576923076923077,0.608974358974359,0.54957264957265,10,"top10","eeg_tleft_sampent_full_change_precond;eeg_tleft_halpha_mean_full_change_precond;gsr_skin_conductance_eda_tonic_mean_nk_full_change_precond;pupil_dilation_sd_full_change_precond;eeg_t_sampent_full_change_precond;eeg_tleft_lalpha_mean_full_change_precond;eeg_pright_sampent_full_change_precond;eeg_c_theta_mean_full_change_precond;eeg_fl_hbeta_mean_full_change_precond;hrv_rmssd_full_change_precond"
2025-11-26 18:00:26.131536,6,"stress_label",10,16,0.0078125,0.57051282051282,0.608974358974359,0.556410256410256,10,"top10","eeg_tleft_sampent_full_change_precond;eeg_tleft_halpha_mean_full_change_precond;gsr_skin_conductance_eda_tonic_mean_nk_full_change_precond;pupil_dilation_sd_full_change_precond;eeg_t_sampent_full_change_precond;eeg_tleft_lalpha_mean_full_change_precond;eeg_pright_sampent_full_change_precond;eeg_c_theta_mean_full_change_precond;eeg_fl_hbeta_mean_full_change_precond;hrv_rmssd_full_change_precond"
2025-11-26 18:00:26.995276,6,"stress_label",10,32,0.0078125,0.576923076923077,0.602564102564103,0.571794871794872,10,"top10","eeg_tleft_sampent_full_change_precond;eeg_tleft_halpha_mean_full_change_precond;gsr_skin_conductance_eda_tonic_mean_nk_full_change_precond;pupil_dilation_sd_full_change_precond;eeg_t_sampent_full_change_precond;eeg_tleft_lalpha_mean_full_change_precond;eeg_pright_sampent_full_change_precond;eeg_c_theta_mean_full_change_precond;eeg_fl_hbeta_mean_full_change_precond;hrv_rmssd_full_change_precond"
2025-11-26 18:00:27.849377,6,"stress_label",10,64,0.0078125,0.576923076923077,0.596153846153846,0.560683760683761,10,"top10","eeg_tleft_sampent_full_change_precond;eeg_tleft_halpha_mean_full_change_precond;gsr_skin_conductance_eda_tonic_mean_nk_full_change_precond;pupil_dilation_sd_full_change_precond;eeg_t_sampent_full_change_precond;eeg_tleft_lalpha_mean_full_change_precond;eeg_pright_sampent_full_change_precond;eeg_c_theta_mean_full_change_precond;eeg_fl_hbeta_mean_full_change_precond;hrv_rmssd_full_change_precond"
2025-11-26 18:00:28.730099,6,"stress_label",10,128,0.0078125,0.544871794871795,0.58974358974359,0.536752136752137,10,"top10","eeg_tleft_sampent_full_change_precond;eeg_tleft_halpha_mean_full_change_precond;gsr_skin_conductance_eda_tonic_mean_nk_full_change_precond;pupil_dilation_sd_full_change_precond;eeg_t_sampent_full_change_precond;eeg_tleft_lalpha_mean_full_change_precond;eeg_pright_sampent_full_change_precond;eeg_c_theta_mean_full_change_precond;eeg_fl_hbeta_mean_full_change_precond;hrv_rmssd_full_change_precond"
2025-11-26 18:00:29.808473,6,"stress_label",10,256,0.0078125,0.532051282051282,0.544871794871795,0.514529914529914,10,"top10","eeg_tleft_sampent_full_change_precond;eeg_tleft_halpha_mean_full_change_precond;gsr_skin_conductance_eda_tonic_mean_nk_full_change_precond;pupil_dilation_sd_full_change_precond;eeg_t_sampent_full_change_precond;eeg_tleft_lalpha_mean_full_change_precond;eeg_pright_sampent_full_change_precond;eeg_c_theta_mean_full_change_precond;eeg_fl_hbeta_mean_full_change_precond;hrv_rmssd_full_change_precond"
2025-11-26 18:00:30.682626,6,"stress_label",10,2,0.015625,0.596153846153846,0.602564102564103,NA,10,"top10","eeg_tleft_sampent_full_change_precond;eeg_tleft_halpha_mean_full_change_precond;gsr_skin_conductance_eda_tonic_mean_nk_full_change_precond;pupil_dilation_sd_full_change_precond;eeg_t_sampent_full_change_precond;eeg_tleft_lalpha_mean_full_change_precond;eeg_pright_sampent_full_change_precond;eeg_c_theta_mean_full_change_precond;eeg_fl_hbeta_mean_full_change_precond;hrv_rmssd_full_change_precond"
2025-11-26 18:00:31.547434,6,"stress_label",10,4,0.015625,0.576923076923077,0.602564102564103,0.547008547008547,10,"top10","eeg_tleft_sampent_full_change_precond;eeg_tleft_halpha_mean_full_change_precond;gsr_skin_conductance_eda_tonic_mean_nk_full_change_precond;pupil_dilation_sd_full_change_precond;eeg_t_sampent_full_change_precond;eeg_tleft_lalpha_mean_full_change_precond;eeg_pright_sampent_full_change_precond;eeg_c_theta_mean_full_change_precond;eeg_fl_hbeta_mean_full_change_precond;hrv_rmssd_full_change_precond"
2025-11-26 18:00:32.321466,6,"stress_label",10,8,0.015625,0.551282051282051,0.602564102564103,0.532478632478632,10,"top10","eeg_tleft_sampent_full_change_precond;eeg_tleft_halpha_mean_full_change_precond;gsr_skin_conductance_eda_tonic_mean_nk_full_change_precond;pupil_dilation_sd_full_change_precond;eeg_t_sampent_full_change_precond;eeg_tleft_lalpha_mean_full_change_precond;eeg_pright_sampent_full_change_precond;eeg_c_theta_mean_full_change_precond;eeg_fl_hbeta_mean_full_change_precond;hrv_rmssd_full_change_precond"
2025-11-26 18:00:33.387053,6,"stress_label",10,16,0.015625,0.583333333333333,0.596153846153846,0.576923076923077,10,"top10","eeg_tleft_sampent_full_change_precond;eeg_tleft_halpha_mean_full_change_precond;gsr_skin_conductance_eda_tonic_mean_nk_full_change_precond;pupil_dilation_sd_full_change_precond;eeg_t_sampent_full_change_precond;eeg_tleft_lalpha_mean_full_change_precond;eeg_pright_sampent_full_change_precond;eeg_c_theta_mean_full_change_precond;eeg_fl_hbeta_mean_full_change_precond;hrv_rmssd_full_change_precond"
2025-11-26 18:00:34.099283,6,"stress_label",10,32,0.015625,0.557692307692308,0.57051282051282,0.545299145299145,10,"top10","eeg_tleft_sampent_full_change_precond;eeg_tleft_halpha_mean_full_change_precond;gsr_skin_conductance_eda_tonic_mean_nk_full_change_precond;pupil_dilation_sd_full_change_precond;eeg_t_sampent_full_change_precond;eeg_tleft_lalpha_mean_full_change_precond;eeg_pright_sampent_full_change_precond;eeg_c_theta_mean_full_change_precond;eeg_fl_hbeta_mean_full_change_precond;hrv_rmssd_full_change_precond"
2025-11-26 18:00:34.842313,6,"stress_label",10,64,0.015625,0.532051282051282,0.557692307692308,0.514529914529914,10,"top10","eeg_tleft_sampent_full_change_precond;eeg_tleft_halpha_mean_full_change_precond;gsr_skin_conductance_eda_tonic_mean_nk_full_change_precond;pupil_dilation_sd_full_change_precond;eeg_t_sampent_full_change_precond;eeg_tleft_lalpha_mean_full_change_precond;eeg_pright_sampent_full_change_precond;eeg_c_theta_mean_full_change_precond;eeg_fl_hbeta_mean_full_change_precond;hrv_rmssd_full_change_precond"
2025-11-26 18:00:35.916813,6,"stress_label",10,128,0.015625,0.525641025641026,0.583333333333333,NA,10,"top10","eeg_tleft_sampent_full_change_precond;eeg_tleft_halpha_mean_full_change_precond;gsr_skin_conductance_eda_tonic_mean_nk_full_change_precond;pupil_dilation_sd_full_change_precond;eeg_t_sampent_full_change_precond;eeg_tleft_lalpha_mean_full_change_precond;eeg_pright_sampent_full_change_precond;eeg_c_theta_mean_full_change_precond;eeg_fl_hbeta_mean_full_change_precond;hrv_rmssd_full_change_precond"
2025-11-26 18:00:37.095641,6,"stress_label",10,256,0.015625,0.538461538461538,0.57051282051282,NA,10,"top10","eeg_tleft_sampent_full_change_precond;eeg_tleft_halpha_mean_full_change_precond;gsr_skin_conductance_eda_tonic_mean_nk_full_change_precond;pupil_dilation_sd_full_change_precond;eeg_t_sampent_full_change_precond;eeg_tleft_lalpha_mean_full_change_precond;eeg_pright_sampent_full_change_precond;eeg_c_theta_mean_full_change_precond;eeg_fl_hbeta_mean_full_change_precond;hrv_rmssd_full_change_precond"
2025-11-26 18:00:37.765476,6,"stress_label",10,2,0.03125,0.576923076923077,0.602564102564103,NA,10,"top10","eeg_tleft_sampent_full_change_precond;eeg_tleft_halpha_mean_full_change_precond;gsr_skin_conductance_eda_tonic_mean_nk_full_change_precond;pupil_dilation_sd_full_change_precond;eeg_t_sampent_full_change_precond;eeg_tleft_lalpha_mean_full_change_precond;eeg_pright_sampent_full_change_precond;eeg_c_theta_mean_full_change_precond;eeg_fl_hbeta_mean_full_change_precond;hrv_rmssd_full_change_precond"
2025-11-26 18:00:38.458045,6,"stress_label",10,4,0.03125,0.576923076923077,0.583333333333333,0.562393162393162,10,"top10","eeg_tleft_sampent_full_change_precond;eeg_tleft_halpha_mean_full_change_precond;gsr_skin_conductance_eda_tonic_mean_nk_full_change_precond;pupil_dilation_sd_full_change_precond;eeg_t_sampent_full_change_precond;eeg_tleft_lalpha_mean_full_change_precond;eeg_pright_sampent_full_change_precond;eeg_c_theta_mean_full_change_precond;eeg_fl_hbeta_mean_full_change_precond;hrv_rmssd_full_change_precond"
2025-11-26 18:00:39.210086,6,"stress_label",10,8,0.03125,0.596153846153846,0.564102564102564,0.588888888888889,10,"top10","eeg_tleft_sampent_full_change_precond;eeg_tleft_halpha_mean_full_change_precond;gsr_skin_conductance_eda_tonic_mean_nk_full_change_precond;pupil_dilation_sd_full_change_precond;eeg_t_sampent_full_change_precond;eeg_tleft_lalpha_mean_full_change_precond;eeg_pright_sampent_full_change_precond;eeg_c_theta_mean_full_change_precond;eeg_fl_hbeta_mean_full_change_precond;hrv_rmssd_full_change_precond"
2025-11-26 18:00:40.112512,6,"stress_label",10,16,0.03125,0.519230769230769,0.532051282051282,NA,10,"top10","eeg_tleft_sampent_full_change_precond;eeg_tleft_halpha_mean_full_change_precond;gsr_skin_conductance_eda_tonic_mean_nk_full_change_precond;pupil_dilation_sd_full_change_precond;eeg_t_sampent_full_change_precond;eeg_tleft_lalpha_mean_full_change_precond;eeg_pright_sampent_full_change_precond;eeg_c_theta_mean_full_change_precond;eeg_fl_hbeta_mean_full_change_precond;hrv_rmssd_full_change_precond"
2025-11-26 18:00:40.99285,6,"stress_label",10,32,0.03125,0.532051282051282,0.57051282051282,NA,10,"top10","eeg_tleft_sampent_full_change_precond;eeg_tleft_halpha_mean_full_change_precond;gsr_skin_conductance_eda_tonic_mean_nk_full_change_precond;pupil_dilation_sd_full_change_precond;eeg_t_sampent_full_change_precond;eeg_tleft_lalpha_mean_full_change_precond;eeg_pright_sampent_full_change_precond;eeg_c_theta_mean_full_change_precond;eeg_fl_hbeta_mean_full_change_precond;hrv_rmssd_full_change_precond"
2025-11-26 18:00:42.061294,6,"stress_label",10,64,0.03125,0.596153846153846,0.583333333333333,NA,10,"top10","eeg_tleft_sampent_full_change_precond;eeg_tleft_halpha_mean_full_change_precond;gsr_skin_conductance_eda_tonic_mean_nk_full_change_precond;pupil_dilation_sd_full_change_precond;eeg_t_sampent_full_change_precond;eeg_tleft_lalpha_mean_full_change_precond;eeg_pright_sampent_full_change_precond;eeg_c_theta_mean_full_change_precond;eeg_fl_hbeta_mean_full_change_precond;hrv_rmssd_full_change_precond"
2025-11-26 18:00:43.173158,6,"stress_label",10,128,0.03125,0.641025641025641,0.634615384615385,NA,10,"top10","eeg_tleft_sampent_full_change_precond;eeg_tleft_halpha_mean_full_change_precond;gsr_skin_conductance_eda_tonic_mean_nk_full_change_precond;pupil_dilation_sd_full_change_precond;eeg_t_sampent_full_change_precond;eeg_tleft_lalpha_mean_full_change_precond;eeg_pright_sampent_full_change_precond;eeg_c_theta_mean_full_change_precond;eeg_fl_hbeta_mean_full_change_precond;hrv_rmssd_full_change_precond"
2025-11-26 18:00:44.329996,6,"stress_label",10,256,0.03125,0.628205128205128,0.666666666666667,NA,10,"top10","eeg_tleft_sampent_full_change_precond;eeg_tleft_halpha_mean_full_change_precond;gsr_skin_conductance_eda_tonic_mean_nk_full_change_precond;pupil_dilation_sd_full_change_precond;eeg_t_sampent_full_change_precond;eeg_tleft_lalpha_mean_full_change_precond;eeg_pright_sampent_full_change_precond;eeg_c_theta_mean_full_change_precond;eeg_fl_hbeta_mean_full_change_precond;hrv_rmssd_full_change_precond"
2025-11-26 18:00:45.117071,6,"stress_label",10,2,0.0625,0.576923076923077,0.576923076923077,0.558119658119658,10,"top10","eeg_tleft_sampent_full_change_precond;eeg_tleft_halpha_mean_full_change_precond;gsr_skin_conductance_eda_tonic_mean_nk_full_change_precond;pupil_dilation_sd_full_change_precond;eeg_t_sampent_full_change_precond;eeg_tleft_lalpha_mean_full_change_precond;eeg_pright_sampent_full_change_precond;eeg_c_theta_mean_full_change_precond;eeg_fl_hbeta_mean_full_change_precond;hrv_rmssd_full_change_precond"
2025-11-26 18:00:45.870486,6,"stress_label",10,4,0.0625,0.551282051282051,0.557692307692308,NA,10,"top10","eeg_tleft_sampent_full_change_precond;eeg_tleft_halpha_mean_full_change_precond;gsr_skin_conductance_eda_tonic_mean_nk_full_change_precond;pupil_dilation_sd_full_change_precond;eeg_t_sampent_full_change_precond;eeg_tleft_lalpha_mean_full_change_precond;eeg_pright_sampent_full_change_precond;eeg_c_theta_mean_full_change_precond;eeg_fl_hbeta_mean_full_change_precond;hrv_rmssd_full_change_precond"
2025-11-26 18:00:46.751786,6,"stress_label",10,8,0.0625,0.564102564102564,0.544871794871795,NA,10,"top10","eeg_tleft_sampent_full_change_precond;eeg_tleft_halpha_mean_full_change_precond;gsr_skin_conductance_eda_tonic_mean_nk_full_change_precond;pupil_dilation_sd_full_change_precond;eeg_t_sampent_full_change_precond;eeg_tleft_lalpha_mean_full_change_precond;eeg_pright_sampent_full_change_precond;eeg_c_theta_mean_full_change_precond;eeg_fl_hbeta_mean_full_change_precond;hrv_rmssd_full_change_precond"
2025-11-26 18:00:47.741418,6,"stress_label",10,16,0.0625,0.621794871794872,0.615384615384615,NA,10,"top10","eeg_tleft_sampent_full_change_precond;eeg_tleft_halpha_mean_full_change_precond;gsr_skin_conductance_eda_tonic_mean_nk_full_change_precond;pupil_dilation_sd_full_change_precond;eeg_t_sampent_full_change_precond;eeg_tleft_lalpha_mean_full_change_precond;eeg_pright_sampent_full_change_precond;eeg_c_theta_mean_full_change_precond;eeg_fl_hbeta_mean_full_change_precond;hrv_rmssd_full_change_precond"
2025-11-26 18:00:48.781085,6,"stress_label",10,32,0.0625,0.628205128205128,0.673076923076923,NA,10,"top10","eeg_tleft_sampent_full_change_precond;eeg_tleft_halpha_mean_full_change_precond;gsr_skin_conductance_eda_tonic_mean_nk_full_change_precond;pupil_dilation_sd_full_change_precond;eeg_t_sampent_full_change_precond;eeg_tleft_lalpha_mean_full_change_precond;eeg_pright_sampent_full_change_precond;eeg_c_theta_mean_full_change_precond;eeg_fl_hbeta_mean_full_change_precond;hrv_rmssd_full_change_precond"
2025-11-26 18:00:49.875845,6,"stress_label",10,64,0.0625,0.621794871794872,0.647435897435897,NA,10,"top10","eeg_tleft_sampent_full_change_precond;eeg_tleft_halpha_mean_full_change_precond;gsr_skin_conductance_eda_tonic_mean_nk_full_change_precond;pupil_dilation_sd_full_change_precond;eeg_t_sampent_full_change_precond;eeg_tleft_lalpha_mean_full_change_precond;eeg_pright_sampent_full_change_precond;eeg_c_theta_mean_full_change_precond;eeg_fl_hbeta_mean_full_change_precond;hrv_rmssd_full_change_precond"
2025-11-26 18:00:51.023999,6,"stress_label",10,128,0.0625,0.596153846153846,0.66025641025641,NA,10,"top10","eeg_tleft_sampent_full_change_precond;eeg_tleft_halpha_mean_full_change_precond;gsr_skin_conductance_eda_tonic_mean_nk_full_change_precond;pupil_dilation_sd_full_change_precond;eeg_t_sampent_full_change_precond;eeg_tleft_lalpha_mean_full_change_precond;eeg_pright_sampent_full_change_precond;eeg_c_theta_mean_full_change_precond;eeg_fl_hbeta_mean_full_change_precond;hrv_rmssd_full_change_precond"
2025-11-26 18:00:52.197926,6,"stress_label",10,256,0.0625,0.58974358974359,0.67948717948718,NA,10,"top10","eeg_tleft_sampent_full_change_precond;eeg_tleft_halpha_mean_full_change_precond;gsr_skin_conductance_eda_tonic_mean_nk_full_change_precond;pupil_dilation_sd_full_change_precond;eeg_t_sampent_full_change_precond;eeg_tleft_lalpha_mean_full_change_precond;eeg_pright_sampent_full_change_precond;eeg_c_theta_mean_full_change_precond;eeg_fl_hbeta_mean_full_change_precond;hrv_rmssd_full_change_precond"
2025-11-26 18:00:53.06192,6,"stress_label",10,2,0.125,0.544871794871795,0.602564102564103,0.536752136752137,10,"top10","eeg_tleft_sampent_full_change_precond;eeg_tleft_halpha_mean_full_change_precond;gsr_skin_conductance_eda_tonic_mean_nk_full_change_precond;pupil_dilation_sd_full_change_precond;eeg_t_sampent_full_change_precond;eeg_tleft_lalpha_mean_full_change_precond;eeg_pright_sampent_full_change_precond;eeg_c_theta_mean_full_change_precond;eeg_fl_hbeta_mean_full_change_precond;hrv_rmssd_full_change_precond"
2025-11-26 18:00:53.970607,6,"stress_label",10,4,0.125,0.608974358974359,0.615384615384615,NA,10,"top10","eeg_tleft_sampent_full_change_precond;eeg_tleft_halpha_mean_full_change_precond;gsr_skin_conductance_eda_tonic_mean_nk_full_change_precond;pupil_dilation_sd_full_change_precond;eeg_t_sampent_full_change_precond;eeg_tleft_lalpha_mean_full_change_precond;eeg_pright_sampent_full_change_precond;eeg_c_theta_mean_full_change_precond;eeg_fl_hbeta_mean_full_change_precond;hrv_rmssd_full_change_precond"
2025-11-26 18:00:54.911754,6,"stress_label",10,8,0.125,0.602564102564103,0.647435897435897,NA,10,"top10","eeg_tleft_sampent_full_change_precond;eeg_tleft_halpha_mean_full_change_precond;gsr_skin_conductance_eda_tonic_mean_nk_full_change_precond;pupil_dilation_sd_full_change_precond;eeg_t_sampent_full_change_precond;eeg_tleft_lalpha_mean_full_change_precond;eeg_pright_sampent_full_change_precond;eeg_c_theta_mean_full_change_precond;eeg_fl_hbeta_mean_full_change_precond;hrv_rmssd_full_change_precond"
2025-11-26 18:00:55.85653,6,"stress_label",10,16,0.125,0.628205128205128,0.641025641025641,NA,10,"top10","eeg_tleft_sampent_full_change_precond;eeg_tleft_halpha_mean_full_change_precond;gsr_skin_conductance_eda_tonic_mean_nk_full_change_precond;pupil_dilation_sd_full_change_precond;eeg_t_sampent_full_change_precond;eeg_tleft_lalpha_mean_full_change_precond;eeg_pright_sampent_full_change_precond;eeg_c_theta_mean_full_change_precond;eeg_fl_hbeta_mean_full_change_precond;hrv_rmssd_full_change_precond"
2025-11-26 18:00:56.823021,6,"stress_label",10,32,0.125,0.602564102564103,0.641025641025641,NA,10,"top10","eeg_tleft_sampent_full_change_precond;eeg_tleft_halpha_mean_full_change_precond;gsr_skin_conductance_eda_tonic_mean_nk_full_change_precond;pupil_dilation_sd_full_change_precond;eeg_t_sampent_full_change_precond;eeg_tleft_lalpha_mean_full_change_precond;eeg_pright_sampent_full_change_precond;eeg_c_theta_mean_full_change_precond;eeg_fl_hbeta_mean_full_change_precond;hrv_rmssd_full_change_precond"
2025-11-26 18:00:57.809716,6,"stress_label",10,64,0.125,0.602564102564103,0.653846153846154,NA,10,"top10","eeg_tleft_sampent_full_change_precond;eeg_tleft_halpha_mean_full_change_precond;gsr_skin_conductance_eda_tonic_mean_nk_full_change_precond;pupil_dilation_sd_full_change_precond;eeg_t_sampent_full_change_precond;eeg_tleft_lalpha_mean_full_change_precond;eeg_pright_sampent_full_change_precond;eeg_c_theta_mean_full_change_precond;eeg_fl_hbeta_mean_full_change_precond;hrv_rmssd_full_change_precond"
2025-11-26 18:00:58.746387,6,"stress_label",10,128,0.125,0.602564102564103,0.653846153846154,NA,10,"top10","eeg_tleft_sampent_full_change_precond;eeg_tleft_halpha_mean_full_change_precond;gsr_skin_conductance_eda_tonic_mean_nk_full_change_precond;pupil_dilation_sd_full_change_precond;eeg_t_sampent_full_change_precond;eeg_tleft_lalpha_mean_full_change_precond;eeg_pright_sampent_full_change_precond;eeg_c_theta_mean_full_change_precond;eeg_fl_hbeta_mean_full_change_precond;hrv_rmssd_full_change_precond"
2025-11-26 18:00:59.755059,6,"stress_label",10,256,0.125,0.602564102564103,0.653846153846154,NA,10,"top10","eeg_tleft_sampent_full_change_precond;eeg_tleft_halpha_mean_full_change_precond;gsr_skin_conductance_eda_tonic_mean_nk_full_change_precond;pupil_dilation_sd_full_change_precond;eeg_t_sampent_full_change_precond;eeg_tleft_lalpha_mean_full_change_precond;eeg_pright_sampent_full_change_precond;eeg_c_theta_mean_full_change_precond;eeg_fl_hbeta_mean_full_change_precond;hrv_rmssd_full_change_precond"
2025-11-26 18:01:00.628905,6,"stress_label",10,2,0.03,0.57051282051282,0.58974358974359,NA,10,"top10","eeg_tleft_sampent_full_change_precond;eeg_tleft_halpha_mean_full_change_precond;gsr_skin_conductance_eda_tonic_mean_nk_full_change_precond;pupil_dilation_sd_full_change_precond;eeg_t_sampent_full_change_precond;eeg_tleft_lalpha_mean_full_change_precond;eeg_pright_sampent_full_change_precond;eeg_c_theta_mean_full_change_precond;eeg_fl_hbeta_mean_full_change_precond;hrv_rmssd_full_change_precond"
2025-11-26 18:01:01.471694,6,"stress_label",10,4,0.03,0.564102564102564,0.583333333333333,0.546153846153846,10,"top10","eeg_tleft_sampent_full_change_precond;eeg_tleft_halpha_mean_full_change_precond;gsr_skin_conductance_eda_tonic_mean_nk_full_change_precond;pupil_dilation_sd_full_change_precond;eeg_t_sampent_full_change_precond;eeg_tleft_lalpha_mean_full_change_precond;eeg_pright_sampent_full_change_precond;eeg_c_theta_mean_full_change_precond;eeg_fl_hbeta_mean_full_change_precond;hrv_rmssd_full_change_precond"
2025-11-26 18:01:02.313098,6,"stress_label",10,8,0.03,0.602564102564103,0.576923076923077,0.605128205128205,10,"top10","eeg_tleft_sampent_full_change_precond;eeg_tleft_halpha_mean_full_change_precond;gsr_skin_conductance_eda_tonic_mean_nk_full_change_precond;pupil_dilation_sd_full_change_precond;eeg_t_sampent_full_change_precond;eeg_tleft_lalpha_mean_full_change_precond;eeg_pright_sampent_full_change_precond;eeg_c_theta_mean_full_change_precond;eeg_fl_hbeta_mean_full_change_precond;hrv_rmssd_full_change_precond"
2025-11-26 18:01:03.172961,6,"stress_label",10,16,0.03,0.519230769230769,0.532051282051282,NA,10,"top10","eeg_tleft_sampent_full_change_precond;eeg_tleft_halpha_mean_full_change_precond;gsr_skin_conductance_eda_tonic_mean_nk_full_change_precond;pupil_dilation_sd_full_change_precond;eeg_t_sampent_full_change_precond;eeg_tleft_lalpha_mean_full_change_precond;eeg_pright_sampent_full_change_precond;eeg_c_theta_mean_full_change_precond;eeg_fl_hbeta_mean_full_change_precond;hrv_rmssd_full_change_precond"
2025-11-26 18:01:04.0603,6,"stress_label",10,32,0.03,0.538461538461538,0.57051282051282,NA,10,"top10","eeg_tleft_sampent_full_change_precond;eeg_tleft_halpha_mean_full_change_precond;gsr_skin_conductance_eda_tonic_mean_nk_full_change_precond;pupil_dilation_sd_full_change_precond;eeg_t_sampent_full_change_precond;eeg_tleft_lalpha_mean_full_change_precond;eeg_pright_sampent_full_change_precond;eeg_c_theta_mean_full_change_precond;eeg_fl_hbeta_mean_full_change_precond;hrv_rmssd_full_change_precond"
2025-11-26 18:01:05.119548,6,"stress_label",10,64,0.03,0.583333333333333,0.576923076923077,NA,10,"top10","eeg_tleft_sampent_full_change_precond;eeg_tleft_halpha_mean_full_change_precond;gsr_skin_conductance_eda_tonic_mean_nk_full_change_precond;pupil_dilation_sd_full_change_precond;eeg_t_sampent_full_change_precond;eeg_tleft_lalpha_mean_full_change_precond;eeg_pright_sampent_full_change_precond;eeg_c_theta_mean_full_change_precond;eeg_fl_hbeta_mean_full_change_precond;hrv_rmssd_full_change_precond"
2025-11-26 18:01:06.304867,6,"stress_label",10,128,0.03,0.634615384615385,0.634615384615385,NA,10,"top10","eeg_tleft_sampent_full_change_precond;eeg_tleft_halpha_mean_full_change_precond;gsr_skin_conductance_eda_tonic_mean_nk_full_change_precond;pupil_dilation_sd_full_change_precond;eeg_t_sampent_full_change_precond;eeg_tleft_lalpha_mean_full_change_precond;eeg_pright_sampent_full_change_precond;eeg_c_theta_mean_full_change_precond;eeg_fl_hbeta_mean_full_change_precond;hrv_rmssd_full_change_precond"
2025-11-26 18:01:07.619977,6,"stress_label",10,256,0.03,0.641025641025641,0.673076923076923,NA,10,"top10","eeg_tleft_sampent_full_change_precond;eeg_tleft_halpha_mean_full_change_precond;gsr_skin_conductance_eda_tonic_mean_nk_full_change_precond;pupil_dilation_sd_full_change_precond;eeg_t_sampent_full_change_precond;eeg_tleft_lalpha_mean_full_change_precond;eeg_pright_sampent_full_change_precond;eeg_c_theta_mean_full_change_precond;eeg_fl_hbeta_mean_full_change_precond;hrv_rmssd_full_change_precond"
2025-11-26 18:01:08.461645,6,"stress_label",10,2,0.06,0.583333333333333,0.576923076923077,0.568376068376068,10,"top10","eeg_tleft_sampent_full_change_precond;eeg_tleft_halpha_mean_full_change_precond;gsr_skin_conductance_eda_tonic_mean_nk_full_change_precond;pupil_dilation_sd_full_change_precond;eeg_t_sampent_full_change_precond;eeg_tleft_lalpha_mean_full_change_precond;eeg_pright_sampent_full_change_precond;eeg_c_theta_mean_full_change_precond;eeg_fl_hbeta_mean_full_change_precond;hrv_rmssd_full_change_precond"
2025-11-26 18:01:09.29618,6,"stress_label",10,4,0.06,0.551282051282051,0.557692307692308,NA,10,"top10","eeg_tleft_sampent_full_change_precond;eeg_tleft_halpha_mean_full_change_precond;gsr_skin_conductance_eda_tonic_mean_nk_full_change_precond;pupil_dilation_sd_full_change_precond;eeg_t_sampent_full_change_precond;eeg_tleft_lalpha_mean_full_change_precond;eeg_pright_sampent_full_change_precond;eeg_c_theta_mean_full_change_precond;eeg_fl_hbeta_mean_full_change_precond;hrv_rmssd_full_change_precond"
2025-11-26 18:01:10.078337,6,"stress_label",10,8,0.06,0.564102564102564,0.538461538461538,NA,10,"top10","eeg_tleft_sampent_full_change_precond;eeg_tleft_halpha_mean_full_change_precond;gsr_skin_conductance_eda_tonic_mean_nk_full_change_precond;pupil_dilation_sd_full_change_precond;eeg_t_sampent_full_change_precond;eeg_tleft_lalpha_mean_full_change_precond;eeg_pright_sampent_full_change_precond;eeg_c_theta_mean_full_change_precond;eeg_fl_hbeta_mean_full_change_precond;hrv_rmssd_full_change_precond"
2025-11-26 18:01:11.005534,6,"stress_label",10,16,0.06,0.608974358974359,0.596153846153846,NA,10,"top10","eeg_tleft_sampent_full_change_precond;eeg_tleft_halpha_mean_full_change_precond;gsr_skin_conductance_eda_tonic_mean_nk_full_change_precond;pupil_dilation_sd_full_change_precond;eeg_t_sampent_full_change_precond;eeg_tleft_lalpha_mean_full_change_precond;eeg_pright_sampent_full_change_precond;eeg_c_theta_mean_full_change_precond;eeg_fl_hbeta_mean_full_change_precond;hrv_rmssd_full_change_precond"
2025-11-26 18:01:11.976398,6,"stress_label",10,32,0.06,0.641025641025641,0.66025641025641,NA,10,"top10","eeg_tleft_sampent_full_change_precond;eeg_tleft_halpha_mean_full_change_precond;gsr_skin_conductance_eda_tonic_mean_nk_full_change_precond;pupil_dilation_sd_full_change_precond;eeg_t_sampent_full_change_precond;eeg_tleft_lalpha_mean_full_change_precond;eeg_pright_sampent_full_change_precond;eeg_c_theta_mean_full_change_precond;eeg_fl_hbeta_mean_full_change_precond;hrv_rmssd_full_change_precond"
2025-11-26 18:01:13.076252,6,"stress_label",10,64,0.06,0.628205128205128,0.653846153846154,NA,10,"top10","eeg_tleft_sampent_full_change_precond;eeg_tleft_halpha_mean_full_change_precond;gsr_skin_conductance_eda_tonic_mean_nk_full_change_precond;pupil_dilation_sd_full_change_precond;eeg_t_sampent_full_change_precond;eeg_tleft_lalpha_mean_full_change_precond;eeg_pright_sampent_full_change_precond;eeg_c_theta_mean_full_change_precond;eeg_fl_hbeta_mean_full_change_precond;hrv_rmssd_full_change_precond"
2025-11-26 18:01:14.110617,6,"stress_label",10,128,0.06,0.58974358974359,0.666666666666667,NA,10,"top10","eeg_tleft_sampent_full_change_precond;eeg_tleft_halpha_mean_full_change_precond;gsr_skin_conductance_eda_tonic_mean_nk_full_change_precond;pupil_dilation_sd_full_change_precond;eeg_t_sampent_full_change_precond;eeg_tleft_lalpha_mean_full_change_precond;eeg_pright_sampent_full_change_precond;eeg_c_theta_mean_full_change_precond;eeg_fl_hbeta_mean_full_change_precond;hrv_rmssd_full_change_precond"
2025-11-26 18:01:15.305466,6,"stress_label",10,256,0.06,0.583333333333333,0.67948717948718,NA,10,"top10","eeg_tleft_sampent_full_change_precond;eeg_tleft_halpha_mean_full_change_precond;gsr_skin_conductance_eda_tonic_mean_nk_full_change_precond;pupil_dilation_sd_full_change_precond;eeg_t_sampent_full_change_precond;eeg_tleft_lalpha_mean_full_change_precond;eeg_pright_sampent_full_change_precond;eeg_c_theta_mean_full_change_precond;eeg_fl_hbeta_mean_full_change_precond;hrv_rmssd_full_change_precond"
2025-11-26 18:01:16.172446,6,"stress_label",10,2,0.1,0.564102564102564,0.57051282051282,0.548717948717949,10,"top10","eeg_tleft_sampent_full_change_precond;eeg_tleft_halpha_mean_full_change_precond;gsr_skin_conductance_eda_tonic_mean_nk_full_change_precond;pupil_dilation_sd_full_change_precond;eeg_t_sampent_full_change_precond;eeg_tleft_lalpha_mean_full_change_precond;eeg_pright_sampent_full_change_precond;eeg_c_theta_mean_full_change_precond;eeg_fl_hbeta_mean_full_change_precond;hrv_rmssd_full_change_precond"
2025-11-26 18:01:17.049349,6,"stress_label",10,4,0.1,0.57051282051282,0.57051282051282,NA,10,"top10","eeg_tleft_sampent_full_change_precond;eeg_tleft_halpha_mean_full_change_precond;gsr_skin_conductance_eda_tonic_mean_nk_full_change_precond;pupil_dilation_sd_full_change_precond;eeg_t_sampent_full_change_precond;eeg_tleft_lalpha_mean_full_change_precond;eeg_pright_sampent_full_change_precond;eeg_c_theta_mean_full_change_precond;eeg_fl_hbeta_mean_full_change_precond;hrv_rmssd_full_change_precond"
2025-11-26 18:01:17.983418,6,"stress_label",10,8,0.1,0.628205128205128,0.647435897435897,NA,10,"top10","eeg_tleft_sampent_full_change_precond;eeg_tleft_halpha_mean_full_change_precond;gsr_skin_conductance_eda_tonic_mean_nk_full_change_precond;pupil_dilation_sd_full_change_precond;eeg_t_sampent_full_change_precond;eeg_tleft_lalpha_mean_full_change_precond;eeg_pright_sampent_full_change_precond;eeg_c_theta_mean_full_change_precond;eeg_fl_hbeta_mean_full_change_precond;hrv_rmssd_full_change_precond"
2025-11-26 18:01:18.868487,6,"stress_label",10,16,0.1,0.621794871794872,0.66025641025641,NA,10,"top10","eeg_tleft_sampent_full_change_precond;eeg_tleft_halpha_mean_full_change_precond;gsr_skin_conductance_eda_tonic_mean_nk_full_change_precond;pupil_dilation_sd_full_change_precond;eeg_t_sampent_full_change_precond;eeg_tleft_lalpha_mean_full_change_precond;eeg_pright_sampent_full_change_precond;eeg_c_theta_mean_full_change_precond;eeg_fl_hbeta_mean_full_change_precond;hrv_rmssd_full_change_precond"
2025-11-26 18:01:19.908121,6,"stress_label",10,32,0.1,0.641025641025641,0.653846153846154,NA,10,"top10","eeg_tleft_sampent_full_change_precond;eeg_tleft_halpha_mean_full_change_precond;gsr_skin_conductance_eda_tonic_mean_nk_full_change_precond;pupil_dilation_sd_full_change_precond;eeg_t_sampent_full_change_precond;eeg_tleft_lalpha_mean_full_change_precond;eeg_pright_sampent_full_change_precond;eeg_c_theta_mean_full_change_precond;eeg_fl_hbeta_mean_full_change_precond;hrv_rmssd_full_change_precond"
2025-11-26 18:01:20.980836,6,"stress_label",10,64,0.1,0.602564102564103,0.673076923076923,NA,10,"top10","eeg_tleft_sampent_full_change_precond;eeg_tleft_halpha_mean_full_change_precond;gsr_skin_conductance_eda_tonic_mean_nk_full_change_precond;pupil_dilation_sd_full_change_precond;eeg_t_sampent_full_change_precond;eeg_tleft_lalpha_mean_full_change_precond;eeg_pright_sampent_full_change_precond;eeg_c_theta_mean_full_change_precond;eeg_fl_hbeta_mean_full_change_precond;hrv_rmssd_full_change_precond"
2025-11-26 18:01:22.007311,6,"stress_label",10,128,0.1,0.602564102564103,0.673076923076923,NA,10,"top10","eeg_tleft_sampent_full_change_precond;eeg_tleft_halpha_mean_full_change_precond;gsr_skin_conductance_eda_tonic_mean_nk_full_change_precond;pupil_dilation_sd_full_change_precond;eeg_t_sampent_full_change_precond;eeg_tleft_lalpha_mean_full_change_precond;eeg_pright_sampent_full_change_precond;eeg_c_theta_mean_full_change_precond;eeg_fl_hbeta_mean_full_change_precond;hrv_rmssd_full_change_precond"
2025-11-26 18:01:23.047807,6,"stress_label",10,256,0.1,0.602564102564103,0.673076923076923,NA,10,"top10","eeg_tleft_sampent_full_change_precond;eeg_tleft_halpha_mean_full_change_precond;gsr_skin_conductance_eda_tonic_mean_nk_full_change_precond;pupil_dilation_sd_full_change_precond;eeg_t_sampent_full_change_precond;eeg_tleft_lalpha_mean_full_change_precond;eeg_pright_sampent_full_change_precond;eeg_c_theta_mean_full_change_precond;eeg_fl_hbeta_mean_full_change_precond;hrv_rmssd_full_change_precond"
2025-11-26 18:01:23.79672,6,"stress_label",5,2,0.0078125,0.634615384615385,0.66025641025641,0.590598290598291,5,"top5","eeg_tleft_sampent_full_change_precond;eeg_tleft_halpha_mean_full_change_precond;gsr_skin_conductance_eda_tonic_mean_nk_full_change_precond;pupil_dilation_sd_full_change_precond;eeg_t_sampent_full_change_precond"
2025-11-26 18:01:24.533285,6,"stress_label",5,4,0.0078125,0.602564102564103,0.634615384615385,0.560683760683761,5,"top5","eeg_tleft_sampent_full_change_precond;eeg_tleft_halpha_mean_full_change_precond;gsr_skin_conductance_eda_tonic_mean_nk_full_change_precond;pupil_dilation_sd_full_change_precond;eeg_t_sampent_full_change_precond"
2025-11-26 18:01:25.250241,6,"stress_label",5,8,0.0078125,0.602564102564103,0.615384615384615,0.576068376068376,5,"top5","eeg_tleft_sampent_full_change_precond;eeg_tleft_halpha_mean_full_change_precond;gsr_skin_conductance_eda_tonic_mean_nk_full_change_precond;pupil_dilation_sd_full_change_precond;eeg_t_sampent_full_change_precond"
2025-11-26 18:01:26.014747,6,"stress_label",5,16,0.0078125,0.596153846153846,0.621794871794872,0.55042735042735,5,"top5","eeg_tleft_sampent_full_change_precond;eeg_tleft_halpha_mean_full_change_precond;gsr_skin_conductance_eda_tonic_mean_nk_full_change_precond;pupil_dilation_sd_full_change_precond;eeg_t_sampent_full_change_precond"
2025-11-26 18:01:26.797055,6,"stress_label",5,32,0.0078125,0.608974358974359,0.621794871794872,0.553846153846154,5,"top5","eeg_tleft_sampent_full_change_precond;eeg_tleft_halpha_mean_full_change_precond;gsr_skin_conductance_eda_tonic_mean_nk_full_change_precond;pupil_dilation_sd_full_change_precond;eeg_t_sampent_full_change_precond"
2025-11-26 18:01:27.570811,6,"stress_label",5,64,0.0078125,0.621794871794872,0.641025641025641,0.575213675213675,5,"top5","eeg_tleft_sampent_full_change_precond;eeg_tleft_halpha_mean_full_change_precond;gsr_skin_conductance_eda_tonic_mean_nk_full_change_precond;pupil_dilation_sd_full_change_precond;eeg_t_sampent_full_change_precond"
2025-11-26 18:01:28.386621,6,"stress_label",5,128,0.0078125,0.602564102564103,0.641025641025641,0.547008547008547,5,"top5","eeg_tleft_sampent_full_change_precond;eeg_tleft_halpha_mean_full_change_precond;gsr_skin_conductance_eda_tonic_mean_nk_full_change_precond;pupil_dilation_sd_full_change_precond;eeg_t_sampent_full_change_precond"
2025-11-26 18:01:29.200031,6,"stress_label",5,256,0.0078125,0.596153846153846,0.634615384615385,0.547008547008547,5,"top5","eeg_tleft_sampent_full_change_precond;eeg_tleft_halpha_mean_full_change_precond;gsr_skin_conductance_eda_tonic_mean_nk_full_change_precond;pupil_dilation_sd_full_change_precond;eeg_t_sampent_full_change_precond"
2025-11-26 18:01:29.891541,6,"stress_label",5,2,0.015625,0.602564102564103,0.628205128205128,0.544444444444444,5,"top5","eeg_tleft_sampent_full_change_precond;eeg_tleft_halpha_mean_full_change_precond;gsr_skin_conductance_eda_tonic_mean_nk_full_change_precond;pupil_dilation_sd_full_change_precond;eeg_t_sampent_full_change_precond"
2025-11-26 18:01:30.660858,6,"stress_label",5,4,0.015625,0.608974358974359,0.615384615384615,0.575213675213675,5,"top5","eeg_tleft_sampent_full_change_precond;eeg_tleft_halpha_mean_full_change_precond;gsr_skin_conductance_eda_tonic_mean_nk_full_change_precond;pupil_dilation_sd_full_change_precond;eeg_t_sampent_full_change_precond"
2025-11-26 18:01:31.437482,6,"stress_label",5,8,0.015625,0.596153846153846,0.621794871794872,0.547008547008547,5,"top5","eeg_tleft_sampent_full_change_precond;eeg_tleft_halpha_mean_full_change_precond;gsr_skin_conductance_eda_tonic_mean_nk_full_change_precond;pupil_dilation_sd_full_change_precond;eeg_t_sampent_full_change_precond"
2025-11-26 18:01:32.214591,6,"stress_label",5,16,0.015625,0.615384615384615,0.647435897435897,0.562393162393162,5,"top5","eeg_tleft_sampent_full_change_precond;eeg_tleft_halpha_mean_full_change_precond;gsr_skin_conductance_eda_tonic_mean_nk_full_change_precond;pupil_dilation_sd_full_change_precond;eeg_t_sampent_full_change_precond"
2025-11-26 18:01:33.019897,6,"stress_label",5,32,0.015625,0.615384615384615,0.647435897435897,0.564102564102564,5,"top5","eeg_tleft_sampent_full_change_precond;eeg_tleft_halpha_mean_full_change_precond;gsr_skin_conductance_eda_tonic_mean_nk_full_change_precond;pupil_dilation_sd_full_change_precond;eeg_t_sampent_full_change_precond"
2025-11-26 18:01:33.798241,6,"stress_label",5,64,0.015625,0.596153846153846,0.634615384615385,0.547008547008547,5,"top5","eeg_tleft_sampent_full_change_precond;eeg_tleft_halpha_mean_full_change_precond;gsr_skin_conductance_eda_tonic_mean_nk_full_change_precond;pupil_dilation_sd_full_change_precond;eeg_t_sampent_full_change_precond"
2025-11-26 18:01:34.625692,6,"stress_label",5,128,0.015625,0.576923076923077,0.634615384615385,0.543589743589744,5,"top5","eeg_tleft_sampent_full_change_precond;eeg_tleft_halpha_mean_full_change_precond;gsr_skin_conductance_eda_tonic_mean_nk_full_change_precond;pupil_dilation_sd_full_change_precond;eeg_t_sampent_full_change_precond"
2025-11-26 18:01:35.519656,6,"stress_label",5,256,0.015625,0.576923076923077,0.596153846153846,0.54957264957265,5,"top5","eeg_tleft_sampent_full_change_precond;eeg_tleft_halpha_mean_full_change_precond;gsr_skin_conductance_eda_tonic_mean_nk_full_change_precond;pupil_dilation_sd_full_change_precond;eeg_t_sampent_full_change_precond"
2025-11-26 18:01:36.318848,6,"stress_label",5,2,0.03125,0.596153846153846,0.628205128205128,0.547008547008547,5,"top5","eeg_tleft_sampent_full_change_precond;eeg_tleft_halpha_mean_full_change_precond;gsr_skin_conductance_eda_tonic_mean_nk_full_change_precond;pupil_dilation_sd_full_change_precond;eeg_t_sampent_full_change_precond"
2025-11-26 18:01:37.077171,6,"stress_label",5,4,0.03125,0.615384615384615,0.653846153846154,0.561538461538462,5,"top5","eeg_tleft_sampent_full_change_precond;eeg_tleft_halpha_mean_full_change_precond;gsr_skin_conductance_eda_tonic_mean_nk_full_change_precond;pupil_dilation_sd_full_change_precond;eeg_t_sampent_full_change_precond"
2025-11-26 18:01:37.8763,6,"stress_label",5,8,0.03125,0.621794871794872,0.647435897435897,0.571794871794872,5,"top5","eeg_tleft_sampent_full_change_precond;eeg_tleft_halpha_mean_full_change_precond;gsr_skin_conductance_eda_tonic_mean_nk_full_change_precond;pupil_dilation_sd_full_change_precond;eeg_t_sampent_full_change_precond"
2025-11-26 18:01:38.625106,6,"stress_label",5,16,0.03125,0.596153846153846,0.653846153846154,0.55042735042735,5,"top5","eeg_tleft_sampent_full_change_precond;eeg_tleft_halpha_mean_full_change_precond;gsr_skin_conductance_eda_tonic_mean_nk_full_change_precond;pupil_dilation_sd_full_change_precond;eeg_t_sampent_full_change_precond"
2025-11-26 18:01:39.445638,6,"stress_label",5,32,0.03125,0.576923076923077,0.615384615384615,0.538461538461538,5,"top5","eeg_tleft_sampent_full_change_precond;eeg_tleft_halpha_mean_full_change_precond;gsr_skin_conductance_eda_tonic_mean_nk_full_change_precond;pupil_dilation_sd_full_change_precond;eeg_t_sampent_full_change_precond"
2025-11-26 18:01:40.239669,6,"stress_label",5,64,0.03125,0.557692307692308,0.583333333333333,0.534188034188034,5,"top5","eeg_tleft_sampent_full_change_precond;eeg_tleft_halpha_mean_full_change_precond;gsr_skin_conductance_eda_tonic_mean_nk_full_change_precond;pupil_dilation_sd_full_change_precond;eeg_t_sampent_full_change_precond"
2025-11-26 18:01:41.159426,6,"stress_label",5,128,0.03125,0.538461538461538,0.57051282051282,NA,5,"top5","eeg_tleft_sampent_full_change_precond;eeg_tleft_halpha_mean_full_change_precond;gsr_skin_conductance_eda_tonic_mean_nk_full_change_precond;pupil_dilation_sd_full_change_precond;eeg_t_sampent_full_change_precond"
2025-11-26 18:01:42.249984,6,"stress_label",5,256,0.03125,0.538461538461538,0.576923076923077,NA,5,"top5","eeg_tleft_sampent_full_change_precond;eeg_tleft_halpha_mean_full_change_precond;gsr_skin_conductance_eda_tonic_mean_nk_full_change_precond;pupil_dilation_sd_full_change_precond;eeg_t_sampent_full_change_precond"
2025-11-26 18:01:42.900056,6,"stress_label",5,2,0.0625,0.615384615384615,0.641025641025641,0.552991452991453,5,"top5","eeg_tleft_sampent_full_change_precond;eeg_tleft_halpha_mean_full_change_precond;gsr_skin_conductance_eda_tonic_mean_nk_full_change_precond;pupil_dilation_sd_full_change_precond;eeg_t_sampent_full_change_precond"
2025-11-26 18:01:43.512921,6,"stress_label",5,4,0.0625,0.628205128205128,0.666666666666667,0.568376068376068,5,"top5","eeg_tleft_sampent_full_change_precond;eeg_tleft_halpha_mean_full_change_precond;gsr_skin_conductance_eda_tonic_mean_nk_full_change_precond;pupil_dilation_sd_full_change_precond;eeg_t_sampent_full_change_precond"
2025-11-26 18:01:44.461431,6,"stress_label",5,8,0.0625,0.58974358974359,0.615384615384615,0.543589743589744,5,"top5","eeg_tleft_sampent_full_change_precond;eeg_tleft_halpha_mean_full_change_precond;gsr_skin_conductance_eda_tonic_mean_nk_full_change_precond;pupil_dilation_sd_full_change_precond;eeg_t_sampent_full_change_precond"
2025-11-26 18:01:45.186949,6,"stress_label",5,16,0.0625,0.557692307692308,0.596153846153846,0.538461538461538,5,"top5","eeg_tleft_sampent_full_change_precond;eeg_tleft_halpha_mean_full_change_precond;gsr_skin_conductance_eda_tonic_mean_nk_full_change_precond;pupil_dilation_sd_full_change_precond;eeg_t_sampent_full_change_precond"
2025-11-26 18:01:45.845419,6,"stress_label",5,32,0.0625,0.551282051282051,0.58974358974359,0.541025641025641,5,"top5","eeg_tleft_sampent_full_change_precond;eeg_tleft_halpha_mean_full_change_precond;gsr_skin_conductance_eda_tonic_mean_nk_full_change_precond;pupil_dilation_sd_full_change_precond;eeg_t_sampent_full_change_precond"
2025-11-26 18:01:46.549863,6,"stress_label",5,64,0.0625,0.544871794871795,0.58974358974359,NA,5,"top5","eeg_tleft_sampent_full_change_precond;eeg_tleft_halpha_mean_full_change_precond;gsr_skin_conductance_eda_tonic_mean_nk_full_change_precond;pupil_dilation_sd_full_change_precond;eeg_t_sampent_full_change_precond"
2025-11-26 18:01:47.582073,6,"stress_label",5,128,0.0625,0.557692307692308,0.641025641025641,NA,5,"top5","eeg_tleft_sampent_full_change_precond;eeg_tleft_halpha_mean_full_change_precond;gsr_skin_conductance_eda_tonic_mean_nk_full_change_precond;pupil_dilation_sd_full_change_precond;eeg_t_sampent_full_change_precond"
2025-11-26 18:01:48.864474,6,"stress_label",5,256,0.0625,0.557692307692308,0.615384615384615,NA,5,"top5","eeg_tleft_sampent_full_change_precond;eeg_tleft_halpha_mean_full_change_precond;gsr_skin_conductance_eda_tonic_mean_nk_full_change_precond;pupil_dilation_sd_full_change_precond;eeg_t_sampent_full_change_precond"
2025-11-26 18:01:49.638109,6,"stress_label",5,2,0.125,0.596153846153846,0.653846153846154,0.547863247863248,5,"top5","eeg_tleft_sampent_full_change_precond;eeg_tleft_halpha_mean_full_change_precond;gsr_skin_conductance_eda_tonic_mean_nk_full_change_precond;pupil_dilation_sd_full_change_precond;eeg_t_sampent_full_change_precond"
2025-11-26 18:01:50.414919,6,"stress_label",5,4,0.125,0.58974358974359,0.608974358974359,0.569230769230769,5,"top5","eeg_tleft_sampent_full_change_precond;eeg_tleft_halpha_mean_full_change_precond;gsr_skin_conductance_eda_tonic_mean_nk_full_change_precond;pupil_dilation_sd_full_change_precond;eeg_t_sampent_full_change_precond"
2025-11-26 18:01:51.207009,6,"stress_label",5,8,0.125,0.564102564102564,0.58974358974359,0.558974358974359,5,"top5","eeg_tleft_sampent_full_change_precond;eeg_tleft_halpha_mean_full_change_precond;gsr_skin_conductance_eda_tonic_mean_nk_full_change_precond;pupil_dilation_sd_full_change_precond;eeg_t_sampent_full_change_precond"
2025-11-26 18:01:51.938994,6,"stress_label",5,16,0.125,0.544871794871795,0.602564102564103,NA,5,"top5","eeg_tleft_sampent_full_change_precond;eeg_tleft_halpha_mean_full_change_precond;gsr_skin_conductance_eda_tonic_mean_nk_full_change_precond;pupil_dilation_sd_full_change_precond;eeg_t_sampent_full_change_precond"
2025-11-26 18:01:52.701477,6,"stress_label",5,32,0.125,0.557692307692308,0.634615384615385,NA,5,"top5","eeg_tleft_sampent_full_change_precond;eeg_tleft_halpha_mean_full_change_precond;gsr_skin_conductance_eda_tonic_mean_nk_full_change_precond;pupil_dilation_sd_full_change_precond;eeg_t_sampent_full_change_precond"
2025-11-26 18:01:53.507323,6,"stress_label",5,64,0.125,0.544871794871795,0.615384615384615,NA,5,"top5","eeg_tleft_sampent_full_change_precond;eeg_tleft_halpha_mean_full_change_precond;gsr_skin_conductance_eda_tonic_mean_nk_full_change_precond;pupil_dilation_sd_full_change_precond;eeg_t_sampent_full_change_precond"
2025-11-26 18:01:54.713603,6,"stress_label",5,128,0.125,0.525641025641026,0.596153846153846,NA,5,"top5","eeg_tleft_sampent_full_change_precond;eeg_tleft_halpha_mean_full_change_precond;gsr_skin_conductance_eda_tonic_mean_nk_full_change_precond;pupil_dilation_sd_full_change_precond;eeg_t_sampent_full_change_precond"
2025-11-26 18:01:56.213382,6,"stress_label",5,256,0.125,0.512820512820513,0.525641025641026,NA,5,"top5","eeg_tleft_sampent_full_change_precond;eeg_tleft_halpha_mean_full_change_precond;gsr_skin_conductance_eda_tonic_mean_nk_full_change_precond;pupil_dilation_sd_full_change_precond;eeg_t_sampent_full_change_precond"
2025-11-26 18:01:56.981878,6,"stress_label",5,2,0.03,0.596153846153846,0.621794871794872,0.547008547008547,5,"top5","eeg_tleft_sampent_full_change_precond;eeg_tleft_halpha_mean_full_change_precond;gsr_skin_conductance_eda_tonic_mean_nk_full_change_precond;pupil_dilation_sd_full_change_precond;eeg_t_sampent_full_change_precond"
2025-11-26 18:01:57.758203,6,"stress_label",5,4,0.03,0.608974358974359,0.647435897435897,0.558974358974359,5,"top5","eeg_tleft_sampent_full_change_precond;eeg_tleft_halpha_mean_full_change_precond;gsr_skin_conductance_eda_tonic_mean_nk_full_change_precond;pupil_dilation_sd_full_change_precond;eeg_t_sampent_full_change_precond"
2025-11-26 18:01:58.507549,6,"stress_label",5,8,0.03,0.608974358974359,0.641025641025641,0.568376068376068,5,"top5","eeg_tleft_sampent_full_change_precond;eeg_tleft_halpha_mean_full_change_precond;gsr_skin_conductance_eda_tonic_mean_nk_full_change_precond;pupil_dilation_sd_full_change_precond;eeg_t_sampent_full_change_precond"
2025-11-26 18:01:59.277698,6,"stress_label",5,16,0.03,0.596153846153846,0.66025641025641,0.55042735042735,5,"top5","eeg_tleft_sampent_full_change_precond;eeg_tleft_halpha_mean_full_change_precond;gsr_skin_conductance_eda_tonic_mean_nk_full_change_precond;pupil_dilation_sd_full_change_precond;eeg_t_sampent_full_change_precond"
2025-11-26 18:02:00.055671,6,"stress_label",5,32,0.03,0.576923076923077,0.621794871794872,0.538461538461538,5,"top5","eeg_tleft_sampent_full_change_precond;eeg_tleft_halpha_mean_full_change_precond;gsr_skin_conductance_eda_tonic_mean_nk_full_change_precond;pupil_dilation_sd_full_change_precond;eeg_t_sampent_full_change_precond"
2025-11-26 18:02:00.85762,6,"stress_label",5,64,0.03,0.557692307692308,0.564102564102564,0.534188034188034,5,"top5","eeg_tleft_sampent_full_change_precond;eeg_tleft_halpha_mean_full_change_precond;gsr_skin_conductance_eda_tonic_mean_nk_full_change_precond;pupil_dilation_sd_full_change_precond;eeg_t_sampent_full_change_precond"
2025-11-26 18:02:01.785356,6,"stress_label",5,128,0.03,0.538461538461538,0.57051282051282,NA,5,"top5","eeg_tleft_sampent_full_change_precond;eeg_tleft_halpha_mean_full_change_precond;gsr_skin_conductance_eda_tonic_mean_nk_full_change_precond;pupil_dilation_sd_full_change_precond;eeg_t_sampent_full_change_precond"
2025-11-26 18:02:02.884899,6,"stress_label",5,256,0.03,0.538461538461538,0.576923076923077,NA,5,"top5","eeg_tleft_sampent_full_change_precond;eeg_tleft_halpha_mean_full_change_precond;gsr_skin_conductance_eda_tonic_mean_nk_full_change_precond;pupil_dilation_sd_full_change_precond;eeg_t_sampent_full_change_precond"
2025-11-26 18:02:03.646859,6,"stress_label",5,2,0.06,0.602564102564103,0.647435897435897,0.541025641025641,5,"top5","eeg_tleft_sampent_full_change_precond;eeg_tleft_halpha_mean_full_change_precond;gsr_skin_conductance_eda_tonic_mean_nk_full_change_precond;pupil_dilation_sd_full_change_precond;eeg_t_sampent_full_change_precond"
2025-11-26 18:02:04.45527,6,"stress_label",5,4,0.06,0.628205128205128,0.666666666666667,0.569230769230769,5,"top5","eeg_tleft_sampent_full_change_precond;eeg_tleft_halpha_mean_full_change_precond;gsr_skin_conductance_eda_tonic_mean_nk_full_change_precond;pupil_dilation_sd_full_change_precond;eeg_t_sampent_full_change_precond"
2025-11-26 18:02:05.18545,6,"stress_label",5,8,0.06,0.58974358974359,0.628205128205128,0.543589743589744,5,"top5","eeg_tleft_sampent_full_change_precond;eeg_tleft_halpha_mean_full_change_precond;gsr_skin_conductance_eda_tonic_mean_nk_full_change_precond;pupil_dilation_sd_full_change_precond;eeg_t_sampent_full_change_precond"
2025-11-26 18:02:05.997308,6,"stress_label",5,16,0.06,0.57051282051282,0.596153846153846,0.543589743589744,5,"top5","eeg_tleft_sampent_full_change_precond;eeg_tleft_halpha_mean_full_change_precond;gsr_skin_conductance_eda_tonic_mean_nk_full_change_precond;pupil_dilation_sd_full_change_precond;eeg_t_sampent_full_change_precond"
2025-11-26 18:02:06.82183,6,"stress_label",5,32,0.06,0.544871794871795,0.602564102564103,0.533333333333333,5,"top5","eeg_tleft_sampent_full_change_precond;eeg_tleft_halpha_mean_full_change_precond;gsr_skin_conductance_eda_tonic_mean_nk_full_change_precond;pupil_dilation_sd_full_change_precond;eeg_t_sampent_full_change_precond"
2025-11-26 18:02:07.734468,6,"stress_label",5,64,0.06,0.551282051282051,0.576923076923077,NA,5,"top5","eeg_tleft_sampent_full_change_precond;eeg_tleft_halpha_mean_full_change_precond;gsr_skin_conductance_eda_tonic_mean_nk_full_change_precond;pupil_dilation_sd_full_change_precond;eeg_t_sampent_full_change_precond"
2025-11-26 18:02:08.801495,6,"stress_label",5,128,0.06,0.538461538461538,0.641025641025641,NA,5,"top5","eeg_tleft_sampent_full_change_precond;eeg_tleft_halpha_mean_full_change_precond;gsr_skin_conductance_eda_tonic_mean_nk_full_change_precond;pupil_dilation_sd_full_change_precond;eeg_t_sampent_full_change_precond"
2025-11-26 18:02:10.101838,6,"stress_label",5,256,0.06,0.557692307692308,0.621794871794872,NA,5,"top5","eeg_tleft_sampent_full_change_precond;eeg_tleft_halpha_mean_full_change_precond;gsr_skin_conductance_eda_tonic_mean_nk_full_change_precond;pupil_dilation_sd_full_change_precond;eeg_t_sampent_full_change_precond"
2025-11-26 18:02:10.880794,6,"stress_label",5,2,0.1,0.602564102564103,0.673076923076923,0.551282051282051,5,"top5","eeg_tleft_sampent_full_change_precond;eeg_tleft_halpha_mean_full_change_precond;gsr_skin_conductance_eda_tonic_mean_nk_full_change_precond;pupil_dilation_sd_full_change_precond;eeg_t_sampent_full_change_precond"
2025-11-26 18:02:11.672512,6,"stress_label",5,4,0.1,0.583333333333333,0.615384615384615,0.547863247863248,5,"top5","eeg_tleft_sampent_full_change_precond;eeg_tleft_halpha_mean_full_change_precond;gsr_skin_conductance_eda_tonic_mean_nk_full_change_precond;pupil_dilation_sd_full_change_precond;eeg_t_sampent_full_change_precond"
2025-11-26 18:02:12.455198,6,"stress_label",5,8,0.1,0.576923076923077,0.628205128205128,0.558974358974359,5,"top5","eeg_tleft_sampent_full_change_precond;eeg_tleft_halpha_mean_full_change_precond;gsr_skin_conductance_eda_tonic_mean_nk_full_change_precond;pupil_dilation_sd_full_change_precond;eeg_t_sampent_full_change_precond"
2025-11-26 18:02:13.192215,6,"stress_label",5,16,0.1,0.525641025641026,0.583333333333333,NA,5,"top5","eeg_tleft_sampent_full_change_precond;eeg_tleft_halpha_mean_full_change_precond;gsr_skin_conductance_eda_tonic_mean_nk_full_change_precond;pupil_dilation_sd_full_change_precond;eeg_t_sampent_full_change_precond"
2025-11-26 18:02:13.982325,6,"stress_label",5,32,0.1,0.544871794871795,0.608974358974359,NA,5,"top5","eeg_tleft_sampent_full_change_precond;eeg_tleft_halpha_mean_full_change_precond;gsr_skin_conductance_eda_tonic_mean_nk_full_change_precond;pupil_dilation_sd_full_change_precond;eeg_t_sampent_full_change_precond"
2025-11-26 18:02:14.981552,6,"stress_label",5,64,0.1,0.57051282051282,0.608974358974359,NA,5,"top5","eeg_tleft_sampent_full_change_precond;eeg_tleft_halpha_mean_full_change_precond;gsr_skin_conductance_eda_tonic_mean_nk_full_change_precond;pupil_dilation_sd_full_change_precond;eeg_t_sampent_full_change_precond"
2025-11-26 18:02:15.878224,6,"stress_label",5,128,0.1,0.538461538461538,0.615384615384615,NA,5,"top5","eeg_tleft_sampent_full_change_precond;eeg_tleft_halpha_mean_full_change_precond;gsr_skin_conductance_eda_tonic_mean_nk_full_change_precond;pupil_dilation_sd_full_change_precond;eeg_t_sampent_full_change_precond"
2025-11-26 18:02:17.361121,6,"stress_label",5,256,0.1,0.538461538461538,0.576923076923077,NA,5,"top5","eeg_tleft_sampent_full_change_precond;eeg_tleft_halpha_mean_full_change_precond;gsr_skin_conductance_eda_tonic_mean_nk_full_change_precond;pupil_dilation_sd_full_change_precond;eeg_t_sampent_full_change_precond"
2025-11-26 18:02:18.422222,7,"stress_label",20,2,0.0078125,0.538461538461538,0.634615384615385,0.536752136752137,20,"top20","eeg_tleft_sampent_full_change_precond;eeg_c_theta_mean_full_change_precond;eeg_tleft_halpha_mean_full_change_precond;pupil_dilation_sd_full_change_precond;hrv_rmssd_full_change_precond;eeg_tleft_lalpha_mean_full_change_precond;eeg_fl_hbeta_mean_full_change_precond;eeg_t_sampent_full_change_precond;gsr_skin_conductance_eda_tonic_mean_nk_full_change_precond;eeg_pright_sampent_full_change_precond;eeg_c_specent_full_change_precond;eeg_fm_theta_mean_full_change_precond;eeg_fr_sampent_full_change_precond;eeg_tright_halpha_mean_full_change_precond;eeg_pleft_halpha_mean_full_change_precond;gsr_skin_conductance_eda_pkrate_nk_full_change_precond;hr_heartrate_bpm_med_abs_full_change_precond;eeg_fm_sampent_full_change_precond;eeg_pleft_lbeta_mean_full_change_precond;eeg_c_sampent_full_change_precond"
2025-11-26 18:02:19.374173,7,"stress_label",20,4,0.0078125,0.544871794871795,0.628205128205128,0.534188034188034,20,"top20","eeg_tleft_sampent_full_change_precond;eeg_c_theta_mean_full_change_precond;eeg_tleft_halpha_mean_full_change_precond;pupil_dilation_sd_full_change_precond;hrv_rmssd_full_change_precond;eeg_tleft_lalpha_mean_full_change_precond;eeg_fl_hbeta_mean_full_change_precond;eeg_t_sampent_full_change_precond;gsr_skin_conductance_eda_tonic_mean_nk_full_change_precond;eeg_pright_sampent_full_change_precond;eeg_c_specent_full_change_precond;eeg_fm_theta_mean_full_change_precond;eeg_fr_sampent_full_change_precond;eeg_tright_halpha_mean_full_change_precond;eeg_pleft_halpha_mean_full_change_precond;gsr_skin_conductance_eda_pkrate_nk_full_change_precond;hr_heartrate_bpm_med_abs_full_change_precond;eeg_fm_sampent_full_change_precond;eeg_pleft_lbeta_mean_full_change_precond;eeg_c_sampent_full_change_precond"
2025-11-26 18:02:20.272899,7,"stress_label",20,8,0.0078125,0.544871794871795,0.608974358974359,0.533333333333333,20,"top20","eeg_tleft_sampent_full_change_precond;eeg_c_theta_mean_full_change_precond;eeg_tleft_halpha_mean_full_change_precond;pupil_dilation_sd_full_change_precond;hrv_rmssd_full_change_precond;eeg_tleft_lalpha_mean_full_change_precond;eeg_fl_hbeta_mean_full_change_precond;eeg_t_sampent_full_change_precond;gsr_skin_conductance_eda_tonic_mean_nk_full_change_precond;eeg_pright_sampent_full_change_precond;eeg_c_specent_full_change_precond;eeg_fm_theta_mean_full_change_precond;eeg_fr_sampent_full_change_precond;eeg_tright_halpha_mean_full_change_precond;eeg_pleft_halpha_mean_full_change_precond;gsr_skin_conductance_eda_pkrate_nk_full_change_precond;hr_heartrate_bpm_med_abs_full_change_precond;eeg_fm_sampent_full_change_precond;eeg_pleft_lbeta_mean_full_change_precond;eeg_c_sampent_full_change_precond"
2025-11-26 18:02:21.329342,7,"stress_label",20,16,0.0078125,0.551282051282051,0.57051282051282,NA,20,"top20","eeg_tleft_sampent_full_change_precond;eeg_c_theta_mean_full_change_precond;eeg_tleft_halpha_mean_full_change_precond;pupil_dilation_sd_full_change_precond;hrv_rmssd_full_change_precond;eeg_tleft_lalpha_mean_full_change_precond;eeg_fl_hbeta_mean_full_change_precond;eeg_t_sampent_full_change_precond;gsr_skin_conductance_eda_tonic_mean_nk_full_change_precond;eeg_pright_sampent_full_change_precond;eeg_c_specent_full_change_precond;eeg_fm_theta_mean_full_change_precond;eeg_fr_sampent_full_change_precond;eeg_tright_halpha_mean_full_change_precond;eeg_pleft_halpha_mean_full_change_precond;gsr_skin_conductance_eda_pkrate_nk_full_change_precond;hr_heartrate_bpm_med_abs_full_change_precond;eeg_fm_sampent_full_change_precond;eeg_pleft_lbeta_mean_full_change_precond;eeg_c_sampent_full_change_precond"
2025-11-26 18:02:22.332909,7,"stress_label",20,32,0.0078125,0.564102564102564,0.564102564102564,NA,20,"top20","eeg_tleft_sampent_full_change_precond;eeg_c_theta_mean_full_change_precond;eeg_tleft_halpha_mean_full_change_precond;pupil_dilation_sd_full_change_precond;hrv_rmssd_full_change_precond;eeg_tleft_lalpha_mean_full_change_precond;eeg_fl_hbeta_mean_full_change_precond;eeg_t_sampent_full_change_precond;gsr_skin_conductance_eda_tonic_mean_nk_full_change_precond;eeg_pright_sampent_full_change_precond;eeg_c_specent_full_change_precond;eeg_fm_theta_mean_full_change_precond;eeg_fr_sampent_full_change_precond;eeg_tright_halpha_mean_full_change_precond;eeg_pleft_halpha_mean_full_change_precond;gsr_skin_conductance_eda_pkrate_nk_full_change_precond;hr_heartrate_bpm_med_abs_full_change_precond;eeg_fm_sampent_full_change_precond;eeg_pleft_lbeta_mean_full_change_precond;eeg_c_sampent_full_change_precond"
2025-11-26 18:02:23.342174,7,"stress_label",20,64,0.0078125,0.544871794871795,0.551282051282051,NA,20,"top20","eeg_tleft_sampent_full_change_precond;eeg_c_theta_mean_full_change_precond;eeg_tleft_halpha_mean_full_change_precond;pupil_dilation_sd_full_change_precond;hrv_rmssd_full_change_precond;eeg_tleft_lalpha_mean_full_change_precond;eeg_fl_hbeta_mean_full_change_precond;eeg_t_sampent_full_change_precond;gsr_skin_conductance_eda_tonic_mean_nk_full_change_precond;eeg_pright_sampent_full_change_precond;eeg_c_specent_full_change_precond;eeg_fm_theta_mean_full_change_precond;eeg_fr_sampent_full_change_precond;eeg_tright_halpha_mean_full_change_precond;eeg_pleft_halpha_mean_full_change_precond;gsr_skin_conductance_eda_pkrate_nk_full_change_precond;hr_heartrate_bpm_med_abs_full_change_precond;eeg_fm_sampent_full_change_precond;eeg_pleft_lbeta_mean_full_change_precond;eeg_c_sampent_full_change_precond"
2025-11-26 18:02:24.707925,7,"stress_label",20,128,0.0078125,0.576923076923077,0.576923076923077,NA,20,"top20","eeg_tleft_sampent_full_change_precond;eeg_c_theta_mean_full_change_precond;eeg_tleft_halpha_mean_full_change_precond;pupil_dilation_sd_full_change_precond;hrv_rmssd_full_change_precond;eeg_tleft_lalpha_mean_full_change_precond;eeg_fl_hbeta_mean_full_change_precond;eeg_t_sampent_full_change_precond;gsr_skin_conductance_eda_tonic_mean_nk_full_change_precond;eeg_pright_sampent_full_change_precond;eeg_c_specent_full_change_precond;eeg_fm_theta_mean_full_change_precond;eeg_fr_sampent_full_change_precond;eeg_tright_halpha_mean_full_change_precond;eeg_pleft_halpha_mean_full_change_precond;gsr_skin_conductance_eda_pkrate_nk_full_change_precond;hr_heartrate_bpm_med_abs_full_change_precond;eeg_fm_sampent_full_change_precond;eeg_pleft_lbeta_mean_full_change_precond;eeg_c_sampent_full_change_precond"
2025-11-26 18:02:26.217511,7,"stress_label",20,256,0.0078125,0.544871794871795,0.519230769230769,NA,20,"top20","eeg_tleft_sampent_full_change_precond;eeg_c_theta_mean_full_change_precond;eeg_tleft_halpha_mean_full_change_precond;pupil_dilation_sd_full_change_precond;hrv_rmssd_full_change_precond;eeg_tleft_lalpha_mean_full_change_precond;eeg_fl_hbeta_mean_full_change_precond;eeg_t_sampent_full_change_precond;gsr_skin_conductance_eda_tonic_mean_nk_full_change_precond;eeg_pright_sampent_full_change_precond;eeg_c_specent_full_change_precond;eeg_fm_theta_mean_full_change_precond;eeg_fr_sampent_full_change_precond;eeg_tright_halpha_mean_full_change_precond;eeg_pleft_halpha_mean_full_change_precond;gsr_skin_conductance_eda_pkrate_nk_full_change_precond;hr_heartrate_bpm_med_abs_full_change_precond;eeg_fm_sampent_full_change_precond;eeg_pleft_lbeta_mean_full_change_precond;eeg_c_sampent_full_change_precond"
2025-11-26 18:02:27.188872,7,"stress_label",20,2,0.015625,0.525641025641026,0.634615384615385,0.511965811965812,20,"top20","eeg_tleft_sampent_full_change_precond;eeg_c_theta_mean_full_change_precond;eeg_tleft_halpha_mean_full_change_precond;pupil_dilation_sd_full_change_precond;hrv_rmssd_full_change_precond;eeg_tleft_lalpha_mean_full_change_precond;eeg_fl_hbeta_mean_full_change_precond;eeg_t_sampent_full_change_precond;gsr_skin_conductance_eda_tonic_mean_nk_full_change_precond;eeg_pright_sampent_full_change_precond;eeg_c_specent_full_change_precond;eeg_fm_theta_mean_full_change_precond;eeg_fr_sampent_full_change_precond;eeg_tright_halpha_mean_full_change_precond;eeg_pleft_halpha_mean_full_change_precond;gsr_skin_conductance_eda_pkrate_nk_full_change_precond;hr_heartrate_bpm_med_abs_full_change_precond;eeg_fm_sampent_full_change_precond;eeg_pleft_lbeta_mean_full_change_precond;eeg_c_sampent_full_change_precond"
2025-11-26 18:02:28.198173,7,"stress_label",20,4,0.015625,0.551282051282051,0.602564102564103,0.535042735042735,20,"top20","eeg_tleft_sampent_full_change_precond;eeg_c_theta_mean_full_change_precond;eeg_tleft_halpha_mean_full_change_precond;pupil_dilation_sd_full_change_precond;hrv_rmssd_full_change_precond;eeg_tleft_lalpha_mean_full_change_precond;eeg_fl_hbeta_mean_full_change_precond;eeg_t_sampent_full_change_precond;gsr_skin_conductance_eda_tonic_mean_nk_full_change_precond;eeg_pright_sampent_full_change_precond;eeg_c_specent_full_change_precond;eeg_fm_theta_mean_full_change_precond;eeg_fr_sampent_full_change_precond;eeg_tright_halpha_mean_full_change_precond;eeg_pleft_halpha_mean_full_change_precond;gsr_skin_conductance_eda_pkrate_nk_full_change_precond;hr_heartrate_bpm_med_abs_full_change_precond;eeg_fm_sampent_full_change_precond;eeg_pleft_lbeta_mean_full_change_precond;eeg_c_sampent_full_change_precond"
2025-11-26 18:02:29.26276,7,"stress_label",20,8,0.015625,0.57051282051282,0.564102564102564,NA,20,"top20","eeg_tleft_sampent_full_change_precond;eeg_c_theta_mean_full_change_precond;eeg_tleft_halpha_mean_full_change_precond;pupil_dilation_sd_full_change_precond;hrv_rmssd_full_change_precond;eeg_tleft_lalpha_mean_full_change_precond;eeg_fl_hbeta_mean_full_change_precond;eeg_t_sampent_full_change_precond;gsr_skin_conductance_eda_tonic_mean_nk_full_change_precond;eeg_pright_sampent_full_change_precond;eeg_c_specent_full_change_precond;eeg_fm_theta_mean_full_change_precond;eeg_fr_sampent_full_change_precond;eeg_tright_halpha_mean_full_change_precond;eeg_pleft_halpha_mean_full_change_precond;gsr_skin_conductance_eda_pkrate_nk_full_change_precond;hr_heartrate_bpm_med_abs_full_change_precond;eeg_fm_sampent_full_change_precond;eeg_pleft_lbeta_mean_full_change_precond;eeg_c_sampent_full_change_precond"
2025-11-26 18:02:30.369403,7,"stress_label",20,16,0.015625,0.544871794871795,0.551282051282051,NA,20,"top20","eeg_tleft_sampent_full_change_precond;eeg_c_theta_mean_full_change_precond;eeg_tleft_halpha_mean_full_change_precond;pupil_dilation_sd_full_change_precond;hrv_rmssd_full_change_precond;eeg_tleft_lalpha_mean_full_change_precond;eeg_fl_hbeta_mean_full_change_precond;eeg_t_sampent_full_change_precond;gsr_skin_conductance_eda_tonic_mean_nk_full_change_precond;eeg_pright_sampent_full_change_precond;eeg_c_specent_full_change_precond;eeg_fm_theta_mean_full_change_precond;eeg_fr_sampent_full_change_precond;eeg_tright_halpha_mean_full_change_precond;eeg_pleft_halpha_mean_full_change_precond;gsr_skin_conductance_eda_pkrate_nk_full_change_precond;hr_heartrate_bpm_med_abs_full_change_precond;eeg_fm_sampent_full_change_precond;eeg_pleft_lbeta_mean_full_change_precond;eeg_c_sampent_full_change_precond"
2025-11-26 18:02:31.492025,7,"stress_label",20,32,0.015625,0.576923076923077,0.525641025641026,0.567521367521368,20,"top20","eeg_tleft_sampent_full_change_precond;eeg_c_theta_mean_full_change_precond;eeg_tleft_halpha_mean_full_change_precond;pupil_dilation_sd_full_change_precond;hrv_rmssd_full_change_precond;eeg_tleft_lalpha_mean_full_change_precond;eeg_fl_hbeta_mean_full_change_precond;eeg_t_sampent_full_change_precond;gsr_skin_conductance_eda_tonic_mean_nk_full_change_precond;eeg_pright_sampent_full_change_precond;eeg_c_specent_full_change_precond;eeg_fm_theta_mean_full_change_precond;eeg_fr_sampent_full_change_precond;eeg_tright_halpha_mean_full_change_precond;eeg_pleft_halpha_mean_full_change_precond;gsr_skin_conductance_eda_pkrate_nk_full_change_precond;hr_heartrate_bpm_med_abs_full_change_precond;eeg_fm_sampent_full_change_precond;eeg_pleft_lbeta_mean_full_change_precond;eeg_c_sampent_full_change_precond"
2025-11-26 18:02:32.785622,7,"stress_label",20,64,0.015625,0.564102564102564,0.525641025641026,0.551282051282051,20,"top20","eeg_tleft_sampent_full_change_precond;eeg_c_theta_mean_full_change_precond;eeg_tleft_halpha_mean_full_change_precond;pupil_dilation_sd_full_change_precond;hrv_rmssd_full_change_precond;eeg_tleft_lalpha_mean_full_change_precond;eeg_fl_hbeta_mean_full_change_precond;eeg_t_sampent_full_change_precond;gsr_skin_conductance_eda_tonic_mean_nk_full_change_precond;eeg_pright_sampent_full_change_precond;eeg_c_specent_full_change_precond;eeg_fm_theta_mean_full_change_precond;eeg_fr_sampent_full_change_precond;eeg_tright_halpha_mean_full_change_precond;eeg_pleft_halpha_mean_full_change_precond;gsr_skin_conductance_eda_pkrate_nk_full_change_precond;hr_heartrate_bpm_med_abs_full_change_precond;eeg_fm_sampent_full_change_precond;eeg_pleft_lbeta_mean_full_change_precond;eeg_c_sampent_full_change_precond"
2025-11-26 18:02:34.180083,7,"stress_label",20,128,0.015625,0.58974358974359,0.557692307692308,0.575213675213675,20,"top20","eeg_tleft_sampent_full_change_precond;eeg_c_theta_mean_full_change_precond;eeg_tleft_halpha_mean_full_change_precond;pupil_dilation_sd_full_change_precond;hrv_rmssd_full_change_precond;eeg_tleft_lalpha_mean_full_change_precond;eeg_fl_hbeta_mean_full_change_precond;eeg_t_sampent_full_change_precond;gsr_skin_conductance_eda_tonic_mean_nk_full_change_precond;eeg_pright_sampent_full_change_precond;eeg_c_specent_full_change_precond;eeg_fm_theta_mean_full_change_precond;eeg_fr_sampent_full_change_precond;eeg_tright_halpha_mean_full_change_precond;eeg_pleft_halpha_mean_full_change_precond;gsr_skin_conductance_eda_pkrate_nk_full_change_precond;hr_heartrate_bpm_med_abs_full_change_precond;eeg_fm_sampent_full_change_precond;eeg_pleft_lbeta_mean_full_change_precond;eeg_c_sampent_full_change_precond"
2025-11-26 18:02:35.546285,7,"stress_label",20,256,0.015625,0.57051282051282,0.5,0.564102564102564,20,"top20","eeg_tleft_sampent_full_change_precond;eeg_c_theta_mean_full_change_precond;eeg_tleft_halpha_mean_full_change_precond;pupil_dilation_sd_full_change_precond;hrv_rmssd_full_change_precond;eeg_tleft_lalpha_mean_full_change_precond;eeg_fl_hbeta_mean_full_change_precond;eeg_t_sampent_full_change_precond;gsr_skin_conductance_eda_tonic_mean_nk_full_change_precond;eeg_pright_sampent_full_change_precond;eeg_c_specent_full_change_precond;eeg_fm_theta_mean_full_change_precond;eeg_fr_sampent_full_change_precond;eeg_tright_halpha_mean_full_change_precond;eeg_pleft_halpha_mean_full_change_precond;gsr_skin_conductance_eda_pkrate_nk_full_change_precond;hr_heartrate_bpm_med_abs_full_change_precond;eeg_fm_sampent_full_change_precond;eeg_pleft_lbeta_mean_full_change_precond;eeg_c_sampent_full_change_precond"
2025-11-26 18:02:36.592536,7,"stress_label",20,2,0.03125,0.532051282051282,0.596153846153846,0.526495726495727,20,"top20","eeg_tleft_sampent_full_change_precond;eeg_c_theta_mean_full_change_precond;eeg_tleft_halpha_mean_full_change_precond;pupil_dilation_sd_full_change_precond;hrv_rmssd_full_change_precond;eeg_tleft_lalpha_mean_full_change_precond;eeg_fl_hbeta_mean_full_change_precond;eeg_t_sampent_full_change_precond;gsr_skin_conductance_eda_tonic_mean_nk_full_change_precond;eeg_pright_sampent_full_change_precond;eeg_c_specent_full_change_precond;eeg_fm_theta_mean_full_change_precond;eeg_fr_sampent_full_change_precond;eeg_tright_halpha_mean_full_change_precond;eeg_pleft_halpha_mean_full_change_precond;gsr_skin_conductance_eda_pkrate_nk_full_change_precond;hr_heartrate_bpm_med_abs_full_change_precond;eeg_fm_sampent_full_change_precond;eeg_pleft_lbeta_mean_full_change_precond;eeg_c_sampent_full_change_precond"
2025-11-26 18:02:37.644702,7,"stress_label",20,4,0.03125,0.557692307692308,0.57051282051282,0.555555555555556,20,"top20","eeg_tleft_sampent_full_change_precond;eeg_c_theta_mean_full_change_precond;eeg_tleft_halpha_mean_full_change_precond;pupil_dilation_sd_full_change_precond;hrv_rmssd_full_change_precond;eeg_tleft_lalpha_mean_full_change_precond;eeg_fl_hbeta_mean_full_change_precond;eeg_t_sampent_full_change_precond;gsr_skin_conductance_eda_tonic_mean_nk_full_change_precond;eeg_pright_sampent_full_change_precond;eeg_c_specent_full_change_precond;eeg_fm_theta_mean_full_change_precond;eeg_fr_sampent_full_change_precond;eeg_tright_halpha_mean_full_change_precond;eeg_pleft_halpha_mean_full_change_precond;gsr_skin_conductance_eda_pkrate_nk_full_change_precond;hr_heartrate_bpm_med_abs_full_change_precond;eeg_fm_sampent_full_change_precond;eeg_pleft_lbeta_mean_full_change_precond;eeg_c_sampent_full_change_precond"
2025-11-26 18:02:38.749452,7,"stress_label",20,8,0.03125,0.551282051282051,0.493589743589744,0.545299145299145,20,"top20","eeg_tleft_sampent_full_change_precond;eeg_c_theta_mean_full_change_precond;eeg_tleft_halpha_mean_full_change_precond;pupil_dilation_sd_full_change_precond;hrv_rmssd_full_change_precond;eeg_tleft_lalpha_mean_full_change_precond;eeg_fl_hbeta_mean_full_change_precond;eeg_t_sampent_full_change_precond;gsr_skin_conductance_eda_tonic_mean_nk_full_change_precond;eeg_pright_sampent_full_change_precond;eeg_c_specent_full_change_precond;eeg_fm_theta_mean_full_change_precond;eeg_fr_sampent_full_change_precond;eeg_tright_halpha_mean_full_change_precond;eeg_pleft_halpha_mean_full_change_precond;gsr_skin_conductance_eda_pkrate_nk_full_change_precond;hr_heartrate_bpm_med_abs_full_change_precond;eeg_fm_sampent_full_change_precond;eeg_pleft_lbeta_mean_full_change_precond;eeg_c_sampent_full_change_precond"
2025-11-26 18:02:39.826644,7,"stress_label",20,16,0.03125,0.551282051282051,0.564102564102564,0.548717948717949,20,"top20","eeg_tleft_sampent_full_change_precond;eeg_c_theta_mean_full_change_precond;eeg_tleft_halpha_mean_full_change_precond;pupil_dilation_sd_full_change_precond;hrv_rmssd_full_change_precond;eeg_tleft_lalpha_mean_full_change_precond;eeg_fl_hbeta_mean_full_change_precond;eeg_t_sampent_full_change_precond;gsr_skin_conductance_eda_tonic_mean_nk_full_change_precond;eeg_pright_sampent_full_change_precond;eeg_c_specent_full_change_precond;eeg_fm_theta_mean_full_change_precond;eeg_fr_sampent_full_change_precond;eeg_tright_halpha_mean_full_change_precond;eeg_pleft_halpha_mean_full_change_precond;gsr_skin_conductance_eda_pkrate_nk_full_change_precond;hr_heartrate_bpm_med_abs_full_change_precond;eeg_fm_sampent_full_change_precond;eeg_pleft_lbeta_mean_full_change_precond;eeg_c_sampent_full_change_precond"
2025-11-26 18:02:41.038476,7,"stress_label",20,32,0.03125,0.57051282051282,0.57051282051282,0.567521367521368,20,"top20","eeg_tleft_sampent_full_change_precond;eeg_c_theta_mean_full_change_precond;eeg_tleft_halpha_mean_full_change_precond;pupil_dilation_sd_full_change_precond;hrv_rmssd_full_change_precond;eeg_tleft_lalpha_mean_full_change_precond;eeg_fl_hbeta_mean_full_change_precond;eeg_t_sampent_full_change_precond;gsr_skin_conductance_eda_tonic_mean_nk_full_change_precond;eeg_pright_sampent_full_change_precond;eeg_c_specent_full_change_precond;eeg_fm_theta_mean_full_change_precond;eeg_fr_sampent_full_change_precond;eeg_tright_halpha_mean_full_change_precond;eeg_pleft_halpha_mean_full_change_precond;gsr_skin_conductance_eda_pkrate_nk_full_change_precond;hr_heartrate_bpm_med_abs_full_change_precond;eeg_fm_sampent_full_change_precond;eeg_pleft_lbeta_mean_full_change_precond;eeg_c_sampent_full_change_precond"
2025-11-26 18:02:42.242982,7,"stress_label",20,64,0.03125,0.596153846153846,0.551282051282051,0.584615384615385,20,"top20","eeg_tleft_sampent_full_change_precond;eeg_c_theta_mean_full_change_precond;eeg_tleft_halpha_mean_full_change_precond;pupil_dilation_sd_full_change_precond;hrv_rmssd_full_change_precond;eeg_tleft_lalpha_mean_full_change_precond;eeg_fl_hbeta_mean_full_change_precond;eeg_t_sampent_full_change_precond;gsr_skin_conductance_eda_tonic_mean_nk_full_change_precond;eeg_pright_sampent_full_change_precond;eeg_c_specent_full_change_precond;eeg_fm_theta_mean_full_change_precond;eeg_fr_sampent_full_change_precond;eeg_tright_halpha_mean_full_change_precond;eeg_pleft_halpha_mean_full_change_precond;gsr_skin_conductance_eda_pkrate_nk_full_change_precond;hr_heartrate_bpm_med_abs_full_change_precond;eeg_fm_sampent_full_change_precond;eeg_pleft_lbeta_mean_full_change_precond;eeg_c_sampent_full_change_precond"
2025-11-26 18:02:43.229403,7,"stress_label",20,128,0.03125,0.596153846153846,0.557692307692308,0.584615384615385,20,"top20","eeg_tleft_sampent_full_change_precond;eeg_c_theta_mean_full_change_precond;eeg_tleft_halpha_mean_full_change_precond;pupil_dilation_sd_full_change_precond;hrv_rmssd_full_change_precond;eeg_tleft_lalpha_mean_full_change_precond;eeg_fl_hbeta_mean_full_change_precond;eeg_t_sampent_full_change_precond;gsr_skin_conductance_eda_tonic_mean_nk_full_change_precond;eeg_pright_sampent_full_change_precond;eeg_c_specent_full_change_precond;eeg_fm_theta_mean_full_change_precond;eeg_fr_sampent_full_change_precond;eeg_tright_halpha_mean_full_change_precond;eeg_pleft_halpha_mean_full_change_precond;gsr_skin_conductance_eda_pkrate_nk_full_change_precond;hr_heartrate_bpm_med_abs_full_change_precond;eeg_fm_sampent_full_change_precond;eeg_pleft_lbeta_mean_full_change_precond;eeg_c_sampent_full_change_precond"
2025-11-26 18:02:44.418529,7,"stress_label",20,256,0.03125,0.596153846153846,0.583333333333333,0.584615384615385,20,"top20","eeg_tleft_sampent_full_change_precond;eeg_c_theta_mean_full_change_precond;eeg_tleft_halpha_mean_full_change_precond;pupil_dilation_sd_full_change_precond;hrv_rmssd_full_change_precond;eeg_tleft_lalpha_mean_full_change_precond;eeg_fl_hbeta_mean_full_change_precond;eeg_t_sampent_full_change_precond;gsr_skin_conductance_eda_tonic_mean_nk_full_change_precond;eeg_pright_sampent_full_change_precond;eeg_c_specent_full_change_precond;eeg_fm_theta_mean_full_change_precond;eeg_fr_sampent_full_change_precond;eeg_tright_halpha_mean_full_change_precond;eeg_pleft_halpha_mean_full_change_precond;gsr_skin_conductance_eda_pkrate_nk_full_change_precond;hr_heartrate_bpm_med_abs_full_change_precond;eeg_fm_sampent_full_change_precond;eeg_pleft_lbeta_mean_full_change_precond;eeg_c_sampent_full_change_precond"
2025-11-26 18:02:45.477276,7,"stress_label",20,2,0.0625,0.538461538461538,0.564102564102564,NA,20,"top20","eeg_tleft_sampent_full_change_precond;eeg_c_theta_mean_full_change_precond;eeg_tleft_halpha_mean_full_change_precond;pupil_dilation_sd_full_change_precond;hrv_rmssd_full_change_precond;eeg_tleft_lalpha_mean_full_change_precond;eeg_fl_hbeta_mean_full_change_precond;eeg_t_sampent_full_change_precond;gsr_skin_conductance_eda_tonic_mean_nk_full_change_precond;eeg_pright_sampent_full_change_precond;eeg_c_specent_full_change_precond;eeg_fm_theta_mean_full_change_precond;eeg_fr_sampent_full_change_precond;eeg_tright_halpha_mean_full_change_precond;eeg_pleft_halpha_mean_full_change_precond;gsr_skin_conductance_eda_pkrate_nk_full_change_precond;hr_heartrate_bpm_med_abs_full_change_precond;eeg_fm_sampent_full_change_precond;eeg_pleft_lbeta_mean_full_change_precond;eeg_c_sampent_full_change_precond"
2025-11-26 18:02:46.616154,7,"stress_label",20,4,0.0625,0.551282051282051,0.557692307692308,NA,20,"top20","eeg_tleft_sampent_full_change_precond;eeg_c_theta_mean_full_change_precond;eeg_tleft_halpha_mean_full_change_precond;pupil_dilation_sd_full_change_precond;hrv_rmssd_full_change_precond;eeg_tleft_lalpha_mean_full_change_precond;eeg_fl_hbeta_mean_full_change_precond;eeg_t_sampent_full_change_precond;gsr_skin_conductance_eda_tonic_mean_nk_full_change_precond;eeg_pright_sampent_full_change_precond;eeg_c_specent_full_change_precond;eeg_fm_theta_mean_full_change_precond;eeg_fr_sampent_full_change_precond;eeg_tright_halpha_mean_full_change_precond;eeg_pleft_halpha_mean_full_change_precond;gsr_skin_conductance_eda_pkrate_nk_full_change_precond;hr_heartrate_bpm_med_abs_full_change_precond;eeg_fm_sampent_full_change_precond;eeg_pleft_lbeta_mean_full_change_precond;eeg_c_sampent_full_change_precond"
2025-11-26 18:02:47.702371,7,"stress_label",20,8,0.0625,0.551282051282051,0.551282051282051,NA,20,"top20","eeg_tleft_sampent_full_change_precond;eeg_c_theta_mean_full_change_precond;eeg_tleft_halpha_mean_full_change_precond;pupil_dilation_sd_full_change_precond;hrv_rmssd_full_change_precond;eeg_tleft_lalpha_mean_full_change_precond;eeg_fl_hbeta_mean_full_change_precond;eeg_t_sampent_full_change_precond;gsr_skin_conductance_eda_tonic_mean_nk_full_change_precond;eeg_pright_sampent_full_change_precond;eeg_c_specent_full_change_precond;eeg_fm_theta_mean_full_change_precond;eeg_fr_sampent_full_change_precond;eeg_tright_halpha_mean_full_change_precond;eeg_pleft_halpha_mean_full_change_precond;gsr_skin_conductance_eda_pkrate_nk_full_change_precond;hr_heartrate_bpm_med_abs_full_change_precond;eeg_fm_sampent_full_change_precond;eeg_pleft_lbeta_mean_full_change_precond;eeg_c_sampent_full_change_precond"
2025-11-26 18:02:48.808305,7,"stress_label",20,16,0.0625,0.564102564102564,0.544871794871795,0.558119658119658,20,"top20","eeg_tleft_sampent_full_change_precond;eeg_c_theta_mean_full_change_precond;eeg_tleft_halpha_mean_full_change_precond;pupil_dilation_sd_full_change_precond;hrv_rmssd_full_change_precond;eeg_tleft_lalpha_mean_full_change_precond;eeg_fl_hbeta_mean_full_change_precond;eeg_t_sampent_full_change_precond;gsr_skin_conductance_eda_tonic_mean_nk_full_change_precond;eeg_pright_sampent_full_change_precond;eeg_c_specent_full_change_precond;eeg_fm_theta_mean_full_change_precond;eeg_fr_sampent_full_change_precond;eeg_tright_halpha_mean_full_change_precond;eeg_pleft_halpha_mean_full_change_precond;gsr_skin_conductance_eda_pkrate_nk_full_change_precond;hr_heartrate_bpm_med_abs_full_change_precond;eeg_fm_sampent_full_change_precond;eeg_pleft_lbeta_mean_full_change_precond;eeg_c_sampent_full_change_precond"
2025-11-26 18:02:49.940343,7,"stress_label",20,32,0.0625,0.564102564102564,0.544871794871795,0.558119658119658,20,"top20","eeg_tleft_sampent_full_change_precond;eeg_c_theta_mean_full_change_precond;eeg_tleft_halpha_mean_full_change_precond;pupil_dilation_sd_full_change_precond;hrv_rmssd_full_change_precond;eeg_tleft_lalpha_mean_full_change_precond;eeg_fl_hbeta_mean_full_change_precond;eeg_t_sampent_full_change_precond;gsr_skin_conductance_eda_tonic_mean_nk_full_change_precond;eeg_pright_sampent_full_change_precond;eeg_c_specent_full_change_precond;eeg_fm_theta_mean_full_change_precond;eeg_fr_sampent_full_change_precond;eeg_tright_halpha_mean_full_change_precond;eeg_pleft_halpha_mean_full_change_precond;gsr_skin_conductance_eda_pkrate_nk_full_change_precond;hr_heartrate_bpm_med_abs_full_change_precond;eeg_fm_sampent_full_change_precond;eeg_pleft_lbeta_mean_full_change_precond;eeg_c_sampent_full_change_precond"
2025-11-26 18:02:51.061266,7,"stress_label",20,64,0.0625,0.564102564102564,0.519230769230769,0.558119658119658,20,"top20","eeg_tleft_sampent_full_change_precond;eeg_c_theta_mean_full_change_precond;eeg_tleft_halpha_mean_full_change_precond;pupil_dilation_sd_full_change_precond;hrv_rmssd_full_change_precond;eeg_tleft_lalpha_mean_full_change_precond;eeg_fl_hbeta_mean_full_change_precond;eeg_t_sampent_full_change_precond;gsr_skin_conductance_eda_tonic_mean_nk_full_change_precond;eeg_pright_sampent_full_change_precond;eeg_c_specent_full_change_precond;eeg_fm_theta_mean_full_change_precond;eeg_fr_sampent_full_change_precond;eeg_tright_halpha_mean_full_change_precond;eeg_pleft_halpha_mean_full_change_precond;gsr_skin_conductance_eda_pkrate_nk_full_change_precond;hr_heartrate_bpm_med_abs_full_change_precond;eeg_fm_sampent_full_change_precond;eeg_pleft_lbeta_mean_full_change_precond;eeg_c_sampent_full_change_precond"
2025-11-26 18:02:52.092881,7,"stress_label",20,128,0.0625,0.564102564102564,0.519230769230769,0.558119658119658,20,"top20","eeg_tleft_sampent_full_change_precond;eeg_c_theta_mean_full_change_precond;eeg_tleft_halpha_mean_full_change_precond;pupil_dilation_sd_full_change_precond;hrv_rmssd_full_change_precond;eeg_tleft_lalpha_mean_full_change_precond;eeg_fl_hbeta_mean_full_change_precond;eeg_t_sampent_full_change_precond;gsr_skin_conductance_eda_tonic_mean_nk_full_change_precond;eeg_pright_sampent_full_change_precond;eeg_c_specent_full_change_precond;eeg_fm_theta_mean_full_change_precond;eeg_fr_sampent_full_change_precond;eeg_tright_halpha_mean_full_change_precond;eeg_pleft_halpha_mean_full_change_precond;gsr_skin_conductance_eda_pkrate_nk_full_change_precond;hr_heartrate_bpm_med_abs_full_change_precond;eeg_fm_sampent_full_change_precond;eeg_pleft_lbeta_mean_full_change_precond;eeg_c_sampent_full_change_precond"
2025-11-26 18:02:53.214969,7,"stress_label",20,256,0.0625,0.564102564102564,0.519230769230769,0.558119658119658,20,"top20","eeg_tleft_sampent_full_change_precond;eeg_c_theta_mean_full_change_precond;eeg_tleft_halpha_mean_full_change_precond;pupil_dilation_sd_full_change_precond;hrv_rmssd_full_change_precond;eeg_tleft_lalpha_mean_full_change_precond;eeg_fl_hbeta_mean_full_change_precond;eeg_t_sampent_full_change_precond;gsr_skin_conductance_eda_tonic_mean_nk_full_change_precond;eeg_pright_sampent_full_change_precond;eeg_c_specent_full_change_precond;eeg_fm_theta_mean_full_change_precond;eeg_fr_sampent_full_change_precond;eeg_tright_halpha_mean_full_change_precond;eeg_pleft_halpha_mean_full_change_precond;gsr_skin_conductance_eda_pkrate_nk_full_change_precond;hr_heartrate_bpm_med_abs_full_change_precond;eeg_fm_sampent_full_change_precond;eeg_pleft_lbeta_mean_full_change_precond;eeg_c_sampent_full_change_precond"
2025-11-26 18:02:54.296619,7,"stress_label",20,2,0.125,0.519230769230769,0.564102564102564,NA,20,"top20","eeg_tleft_sampent_full_change_precond;eeg_c_theta_mean_full_change_precond;eeg_tleft_halpha_mean_full_change_precond;pupil_dilation_sd_full_change_precond;hrv_rmssd_full_change_precond;eeg_tleft_lalpha_mean_full_change_precond;eeg_fl_hbeta_mean_full_change_precond;eeg_t_sampent_full_change_precond;gsr_skin_conductance_eda_tonic_mean_nk_full_change_precond;eeg_pright_sampent_full_change_precond;eeg_c_specent_full_change_precond;eeg_fm_theta_mean_full_change_precond;eeg_fr_sampent_full_change_precond;eeg_tright_halpha_mean_full_change_precond;eeg_pleft_halpha_mean_full_change_precond;gsr_skin_conductance_eda_pkrate_nk_full_change_precond;hr_heartrate_bpm_med_abs_full_change_precond;eeg_fm_sampent_full_change_precond;eeg_pleft_lbeta_mean_full_change_precond;eeg_c_sampent_full_change_precond"
2025-11-26 18:02:55.274661,7,"stress_label",20,4,0.125,0.538461538461538,0.58974358974359,NA,20,"top20","eeg_tleft_sampent_full_change_precond;eeg_c_theta_mean_full_change_precond;eeg_tleft_halpha_mean_full_change_precond;pupil_dilation_sd_full_change_precond;hrv_rmssd_full_change_precond;eeg_tleft_lalpha_mean_full_change_precond;eeg_fl_hbeta_mean_full_change_precond;eeg_t_sampent_full_change_precond;gsr_skin_conductance_eda_tonic_mean_nk_full_change_precond;eeg_pright_sampent_full_change_precond;eeg_c_specent_full_change_precond;eeg_fm_theta_mean_full_change_precond;eeg_fr_sampent_full_change_precond;eeg_tright_halpha_mean_full_change_precond;eeg_pleft_halpha_mean_full_change_precond;gsr_skin_conductance_eda_pkrate_nk_full_change_precond;hr_heartrate_bpm_med_abs_full_change_precond;eeg_fm_sampent_full_change_precond;eeg_pleft_lbeta_mean_full_change_precond;eeg_c_sampent_full_change_precond"
2025-11-26 18:02:56.258246,7,"stress_label",20,8,0.125,0.525641025641026,0.532051282051282,NA,20,"top20","eeg_tleft_sampent_full_change_precond;eeg_c_theta_mean_full_change_precond;eeg_tleft_halpha_mean_full_change_precond;pupil_dilation_sd_full_change_precond;hrv_rmssd_full_change_precond;eeg_tleft_lalpha_mean_full_change_precond;eeg_fl_hbeta_mean_full_change_precond;eeg_t_sampent_full_change_precond;gsr_skin_conductance_eda_tonic_mean_nk_full_change_precond;eeg_pright_sampent_full_change_precond;eeg_c_specent_full_change_precond;eeg_fm_theta_mean_full_change_precond;eeg_fr_sampent_full_change_precond;eeg_tright_halpha_mean_full_change_precond;eeg_pleft_halpha_mean_full_change_precond;gsr_skin_conductance_eda_pkrate_nk_full_change_precond;hr_heartrate_bpm_med_abs_full_change_precond;eeg_fm_sampent_full_change_precond;eeg_pleft_lbeta_mean_full_change_precond;eeg_c_sampent_full_change_precond"
2025-11-26 18:02:57.33276,7,"stress_label",20,16,0.125,0.525641025641026,0.583333333333333,NA,20,"top20","eeg_tleft_sampent_full_change_precond;eeg_c_theta_mean_full_change_precond;eeg_tleft_halpha_mean_full_change_precond;pupil_dilation_sd_full_change_precond;hrv_rmssd_full_change_precond;eeg_tleft_lalpha_mean_full_change_precond;eeg_fl_hbeta_mean_full_change_precond;eeg_t_sampent_full_change_precond;gsr_skin_conductance_eda_tonic_mean_nk_full_change_precond;eeg_pright_sampent_full_change_precond;eeg_c_specent_full_change_precond;eeg_fm_theta_mean_full_change_precond;eeg_fr_sampent_full_change_precond;eeg_tright_halpha_mean_full_change_precond;eeg_pleft_halpha_mean_full_change_precond;gsr_skin_conductance_eda_pkrate_nk_full_change_precond;hr_heartrate_bpm_med_abs_full_change_precond;eeg_fm_sampent_full_change_precond;eeg_pleft_lbeta_mean_full_change_precond;eeg_c_sampent_full_change_precond"
2025-11-26 18:02:58.588021,7,"stress_label",20,32,0.125,0.525641025641026,0.583333333333333,NA,20,"top20","eeg_tleft_sampent_full_change_precond;eeg_c_theta_mean_full_change_precond;eeg_tleft_halpha_mean_full_change_precond;pupil_dilation_sd_full_change_precond;hrv_rmssd_full_change_precond;eeg_tleft_lalpha_mean_full_change_precond;eeg_fl_hbeta_mean_full_change_precond;eeg_t_sampent_full_change_precond;gsr_skin_conductance_eda_tonic_mean_nk_full_change_precond;eeg_pright_sampent_full_change_precond;eeg_c_specent_full_change_precond;eeg_fm_theta_mean_full_change_precond;eeg_fr_sampent_full_change_precond;eeg_tright_halpha_mean_full_change_precond;eeg_pleft_halpha_mean_full_change_precond;gsr_skin_conductance_eda_pkrate_nk_full_change_precond;hr_heartrate_bpm_med_abs_full_change_precond;eeg_fm_sampent_full_change_precond;eeg_pleft_lbeta_mean_full_change_precond;eeg_c_sampent_full_change_precond"
2025-11-26 18:02:59.613165,7,"stress_label",20,64,0.125,0.525641025641026,0.532051282051282,NA,20,"top20","eeg_tleft_sampent_full_change_precond;eeg_c_theta_mean_full_change_precond;eeg_tleft_halpha_mean_full_change_precond;pupil_dilation_sd_full_change_precond;hrv_rmssd_full_change_precond;eeg_tleft_lalpha_mean_full_change_precond;eeg_fl_hbeta_mean_full_change_precond;eeg_t_sampent_full_change_precond;gsr_skin_conductance_eda_tonic_mean_nk_full_change_precond;eeg_pright_sampent_full_change_precond;eeg_c_specent_full_change_precond;eeg_fm_theta_mean_full_change_precond;eeg_fr_sampent_full_change_precond;eeg_tright_halpha_mean_full_change_precond;eeg_pleft_halpha_mean_full_change_precond;gsr_skin_conductance_eda_pkrate_nk_full_change_precond;hr_heartrate_bpm_med_abs_full_change_precond;eeg_fm_sampent_full_change_precond;eeg_pleft_lbeta_mean_full_change_precond;eeg_c_sampent_full_change_precond"
2025-11-26 18:03:00.564719,7,"stress_label",20,128,0.125,0.525641025641026,0.583333333333333,NA,20,"top20","eeg_tleft_sampent_full_change_precond;eeg_c_theta_mean_full_change_precond;eeg_tleft_halpha_mean_full_change_precond;pupil_dilation_sd_full_change_precond;hrv_rmssd_full_change_precond;eeg_tleft_lalpha_mean_full_change_precond;eeg_fl_hbeta_mean_full_change_precond;eeg_t_sampent_full_change_precond;gsr_skin_conductance_eda_tonic_mean_nk_full_change_precond;eeg_pright_sampent_full_change_precond;eeg_c_specent_full_change_precond;eeg_fm_theta_mean_full_change_precond;eeg_fr_sampent_full_change_precond;eeg_tright_halpha_mean_full_change_precond;eeg_pleft_halpha_mean_full_change_precond;gsr_skin_conductance_eda_pkrate_nk_full_change_precond;hr_heartrate_bpm_med_abs_full_change_precond;eeg_fm_sampent_full_change_precond;eeg_pleft_lbeta_mean_full_change_precond;eeg_c_sampent_full_change_precond"
2025-11-26 18:03:01.679762,7,"stress_label",20,256,0.125,0.525641025641026,0.583333333333333,NA,20,"top20","eeg_tleft_sampent_full_change_precond;eeg_c_theta_mean_full_change_precond;eeg_tleft_halpha_mean_full_change_precond;pupil_dilation_sd_full_change_precond;hrv_rmssd_full_change_precond;eeg_tleft_lalpha_mean_full_change_precond;eeg_fl_hbeta_mean_full_change_precond;eeg_t_sampent_full_change_precond;gsr_skin_conductance_eda_tonic_mean_nk_full_change_precond;eeg_pright_sampent_full_change_precond;eeg_c_specent_full_change_precond;eeg_fm_theta_mean_full_change_precond;eeg_fr_sampent_full_change_precond;eeg_tright_halpha_mean_full_change_precond;eeg_pleft_halpha_mean_full_change_precond;gsr_skin_conductance_eda_pkrate_nk_full_change_precond;hr_heartrate_bpm_med_abs_full_change_precond;eeg_fm_sampent_full_change_precond;eeg_pleft_lbeta_mean_full_change_precond;eeg_c_sampent_full_change_precond"
2025-11-26 18:03:02.61552,7,"stress_label",20,2,0.03,0.532051282051282,0.58974358974359,0.526495726495727,20,"top20","eeg_tleft_sampent_full_change_precond;eeg_c_theta_mean_full_change_precond;eeg_tleft_halpha_mean_full_change_precond;pupil_dilation_sd_full_change_precond;hrv_rmssd_full_change_precond;eeg_tleft_lalpha_mean_full_change_precond;eeg_fl_hbeta_mean_full_change_precond;eeg_t_sampent_full_change_precond;gsr_skin_conductance_eda_tonic_mean_nk_full_change_precond;eeg_pright_sampent_full_change_precond;eeg_c_specent_full_change_precond;eeg_fm_theta_mean_full_change_precond;eeg_fr_sampent_full_change_precond;eeg_tright_halpha_mean_full_change_precond;eeg_pleft_halpha_mean_full_change_precond;gsr_skin_conductance_eda_pkrate_nk_full_change_precond;hr_heartrate_bpm_med_abs_full_change_precond;eeg_fm_sampent_full_change_precond;eeg_pleft_lbeta_mean_full_change_precond;eeg_c_sampent_full_change_precond"
2025-11-26 18:03:03.653495,7,"stress_label",20,4,0.03,0.551282051282051,0.576923076923077,0.542735042735043,20,"top20","eeg_tleft_sampent_full_change_precond;eeg_c_theta_mean_full_change_precond;eeg_tleft_halpha_mean_full_change_precond;pupil_dilation_sd_full_change_precond;hrv_rmssd_full_change_precond;eeg_tleft_lalpha_mean_full_change_precond;eeg_fl_hbeta_mean_full_change_precond;eeg_t_sampent_full_change_precond;gsr_skin_conductance_eda_tonic_mean_nk_full_change_precond;eeg_pright_sampent_full_change_precond;eeg_c_specent_full_change_precond;eeg_fm_theta_mean_full_change_precond;eeg_fr_sampent_full_change_precond;eeg_tright_halpha_mean_full_change_precond;eeg_pleft_halpha_mean_full_change_precond;gsr_skin_conductance_eda_pkrate_nk_full_change_precond;hr_heartrate_bpm_med_abs_full_change_precond;eeg_fm_sampent_full_change_precond;eeg_pleft_lbeta_mean_full_change_precond;eeg_c_sampent_full_change_precond"
2025-11-26 18:03:04.749059,7,"stress_label",20,8,0.03,0.564102564102564,0.512820512820513,0.553846153846154,20,"top20","eeg_tleft_sampent_full_change_precond;eeg_c_theta_mean_full_change_precond;eeg_tleft_halpha_mean_full_change_precond;pupil_dilation_sd_full_change_precond;hrv_rmssd_full_change_precond;eeg_tleft_lalpha_mean_full_change_precond;eeg_fl_hbeta_mean_full_change_precond;eeg_t_sampent_full_change_precond;gsr_skin_conductance_eda_tonic_mean_nk_full_change_precond;eeg_pright_sampent_full_change_precond;eeg_c_specent_full_change_precond;eeg_fm_theta_mean_full_change_precond;eeg_fr_sampent_full_change_precond;eeg_tright_halpha_mean_full_change_precond;eeg_pleft_halpha_mean_full_change_precond;gsr_skin_conductance_eda_pkrate_nk_full_change_precond;hr_heartrate_bpm_med_abs_full_change_precond;eeg_fm_sampent_full_change_precond;eeg_pleft_lbeta_mean_full_change_precond;eeg_c_sampent_full_change_precond"
2025-11-26 18:03:05.751003,7,"stress_label",20,16,0.03,0.557692307692308,0.557692307692308,0.551282051282051,20,"top20","eeg_tleft_sampent_full_change_precond;eeg_c_theta_mean_full_change_precond;eeg_tleft_halpha_mean_full_change_precond;pupil_dilation_sd_full_change_precond;hrv_rmssd_full_change_precond;eeg_tleft_lalpha_mean_full_change_precond;eeg_fl_hbeta_mean_full_change_precond;eeg_t_sampent_full_change_precond;gsr_skin_conductance_eda_tonic_mean_nk_full_change_precond;eeg_pright_sampent_full_change_precond;eeg_c_specent_full_change_precond;eeg_fm_theta_mean_full_change_precond;eeg_fr_sampent_full_change_precond;eeg_tright_halpha_mean_full_change_precond;eeg_pleft_halpha_mean_full_change_precond;gsr_skin_conductance_eda_pkrate_nk_full_change_precond;hr_heartrate_bpm_med_abs_full_change_precond;eeg_fm_sampent_full_change_precond;eeg_pleft_lbeta_mean_full_change_precond;eeg_c_sampent_full_change_precond"
2025-11-26 18:03:06.772431,7,"stress_label",20,32,0.03,0.57051282051282,0.57051282051282,0.567521367521368,20,"top20","eeg_tleft_sampent_full_change_precond;eeg_c_theta_mean_full_change_precond;eeg_tleft_halpha_mean_full_change_precond;pupil_dilation_sd_full_change_precond;hrv_rmssd_full_change_precond;eeg_tleft_lalpha_mean_full_change_precond;eeg_fl_hbeta_mean_full_change_precond;eeg_t_sampent_full_change_precond;gsr_skin_conductance_eda_tonic_mean_nk_full_change_precond;eeg_pright_sampent_full_change_precond;eeg_c_specent_full_change_precond;eeg_fm_theta_mean_full_change_precond;eeg_fr_sampent_full_change_precond;eeg_tright_halpha_mean_full_change_precond;eeg_pleft_halpha_mean_full_change_precond;gsr_skin_conductance_eda_pkrate_nk_full_change_precond;hr_heartrate_bpm_med_abs_full_change_precond;eeg_fm_sampent_full_change_precond;eeg_pleft_lbeta_mean_full_change_precond;eeg_c_sampent_full_change_precond"
2025-11-26 18:03:07.969697,7,"stress_label",20,64,0.03,0.583333333333333,0.544871794871795,0.571794871794872,20,"top20","eeg_tleft_sampent_full_change_precond;eeg_c_theta_mean_full_change_precond;eeg_tleft_halpha_mean_full_change_precond;pupil_dilation_sd_full_change_precond;hrv_rmssd_full_change_precond;eeg_tleft_lalpha_mean_full_change_precond;eeg_fl_hbeta_mean_full_change_precond;eeg_t_sampent_full_change_precond;gsr_skin_conductance_eda_tonic_mean_nk_full_change_precond;eeg_pright_sampent_full_change_precond;eeg_c_specent_full_change_precond;eeg_fm_theta_mean_full_change_precond;eeg_fr_sampent_full_change_precond;eeg_tright_halpha_mean_full_change_precond;eeg_pleft_halpha_mean_full_change_precond;gsr_skin_conductance_eda_pkrate_nk_full_change_precond;hr_heartrate_bpm_med_abs_full_change_precond;eeg_fm_sampent_full_change_precond;eeg_pleft_lbeta_mean_full_change_precond;eeg_c_sampent_full_change_precond"
2025-11-26 18:03:09.145121,7,"stress_label",20,128,0.03,0.596153846153846,0.557692307692308,0.584615384615385,20,"top20","eeg_tleft_sampent_full_change_precond;eeg_c_theta_mean_full_change_precond;eeg_tleft_halpha_mean_full_change_precond;pupil_dilation_sd_full_change_precond;hrv_rmssd_full_change_precond;eeg_tleft_lalpha_mean_full_change_precond;eeg_fl_hbeta_mean_full_change_precond;eeg_t_sampent_full_change_precond;gsr_skin_conductance_eda_tonic_mean_nk_full_change_precond;eeg_pright_sampent_full_change_precond;eeg_c_specent_full_change_precond;eeg_fm_theta_mean_full_change_precond;eeg_fr_sampent_full_change_precond;eeg_tright_halpha_mean_full_change_precond;eeg_pleft_halpha_mean_full_change_precond;gsr_skin_conductance_eda_pkrate_nk_full_change_precond;hr_heartrate_bpm_med_abs_full_change_precond;eeg_fm_sampent_full_change_precond;eeg_pleft_lbeta_mean_full_change_precond;eeg_c_sampent_full_change_precond"
2025-11-26 18:03:10.30697,7,"stress_label",20,256,0.03,0.596153846153846,0.557692307692308,0.584615384615385,20,"top20","eeg_tleft_sampent_full_change_precond;eeg_c_theta_mean_full_change_precond;eeg_tleft_halpha_mean_full_change_precond;pupil_dilation_sd_full_change_precond;hrv_rmssd_full_change_precond;eeg_tleft_lalpha_mean_full_change_precond;eeg_fl_hbeta_mean_full_change_precond;eeg_t_sampent_full_change_precond;gsr_skin_conductance_eda_tonic_mean_nk_full_change_precond;eeg_pright_sampent_full_change_precond;eeg_c_specent_full_change_precond;eeg_fm_theta_mean_full_change_precond;eeg_fr_sampent_full_change_precond;eeg_tright_halpha_mean_full_change_precond;eeg_pleft_halpha_mean_full_change_precond;gsr_skin_conductance_eda_pkrate_nk_full_change_precond;hr_heartrate_bpm_med_abs_full_change_precond;eeg_fm_sampent_full_change_precond;eeg_pleft_lbeta_mean_full_change_precond;eeg_c_sampent_full_change_precond"
2025-11-26 18:03:11.216416,7,"stress_label",20,2,0.06,0.544871794871795,0.564102564102564,NA,20,"top20","eeg_tleft_sampent_full_change_precond;eeg_c_theta_mean_full_change_precond;eeg_tleft_halpha_mean_full_change_precond;pupil_dilation_sd_full_change_precond;hrv_rmssd_full_change_precond;eeg_tleft_lalpha_mean_full_change_precond;eeg_fl_hbeta_mean_full_change_precond;eeg_t_sampent_full_change_precond;gsr_skin_conductance_eda_tonic_mean_nk_full_change_precond;eeg_pright_sampent_full_change_precond;eeg_c_specent_full_change_precond;eeg_fm_theta_mean_full_change_precond;eeg_fr_sampent_full_change_precond;eeg_tright_halpha_mean_full_change_precond;eeg_pleft_halpha_mean_full_change_precond;gsr_skin_conductance_eda_pkrate_nk_full_change_precond;hr_heartrate_bpm_med_abs_full_change_precond;eeg_fm_sampent_full_change_precond;eeg_pleft_lbeta_mean_full_change_precond;eeg_c_sampent_full_change_precond"
2025-11-26 18:03:12.330681,7,"stress_label",20,4,0.06,0.544871794871795,0.5,NA,20,"top20","eeg_tleft_sampent_full_change_precond;eeg_c_theta_mean_full_change_precond;eeg_tleft_halpha_mean_full_change_precond;pupil_dilation_sd_full_change_precond;hrv_rmssd_full_change_precond;eeg_tleft_lalpha_mean_full_change_precond;eeg_fl_hbeta_mean_full_change_precond;eeg_t_sampent_full_change_precond;gsr_skin_conductance_eda_tonic_mean_nk_full_change_precond;eeg_pright_sampent_full_change_precond;eeg_c_specent_full_change_precond;eeg_fm_theta_mean_full_change_precond;eeg_fr_sampent_full_change_precond;eeg_tright_halpha_mean_full_change_precond;eeg_pleft_halpha_mean_full_change_precond;gsr_skin_conductance_eda_pkrate_nk_full_change_precond;hr_heartrate_bpm_med_abs_full_change_precond;eeg_fm_sampent_full_change_precond;eeg_pleft_lbeta_mean_full_change_precond;eeg_c_sampent_full_change_precond"
2025-11-26 18:03:13.490567,7,"stress_label",20,8,0.06,0.551282051282051,0.551282051282051,NA,20,"top20","eeg_tleft_sampent_full_change_precond;eeg_c_theta_mean_full_change_precond;eeg_tleft_halpha_mean_full_change_precond;pupil_dilation_sd_full_change_precond;hrv_rmssd_full_change_precond;eeg_tleft_lalpha_mean_full_change_precond;eeg_fl_hbeta_mean_full_change_precond;eeg_t_sampent_full_change_precond;gsr_skin_conductance_eda_tonic_mean_nk_full_change_precond;eeg_pright_sampent_full_change_precond;eeg_c_specent_full_change_precond;eeg_fm_theta_mean_full_change_precond;eeg_fr_sampent_full_change_precond;eeg_tright_halpha_mean_full_change_precond;eeg_pleft_halpha_mean_full_change_precond;gsr_skin_conductance_eda_pkrate_nk_full_change_precond;hr_heartrate_bpm_med_abs_full_change_precond;eeg_fm_sampent_full_change_precond;eeg_pleft_lbeta_mean_full_change_precond;eeg_c_sampent_full_change_precond"
2025-11-26 18:03:14.630399,7,"stress_label",20,16,0.06,0.57051282051282,0.519230769230769,0.565811965811966,20,"top20","eeg_tleft_sampent_full_change_precond;eeg_c_theta_mean_full_change_precond;eeg_tleft_halpha_mean_full_change_precond;pupil_dilation_sd_full_change_precond;hrv_rmssd_full_change_precond;eeg_tleft_lalpha_mean_full_change_precond;eeg_fl_hbeta_mean_full_change_precond;eeg_t_sampent_full_change_precond;gsr_skin_conductance_eda_tonic_mean_nk_full_change_precond;eeg_pright_sampent_full_change_precond;eeg_c_specent_full_change_precond;eeg_fm_theta_mean_full_change_precond;eeg_fr_sampent_full_change_precond;eeg_tright_halpha_mean_full_change_precond;eeg_pleft_halpha_mean_full_change_precond;gsr_skin_conductance_eda_pkrate_nk_full_change_precond;hr_heartrate_bpm_med_abs_full_change_precond;eeg_fm_sampent_full_change_precond;eeg_pleft_lbeta_mean_full_change_precond;eeg_c_sampent_full_change_precond"
2025-11-26 18:03:15.766907,7,"stress_label",20,32,0.06,0.57051282051282,0.544871794871795,0.568376068376068,20,"top20","eeg_tleft_sampent_full_change_precond;eeg_c_theta_mean_full_change_precond;eeg_tleft_halpha_mean_full_change_precond;pupil_dilation_sd_full_change_precond;hrv_rmssd_full_change_precond;eeg_tleft_lalpha_mean_full_change_precond;eeg_fl_hbeta_mean_full_change_precond;eeg_t_sampent_full_change_precond;gsr_skin_conductance_eda_tonic_mean_nk_full_change_precond;eeg_pright_sampent_full_change_precond;eeg_c_specent_full_change_precond;eeg_fm_theta_mean_full_change_precond;eeg_fr_sampent_full_change_precond;eeg_tright_halpha_mean_full_change_precond;eeg_pleft_halpha_mean_full_change_precond;gsr_skin_conductance_eda_pkrate_nk_full_change_precond;hr_heartrate_bpm_med_abs_full_change_precond;eeg_fm_sampent_full_change_precond;eeg_pleft_lbeta_mean_full_change_precond;eeg_c_sampent_full_change_precond"
2025-11-26 18:03:16.926585,7,"stress_label",20,64,0.06,0.57051282051282,0.544871794871795,0.568376068376068,20,"top20","eeg_tleft_sampent_full_change_precond;eeg_c_theta_mean_full_change_precond;eeg_tleft_halpha_mean_full_change_precond;pupil_dilation_sd_full_change_precond;hrv_rmssd_full_change_precond;eeg_tleft_lalpha_mean_full_change_precond;eeg_fl_hbeta_mean_full_change_precond;eeg_t_sampent_full_change_precond;gsr_skin_conductance_eda_tonic_mean_nk_full_change_precond;eeg_pright_sampent_full_change_precond;eeg_c_specent_full_change_precond;eeg_fm_theta_mean_full_change_precond;eeg_fr_sampent_full_change_precond;eeg_tright_halpha_mean_full_change_precond;eeg_pleft_halpha_mean_full_change_precond;gsr_skin_conductance_eda_pkrate_nk_full_change_precond;hr_heartrate_bpm_med_abs_full_change_precond;eeg_fm_sampent_full_change_precond;eeg_pleft_lbeta_mean_full_change_precond;eeg_c_sampent_full_change_precond"
2025-11-26 18:03:18.018361,7,"stress_label",20,128,0.06,0.57051282051282,0.57051282051282,0.568376068376068,20,"top20","eeg_tleft_sampent_full_change_precond;eeg_c_theta_mean_full_change_precond;eeg_tleft_halpha_mean_full_change_precond;pupil_dilation_sd_full_change_precond;hrv_rmssd_full_change_precond;eeg_tleft_lalpha_mean_full_change_precond;eeg_fl_hbeta_mean_full_change_precond;eeg_t_sampent_full_change_precond;gsr_skin_conductance_eda_tonic_mean_nk_full_change_precond;eeg_pright_sampent_full_change_precond;eeg_c_specent_full_change_precond;eeg_fm_theta_mean_full_change_precond;eeg_fr_sampent_full_change_precond;eeg_tright_halpha_mean_full_change_precond;eeg_pleft_halpha_mean_full_change_precond;gsr_skin_conductance_eda_pkrate_nk_full_change_precond;hr_heartrate_bpm_med_abs_full_change_precond;eeg_fm_sampent_full_change_precond;eeg_pleft_lbeta_mean_full_change_precond;eeg_c_sampent_full_change_precond"
2025-11-26 18:03:19.0876,7,"stress_label",20,256,0.06,0.57051282051282,0.544871794871795,0.568376068376068,20,"top20","eeg_tleft_sampent_full_change_precond;eeg_c_theta_mean_full_change_precond;eeg_tleft_halpha_mean_full_change_precond;pupil_dilation_sd_full_change_precond;hrv_rmssd_full_change_precond;eeg_tleft_lalpha_mean_full_change_precond;eeg_fl_hbeta_mean_full_change_precond;eeg_t_sampent_full_change_precond;gsr_skin_conductance_eda_tonic_mean_nk_full_change_precond;eeg_pright_sampent_full_change_precond;eeg_c_specent_full_change_precond;eeg_fm_theta_mean_full_change_precond;eeg_fr_sampent_full_change_precond;eeg_tright_halpha_mean_full_change_precond;eeg_pleft_halpha_mean_full_change_precond;gsr_skin_conductance_eda_pkrate_nk_full_change_precond;hr_heartrate_bpm_med_abs_full_change_precond;eeg_fm_sampent_full_change_precond;eeg_pleft_lbeta_mean_full_change_precond;eeg_c_sampent_full_change_precond"
2025-11-26 18:03:20.214917,7,"stress_label",20,2,0.1,0.532051282051282,0.583333333333333,NA,20,"top20","eeg_tleft_sampent_full_change_precond;eeg_c_theta_mean_full_change_precond;eeg_tleft_halpha_mean_full_change_precond;pupil_dilation_sd_full_change_precond;hrv_rmssd_full_change_precond;eeg_tleft_lalpha_mean_full_change_precond;eeg_fl_hbeta_mean_full_change_precond;eeg_t_sampent_full_change_precond;gsr_skin_conductance_eda_tonic_mean_nk_full_change_precond;eeg_pright_sampent_full_change_precond;eeg_c_specent_full_change_precond;eeg_fm_theta_mean_full_change_precond;eeg_fr_sampent_full_change_precond;eeg_tright_halpha_mean_full_change_precond;eeg_pleft_halpha_mean_full_change_precond;gsr_skin_conductance_eda_pkrate_nk_full_change_precond;hr_heartrate_bpm_med_abs_full_change_precond;eeg_fm_sampent_full_change_precond;eeg_pleft_lbeta_mean_full_change_precond;eeg_c_sampent_full_change_precond"
2025-11-26 18:03:21.347629,7,"stress_label",20,4,0.1,0.532051282051282,0.57051282051282,NA,20,"top20","eeg_tleft_sampent_full_change_precond;eeg_c_theta_mean_full_change_precond;eeg_tleft_halpha_mean_full_change_precond;pupil_dilation_sd_full_change_precond;hrv_rmssd_full_change_precond;eeg_tleft_lalpha_mean_full_change_precond;eeg_fl_hbeta_mean_full_change_precond;eeg_t_sampent_full_change_precond;gsr_skin_conductance_eda_tonic_mean_nk_full_change_precond;eeg_pright_sampent_full_change_precond;eeg_c_specent_full_change_precond;eeg_fm_theta_mean_full_change_precond;eeg_fr_sampent_full_change_precond;eeg_tright_halpha_mean_full_change_precond;eeg_pleft_halpha_mean_full_change_precond;gsr_skin_conductance_eda_pkrate_nk_full_change_precond;hr_heartrate_bpm_med_abs_full_change_precond;eeg_fm_sampent_full_change_precond;eeg_pleft_lbeta_mean_full_change_precond;eeg_c_sampent_full_change_precond"
2025-11-26 18:03:22.456622,7,"stress_label",20,8,0.1,0.525641025641026,0.532051282051282,NA,20,"top20","eeg_tleft_sampent_full_change_precond;eeg_c_theta_mean_full_change_precond;eeg_tleft_halpha_mean_full_change_precond;pupil_dilation_sd_full_change_precond;hrv_rmssd_full_change_precond;eeg_tleft_lalpha_mean_full_change_precond;eeg_fl_hbeta_mean_full_change_precond;eeg_t_sampent_full_change_precond;gsr_skin_conductance_eda_tonic_mean_nk_full_change_precond;eeg_pright_sampent_full_change_precond;eeg_c_specent_full_change_precond;eeg_fm_theta_mean_full_change_precond;eeg_fr_sampent_full_change_precond;eeg_tright_halpha_mean_full_change_precond;eeg_pleft_halpha_mean_full_change_precond;gsr_skin_conductance_eda_pkrate_nk_full_change_precond;hr_heartrate_bpm_med_abs_full_change_precond;eeg_fm_sampent_full_change_precond;eeg_pleft_lbeta_mean_full_change_precond;eeg_c_sampent_full_change_precond"
2025-11-26 18:03:23.586468,7,"stress_label",20,16,0.1,0.525641025641026,0.557692307692308,NA,20,"top20","eeg_tleft_sampent_full_change_precond;eeg_c_theta_mean_full_change_precond;eeg_tleft_halpha_mean_full_change_precond;pupil_dilation_sd_full_change_precond;hrv_rmssd_full_change_precond;eeg_tleft_lalpha_mean_full_change_precond;eeg_fl_hbeta_mean_full_change_precond;eeg_t_sampent_full_change_precond;gsr_skin_conductance_eda_tonic_mean_nk_full_change_precond;eeg_pright_sampent_full_change_precond;eeg_c_specent_full_change_precond;eeg_fm_theta_mean_full_change_precond;eeg_fr_sampent_full_change_precond;eeg_tright_halpha_mean_full_change_precond;eeg_pleft_halpha_mean_full_change_precond;gsr_skin_conductance_eda_pkrate_nk_full_change_precond;hr_heartrate_bpm_med_abs_full_change_precond;eeg_fm_sampent_full_change_precond;eeg_pleft_lbeta_mean_full_change_precond;eeg_c_sampent_full_change_precond"
2025-11-26 18:03:24.717786,7,"stress_label",20,32,0.1,0.525641025641026,0.557692307692308,NA,20,"top20","eeg_tleft_sampent_full_change_precond;eeg_c_theta_mean_full_change_precond;eeg_tleft_halpha_mean_full_change_precond;pupil_dilation_sd_full_change_precond;hrv_rmssd_full_change_precond;eeg_tleft_lalpha_mean_full_change_precond;eeg_fl_hbeta_mean_full_change_precond;eeg_t_sampent_full_change_precond;gsr_skin_conductance_eda_tonic_mean_nk_full_change_precond;eeg_pright_sampent_full_change_precond;eeg_c_specent_full_change_precond;eeg_fm_theta_mean_full_change_precond;eeg_fr_sampent_full_change_precond;eeg_tright_halpha_mean_full_change_precond;eeg_pleft_halpha_mean_full_change_precond;gsr_skin_conductance_eda_pkrate_nk_full_change_precond;hr_heartrate_bpm_med_abs_full_change_precond;eeg_fm_sampent_full_change_precond;eeg_pleft_lbeta_mean_full_change_precond;eeg_c_sampent_full_change_precond"
2025-11-26 18:03:25.863283,7,"stress_label",20,64,0.1,0.525641025641026,0.557692307692308,NA,20,"top20","eeg_tleft_sampent_full_change_precond;eeg_c_theta_mean_full_change_precond;eeg_tleft_halpha_mean_full_change_precond;pupil_dilation_sd_full_change_precond;hrv_rmssd_full_change_precond;eeg_tleft_lalpha_mean_full_change_precond;eeg_fl_hbeta_mean_full_change_precond;eeg_t_sampent_full_change_precond;gsr_skin_conductance_eda_tonic_mean_nk_full_change_precond;eeg_pright_sampent_full_change_precond;eeg_c_specent_full_change_precond;eeg_fm_theta_mean_full_change_precond;eeg_fr_sampent_full_change_precond;eeg_tright_halpha_mean_full_change_precond;eeg_pleft_halpha_mean_full_change_precond;gsr_skin_conductance_eda_pkrate_nk_full_change_precond;hr_heartrate_bpm_med_abs_full_change_precond;eeg_fm_sampent_full_change_precond;eeg_pleft_lbeta_mean_full_change_precond;eeg_c_sampent_full_change_precond"
2025-11-26 18:03:26.866698,7,"stress_label",20,128,0.1,0.525641025641026,0.532051282051282,NA,20,"top20","eeg_tleft_sampent_full_change_precond;eeg_c_theta_mean_full_change_precond;eeg_tleft_halpha_mean_full_change_precond;pupil_dilation_sd_full_change_precond;hrv_rmssd_full_change_precond;eeg_tleft_lalpha_mean_full_change_precond;eeg_fl_hbeta_mean_full_change_precond;eeg_t_sampent_full_change_precond;gsr_skin_conductance_eda_tonic_mean_nk_full_change_precond;eeg_pright_sampent_full_change_precond;eeg_c_specent_full_change_precond;eeg_fm_theta_mean_full_change_precond;eeg_fr_sampent_full_change_precond;eeg_tright_halpha_mean_full_change_precond;eeg_pleft_halpha_mean_full_change_precond;gsr_skin_conductance_eda_pkrate_nk_full_change_precond;hr_heartrate_bpm_med_abs_full_change_precond;eeg_fm_sampent_full_change_precond;eeg_pleft_lbeta_mean_full_change_precond;eeg_c_sampent_full_change_precond"
2025-11-26 18:03:27.862188,7,"stress_label",20,256,0.1,0.525641025641026,0.557692307692308,NA,20,"top20","eeg_tleft_sampent_full_change_precond;eeg_c_theta_mean_full_change_precond;eeg_tleft_halpha_mean_full_change_precond;pupil_dilation_sd_full_change_precond;hrv_rmssd_full_change_precond;eeg_tleft_lalpha_mean_full_change_precond;eeg_fl_hbeta_mean_full_change_precond;eeg_t_sampent_full_change_precond;gsr_skin_conductance_eda_tonic_mean_nk_full_change_precond;eeg_pright_sampent_full_change_precond;eeg_c_specent_full_change_precond;eeg_fm_theta_mean_full_change_precond;eeg_fr_sampent_full_change_precond;eeg_tright_halpha_mean_full_change_precond;eeg_pleft_halpha_mean_full_change_precond;gsr_skin_conductance_eda_pkrate_nk_full_change_precond;hr_heartrate_bpm_med_abs_full_change_precond;eeg_fm_sampent_full_change_precond;eeg_pleft_lbeta_mean_full_change_precond;eeg_c_sampent_full_change_precond"
2025-11-26 18:03:28.741397,7,"stress_label",10,2,0.0078125,0.602564102564103,0.628205128205128,0.573504273504273,10,"top10","eeg_tleft_sampent_full_change_precond;eeg_c_theta_mean_full_change_precond;eeg_tleft_halpha_mean_full_change_precond;pupil_dilation_sd_full_change_precond;hrv_rmssd_full_change_precond;eeg_tleft_lalpha_mean_full_change_precond;eeg_fl_hbeta_mean_full_change_precond;eeg_t_sampent_full_change_precond;gsr_skin_conductance_eda_tonic_mean_nk_full_change_precond;eeg_pright_sampent_full_change_precond"
2025-11-26 18:03:29.448653,7,"stress_label",10,4,0.0078125,0.564102564102564,0.58974358974359,0.542735042735043,10,"top10","eeg_tleft_sampent_full_change_precond;eeg_c_theta_mean_full_change_precond;eeg_tleft_halpha_mean_full_change_precond;pupil_dilation_sd_full_change_precond;hrv_rmssd_full_change_precond;eeg_tleft_lalpha_mean_full_change_precond;eeg_fl_hbeta_mean_full_change_precond;eeg_t_sampent_full_change_precond;gsr_skin_conductance_eda_tonic_mean_nk_full_change_precond;eeg_pright_sampent_full_change_precond"
2025-11-26 18:03:30.308226,7,"stress_label",10,8,0.0078125,0.519230769230769,0.57051282051282,0.514529914529914,10,"top10","eeg_tleft_sampent_full_change_precond;eeg_c_theta_mean_full_change_precond;eeg_tleft_halpha_mean_full_change_precond;pupil_dilation_sd_full_change_precond;hrv_rmssd_full_change_precond;eeg_tleft_lalpha_mean_full_change_precond;eeg_fl_hbeta_mean_full_change_precond;eeg_t_sampent_full_change_precond;gsr_skin_conductance_eda_tonic_mean_nk_full_change_precond;eeg_pright_sampent_full_change_precond"
2025-11-26 18:03:31.164943,7,"stress_label",10,16,0.0078125,0.538461538461538,0.583333333333333,0.534188034188034,10,"top10","eeg_tleft_sampent_full_change_precond;eeg_c_theta_mean_full_change_precond;eeg_tleft_halpha_mean_full_change_precond;pupil_dilation_sd_full_change_precond;hrv_rmssd_full_change_precond;eeg_tleft_lalpha_mean_full_change_precond;eeg_fl_hbeta_mean_full_change_precond;eeg_t_sampent_full_change_precond;gsr_skin_conductance_eda_tonic_mean_nk_full_change_precond;eeg_pright_sampent_full_change_precond"
2025-11-26 18:03:31.982366,7,"stress_label",10,32,0.0078125,0.544871794871795,0.583333333333333,0.546153846153846,10,"top10","eeg_tleft_sampent_full_change_precond;eeg_c_theta_mean_full_change_precond;eeg_tleft_halpha_mean_full_change_precond;pupil_dilation_sd_full_change_precond;hrv_rmssd_full_change_precond;eeg_tleft_lalpha_mean_full_change_precond;eeg_fl_hbeta_mean_full_change_precond;eeg_t_sampent_full_change_precond;gsr_skin_conductance_eda_tonic_mean_nk_full_change_precond;eeg_pright_sampent_full_change_precond"
2025-11-26 18:03:32.85389,7,"stress_label",10,64,0.0078125,0.615384615384615,0.608974358974359,0.598290598290598,10,"top10","eeg_tleft_sampent_full_change_precond;eeg_c_theta_mean_full_change_precond;eeg_tleft_halpha_mean_full_change_precond;pupil_dilation_sd_full_change_precond;hrv_rmssd_full_change_precond;eeg_tleft_lalpha_mean_full_change_precond;eeg_fl_hbeta_mean_full_change_precond;eeg_t_sampent_full_change_precond;gsr_skin_conductance_eda_tonic_mean_nk_full_change_precond;eeg_pright_sampent_full_change_precond"
2025-11-26 18:03:33.634672,7,"stress_label",10,128,0.0078125,0.602564102564103,0.57051282051282,0.583760683760684,10,"top10","eeg_tleft_sampent_full_change_precond;eeg_c_theta_mean_full_change_precond;eeg_tleft_halpha_mean_full_change_precond;pupil_dilation_sd_full_change_precond;hrv_rmssd_full_change_precond;eeg_tleft_lalpha_mean_full_change_precond;eeg_fl_hbeta_mean_full_change_precond;eeg_t_sampent_full_change_precond;gsr_skin_conductance_eda_tonic_mean_nk_full_change_precond;eeg_pright_sampent_full_change_precond"
2025-11-26 18:03:34.463172,7,"stress_label",10,256,0.0078125,0.583333333333333,0.551282051282051,0.558119658119658,10,"top10","eeg_tleft_sampent_full_change_precond;eeg_c_theta_mean_full_change_precond;eeg_tleft_halpha_mean_full_change_precond;pupil_dilation_sd_full_change_precond;hrv_rmssd_full_change_precond;eeg_tleft_lalpha_mean_full_change_precond;eeg_fl_hbeta_mean_full_change_precond;eeg_t_sampent_full_change_precond;gsr_skin_conductance_eda_tonic_mean_nk_full_change_precond;eeg_pright_sampent_full_change_precond"
2025-11-26 18:03:35.304713,7,"stress_label",10,2,0.015625,0.557692307692308,0.58974358974359,0.541025641025641,10,"top10","eeg_tleft_sampent_full_change_precond;eeg_c_theta_mean_full_change_precond;eeg_tleft_halpha_mean_full_change_precond;pupil_dilation_sd_full_change_precond;hrv_rmssd_full_change_precond;eeg_tleft_lalpha_mean_full_change_precond;eeg_fl_hbeta_mean_full_change_precond;eeg_t_sampent_full_change_precond;gsr_skin_conductance_eda_tonic_mean_nk_full_change_precond;eeg_pright_sampent_full_change_precond"
2025-11-26 18:03:36.136887,7,"stress_label",10,4,0.015625,0.519230769230769,0.57051282051282,0.518803418803419,10,"top10","eeg_tleft_sampent_full_change_precond;eeg_c_theta_mean_full_change_precond;eeg_tleft_halpha_mean_full_change_precond;pupil_dilation_sd_full_change_precond;hrv_rmssd_full_change_precond;eeg_tleft_lalpha_mean_full_change_precond;eeg_fl_hbeta_mean_full_change_precond;eeg_t_sampent_full_change_precond;gsr_skin_conductance_eda_tonic_mean_nk_full_change_precond;eeg_pright_sampent_full_change_precond"
2025-11-26 18:03:36.98033,7,"stress_label",10,8,0.015625,0.564102564102564,0.57051282051282,0.558974358974359,10,"top10","eeg_tleft_sampent_full_change_precond;eeg_c_theta_mean_full_change_precond;eeg_tleft_halpha_mean_full_change_precond;pupil_dilation_sd_full_change_precond;hrv_rmssd_full_change_precond;eeg_tleft_lalpha_mean_full_change_precond;eeg_fl_hbeta_mean_full_change_precond;eeg_t_sampent_full_change_precond;gsr_skin_conductance_eda_tonic_mean_nk_full_change_precond;eeg_pright_sampent_full_change_precond"
2025-11-26 18:03:37.807904,7,"stress_label",10,16,0.015625,0.58974358974359,0.621794871794872,0.582905982905983,10,"top10","eeg_tleft_sampent_full_change_precond;eeg_c_theta_mean_full_change_precond;eeg_tleft_halpha_mean_full_change_precond;pupil_dilation_sd_full_change_precond;hrv_rmssd_full_change_precond;eeg_tleft_lalpha_mean_full_change_precond;eeg_fl_hbeta_mean_full_change_precond;eeg_t_sampent_full_change_precond;gsr_skin_conductance_eda_tonic_mean_nk_full_change_precond;eeg_pright_sampent_full_change_precond"
2025-11-26 18:03:38.703208,7,"stress_label",10,32,0.015625,0.596153846153846,0.57051282051282,0.58974358974359,10,"top10","eeg_tleft_sampent_full_change_precond;eeg_c_theta_mean_full_change_precond;eeg_tleft_halpha_mean_full_change_precond;pupil_dilation_sd_full_change_precond;hrv_rmssd_full_change_precond;eeg_tleft_lalpha_mean_full_change_precond;eeg_fl_hbeta_mean_full_change_precond;eeg_t_sampent_full_change_precond;gsr_skin_conductance_eda_tonic_mean_nk_full_change_precond;eeg_pright_sampent_full_change_precond"
2025-11-26 18:03:39.629428,7,"stress_label",10,64,0.015625,0.602564102564103,0.576923076923077,0.578632478632479,10,"top10","eeg_tleft_sampent_full_change_precond;eeg_c_theta_mean_full_change_precond;eeg_tleft_halpha_mean_full_change_precond;pupil_dilation_sd_full_change_precond;hrv_rmssd_full_change_precond;eeg_tleft_lalpha_mean_full_change_precond;eeg_fl_hbeta_mean_full_change_precond;eeg_t_sampent_full_change_precond;gsr_skin_conductance_eda_tonic_mean_nk_full_change_precond;eeg_pright_sampent_full_change_precond"
2025-11-26 18:03:40.699461,7,"stress_label",10,128,0.015625,0.58974358974359,0.576923076923077,0.566666666666667,10,"top10","eeg_tleft_sampent_full_change_precond;eeg_c_theta_mean_full_change_precond;eeg_tleft_halpha_mean_full_change_precond;pupil_dilation_sd_full_change_precond;hrv_rmssd_full_change_precond;eeg_tleft_lalpha_mean_full_change_precond;eeg_fl_hbeta_mean_full_change_precond;eeg_t_sampent_full_change_precond;gsr_skin_conductance_eda_tonic_mean_nk_full_change_precond;eeg_pright_sampent_full_change_precond"
2025-11-26 18:03:42.011241,7,"stress_label",10,256,0.015625,0.602564102564103,0.621794871794872,NA,10,"top10","eeg_tleft_sampent_full_change_precond;eeg_c_theta_mean_full_change_precond;eeg_tleft_halpha_mean_full_change_precond;pupil_dilation_sd_full_change_precond;hrv_rmssd_full_change_precond;eeg_tleft_lalpha_mean_full_change_precond;eeg_fl_hbeta_mean_full_change_precond;eeg_t_sampent_full_change_precond;gsr_skin_conductance_eda_tonic_mean_nk_full_change_precond;eeg_pright_sampent_full_change_precond"
2025-11-26 18:03:42.879464,7,"stress_label",10,2,0.03125,0.551282051282051,0.58974358974359,0.538461538461538,10,"top10","eeg_tleft_sampent_full_change_precond;eeg_c_theta_mean_full_change_precond;eeg_tleft_halpha_mean_full_change_precond;pupil_dilation_sd_full_change_precond;hrv_rmssd_full_change_precond;eeg_tleft_lalpha_mean_full_change_precond;eeg_fl_hbeta_mean_full_change_precond;eeg_t_sampent_full_change_precond;gsr_skin_conductance_eda_tonic_mean_nk_full_change_precond;eeg_pright_sampent_full_change_precond"
2025-11-26 18:03:43.727136,7,"stress_label",10,4,0.03125,0.596153846153846,0.596153846153846,0.57948717948718,10,"top10","eeg_tleft_sampent_full_change_precond;eeg_c_theta_mean_full_change_precond;eeg_tleft_halpha_mean_full_change_precond;pupil_dilation_sd_full_change_precond;hrv_rmssd_full_change_precond;eeg_tleft_lalpha_mean_full_change_precond;eeg_fl_hbeta_mean_full_change_precond;eeg_t_sampent_full_change_precond;gsr_skin_conductance_eda_tonic_mean_nk_full_change_precond;eeg_pright_sampent_full_change_precond"
2025-11-26 18:03:44.53799,7,"stress_label",10,8,0.03125,0.608974358974359,0.596153846153846,0.595726495726496,10,"top10","eeg_tleft_sampent_full_change_precond;eeg_c_theta_mean_full_change_precond;eeg_tleft_halpha_mean_full_change_precond;pupil_dilation_sd_full_change_precond;hrv_rmssd_full_change_precond;eeg_tleft_lalpha_mean_full_change_precond;eeg_fl_hbeta_mean_full_change_precond;eeg_t_sampent_full_change_precond;gsr_skin_conductance_eda_tonic_mean_nk_full_change_precond;eeg_pright_sampent_full_change_precond"
2025-11-26 18:03:45.301849,7,"stress_label",10,16,0.03125,0.576923076923077,0.57051282051282,0.55042735042735,10,"top10","eeg_tleft_sampent_full_change_precond;eeg_c_theta_mean_full_change_precond;eeg_tleft_halpha_mean_full_change_precond;pupil_dilation_sd_full_change_precond;hrv_rmssd_full_change_precond;eeg_tleft_lalpha_mean_full_change_precond;eeg_fl_hbeta_mean_full_change_precond;eeg_t_sampent_full_change_precond;gsr_skin_conductance_eda_tonic_mean_nk_full_change_precond;eeg_pright_sampent_full_change_precond"
2025-11-26 18:03:46.237459,7,"stress_label",10,32,0.03125,0.576923076923077,0.564102564102564,0.556410256410256,10,"top10","eeg_tleft_sampent_full_change_precond;eeg_c_theta_mean_full_change_precond;eeg_tleft_halpha_mean_full_change_precond;pupil_dilation_sd_full_change_precond;hrv_rmssd_full_change_precond;eeg_tleft_lalpha_mean_full_change_precond;eeg_fl_hbeta_mean_full_change_precond;eeg_t_sampent_full_change_precond;gsr_skin_conductance_eda_tonic_mean_nk_full_change_precond;eeg_pright_sampent_full_change_precond"
2025-11-26 18:03:47.278723,7,"stress_label",10,64,0.03125,0.596153846153846,0.615384615384615,0.57948717948718,10,"top10","eeg_tleft_sampent_full_change_precond;eeg_c_theta_mean_full_change_precond;eeg_tleft_halpha_mean_full_change_precond;pupil_dilation_sd_full_change_precond;hrv_rmssd_full_change_precond;eeg_tleft_lalpha_mean_full_change_precond;eeg_fl_hbeta_mean_full_change_precond;eeg_t_sampent_full_change_precond;gsr_skin_conductance_eda_tonic_mean_nk_full_change_precond;eeg_pright_sampent_full_change_precond"
2025-11-26 18:03:48.4484,7,"stress_label",10,128,0.03125,0.621794871794872,0.628205128205128,0.602564102564103,10,"top10","eeg_tleft_sampent_full_change_precond;eeg_c_theta_mean_full_change_precond;eeg_tleft_halpha_mean_full_change_precond;pupil_dilation_sd_full_change_precond;hrv_rmssd_full_change_precond;eeg_tleft_lalpha_mean_full_change_precond;eeg_fl_hbeta_mean_full_change_precond;eeg_t_sampent_full_change_precond;gsr_skin_conductance_eda_tonic_mean_nk_full_change_precond;eeg_pright_sampent_full_change_precond"
2025-11-26 18:03:49.667822,7,"stress_label",10,256,0.03125,0.596153846153846,0.608974358974359,NA,10,"top10","eeg_tleft_sampent_full_change_precond;eeg_c_theta_mean_full_change_precond;eeg_tleft_halpha_mean_full_change_precond;pupil_dilation_sd_full_change_precond;hrv_rmssd_full_change_precond;eeg_tleft_lalpha_mean_full_change_precond;eeg_fl_hbeta_mean_full_change_precond;eeg_t_sampent_full_change_precond;gsr_skin_conductance_eda_tonic_mean_nk_full_change_precond;eeg_pright_sampent_full_change_precond"
2025-11-26 18:03:50.461898,7,"stress_label",10,2,0.0625,0.596153846153846,0.641025641025641,0.573504273504273,10,"top10","eeg_tleft_sampent_full_change_precond;eeg_c_theta_mean_full_change_precond;eeg_tleft_halpha_mean_full_change_precond;pupil_dilation_sd_full_change_precond;hrv_rmssd_full_change_precond;eeg_tleft_lalpha_mean_full_change_precond;eeg_fl_hbeta_mean_full_change_precond;eeg_t_sampent_full_change_precond;gsr_skin_conductance_eda_tonic_mean_nk_full_change_precond;eeg_pright_sampent_full_change_precond"
2025-11-26 18:03:51.338203,7,"stress_label",10,4,0.0625,0.602564102564103,0.57051282051282,0.583760683760684,10,"top10","eeg_tleft_sampent_full_change_precond;eeg_c_theta_mean_full_change_precond;eeg_tleft_halpha_mean_full_change_precond;pupil_dilation_sd_full_change_precond;hrv_rmssd_full_change_precond;eeg_tleft_lalpha_mean_full_change_precond;eeg_fl_hbeta_mean_full_change_precond;eeg_t_sampent_full_change_precond;gsr_skin_conductance_eda_tonic_mean_nk_full_change_precond;eeg_pright_sampent_full_change_precond"
2025-11-26 18:03:52.230431,7,"stress_label",10,8,0.0625,0.602564102564103,0.583333333333333,0.595726495726496,10,"top10","eeg_tleft_sampent_full_change_precond;eeg_c_theta_mean_full_change_precond;eeg_tleft_halpha_mean_full_change_precond;pupil_dilation_sd_full_change_precond;hrv_rmssd_full_change_precond;eeg_tleft_lalpha_mean_full_change_precond;eeg_fl_hbeta_mean_full_change_precond;eeg_t_sampent_full_change_precond;gsr_skin_conductance_eda_tonic_mean_nk_full_change_precond;eeg_pright_sampent_full_change_precond"
2025-11-26 18:03:53.168201,7,"stress_label",10,16,0.0625,0.621794871794872,0.634615384615385,NA,10,"top10","eeg_tleft_sampent_full_change_precond;eeg_c_theta_mean_full_change_precond;eeg_tleft_halpha_mean_full_change_precond;pupil_dilation_sd_full_change_precond;hrv_rmssd_full_change_precond;eeg_tleft_lalpha_mean_full_change_precond;eeg_fl_hbeta_mean_full_change_precond;eeg_t_sampent_full_change_precond;gsr_skin_conductance_eda_tonic_mean_nk_full_change_precond;eeg_pright_sampent_full_change_precond"
2025-11-26 18:03:54.130321,7,"stress_label",10,32,0.0625,0.641025641025641,0.641025641025641,NA,10,"top10","eeg_tleft_sampent_full_change_precond;eeg_c_theta_mean_full_change_precond;eeg_tleft_halpha_mean_full_change_precond;pupil_dilation_sd_full_change_precond;hrv_rmssd_full_change_precond;eeg_tleft_lalpha_mean_full_change_precond;eeg_fl_hbeta_mean_full_change_precond;eeg_t_sampent_full_change_precond;gsr_skin_conductance_eda_tonic_mean_nk_full_change_precond;eeg_pright_sampent_full_change_precond"
2025-11-26 18:03:55.082193,7,"stress_label",10,64,0.0625,0.608974358974359,0.608974358974359,NA,10,"top10","eeg_tleft_sampent_full_change_precond;eeg_c_theta_mean_full_change_precond;eeg_tleft_halpha_mean_full_change_precond;pupil_dilation_sd_full_change_precond;hrv_rmssd_full_change_precond;eeg_tleft_lalpha_mean_full_change_precond;eeg_fl_hbeta_mean_full_change_precond;eeg_t_sampent_full_change_precond;gsr_skin_conductance_eda_tonic_mean_nk_full_change_precond;eeg_pright_sampent_full_change_precond"
2025-11-26 18:03:56.199433,7,"stress_label",10,128,0.0625,0.608974358974359,0.615384615384615,NA,10,"top10","eeg_tleft_sampent_full_change_precond;eeg_c_theta_mean_full_change_precond;eeg_tleft_halpha_mean_full_change_precond;pupil_dilation_sd_full_change_precond;hrv_rmssd_full_change_precond;eeg_tleft_lalpha_mean_full_change_precond;eeg_fl_hbeta_mean_full_change_precond;eeg_t_sampent_full_change_precond;gsr_skin_conductance_eda_tonic_mean_nk_full_change_precond;eeg_pright_sampent_full_change_precond"
2025-11-26 18:03:57.27855,7,"stress_label",10,256,0.0625,0.583333333333333,0.621794871794872,NA,10,"top10","eeg_tleft_sampent_full_change_precond;eeg_c_theta_mean_full_change_precond;eeg_tleft_halpha_mean_full_change_precond;pupil_dilation_sd_full_change_precond;hrv_rmssd_full_change_precond;eeg_tleft_lalpha_mean_full_change_precond;eeg_fl_hbeta_mean_full_change_precond;eeg_t_sampent_full_change_precond;gsr_skin_conductance_eda_tonic_mean_nk_full_change_precond;eeg_pright_sampent_full_change_precond"
2025-11-26 18:03:58.050877,7,"stress_label",10,2,0.125,0.608974358974359,0.628205128205128,0.607692307692308,10,"top10","eeg_tleft_sampent_full_change_precond;eeg_c_theta_mean_full_change_precond;eeg_tleft_halpha_mean_full_change_precond;pupil_dilation_sd_full_change_precond;hrv_rmssd_full_change_precond;eeg_tleft_lalpha_mean_full_change_precond;eeg_fl_hbeta_mean_full_change_precond;eeg_t_sampent_full_change_precond;gsr_skin_conductance_eda_tonic_mean_nk_full_change_precond;eeg_pright_sampent_full_change_precond"
2025-11-26 18:03:58.901968,7,"stress_label",10,4,0.125,0.621794871794872,0.653846153846154,NA,10,"top10","eeg_tleft_sampent_full_change_precond;eeg_c_theta_mean_full_change_precond;eeg_tleft_halpha_mean_full_change_precond;pupil_dilation_sd_full_change_precond;hrv_rmssd_full_change_precond;eeg_tleft_lalpha_mean_full_change_precond;eeg_fl_hbeta_mean_full_change_precond;eeg_t_sampent_full_change_precond;gsr_skin_conductance_eda_tonic_mean_nk_full_change_precond;eeg_pright_sampent_full_change_precond"
2025-11-26 18:03:59.747236,7,"stress_label",10,8,0.125,0.641025641025641,0.673076923076923,NA,10,"top10","eeg_tleft_sampent_full_change_precond;eeg_c_theta_mean_full_change_precond;eeg_tleft_halpha_mean_full_change_precond;pupil_dilation_sd_full_change_precond;hrv_rmssd_full_change_precond;eeg_tleft_lalpha_mean_full_change_precond;eeg_fl_hbeta_mean_full_change_precond;eeg_t_sampent_full_change_precond;gsr_skin_conductance_eda_tonic_mean_nk_full_change_precond;eeg_pright_sampent_full_change_precond"
2025-11-26 18:04:00.731826,7,"stress_label",10,16,0.125,0.653846153846154,0.634615384615385,NA,10,"top10","eeg_tleft_sampent_full_change_precond;eeg_c_theta_mean_full_change_precond;eeg_tleft_halpha_mean_full_change_precond;pupil_dilation_sd_full_change_precond;hrv_rmssd_full_change_precond;eeg_tleft_lalpha_mean_full_change_precond;eeg_fl_hbeta_mean_full_change_precond;eeg_t_sampent_full_change_precond;gsr_skin_conductance_eda_tonic_mean_nk_full_change_precond;eeg_pright_sampent_full_change_precond"
2025-11-26 18:04:01.724805,7,"stress_label",10,32,0.125,0.647435897435897,0.653846153846154,NA,10,"top10","eeg_tleft_sampent_full_change_precond;eeg_c_theta_mean_full_change_precond;eeg_tleft_halpha_mean_full_change_precond;pupil_dilation_sd_full_change_precond;hrv_rmssd_full_change_precond;eeg_tleft_lalpha_mean_full_change_precond;eeg_fl_hbeta_mean_full_change_precond;eeg_t_sampent_full_change_precond;gsr_skin_conductance_eda_tonic_mean_nk_full_change_precond;eeg_pright_sampent_full_change_precond"
2025-11-26 18:04:02.773853,7,"stress_label",10,64,0.125,0.647435897435897,0.653846153846154,NA,10,"top10","eeg_tleft_sampent_full_change_precond;eeg_c_theta_mean_full_change_precond;eeg_tleft_halpha_mean_full_change_precond;pupil_dilation_sd_full_change_precond;hrv_rmssd_full_change_precond;eeg_tleft_lalpha_mean_full_change_precond;eeg_fl_hbeta_mean_full_change_precond;eeg_t_sampent_full_change_precond;gsr_skin_conductance_eda_tonic_mean_nk_full_change_precond;eeg_pright_sampent_full_change_precond"
2025-11-26 18:04:03.673074,7,"stress_label",10,128,0.125,0.647435897435897,0.653846153846154,NA,10,"top10","eeg_tleft_sampent_full_change_precond;eeg_c_theta_mean_full_change_precond;eeg_tleft_halpha_mean_full_change_precond;pupil_dilation_sd_full_change_precond;hrv_rmssd_full_change_precond;eeg_tleft_lalpha_mean_full_change_precond;eeg_fl_hbeta_mean_full_change_precond;eeg_t_sampent_full_change_precond;gsr_skin_conductance_eda_tonic_mean_nk_full_change_precond;eeg_pright_sampent_full_change_precond"
2025-11-26 18:04:04.671538,7,"stress_label",10,256,0.125,0.647435897435897,0.653846153846154,NA,10,"top10","eeg_tleft_sampent_full_change_precond;eeg_c_theta_mean_full_change_precond;eeg_tleft_halpha_mean_full_change_precond;pupil_dilation_sd_full_change_precond;hrv_rmssd_full_change_precond;eeg_tleft_lalpha_mean_full_change_precond;eeg_fl_hbeta_mean_full_change_precond;eeg_t_sampent_full_change_precond;gsr_skin_conductance_eda_tonic_mean_nk_full_change_precond;eeg_pright_sampent_full_change_precond"
2025-11-26 18:04:05.528975,7,"stress_label",10,2,0.03,0.544871794871795,0.58974358974359,0.534188034188034,10,"top10","eeg_tleft_sampent_full_change_precond;eeg_c_theta_mean_full_change_precond;eeg_tleft_halpha_mean_full_change_precond;pupil_dilation_sd_full_change_precond;hrv_rmssd_full_change_precond;eeg_tleft_lalpha_mean_full_change_precond;eeg_fl_hbeta_mean_full_change_precond;eeg_t_sampent_full_change_precond;gsr_skin_conductance_eda_tonic_mean_nk_full_change_precond;eeg_pright_sampent_full_change_precond"
2025-11-26 18:04:06.387944,7,"stress_label",10,4,0.03,0.58974358974359,0.58974358974359,0.57948717948718,10,"top10","eeg_tleft_sampent_full_change_precond;eeg_c_theta_mean_full_change_precond;eeg_tleft_halpha_mean_full_change_precond;pupil_dilation_sd_full_change_precond;hrv_rmssd_full_change_precond;eeg_tleft_lalpha_mean_full_change_precond;eeg_fl_hbeta_mean_full_change_precond;eeg_t_sampent_full_change_precond;gsr_skin_conductance_eda_tonic_mean_nk_full_change_precond;eeg_pright_sampent_full_change_precond"
2025-11-26 18:04:07.06431,7,"stress_label",10,8,0.03,0.608974358974359,0.602564102564103,0.595726495726496,10,"top10","eeg_tleft_sampent_full_change_precond;eeg_c_theta_mean_full_change_precond;eeg_tleft_halpha_mean_full_change_precond;pupil_dilation_sd_full_change_precond;hrv_rmssd_full_change_precond;eeg_tleft_lalpha_mean_full_change_precond;eeg_fl_hbeta_mean_full_change_precond;eeg_t_sampent_full_change_precond;gsr_skin_conductance_eda_tonic_mean_nk_full_change_precond;eeg_pright_sampent_full_change_precond"
2025-11-26 18:04:07.671463,7,"stress_label",10,16,0.03,0.583333333333333,0.564102564102564,0.563247863247863,10,"top10","eeg_tleft_sampent_full_change_precond;eeg_c_theta_mean_full_change_precond;eeg_tleft_halpha_mean_full_change_precond;pupil_dilation_sd_full_change_precond;hrv_rmssd_full_change_precond;eeg_tleft_lalpha_mean_full_change_precond;eeg_fl_hbeta_mean_full_change_precond;eeg_t_sampent_full_change_precond;gsr_skin_conductance_eda_tonic_mean_nk_full_change_precond;eeg_pright_sampent_full_change_precond"
2025-11-26 18:04:08.748656,7,"stress_label",10,32,0.03,0.576923076923077,0.564102564102564,0.551282051282051,10,"top10","eeg_tleft_sampent_full_change_precond;eeg_c_theta_mean_full_change_precond;eeg_tleft_halpha_mean_full_change_precond;pupil_dilation_sd_full_change_precond;hrv_rmssd_full_change_precond;eeg_tleft_lalpha_mean_full_change_precond;eeg_fl_hbeta_mean_full_change_precond;eeg_t_sampent_full_change_precond;gsr_skin_conductance_eda_tonic_mean_nk_full_change_precond;eeg_pright_sampent_full_change_precond"
2025-11-26 18:04:09.799495,7,"stress_label",10,64,0.03,0.596153846153846,0.608974358974359,0.584615384615385,10,"top10","eeg_tleft_sampent_full_change_precond;eeg_c_theta_mean_full_change_precond;eeg_tleft_halpha_mean_full_change_precond;pupil_dilation_sd_full_change_precond;hrv_rmssd_full_change_precond;eeg_tleft_lalpha_mean_full_change_precond;eeg_fl_hbeta_mean_full_change_precond;eeg_t_sampent_full_change_precond;gsr_skin_conductance_eda_tonic_mean_nk_full_change_precond;eeg_pright_sampent_full_change_precond"
2025-11-26 18:04:11.003259,7,"stress_label",10,128,0.03,0.634615384615385,0.641025641025641,0.620512820512821,10,"top10","eeg_tleft_sampent_full_change_precond;eeg_c_theta_mean_full_change_precond;eeg_tleft_halpha_mean_full_change_precond;pupil_dilation_sd_full_change_precond;hrv_rmssd_full_change_precond;eeg_tleft_lalpha_mean_full_change_precond;eeg_fl_hbeta_mean_full_change_precond;eeg_t_sampent_full_change_precond;gsr_skin_conductance_eda_tonic_mean_nk_full_change_precond;eeg_pright_sampent_full_change_precond"
2025-11-26 18:04:12.392547,7,"stress_label",10,256,0.03,0.596153846153846,0.602564102564103,NA,10,"top10","eeg_tleft_sampent_full_change_precond;eeg_c_theta_mean_full_change_precond;eeg_tleft_halpha_mean_full_change_precond;pupil_dilation_sd_full_change_precond;hrv_rmssd_full_change_precond;eeg_tleft_lalpha_mean_full_change_precond;eeg_fl_hbeta_mean_full_change_precond;eeg_t_sampent_full_change_precond;gsr_skin_conductance_eda_tonic_mean_nk_full_change_precond;eeg_pright_sampent_full_change_precond"
2025-11-26 18:04:13.216078,7,"stress_label",10,2,0.06,0.596153846153846,0.66025641025641,0.573504273504273,10,"top10","eeg_tleft_sampent_full_change_precond;eeg_c_theta_mean_full_change_precond;eeg_tleft_halpha_mean_full_change_precond;pupil_dilation_sd_full_change_precond;hrv_rmssd_full_change_precond;eeg_tleft_lalpha_mean_full_change_precond;eeg_fl_hbeta_mean_full_change_precond;eeg_t_sampent_full_change_precond;gsr_skin_conductance_eda_tonic_mean_nk_full_change_precond;eeg_pright_sampent_full_change_precond"
2025-11-26 18:04:14.086709,7,"stress_label",10,4,0.06,0.576923076923077,0.564102564102564,0.556410256410256,10,"top10","eeg_tleft_sampent_full_change_precond;eeg_c_theta_mean_full_change_precond;eeg_tleft_halpha_mean_full_change_precond;pupil_dilation_sd_full_change_precond;hrv_rmssd_full_change_precond;eeg_tleft_lalpha_mean_full_change_precond;eeg_fl_hbeta_mean_full_change_precond;eeg_t_sampent_full_change_precond;gsr_skin_conductance_eda_tonic_mean_nk_full_change_precond;eeg_pright_sampent_full_change_precond"
2025-11-26 18:04:14.961846,7,"stress_label",10,8,0.06,0.583333333333333,0.576923076923077,0.568376068376068,10,"top10","eeg_tleft_sampent_full_change_precond;eeg_c_theta_mean_full_change_precond;eeg_tleft_halpha_mean_full_change_precond;pupil_dilation_sd_full_change_precond;hrv_rmssd_full_change_precond;eeg_tleft_lalpha_mean_full_change_precond;eeg_fl_hbeta_mean_full_change_precond;eeg_t_sampent_full_change_precond;gsr_skin_conductance_eda_tonic_mean_nk_full_change_precond;eeg_pright_sampent_full_change_precond"
2025-11-26 18:04:15.934533,7,"stress_label",10,16,0.06,0.602564102564103,0.634615384615385,NA,10,"top10","eeg_tleft_sampent_full_change_precond;eeg_c_theta_mean_full_change_precond;eeg_tleft_halpha_mean_full_change_precond;pupil_dilation_sd_full_change_precond;hrv_rmssd_full_change_precond;eeg_tleft_lalpha_mean_full_change_precond;eeg_fl_hbeta_mean_full_change_precond;eeg_t_sampent_full_change_precond;gsr_skin_conductance_eda_tonic_mean_nk_full_change_precond;eeg_pright_sampent_full_change_precond"
2025-11-26 18:04:16.970693,7,"stress_label",10,32,0.06,0.634615384615385,0.634615384615385,NA,10,"top10","eeg_tleft_sampent_full_change_precond;eeg_c_theta_mean_full_change_precond;eeg_tleft_halpha_mean_full_change_precond;pupil_dilation_sd_full_change_precond;hrv_rmssd_full_change_precond;eeg_tleft_lalpha_mean_full_change_precond;eeg_fl_hbeta_mean_full_change_precond;eeg_t_sampent_full_change_precond;gsr_skin_conductance_eda_tonic_mean_nk_full_change_precond;eeg_pright_sampent_full_change_precond"
2025-11-26 18:04:18.047737,7,"stress_label",10,64,0.06,0.58974358974359,0.615384615384615,NA,10,"top10","eeg_tleft_sampent_full_change_precond;eeg_c_theta_mean_full_change_precond;eeg_tleft_halpha_mean_full_change_precond;pupil_dilation_sd_full_change_precond;hrv_rmssd_full_change_precond;eeg_tleft_lalpha_mean_full_change_precond;eeg_fl_hbeta_mean_full_change_precond;eeg_t_sampent_full_change_precond;gsr_skin_conductance_eda_tonic_mean_nk_full_change_precond;eeg_pright_sampent_full_change_precond"
2025-11-26 18:04:19.041305,7,"stress_label",10,128,0.06,0.615384615384615,0.608974358974359,NA,10,"top10","eeg_tleft_sampent_full_change_precond;eeg_c_theta_mean_full_change_precond;eeg_tleft_halpha_mean_full_change_precond;pupil_dilation_sd_full_change_precond;hrv_rmssd_full_change_precond;eeg_tleft_lalpha_mean_full_change_precond;eeg_fl_hbeta_mean_full_change_precond;eeg_t_sampent_full_change_precond;gsr_skin_conductance_eda_tonic_mean_nk_full_change_precond;eeg_pright_sampent_full_change_precond"
2025-11-26 18:04:20.266878,7,"stress_label",10,256,0.06,0.576923076923077,0.621794871794872,NA,10,"top10","eeg_tleft_sampent_full_change_precond;eeg_c_theta_mean_full_change_precond;eeg_tleft_halpha_mean_full_change_precond;pupil_dilation_sd_full_change_precond;hrv_rmssd_full_change_precond;eeg_tleft_lalpha_mean_full_change_precond;eeg_fl_hbeta_mean_full_change_precond;eeg_t_sampent_full_change_precond;gsr_skin_conductance_eda_tonic_mean_nk_full_change_precond;eeg_pright_sampent_full_change_precond"
2025-11-26 18:04:21.114818,7,"stress_label",10,2,0.1,0.596153846153846,0.608974358974359,0.587179487179487,10,"top10","eeg_tleft_sampent_full_change_precond;eeg_c_theta_mean_full_change_precond;eeg_tleft_halpha_mean_full_change_precond;pupil_dilation_sd_full_change_precond;hrv_rmssd_full_change_precond;eeg_tleft_lalpha_mean_full_change_precond;eeg_fl_hbeta_mean_full_change_precond;eeg_t_sampent_full_change_precond;gsr_skin_conductance_eda_tonic_mean_nk_full_change_precond;eeg_pright_sampent_full_change_precond"
2025-11-26 18:04:21.992738,7,"stress_label",10,4,0.1,0.608974358974359,0.634615384615385,0.605128205128205,10,"top10","eeg_tleft_sampent_full_change_precond;eeg_c_theta_mean_full_change_precond;eeg_tleft_halpha_mean_full_change_precond;pupil_dilation_sd_full_change_precond;hrv_rmssd_full_change_precond;eeg_tleft_lalpha_mean_full_change_precond;eeg_fl_hbeta_mean_full_change_precond;eeg_t_sampent_full_change_precond;gsr_skin_conductance_eda_tonic_mean_nk_full_change_precond;eeg_pright_sampent_full_change_precond"
2025-11-26 18:04:22.948429,7,"stress_label",10,8,0.1,0.628205128205128,0.647435897435897,NA,10,"top10","eeg_tleft_sampent_full_change_precond;eeg_c_theta_mean_full_change_precond;eeg_tleft_halpha_mean_full_change_precond;pupil_dilation_sd_full_change_precond;hrv_rmssd_full_change_precond;eeg_tleft_lalpha_mean_full_change_precond;eeg_fl_hbeta_mean_full_change_precond;eeg_t_sampent_full_change_precond;gsr_skin_conductance_eda_tonic_mean_nk_full_change_precond;eeg_pright_sampent_full_change_precond"
2025-11-26 18:04:23.880961,7,"stress_label",10,16,0.1,0.647435897435897,0.641025641025641,NA,10,"top10","eeg_tleft_sampent_full_change_precond;eeg_c_theta_mean_full_change_precond;eeg_tleft_halpha_mean_full_change_precond;pupil_dilation_sd_full_change_precond;hrv_rmssd_full_change_precond;eeg_tleft_lalpha_mean_full_change_precond;eeg_fl_hbeta_mean_full_change_precond;eeg_t_sampent_full_change_precond;gsr_skin_conductance_eda_tonic_mean_nk_full_change_precond;eeg_pright_sampent_full_change_precond"
2025-11-26 18:04:24.816632,7,"stress_label",10,32,0.1,0.653846153846154,0.641025641025641,NA,10,"top10","eeg_tleft_sampent_full_change_precond;eeg_c_theta_mean_full_change_precond;eeg_tleft_halpha_mean_full_change_precond;pupil_dilation_sd_full_change_precond;hrv_rmssd_full_change_precond;eeg_tleft_lalpha_mean_full_change_precond;eeg_fl_hbeta_mean_full_change_precond;eeg_t_sampent_full_change_precond;gsr_skin_conductance_eda_tonic_mean_nk_full_change_precond;eeg_pright_sampent_full_change_precond"
2025-11-26 18:04:25.848309,7,"stress_label",10,64,0.1,0.641025641025641,0.634615384615385,NA,10,"top10","eeg_tleft_sampent_full_change_precond;eeg_c_theta_mean_full_change_precond;eeg_tleft_halpha_mean_full_change_precond;pupil_dilation_sd_full_change_precond;hrv_rmssd_full_change_precond;eeg_tleft_lalpha_mean_full_change_precond;eeg_fl_hbeta_mean_full_change_precond;eeg_t_sampent_full_change_precond;gsr_skin_conductance_eda_tonic_mean_nk_full_change_precond;eeg_pright_sampent_full_change_precond"
2025-11-26 18:04:26.923451,7,"stress_label",10,128,0.1,0.628205128205128,0.634615384615385,NA,10,"top10","eeg_tleft_sampent_full_change_precond;eeg_c_theta_mean_full_change_precond;eeg_tleft_halpha_mean_full_change_precond;pupil_dilation_sd_full_change_precond;hrv_rmssd_full_change_precond;eeg_tleft_lalpha_mean_full_change_precond;eeg_fl_hbeta_mean_full_change_precond;eeg_t_sampent_full_change_precond;gsr_skin_conductance_eda_tonic_mean_nk_full_change_precond;eeg_pright_sampent_full_change_precond"
2025-11-26 18:04:27.997068,7,"stress_label",10,256,0.1,0.628205128205128,0.634615384615385,NA,10,"top10","eeg_tleft_sampent_full_change_precond;eeg_c_theta_mean_full_change_precond;eeg_tleft_halpha_mean_full_change_precond;pupil_dilation_sd_full_change_precond;hrv_rmssd_full_change_precond;eeg_tleft_lalpha_mean_full_change_precond;eeg_fl_hbeta_mean_full_change_precond;eeg_t_sampent_full_change_precond;gsr_skin_conductance_eda_tonic_mean_nk_full_change_precond;eeg_pright_sampent_full_change_precond"
2025-11-26 18:04:28.766018,7,"stress_label",5,2,0.0078125,0.621794871794872,0.653846153846154,0.642735042735043,5,"top5","eeg_tleft_sampent_full_change_precond;eeg_c_theta_mean_full_change_precond;eeg_tleft_halpha_mean_full_change_precond;pupil_dilation_sd_full_change_precond;hrv_rmssd_full_change_precond"
2025-11-26 18:04:29.483254,7,"stress_label",5,4,0.0078125,0.602564102564103,0.647435897435897,0.613675213675214,5,"top5","eeg_tleft_sampent_full_change_precond;eeg_c_theta_mean_full_change_precond;eeg_tleft_halpha_mean_full_change_precond;pupil_dilation_sd_full_change_precond;hrv_rmssd_full_change_precond"
2025-11-26 18:04:30.124827,7,"stress_label",5,8,0.0078125,0.602564102564103,0.66025641025641,0.609401709401709,5,"top5","eeg_tleft_sampent_full_change_precond;eeg_c_theta_mean_full_change_precond;eeg_tleft_halpha_mean_full_change_precond;pupil_dilation_sd_full_change_precond;hrv_rmssd_full_change_precond"
2025-11-26 18:04:30.865364,7,"stress_label",5,16,0.0078125,0.602564102564103,0.653846153846154,0.606837606837607,5,"top5","eeg_tleft_sampent_full_change_precond;eeg_c_theta_mean_full_change_precond;eeg_tleft_halpha_mean_full_change_precond;pupil_dilation_sd_full_change_precond;hrv_rmssd_full_change_precond"
2025-11-26 18:04:31.630943,7,"stress_label",5,32,0.0078125,0.58974358974359,0.641025641025641,0.58974358974359,5,"top5","eeg_tleft_sampent_full_change_precond;eeg_c_theta_mean_full_change_precond;eeg_tleft_halpha_mean_full_change_precond;pupil_dilation_sd_full_change_precond;hrv_rmssd_full_change_precond"
2025-11-26 18:04:32.357609,7,"stress_label",5,64,0.0078125,0.583333333333333,0.647435897435897,0.585470085470085,5,"top5","eeg_tleft_sampent_full_change_precond;eeg_c_theta_mean_full_change_precond;eeg_tleft_halpha_mean_full_change_precond;pupil_dilation_sd_full_change_precond;hrv_rmssd_full_change_precond"
2025-11-26 18:04:33.145005,7,"stress_label",5,128,0.0078125,0.615384615384615,0.67948717948718,0.620512820512821,5,"top5","eeg_tleft_sampent_full_change_precond;eeg_c_theta_mean_full_change_precond;eeg_tleft_halpha_mean_full_change_precond;pupil_dilation_sd_full_change_precond;hrv_rmssd_full_change_precond"
2025-11-26 18:04:33.939183,7,"stress_label",5,256,0.0078125,0.608974358974359,0.692307692307692,0.593162393162393,5,"top5","eeg_tleft_sampent_full_change_precond;eeg_c_theta_mean_full_change_precond;eeg_tleft_halpha_mean_full_change_precond;pupil_dilation_sd_full_change_precond;hrv_rmssd_full_change_precond"
2025-11-26 18:04:34.655211,7,"stress_label",5,2,0.015625,0.602564102564103,0.653846153846154,0.613675213675214,5,"top5","eeg_tleft_sampent_full_change_precond;eeg_c_theta_mean_full_change_precond;eeg_tleft_halpha_mean_full_change_precond;pupil_dilation_sd_full_change_precond;hrv_rmssd_full_change_precond"
2025-11-26 18:04:35.41988,7,"stress_label",5,4,0.015625,0.596153846153846,0.653846153846154,0.605128205128205,5,"top5","eeg_tleft_sampent_full_change_precond;eeg_c_theta_mean_full_change_precond;eeg_tleft_halpha_mean_full_change_precond;pupil_dilation_sd_full_change_precond;hrv_rmssd_full_change_precond"
2025-11-26 18:04:36.121035,7,"stress_label",5,8,0.015625,0.596153846153846,0.641025641025641,0.594017094017094,5,"top5","eeg_tleft_sampent_full_change_precond;eeg_c_theta_mean_full_change_precond;eeg_tleft_halpha_mean_full_change_precond;pupil_dilation_sd_full_change_precond;hrv_rmssd_full_change_precond"
2025-11-26 18:04:36.834636,7,"stress_label",5,16,0.015625,0.58974358974359,0.641025641025641,0.585470085470085,5,"top5","eeg_tleft_sampent_full_change_precond;eeg_c_theta_mean_full_change_precond;eeg_tleft_halpha_mean_full_change_precond;pupil_dilation_sd_full_change_precond;hrv_rmssd_full_change_precond"
2025-11-26 18:04:37.604919,7,"stress_label",5,32,0.015625,0.615384615384615,0.673076923076923,0.616239316239316,5,"top5","eeg_tleft_sampent_full_change_precond;eeg_c_theta_mean_full_change_precond;eeg_tleft_halpha_mean_full_change_precond;pupil_dilation_sd_full_change_precond;hrv_rmssd_full_change_precond"
2025-11-26 18:04:38.375654,7,"stress_label",5,64,0.015625,0.602564102564103,0.67948717948718,0.593162393162393,5,"top5","eeg_tleft_sampent_full_change_precond;eeg_c_theta_mean_full_change_precond;eeg_tleft_halpha_mean_full_change_precond;pupil_dilation_sd_full_change_precond;hrv_rmssd_full_change_precond"
2025-11-26 18:04:39.116983,7,"stress_label",5,128,0.015625,0.602564102564103,0.66025641025641,0.583760683760684,5,"top5","eeg_tleft_sampent_full_change_precond;eeg_c_theta_mean_full_change_precond;eeg_tleft_halpha_mean_full_change_precond;pupil_dilation_sd_full_change_precond;hrv_rmssd_full_change_precond"
2025-11-26 18:04:40.051315,7,"stress_label",5,256,0.015625,0.583333333333333,0.628205128205128,0.566666666666667,5,"top5","eeg_tleft_sampent_full_change_precond;eeg_c_theta_mean_full_change_precond;eeg_tleft_halpha_mean_full_change_precond;pupil_dilation_sd_full_change_precond;hrv_rmssd_full_change_precond"
2025-11-26 18:04:40.816499,7,"stress_label",5,2,0.03125,0.58974358974359,0.653846153846154,0.597435897435897,5,"top5","eeg_tleft_sampent_full_change_precond;eeg_c_theta_mean_full_change_precond;eeg_tleft_halpha_mean_full_change_precond;pupil_dilation_sd_full_change_precond;hrv_rmssd_full_change_precond"
2025-11-26 18:04:41.576065,7,"stress_label",5,4,0.03125,0.596153846153846,0.66025641025641,0.594017094017094,5,"top5","eeg_tleft_sampent_full_change_precond;eeg_c_theta_mean_full_change_precond;eeg_tleft_halpha_mean_full_change_precond;pupil_dilation_sd_full_change_precond;hrv_rmssd_full_change_precond"
2025-11-26 18:04:42.343324,7,"stress_label",5,8,0.03125,0.602564102564103,0.66025641025641,0.605128205128205,5,"top5","eeg_tleft_sampent_full_change_precond;eeg_c_theta_mean_full_change_precond;eeg_tleft_halpha_mean_full_change_precond;pupil_dilation_sd_full_change_precond;hrv_rmssd_full_change_precond"
2025-11-26 18:04:43.090258,7,"stress_label",5,16,0.03125,0.596153846153846,0.685897435897436,0.588034188034188,5,"top5","eeg_tleft_sampent_full_change_precond;eeg_c_theta_mean_full_change_precond;eeg_tleft_halpha_mean_full_change_precond;pupil_dilation_sd_full_change_precond;hrv_rmssd_full_change_precond"
2025-11-26 18:04:43.884717,7,"stress_label",5,32,0.03125,0.602564102564103,0.641025641025641,0.583760683760684,5,"top5","eeg_tleft_sampent_full_change_precond;eeg_c_theta_mean_full_change_precond;eeg_tleft_halpha_mean_full_change_precond;pupil_dilation_sd_full_change_precond;hrv_rmssd_full_change_precond"
2025-11-26 18:04:44.725018,7,"stress_label",5,64,0.03125,0.583333333333333,0.634615384615385,0.570940170940171,5,"top5","eeg_tleft_sampent_full_change_precond;eeg_c_theta_mean_full_change_precond;eeg_tleft_halpha_mean_full_change_precond;pupil_dilation_sd_full_change_precond;hrv_rmssd_full_change_precond"
2025-11-26 18:04:45.642615,7,"stress_label",5,128,0.03125,0.564102564102564,0.621794871794872,0.54017094017094,5,"top5","eeg_tleft_sampent_full_change_precond;eeg_c_theta_mean_full_change_precond;eeg_tleft_halpha_mean_full_change_precond;pupil_dilation_sd_full_change_precond;hrv_rmssd_full_change_precond"
2025-11-26 18:04:46.635638,7,"stress_label",5,256,0.03125,0.602564102564103,0.653846153846154,0.581196581196581,5,"top5","eeg_tleft_sampent_full_change_precond;eeg_c_theta_mean_full_change_precond;eeg_tleft_halpha_mean_full_change_precond;pupil_dilation_sd_full_change_precond;hrv_rmssd_full_change_precond"
2025-11-26 18:04:47.273474,7,"stress_label",5,2,0.0625,0.58974358974359,0.666666666666667,0.588888888888889,5,"top5","eeg_tleft_sampent_full_change_precond;eeg_c_theta_mean_full_change_precond;eeg_tleft_halpha_mean_full_change_precond;pupil_dilation_sd_full_change_precond;hrv_rmssd_full_change_precond"
2025-11-26 18:04:47.970668,7,"stress_label",5,4,0.0625,0.576923076923077,0.653846153846154,0.572649572649573,5,"top5","eeg_tleft_sampent_full_change_precond;eeg_c_theta_mean_full_change_precond;eeg_tleft_halpha_mean_full_change_precond;pupil_dilation_sd_full_change_precond;hrv_rmssd_full_change_precond"
2025-11-26 18:04:48.747818,7,"stress_label",5,8,0.0625,0.583333333333333,0.634615384615385,0.568376068376068,5,"top5","eeg_tleft_sampent_full_change_precond;eeg_c_theta_mean_full_change_precond;eeg_tleft_halpha_mean_full_change_precond;pupil_dilation_sd_full_change_precond;hrv_rmssd_full_change_precond"
2025-11-26 18:04:49.542589,7,"stress_label",5,16,0.0625,0.557692307692308,0.615384615384615,0.545299145299145,5,"top5","eeg_tleft_sampent_full_change_precond;eeg_c_theta_mean_full_change_precond;eeg_tleft_halpha_mean_full_change_precond;pupil_dilation_sd_full_change_precond;hrv_rmssd_full_change_precond"
2025-11-26 18:04:50.372421,7,"stress_label",5,32,0.0625,0.583333333333333,0.641025641025641,0.573504273504273,5,"top5","eeg_tleft_sampent_full_change_precond;eeg_c_theta_mean_full_change_precond;eeg_tleft_halpha_mean_full_change_precond;pupil_dilation_sd_full_change_precond;hrv_rmssd_full_change_precond"
2025-11-26 18:04:51.237515,7,"stress_label",5,64,0.0625,0.58974358974359,0.634615384615385,0.564102564102564,5,"top5","eeg_tleft_sampent_full_change_precond;eeg_c_theta_mean_full_change_precond;eeg_tleft_halpha_mean_full_change_precond;pupil_dilation_sd_full_change_precond;hrv_rmssd_full_change_precond"
2025-11-26 18:04:52.131622,7,"stress_label",5,128,0.0625,0.564102564102564,0.596153846153846,0.541880341880342,5,"top5","eeg_tleft_sampent_full_change_precond;eeg_c_theta_mean_full_change_precond;eeg_tleft_halpha_mean_full_change_precond;pupil_dilation_sd_full_change_precond;hrv_rmssd_full_change_precond"
2025-11-26 18:04:53.233695,7,"stress_label",5,256,0.0625,0.538461538461538,0.583333333333333,0.501709401709402,5,"top5","eeg_tleft_sampent_full_change_precond;eeg_c_theta_mean_full_change_precond;eeg_tleft_halpha_mean_full_change_precond;pupil_dilation_sd_full_change_precond;hrv_rmssd_full_change_precond"
2025-11-26 18:04:53.995423,7,"stress_label",5,2,0.125,0.583333333333333,0.621794871794872,0.57008547008547,5,"top5","eeg_tleft_sampent_full_change_precond;eeg_c_theta_mean_full_change_precond;eeg_tleft_halpha_mean_full_change_precond;pupil_dilation_sd_full_change_precond;hrv_rmssd_full_change_precond"
2025-11-26 18:04:54.750864,7,"stress_label",5,4,0.125,0.564102564102564,0.647435897435897,0.557264957264957,5,"top5","eeg_tleft_sampent_full_change_precond;eeg_c_theta_mean_full_change_precond;eeg_tleft_halpha_mean_full_change_precond;pupil_dilation_sd_full_change_precond;hrv_rmssd_full_change_precond"
2025-11-26 18:04:55.512907,7,"stress_label",5,8,0.125,0.583333333333333,0.666666666666667,0.568376068376068,5,"top5","eeg_tleft_sampent_full_change_precond;eeg_c_theta_mean_full_change_precond;eeg_tleft_halpha_mean_full_change_precond;pupil_dilation_sd_full_change_precond;hrv_rmssd_full_change_precond"
2025-11-26 18:04:56.287342,7,"stress_label",5,16,0.125,0.596153846153846,0.628205128205128,0.565811965811966,5,"top5","eeg_tleft_sampent_full_change_precond;eeg_c_theta_mean_full_change_precond;eeg_tleft_halpha_mean_full_change_precond;pupil_dilation_sd_full_change_precond;hrv_rmssd_full_change_precond"
2025-11-26 18:04:57.153453,7,"stress_label",5,32,0.125,0.538461538461538,0.602564102564103,0.521367521367521,5,"top5","eeg_tleft_sampent_full_change_precond;eeg_c_theta_mean_full_change_precond;eeg_tleft_halpha_mean_full_change_precond;pupil_dilation_sd_full_change_precond;hrv_rmssd_full_change_precond"
2025-11-26 18:04:58.112067,7,"stress_label",5,64,0.125,0.538461538461538,0.634615384615385,NA,5,"top5","eeg_tleft_sampent_full_change_precond;eeg_c_theta_mean_full_change_precond;eeg_tleft_halpha_mean_full_change_precond;pupil_dilation_sd_full_change_precond;hrv_rmssd_full_change_precond"
2025-11-26 18:04:59.226852,7,"stress_label",5,128,0.125,0.551282051282051,0.647435897435897,NA,5,"top5","eeg_tleft_sampent_full_change_precond;eeg_c_theta_mean_full_change_precond;eeg_tleft_halpha_mean_full_change_precond;pupil_dilation_sd_full_change_precond;hrv_rmssd_full_change_precond"
2025-11-26 18:05:00.524649,7,"stress_label",5,256,0.125,0.538461538461538,0.628205128205128,NA,5,"top5","eeg_tleft_sampent_full_change_precond;eeg_c_theta_mean_full_change_precond;eeg_tleft_halpha_mean_full_change_precond;pupil_dilation_sd_full_change_precond;hrv_rmssd_full_change_precond"
2025-11-26 18:05:01.164236,7,"stress_label",5,2,0.03,0.58974358974359,0.66025641025641,0.597435897435897,5,"top5","eeg_tleft_sampent_full_change_precond;eeg_c_theta_mean_full_change_precond;eeg_tleft_halpha_mean_full_change_precond;pupil_dilation_sd_full_change_precond;hrv_rmssd_full_change_precond"
2025-11-26 18:05:01.823291,7,"stress_label",5,4,0.03,0.596153846153846,0.66025641025641,0.594017094017094,5,"top5","eeg_tleft_sampent_full_change_precond;eeg_c_theta_mean_full_change_precond;eeg_tleft_halpha_mean_full_change_precond;pupil_dilation_sd_full_change_precond;hrv_rmssd_full_change_precond"
2025-11-26 18:05:02.587858,7,"stress_label",5,8,0.03,0.602564102564103,0.66025641025641,0.605128205128205,5,"top5","eeg_tleft_sampent_full_change_precond;eeg_c_theta_mean_full_change_precond;eeg_tleft_halpha_mean_full_change_precond;pupil_dilation_sd_full_change_precond;hrv_rmssd_full_change_precond"
2025-11-26 18:05:03.357281,7,"stress_label",5,16,0.03,0.58974358974359,0.67948717948718,0.583760683760684,5,"top5","eeg_tleft_sampent_full_change_precond;eeg_c_theta_mean_full_change_precond;eeg_tleft_halpha_mean_full_change_precond;pupil_dilation_sd_full_change_precond;hrv_rmssd_full_change_precond"
2025-11-26 18:05:04.074933,7,"stress_label",5,32,0.03,0.608974358974359,0.641025641025641,0.588034188034188,5,"top5","eeg_tleft_sampent_full_change_precond;eeg_c_theta_mean_full_change_precond;eeg_tleft_halpha_mean_full_change_precond;pupil_dilation_sd_full_change_precond;hrv_rmssd_full_change_precond"
2025-11-26 18:05:04.774495,7,"stress_label",5,64,0.03,0.596153846153846,0.634615384615385,0.583760683760684,5,"top5","eeg_tleft_sampent_full_change_precond;eeg_c_theta_mean_full_change_precond;eeg_tleft_halpha_mean_full_change_precond;pupil_dilation_sd_full_change_precond;hrv_rmssd_full_change_precond"
2025-11-26 18:05:05.606844,7,"stress_label",5,128,0.03,0.57051282051282,0.621794871794872,0.552991452991453,5,"top5","eeg_tleft_sampent_full_change_precond;eeg_c_theta_mean_full_change_precond;eeg_tleft_halpha_mean_full_change_precond;pupil_dilation_sd_full_change_precond;hrv_rmssd_full_change_precond"
2025-11-26 18:05:06.673666,7,"stress_label",5,256,0.03,0.583333333333333,0.653846153846154,0.564957264957265,5,"top5","eeg_tleft_sampent_full_change_precond;eeg_c_theta_mean_full_change_precond;eeg_tleft_halpha_mean_full_change_precond;pupil_dilation_sd_full_change_precond;hrv_rmssd_full_change_precond"
2025-11-26 18:05:07.448925,7,"stress_label",5,2,0.06,0.58974358974359,0.66025641025641,0.588888888888889,5,"top5","eeg_tleft_sampent_full_change_precond;eeg_c_theta_mean_full_change_precond;eeg_tleft_halpha_mean_full_change_precond;pupil_dilation_sd_full_change_precond;hrv_rmssd_full_change_precond"
2025-11-26 18:05:08.217227,7,"stress_label",5,4,0.06,0.583333333333333,0.653846153846154,0.576068376068376,5,"top5","eeg_tleft_sampent_full_change_precond;eeg_c_theta_mean_full_change_precond;eeg_tleft_halpha_mean_full_change_precond;pupil_dilation_sd_full_change_precond;hrv_rmssd_full_change_precond"
2025-11-26 18:05:08.949463,7,"stress_label",5,8,0.06,0.583333333333333,0.634615384615385,0.568376068376068,5,"top5","eeg_tleft_sampent_full_change_precond;eeg_c_theta_mean_full_change_precond;eeg_tleft_halpha_mean_full_change_precond;pupil_dilation_sd_full_change_precond;hrv_rmssd_full_change_precond"
2025-11-26 18:05:09.726813,7,"stress_label",5,16,0.06,0.564102564102564,0.615384615384615,0.552991452991453,5,"top5","eeg_tleft_sampent_full_change_precond;eeg_c_theta_mean_full_change_precond;eeg_tleft_halpha_mean_full_change_precond;pupil_dilation_sd_full_change_precond;hrv_rmssd_full_change_precond"
2025-11-26 18:05:10.504594,7,"stress_label",5,32,0.06,0.57051282051282,0.641025641025641,0.557264957264957,5,"top5","eeg_tleft_sampent_full_change_precond;eeg_c_theta_mean_full_change_precond;eeg_tleft_halpha_mean_full_change_precond;pupil_dilation_sd_full_change_precond;hrv_rmssd_full_change_precond"
2025-11-26 18:05:11.404588,7,"stress_label",5,64,0.06,0.58974358974359,0.641025641025641,0.573504273504273,5,"top5","eeg_tleft_sampent_full_change_precond;eeg_c_theta_mean_full_change_precond;eeg_tleft_halpha_mean_full_change_precond;pupil_dilation_sd_full_change_precond;hrv_rmssd_full_change_precond"
2025-11-26 18:05:12.405845,7,"stress_label",5,128,0.06,0.57051282051282,0.576923076923077,0.557264957264957,5,"top5","eeg_tleft_sampent_full_change_precond;eeg_c_theta_mean_full_change_precond;eeg_tleft_halpha_mean_full_change_precond;pupil_dilation_sd_full_change_precond;hrv_rmssd_full_change_precond"
2025-11-26 18:05:13.6211,7,"stress_label",5,256,0.06,0.538461538461538,0.58974358974359,0.504273504273504,5,"top5","eeg_tleft_sampent_full_change_precond;eeg_c_theta_mean_full_change_precond;eeg_tleft_halpha_mean_full_change_precond;pupil_dilation_sd_full_change_precond;hrv_rmssd_full_change_precond"
2025-11-26 18:05:14.373261,7,"stress_label",5,2,0.1,0.58974358974359,0.641025641025641,0.58034188034188,5,"top5","eeg_tleft_sampent_full_change_precond;eeg_c_theta_mean_full_change_precond;eeg_tleft_halpha_mean_full_change_precond;pupil_dilation_sd_full_change_precond;hrv_rmssd_full_change_precond"
2025-11-26 18:05:15.122379,7,"stress_label",5,4,0.1,0.57051282051282,0.628205128205128,0.562393162393162,5,"top5","eeg_tleft_sampent_full_change_precond;eeg_c_theta_mean_full_change_precond;eeg_tleft_halpha_mean_full_change_precond;pupil_dilation_sd_full_change_precond;hrv_rmssd_full_change_precond"
2025-11-26 18:05:15.907125,7,"stress_label",5,8,0.1,0.564102564102564,0.641025641025641,0.553846153846154,5,"top5","eeg_tleft_sampent_full_change_precond;eeg_c_theta_mean_full_change_precond;eeg_tleft_halpha_mean_full_change_precond;pupil_dilation_sd_full_change_precond;hrv_rmssd_full_change_precond"
2025-11-26 18:05:16.704776,7,"stress_label",5,16,0.1,0.564102564102564,0.673076923076923,0.546153846153846,5,"top5","eeg_tleft_sampent_full_change_precond;eeg_c_theta_mean_full_change_precond;eeg_tleft_halpha_mean_full_change_precond;pupil_dilation_sd_full_change_precond;hrv_rmssd_full_change_precond"
2025-11-26 18:05:17.53506,7,"stress_label",5,32,0.1,0.576923076923077,0.628205128205128,0.54957264957265,5,"top5","eeg_tleft_sampent_full_change_precond;eeg_c_theta_mean_full_change_precond;eeg_tleft_halpha_mean_full_change_precond;pupil_dilation_sd_full_change_precond;hrv_rmssd_full_change_precond"
2025-11-26 18:05:18.474349,7,"stress_label",5,64,0.1,0.544871794871795,0.602564102564103,0.52991452991453,5,"top5","eeg_tleft_sampent_full_change_precond;eeg_c_theta_mean_full_change_precond;eeg_tleft_halpha_mean_full_change_precond;pupil_dilation_sd_full_change_precond;hrv_rmssd_full_change_precond"
2025-11-26 18:05:19.602404,7,"stress_label",5,128,0.1,0.551282051282051,0.634615384615385,NA,5,"top5","eeg_tleft_sampent_full_change_precond;eeg_c_theta_mean_full_change_precond;eeg_tleft_halpha_mean_full_change_precond;pupil_dilation_sd_full_change_precond;hrv_rmssd_full_change_precond"
2025-11-26 18:05:21.156817,7,"stress_label",5,256,0.1,0.538461538461538,0.628205128205128,NA,5,"top5","eeg_tleft_sampent_full_change_precond;eeg_c_theta_mean_full_change_precond;eeg_tleft_halpha_mean_full_change_precond;pupil_dilation_sd_full_change_precond;hrv_rmssd_full_change_precond"
2025-11-26 18:05:22.24793,8,"stress_label",20,2,0.0078125,0.551282051282051,0.621794871794872,0.511965811965812,20,"top20","eeg_tleft_sampent_full_change_precond;eeg_c_theta_mean_full_change_precond;eeg_t_sampent_full_change_precond;eeg_tleft_halpha_mean_full_change_precond;eeg_fl_hbeta_mean_full_change_precond;pupil_dilation_sd_full_change_precond;eeg_fr_sampent_full_change_precond;eeg_pright_sampent_full_change_precond;gsr_skin_conductance_eda_tonic_mean_nk_full_change_precond;eeg_tleft_lalpha_mean_full_change_precond;hrv_rmssd_full_change_precond;eeg_fm_sampent_full_change_precond;eeg_fm_theta_mean_full_change_precond;eeg_tright_halpha_mean_full_change_precond;hr_heartrate_bpm_med_abs_full_change_precond;eeg_c_sampent_full_change_precond;eeg_tleft_hbeta_mean_full_change_precond;eeg_pleft_halpha_mean_full_change_precond;eeg_c_specent_full_change_precond;pupil_asymmetry_full_change_precond"
2025-11-26 18:05:23.266598,8,"stress_label",20,4,0.0078125,0.544871794871795,0.596153846153846,0.515384615384615,20,"top20","eeg_tleft_sampent_full_change_precond;eeg_c_theta_mean_full_change_precond;eeg_t_sampent_full_change_precond;eeg_tleft_halpha_mean_full_change_precond;eeg_fl_hbeta_mean_full_change_precond;pupil_dilation_sd_full_change_precond;eeg_fr_sampent_full_change_precond;eeg_pright_sampent_full_change_precond;gsr_skin_conductance_eda_tonic_mean_nk_full_change_precond;eeg_tleft_lalpha_mean_full_change_precond;hrv_rmssd_full_change_precond;eeg_fm_sampent_full_change_precond;eeg_fm_theta_mean_full_change_precond;eeg_tright_halpha_mean_full_change_precond;hr_heartrate_bpm_med_abs_full_change_precond;eeg_c_sampent_full_change_precond;eeg_tleft_hbeta_mean_full_change_precond;eeg_pleft_halpha_mean_full_change_precond;eeg_c_specent_full_change_precond;pupil_asymmetry_full_change_precond"
2025-11-26 18:05:24.28567,8,"stress_label",20,8,0.0078125,0.544871794871795,0.58974358974359,0.515384615384615,20,"top20","eeg_tleft_sampent_full_change_precond;eeg_c_theta_mean_full_change_precond;eeg_t_sampent_full_change_precond;eeg_tleft_halpha_mean_full_change_precond;eeg_fl_hbeta_mean_full_change_precond;pupil_dilation_sd_full_change_precond;eeg_fr_sampent_full_change_precond;eeg_pright_sampent_full_change_precond;gsr_skin_conductance_eda_tonic_mean_nk_full_change_precond;eeg_tleft_lalpha_mean_full_change_precond;hrv_rmssd_full_change_precond;eeg_fm_sampent_full_change_precond;eeg_fm_theta_mean_full_change_precond;eeg_tright_halpha_mean_full_change_precond;hr_heartrate_bpm_med_abs_full_change_precond;eeg_c_sampent_full_change_precond;eeg_tleft_hbeta_mean_full_change_precond;eeg_pleft_halpha_mean_full_change_precond;eeg_c_specent_full_change_precond;pupil_asymmetry_full_change_precond"
2025-11-26 18:05:25.217889,8,"stress_label",20,16,0.0078125,0.564102564102564,0.602564102564103,NA,20,"top20","eeg_tleft_sampent_full_change_precond;eeg_c_theta_mean_full_change_precond;eeg_t_sampent_full_change_precond;eeg_tleft_halpha_mean_full_change_precond;eeg_fl_hbeta_mean_full_change_precond;pupil_dilation_sd_full_change_precond;eeg_fr_sampent_full_change_precond;eeg_pright_sampent_full_change_precond;gsr_skin_conductance_eda_tonic_mean_nk_full_change_precond;eeg_tleft_lalpha_mean_full_change_precond;hrv_rmssd_full_change_precond;eeg_fm_sampent_full_change_precond;eeg_fm_theta_mean_full_change_precond;eeg_tright_halpha_mean_full_change_precond;hr_heartrate_bpm_med_abs_full_change_precond;eeg_c_sampent_full_change_precond;eeg_tleft_hbeta_mean_full_change_precond;eeg_pleft_halpha_mean_full_change_precond;eeg_c_specent_full_change_precond;pupil_asymmetry_full_change_precond"
2025-11-26 18:05:26.284916,8,"stress_label",20,32,0.0078125,0.57051282051282,0.576923076923077,NA,20,"top20","eeg_tleft_sampent_full_change_precond;eeg_c_theta_mean_full_change_precond;eeg_t_sampent_full_change_precond;eeg_tleft_halpha_mean_full_change_precond;eeg_fl_hbeta_mean_full_change_precond;pupil_dilation_sd_full_change_precond;eeg_fr_sampent_full_change_precond;eeg_pright_sampent_full_change_precond;gsr_skin_conductance_eda_tonic_mean_nk_full_change_precond;eeg_tleft_lalpha_mean_full_change_precond;hrv_rmssd_full_change_precond;eeg_fm_sampent_full_change_precond;eeg_fm_theta_mean_full_change_precond;eeg_tright_halpha_mean_full_change_precond;hr_heartrate_bpm_med_abs_full_change_precond;eeg_c_sampent_full_change_precond;eeg_tleft_hbeta_mean_full_change_precond;eeg_pleft_halpha_mean_full_change_precond;eeg_c_specent_full_change_precond;pupil_asymmetry_full_change_precond"
2025-11-26 18:05:27.405594,8,"stress_label",20,64,0.0078125,0.519230769230769,0.519230769230769,NA,20,"top20","eeg_tleft_sampent_full_change_precond;eeg_c_theta_mean_full_change_precond;eeg_t_sampent_full_change_precond;eeg_tleft_halpha_mean_full_change_precond;eeg_fl_hbeta_mean_full_change_precond;pupil_dilation_sd_full_change_precond;eeg_fr_sampent_full_change_precond;eeg_pright_sampent_full_change_precond;gsr_skin_conductance_eda_tonic_mean_nk_full_change_precond;eeg_tleft_lalpha_mean_full_change_precond;hrv_rmssd_full_change_precond;eeg_fm_sampent_full_change_precond;eeg_fm_theta_mean_full_change_precond;eeg_tright_halpha_mean_full_change_precond;hr_heartrate_bpm_med_abs_full_change_precond;eeg_c_sampent_full_change_precond;eeg_tleft_hbeta_mean_full_change_precond;eeg_pleft_halpha_mean_full_change_precond;eeg_c_specent_full_change_precond;pupil_asymmetry_full_change_precond"
2025-11-26 18:05:28.736087,8,"stress_label",20,128,0.0078125,0.506410256410256,0.519230769230769,0.460683760683761,20,"top20","eeg_tleft_sampent_full_change_precond;eeg_c_theta_mean_full_change_precond;eeg_t_sampent_full_change_precond;eeg_tleft_halpha_mean_full_change_precond;eeg_fl_hbeta_mean_full_change_precond;pupil_dilation_sd_full_change_precond;eeg_fr_sampent_full_change_precond;eeg_pright_sampent_full_change_precond;gsr_skin_conductance_eda_tonic_mean_nk_full_change_precond;eeg_tleft_lalpha_mean_full_change_precond;hrv_rmssd_full_change_precond;eeg_fm_sampent_full_change_precond;eeg_fm_theta_mean_full_change_precond;eeg_tright_halpha_mean_full_change_precond;hr_heartrate_bpm_med_abs_full_change_precond;eeg_c_sampent_full_change_precond;eeg_tleft_hbeta_mean_full_change_precond;eeg_pleft_halpha_mean_full_change_precond;eeg_c_specent_full_change_precond;pupil_asymmetry_full_change_precond"
2025-11-26 18:05:30.223846,8,"stress_label",20,256,0.0078125,0.5,0.544871794871795,NA,20,"top20","eeg_tleft_sampent_full_change_precond;eeg_c_theta_mean_full_change_precond;eeg_t_sampent_full_change_precond;eeg_tleft_halpha_mean_full_change_precond;eeg_fl_hbeta_mean_full_change_precond;pupil_dilation_sd_full_change_precond;eeg_fr_sampent_full_change_precond;eeg_pright_sampent_full_change_precond;gsr_skin_conductance_eda_tonic_mean_nk_full_change_precond;eeg_tleft_lalpha_mean_full_change_precond;hrv_rmssd_full_change_precond;eeg_fm_sampent_full_change_precond;eeg_fm_theta_mean_full_change_precond;eeg_tright_halpha_mean_full_change_precond;hr_heartrate_bpm_med_abs_full_change_precond;eeg_c_sampent_full_change_precond;eeg_tleft_hbeta_mean_full_change_precond;eeg_pleft_halpha_mean_full_change_precond;eeg_c_specent_full_change_precond;pupil_asymmetry_full_change_precond"
2025-11-26 18:05:31.131904,8,"stress_label",20,2,0.015625,0.564102564102564,0.58974358974359,0.526495726495727,20,"top20","eeg_tleft_sampent_full_change_precond;eeg_c_theta_mean_full_change_precond;eeg_t_sampent_full_change_precond;eeg_tleft_halpha_mean_full_change_precond;eeg_fl_hbeta_mean_full_change_precond;pupil_dilation_sd_full_change_precond;eeg_fr_sampent_full_change_precond;eeg_pright_sampent_full_change_precond;gsr_skin_conductance_eda_tonic_mean_nk_full_change_precond;eeg_tleft_lalpha_mean_full_change_precond;hrv_rmssd_full_change_precond;eeg_fm_sampent_full_change_precond;eeg_fm_theta_mean_full_change_precond;eeg_tright_halpha_mean_full_change_precond;hr_heartrate_bpm_med_abs_full_change_precond;eeg_c_sampent_full_change_precond;eeg_tleft_hbeta_mean_full_change_precond;eeg_pleft_halpha_mean_full_change_precond;eeg_c_specent_full_change_precond;pupil_asymmetry_full_change_precond"
2025-11-26 18:05:32.030462,8,"stress_label",20,4,0.015625,0.538461538461538,0.602564102564103,0.506837606837607,20,"top20","eeg_tleft_sampent_full_change_precond;eeg_c_theta_mean_full_change_precond;eeg_t_sampent_full_change_precond;eeg_tleft_halpha_mean_full_change_precond;eeg_fl_hbeta_mean_full_change_precond;pupil_dilation_sd_full_change_precond;eeg_fr_sampent_full_change_precond;eeg_pright_sampent_full_change_precond;gsr_skin_conductance_eda_tonic_mean_nk_full_change_precond;eeg_tleft_lalpha_mean_full_change_precond;hrv_rmssd_full_change_precond;eeg_fm_sampent_full_change_precond;eeg_fm_theta_mean_full_change_precond;eeg_tright_halpha_mean_full_change_precond;hr_heartrate_bpm_med_abs_full_change_precond;eeg_c_sampent_full_change_precond;eeg_tleft_hbeta_mean_full_change_precond;eeg_pleft_halpha_mean_full_change_precond;eeg_c_specent_full_change_precond;pupil_asymmetry_full_change_precond"
2025-11-26 18:05:33.039979,8,"stress_label",20,8,0.015625,0.551282051282051,0.596153846153846,NA,20,"top20","eeg_tleft_sampent_full_change_precond;eeg_c_theta_mean_full_change_precond;eeg_t_sampent_full_change_precond;eeg_tleft_halpha_mean_full_change_precond;eeg_fl_hbeta_mean_full_change_precond;pupil_dilation_sd_full_change_precond;eeg_fr_sampent_full_change_precond;eeg_pright_sampent_full_change_precond;gsr_skin_conductance_eda_tonic_mean_nk_full_change_precond;eeg_tleft_lalpha_mean_full_change_precond;hrv_rmssd_full_change_precond;eeg_fm_sampent_full_change_precond;eeg_fm_theta_mean_full_change_precond;eeg_tright_halpha_mean_full_change_precond;hr_heartrate_bpm_med_abs_full_change_precond;eeg_c_sampent_full_change_precond;eeg_tleft_hbeta_mean_full_change_precond;eeg_pleft_halpha_mean_full_change_precond;eeg_c_specent_full_change_precond;pupil_asymmetry_full_change_precond"
2025-11-26 18:05:34.086897,8,"stress_label",20,16,0.015625,0.557692307692308,0.532051282051282,NA,20,"top20","eeg_tleft_sampent_full_change_precond;eeg_c_theta_mean_full_change_precond;eeg_t_sampent_full_change_precond;eeg_tleft_halpha_mean_full_change_precond;eeg_fl_hbeta_mean_full_change_precond;pupil_dilation_sd_full_change_precond;eeg_fr_sampent_full_change_precond;eeg_pright_sampent_full_change_precond;gsr_skin_conductance_eda_tonic_mean_nk_full_change_precond;eeg_tleft_lalpha_mean_full_change_precond;hrv_rmssd_full_change_precond;eeg_fm_sampent_full_change_precond;eeg_fm_theta_mean_full_change_precond;eeg_tright_halpha_mean_full_change_precond;hr_heartrate_bpm_med_abs_full_change_precond;eeg_c_sampent_full_change_precond;eeg_tleft_hbeta_mean_full_change_precond;eeg_pleft_halpha_mean_full_change_precond;eeg_c_specent_full_change_precond;pupil_asymmetry_full_change_precond"
2025-11-26 18:05:35.230563,8,"stress_label",20,32,0.015625,0.512820512820513,0.532051282051282,NA,20,"top20","eeg_tleft_sampent_full_change_precond;eeg_c_theta_mean_full_change_precond;eeg_t_sampent_full_change_precond;eeg_tleft_halpha_mean_full_change_precond;eeg_fl_hbeta_mean_full_change_precond;pupil_dilation_sd_full_change_precond;eeg_fr_sampent_full_change_precond;eeg_pright_sampent_full_change_precond;gsr_skin_conductance_eda_tonic_mean_nk_full_change_precond;eeg_tleft_lalpha_mean_full_change_precond;hrv_rmssd_full_change_precond;eeg_fm_sampent_full_change_precond;eeg_fm_theta_mean_full_change_precond;eeg_tright_halpha_mean_full_change_precond;hr_heartrate_bpm_med_abs_full_change_precond;eeg_c_sampent_full_change_precond;eeg_tleft_hbeta_mean_full_change_precond;eeg_pleft_halpha_mean_full_change_precond;eeg_c_specent_full_change_precond;pupil_asymmetry_full_change_precond"
2025-11-26 18:05:36.377978,8,"stress_label",20,64,0.015625,0.512820512820513,0.519230769230769,NA,20,"top20","eeg_tleft_sampent_full_change_precond;eeg_c_theta_mean_full_change_precond;eeg_t_sampent_full_change_precond;eeg_tleft_halpha_mean_full_change_precond;eeg_fl_hbeta_mean_full_change_precond;pupil_dilation_sd_full_change_precond;eeg_fr_sampent_full_change_precond;eeg_pright_sampent_full_change_precond;gsr_skin_conductance_eda_tonic_mean_nk_full_change_precond;eeg_tleft_lalpha_mean_full_change_precond;hrv_rmssd_full_change_precond;eeg_fm_sampent_full_change_precond;eeg_fm_theta_mean_full_change_precond;eeg_tright_halpha_mean_full_change_precond;hr_heartrate_bpm_med_abs_full_change_precond;eeg_c_sampent_full_change_precond;eeg_tleft_hbeta_mean_full_change_precond;eeg_pleft_halpha_mean_full_change_precond;eeg_c_specent_full_change_precond;pupil_asymmetry_full_change_precond"
2025-11-26 18:05:37.543113,8,"stress_label",20,128,0.015625,0.538461538461538,0.512820512820513,NA,20,"top20","eeg_tleft_sampent_full_change_precond;eeg_c_theta_mean_full_change_precond;eeg_t_sampent_full_change_precond;eeg_tleft_halpha_mean_full_change_precond;eeg_fl_hbeta_mean_full_change_precond;pupil_dilation_sd_full_change_precond;eeg_fr_sampent_full_change_precond;eeg_pright_sampent_full_change_precond;gsr_skin_conductance_eda_tonic_mean_nk_full_change_precond;eeg_tleft_lalpha_mean_full_change_precond;hrv_rmssd_full_change_precond;eeg_fm_sampent_full_change_precond;eeg_fm_theta_mean_full_change_precond;eeg_tright_halpha_mean_full_change_precond;hr_heartrate_bpm_med_abs_full_change_precond;eeg_c_sampent_full_change_precond;eeg_tleft_hbeta_mean_full_change_precond;eeg_pleft_halpha_mean_full_change_precond;eeg_c_specent_full_change_precond;pupil_asymmetry_full_change_precond"
2025-11-26 18:05:38.578206,8,"stress_label",20,256,0.015625,0.532051282051282,0.544871794871795,NA,20,"top20","eeg_tleft_sampent_full_change_precond;eeg_c_theta_mean_full_change_precond;eeg_t_sampent_full_change_precond;eeg_tleft_halpha_mean_full_change_precond;eeg_fl_hbeta_mean_full_change_precond;pupil_dilation_sd_full_change_precond;eeg_fr_sampent_full_change_precond;eeg_pright_sampent_full_change_precond;gsr_skin_conductance_eda_tonic_mean_nk_full_change_precond;eeg_tleft_lalpha_mean_full_change_precond;hrv_rmssd_full_change_precond;eeg_fm_sampent_full_change_precond;eeg_fm_theta_mean_full_change_precond;eeg_tright_halpha_mean_full_change_precond;hr_heartrate_bpm_med_abs_full_change_precond;eeg_c_sampent_full_change_precond;eeg_tleft_hbeta_mean_full_change_precond;eeg_pleft_halpha_mean_full_change_precond;eeg_c_specent_full_change_precond;pupil_asymmetry_full_change_precond"
2025-11-26 18:05:39.568894,8,"stress_label",20,2,0.03125,0.544871794871795,0.58974358974359,NA,20,"top20","eeg_tleft_sampent_full_change_precond;eeg_c_theta_mean_full_change_precond;eeg_t_sampent_full_change_precond;eeg_tleft_halpha_mean_full_change_precond;eeg_fl_hbeta_mean_full_change_precond;pupil_dilation_sd_full_change_precond;eeg_fr_sampent_full_change_precond;eeg_pright_sampent_full_change_precond;gsr_skin_conductance_eda_tonic_mean_nk_full_change_precond;eeg_tleft_lalpha_mean_full_change_precond;hrv_rmssd_full_change_precond;eeg_fm_sampent_full_change_precond;eeg_fm_theta_mean_full_change_precond;eeg_tright_halpha_mean_full_change_precond;hr_heartrate_bpm_med_abs_full_change_precond;eeg_c_sampent_full_change_precond;eeg_tleft_hbeta_mean_full_change_precond;eeg_pleft_halpha_mean_full_change_precond;eeg_c_specent_full_change_precond;pupil_asymmetry_full_change_precond"
2025-11-26 18:05:40.596446,8,"stress_label",20,4,0.03125,0.57051282051282,0.615384615384615,NA,20,"top20","eeg_tleft_sampent_full_change_precond;eeg_c_theta_mean_full_change_precond;eeg_t_sampent_full_change_precond;eeg_tleft_halpha_mean_full_change_precond;eeg_fl_hbeta_mean_full_change_precond;pupil_dilation_sd_full_change_precond;eeg_fr_sampent_full_change_precond;eeg_pright_sampent_full_change_precond;gsr_skin_conductance_eda_tonic_mean_nk_full_change_precond;eeg_tleft_lalpha_mean_full_change_precond;hrv_rmssd_full_change_precond;eeg_fm_sampent_full_change_precond;eeg_fm_theta_mean_full_change_precond;eeg_tright_halpha_mean_full_change_precond;hr_heartrate_bpm_med_abs_full_change_precond;eeg_c_sampent_full_change_precond;eeg_tleft_hbeta_mean_full_change_precond;eeg_pleft_halpha_mean_full_change_precond;eeg_c_specent_full_change_precond;pupil_asymmetry_full_change_precond"
2025-11-26 18:05:41.700403,8,"stress_label",20,8,0.03125,0.538461538461538,0.525641025641026,NA,20,"top20","eeg_tleft_sampent_full_change_precond;eeg_c_theta_mean_full_change_precond;eeg_t_sampent_full_change_precond;eeg_tleft_halpha_mean_full_change_precond;eeg_fl_hbeta_mean_full_change_precond;pupil_dilation_sd_full_change_precond;eeg_fr_sampent_full_change_precond;eeg_pright_sampent_full_change_precond;gsr_skin_conductance_eda_tonic_mean_nk_full_change_precond;eeg_tleft_lalpha_mean_full_change_precond;hrv_rmssd_full_change_precond;eeg_fm_sampent_full_change_precond;eeg_fm_theta_mean_full_change_precond;eeg_tright_halpha_mean_full_change_precond;hr_heartrate_bpm_med_abs_full_change_precond;eeg_c_sampent_full_change_precond;eeg_tleft_hbeta_mean_full_change_precond;eeg_pleft_halpha_mean_full_change_precond;eeg_c_specent_full_change_precond;pupil_asymmetry_full_change_precond"
2025-11-26 18:05:42.772747,8,"stress_label",20,16,0.03125,0.532051282051282,0.512820512820513,NA,20,"top20","eeg_tleft_sampent_full_change_precond;eeg_c_theta_mean_full_change_precond;eeg_t_sampent_full_change_precond;eeg_tleft_halpha_mean_full_change_precond;eeg_fl_hbeta_mean_full_change_precond;pupil_dilation_sd_full_change_precond;eeg_fr_sampent_full_change_precond;eeg_pright_sampent_full_change_precond;gsr_skin_conductance_eda_tonic_mean_nk_full_change_precond;eeg_tleft_lalpha_mean_full_change_precond;hrv_rmssd_full_change_precond;eeg_fm_sampent_full_change_precond;eeg_fm_theta_mean_full_change_precond;eeg_tright_halpha_mean_full_change_precond;hr_heartrate_bpm_med_abs_full_change_precond;eeg_c_sampent_full_change_precond;eeg_tleft_hbeta_mean_full_change_precond;eeg_pleft_halpha_mean_full_change_precond;eeg_c_specent_full_change_precond;pupil_asymmetry_full_change_precond"
2025-11-26 18:05:43.979098,8,"stress_label",20,32,0.03125,0.557692307692308,0.58974358974359,NA,20,"top20","eeg_tleft_sampent_full_change_precond;eeg_c_theta_mean_full_change_precond;eeg_t_sampent_full_change_precond;eeg_tleft_halpha_mean_full_change_precond;eeg_fl_hbeta_mean_full_change_precond;pupil_dilation_sd_full_change_precond;eeg_fr_sampent_full_change_precond;eeg_pright_sampent_full_change_precond;gsr_skin_conductance_eda_tonic_mean_nk_full_change_precond;eeg_tleft_lalpha_mean_full_change_precond;hrv_rmssd_full_change_precond;eeg_fm_sampent_full_change_precond;eeg_fm_theta_mean_full_change_precond;eeg_tright_halpha_mean_full_change_precond;hr_heartrate_bpm_med_abs_full_change_precond;eeg_c_sampent_full_change_precond;eeg_tleft_hbeta_mean_full_change_precond;eeg_pleft_halpha_mean_full_change_precond;eeg_c_specent_full_change_precond;pupil_asymmetry_full_change_precond"
2025-11-26 18:05:45.151436,8,"stress_label",20,64,0.03125,0.557692307692308,0.57051282051282,NA,20,"top20","eeg_tleft_sampent_full_change_precond;eeg_c_theta_mean_full_change_precond;eeg_t_sampent_full_change_precond;eeg_tleft_halpha_mean_full_change_precond;eeg_fl_hbeta_mean_full_change_precond;pupil_dilation_sd_full_change_precond;eeg_fr_sampent_full_change_precond;eeg_pright_sampent_full_change_precond;gsr_skin_conductance_eda_tonic_mean_nk_full_change_precond;eeg_tleft_lalpha_mean_full_change_precond;hrv_rmssd_full_change_precond;eeg_fm_sampent_full_change_precond;eeg_fm_theta_mean_full_change_precond;eeg_tright_halpha_mean_full_change_precond;hr_heartrate_bpm_med_abs_full_change_precond;eeg_c_sampent_full_change_precond;eeg_tleft_hbeta_mean_full_change_precond;eeg_pleft_halpha_mean_full_change_precond;eeg_c_specent_full_change_precond;pupil_asymmetry_full_change_precond"
2025-11-26 18:05:46.415257,8,"stress_label",20,128,0.03125,0.557692307692308,0.596153846153846,NA,20,"top20","eeg_tleft_sampent_full_change_precond;eeg_c_theta_mean_full_change_precond;eeg_t_sampent_full_change_precond;eeg_tleft_halpha_mean_full_change_precond;eeg_fl_hbeta_mean_full_change_precond;pupil_dilation_sd_full_change_precond;eeg_fr_sampent_full_change_precond;eeg_pright_sampent_full_change_precond;gsr_skin_conductance_eda_tonic_mean_nk_full_change_precond;eeg_tleft_lalpha_mean_full_change_precond;hrv_rmssd_full_change_precond;eeg_fm_sampent_full_change_precond;eeg_fm_theta_mean_full_change_precond;eeg_tright_halpha_mean_full_change_precond;hr_heartrate_bpm_med_abs_full_change_precond;eeg_c_sampent_full_change_precond;eeg_tleft_hbeta_mean_full_change_precond;eeg_pleft_halpha_mean_full_change_precond;eeg_c_specent_full_change_precond;pupil_asymmetry_full_change_precond"
2025-11-26 18:05:47.659845,8,"stress_label",20,256,0.03125,0.557692307692308,0.57051282051282,NA,20,"top20","eeg_tleft_sampent_full_change_precond;eeg_c_theta_mean_full_change_precond;eeg_t_sampent_full_change_precond;eeg_tleft_halpha_mean_full_change_precond;eeg_fl_hbeta_mean_full_change_precond;pupil_dilation_sd_full_change_precond;eeg_fr_sampent_full_change_precond;eeg_pright_sampent_full_change_precond;gsr_skin_conductance_eda_tonic_mean_nk_full_change_precond;eeg_tleft_lalpha_mean_full_change_precond;hrv_rmssd_full_change_precond;eeg_fm_sampent_full_change_precond;eeg_fm_theta_mean_full_change_precond;eeg_tright_halpha_mean_full_change_precond;hr_heartrate_bpm_med_abs_full_change_precond;eeg_c_sampent_full_change_precond;eeg_tleft_hbeta_mean_full_change_precond;eeg_pleft_halpha_mean_full_change_precond;eeg_c_specent_full_change_precond;pupil_asymmetry_full_change_precond"
2025-11-26 18:05:48.67255,8,"stress_label",20,2,0.0625,0.557692307692308,0.596153846153846,NA,20,"top20","eeg_tleft_sampent_full_change_precond;eeg_c_theta_mean_full_change_precond;eeg_t_sampent_full_change_precond;eeg_tleft_halpha_mean_full_change_precond;eeg_fl_hbeta_mean_full_change_precond;pupil_dilation_sd_full_change_precond;eeg_fr_sampent_full_change_precond;eeg_pright_sampent_full_change_precond;gsr_skin_conductance_eda_tonic_mean_nk_full_change_precond;eeg_tleft_lalpha_mean_full_change_precond;hrv_rmssd_full_change_precond;eeg_fm_sampent_full_change_precond;eeg_fm_theta_mean_full_change_precond;eeg_tright_halpha_mean_full_change_precond;hr_heartrate_bpm_med_abs_full_change_precond;eeg_c_sampent_full_change_precond;eeg_tleft_hbeta_mean_full_change_precond;eeg_pleft_halpha_mean_full_change_precond;eeg_c_specent_full_change_precond;pupil_asymmetry_full_change_precond"
2025-11-26 18:05:49.813675,8,"stress_label",20,4,0.0625,0.57051282051282,0.557692307692308,NA,20,"top20","eeg_tleft_sampent_full_change_precond;eeg_c_theta_mean_full_change_precond;eeg_t_sampent_full_change_precond;eeg_tleft_halpha_mean_full_change_precond;eeg_fl_hbeta_mean_full_change_precond;pupil_dilation_sd_full_change_precond;eeg_fr_sampent_full_change_precond;eeg_pright_sampent_full_change_precond;gsr_skin_conductance_eda_tonic_mean_nk_full_change_precond;eeg_tleft_lalpha_mean_full_change_precond;hrv_rmssd_full_change_precond;eeg_fm_sampent_full_change_precond;eeg_fm_theta_mean_full_change_precond;eeg_tright_halpha_mean_full_change_precond;hr_heartrate_bpm_med_abs_full_change_precond;eeg_c_sampent_full_change_precond;eeg_tleft_hbeta_mean_full_change_precond;eeg_pleft_halpha_mean_full_change_precond;eeg_c_specent_full_change_precond;pupil_asymmetry_full_change_precond"
2025-11-26 18:05:50.982013,8,"stress_label",20,8,0.0625,0.576923076923077,0.615384615384615,NA,20,"top20","eeg_tleft_sampent_full_change_precond;eeg_c_theta_mean_full_change_precond;eeg_t_sampent_full_change_precond;eeg_tleft_halpha_mean_full_change_precond;eeg_fl_hbeta_mean_full_change_precond;pupil_dilation_sd_full_change_precond;eeg_fr_sampent_full_change_precond;eeg_pright_sampent_full_change_precond;gsr_skin_conductance_eda_tonic_mean_nk_full_change_precond;eeg_tleft_lalpha_mean_full_change_precond;hrv_rmssd_full_change_precond;eeg_fm_sampent_full_change_precond;eeg_fm_theta_mean_full_change_precond;eeg_tright_halpha_mean_full_change_precond;hr_heartrate_bpm_med_abs_full_change_precond;eeg_c_sampent_full_change_precond;eeg_tleft_hbeta_mean_full_change_precond;eeg_pleft_halpha_mean_full_change_precond;eeg_c_specent_full_change_precond;pupil_asymmetry_full_change_precond"
2025-11-26 18:05:52.15932,8,"stress_label",20,16,0.0625,0.576923076923077,0.608974358974359,NA,20,"top20","eeg_tleft_sampent_full_change_precond;eeg_c_theta_mean_full_change_precond;eeg_t_sampent_full_change_precond;eeg_tleft_halpha_mean_full_change_precond;eeg_fl_hbeta_mean_full_change_precond;pupil_dilation_sd_full_change_precond;eeg_fr_sampent_full_change_precond;eeg_pright_sampent_full_change_precond;gsr_skin_conductance_eda_tonic_mean_nk_full_change_precond;eeg_tleft_lalpha_mean_full_change_precond;hrv_rmssd_full_change_precond;eeg_fm_sampent_full_change_precond;eeg_fm_theta_mean_full_change_precond;eeg_tright_halpha_mean_full_change_precond;hr_heartrate_bpm_med_abs_full_change_precond;eeg_c_sampent_full_change_precond;eeg_tleft_hbeta_mean_full_change_precond;eeg_pleft_halpha_mean_full_change_precond;eeg_c_specent_full_change_precond;pupil_asymmetry_full_change_precond"
2025-11-26 18:05:53.28398,8,"stress_label",20,32,0.0625,0.576923076923077,0.608974358974359,NA,20,"top20","eeg_tleft_sampent_full_change_precond;eeg_c_theta_mean_full_change_precond;eeg_t_sampent_full_change_precond;eeg_tleft_halpha_mean_full_change_precond;eeg_fl_hbeta_mean_full_change_precond;pupil_dilation_sd_full_change_precond;eeg_fr_sampent_full_change_precond;eeg_pright_sampent_full_change_precond;gsr_skin_conductance_eda_tonic_mean_nk_full_change_precond;eeg_tleft_lalpha_mean_full_change_precond;hrv_rmssd_full_change_precond;eeg_fm_sampent_full_change_precond;eeg_fm_theta_mean_full_change_precond;eeg_tright_halpha_mean_full_change_precond;hr_heartrate_bpm_med_abs_full_change_precond;eeg_c_sampent_full_change_precond;eeg_tleft_hbeta_mean_full_change_precond;eeg_pleft_halpha_mean_full_change_precond;eeg_c_specent_full_change_precond;pupil_asymmetry_full_change_precond"
2025-11-26 18:05:54.446314,8,"stress_label",20,64,0.0625,0.576923076923077,0.608974358974359,NA,20,"top20","eeg_tleft_sampent_full_change_precond;eeg_c_theta_mean_full_change_precond;eeg_t_sampent_full_change_precond;eeg_tleft_halpha_mean_full_change_precond;eeg_fl_hbeta_mean_full_change_precond;pupil_dilation_sd_full_change_precond;eeg_fr_sampent_full_change_precond;eeg_pright_sampent_full_change_precond;gsr_skin_conductance_eda_tonic_mean_nk_full_change_precond;eeg_tleft_lalpha_mean_full_change_precond;hrv_rmssd_full_change_precond;eeg_fm_sampent_full_change_precond;eeg_fm_theta_mean_full_change_precond;eeg_tright_halpha_mean_full_change_precond;hr_heartrate_bpm_med_abs_full_change_precond;eeg_c_sampent_full_change_precond;eeg_tleft_hbeta_mean_full_change_precond;eeg_pleft_halpha_mean_full_change_precond;eeg_c_specent_full_change_precond;pupil_asymmetry_full_change_precond"
2025-11-26 18:05:55.619319,8,"stress_label",20,128,0.0625,0.576923076923077,0.608974358974359,NA,20,"top20","eeg_tleft_sampent_full_change_precond;eeg_c_theta_mean_full_change_precond;eeg_t_sampent_full_change_precond;eeg_tleft_halpha_mean_full_change_precond;eeg_fl_hbeta_mean_full_change_precond;pupil_dilation_sd_full_change_precond;eeg_fr_sampent_full_change_precond;eeg_pright_sampent_full_change_precond;gsr_skin_conductance_eda_tonic_mean_nk_full_change_precond;eeg_tleft_lalpha_mean_full_change_precond;hrv_rmssd_full_change_precond;eeg_fm_sampent_full_change_precond;eeg_fm_theta_mean_full_change_precond;eeg_tright_halpha_mean_full_change_precond;hr_heartrate_bpm_med_abs_full_change_precond;eeg_c_sampent_full_change_precond;eeg_tleft_hbeta_mean_full_change_precond;eeg_pleft_halpha_mean_full_change_precond;eeg_c_specent_full_change_precond;pupil_asymmetry_full_change_precond"
2025-11-26 18:05:56.79874,8,"stress_label",20,256,0.0625,0.576923076923077,0.608974358974359,NA,20,"top20","eeg_tleft_sampent_full_change_precond;eeg_c_theta_mean_full_change_precond;eeg_t_sampent_full_change_precond;eeg_tleft_halpha_mean_full_change_precond;eeg_fl_hbeta_mean_full_change_precond;pupil_dilation_sd_full_change_precond;eeg_fr_sampent_full_change_precond;eeg_pright_sampent_full_change_precond;gsr_skin_conductance_eda_tonic_mean_nk_full_change_precond;eeg_tleft_lalpha_mean_full_change_precond;hrv_rmssd_full_change_precond;eeg_fm_sampent_full_change_precond;eeg_fm_theta_mean_full_change_precond;eeg_tright_halpha_mean_full_change_precond;hr_heartrate_bpm_med_abs_full_change_precond;eeg_c_sampent_full_change_precond;eeg_tleft_hbeta_mean_full_change_precond;eeg_pleft_halpha_mean_full_change_precond;eeg_c_specent_full_change_precond;pupil_asymmetry_full_change_precond"
2025-11-26 18:05:57.915788,8,"stress_label",20,2,0.125,0.564102564102564,0.608974358974359,NA,20,"top20","eeg_tleft_sampent_full_change_precond;eeg_c_theta_mean_full_change_precond;eeg_t_sampent_full_change_precond;eeg_tleft_halpha_mean_full_change_precond;eeg_fl_hbeta_mean_full_change_precond;pupil_dilation_sd_full_change_precond;eeg_fr_sampent_full_change_precond;eeg_pright_sampent_full_change_precond;gsr_skin_conductance_eda_tonic_mean_nk_full_change_precond;eeg_tleft_lalpha_mean_full_change_precond;hrv_rmssd_full_change_precond;eeg_fm_sampent_full_change_precond;eeg_fm_theta_mean_full_change_precond;eeg_tright_halpha_mean_full_change_precond;hr_heartrate_bpm_med_abs_full_change_precond;eeg_c_sampent_full_change_precond;eeg_tleft_hbeta_mean_full_change_precond;eeg_pleft_halpha_mean_full_change_precond;eeg_c_specent_full_change_precond;pupil_asymmetry_full_change_precond"
2025-11-26 18:05:58.981781,8,"stress_label",20,4,0.125,0.583333333333333,0.621794871794872,NA,20,"top20","eeg_tleft_sampent_full_change_precond;eeg_c_theta_mean_full_change_precond;eeg_t_sampent_full_change_precond;eeg_tleft_halpha_mean_full_change_precond;eeg_fl_hbeta_mean_full_change_precond;pupil_dilation_sd_full_change_precond;eeg_fr_sampent_full_change_precond;eeg_pright_sampent_full_change_precond;gsr_skin_conductance_eda_tonic_mean_nk_full_change_precond;eeg_tleft_lalpha_mean_full_change_precond;hrv_rmssd_full_change_precond;eeg_fm_sampent_full_change_precond;eeg_fm_theta_mean_full_change_precond;eeg_tright_halpha_mean_full_change_precond;hr_heartrate_bpm_med_abs_full_change_precond;eeg_c_sampent_full_change_precond;eeg_tleft_hbeta_mean_full_change_precond;eeg_pleft_halpha_mean_full_change_precond;eeg_c_specent_full_change_precond;pupil_asymmetry_full_change_precond"
2025-11-26 18:06:00.081757,8,"stress_label",20,8,0.125,0.583333333333333,0.647435897435897,NA,20,"top20","eeg_tleft_sampent_full_change_precond;eeg_c_theta_mean_full_change_precond;eeg_t_sampent_full_change_precond;eeg_tleft_halpha_mean_full_change_precond;eeg_fl_hbeta_mean_full_change_precond;pupil_dilation_sd_full_change_precond;eeg_fr_sampent_full_change_precond;eeg_pright_sampent_full_change_precond;gsr_skin_conductance_eda_tonic_mean_nk_full_change_precond;eeg_tleft_lalpha_mean_full_change_precond;hrv_rmssd_full_change_precond;eeg_fm_sampent_full_change_precond;eeg_fm_theta_mean_full_change_precond;eeg_tright_halpha_mean_full_change_precond;hr_heartrate_bpm_med_abs_full_change_precond;eeg_c_sampent_full_change_precond;eeg_tleft_hbeta_mean_full_change_precond;eeg_pleft_halpha_mean_full_change_precond;eeg_c_specent_full_change_precond;pupil_asymmetry_full_change_precond"
2025-11-26 18:06:01.141667,8,"stress_label",20,16,0.125,0.583333333333333,0.647435897435897,NA,20,"top20","eeg_tleft_sampent_full_change_precond;eeg_c_theta_mean_full_change_precond;eeg_t_sampent_full_change_precond;eeg_tleft_halpha_mean_full_change_precond;eeg_fl_hbeta_mean_full_change_precond;pupil_dilation_sd_full_change_precond;eeg_fr_sampent_full_change_precond;eeg_pright_sampent_full_change_precond;gsr_skin_conductance_eda_tonic_mean_nk_full_change_precond;eeg_tleft_lalpha_mean_full_change_precond;hrv_rmssd_full_change_precond;eeg_fm_sampent_full_change_precond;eeg_fm_theta_mean_full_change_precond;eeg_tright_halpha_mean_full_change_precond;hr_heartrate_bpm_med_abs_full_change_precond;eeg_c_sampent_full_change_precond;eeg_tleft_hbeta_mean_full_change_precond;eeg_pleft_halpha_mean_full_change_precond;eeg_c_specent_full_change_precond;pupil_asymmetry_full_change_precond"
2025-11-26 18:06:02.249873,8,"stress_label",20,32,0.125,0.583333333333333,0.647435897435897,NA,20,"top20","eeg_tleft_sampent_full_change_precond;eeg_c_theta_mean_full_change_precond;eeg_t_sampent_full_change_precond;eeg_tleft_halpha_mean_full_change_precond;eeg_fl_hbeta_mean_full_change_precond;pupil_dilation_sd_full_change_precond;eeg_fr_sampent_full_change_precond;eeg_pright_sampent_full_change_precond;gsr_skin_conductance_eda_tonic_mean_nk_full_change_precond;eeg_tleft_lalpha_mean_full_change_precond;hrv_rmssd_full_change_precond;eeg_fm_sampent_full_change_precond;eeg_fm_theta_mean_full_change_precond;eeg_tright_halpha_mean_full_change_precond;hr_heartrate_bpm_med_abs_full_change_precond;eeg_c_sampent_full_change_precond;eeg_tleft_hbeta_mean_full_change_precond;eeg_pleft_halpha_mean_full_change_precond;eeg_c_specent_full_change_precond;pupil_asymmetry_full_change_precond"
2025-11-26 18:06:03.419042,8,"stress_label",20,64,0.125,0.583333333333333,0.647435897435897,NA,20,"top20","eeg_tleft_sampent_full_change_precond;eeg_c_theta_mean_full_change_precond;eeg_t_sampent_full_change_precond;eeg_tleft_halpha_mean_full_change_precond;eeg_fl_hbeta_mean_full_change_precond;pupil_dilation_sd_full_change_precond;eeg_fr_sampent_full_change_precond;eeg_pright_sampent_full_change_precond;gsr_skin_conductance_eda_tonic_mean_nk_full_change_precond;eeg_tleft_lalpha_mean_full_change_precond;hrv_rmssd_full_change_precond;eeg_fm_sampent_full_change_precond;eeg_fm_theta_mean_full_change_precond;eeg_tright_halpha_mean_full_change_precond;hr_heartrate_bpm_med_abs_full_change_precond;eeg_c_sampent_full_change_precond;eeg_tleft_hbeta_mean_full_change_precond;eeg_pleft_halpha_mean_full_change_precond;eeg_c_specent_full_change_precond;pupil_asymmetry_full_change_precond"
2025-11-26 18:06:04.422465,8,"stress_label",20,128,0.125,0.583333333333333,0.647435897435897,NA,20,"top20","eeg_tleft_sampent_full_change_precond;eeg_c_theta_mean_full_change_precond;eeg_t_sampent_full_change_precond;eeg_tleft_halpha_mean_full_change_precond;eeg_fl_hbeta_mean_full_change_precond;pupil_dilation_sd_full_change_precond;eeg_fr_sampent_full_change_precond;eeg_pright_sampent_full_change_precond;gsr_skin_conductance_eda_tonic_mean_nk_full_change_precond;eeg_tleft_lalpha_mean_full_change_precond;hrv_rmssd_full_change_precond;eeg_fm_sampent_full_change_precond;eeg_fm_theta_mean_full_change_precond;eeg_tright_halpha_mean_full_change_precond;hr_heartrate_bpm_med_abs_full_change_precond;eeg_c_sampent_full_change_precond;eeg_tleft_hbeta_mean_full_change_precond;eeg_pleft_halpha_mean_full_change_precond;eeg_c_specent_full_change_precond;pupil_asymmetry_full_change_precond"
2025-11-26 18:06:05.449783,8,"stress_label",20,256,0.125,0.583333333333333,0.647435897435897,NA,20,"top20","eeg_tleft_sampent_full_change_precond;eeg_c_theta_mean_full_change_precond;eeg_t_sampent_full_change_precond;eeg_tleft_halpha_mean_full_change_precond;eeg_fl_hbeta_mean_full_change_precond;pupil_dilation_sd_full_change_precond;eeg_fr_sampent_full_change_precond;eeg_pright_sampent_full_change_precond;gsr_skin_conductance_eda_tonic_mean_nk_full_change_precond;eeg_tleft_lalpha_mean_full_change_precond;hrv_rmssd_full_change_precond;eeg_fm_sampent_full_change_precond;eeg_fm_theta_mean_full_change_precond;eeg_tright_halpha_mean_full_change_precond;hr_heartrate_bpm_med_abs_full_change_precond;eeg_c_sampent_full_change_precond;eeg_tleft_hbeta_mean_full_change_precond;eeg_pleft_halpha_mean_full_change_precond;eeg_c_specent_full_change_precond;pupil_asymmetry_full_change_precond"
2025-11-26 18:06:06.468429,8,"stress_label",20,2,0.03,0.544871794871795,0.596153846153846,NA,20,"top20","eeg_tleft_sampent_full_change_precond;eeg_c_theta_mean_full_change_precond;eeg_t_sampent_full_change_precond;eeg_tleft_halpha_mean_full_change_precond;eeg_fl_hbeta_mean_full_change_precond;pupil_dilation_sd_full_change_precond;eeg_fr_sampent_full_change_precond;eeg_pright_sampent_full_change_precond;gsr_skin_conductance_eda_tonic_mean_nk_full_change_precond;eeg_tleft_lalpha_mean_full_change_precond;hrv_rmssd_full_change_precond;eeg_fm_sampent_full_change_precond;eeg_fm_theta_mean_full_change_precond;eeg_tright_halpha_mean_full_change_precond;hr_heartrate_bpm_med_abs_full_change_precond;eeg_c_sampent_full_change_precond;eeg_tleft_hbeta_mean_full_change_precond;eeg_pleft_halpha_mean_full_change_precond;eeg_c_specent_full_change_precond;pupil_asymmetry_full_change_precond"
2025-11-26 18:06:07.528949,8,"stress_label",20,4,0.03,0.57051282051282,0.621794871794872,NA,20,"top20","eeg_tleft_sampent_full_change_precond;eeg_c_theta_mean_full_change_precond;eeg_t_sampent_full_change_precond;eeg_tleft_halpha_mean_full_change_precond;eeg_fl_hbeta_mean_full_change_precond;pupil_dilation_sd_full_change_precond;eeg_fr_sampent_full_change_precond;eeg_pright_sampent_full_change_precond;gsr_skin_conductance_eda_tonic_mean_nk_full_change_precond;eeg_tleft_lalpha_mean_full_change_precond;hrv_rmssd_full_change_precond;eeg_fm_sampent_full_change_precond;eeg_fm_theta_mean_full_change_precond;eeg_tright_halpha_mean_full_change_precond;hr_heartrate_bpm_med_abs_full_change_precond;eeg_c_sampent_full_change_precond;eeg_tleft_hbeta_mean_full_change_precond;eeg_pleft_halpha_mean_full_change_precond;eeg_c_specent_full_change_precond;pupil_asymmetry_full_change_precond"
2025-11-26 18:06:08.503082,8,"stress_label",20,8,0.03,0.532051282051282,0.544871794871795,NA,20,"top20","eeg_tleft_sampent_full_change_precond;eeg_c_theta_mean_full_change_precond;eeg_t_sampent_full_change_precond;eeg_tleft_halpha_mean_full_change_precond;eeg_fl_hbeta_mean_full_change_precond;pupil_dilation_sd_full_change_precond;eeg_fr_sampent_full_change_precond;eeg_pright_sampent_full_change_precond;gsr_skin_conductance_eda_tonic_mean_nk_full_change_precond;eeg_tleft_lalpha_mean_full_change_precond;hrv_rmssd_full_change_precond;eeg_fm_sampent_full_change_precond;eeg_fm_theta_mean_full_change_precond;eeg_tright_halpha_mean_full_change_precond;hr_heartrate_bpm_med_abs_full_change_precond;eeg_c_sampent_full_change_precond;eeg_tleft_hbeta_mean_full_change_precond;eeg_pleft_halpha_mean_full_change_precond;eeg_c_specent_full_change_precond;pupil_asymmetry_full_change_precond"
2025-11-26 18:06:09.517281,8,"stress_label",20,16,0.03,0.532051282051282,0.557692307692308,NA,20,"top20","eeg_tleft_sampent_full_change_precond;eeg_c_theta_mean_full_change_precond;eeg_t_sampent_full_change_precond;eeg_tleft_halpha_mean_full_change_precond;eeg_fl_hbeta_mean_full_change_precond;pupil_dilation_sd_full_change_precond;eeg_fr_sampent_full_change_precond;eeg_pright_sampent_full_change_precond;gsr_skin_conductance_eda_tonic_mean_nk_full_change_precond;eeg_tleft_lalpha_mean_full_change_precond;hrv_rmssd_full_change_precond;eeg_fm_sampent_full_change_precond;eeg_fm_theta_mean_full_change_precond;eeg_tright_halpha_mean_full_change_precond;hr_heartrate_bpm_med_abs_full_change_precond;eeg_c_sampent_full_change_precond;eeg_tleft_hbeta_mean_full_change_precond;eeg_pleft_halpha_mean_full_change_precond;eeg_c_specent_full_change_precond;pupil_asymmetry_full_change_precond"
2025-11-26 18:06:10.573708,8,"stress_label",20,32,0.03,0.557692307692308,0.596153846153846,NA,20,"top20","eeg_tleft_sampent_full_change_precond;eeg_c_theta_mean_full_change_precond;eeg_t_sampent_full_change_precond;eeg_tleft_halpha_mean_full_change_precond;eeg_fl_hbeta_mean_full_change_precond;pupil_dilation_sd_full_change_precond;eeg_fr_sampent_full_change_precond;eeg_pright_sampent_full_change_precond;gsr_skin_conductance_eda_tonic_mean_nk_full_change_precond;eeg_tleft_lalpha_mean_full_change_precond;hrv_rmssd_full_change_precond;eeg_fm_sampent_full_change_precond;eeg_fm_theta_mean_full_change_precond;eeg_tright_halpha_mean_full_change_precond;hr_heartrate_bpm_med_abs_full_change_precond;eeg_c_sampent_full_change_precond;eeg_tleft_hbeta_mean_full_change_precond;eeg_pleft_halpha_mean_full_change_precond;eeg_c_specent_full_change_precond;pupil_asymmetry_full_change_precond"
2025-11-26 18:06:11.73255,8,"stress_label",20,64,0.03,0.557692307692308,0.551282051282051,NA,20,"top20","eeg_tleft_sampent_full_change_precond;eeg_c_theta_mean_full_change_precond;eeg_t_sampent_full_change_precond;eeg_tleft_halpha_mean_full_change_precond;eeg_fl_hbeta_mean_full_change_precond;pupil_dilation_sd_full_change_precond;eeg_fr_sampent_full_change_precond;eeg_pright_sampent_full_change_precond;gsr_skin_conductance_eda_tonic_mean_nk_full_change_precond;eeg_tleft_lalpha_mean_full_change_precond;hrv_rmssd_full_change_precond;eeg_fm_sampent_full_change_precond;eeg_fm_theta_mean_full_change_precond;eeg_tright_halpha_mean_full_change_precond;hr_heartrate_bpm_med_abs_full_change_precond;eeg_c_sampent_full_change_precond;eeg_tleft_hbeta_mean_full_change_precond;eeg_pleft_halpha_mean_full_change_precond;eeg_c_specent_full_change_precond;pupil_asymmetry_full_change_precond"
2025-11-26 18:06:12.840136,8,"stress_label",20,128,0.03,0.557692307692308,0.551282051282051,NA,20,"top20","eeg_tleft_sampent_full_change_precond;eeg_c_theta_mean_full_change_precond;eeg_t_sampent_full_change_precond;eeg_tleft_halpha_mean_full_change_precond;eeg_fl_hbeta_mean_full_change_precond;pupil_dilation_sd_full_change_precond;eeg_fr_sampent_full_change_precond;eeg_pright_sampent_full_change_precond;gsr_skin_conductance_eda_tonic_mean_nk_full_change_precond;eeg_tleft_lalpha_mean_full_change_precond;hrv_rmssd_full_change_precond;eeg_fm_sampent_full_change_precond;eeg_fm_theta_mean_full_change_precond;eeg_tright_halpha_mean_full_change_precond;hr_heartrate_bpm_med_abs_full_change_precond;eeg_c_sampent_full_change_precond;eeg_tleft_hbeta_mean_full_change_precond;eeg_pleft_halpha_mean_full_change_precond;eeg_c_specent_full_change_precond;pupil_asymmetry_full_change_precond"
2025-11-26 18:06:14.087154,8,"stress_label",20,256,0.03,0.557692307692308,0.525641025641026,NA,20,"top20","eeg_tleft_sampent_full_change_precond;eeg_c_theta_mean_full_change_precond;eeg_t_sampent_full_change_precond;eeg_tleft_halpha_mean_full_change_precond;eeg_fl_hbeta_mean_full_change_precond;pupil_dilation_sd_full_change_precond;eeg_fr_sampent_full_change_precond;eeg_pright_sampent_full_change_precond;gsr_skin_conductance_eda_tonic_mean_nk_full_change_precond;eeg_tleft_lalpha_mean_full_change_precond;hrv_rmssd_full_change_precond;eeg_fm_sampent_full_change_precond;eeg_fm_theta_mean_full_change_precond;eeg_tright_halpha_mean_full_change_precond;hr_heartrate_bpm_med_abs_full_change_precond;eeg_c_sampent_full_change_precond;eeg_tleft_hbeta_mean_full_change_precond;eeg_pleft_halpha_mean_full_change_precond;eeg_c_specent_full_change_precond;pupil_asymmetry_full_change_precond"
2025-11-26 18:06:15.18281,8,"stress_label",20,2,0.06,0.544871794871795,0.564102564102564,NA,20,"top20","eeg_tleft_sampent_full_change_precond;eeg_c_theta_mean_full_change_precond;eeg_t_sampent_full_change_precond;eeg_tleft_halpha_mean_full_change_precond;eeg_fl_hbeta_mean_full_change_precond;pupil_dilation_sd_full_change_precond;eeg_fr_sampent_full_change_precond;eeg_pright_sampent_full_change_precond;gsr_skin_conductance_eda_tonic_mean_nk_full_change_precond;eeg_tleft_lalpha_mean_full_change_precond;hrv_rmssd_full_change_precond;eeg_fm_sampent_full_change_precond;eeg_fm_theta_mean_full_change_precond;eeg_tright_halpha_mean_full_change_precond;hr_heartrate_bpm_med_abs_full_change_precond;eeg_c_sampent_full_change_precond;eeg_tleft_hbeta_mean_full_change_precond;eeg_pleft_halpha_mean_full_change_precond;eeg_c_specent_full_change_precond;pupil_asymmetry_full_change_precond"
2025-11-26 18:06:16.250195,8,"stress_label",20,4,0.06,0.57051282051282,0.583333333333333,NA,20,"top20","eeg_tleft_sampent_full_change_precond;eeg_c_theta_mean_full_change_precond;eeg_t_sampent_full_change_precond;eeg_tleft_halpha_mean_full_change_precond;eeg_fl_hbeta_mean_full_change_precond;pupil_dilation_sd_full_change_precond;eeg_fr_sampent_full_change_precond;eeg_pright_sampent_full_change_precond;gsr_skin_conductance_eda_tonic_mean_nk_full_change_precond;eeg_tleft_lalpha_mean_full_change_precond;hrv_rmssd_full_change_precond;eeg_fm_sampent_full_change_precond;eeg_fm_theta_mean_full_change_precond;eeg_tright_halpha_mean_full_change_precond;hr_heartrate_bpm_med_abs_full_change_precond;eeg_c_sampent_full_change_precond;eeg_tleft_hbeta_mean_full_change_precond;eeg_pleft_halpha_mean_full_change_precond;eeg_c_specent_full_change_precond;pupil_asymmetry_full_change_precond"
2025-11-26 18:06:17.259064,8,"stress_label",20,8,0.06,0.57051282051282,0.615384615384615,NA,20,"top20","eeg_tleft_sampent_full_change_precond;eeg_c_theta_mean_full_change_precond;eeg_t_sampent_full_change_precond;eeg_tleft_halpha_mean_full_change_precond;eeg_fl_hbeta_mean_full_change_precond;pupil_dilation_sd_full_change_precond;eeg_fr_sampent_full_change_precond;eeg_pright_sampent_full_change_precond;gsr_skin_conductance_eda_tonic_mean_nk_full_change_precond;eeg_tleft_lalpha_mean_full_change_precond;hrv_rmssd_full_change_precond;eeg_fm_sampent_full_change_precond;eeg_fm_theta_mean_full_change_precond;eeg_tright_halpha_mean_full_change_precond;hr_heartrate_bpm_med_abs_full_change_precond;eeg_c_sampent_full_change_precond;eeg_tleft_hbeta_mean_full_change_precond;eeg_pleft_halpha_mean_full_change_precond;eeg_c_specent_full_change_precond;pupil_asymmetry_full_change_precond"
2025-11-26 18:06:18.362795,8,"stress_label",20,16,0.06,0.576923076923077,0.608974358974359,NA,20,"top20","eeg_tleft_sampent_full_change_precond;eeg_c_theta_mean_full_change_precond;eeg_t_sampent_full_change_precond;eeg_tleft_halpha_mean_full_change_precond;eeg_fl_hbeta_mean_full_change_precond;pupil_dilation_sd_full_change_precond;eeg_fr_sampent_full_change_precond;eeg_pright_sampent_full_change_precond;gsr_skin_conductance_eda_tonic_mean_nk_full_change_precond;eeg_tleft_lalpha_mean_full_change_precond;hrv_rmssd_full_change_precond;eeg_fm_sampent_full_change_precond;eeg_fm_theta_mean_full_change_precond;eeg_tright_halpha_mean_full_change_precond;hr_heartrate_bpm_med_abs_full_change_precond;eeg_c_sampent_full_change_precond;eeg_tleft_hbeta_mean_full_change_precond;eeg_pleft_halpha_mean_full_change_precond;eeg_c_specent_full_change_precond;pupil_asymmetry_full_change_precond"
2025-11-26 18:06:19.537954,8,"stress_label",20,32,0.06,0.576923076923077,0.608974358974359,NA,20,"top20","eeg_tleft_sampent_full_change_precond;eeg_c_theta_mean_full_change_precond;eeg_t_sampent_full_change_precond;eeg_tleft_halpha_mean_full_change_precond;eeg_fl_hbeta_mean_full_change_precond;pupil_dilation_sd_full_change_precond;eeg_fr_sampent_full_change_precond;eeg_pright_sampent_full_change_precond;gsr_skin_conductance_eda_tonic_mean_nk_full_change_precond;eeg_tleft_lalpha_mean_full_change_precond;hrv_rmssd_full_change_precond;eeg_fm_sampent_full_change_precond;eeg_fm_theta_mean_full_change_precond;eeg_tright_halpha_mean_full_change_precond;hr_heartrate_bpm_med_abs_full_change_precond;eeg_c_sampent_full_change_precond;eeg_tleft_hbeta_mean_full_change_precond;eeg_pleft_halpha_mean_full_change_precond;eeg_c_specent_full_change_precond;pupil_asymmetry_full_change_precond"
2025-11-26 18:06:20.550965,8,"stress_label",20,64,0.06,0.576923076923077,0.608974358974359,NA,20,"top20","eeg_tleft_sampent_full_change_precond;eeg_c_theta_mean_full_change_precond;eeg_t_sampent_full_change_precond;eeg_tleft_halpha_mean_full_change_precond;eeg_fl_hbeta_mean_full_change_precond;pupil_dilation_sd_full_change_precond;eeg_fr_sampent_full_change_precond;eeg_pright_sampent_full_change_precond;gsr_skin_conductance_eda_tonic_mean_nk_full_change_precond;eeg_tleft_lalpha_mean_full_change_precond;hrv_rmssd_full_change_precond;eeg_fm_sampent_full_change_precond;eeg_fm_theta_mean_full_change_precond;eeg_tright_halpha_mean_full_change_precond;hr_heartrate_bpm_med_abs_full_change_precond;eeg_c_sampent_full_change_precond;eeg_tleft_hbeta_mean_full_change_precond;eeg_pleft_halpha_mean_full_change_precond;eeg_c_specent_full_change_precond;pupil_asymmetry_full_change_precond"
2025-11-26 18:06:21.641327,8,"stress_label",20,128,0.06,0.576923076923077,0.608974358974359,NA,20,"top20","eeg_tleft_sampent_full_change_precond;eeg_c_theta_mean_full_change_precond;eeg_t_sampent_full_change_precond;eeg_tleft_halpha_mean_full_change_precond;eeg_fl_hbeta_mean_full_change_precond;pupil_dilation_sd_full_change_precond;eeg_fr_sampent_full_change_precond;eeg_pright_sampent_full_change_precond;gsr_skin_conductance_eda_tonic_mean_nk_full_change_precond;eeg_tleft_lalpha_mean_full_change_precond;hrv_rmssd_full_change_precond;eeg_fm_sampent_full_change_precond;eeg_fm_theta_mean_full_change_precond;eeg_tright_halpha_mean_full_change_precond;hr_heartrate_bpm_med_abs_full_change_precond;eeg_c_sampent_full_change_precond;eeg_tleft_hbeta_mean_full_change_precond;eeg_pleft_halpha_mean_full_change_precond;eeg_c_specent_full_change_precond;pupil_asymmetry_full_change_precond"
2025-11-26 18:06:22.640237,8,"stress_label",20,256,0.06,0.576923076923077,0.608974358974359,NA,20,"top20","eeg_tleft_sampent_full_change_precond;eeg_c_theta_mean_full_change_precond;eeg_t_sampent_full_change_precond;eeg_tleft_halpha_mean_full_change_precond;eeg_fl_hbeta_mean_full_change_precond;pupil_dilation_sd_full_change_precond;eeg_fr_sampent_full_change_precond;eeg_pright_sampent_full_change_precond;gsr_skin_conductance_eda_tonic_mean_nk_full_change_precond;eeg_tleft_lalpha_mean_full_change_precond;hrv_rmssd_full_change_precond;eeg_fm_sampent_full_change_precond;eeg_fm_theta_mean_full_change_precond;eeg_tright_halpha_mean_full_change_precond;hr_heartrate_bpm_med_abs_full_change_precond;eeg_c_sampent_full_change_precond;eeg_tleft_hbeta_mean_full_change_precond;eeg_pleft_halpha_mean_full_change_precond;eeg_c_specent_full_change_precond;pupil_asymmetry_full_change_precond"
2025-11-26 18:06:23.785512,8,"stress_label",20,2,0.1,0.564102564102564,0.58974358974359,NA,20,"top20","eeg_tleft_sampent_full_change_precond;eeg_c_theta_mean_full_change_precond;eeg_t_sampent_full_change_precond;eeg_tleft_halpha_mean_full_change_precond;eeg_fl_hbeta_mean_full_change_precond;pupil_dilation_sd_full_change_precond;eeg_fr_sampent_full_change_precond;eeg_pright_sampent_full_change_precond;gsr_skin_conductance_eda_tonic_mean_nk_full_change_precond;eeg_tleft_lalpha_mean_full_change_precond;hrv_rmssd_full_change_precond;eeg_fm_sampent_full_change_precond;eeg_fm_theta_mean_full_change_precond;eeg_tright_halpha_mean_full_change_precond;hr_heartrate_bpm_med_abs_full_change_precond;eeg_c_sampent_full_change_precond;eeg_tleft_hbeta_mean_full_change_precond;eeg_pleft_halpha_mean_full_change_precond;eeg_c_specent_full_change_precond;pupil_asymmetry_full_change_precond"
2025-11-26 18:06:24.883738,8,"stress_label",20,4,0.1,0.57051282051282,0.634615384615385,NA,20,"top20","eeg_tleft_sampent_full_change_precond;eeg_c_theta_mean_full_change_precond;eeg_t_sampent_full_change_precond;eeg_tleft_halpha_mean_full_change_precond;eeg_fl_hbeta_mean_full_change_precond;pupil_dilation_sd_full_change_precond;eeg_fr_sampent_full_change_precond;eeg_pright_sampent_full_change_precond;gsr_skin_conductance_eda_tonic_mean_nk_full_change_precond;eeg_tleft_lalpha_mean_full_change_precond;hrv_rmssd_full_change_precond;eeg_fm_sampent_full_change_precond;eeg_fm_theta_mean_full_change_precond;eeg_tright_halpha_mean_full_change_precond;hr_heartrate_bpm_med_abs_full_change_precond;eeg_c_sampent_full_change_precond;eeg_tleft_hbeta_mean_full_change_precond;eeg_pleft_halpha_mean_full_change_precond;eeg_c_specent_full_change_precond;pupil_asymmetry_full_change_precond"
2025-11-26 18:06:26.012965,8,"stress_label",20,8,0.1,0.576923076923077,0.628205128205128,NA,20,"top20","eeg_tleft_sampent_full_change_precond;eeg_c_theta_mean_full_change_precond;eeg_t_sampent_full_change_precond;eeg_tleft_halpha_mean_full_change_precond;eeg_fl_hbeta_mean_full_change_precond;pupil_dilation_sd_full_change_precond;eeg_fr_sampent_full_change_precond;eeg_pright_sampent_full_change_precond;gsr_skin_conductance_eda_tonic_mean_nk_full_change_precond;eeg_tleft_lalpha_mean_full_change_precond;hrv_rmssd_full_change_precond;eeg_fm_sampent_full_change_precond;eeg_fm_theta_mean_full_change_precond;eeg_tright_halpha_mean_full_change_precond;hr_heartrate_bpm_med_abs_full_change_precond;eeg_c_sampent_full_change_precond;eeg_tleft_hbeta_mean_full_change_precond;eeg_pleft_halpha_mean_full_change_precond;eeg_c_specent_full_change_precond;pupil_asymmetry_full_change_precond"
2025-11-26 18:06:27.135979,8,"stress_label",20,16,0.1,0.576923076923077,0.628205128205128,NA,20,"top20","eeg_tleft_sampent_full_change_precond;eeg_c_theta_mean_full_change_precond;eeg_t_sampent_full_change_precond;eeg_tleft_halpha_mean_full_change_precond;eeg_fl_hbeta_mean_full_change_precond;pupil_dilation_sd_full_change_precond;eeg_fr_sampent_full_change_precond;eeg_pright_sampent_full_change_precond;gsr_skin_conductance_eda_tonic_mean_nk_full_change_precond;eeg_tleft_lalpha_mean_full_change_precond;hrv_rmssd_full_change_precond;eeg_fm_sampent_full_change_precond;eeg_fm_theta_mean_full_change_precond;eeg_tright_halpha_mean_full_change_precond;hr_heartrate_bpm_med_abs_full_change_precond;eeg_c_sampent_full_change_precond;eeg_tleft_hbeta_mean_full_change_precond;eeg_pleft_halpha_mean_full_change_precond;eeg_c_specent_full_change_precond;pupil_asymmetry_full_change_precond"
2025-11-26 18:06:28.224382,8,"stress_label",20,32,0.1,0.576923076923077,0.628205128205128,NA,20,"top20","eeg_tleft_sampent_full_change_precond;eeg_c_theta_mean_full_change_precond;eeg_t_sampent_full_change_precond;eeg_tleft_halpha_mean_full_change_precond;eeg_fl_hbeta_mean_full_change_precond;pupil_dilation_sd_full_change_precond;eeg_fr_sampent_full_change_precond;eeg_pright_sampent_full_change_precond;gsr_skin_conductance_eda_tonic_mean_nk_full_change_precond;eeg_tleft_lalpha_mean_full_change_precond;hrv_rmssd_full_change_precond;eeg_fm_sampent_full_change_precond;eeg_fm_theta_mean_full_change_precond;eeg_tright_halpha_mean_full_change_precond;hr_heartrate_bpm_med_abs_full_change_precond;eeg_c_sampent_full_change_precond;eeg_tleft_hbeta_mean_full_change_precond;eeg_pleft_halpha_mean_full_change_precond;eeg_c_specent_full_change_precond;pupil_asymmetry_full_change_precond"
2025-11-26 18:06:29.337429,8,"stress_label",20,64,0.1,0.576923076923077,0.628205128205128,NA,20,"top20","eeg_tleft_sampent_full_change_precond;eeg_c_theta_mean_full_change_precond;eeg_t_sampent_full_change_precond;eeg_tleft_halpha_mean_full_change_precond;eeg_fl_hbeta_mean_full_change_precond;pupil_dilation_sd_full_change_precond;eeg_fr_sampent_full_change_precond;eeg_pright_sampent_full_change_precond;gsr_skin_conductance_eda_tonic_mean_nk_full_change_precond;eeg_tleft_lalpha_mean_full_change_precond;hrv_rmssd_full_change_precond;eeg_fm_sampent_full_change_precond;eeg_fm_theta_mean_full_change_precond;eeg_tright_halpha_mean_full_change_precond;hr_heartrate_bpm_med_abs_full_change_precond;eeg_c_sampent_full_change_precond;eeg_tleft_hbeta_mean_full_change_precond;eeg_pleft_halpha_mean_full_change_precond;eeg_c_specent_full_change_precond;pupil_asymmetry_full_change_precond"
2025-11-26 18:06:30.428225,8,"stress_label",20,128,0.1,0.576923076923077,0.628205128205128,NA,20,"top20","eeg_tleft_sampent_full_change_precond;eeg_c_theta_mean_full_change_precond;eeg_t_sampent_full_change_precond;eeg_tleft_halpha_mean_full_change_precond;eeg_fl_hbeta_mean_full_change_precond;pupil_dilation_sd_full_change_precond;eeg_fr_sampent_full_change_precond;eeg_pright_sampent_full_change_precond;gsr_skin_conductance_eda_tonic_mean_nk_full_change_precond;eeg_tleft_lalpha_mean_full_change_precond;hrv_rmssd_full_change_precond;eeg_fm_sampent_full_change_precond;eeg_fm_theta_mean_full_change_precond;eeg_tright_halpha_mean_full_change_precond;hr_heartrate_bpm_med_abs_full_change_precond;eeg_c_sampent_full_change_precond;eeg_tleft_hbeta_mean_full_change_precond;eeg_pleft_halpha_mean_full_change_precond;eeg_c_specent_full_change_precond;pupil_asymmetry_full_change_precond"
2025-11-26 18:06:31.743914,8,"stress_label",20,256,0.1,0.576923076923077,0.628205128205128,NA,20,"top20","eeg_tleft_sampent_full_change_precond;eeg_c_theta_mean_full_change_precond;eeg_t_sampent_full_change_precond;eeg_tleft_halpha_mean_full_change_precond;eeg_fl_hbeta_mean_full_change_precond;pupil_dilation_sd_full_change_precond;eeg_fr_sampent_full_change_precond;eeg_pright_sampent_full_change_precond;gsr_skin_conductance_eda_tonic_mean_nk_full_change_precond;eeg_tleft_lalpha_mean_full_change_precond;hrv_rmssd_full_change_precond;eeg_fm_sampent_full_change_precond;eeg_fm_theta_mean_full_change_precond;eeg_tright_halpha_mean_full_change_precond;hr_heartrate_bpm_med_abs_full_change_precond;eeg_c_sampent_full_change_precond;eeg_tleft_hbeta_mean_full_change_precond;eeg_pleft_halpha_mean_full_change_precond;eeg_c_specent_full_change_precond;pupil_asymmetry_full_change_precond"
2025-11-26 18:06:32.663784,8,"stress_label",10,2,0.0078125,0.596153846153846,0.621794871794872,0.574358974358974,10,"top10","eeg_tleft_sampent_full_change_precond;eeg_c_theta_mean_full_change_precond;eeg_t_sampent_full_change_precond;eeg_tleft_halpha_mean_full_change_precond;eeg_fl_hbeta_mean_full_change_precond;pupil_dilation_sd_full_change_precond;eeg_fr_sampent_full_change_precond;eeg_pright_sampent_full_change_precond;gsr_skin_conductance_eda_tonic_mean_nk_full_change_precond;eeg_tleft_lalpha_mean_full_change_precond"
2025-11-26 18:06:33.462741,8,"stress_label",10,4,0.0078125,0.602564102564103,0.641025641025641,0.584615384615385,10,"top10","eeg_tleft_sampent_full_change_precond;eeg_c_theta_mean_full_change_precond;eeg_t_sampent_full_change_precond;eeg_tleft_halpha_mean_full_change_precond;eeg_fl_hbeta_mean_full_change_precond;pupil_dilation_sd_full_change_precond;eeg_fr_sampent_full_change_precond;eeg_pright_sampent_full_change_precond;gsr_skin_conductance_eda_tonic_mean_nk_full_change_precond;eeg_tleft_lalpha_mean_full_change_precond"
2025-11-26 18:06:34.320576,8,"stress_label",10,8,0.0078125,0.57051282051282,0.666666666666667,0.532478632478632,10,"top10","eeg_tleft_sampent_full_change_precond;eeg_c_theta_mean_full_change_precond;eeg_t_sampent_full_change_precond;eeg_tleft_halpha_mean_full_change_precond;eeg_fl_hbeta_mean_full_change_precond;pupil_dilation_sd_full_change_precond;eeg_fr_sampent_full_change_precond;eeg_pright_sampent_full_change_precond;gsr_skin_conductance_eda_tonic_mean_nk_full_change_precond;eeg_tleft_lalpha_mean_full_change_precond"
2025-11-26 18:06:35.1566,8,"stress_label",10,16,0.0078125,0.583333333333333,0.66025641025641,0.536752136752137,10,"top10","eeg_tleft_sampent_full_change_precond;eeg_c_theta_mean_full_change_precond;eeg_t_sampent_full_change_precond;eeg_tleft_halpha_mean_full_change_precond;eeg_fl_hbeta_mean_full_change_precond;pupil_dilation_sd_full_change_precond;eeg_fr_sampent_full_change_precond;eeg_pright_sampent_full_change_precond;gsr_skin_conductance_eda_tonic_mean_nk_full_change_precond;eeg_tleft_lalpha_mean_full_change_precond"
2025-11-26 18:06:36.033312,8,"stress_label",10,32,0.0078125,0.608974358974359,0.647435897435897,0.555555555555556,10,"top10","eeg_tleft_sampent_full_change_precond;eeg_c_theta_mean_full_change_precond;eeg_t_sampent_full_change_precond;eeg_tleft_halpha_mean_full_change_precond;eeg_fl_hbeta_mean_full_change_precond;pupil_dilation_sd_full_change_precond;eeg_fr_sampent_full_change_precond;eeg_pright_sampent_full_change_precond;gsr_skin_conductance_eda_tonic_mean_nk_full_change_precond;eeg_tleft_lalpha_mean_full_change_precond"
2025-11-26 18:06:36.882331,8,"stress_label",10,64,0.0078125,0.576923076923077,0.634615384615385,0.547863247863248,10,"top10","eeg_tleft_sampent_full_change_precond;eeg_c_theta_mean_full_change_precond;eeg_t_sampent_full_change_precond;eeg_tleft_halpha_mean_full_change_precond;eeg_fl_hbeta_mean_full_change_precond;pupil_dilation_sd_full_change_precond;eeg_fr_sampent_full_change_precond;eeg_pright_sampent_full_change_precond;gsr_skin_conductance_eda_tonic_mean_nk_full_change_precond;eeg_tleft_lalpha_mean_full_change_precond"
2025-11-26 18:06:37.77274,8,"stress_label",10,128,0.0078125,0.583333333333333,0.58974358974359,0.57008547008547,10,"top10","eeg_tleft_sampent_full_change_precond;eeg_c_theta_mean_full_change_precond;eeg_t_sampent_full_change_precond;eeg_tleft_halpha_mean_full_change_precond;eeg_fl_hbeta_mean_full_change_precond;pupil_dilation_sd_full_change_precond;eeg_fr_sampent_full_change_precond;eeg_pright_sampent_full_change_precond;gsr_skin_conductance_eda_tonic_mean_nk_full_change_precond;eeg_tleft_lalpha_mean_full_change_precond"
2025-11-26 18:06:38.643203,8,"stress_label",10,256,0.0078125,0.551282051282051,0.564102564102564,NA,10,"top10","eeg_tleft_sampent_full_change_precond;eeg_c_theta_mean_full_change_precond;eeg_t_sampent_full_change_precond;eeg_tleft_halpha_mean_full_change_precond;eeg_fl_hbeta_mean_full_change_precond;pupil_dilation_sd_full_change_precond;eeg_fr_sampent_full_change_precond;eeg_pright_sampent_full_change_precond;gsr_skin_conductance_eda_tonic_mean_nk_full_change_precond;eeg_tleft_lalpha_mean_full_change_precond"
2025-11-26 18:06:39.508233,8,"stress_label",10,2,0.015625,0.57051282051282,0.615384615384615,0.556410256410256,10,"top10","eeg_tleft_sampent_full_change_precond;eeg_c_theta_mean_full_change_precond;eeg_t_sampent_full_change_precond;eeg_tleft_halpha_mean_full_change_precond;eeg_fl_hbeta_mean_full_change_precond;pupil_dilation_sd_full_change_precond;eeg_fr_sampent_full_change_precond;eeg_pright_sampent_full_change_precond;gsr_skin_conductance_eda_tonic_mean_nk_full_change_precond;eeg_tleft_lalpha_mean_full_change_precond"
2025-11-26 18:06:40.312233,8,"stress_label",10,4,0.015625,0.583333333333333,0.666666666666667,0.539316239316239,10,"top10","eeg_tleft_sampent_full_change_precond;eeg_c_theta_mean_full_change_precond;eeg_t_sampent_full_change_precond;eeg_tleft_halpha_mean_full_change_precond;eeg_fl_hbeta_mean_full_change_precond;pupil_dilation_sd_full_change_precond;eeg_fr_sampent_full_change_precond;eeg_pright_sampent_full_change_precond;gsr_skin_conductance_eda_tonic_mean_nk_full_change_precond;eeg_tleft_lalpha_mean_full_change_precond"
2025-11-26 18:06:41.043861,8,"stress_label",10,8,0.015625,0.58974358974359,0.634615384615385,0.547863247863248,10,"top10","eeg_tleft_sampent_full_change_precond;eeg_c_theta_mean_full_change_precond;eeg_t_sampent_full_change_precond;eeg_tleft_halpha_mean_full_change_precond;eeg_fl_hbeta_mean_full_change_precond;pupil_dilation_sd_full_change_precond;eeg_fr_sampent_full_change_precond;eeg_pright_sampent_full_change_precond;gsr_skin_conductance_eda_tonic_mean_nk_full_change_precond;eeg_tleft_lalpha_mean_full_change_precond"
2025-11-26 18:06:41.828906,8,"stress_label",10,16,0.015625,0.58974358974359,0.615384615384615,0.551282051282051,10,"top10","eeg_tleft_sampent_full_change_precond;eeg_c_theta_mean_full_change_precond;eeg_t_sampent_full_change_precond;eeg_tleft_halpha_mean_full_change_precond;eeg_fl_hbeta_mean_full_change_precond;pupil_dilation_sd_full_change_precond;eeg_fr_sampent_full_change_precond;eeg_pright_sampent_full_change_precond;gsr_skin_conductance_eda_tonic_mean_nk_full_change_precond;eeg_tleft_lalpha_mean_full_change_precond"
2025-11-26 18:06:42.658164,8,"stress_label",10,32,0.015625,0.576923076923077,0.58974358974359,0.565811965811966,10,"top10","eeg_tleft_sampent_full_change_precond;eeg_c_theta_mean_full_change_precond;eeg_t_sampent_full_change_precond;eeg_tleft_halpha_mean_full_change_precond;eeg_fl_hbeta_mean_full_change_precond;pupil_dilation_sd_full_change_precond;eeg_fr_sampent_full_change_precond;eeg_pright_sampent_full_change_precond;gsr_skin_conductance_eda_tonic_mean_nk_full_change_precond;eeg_tleft_lalpha_mean_full_change_precond"
2025-11-26 18:06:43.551096,8,"stress_label",10,64,0.015625,0.557692307692308,0.557692307692308,0.546153846153846,10,"top10","eeg_tleft_sampent_full_change_precond;eeg_c_theta_mean_full_change_precond;eeg_t_sampent_full_change_precond;eeg_tleft_halpha_mean_full_change_precond;eeg_fl_hbeta_mean_full_change_precond;pupil_dilation_sd_full_change_precond;eeg_fr_sampent_full_change_precond;eeg_pright_sampent_full_change_precond;gsr_skin_conductance_eda_tonic_mean_nk_full_change_precond;eeg_tleft_lalpha_mean_full_change_precond"
2025-11-26 18:06:44.419303,8,"stress_label",10,128,0.015625,0.506410256410256,0.583333333333333,NA,10,"top10","eeg_tleft_sampent_full_change_precond;eeg_c_theta_mean_full_change_precond;eeg_t_sampent_full_change_precond;eeg_tleft_halpha_mean_full_change_precond;eeg_fl_hbeta_mean_full_change_precond;pupil_dilation_sd_full_change_precond;eeg_fr_sampent_full_change_precond;eeg_pright_sampent_full_change_precond;gsr_skin_conductance_eda_tonic_mean_nk_full_change_precond;eeg_tleft_lalpha_mean_full_change_precond"
2025-11-26 18:06:45.736695,8,"stress_label",10,256,0.015625,0.538461538461538,0.596153846153846,NA,10,"top10","eeg_tleft_sampent_full_change_precond;eeg_c_theta_mean_full_change_precond;eeg_t_sampent_full_change_precond;eeg_tleft_halpha_mean_full_change_precond;eeg_fl_hbeta_mean_full_change_precond;pupil_dilation_sd_full_change_precond;eeg_fr_sampent_full_change_precond;eeg_pright_sampent_full_change_precond;gsr_skin_conductance_eda_tonic_mean_nk_full_change_precond;eeg_tleft_lalpha_mean_full_change_precond"
2025-11-26 18:06:46.524944,8,"stress_label",10,2,0.03125,0.564102564102564,0.608974358974359,0.528205128205128,10,"top10","eeg_tleft_sampent_full_change_precond;eeg_c_theta_mean_full_change_precond;eeg_t_sampent_full_change_precond;eeg_tleft_halpha_mean_full_change_precond;eeg_fl_hbeta_mean_full_change_precond;pupil_dilation_sd_full_change_precond;eeg_fr_sampent_full_change_precond;eeg_pright_sampent_full_change_precond;gsr_skin_conductance_eda_tonic_mean_nk_full_change_precond;eeg_tleft_lalpha_mean_full_change_precond"
2025-11-26 18:06:47.376552,8,"stress_label",10,4,0.03125,0.583333333333333,0.608974358974359,0.536752136752137,10,"top10","eeg_tleft_sampent_full_change_precond;eeg_c_theta_mean_full_change_precond;eeg_t_sampent_full_change_precond;eeg_tleft_halpha_mean_full_change_precond;eeg_fl_hbeta_mean_full_change_precond;pupil_dilation_sd_full_change_precond;eeg_fr_sampent_full_change_precond;eeg_pright_sampent_full_change_precond;gsr_skin_conductance_eda_tonic_mean_nk_full_change_precond;eeg_tleft_lalpha_mean_full_change_precond"
2025-11-26 18:06:48.207793,8,"stress_label",10,8,0.03125,0.58974358974359,0.608974358974359,0.560683760683761,10,"top10","eeg_tleft_sampent_full_change_precond;eeg_c_theta_mean_full_change_precond;eeg_t_sampent_full_change_precond;eeg_tleft_halpha_mean_full_change_precond;eeg_fl_hbeta_mean_full_change_precond;pupil_dilation_sd_full_change_precond;eeg_fr_sampent_full_change_precond;eeg_pright_sampent_full_change_precond;gsr_skin_conductance_eda_tonic_mean_nk_full_change_precond;eeg_tleft_lalpha_mean_full_change_precond"
2025-11-26 18:06:48.982939,8,"stress_label",10,16,0.03125,0.576923076923077,0.583333333333333,0.560683760683761,10,"top10","eeg_tleft_sampent_full_change_precond;eeg_c_theta_mean_full_change_precond;eeg_t_sampent_full_change_precond;eeg_tleft_halpha_mean_full_change_precond;eeg_fl_hbeta_mean_full_change_precond;pupil_dilation_sd_full_change_precond;eeg_fr_sampent_full_change_precond;eeg_pright_sampent_full_change_precond;gsr_skin_conductance_eda_tonic_mean_nk_full_change_precond;eeg_tleft_lalpha_mean_full_change_precond"
2025-11-26 18:06:49.923792,8,"stress_label",10,32,0.03125,0.525641025641026,0.564102564102564,NA,10,"top10","eeg_tleft_sampent_full_change_precond;eeg_c_theta_mean_full_change_precond;eeg_t_sampent_full_change_precond;eeg_tleft_halpha_mean_full_change_precond;eeg_fl_hbeta_mean_full_change_precond;pupil_dilation_sd_full_change_precond;eeg_fr_sampent_full_change_precond;eeg_pright_sampent_full_change_precond;gsr_skin_conductance_eda_tonic_mean_nk_full_change_precond;eeg_tleft_lalpha_mean_full_change_precond"
2025-11-26 18:06:50.904686,8,"stress_label",10,64,0.03125,0.519230769230769,0.57051282051282,NA,10,"top10","eeg_tleft_sampent_full_change_precond;eeg_c_theta_mean_full_change_precond;eeg_t_sampent_full_change_precond;eeg_tleft_halpha_mean_full_change_precond;eeg_fl_hbeta_mean_full_change_precond;pupil_dilation_sd_full_change_precond;eeg_fr_sampent_full_change_precond;eeg_pright_sampent_full_change_precond;gsr_skin_conductance_eda_tonic_mean_nk_full_change_precond;eeg_tleft_lalpha_mean_full_change_precond"
2025-11-26 18:06:52.089687,8,"stress_label",10,128,0.03125,0.557692307692308,0.58974358974359,0.537606837606838,10,"top10","eeg_tleft_sampent_full_change_precond;eeg_c_theta_mean_full_change_precond;eeg_t_sampent_full_change_precond;eeg_tleft_halpha_mean_full_change_precond;eeg_fl_hbeta_mean_full_change_precond;pupil_dilation_sd_full_change_precond;eeg_fr_sampent_full_change_precond;eeg_pright_sampent_full_change_precond;gsr_skin_conductance_eda_tonic_mean_nk_full_change_precond;eeg_tleft_lalpha_mean_full_change_precond"
2025-11-26 18:06:53.537147,8,"stress_label",10,256,0.03125,0.532051282051282,0.583333333333333,NA,10,"top10","eeg_tleft_sampent_full_change_precond;eeg_c_theta_mean_full_change_precond;eeg_t_sampent_full_change_precond;eeg_tleft_halpha_mean_full_change_precond;eeg_fl_hbeta_mean_full_change_precond;pupil_dilation_sd_full_change_precond;eeg_fr_sampent_full_change_precond;eeg_pright_sampent_full_change_precond;gsr_skin_conductance_eda_tonic_mean_nk_full_change_precond;eeg_tleft_lalpha_mean_full_change_precond"
2025-11-26 18:06:54.404258,8,"stress_label",10,2,0.0625,0.596153846153846,0.628205128205128,NA,10,"top10","eeg_tleft_sampent_full_change_precond;eeg_c_theta_mean_full_change_precond;eeg_t_sampent_full_change_precond;eeg_tleft_halpha_mean_full_change_precond;eeg_fl_hbeta_mean_full_change_precond;pupil_dilation_sd_full_change_precond;eeg_fr_sampent_full_change_precond;eeg_pright_sampent_full_change_precond;gsr_skin_conductance_eda_tonic_mean_nk_full_change_precond;eeg_tleft_lalpha_mean_full_change_precond"
2025-11-26 18:06:55.150606,8,"stress_label",10,4,0.0625,0.602564102564103,0.58974358974359,0.568376068376068,10,"top10","eeg_tleft_sampent_full_change_precond;eeg_c_theta_mean_full_change_precond;eeg_t_sampent_full_change_precond;eeg_tleft_halpha_mean_full_change_precond;eeg_fl_hbeta_mean_full_change_precond;pupil_dilation_sd_full_change_precond;eeg_fr_sampent_full_change_precond;eeg_pright_sampent_full_change_precond;gsr_skin_conductance_eda_tonic_mean_nk_full_change_precond;eeg_tleft_lalpha_mean_full_change_precond"
2025-11-26 18:06:55.921462,8,"stress_label",10,8,0.0625,0.576923076923077,0.557692307692308,NA,10,"top10","eeg_tleft_sampent_full_change_precond;eeg_c_theta_mean_full_change_precond;eeg_t_sampent_full_change_precond;eeg_tleft_halpha_mean_full_change_precond;eeg_fl_hbeta_mean_full_change_precond;pupil_dilation_sd_full_change_precond;eeg_fr_sampent_full_change_precond;eeg_pright_sampent_full_change_precond;gsr_skin_conductance_eda_tonic_mean_nk_full_change_precond;eeg_tleft_lalpha_mean_full_change_precond"
2025-11-26 18:06:56.867522,8,"stress_label",10,16,0.0625,0.519230769230769,0.551282051282051,NA,10,"top10","eeg_tleft_sampent_full_change_precond;eeg_c_theta_mean_full_change_precond;eeg_t_sampent_full_change_precond;eeg_tleft_halpha_mean_full_change_precond;eeg_fl_hbeta_mean_full_change_precond;pupil_dilation_sd_full_change_precond;eeg_fr_sampent_full_change_precond;eeg_pright_sampent_full_change_precond;gsr_skin_conductance_eda_tonic_mean_nk_full_change_precond;eeg_tleft_lalpha_mean_full_change_precond"
2025-11-26 18:06:57.892195,8,"stress_label",10,32,0.0625,0.58974358974359,0.57051282051282,0.588034188034188,10,"top10","eeg_tleft_sampent_full_change_precond;eeg_c_theta_mean_full_change_precond;eeg_t_sampent_full_change_precond;eeg_tleft_halpha_mean_full_change_precond;eeg_fl_hbeta_mean_full_change_precond;pupil_dilation_sd_full_change_precond;eeg_fr_sampent_full_change_precond;eeg_pright_sampent_full_change_precond;gsr_skin_conductance_eda_tonic_mean_nk_full_change_precond;eeg_tleft_lalpha_mean_full_change_precond"
2025-11-26 18:06:59.011721,8,"stress_label",10,64,0.0625,0.525641025641026,0.564102564102564,NA,10,"top10","eeg_tleft_sampent_full_change_precond;eeg_c_theta_mean_full_change_precond;eeg_t_sampent_full_change_precond;eeg_tleft_halpha_mean_full_change_precond;eeg_fl_hbeta_mean_full_change_precond;pupil_dilation_sd_full_change_precond;eeg_fr_sampent_full_change_precond;eeg_pright_sampent_full_change_precond;gsr_skin_conductance_eda_tonic_mean_nk_full_change_precond;eeg_tleft_lalpha_mean_full_change_precond"
2025-11-26 18:07:00.224064,8,"stress_label",10,128,0.0625,0.525641025641026,0.58974358974359,NA,10,"top10","eeg_tleft_sampent_full_change_precond;eeg_c_theta_mean_full_change_precond;eeg_t_sampent_full_change_precond;eeg_tleft_halpha_mean_full_change_precond;eeg_fl_hbeta_mean_full_change_precond;pupil_dilation_sd_full_change_precond;eeg_fr_sampent_full_change_precond;eeg_pright_sampent_full_change_precond;gsr_skin_conductance_eda_tonic_mean_nk_full_change_precond;eeg_tleft_lalpha_mean_full_change_precond"
2025-11-26 18:07:01.516063,8,"stress_label",10,256,0.0625,0.532051282051282,0.564102564102564,NA,10,"top10","eeg_tleft_sampent_full_change_precond;eeg_c_theta_mean_full_change_precond;eeg_t_sampent_full_change_precond;eeg_tleft_halpha_mean_full_change_precond;eeg_fl_hbeta_mean_full_change_precond;pupil_dilation_sd_full_change_precond;eeg_fr_sampent_full_change_precond;eeg_pright_sampent_full_change_precond;gsr_skin_conductance_eda_tonic_mean_nk_full_change_precond;eeg_tleft_lalpha_mean_full_change_precond"
2025-11-26 18:07:02.411202,8,"stress_label",10,2,0.125,0.602564102564103,0.596153846153846,NA,10,"top10","eeg_tleft_sampent_full_change_precond;eeg_c_theta_mean_full_change_precond;eeg_t_sampent_full_change_precond;eeg_tleft_halpha_mean_full_change_precond;eeg_fl_hbeta_mean_full_change_precond;pupil_dilation_sd_full_change_precond;eeg_fr_sampent_full_change_precond;eeg_pright_sampent_full_change_precond;gsr_skin_conductance_eda_tonic_mean_nk_full_change_precond;eeg_tleft_lalpha_mean_full_change_precond"
2025-11-26 18:07:03.305154,8,"stress_label",10,4,0.125,0.525641025641026,0.564102564102564,NA,10,"top10","eeg_tleft_sampent_full_change_precond;eeg_c_theta_mean_full_change_precond;eeg_t_sampent_full_change_precond;eeg_tleft_halpha_mean_full_change_precond;eeg_fl_hbeta_mean_full_change_precond;pupil_dilation_sd_full_change_precond;eeg_fr_sampent_full_change_precond;eeg_pright_sampent_full_change_precond;gsr_skin_conductance_eda_tonic_mean_nk_full_change_precond;eeg_tleft_lalpha_mean_full_change_precond"
2025-11-26 18:07:04.254691,8,"stress_label",10,8,0.125,0.576923076923077,0.576923076923077,NA,10,"top10","eeg_tleft_sampent_full_change_precond;eeg_c_theta_mean_full_change_precond;eeg_t_sampent_full_change_precond;eeg_tleft_halpha_mean_full_change_precond;eeg_fl_hbeta_mean_full_change_precond;pupil_dilation_sd_full_change_precond;eeg_fr_sampent_full_change_precond;eeg_pright_sampent_full_change_precond;gsr_skin_conductance_eda_tonic_mean_nk_full_change_precond;eeg_tleft_lalpha_mean_full_change_precond"
2025-11-26 18:07:05.239636,8,"stress_label",10,16,0.125,0.564102564102564,0.57051282051282,NA,10,"top10","eeg_tleft_sampent_full_change_precond;eeg_c_theta_mean_full_change_precond;eeg_t_sampent_full_change_precond;eeg_tleft_halpha_mean_full_change_precond;eeg_fl_hbeta_mean_full_change_precond;pupil_dilation_sd_full_change_precond;eeg_fr_sampent_full_change_precond;eeg_pright_sampent_full_change_precond;gsr_skin_conductance_eda_tonic_mean_nk_full_change_precond;eeg_tleft_lalpha_mean_full_change_precond"
2025-11-26 18:07:06.126845,8,"stress_label",10,32,0.125,0.544871794871795,0.608974358974359,NA,10,"top10","eeg_tleft_sampent_full_change_precond;eeg_c_theta_mean_full_change_precond;eeg_t_sampent_full_change_precond;eeg_tleft_halpha_mean_full_change_precond;eeg_fl_hbeta_mean_full_change_precond;pupil_dilation_sd_full_change_precond;eeg_fr_sampent_full_change_precond;eeg_pright_sampent_full_change_precond;gsr_skin_conductance_eda_tonic_mean_nk_full_change_precond;eeg_tleft_lalpha_mean_full_change_precond"
2025-11-26 18:07:06.951068,8,"stress_label",10,64,0.125,0.564102564102564,0.487179487179487,NA,10,"top10","eeg_tleft_sampent_full_change_precond;eeg_c_theta_mean_full_change_precond;eeg_t_sampent_full_change_precond;eeg_tleft_halpha_mean_full_change_precond;eeg_fl_hbeta_mean_full_change_precond;pupil_dilation_sd_full_change_precond;eeg_fr_sampent_full_change_precond;eeg_pright_sampent_full_change_precond;gsr_skin_conductance_eda_tonic_mean_nk_full_change_precond;eeg_tleft_lalpha_mean_full_change_precond"
2025-11-26 18:07:07.99542,8,"stress_label",10,128,0.125,0.532051282051282,0.512820512820513,NA,10,"top10","eeg_tleft_sampent_full_change_precond;eeg_c_theta_mean_full_change_precond;eeg_t_sampent_full_change_precond;eeg_tleft_halpha_mean_full_change_precond;eeg_fl_hbeta_mean_full_change_precond;pupil_dilation_sd_full_change_precond;eeg_fr_sampent_full_change_precond;eeg_pright_sampent_full_change_precond;gsr_skin_conductance_eda_tonic_mean_nk_full_change_precond;eeg_tleft_lalpha_mean_full_change_precond"
2025-11-26 18:07:09.066904,8,"stress_label",10,256,0.125,0.532051282051282,0.538461538461538,NA,10,"top10","eeg_tleft_sampent_full_change_precond;eeg_c_theta_mean_full_change_precond;eeg_t_sampent_full_change_precond;eeg_tleft_halpha_mean_full_change_precond;eeg_fl_hbeta_mean_full_change_precond;pupil_dilation_sd_full_change_precond;eeg_fr_sampent_full_change_precond;eeg_pright_sampent_full_change_precond;gsr_skin_conductance_eda_tonic_mean_nk_full_change_precond;eeg_tleft_lalpha_mean_full_change_precond"
2025-11-26 18:07:09.888926,8,"stress_label",10,2,0.03,0.564102564102564,0.608974358974359,0.528205128205128,10,"top10","eeg_tleft_sampent_full_change_precond;eeg_c_theta_mean_full_change_precond;eeg_t_sampent_full_change_precond;eeg_tleft_halpha_mean_full_change_precond;eeg_fl_hbeta_mean_full_change_precond;pupil_dilation_sd_full_change_precond;eeg_fr_sampent_full_change_precond;eeg_pright_sampent_full_change_precond;gsr_skin_conductance_eda_tonic_mean_nk_full_change_precond;eeg_tleft_lalpha_mean_full_change_precond"
2025-11-26 18:07:10.757659,8,"stress_label",10,4,0.03,0.583333333333333,0.608974358974359,0.536752136752137,10,"top10","eeg_tleft_sampent_full_change_precond;eeg_c_theta_mean_full_change_precond;eeg_t_sampent_full_change_precond;eeg_tleft_halpha_mean_full_change_precond;eeg_fl_hbeta_mean_full_change_precond;pupil_dilation_sd_full_change_precond;eeg_fr_sampent_full_change_precond;eeg_pright_sampent_full_change_precond;gsr_skin_conductance_eda_tonic_mean_nk_full_change_precond;eeg_tleft_lalpha_mean_full_change_precond"
2025-11-26 18:07:11.612335,8,"stress_label",10,8,0.03,0.58974358974359,0.602564102564103,0.560683760683761,10,"top10","eeg_tleft_sampent_full_change_precond;eeg_c_theta_mean_full_change_precond;eeg_t_sampent_full_change_precond;eeg_tleft_halpha_mean_full_change_precond;eeg_fl_hbeta_mean_full_change_precond;pupil_dilation_sd_full_change_precond;eeg_fr_sampent_full_change_precond;eeg_pright_sampent_full_change_precond;gsr_skin_conductance_eda_tonic_mean_nk_full_change_precond;eeg_tleft_lalpha_mean_full_change_precond"
2025-11-26 18:07:12.340352,8,"stress_label",10,16,0.03,0.576923076923077,0.576923076923077,0.560683760683761,10,"top10","eeg_tleft_sampent_full_change_precond;eeg_c_theta_mean_full_change_precond;eeg_t_sampent_full_change_precond;eeg_tleft_halpha_mean_full_change_precond;eeg_fl_hbeta_mean_full_change_precond;pupil_dilation_sd_full_change_precond;eeg_fr_sampent_full_change_precond;eeg_pright_sampent_full_change_precond;gsr_skin_conductance_eda_tonic_mean_nk_full_change_precond;eeg_tleft_lalpha_mean_full_change_precond"
2025-11-26 18:07:13.148234,8,"stress_label",10,32,0.03,0.532051282051282,0.564102564102564,NA,10,"top10","eeg_tleft_sampent_full_change_precond;eeg_c_theta_mean_full_change_precond;eeg_t_sampent_full_change_precond;eeg_tleft_halpha_mean_full_change_precond;eeg_fl_hbeta_mean_full_change_precond;pupil_dilation_sd_full_change_precond;eeg_fr_sampent_full_change_precond;eeg_pright_sampent_full_change_precond;gsr_skin_conductance_eda_tonic_mean_nk_full_change_precond;eeg_tleft_lalpha_mean_full_change_precond"
2025-11-26 18:07:14.124158,8,"stress_label",10,64,0.03,0.525641025641026,0.564102564102564,NA,10,"top10","eeg_tleft_sampent_full_change_precond;eeg_c_theta_mean_full_change_precond;eeg_t_sampent_full_change_precond;eeg_tleft_halpha_mean_full_change_precond;eeg_fl_hbeta_mean_full_change_precond;pupil_dilation_sd_full_change_precond;eeg_fr_sampent_full_change_precond;eeg_pright_sampent_full_change_precond;gsr_skin_conductance_eda_tonic_mean_nk_full_change_precond;eeg_tleft_lalpha_mean_full_change_precond"
2025-11-26 18:07:15.296512,8,"stress_label",10,128,0.03,0.564102564102564,0.596153846153846,0.554700854700855,10,"top10","eeg_tleft_sampent_full_change_precond;eeg_c_theta_mean_full_change_precond;eeg_t_sampent_full_change_precond;eeg_tleft_halpha_mean_full_change_precond;eeg_fl_hbeta_mean_full_change_precond;pupil_dilation_sd_full_change_precond;eeg_fr_sampent_full_change_precond;eeg_pright_sampent_full_change_precond;gsr_skin_conductance_eda_tonic_mean_nk_full_change_precond;eeg_tleft_lalpha_mean_full_change_precond"
2025-11-26 18:07:16.647131,8,"stress_label",10,256,0.03,0.532051282051282,0.576923076923077,NA,10,"top10","eeg_tleft_sampent_full_change_precond;eeg_c_theta_mean_full_change_precond;eeg_t_sampent_full_change_precond;eeg_tleft_halpha_mean_full_change_precond;eeg_fl_hbeta_mean_full_change_precond;pupil_dilation_sd_full_change_precond;eeg_fr_sampent_full_change_precond;eeg_pright_sampent_full_change_precond;gsr_skin_conductance_eda_tonic_mean_nk_full_change_precond;eeg_tleft_lalpha_mean_full_change_precond"
2025-11-26 18:07:17.494893,8,"stress_label",10,2,0.06,0.583333333333333,0.634615384615385,0.547008547008547,10,"top10","eeg_tleft_sampent_full_change_precond;eeg_c_theta_mean_full_change_precond;eeg_t_sampent_full_change_precond;eeg_tleft_halpha_mean_full_change_precond;eeg_fl_hbeta_mean_full_change_precond;pupil_dilation_sd_full_change_precond;eeg_fr_sampent_full_change_precond;eeg_pright_sampent_full_change_precond;gsr_skin_conductance_eda_tonic_mean_nk_full_change_precond;eeg_tleft_lalpha_mean_full_change_precond"
2025-11-26 18:07:18.274304,8,"stress_label",10,4,0.06,0.58974358974359,0.615384615384615,0.557264957264957,10,"top10","eeg_tleft_sampent_full_change_precond;eeg_c_theta_mean_full_change_precond;eeg_t_sampent_full_change_precond;eeg_tleft_halpha_mean_full_change_precond;eeg_fl_hbeta_mean_full_change_precond;pupil_dilation_sd_full_change_precond;eeg_fr_sampent_full_change_precond;eeg_pright_sampent_full_change_precond;gsr_skin_conductance_eda_tonic_mean_nk_full_change_precond;eeg_tleft_lalpha_mean_full_change_precond"
2025-11-26 18:07:19.180958,8,"stress_label",10,8,0.06,0.57051282051282,0.57051282051282,NA,10,"top10","eeg_tleft_sampent_full_change_precond;eeg_c_theta_mean_full_change_precond;eeg_t_sampent_full_change_precond;eeg_tleft_halpha_mean_full_change_precond;eeg_fl_hbeta_mean_full_change_precond;pupil_dilation_sd_full_change_precond;eeg_fr_sampent_full_change_precond;eeg_pright_sampent_full_change_precond;gsr_skin_conductance_eda_tonic_mean_nk_full_change_precond;eeg_tleft_lalpha_mean_full_change_precond"
2025-11-26 18:07:20.1024,8,"stress_label",10,16,0.06,0.519230769230769,0.551282051282051,NA,10,"top10","eeg_tleft_sampent_full_change_precond;eeg_c_theta_mean_full_change_precond;eeg_t_sampent_full_change_precond;eeg_tleft_halpha_mean_full_change_precond;eeg_fl_hbeta_mean_full_change_precond;pupil_dilation_sd_full_change_precond;eeg_fr_sampent_full_change_precond;eeg_pright_sampent_full_change_precond;gsr_skin_conductance_eda_tonic_mean_nk_full_change_precond;eeg_tleft_lalpha_mean_full_change_precond"
2025-11-26 18:07:21.116793,8,"stress_label",10,32,0.06,0.583333333333333,0.608974358974359,0.577777777777778,10,"top10","eeg_tleft_sampent_full_change_precond;eeg_c_theta_mean_full_change_precond;eeg_t_sampent_full_change_precond;eeg_tleft_halpha_mean_full_change_precond;eeg_fl_hbeta_mean_full_change_precond;pupil_dilation_sd_full_change_precond;eeg_fr_sampent_full_change_precond;eeg_pright_sampent_full_change_precond;gsr_skin_conductance_eda_tonic_mean_nk_full_change_precond;eeg_tleft_lalpha_mean_full_change_precond"
2025-11-26 18:07:22.266525,8,"stress_label",10,64,0.06,0.525641025641026,0.576923076923077,NA,10,"top10","eeg_tleft_sampent_full_change_precond;eeg_c_theta_mean_full_change_precond;eeg_t_sampent_full_change_precond;eeg_tleft_halpha_mean_full_change_precond;eeg_fl_hbeta_mean_full_change_precond;pupil_dilation_sd_full_change_precond;eeg_fr_sampent_full_change_precond;eeg_pright_sampent_full_change_precond;gsr_skin_conductance_eda_tonic_mean_nk_full_change_precond;eeg_tleft_lalpha_mean_full_change_precond"
2025-11-26 18:07:23.354605,8,"stress_label",10,128,0.06,0.525641025641026,0.596153846153846,NA,10,"top10","eeg_tleft_sampent_full_change_precond;eeg_c_theta_mean_full_change_precond;eeg_t_sampent_full_change_precond;eeg_tleft_halpha_mean_full_change_precond;eeg_fl_hbeta_mean_full_change_precond;pupil_dilation_sd_full_change_precond;eeg_fr_sampent_full_change_precond;eeg_pright_sampent_full_change_precond;gsr_skin_conductance_eda_tonic_mean_nk_full_change_precond;eeg_tleft_lalpha_mean_full_change_precond"
2025-11-26 18:07:24.511442,8,"stress_label",10,256,0.06,0.519230769230769,0.551282051282051,NA,10,"top10","eeg_tleft_sampent_full_change_precond;eeg_c_theta_mean_full_change_precond;eeg_t_sampent_full_change_precond;eeg_tleft_halpha_mean_full_change_precond;eeg_fl_hbeta_mean_full_change_precond;pupil_dilation_sd_full_change_precond;eeg_fr_sampent_full_change_precond;eeg_pright_sampent_full_change_precond;gsr_skin_conductance_eda_tonic_mean_nk_full_change_precond;eeg_tleft_lalpha_mean_full_change_precond"
2025-11-26 18:07:25.328502,8,"stress_label",10,2,0.1,0.615384615384615,0.608974358974359,0.582905982905983,10,"top10","eeg_tleft_sampent_full_change_precond;eeg_c_theta_mean_full_change_precond;eeg_t_sampent_full_change_precond;eeg_tleft_halpha_mean_full_change_precond;eeg_fl_hbeta_mean_full_change_precond;pupil_dilation_sd_full_change_precond;eeg_fr_sampent_full_change_precond;eeg_pright_sampent_full_change_precond;gsr_skin_conductance_eda_tonic_mean_nk_full_change_precond;eeg_tleft_lalpha_mean_full_change_precond"
2025-11-26 18:07:26.199197,8,"stress_label",10,4,0.1,0.564102564102564,0.564102564102564,NA,10,"top10","eeg_tleft_sampent_full_change_precond;eeg_c_theta_mean_full_change_precond;eeg_t_sampent_full_change_precond;eeg_tleft_halpha_mean_full_change_precond;eeg_fl_hbeta_mean_full_change_precond;pupil_dilation_sd_full_change_precond;eeg_fr_sampent_full_change_precond;eeg_pright_sampent_full_change_precond;gsr_skin_conductance_eda_tonic_mean_nk_full_change_precond;eeg_tleft_lalpha_mean_full_change_precond"
2025-11-26 18:07:27.139593,8,"stress_label",10,8,0.1,0.544871794871795,0.583333333333333,NA,10,"top10","eeg_tleft_sampent_full_change_precond;eeg_c_theta_mean_full_change_precond;eeg_t_sampent_full_change_precond;eeg_tleft_halpha_mean_full_change_precond;eeg_fl_hbeta_mean_full_change_precond;pupil_dilation_sd_full_change_precond;eeg_fr_sampent_full_change_precond;eeg_pright_sampent_full_change_precond;gsr_skin_conductance_eda_tonic_mean_nk_full_change_precond;eeg_tleft_lalpha_mean_full_change_precond"
2025-11-26 18:07:28.129433,8,"stress_label",10,16,0.1,0.564102564102564,0.615384615384615,NA,10,"top10","eeg_tleft_sampent_full_change_precond;eeg_c_theta_mean_full_change_precond;eeg_t_sampent_full_change_precond;eeg_tleft_halpha_mean_full_change_precond;eeg_fl_hbeta_mean_full_change_precond;pupil_dilation_sd_full_change_precond;eeg_fr_sampent_full_change_precond;eeg_pright_sampent_full_change_precond;gsr_skin_conductance_eda_tonic_mean_nk_full_change_precond;eeg_tleft_lalpha_mean_full_change_precond"
2025-11-26 18:07:29.136549,8,"stress_label",10,32,0.1,0.557692307692308,0.58974358974359,NA,10,"top10","eeg_tleft_sampent_full_change_precond;eeg_c_theta_mean_full_change_precond;eeg_t_sampent_full_change_precond;eeg_tleft_halpha_mean_full_change_precond;eeg_fl_hbeta_mean_full_change_precond;pupil_dilation_sd_full_change_precond;eeg_fr_sampent_full_change_precond;eeg_pright_sampent_full_change_precond;gsr_skin_conductance_eda_tonic_mean_nk_full_change_precond;eeg_tleft_lalpha_mean_full_change_precond"
2025-11-26 18:07:30.20611,8,"stress_label",10,64,0.1,0.538461538461538,0.538461538461538,NA,10,"top10","eeg_tleft_sampent_full_change_precond;eeg_c_theta_mean_full_change_precond;eeg_t_sampent_full_change_precond;eeg_tleft_halpha_mean_full_change_precond;eeg_fl_hbeta_mean_full_change_precond;pupil_dilation_sd_full_change_precond;eeg_fr_sampent_full_change_precond;eeg_pright_sampent_full_change_precond;gsr_skin_conductance_eda_tonic_mean_nk_full_change_precond;eeg_tleft_lalpha_mean_full_change_precond"
2025-11-26 18:07:31.355548,8,"stress_label",10,128,0.1,0.544871794871795,0.474358974358974,NA,10,"top10","eeg_tleft_sampent_full_change_precond;eeg_c_theta_mean_full_change_precond;eeg_t_sampent_full_change_precond;eeg_tleft_halpha_mean_full_change_precond;eeg_fl_hbeta_mean_full_change_precond;pupil_dilation_sd_full_change_precond;eeg_fr_sampent_full_change_precond;eeg_pright_sampent_full_change_precond;gsr_skin_conductance_eda_tonic_mean_nk_full_change_precond;eeg_tleft_lalpha_mean_full_change_precond"
2025-11-26 18:07:32.485312,8,"stress_label",10,256,0.1,0.532051282051282,0.557692307692308,NA,10,"top10","eeg_tleft_sampent_full_change_precond;eeg_c_theta_mean_full_change_precond;eeg_t_sampent_full_change_precond;eeg_tleft_halpha_mean_full_change_precond;eeg_fl_hbeta_mean_full_change_precond;pupil_dilation_sd_full_change_precond;eeg_fr_sampent_full_change_precond;eeg_pright_sampent_full_change_precond;gsr_skin_conductance_eda_tonic_mean_nk_full_change_precond;eeg_tleft_lalpha_mean_full_change_precond"
2025-11-26 18:07:33.292742,8,"stress_label",5,2,0.0078125,0.576923076923077,0.621794871794872,0.556410256410256,5,"top5","eeg_tleft_sampent_full_change_precond;eeg_c_theta_mean_full_change_precond;eeg_t_sampent_full_change_precond;eeg_tleft_halpha_mean_full_change_precond;eeg_fl_hbeta_mean_full_change_precond"
2025-11-26 18:07:34.049934,8,"stress_label",5,4,0.0078125,0.576923076923077,0.628205128205128,0.552991452991453,5,"top5","eeg_tleft_sampent_full_change_precond;eeg_c_theta_mean_full_change_precond;eeg_t_sampent_full_change_precond;eeg_tleft_halpha_mean_full_change_precond;eeg_fl_hbeta_mean_full_change_precond"
2025-11-26 18:07:34.821589,8,"stress_label",5,8,0.0078125,0.576923076923077,0.615384615384615,0.552991452991453,5,"top5","eeg_tleft_sampent_full_change_precond;eeg_c_theta_mean_full_change_precond;eeg_t_sampent_full_change_precond;eeg_tleft_halpha_mean_full_change_precond;eeg_fl_hbeta_mean_full_change_precond"
2025-11-26 18:07:35.59742,8,"stress_label",5,16,0.0078125,0.551282051282051,0.58974358974359,0.537606837606838,5,"top5","eeg_tleft_sampent_full_change_precond;eeg_c_theta_mean_full_change_precond;eeg_t_sampent_full_change_precond;eeg_tleft_halpha_mean_full_change_precond;eeg_fl_hbeta_mean_full_change_precond"
2025-11-26 18:07:36.382974,8,"stress_label",5,32,0.0078125,0.551282051282051,0.608974358974359,0.546153846153846,5,"top5","eeg_tleft_sampent_full_change_precond;eeg_c_theta_mean_full_change_precond;eeg_t_sampent_full_change_precond;eeg_tleft_halpha_mean_full_change_precond;eeg_fl_hbeta_mean_full_change_precond"
2025-11-26 18:07:37.168749,8,"stress_label",5,64,0.0078125,0.557692307692308,0.621794871794872,0.543589743589744,5,"top5","eeg_tleft_sampent_full_change_precond;eeg_c_theta_mean_full_change_precond;eeg_t_sampent_full_change_precond;eeg_tleft_halpha_mean_full_change_precond;eeg_fl_hbeta_mean_full_change_precond"
2025-11-26 18:07:37.867511,8,"stress_label",5,128,0.0078125,0.557692307692308,0.634615384615385,0.537606837606838,5,"top5","eeg_tleft_sampent_full_change_precond;eeg_c_theta_mean_full_change_precond;eeg_t_sampent_full_change_precond;eeg_tleft_halpha_mean_full_change_precond;eeg_fl_hbeta_mean_full_change_precond"
2025-11-26 18:07:38.620962,8,"stress_label",5,256,0.0078125,0.532051282051282,0.583333333333333,0.495726495726496,5,"top5","eeg_tleft_sampent_full_change_precond;eeg_c_theta_mean_full_change_precond;eeg_t_sampent_full_change_precond;eeg_tleft_halpha_mean_full_change_precond;eeg_fl_hbeta_mean_full_change_precond"
2025-11-26 18:07:39.401307,8,"stress_label",5,2,0.015625,0.57051282051282,0.621794871794872,0.543589743589744,5,"top5","eeg_tleft_sampent_full_change_precond;eeg_c_theta_mean_full_change_precond;eeg_t_sampent_full_change_precond;eeg_tleft_halpha_mean_full_change_precond;eeg_fl_hbeta_mean_full_change_precond"
2025-11-26 18:07:40.092737,8,"stress_label",5,4,0.015625,0.583333333333333,0.621794871794872,0.555555555555556,5,"top5","eeg_tleft_sampent_full_change_precond;eeg_c_theta_mean_full_change_precond;eeg_t_sampent_full_change_precond;eeg_tleft_halpha_mean_full_change_precond;eeg_fl_hbeta_mean_full_change_precond"
2025-11-26 18:07:40.769258,8,"stress_label",5,8,0.015625,0.557692307692308,0.58974358974359,0.54017094017094,5,"top5","eeg_tleft_sampent_full_change_precond;eeg_c_theta_mean_full_change_precond;eeg_t_sampent_full_change_precond;eeg_tleft_halpha_mean_full_change_precond;eeg_fl_hbeta_mean_full_change_precond"
2025-11-26 18:07:41.537203,8,"stress_label",5,16,0.015625,0.544871794871795,0.615384615384615,0.527350427350427,5,"top5","eeg_tleft_sampent_full_change_precond;eeg_c_theta_mean_full_change_precond;eeg_t_sampent_full_change_precond;eeg_tleft_halpha_mean_full_change_precond;eeg_fl_hbeta_mean_full_change_precond"
2025-11-26 18:07:42.500898,8,"stress_label",5,32,0.015625,0.557692307692308,0.628205128205128,0.537606837606838,5,"top5","eeg_tleft_sampent_full_change_precond;eeg_c_theta_mean_full_change_precond;eeg_t_sampent_full_change_precond;eeg_tleft_halpha_mean_full_change_precond;eeg_fl_hbeta_mean_full_change_precond"
2025-11-26 18:07:43.258304,8,"stress_label",5,64,0.015625,0.532051282051282,0.608974358974359,0.501709401709402,5,"top5","eeg_tleft_sampent_full_change_precond;eeg_c_theta_mean_full_change_precond;eeg_t_sampent_full_change_precond;eeg_tleft_halpha_mean_full_change_precond;eeg_fl_hbeta_mean_full_change_precond"
2025-11-26 18:07:44.09891,8,"stress_label",5,128,0.015625,0.544871794871795,0.602564102564103,0.516239316239316,5,"top5","eeg_tleft_sampent_full_change_precond;eeg_c_theta_mean_full_change_precond;eeg_t_sampent_full_change_precond;eeg_tleft_halpha_mean_full_change_precond;eeg_fl_hbeta_mean_full_change_precond"
2025-11-26 18:07:44.949129,8,"stress_label",5,256,0.015625,0.551282051282051,0.596153846153846,0.525641025641026,5,"top5","eeg_tleft_sampent_full_change_precond;eeg_c_theta_mean_full_change_precond;eeg_t_sampent_full_change_precond;eeg_tleft_halpha_mean_full_change_precond;eeg_fl_hbeta_mean_full_change_precond"
2025-11-26 18:07:45.722988,8,"stress_label",5,2,0.03125,0.583333333333333,0.621794871794872,0.552136752136752,5,"top5","eeg_tleft_sampent_full_change_precond;eeg_c_theta_mean_full_change_precond;eeg_t_sampent_full_change_precond;eeg_tleft_halpha_mean_full_change_precond;eeg_fl_hbeta_mean_full_change_precond"
2025-11-26 18:07:46.478293,8,"stress_label",5,4,0.03125,0.557692307692308,0.596153846153846,0.532478632478632,5,"top5","eeg_tleft_sampent_full_change_precond;eeg_c_theta_mean_full_change_precond;eeg_t_sampent_full_change_precond;eeg_tleft_halpha_mean_full_change_precond;eeg_fl_hbeta_mean_full_change_precond"
2025-11-26 18:07:47.186434,8,"stress_label",5,8,0.03125,0.57051282051282,0.634615384615385,0.546153846153846,5,"top5","eeg_tleft_sampent_full_change_precond;eeg_c_theta_mean_full_change_precond;eeg_t_sampent_full_change_precond;eeg_tleft_halpha_mean_full_change_precond;eeg_fl_hbeta_mean_full_change_precond"
2025-11-26 18:07:47.963019,8,"stress_label",5,16,0.03125,0.525641025641026,0.621794871794872,0.497435897435897,5,"top5","eeg_tleft_sampent_full_change_precond;eeg_c_theta_mean_full_change_precond;eeg_t_sampent_full_change_precond;eeg_tleft_halpha_mean_full_change_precond;eeg_fl_hbeta_mean_full_change_precond"
2025-11-26 18:07:48.617451,8,"stress_label",5,32,0.03125,0.538461538461538,0.608974358974359,0.503418803418803,5,"top5","eeg_tleft_sampent_full_change_precond;eeg_c_theta_mean_full_change_precond;eeg_t_sampent_full_change_precond;eeg_tleft_halpha_mean_full_change_precond;eeg_fl_hbeta_mean_full_change_precond"
2025-11-26 18:07:49.438986,8,"stress_label",5,64,0.03125,0.557692307692308,0.57051282051282,0.526495726495727,5,"top5","eeg_tleft_sampent_full_change_precond;eeg_c_theta_mean_full_change_precond;eeg_t_sampent_full_change_precond;eeg_tleft_halpha_mean_full_change_precond;eeg_fl_hbeta_mean_full_change_precond"
2025-11-26 18:07:50.243141,8,"stress_label",5,128,0.03125,0.525641025641026,0.551282051282051,0.494017094017094,5,"top5","eeg_tleft_sampent_full_change_precond;eeg_c_theta_mean_full_change_precond;eeg_t_sampent_full_change_precond;eeg_tleft_halpha_mean_full_change_precond;eeg_fl_hbeta_mean_full_change_precond"
2025-11-26 18:07:51.097911,8,"stress_label",5,256,0.03125,0.525641025641026,0.57051282051282,0.498290598290598,5,"top5","eeg_tleft_sampent_full_change_precond;eeg_c_theta_mean_full_change_precond;eeg_t_sampent_full_change_precond;eeg_tleft_halpha_mean_full_change_precond;eeg_fl_hbeta_mean_full_change_precond"
2025-11-26 18:07:51.750643,8,"stress_label",5,2,0.0625,0.583333333333333,0.615384615384615,0.548717948717949,5,"top5","eeg_tleft_sampent_full_change_precond;eeg_c_theta_mean_full_change_precond;eeg_t_sampent_full_change_precond;eeg_tleft_halpha_mean_full_change_precond;eeg_fl_hbeta_mean_full_change_precond"
2025-11-26 18:07:52.52356,8,"stress_label",5,4,0.0625,0.544871794871795,0.628205128205128,0.522222222222222,5,"top5","eeg_tleft_sampent_full_change_precond;eeg_c_theta_mean_full_change_precond;eeg_t_sampent_full_change_precond;eeg_tleft_halpha_mean_full_change_precond;eeg_fl_hbeta_mean_full_change_precond"
2025-11-26 18:07:53.268895,8,"stress_label",5,8,0.0625,0.551282051282051,0.615384615384615,0.533333333333333,5,"top5","eeg_tleft_sampent_full_change_precond;eeg_c_theta_mean_full_change_precond;eeg_t_sampent_full_change_precond;eeg_tleft_halpha_mean_full_change_precond;eeg_fl_hbeta_mean_full_change_precond"
2025-11-26 18:07:53.988576,8,"stress_label",5,16,0.0625,0.538461538461538,0.564102564102564,0.512820512820513,5,"top5","eeg_tleft_sampent_full_change_precond;eeg_c_theta_mean_full_change_precond;eeg_t_sampent_full_change_precond;eeg_tleft_halpha_mean_full_change_precond;eeg_fl_hbeta_mean_full_change_precond"
2025-11-26 18:07:54.82054,8,"stress_label",5,32,0.0625,0.538461538461538,0.596153846153846,0.513675213675214,5,"top5","eeg_tleft_sampent_full_change_precond;eeg_c_theta_mean_full_change_precond;eeg_t_sampent_full_change_precond;eeg_tleft_halpha_mean_full_change_precond;eeg_fl_hbeta_mean_full_change_precond"
2025-11-26 18:07:55.739925,8,"stress_label",5,64,0.0625,0.57051282051282,0.557692307692308,0.551282051282051,5,"top5","eeg_tleft_sampent_full_change_precond;eeg_c_theta_mean_full_change_precond;eeg_t_sampent_full_change_precond;eeg_tleft_halpha_mean_full_change_precond;eeg_fl_hbeta_mean_full_change_precond"
2025-11-26 18:07:56.581781,8,"stress_label",5,128,0.0625,0.576923076923077,0.564102564102564,0.557264957264957,5,"top5","eeg_tleft_sampent_full_change_precond;eeg_c_theta_mean_full_change_precond;eeg_t_sampent_full_change_precond;eeg_tleft_halpha_mean_full_change_precond;eeg_fl_hbeta_mean_full_change_precond"
2025-11-26 18:07:57.797726,8,"stress_label",5,256,0.0625,0.58974358974359,0.647435897435897,NA,5,"top5","eeg_tleft_sampent_full_change_precond;eeg_c_theta_mean_full_change_precond;eeg_t_sampent_full_change_precond;eeg_tleft_halpha_mean_full_change_precond;eeg_fl_hbeta_mean_full_change_precond"
2025-11-26 18:07:58.530469,8,"stress_label",5,2,0.125,0.532051282051282,0.615384615384615,0.501709401709402,5,"top5","eeg_tleft_sampent_full_change_precond;eeg_c_theta_mean_full_change_precond;eeg_t_sampent_full_change_precond;eeg_tleft_halpha_mean_full_change_precond;eeg_fl_hbeta_mean_full_change_precond"
2025-11-26 18:07:59.308164,8,"stress_label",5,4,0.125,0.519230769230769,0.551282051282051,0.500854700854701,5,"top5","eeg_tleft_sampent_full_change_precond;eeg_c_theta_mean_full_change_precond;eeg_t_sampent_full_change_precond;eeg_tleft_halpha_mean_full_change_precond;eeg_fl_hbeta_mean_full_change_precond"
2025-11-26 18:08:00.066153,8,"stress_label",5,8,0.125,0.551282051282051,0.564102564102564,0.530769230769231,5,"top5","eeg_tleft_sampent_full_change_precond;eeg_c_theta_mean_full_change_precond;eeg_t_sampent_full_change_precond;eeg_tleft_halpha_mean_full_change_precond;eeg_fl_hbeta_mean_full_change_precond"
2025-11-26 18:08:00.866014,8,"stress_label",5,16,0.125,0.564102564102564,0.57051282051282,0.553846153846154,5,"top5","eeg_tleft_sampent_full_change_precond;eeg_c_theta_mean_full_change_precond;eeg_t_sampent_full_change_precond;eeg_tleft_halpha_mean_full_change_precond;eeg_fl_hbeta_mean_full_change_precond"
2025-11-26 18:08:01.740701,8,"stress_label",5,32,0.125,0.583333333333333,0.628205128205128,NA,5,"top5","eeg_tleft_sampent_full_change_precond;eeg_c_theta_mean_full_change_precond;eeg_t_sampent_full_change_precond;eeg_tleft_halpha_mean_full_change_precond;eeg_fl_hbeta_mean_full_change_precond"
2025-11-26 18:08:02.760465,8,"stress_label",5,64,0.125,0.602564102564103,0.621794871794872,NA,5,"top5","eeg_tleft_sampent_full_change_precond;eeg_c_theta_mean_full_change_precond;eeg_t_sampent_full_change_precond;eeg_tleft_halpha_mean_full_change_precond;eeg_fl_hbeta_mean_full_change_precond"
2025-11-26 18:08:03.930541,8,"stress_label",5,128,0.125,0.583333333333333,0.57051282051282,NA,5,"top5","eeg_tleft_sampent_full_change_precond;eeg_c_theta_mean_full_change_precond;eeg_t_sampent_full_change_precond;eeg_tleft_halpha_mean_full_change_precond;eeg_fl_hbeta_mean_full_change_precond"
2025-11-26 18:08:05.396331,8,"stress_label",5,256,0.125,0.538461538461538,0.506410256410256,NA,5,"top5","eeg_tleft_sampent_full_change_precond;eeg_c_theta_mean_full_change_precond;eeg_t_sampent_full_change_precond;eeg_tleft_halpha_mean_full_change_precond;eeg_fl_hbeta_mean_full_change_precond"
2025-11-26 18:08:06.176516,8,"stress_label",5,2,0.03,0.583333333333333,0.621794871794872,0.552136752136752,5,"top5","eeg_tleft_sampent_full_change_precond;eeg_c_theta_mean_full_change_precond;eeg_t_sampent_full_change_precond;eeg_tleft_halpha_mean_full_change_precond;eeg_fl_hbeta_mean_full_change_precond"
2025-11-26 18:08:06.9895,8,"stress_label",5,4,0.03,0.564102564102564,0.596153846153846,0.536752136752137,5,"top5","eeg_tleft_sampent_full_change_precond;eeg_c_theta_mean_full_change_precond;eeg_t_sampent_full_change_precond;eeg_tleft_halpha_mean_full_change_precond;eeg_fl_hbeta_mean_full_change_precond"
2025-11-26 18:08:07.748204,8,"stress_label",5,8,0.03,0.57051282051282,0.628205128205128,0.546153846153846,5,"top5","eeg_tleft_sampent_full_change_precond;eeg_c_theta_mean_full_change_precond;eeg_t_sampent_full_change_precond;eeg_tleft_halpha_mean_full_change_precond;eeg_fl_hbeta_mean_full_change_precond"
2025-11-26 18:08:08.518815,8,"stress_label",5,16,0.03,0.525641025641026,0.596153846153846,0.497435897435897,5,"top5","eeg_tleft_sampent_full_change_precond;eeg_c_theta_mean_full_change_precond;eeg_t_sampent_full_change_precond;eeg_tleft_halpha_mean_full_change_precond;eeg_fl_hbeta_mean_full_change_precond"
2025-11-26 18:08:09.253509,8,"stress_label",5,32,0.03,0.538461538461538,0.615384615384615,0.504273504273504,5,"top5","eeg_tleft_sampent_full_change_precond;eeg_c_theta_mean_full_change_precond;eeg_t_sampent_full_change_precond;eeg_tleft_halpha_mean_full_change_precond;eeg_fl_hbeta_mean_full_change_precond"
2025-11-26 18:08:10.037069,8,"stress_label",5,64,0.03,0.557692307692308,0.576923076923077,0.536752136752137,5,"top5","eeg_tleft_sampent_full_change_precond;eeg_c_theta_mean_full_change_precond;eeg_t_sampent_full_change_precond;eeg_tleft_halpha_mean_full_change_precond;eeg_fl_hbeta_mean_full_change_precond"
2025-11-26 18:08:10.940278,8,"stress_label",5,128,0.03,0.532051282051282,0.564102564102564,0.504273504273504,5,"top5","eeg_tleft_sampent_full_change_precond;eeg_c_theta_mean_full_change_precond;eeg_t_sampent_full_change_precond;eeg_tleft_halpha_mean_full_change_precond;eeg_fl_hbeta_mean_full_change_precond"
2025-11-26 18:08:12.038189,8,"stress_label",5,256,0.03,0.544871794871795,0.564102564102564,0.51965811965812,5,"top5","eeg_tleft_sampent_full_change_precond;eeg_c_theta_mean_full_change_precond;eeg_t_sampent_full_change_precond;eeg_tleft_halpha_mean_full_change_precond;eeg_fl_hbeta_mean_full_change_precond"
2025-11-26 18:08:12.739879,8,"stress_label",5,2,0.06,0.583333333333333,0.608974358974359,0.548717948717949,5,"top5","eeg_tleft_sampent_full_change_precond;eeg_c_theta_mean_full_change_precond;eeg_t_sampent_full_change_precond;eeg_tleft_halpha_mean_full_change_precond;eeg_fl_hbeta_mean_full_change_precond"
2025-11-26 18:08:13.454383,8,"stress_label",5,4,0.06,0.538461538461538,0.628205128205128,0.522222222222222,5,"top5","eeg_tleft_sampent_full_change_precond;eeg_c_theta_mean_full_change_precond;eeg_t_sampent_full_change_precond;eeg_tleft_halpha_mean_full_change_precond;eeg_fl_hbeta_mean_full_change_precond"
2025-11-26 18:08:14.215675,8,"stress_label",5,8,0.06,0.557692307692308,0.615384615384615,0.541025641025641,5,"top5","eeg_tleft_sampent_full_change_precond;eeg_c_theta_mean_full_change_precond;eeg_t_sampent_full_change_precond;eeg_tleft_halpha_mean_full_change_precond;eeg_fl_hbeta_mean_full_change_precond"
2025-11-26 18:08:15.02255,8,"stress_label",5,16,0.06,0.538461538461538,0.564102564102564,0.512820512820513,5,"top5","eeg_tleft_sampent_full_change_precond;eeg_c_theta_mean_full_change_precond;eeg_t_sampent_full_change_precond;eeg_tleft_halpha_mean_full_change_precond;eeg_fl_hbeta_mean_full_change_precond"
2025-11-26 18:08:15.865134,8,"stress_label",5,32,0.06,0.532051282051282,0.544871794871795,0.505982905982906,5,"top5","eeg_tleft_sampent_full_change_precond;eeg_c_theta_mean_full_change_precond;eeg_t_sampent_full_change_precond;eeg_tleft_halpha_mean_full_change_precond;eeg_fl_hbeta_mean_full_change_precond"
2025-11-26 18:08:16.774487,8,"stress_label",5,64,0.06,0.551282051282051,0.551282051282051,0.524786324786325,5,"top5","eeg_tleft_sampent_full_change_precond;eeg_c_theta_mean_full_change_precond;eeg_t_sampent_full_change_precond;eeg_tleft_halpha_mean_full_change_precond;eeg_fl_hbeta_mean_full_change_precond"
2025-11-26 18:08:17.735393,8,"stress_label",5,128,0.06,0.564102564102564,0.57051282051282,0.548717948717949,5,"top5","eeg_tleft_sampent_full_change_precond;eeg_c_theta_mean_full_change_precond;eeg_t_sampent_full_change_precond;eeg_tleft_halpha_mean_full_change_precond;eeg_fl_hbeta_mean_full_change_precond"
2025-11-26 18:08:19.052488,8,"stress_label",5,256,0.06,0.596153846153846,0.634615384615385,NA,5,"top5","eeg_tleft_sampent_full_change_precond;eeg_c_theta_mean_full_change_precond;eeg_t_sampent_full_change_precond;eeg_tleft_halpha_mean_full_change_precond;eeg_fl_hbeta_mean_full_change_precond"
2025-11-26 18:08:19.748634,8,"stress_label",5,2,0.1,0.544871794871795,0.621794871794872,0.520512820512821,5,"top5","eeg_tleft_sampent_full_change_precond;eeg_c_theta_mean_full_change_precond;eeg_t_sampent_full_change_precond;eeg_tleft_halpha_mean_full_change_precond;eeg_fl_hbeta_mean_full_change_precond"
2025-11-26 18:08:20.523962,8,"stress_label",5,4,0.1,0.544871794871795,0.602564102564103,0.529059829059829,5,"top5","eeg_tleft_sampent_full_change_precond;eeg_c_theta_mean_full_change_precond;eeg_t_sampent_full_change_precond;eeg_tleft_halpha_mean_full_change_precond;eeg_fl_hbeta_mean_full_change_precond"
2025-11-26 18:08:21.315947,8,"stress_label",5,8,0.1,0.519230769230769,0.564102564102564,0.493162393162393,5,"top5","eeg_tleft_sampent_full_change_precond;eeg_c_theta_mean_full_change_precond;eeg_t_sampent_full_change_precond;eeg_tleft_halpha_mean_full_change_precond;eeg_fl_hbeta_mean_full_change_precond"
2025-11-26 18:08:22.132626,8,"stress_label",5,16,0.1,0.544871794871795,0.57051282051282,0.526495726495727,5,"top5","eeg_tleft_sampent_full_change_precond;eeg_c_theta_mean_full_change_precond;eeg_t_sampent_full_change_precond;eeg_tleft_halpha_mean_full_change_precond;eeg_fl_hbeta_mean_full_change_precond"
2025-11-26 18:08:22.967594,8,"stress_label",5,32,0.1,0.58974358974359,0.564102564102564,0.572649572649573,5,"top5","eeg_tleft_sampent_full_change_precond;eeg_c_theta_mean_full_change_precond;eeg_t_sampent_full_change_precond;eeg_tleft_halpha_mean_full_change_precond;eeg_fl_hbeta_mean_full_change_precond"
2025-11-26 18:08:23.867162,8,"stress_label",5,64,0.1,0.58974358974359,0.634615384615385,NA,5,"top5","eeg_tleft_sampent_full_change_precond;eeg_c_theta_mean_full_change_precond;eeg_t_sampent_full_change_precond;eeg_tleft_halpha_mean_full_change_precond;eeg_fl_hbeta_mean_full_change_precond"
2025-11-26 18:08:25.017659,8,"stress_label",5,128,0.1,0.621794871794872,0.608974358974359,NA,5,"top5","eeg_tleft_sampent_full_change_precond;eeg_c_theta_mean_full_change_precond;eeg_t_sampent_full_change_precond;eeg_tleft_halpha_mean_full_change_precond;eeg_fl_hbeta_mean_full_change_precond"
2025-11-26 18:08:26.489793,8,"stress_label",5,256,0.1,0.583333333333333,0.506410256410256,NA,5,"top5","eeg_tleft_sampent_full_change_precond;eeg_c_theta_mean_full_change_precond;eeg_t_sampent_full_change_precond;eeg_tleft_halpha_mean_full_change_precond;eeg_fl_hbeta_mean_full_change_precond"
2025-11-26 18:08:27.633228,9,"stress_label",20,2,0.0078125,0.583333333333333,0.602564102564103,0.539316239316239,20,"top20","eeg_tleft_sampent_full_change_precond;eeg_tleft_halpha_mean_full_change_precond;eeg_tleft_lalpha_mean_full_change_precond;eeg_pright_sampent_full_change_precond;eeg_c_theta_mean_full_change_precond;gsr_skin_conductance_eda_tonic_mean_nk_full_change_precond;pupil_dilation_sd_full_change_precond;eeg_t_sampent_full_change_precond;eeg_fr_sampent_full_change_precond;eeg_fl_hbeta_mean_full_change_precond;eeg_c_sampent_full_change_precond;hrv_rmssd_full_change_precond;eeg_fm_sampent_full_change_precond;eeg_tright_halpha_mean_full_change_precond;hr_heartrate_bpm_med_abs_full_change_precond;eeg_pleft_halpha_mean_full_change_precond;eeg_fm_theta_mean_full_change_precond;eeg_ab_ratio_full_change_precond;eeg_pleft_lbeta_mean_full_change_precond;pupil_asymmetry_full_change_precond"
2025-11-26 18:08:28.656323,9,"stress_label",20,4,0.0078125,0.538461538461538,0.576923076923077,0.51025641025641,20,"top20","eeg_tleft_sampent_full_change_precond;eeg_tleft_halpha_mean_full_change_precond;eeg_tleft_lalpha_mean_full_change_precond;eeg_pright_sampent_full_change_precond;eeg_c_theta_mean_full_change_precond;gsr_skin_conductance_eda_tonic_mean_nk_full_change_precond;pupil_dilation_sd_full_change_precond;eeg_t_sampent_full_change_precond;eeg_fr_sampent_full_change_precond;eeg_fl_hbeta_mean_full_change_precond;eeg_c_sampent_full_change_precond;hrv_rmssd_full_change_precond;eeg_fm_sampent_full_change_precond;eeg_tright_halpha_mean_full_change_precond;hr_heartrate_bpm_med_abs_full_change_precond;eeg_pleft_halpha_mean_full_change_precond;eeg_fm_theta_mean_full_change_precond;eeg_ab_ratio_full_change_precond;eeg_pleft_lbeta_mean_full_change_precond;pupil_asymmetry_full_change_precond"
2025-11-26 18:08:29.678057,9,"stress_label",20,8,0.0078125,0.564102564102564,0.596153846153846,0.535897435897436,20,"top20","eeg_tleft_sampent_full_change_precond;eeg_tleft_halpha_mean_full_change_precond;eeg_tleft_lalpha_mean_full_change_precond;eeg_pright_sampent_full_change_precond;eeg_c_theta_mean_full_change_precond;gsr_skin_conductance_eda_tonic_mean_nk_full_change_precond;pupil_dilation_sd_full_change_precond;eeg_t_sampent_full_change_precond;eeg_fr_sampent_full_change_precond;eeg_fl_hbeta_mean_full_change_precond;eeg_c_sampent_full_change_precond;hrv_rmssd_full_change_precond;eeg_fm_sampent_full_change_precond;eeg_tright_halpha_mean_full_change_precond;hr_heartrate_bpm_med_abs_full_change_precond;eeg_pleft_halpha_mean_full_change_precond;eeg_fm_theta_mean_full_change_precond;eeg_ab_ratio_full_change_precond;eeg_pleft_lbeta_mean_full_change_precond;pupil_asymmetry_full_change_precond"
2025-11-26 18:08:30.689688,9,"stress_label",20,16,0.0078125,0.596153846153846,0.634615384615385,0.575213675213675,20,"top20","eeg_tleft_sampent_full_change_precond;eeg_tleft_halpha_mean_full_change_precond;eeg_tleft_lalpha_mean_full_change_precond;eeg_pright_sampent_full_change_precond;eeg_c_theta_mean_full_change_precond;gsr_skin_conductance_eda_tonic_mean_nk_full_change_precond;pupil_dilation_sd_full_change_precond;eeg_t_sampent_full_change_precond;eeg_fr_sampent_full_change_precond;eeg_fl_hbeta_mean_full_change_precond;eeg_c_sampent_full_change_precond;hrv_rmssd_full_change_precond;eeg_fm_sampent_full_change_precond;eeg_tright_halpha_mean_full_change_precond;hr_heartrate_bpm_med_abs_full_change_precond;eeg_pleft_halpha_mean_full_change_precond;eeg_fm_theta_mean_full_change_precond;eeg_ab_ratio_full_change_precond;eeg_pleft_lbeta_mean_full_change_precond;pupil_asymmetry_full_change_precond"
2025-11-26 18:08:31.786382,9,"stress_label",20,32,0.0078125,0.608974358974359,0.58974358974359,0.58034188034188,20,"top20","eeg_tleft_sampent_full_change_precond;eeg_tleft_halpha_mean_full_change_precond;eeg_tleft_lalpha_mean_full_change_precond;eeg_pright_sampent_full_change_precond;eeg_c_theta_mean_full_change_precond;gsr_skin_conductance_eda_tonic_mean_nk_full_change_precond;pupil_dilation_sd_full_change_precond;eeg_t_sampent_full_change_precond;eeg_fr_sampent_full_change_precond;eeg_fl_hbeta_mean_full_change_precond;eeg_c_sampent_full_change_precond;hrv_rmssd_full_change_precond;eeg_fm_sampent_full_change_precond;eeg_tright_halpha_mean_full_change_precond;hr_heartrate_bpm_med_abs_full_change_precond;eeg_pleft_halpha_mean_full_change_precond;eeg_fm_theta_mean_full_change_precond;eeg_ab_ratio_full_change_precond;eeg_pleft_lbeta_mean_full_change_precond;pupil_asymmetry_full_change_precond"
2025-11-26 18:08:32.941356,9,"stress_label",20,64,0.0078125,0.57051282051282,0.557692307692308,NA,20,"top20","eeg_tleft_sampent_full_change_precond;eeg_tleft_halpha_mean_full_change_precond;eeg_tleft_lalpha_mean_full_change_precond;eeg_pright_sampent_full_change_precond;eeg_c_theta_mean_full_change_precond;gsr_skin_conductance_eda_tonic_mean_nk_full_change_precond;pupil_dilation_sd_full_change_precond;eeg_t_sampent_full_change_precond;eeg_fr_sampent_full_change_precond;eeg_fl_hbeta_mean_full_change_precond;eeg_c_sampent_full_change_precond;hrv_rmssd_full_change_precond;eeg_fm_sampent_full_change_precond;eeg_tright_halpha_mean_full_change_precond;hr_heartrate_bpm_med_abs_full_change_precond;eeg_pleft_halpha_mean_full_change_precond;eeg_fm_theta_mean_full_change_precond;eeg_ab_ratio_full_change_precond;eeg_pleft_lbeta_mean_full_change_precond;pupil_asymmetry_full_change_precond"
2025-11-26 18:08:34.295473,9,"stress_label",20,128,0.0078125,0.564102564102564,0.532051282051282,NA,20,"top20","eeg_tleft_sampent_full_change_precond;eeg_tleft_halpha_mean_full_change_precond;eeg_tleft_lalpha_mean_full_change_precond;eeg_pright_sampent_full_change_precond;eeg_c_theta_mean_full_change_precond;gsr_skin_conductance_eda_tonic_mean_nk_full_change_precond;pupil_dilation_sd_full_change_precond;eeg_t_sampent_full_change_precond;eeg_fr_sampent_full_change_precond;eeg_fl_hbeta_mean_full_change_precond;eeg_c_sampent_full_change_precond;hrv_rmssd_full_change_precond;eeg_fm_sampent_full_change_precond;eeg_tright_halpha_mean_full_change_precond;hr_heartrate_bpm_med_abs_full_change_precond;eeg_pleft_halpha_mean_full_change_precond;eeg_fm_theta_mean_full_change_precond;eeg_ab_ratio_full_change_precond;eeg_pleft_lbeta_mean_full_change_precond;pupil_asymmetry_full_change_precond"
2025-11-26 18:08:35.867721,9,"stress_label",20,256,0.0078125,0.551282051282051,0.608974358974359,NA,20,"top20","eeg_tleft_sampent_full_change_precond;eeg_tleft_halpha_mean_full_change_precond;eeg_tleft_lalpha_mean_full_change_precond;eeg_pright_sampent_full_change_precond;eeg_c_theta_mean_full_change_precond;gsr_skin_conductance_eda_tonic_mean_nk_full_change_precond;pupil_dilation_sd_full_change_precond;eeg_t_sampent_full_change_precond;eeg_fr_sampent_full_change_precond;eeg_fl_hbeta_mean_full_change_precond;eeg_c_sampent_full_change_precond;hrv_rmssd_full_change_precond;eeg_fm_sampent_full_change_precond;eeg_tright_halpha_mean_full_change_precond;hr_heartrate_bpm_med_abs_full_change_precond;eeg_pleft_halpha_mean_full_change_precond;eeg_fm_theta_mean_full_change_precond;eeg_ab_ratio_full_change_precond;eeg_pleft_lbeta_mean_full_change_precond;pupil_asymmetry_full_change_precond"
2025-11-26 18:08:36.838866,9,"stress_label",20,2,0.015625,0.564102564102564,0.58974358974359,0.534188034188034,20,"top20","eeg_tleft_sampent_full_change_precond;eeg_tleft_halpha_mean_full_change_precond;eeg_tleft_lalpha_mean_full_change_precond;eeg_pright_sampent_full_change_precond;eeg_c_theta_mean_full_change_precond;gsr_skin_conductance_eda_tonic_mean_nk_full_change_precond;pupil_dilation_sd_full_change_precond;eeg_t_sampent_full_change_precond;eeg_fr_sampent_full_change_precond;eeg_fl_hbeta_mean_full_change_precond;eeg_c_sampent_full_change_precond;hrv_rmssd_full_change_precond;eeg_fm_sampent_full_change_precond;eeg_tright_halpha_mean_full_change_precond;hr_heartrate_bpm_med_abs_full_change_precond;eeg_pleft_halpha_mean_full_change_precond;eeg_fm_theta_mean_full_change_precond;eeg_ab_ratio_full_change_precond;eeg_pleft_lbeta_mean_full_change_precond;pupil_asymmetry_full_change_precond"
2025-11-26 18:08:37.900861,9,"stress_label",20,4,0.015625,0.564102564102564,0.58974358974359,NA,20,"top20","eeg_tleft_sampent_full_change_precond;eeg_tleft_halpha_mean_full_change_precond;eeg_tleft_lalpha_mean_full_change_precond;eeg_pright_sampent_full_change_precond;eeg_c_theta_mean_full_change_precond;gsr_skin_conductance_eda_tonic_mean_nk_full_change_precond;pupil_dilation_sd_full_change_precond;eeg_t_sampent_full_change_precond;eeg_fr_sampent_full_change_precond;eeg_fl_hbeta_mean_full_change_precond;eeg_c_sampent_full_change_precond;hrv_rmssd_full_change_precond;eeg_fm_sampent_full_change_precond;eeg_tright_halpha_mean_full_change_precond;hr_heartrate_bpm_med_abs_full_change_precond;eeg_pleft_halpha_mean_full_change_precond;eeg_fm_theta_mean_full_change_precond;eeg_ab_ratio_full_change_precond;eeg_pleft_lbeta_mean_full_change_precond;pupil_asymmetry_full_change_precond"
2025-11-26 18:08:38.974315,9,"stress_label",20,8,0.015625,0.583333333333333,0.583333333333333,NA,20,"top20","eeg_tleft_sampent_full_change_precond;eeg_tleft_halpha_mean_full_change_precond;eeg_tleft_lalpha_mean_full_change_precond;eeg_pright_sampent_full_change_precond;eeg_c_theta_mean_full_change_precond;gsr_skin_conductance_eda_tonic_mean_nk_full_change_precond;pupil_dilation_sd_full_change_precond;eeg_t_sampent_full_change_precond;eeg_fr_sampent_full_change_precond;eeg_fl_hbeta_mean_full_change_precond;eeg_c_sampent_full_change_precond;hrv_rmssd_full_change_precond;eeg_fm_sampent_full_change_precond;eeg_tright_halpha_mean_full_change_precond;hr_heartrate_bpm_med_abs_full_change_precond;eeg_pleft_halpha_mean_full_change_precond;eeg_fm_theta_mean_full_change_precond;eeg_ab_ratio_full_change_precond;eeg_pleft_lbeta_mean_full_change_precond;pupil_asymmetry_full_change_precond"
2025-11-26 18:08:40.013014,9,"stress_label",20,16,0.015625,0.576923076923077,0.583333333333333,NA,20,"top20","eeg_tleft_sampent_full_change_precond;eeg_tleft_halpha_mean_full_change_precond;eeg_tleft_lalpha_mean_full_change_precond;eeg_pright_sampent_full_change_precond;eeg_c_theta_mean_full_change_precond;gsr_skin_conductance_eda_tonic_mean_nk_full_change_precond;pupil_dilation_sd_full_change_precond;eeg_t_sampent_full_change_precond;eeg_fr_sampent_full_change_precond;eeg_fl_hbeta_mean_full_change_precond;eeg_c_sampent_full_change_precond;hrv_rmssd_full_change_precond;eeg_fm_sampent_full_change_precond;eeg_tright_halpha_mean_full_change_precond;hr_heartrate_bpm_med_abs_full_change_precond;eeg_pleft_halpha_mean_full_change_precond;eeg_fm_theta_mean_full_change_precond;eeg_ab_ratio_full_change_precond;eeg_pleft_lbeta_mean_full_change_precond;pupil_asymmetry_full_change_precond"
2025-11-26 18:08:41.193596,9,"stress_label",20,32,0.015625,0.57051282051282,0.557692307692308,NA,20,"top20","eeg_tleft_sampent_full_change_precond;eeg_tleft_halpha_mean_full_change_precond;eeg_tleft_lalpha_mean_full_change_precond;eeg_pright_sampent_full_change_precond;eeg_c_theta_mean_full_change_precond;gsr_skin_conductance_eda_tonic_mean_nk_full_change_precond;pupil_dilation_sd_full_change_precond;eeg_t_sampent_full_change_precond;eeg_fr_sampent_full_change_precond;eeg_fl_hbeta_mean_full_change_precond;eeg_c_sampent_full_change_precond;hrv_rmssd_full_change_precond;eeg_fm_sampent_full_change_precond;eeg_tright_halpha_mean_full_change_precond;hr_heartrate_bpm_med_abs_full_change_precond;eeg_pleft_halpha_mean_full_change_precond;eeg_fm_theta_mean_full_change_precond;eeg_ab_ratio_full_change_precond;eeg_pleft_lbeta_mean_full_change_precond;pupil_asymmetry_full_change_precond"
2025-11-26 18:08:42.497273,9,"stress_label",20,64,0.015625,0.551282051282051,0.57051282051282,NA,20,"top20","eeg_tleft_sampent_full_change_precond;eeg_tleft_halpha_mean_full_change_precond;eeg_tleft_lalpha_mean_full_change_precond;eeg_pright_sampent_full_change_precond;eeg_c_theta_mean_full_change_precond;gsr_skin_conductance_eda_tonic_mean_nk_full_change_precond;pupil_dilation_sd_full_change_precond;eeg_t_sampent_full_change_precond;eeg_fr_sampent_full_change_precond;eeg_fl_hbeta_mean_full_change_precond;eeg_c_sampent_full_change_precond;hrv_rmssd_full_change_precond;eeg_fm_sampent_full_change_precond;eeg_tright_halpha_mean_full_change_precond;hr_heartrate_bpm_med_abs_full_change_precond;eeg_pleft_halpha_mean_full_change_precond;eeg_fm_theta_mean_full_change_precond;eeg_ab_ratio_full_change_precond;eeg_pleft_lbeta_mean_full_change_precond;pupil_asymmetry_full_change_precond"
2025-11-26 18:08:43.859459,9,"stress_label",20,128,0.015625,0.583333333333333,0.615384615384615,NA,20,"top20","eeg_tleft_sampent_full_change_precond;eeg_tleft_halpha_mean_full_change_precond;eeg_tleft_lalpha_mean_full_change_precond;eeg_pright_sampent_full_change_precond;eeg_c_theta_mean_full_change_precond;gsr_skin_conductance_eda_tonic_mean_nk_full_change_precond;pupil_dilation_sd_full_change_precond;eeg_t_sampent_full_change_precond;eeg_fr_sampent_full_change_precond;eeg_fl_hbeta_mean_full_change_precond;eeg_c_sampent_full_change_precond;hrv_rmssd_full_change_precond;eeg_fm_sampent_full_change_precond;eeg_tright_halpha_mean_full_change_precond;hr_heartrate_bpm_med_abs_full_change_precond;eeg_pleft_halpha_mean_full_change_precond;eeg_fm_theta_mean_full_change_precond;eeg_ab_ratio_full_change_precond;eeg_pleft_lbeta_mean_full_change_precond;pupil_asymmetry_full_change_precond"
2025-11-26 18:08:45.156943,9,"stress_label",20,256,0.015625,0.576923076923077,0.583333333333333,NA,20,"top20","eeg_tleft_sampent_full_change_precond;eeg_tleft_halpha_mean_full_change_precond;eeg_tleft_lalpha_mean_full_change_precond;eeg_pright_sampent_full_change_precond;eeg_c_theta_mean_full_change_precond;gsr_skin_conductance_eda_tonic_mean_nk_full_change_precond;pupil_dilation_sd_full_change_precond;eeg_t_sampent_full_change_precond;eeg_fr_sampent_full_change_precond;eeg_fl_hbeta_mean_full_change_precond;eeg_c_sampent_full_change_precond;hrv_rmssd_full_change_precond;eeg_fm_sampent_full_change_precond;eeg_tright_halpha_mean_full_change_precond;hr_heartrate_bpm_med_abs_full_change_precond;eeg_pleft_halpha_mean_full_change_precond;eeg_fm_theta_mean_full_change_precond;eeg_ab_ratio_full_change_precond;eeg_pleft_lbeta_mean_full_change_precond;pupil_asymmetry_full_change_precond"
2025-11-26 18:08:46.229509,9,"stress_label",20,2,0.03125,0.57051282051282,0.596153846153846,NA,20,"top20","eeg_tleft_sampent_full_change_precond;eeg_tleft_halpha_mean_full_change_precond;eeg_tleft_lalpha_mean_full_change_precond;eeg_pright_sampent_full_change_precond;eeg_c_theta_mean_full_change_precond;gsr_skin_conductance_eda_tonic_mean_nk_full_change_precond;pupil_dilation_sd_full_change_precond;eeg_t_sampent_full_change_precond;eeg_fr_sampent_full_change_precond;eeg_fl_hbeta_mean_full_change_precond;eeg_c_sampent_full_change_precond;hrv_rmssd_full_change_precond;eeg_fm_sampent_full_change_precond;eeg_tright_halpha_mean_full_change_precond;hr_heartrate_bpm_med_abs_full_change_precond;eeg_pleft_halpha_mean_full_change_precond;eeg_fm_theta_mean_full_change_precond;eeg_ab_ratio_full_change_precond;eeg_pleft_lbeta_mean_full_change_precond;pupil_asymmetry_full_change_precond"
2025-11-26 18:08:47.262649,9,"stress_label",20,4,0.03125,0.58974358974359,0.596153846153846,NA,20,"top20","eeg_tleft_sampent_full_change_precond;eeg_tleft_halpha_mean_full_change_precond;eeg_tleft_lalpha_mean_full_change_precond;eeg_pright_sampent_full_change_precond;eeg_c_theta_mean_full_change_precond;gsr_skin_conductance_eda_tonic_mean_nk_full_change_precond;pupil_dilation_sd_full_change_precond;eeg_t_sampent_full_change_precond;eeg_fr_sampent_full_change_precond;eeg_fl_hbeta_mean_full_change_precond;eeg_c_sampent_full_change_precond;hrv_rmssd_full_change_precond;eeg_fm_sampent_full_change_precond;eeg_tright_halpha_mean_full_change_precond;hr_heartrate_bpm_med_abs_full_change_precond;eeg_pleft_halpha_mean_full_change_precond;eeg_fm_theta_mean_full_change_precond;eeg_ab_ratio_full_change_precond;eeg_pleft_lbeta_mean_full_change_precond;pupil_asymmetry_full_change_precond"
2025-11-26 18:08:48.371526,9,"stress_label",20,8,0.03125,0.576923076923077,0.576923076923077,NA,20,"top20","eeg_tleft_sampent_full_change_precond;eeg_tleft_halpha_mean_full_change_precond;eeg_tleft_lalpha_mean_full_change_precond;eeg_pright_sampent_full_change_precond;eeg_c_theta_mean_full_change_precond;gsr_skin_conductance_eda_tonic_mean_nk_full_change_precond;pupil_dilation_sd_full_change_precond;eeg_t_sampent_full_change_precond;eeg_fr_sampent_full_change_precond;eeg_fl_hbeta_mean_full_change_precond;eeg_c_sampent_full_change_precond;hrv_rmssd_full_change_precond;eeg_fm_sampent_full_change_precond;eeg_tright_halpha_mean_full_change_precond;hr_heartrate_bpm_med_abs_full_change_precond;eeg_pleft_halpha_mean_full_change_precond;eeg_fm_theta_mean_full_change_precond;eeg_ab_ratio_full_change_precond;eeg_pleft_lbeta_mean_full_change_precond;pupil_asymmetry_full_change_precond"
2025-11-26 18:08:49.579659,9,"stress_label",20,16,0.03125,0.564102564102564,0.608974358974359,NA,20,"top20","eeg_tleft_sampent_full_change_precond;eeg_tleft_halpha_mean_full_change_precond;eeg_tleft_lalpha_mean_full_change_precond;eeg_pright_sampent_full_change_precond;eeg_c_theta_mean_full_change_precond;gsr_skin_conductance_eda_tonic_mean_nk_full_change_precond;pupil_dilation_sd_full_change_precond;eeg_t_sampent_full_change_precond;eeg_fr_sampent_full_change_precond;eeg_fl_hbeta_mean_full_change_precond;eeg_c_sampent_full_change_precond;hrv_rmssd_full_change_precond;eeg_fm_sampent_full_change_precond;eeg_tright_halpha_mean_full_change_precond;hr_heartrate_bpm_med_abs_full_change_precond;eeg_pleft_halpha_mean_full_change_precond;eeg_fm_theta_mean_full_change_precond;eeg_ab_ratio_full_change_precond;eeg_pleft_lbeta_mean_full_change_precond;pupil_asymmetry_full_change_precond"
2025-11-26 18:08:50.8386,9,"stress_label",20,32,0.03125,0.583333333333333,0.608974358974359,NA,20,"top20","eeg_tleft_sampent_full_change_precond;eeg_tleft_halpha_mean_full_change_precond;eeg_tleft_lalpha_mean_full_change_precond;eeg_pright_sampent_full_change_precond;eeg_c_theta_mean_full_change_precond;gsr_skin_conductance_eda_tonic_mean_nk_full_change_precond;pupil_dilation_sd_full_change_precond;eeg_t_sampent_full_change_precond;eeg_fr_sampent_full_change_precond;eeg_fl_hbeta_mean_full_change_precond;eeg_c_sampent_full_change_precond;hrv_rmssd_full_change_precond;eeg_fm_sampent_full_change_precond;eeg_tright_halpha_mean_full_change_precond;hr_heartrate_bpm_med_abs_full_change_precond;eeg_pleft_halpha_mean_full_change_precond;eeg_fm_theta_mean_full_change_precond;eeg_ab_ratio_full_change_precond;eeg_pleft_lbeta_mean_full_change_precond;pupil_asymmetry_full_change_precond"
2025-11-26 18:08:52.124682,9,"stress_label",20,64,0.03125,0.58974358974359,0.58974358974359,NA,20,"top20","eeg_tleft_sampent_full_change_precond;eeg_tleft_halpha_mean_full_change_precond;eeg_tleft_lalpha_mean_full_change_precond;eeg_pright_sampent_full_change_precond;eeg_c_theta_mean_full_change_precond;gsr_skin_conductance_eda_tonic_mean_nk_full_change_precond;pupil_dilation_sd_full_change_precond;eeg_t_sampent_full_change_precond;eeg_fr_sampent_full_change_precond;eeg_fl_hbeta_mean_full_change_precond;eeg_c_sampent_full_change_precond;hrv_rmssd_full_change_precond;eeg_fm_sampent_full_change_precond;eeg_tright_halpha_mean_full_change_precond;hr_heartrate_bpm_med_abs_full_change_precond;eeg_pleft_halpha_mean_full_change_precond;eeg_fm_theta_mean_full_change_precond;eeg_ab_ratio_full_change_precond;eeg_pleft_lbeta_mean_full_change_precond;pupil_asymmetry_full_change_precond"
2025-11-26 18:08:53.32095,9,"stress_label",20,128,0.03125,0.58974358974359,0.58974358974359,NA,20,"top20","eeg_tleft_sampent_full_change_precond;eeg_tleft_halpha_mean_full_change_precond;eeg_tleft_lalpha_mean_full_change_precond;eeg_pright_sampent_full_change_precond;eeg_c_theta_mean_full_change_precond;gsr_skin_conductance_eda_tonic_mean_nk_full_change_precond;pupil_dilation_sd_full_change_precond;eeg_t_sampent_full_change_precond;eeg_fr_sampent_full_change_precond;eeg_fl_hbeta_mean_full_change_precond;eeg_c_sampent_full_change_precond;hrv_rmssd_full_change_precond;eeg_fm_sampent_full_change_precond;eeg_tright_halpha_mean_full_change_precond;hr_heartrate_bpm_med_abs_full_change_precond;eeg_pleft_halpha_mean_full_change_precond;eeg_fm_theta_mean_full_change_precond;eeg_ab_ratio_full_change_precond;eeg_pleft_lbeta_mean_full_change_precond;pupil_asymmetry_full_change_precond"
2025-11-26 18:08:54.52627,9,"stress_label",20,256,0.03125,0.58974358974359,0.58974358974359,NA,20,"top20","eeg_tleft_sampent_full_change_precond;eeg_tleft_halpha_mean_full_change_precond;eeg_tleft_lalpha_mean_full_change_precond;eeg_pright_sampent_full_change_precond;eeg_c_theta_mean_full_change_precond;gsr_skin_conductance_eda_tonic_mean_nk_full_change_precond;pupil_dilation_sd_full_change_precond;eeg_t_sampent_full_change_precond;eeg_fr_sampent_full_change_precond;eeg_fl_hbeta_mean_full_change_precond;eeg_c_sampent_full_change_precond;hrv_rmssd_full_change_precond;eeg_fm_sampent_full_change_precond;eeg_tright_halpha_mean_full_change_precond;hr_heartrate_bpm_med_abs_full_change_precond;eeg_pleft_halpha_mean_full_change_precond;eeg_fm_theta_mean_full_change_precond;eeg_ab_ratio_full_change_precond;eeg_pleft_lbeta_mean_full_change_precond;pupil_asymmetry_full_change_precond"
2025-11-26 18:08:55.661286,9,"stress_label",20,2,0.0625,0.583333333333333,0.608974358974359,NA,20,"top20","eeg_tleft_sampent_full_change_precond;eeg_tleft_halpha_mean_full_change_precond;eeg_tleft_lalpha_mean_full_change_precond;eeg_pright_sampent_full_change_precond;eeg_c_theta_mean_full_change_precond;gsr_skin_conductance_eda_tonic_mean_nk_full_change_precond;pupil_dilation_sd_full_change_precond;eeg_t_sampent_full_change_precond;eeg_fr_sampent_full_change_precond;eeg_fl_hbeta_mean_full_change_precond;eeg_c_sampent_full_change_precond;hrv_rmssd_full_change_precond;eeg_fm_sampent_full_change_precond;eeg_tright_halpha_mean_full_change_precond;hr_heartrate_bpm_med_abs_full_change_precond;eeg_pleft_halpha_mean_full_change_precond;eeg_fm_theta_mean_full_change_precond;eeg_ab_ratio_full_change_precond;eeg_pleft_lbeta_mean_full_change_precond;pupil_asymmetry_full_change_precond"
2025-11-26 18:08:56.990212,9,"stress_label",20,4,0.0625,0.596153846153846,0.602564102564103,NA,20,"top20","eeg_tleft_sampent_full_change_precond;eeg_tleft_halpha_mean_full_change_precond;eeg_tleft_lalpha_mean_full_change_precond;eeg_pright_sampent_full_change_precond;eeg_c_theta_mean_full_change_precond;gsr_skin_conductance_eda_tonic_mean_nk_full_change_precond;pupil_dilation_sd_full_change_precond;eeg_t_sampent_full_change_precond;eeg_fr_sampent_full_change_precond;eeg_fl_hbeta_mean_full_change_precond;eeg_c_sampent_full_change_precond;hrv_rmssd_full_change_precond;eeg_fm_sampent_full_change_precond;eeg_tright_halpha_mean_full_change_precond;hr_heartrate_bpm_med_abs_full_change_precond;eeg_pleft_halpha_mean_full_change_precond;eeg_fm_theta_mean_full_change_precond;eeg_ab_ratio_full_change_precond;eeg_pleft_lbeta_mean_full_change_precond;pupil_asymmetry_full_change_precond"
2025-11-26 18:08:58.136085,9,"stress_label",20,8,0.0625,0.596153846153846,0.602564102564103,NA,20,"top20","eeg_tleft_sampent_full_change_precond;eeg_tleft_halpha_mean_full_change_precond;eeg_tleft_lalpha_mean_full_change_precond;eeg_pright_sampent_full_change_precond;eeg_c_theta_mean_full_change_precond;gsr_skin_conductance_eda_tonic_mean_nk_full_change_precond;pupil_dilation_sd_full_change_precond;eeg_t_sampent_full_change_precond;eeg_fr_sampent_full_change_precond;eeg_fl_hbeta_mean_full_change_precond;eeg_c_sampent_full_change_precond;hrv_rmssd_full_change_precond;eeg_fm_sampent_full_change_precond;eeg_tright_halpha_mean_full_change_precond;hr_heartrate_bpm_med_abs_full_change_precond;eeg_pleft_halpha_mean_full_change_precond;eeg_fm_theta_mean_full_change_precond;eeg_ab_ratio_full_change_precond;eeg_pleft_lbeta_mean_full_change_precond;pupil_asymmetry_full_change_precond"
2025-11-26 18:08:59.241962,9,"stress_label",20,16,0.0625,0.583333333333333,0.583333333333333,NA,20,"top20","eeg_tleft_sampent_full_change_precond;eeg_tleft_halpha_mean_full_change_precond;eeg_tleft_lalpha_mean_full_change_precond;eeg_pright_sampent_full_change_precond;eeg_c_theta_mean_full_change_precond;gsr_skin_conductance_eda_tonic_mean_nk_full_change_precond;pupil_dilation_sd_full_change_precond;eeg_t_sampent_full_change_precond;eeg_fr_sampent_full_change_precond;eeg_fl_hbeta_mean_full_change_precond;eeg_c_sampent_full_change_precond;hrv_rmssd_full_change_precond;eeg_fm_sampent_full_change_precond;eeg_tright_halpha_mean_full_change_precond;hr_heartrate_bpm_med_abs_full_change_precond;eeg_pleft_halpha_mean_full_change_precond;eeg_fm_theta_mean_full_change_precond;eeg_ab_ratio_full_change_precond;eeg_pleft_lbeta_mean_full_change_precond;pupil_asymmetry_full_change_precond"
2025-11-26 18:09:00.418462,9,"stress_label",20,32,0.0625,0.583333333333333,0.583333333333333,NA,20,"top20","eeg_tleft_sampent_full_change_precond;eeg_tleft_halpha_mean_full_change_precond;eeg_tleft_lalpha_mean_full_change_precond;eeg_pright_sampent_full_change_precond;eeg_c_theta_mean_full_change_precond;gsr_skin_conductance_eda_tonic_mean_nk_full_change_precond;pupil_dilation_sd_full_change_precond;eeg_t_sampent_full_change_precond;eeg_fr_sampent_full_change_precond;eeg_fl_hbeta_mean_full_change_precond;eeg_c_sampent_full_change_precond;hrv_rmssd_full_change_precond;eeg_fm_sampent_full_change_precond;eeg_tright_halpha_mean_full_change_precond;hr_heartrate_bpm_med_abs_full_change_precond;eeg_pleft_halpha_mean_full_change_precond;eeg_fm_theta_mean_full_change_precond;eeg_ab_ratio_full_change_precond;eeg_pleft_lbeta_mean_full_change_precond;pupil_asymmetry_full_change_precond"
2025-11-26 18:09:01.547197,9,"stress_label",20,64,0.0625,0.583333333333333,0.583333333333333,NA,20,"top20","eeg_tleft_sampent_full_change_precond;eeg_tleft_halpha_mean_full_change_precond;eeg_tleft_lalpha_mean_full_change_precond;eeg_pright_sampent_full_change_precond;eeg_c_theta_mean_full_change_precond;gsr_skin_conductance_eda_tonic_mean_nk_full_change_precond;pupil_dilation_sd_full_change_precond;eeg_t_sampent_full_change_precond;eeg_fr_sampent_full_change_precond;eeg_fl_hbeta_mean_full_change_precond;eeg_c_sampent_full_change_precond;hrv_rmssd_full_change_precond;eeg_fm_sampent_full_change_precond;eeg_tright_halpha_mean_full_change_precond;hr_heartrate_bpm_med_abs_full_change_precond;eeg_pleft_halpha_mean_full_change_precond;eeg_fm_theta_mean_full_change_precond;eeg_ab_ratio_full_change_precond;eeg_pleft_lbeta_mean_full_change_precond;pupil_asymmetry_full_change_precond"
2025-11-26 18:09:02.699089,9,"stress_label",20,128,0.0625,0.583333333333333,0.583333333333333,NA,20,"top20","eeg_tleft_sampent_full_change_precond;eeg_tleft_halpha_mean_full_change_precond;eeg_tleft_lalpha_mean_full_change_precond;eeg_pright_sampent_full_change_precond;eeg_c_theta_mean_full_change_precond;gsr_skin_conductance_eda_tonic_mean_nk_full_change_precond;pupil_dilation_sd_full_change_precond;eeg_t_sampent_full_change_precond;eeg_fr_sampent_full_change_precond;eeg_fl_hbeta_mean_full_change_precond;eeg_c_sampent_full_change_precond;hrv_rmssd_full_change_precond;eeg_fm_sampent_full_change_precond;eeg_tright_halpha_mean_full_change_precond;hr_heartrate_bpm_med_abs_full_change_precond;eeg_pleft_halpha_mean_full_change_precond;eeg_fm_theta_mean_full_change_precond;eeg_ab_ratio_full_change_precond;eeg_pleft_lbeta_mean_full_change_precond;pupil_asymmetry_full_change_precond"
2025-11-26 18:09:03.863662,9,"stress_label",20,256,0.0625,0.583333333333333,0.583333333333333,NA,20,"top20","eeg_tleft_sampent_full_change_precond;eeg_tleft_halpha_mean_full_change_precond;eeg_tleft_lalpha_mean_full_change_precond;eeg_pright_sampent_full_change_precond;eeg_c_theta_mean_full_change_precond;gsr_skin_conductance_eda_tonic_mean_nk_full_change_precond;pupil_dilation_sd_full_change_precond;eeg_t_sampent_full_change_precond;eeg_fr_sampent_full_change_precond;eeg_fl_hbeta_mean_full_change_precond;eeg_c_sampent_full_change_precond;hrv_rmssd_full_change_precond;eeg_fm_sampent_full_change_precond;eeg_tright_halpha_mean_full_change_precond;hr_heartrate_bpm_med_abs_full_change_precond;eeg_pleft_halpha_mean_full_change_precond;eeg_fm_theta_mean_full_change_precond;eeg_ab_ratio_full_change_precond;eeg_pleft_lbeta_mean_full_change_precond;pupil_asymmetry_full_change_precond"
2025-11-26 18:09:04.841637,9,"stress_label",20,2,0.125,0.602564102564103,0.673076923076923,NA,20,"top20","eeg_tleft_sampent_full_change_precond;eeg_tleft_halpha_mean_full_change_precond;eeg_tleft_lalpha_mean_full_change_precond;eeg_pright_sampent_full_change_precond;eeg_c_theta_mean_full_change_precond;gsr_skin_conductance_eda_tonic_mean_nk_full_change_precond;pupil_dilation_sd_full_change_precond;eeg_t_sampent_full_change_precond;eeg_fr_sampent_full_change_precond;eeg_fl_hbeta_mean_full_change_precond;eeg_c_sampent_full_change_precond;hrv_rmssd_full_change_precond;eeg_fm_sampent_full_change_precond;eeg_tright_halpha_mean_full_change_precond;hr_heartrate_bpm_med_abs_full_change_precond;eeg_pleft_halpha_mean_full_change_precond;eeg_fm_theta_mean_full_change_precond;eeg_ab_ratio_full_change_precond;eeg_pleft_lbeta_mean_full_change_precond;pupil_asymmetry_full_change_precond"
2025-11-26 18:09:05.954718,9,"stress_label",20,4,0.125,0.602564102564103,0.647435897435897,NA,20,"top20","eeg_tleft_sampent_full_change_precond;eeg_tleft_halpha_mean_full_change_precond;eeg_tleft_lalpha_mean_full_change_precond;eeg_pright_sampent_full_change_precond;eeg_c_theta_mean_full_change_precond;gsr_skin_conductance_eda_tonic_mean_nk_full_change_precond;pupil_dilation_sd_full_change_precond;eeg_t_sampent_full_change_precond;eeg_fr_sampent_full_change_precond;eeg_fl_hbeta_mean_full_change_precond;eeg_c_sampent_full_change_precond;hrv_rmssd_full_change_precond;eeg_fm_sampent_full_change_precond;eeg_tright_halpha_mean_full_change_precond;hr_heartrate_bpm_med_abs_full_change_precond;eeg_pleft_halpha_mean_full_change_precond;eeg_fm_theta_mean_full_change_precond;eeg_ab_ratio_full_change_precond;eeg_pleft_lbeta_mean_full_change_precond;pupil_asymmetry_full_change_precond"
2025-11-26 18:09:07.034491,9,"stress_label",20,8,0.125,0.596153846153846,0.647435897435897,NA,20,"top20","eeg_tleft_sampent_full_change_precond;eeg_tleft_halpha_mean_full_change_precond;eeg_tleft_lalpha_mean_full_change_precond;eeg_pright_sampent_full_change_precond;eeg_c_theta_mean_full_change_precond;gsr_skin_conductance_eda_tonic_mean_nk_full_change_precond;pupil_dilation_sd_full_change_precond;eeg_t_sampent_full_change_precond;eeg_fr_sampent_full_change_precond;eeg_fl_hbeta_mean_full_change_precond;eeg_c_sampent_full_change_precond;hrv_rmssd_full_change_precond;eeg_fm_sampent_full_change_precond;eeg_tright_halpha_mean_full_change_precond;hr_heartrate_bpm_med_abs_full_change_precond;eeg_pleft_halpha_mean_full_change_precond;eeg_fm_theta_mean_full_change_precond;eeg_ab_ratio_full_change_precond;eeg_pleft_lbeta_mean_full_change_precond;pupil_asymmetry_full_change_precond"
2025-11-26 18:09:08.187389,9,"stress_label",20,16,0.125,0.596153846153846,0.647435897435897,NA,20,"top20","eeg_tleft_sampent_full_change_precond;eeg_tleft_halpha_mean_full_change_precond;eeg_tleft_lalpha_mean_full_change_precond;eeg_pright_sampent_full_change_precond;eeg_c_theta_mean_full_change_precond;gsr_skin_conductance_eda_tonic_mean_nk_full_change_precond;pupil_dilation_sd_full_change_precond;eeg_t_sampent_full_change_precond;eeg_fr_sampent_full_change_precond;eeg_fl_hbeta_mean_full_change_precond;eeg_c_sampent_full_change_precond;hrv_rmssd_full_change_precond;eeg_fm_sampent_full_change_precond;eeg_tright_halpha_mean_full_change_precond;hr_heartrate_bpm_med_abs_full_change_precond;eeg_pleft_halpha_mean_full_change_precond;eeg_fm_theta_mean_full_change_precond;eeg_ab_ratio_full_change_precond;eeg_pleft_lbeta_mean_full_change_precond;pupil_asymmetry_full_change_precond"
2025-11-26 18:09:09.330884,9,"stress_label",20,32,0.125,0.596153846153846,0.647435897435897,NA,20,"top20","eeg_tleft_sampent_full_change_precond;eeg_tleft_halpha_mean_full_change_precond;eeg_tleft_lalpha_mean_full_change_precond;eeg_pright_sampent_full_change_precond;eeg_c_theta_mean_full_change_precond;gsr_skin_conductance_eda_tonic_mean_nk_full_change_precond;pupil_dilation_sd_full_change_precond;eeg_t_sampent_full_change_precond;eeg_fr_sampent_full_change_precond;eeg_fl_hbeta_mean_full_change_precond;eeg_c_sampent_full_change_precond;hrv_rmssd_full_change_precond;eeg_fm_sampent_full_change_precond;eeg_tright_halpha_mean_full_change_precond;hr_heartrate_bpm_med_abs_full_change_precond;eeg_pleft_halpha_mean_full_change_precond;eeg_fm_theta_mean_full_change_precond;eeg_ab_ratio_full_change_precond;eeg_pleft_lbeta_mean_full_change_precond;pupil_asymmetry_full_change_precond"
2025-11-26 18:09:10.437978,9,"stress_label",20,64,0.125,0.596153846153846,0.647435897435897,NA,20,"top20","eeg_tleft_sampent_full_change_precond;eeg_tleft_halpha_mean_full_change_precond;eeg_tleft_lalpha_mean_full_change_precond;eeg_pright_sampent_full_change_precond;eeg_c_theta_mean_full_change_precond;gsr_skin_conductance_eda_tonic_mean_nk_full_change_precond;pupil_dilation_sd_full_change_precond;eeg_t_sampent_full_change_precond;eeg_fr_sampent_full_change_precond;eeg_fl_hbeta_mean_full_change_precond;eeg_c_sampent_full_change_precond;hrv_rmssd_full_change_precond;eeg_fm_sampent_full_change_precond;eeg_tright_halpha_mean_full_change_precond;hr_heartrate_bpm_med_abs_full_change_precond;eeg_pleft_halpha_mean_full_change_precond;eeg_fm_theta_mean_full_change_precond;eeg_ab_ratio_full_change_precond;eeg_pleft_lbeta_mean_full_change_precond;pupil_asymmetry_full_change_precond"
2025-11-26 18:09:11.40069,9,"stress_label",20,128,0.125,0.596153846153846,0.647435897435897,NA,20,"top20","eeg_tleft_sampent_full_change_precond;eeg_tleft_halpha_mean_full_change_precond;eeg_tleft_lalpha_mean_full_change_precond;eeg_pright_sampent_full_change_precond;eeg_c_theta_mean_full_change_precond;gsr_skin_conductance_eda_tonic_mean_nk_full_change_precond;pupil_dilation_sd_full_change_precond;eeg_t_sampent_full_change_precond;eeg_fr_sampent_full_change_precond;eeg_fl_hbeta_mean_full_change_precond;eeg_c_sampent_full_change_precond;hrv_rmssd_full_change_precond;eeg_fm_sampent_full_change_precond;eeg_tright_halpha_mean_full_change_precond;hr_heartrate_bpm_med_abs_full_change_precond;eeg_pleft_halpha_mean_full_change_precond;eeg_fm_theta_mean_full_change_precond;eeg_ab_ratio_full_change_precond;eeg_pleft_lbeta_mean_full_change_precond;pupil_asymmetry_full_change_precond"
2025-11-26 18:09:12.564756,9,"stress_label",20,256,0.125,0.596153846153846,0.647435897435897,NA,20,"top20","eeg_tleft_sampent_full_change_precond;eeg_tleft_halpha_mean_full_change_precond;eeg_tleft_lalpha_mean_full_change_precond;eeg_pright_sampent_full_change_precond;eeg_c_theta_mean_full_change_precond;gsr_skin_conductance_eda_tonic_mean_nk_full_change_precond;pupil_dilation_sd_full_change_precond;eeg_t_sampent_full_change_precond;eeg_fr_sampent_full_change_precond;eeg_fl_hbeta_mean_full_change_precond;eeg_c_sampent_full_change_precond;hrv_rmssd_full_change_precond;eeg_fm_sampent_full_change_precond;eeg_tright_halpha_mean_full_change_precond;hr_heartrate_bpm_med_abs_full_change_precond;eeg_pleft_halpha_mean_full_change_precond;eeg_fm_theta_mean_full_change_precond;eeg_ab_ratio_full_change_precond;eeg_pleft_lbeta_mean_full_change_precond;pupil_asymmetry_full_change_precond"
2025-11-26 18:09:13.608667,9,"stress_label",20,2,0.03,0.57051282051282,0.602564102564103,NA,20,"top20","eeg_tleft_sampent_full_change_precond;eeg_tleft_halpha_mean_full_change_precond;eeg_tleft_lalpha_mean_full_change_precond;eeg_pright_sampent_full_change_precond;eeg_c_theta_mean_full_change_precond;gsr_skin_conductance_eda_tonic_mean_nk_full_change_precond;pupil_dilation_sd_full_change_precond;eeg_t_sampent_full_change_precond;eeg_fr_sampent_full_change_precond;eeg_fl_hbeta_mean_full_change_precond;eeg_c_sampent_full_change_precond;hrv_rmssd_full_change_precond;eeg_fm_sampent_full_change_precond;eeg_tright_halpha_mean_full_change_precond;hr_heartrate_bpm_med_abs_full_change_precond;eeg_pleft_halpha_mean_full_change_precond;eeg_fm_theta_mean_full_change_precond;eeg_ab_ratio_full_change_precond;eeg_pleft_lbeta_mean_full_change_precond;pupil_asymmetry_full_change_precond"
2025-11-26 18:09:14.684129,9,"stress_label",20,4,0.03,0.583333333333333,0.583333333333333,NA,20,"top20","eeg_tleft_sampent_full_change_precond;eeg_tleft_halpha_mean_full_change_precond;eeg_tleft_lalpha_mean_full_change_precond;eeg_pright_sampent_full_change_precond;eeg_c_theta_mean_full_change_precond;gsr_skin_conductance_eda_tonic_mean_nk_full_change_precond;pupil_dilation_sd_full_change_precond;eeg_t_sampent_full_change_precond;eeg_fr_sampent_full_change_precond;eeg_fl_hbeta_mean_full_change_precond;eeg_c_sampent_full_change_precond;hrv_rmssd_full_change_precond;eeg_fm_sampent_full_change_precond;eeg_tright_halpha_mean_full_change_precond;hr_heartrate_bpm_med_abs_full_change_precond;eeg_pleft_halpha_mean_full_change_precond;eeg_fm_theta_mean_full_change_precond;eeg_ab_ratio_full_change_precond;eeg_pleft_lbeta_mean_full_change_precond;pupil_asymmetry_full_change_precond"
2025-11-26 18:09:15.82738,9,"stress_label",20,8,0.03,0.57051282051282,0.58974358974359,NA,20,"top20","eeg_tleft_sampent_full_change_precond;eeg_tleft_halpha_mean_full_change_precond;eeg_tleft_lalpha_mean_full_change_precond;eeg_pright_sampent_full_change_precond;eeg_c_theta_mean_full_change_precond;gsr_skin_conductance_eda_tonic_mean_nk_full_change_precond;pupil_dilation_sd_full_change_precond;eeg_t_sampent_full_change_precond;eeg_fr_sampent_full_change_precond;eeg_fl_hbeta_mean_full_change_precond;eeg_c_sampent_full_change_precond;hrv_rmssd_full_change_precond;eeg_fm_sampent_full_change_precond;eeg_tright_halpha_mean_full_change_precond;hr_heartrate_bpm_med_abs_full_change_precond;eeg_pleft_halpha_mean_full_change_precond;eeg_fm_theta_mean_full_change_precond;eeg_ab_ratio_full_change_precond;eeg_pleft_lbeta_mean_full_change_precond;pupil_asymmetry_full_change_precond"
2025-11-26 18:09:16.884477,9,"stress_label",20,16,0.03,0.57051282051282,0.608974358974359,NA,20,"top20","eeg_tleft_sampent_full_change_precond;eeg_tleft_halpha_mean_full_change_precond;eeg_tleft_lalpha_mean_full_change_precond;eeg_pright_sampent_full_change_precond;eeg_c_theta_mean_full_change_precond;gsr_skin_conductance_eda_tonic_mean_nk_full_change_precond;pupil_dilation_sd_full_change_precond;eeg_t_sampent_full_change_precond;eeg_fr_sampent_full_change_precond;eeg_fl_hbeta_mean_full_change_precond;eeg_c_sampent_full_change_precond;hrv_rmssd_full_change_precond;eeg_fm_sampent_full_change_precond;eeg_tright_halpha_mean_full_change_precond;hr_heartrate_bpm_med_abs_full_change_precond;eeg_pleft_halpha_mean_full_change_precond;eeg_fm_theta_mean_full_change_precond;eeg_ab_ratio_full_change_precond;eeg_pleft_lbeta_mean_full_change_precond;pupil_asymmetry_full_change_precond"
2025-11-26 18:09:18.11931,9,"stress_label",20,32,0.03,0.583333333333333,0.596153846153846,NA,20,"top20","eeg_tleft_sampent_full_change_precond;eeg_tleft_halpha_mean_full_change_precond;eeg_tleft_lalpha_mean_full_change_precond;eeg_pright_sampent_full_change_precond;eeg_c_theta_mean_full_change_precond;gsr_skin_conductance_eda_tonic_mean_nk_full_change_precond;pupil_dilation_sd_full_change_precond;eeg_t_sampent_full_change_precond;eeg_fr_sampent_full_change_precond;eeg_fl_hbeta_mean_full_change_precond;eeg_c_sampent_full_change_precond;hrv_rmssd_full_change_precond;eeg_fm_sampent_full_change_precond;eeg_tright_halpha_mean_full_change_precond;hr_heartrate_bpm_med_abs_full_change_precond;eeg_pleft_halpha_mean_full_change_precond;eeg_fm_theta_mean_full_change_precond;eeg_ab_ratio_full_change_precond;eeg_pleft_lbeta_mean_full_change_precond;pupil_asymmetry_full_change_precond"
2025-11-26 18:09:19.295475,9,"stress_label",20,64,0.03,0.58974358974359,0.583333333333333,NA,20,"top20","eeg_tleft_sampent_full_change_precond;eeg_tleft_halpha_mean_full_change_precond;eeg_tleft_lalpha_mean_full_change_precond;eeg_pright_sampent_full_change_precond;eeg_c_theta_mean_full_change_precond;gsr_skin_conductance_eda_tonic_mean_nk_full_change_precond;pupil_dilation_sd_full_change_precond;eeg_t_sampent_full_change_precond;eeg_fr_sampent_full_change_precond;eeg_fl_hbeta_mean_full_change_precond;eeg_c_sampent_full_change_precond;hrv_rmssd_full_change_precond;eeg_fm_sampent_full_change_precond;eeg_tright_halpha_mean_full_change_precond;hr_heartrate_bpm_med_abs_full_change_precond;eeg_pleft_halpha_mean_full_change_precond;eeg_fm_theta_mean_full_change_precond;eeg_ab_ratio_full_change_precond;eeg_pleft_lbeta_mean_full_change_precond;pupil_asymmetry_full_change_precond"
2025-11-26 18:09:20.544405,9,"stress_label",20,128,0.03,0.58974358974359,0.583333333333333,NA,20,"top20","eeg_tleft_sampent_full_change_precond;eeg_tleft_halpha_mean_full_change_precond;eeg_tleft_lalpha_mean_full_change_precond;eeg_pright_sampent_full_change_precond;eeg_c_theta_mean_full_change_precond;gsr_skin_conductance_eda_tonic_mean_nk_full_change_precond;pupil_dilation_sd_full_change_precond;eeg_t_sampent_full_change_precond;eeg_fr_sampent_full_change_precond;eeg_fl_hbeta_mean_full_change_precond;eeg_c_sampent_full_change_precond;hrv_rmssd_full_change_precond;eeg_fm_sampent_full_change_precond;eeg_tright_halpha_mean_full_change_precond;hr_heartrate_bpm_med_abs_full_change_precond;eeg_pleft_halpha_mean_full_change_precond;eeg_fm_theta_mean_full_change_precond;eeg_ab_ratio_full_change_precond;eeg_pleft_lbeta_mean_full_change_precond;pupil_asymmetry_full_change_precond"
2025-11-26 18:09:21.773957,9,"stress_label",20,256,0.03,0.58974358974359,0.583333333333333,NA,20,"top20","eeg_tleft_sampent_full_change_precond;eeg_tleft_halpha_mean_full_change_precond;eeg_tleft_lalpha_mean_full_change_precond;eeg_pright_sampent_full_change_precond;eeg_c_theta_mean_full_change_precond;gsr_skin_conductance_eda_tonic_mean_nk_full_change_precond;pupil_dilation_sd_full_change_precond;eeg_t_sampent_full_change_precond;eeg_fr_sampent_full_change_precond;eeg_fl_hbeta_mean_full_change_precond;eeg_c_sampent_full_change_precond;hrv_rmssd_full_change_precond;eeg_fm_sampent_full_change_precond;eeg_tright_halpha_mean_full_change_precond;hr_heartrate_bpm_med_abs_full_change_precond;eeg_pleft_halpha_mean_full_change_precond;eeg_fm_theta_mean_full_change_precond;eeg_ab_ratio_full_change_precond;eeg_pleft_lbeta_mean_full_change_precond;pupil_asymmetry_full_change_precond"
2025-11-26 18:09:22.885819,9,"stress_label",20,2,0.06,0.583333333333333,0.608974358974359,NA,20,"top20","eeg_tleft_sampent_full_change_precond;eeg_tleft_halpha_mean_full_change_precond;eeg_tleft_lalpha_mean_full_change_precond;eeg_pright_sampent_full_change_precond;eeg_c_theta_mean_full_change_precond;gsr_skin_conductance_eda_tonic_mean_nk_full_change_precond;pupil_dilation_sd_full_change_precond;eeg_t_sampent_full_change_precond;eeg_fr_sampent_full_change_precond;eeg_fl_hbeta_mean_full_change_precond;eeg_c_sampent_full_change_precond;hrv_rmssd_full_change_precond;eeg_fm_sampent_full_change_precond;eeg_tright_halpha_mean_full_change_precond;hr_heartrate_bpm_med_abs_full_change_precond;eeg_pleft_halpha_mean_full_change_precond;eeg_fm_theta_mean_full_change_precond;eeg_ab_ratio_full_change_precond;eeg_pleft_lbeta_mean_full_change_precond;pupil_asymmetry_full_change_precond"
2025-11-26 18:09:23.975776,9,"stress_label",20,4,0.06,0.602564102564103,0.602564102564103,NA,20,"top20","eeg_tleft_sampent_full_change_precond;eeg_tleft_halpha_mean_full_change_precond;eeg_tleft_lalpha_mean_full_change_precond;eeg_pright_sampent_full_change_precond;eeg_c_theta_mean_full_change_precond;gsr_skin_conductance_eda_tonic_mean_nk_full_change_precond;pupil_dilation_sd_full_change_precond;eeg_t_sampent_full_change_precond;eeg_fr_sampent_full_change_precond;eeg_fl_hbeta_mean_full_change_precond;eeg_c_sampent_full_change_precond;hrv_rmssd_full_change_precond;eeg_fm_sampent_full_change_precond;eeg_tright_halpha_mean_full_change_precond;hr_heartrate_bpm_med_abs_full_change_precond;eeg_pleft_halpha_mean_full_change_precond;eeg_fm_theta_mean_full_change_precond;eeg_ab_ratio_full_change_precond;eeg_pleft_lbeta_mean_full_change_precond;pupil_asymmetry_full_change_precond"
2025-11-26 18:09:25.121257,9,"stress_label",20,8,0.06,0.58974358974359,0.608974358974359,NA,20,"top20","eeg_tleft_sampent_full_change_precond;eeg_tleft_halpha_mean_full_change_precond;eeg_tleft_lalpha_mean_full_change_precond;eeg_pright_sampent_full_change_precond;eeg_c_theta_mean_full_change_precond;gsr_skin_conductance_eda_tonic_mean_nk_full_change_precond;pupil_dilation_sd_full_change_precond;eeg_t_sampent_full_change_precond;eeg_fr_sampent_full_change_precond;eeg_fl_hbeta_mean_full_change_precond;eeg_c_sampent_full_change_precond;hrv_rmssd_full_change_precond;eeg_fm_sampent_full_change_precond;eeg_tright_halpha_mean_full_change_precond;hr_heartrate_bpm_med_abs_full_change_precond;eeg_pleft_halpha_mean_full_change_precond;eeg_fm_theta_mean_full_change_precond;eeg_ab_ratio_full_change_precond;eeg_pleft_lbeta_mean_full_change_precond;pupil_asymmetry_full_change_precond"
2025-11-26 18:09:26.190823,9,"stress_label",20,16,0.06,0.576923076923077,0.576923076923077,NA,20,"top20","eeg_tleft_sampent_full_change_precond;eeg_tleft_halpha_mean_full_change_precond;eeg_tleft_lalpha_mean_full_change_precond;eeg_pright_sampent_full_change_precond;eeg_c_theta_mean_full_change_precond;gsr_skin_conductance_eda_tonic_mean_nk_full_change_precond;pupil_dilation_sd_full_change_precond;eeg_t_sampent_full_change_precond;eeg_fr_sampent_full_change_precond;eeg_fl_hbeta_mean_full_change_precond;eeg_c_sampent_full_change_precond;hrv_rmssd_full_change_precond;eeg_fm_sampent_full_change_precond;eeg_tright_halpha_mean_full_change_precond;hr_heartrate_bpm_med_abs_full_change_precond;eeg_pleft_halpha_mean_full_change_precond;eeg_fm_theta_mean_full_change_precond;eeg_ab_ratio_full_change_precond;eeg_pleft_lbeta_mean_full_change_precond;pupil_asymmetry_full_change_precond"
2025-11-26 18:09:27.151695,9,"stress_label",20,32,0.06,0.576923076923077,0.576923076923077,NA,20,"top20","eeg_tleft_sampent_full_change_precond;eeg_tleft_halpha_mean_full_change_precond;eeg_tleft_lalpha_mean_full_change_precond;eeg_pright_sampent_full_change_precond;eeg_c_theta_mean_full_change_precond;gsr_skin_conductance_eda_tonic_mean_nk_full_change_precond;pupil_dilation_sd_full_change_precond;eeg_t_sampent_full_change_precond;eeg_fr_sampent_full_change_precond;eeg_fl_hbeta_mean_full_change_precond;eeg_c_sampent_full_change_precond;hrv_rmssd_full_change_precond;eeg_fm_sampent_full_change_precond;eeg_tright_halpha_mean_full_change_precond;hr_heartrate_bpm_med_abs_full_change_precond;eeg_pleft_halpha_mean_full_change_precond;eeg_fm_theta_mean_full_change_precond;eeg_ab_ratio_full_change_precond;eeg_pleft_lbeta_mean_full_change_precond;pupil_asymmetry_full_change_precond"
2025-11-26 18:09:28.319062,9,"stress_label",20,64,0.06,0.576923076923077,0.576923076923077,NA,20,"top20","eeg_tleft_sampent_full_change_precond;eeg_tleft_halpha_mean_full_change_precond;eeg_tleft_lalpha_mean_full_change_precond;eeg_pright_sampent_full_change_precond;eeg_c_theta_mean_full_change_precond;gsr_skin_conductance_eda_tonic_mean_nk_full_change_precond;pupil_dilation_sd_full_change_precond;eeg_t_sampent_full_change_precond;eeg_fr_sampent_full_change_precond;eeg_fl_hbeta_mean_full_change_precond;eeg_c_sampent_full_change_precond;hrv_rmssd_full_change_precond;eeg_fm_sampent_full_change_precond;eeg_tright_halpha_mean_full_change_precond;hr_heartrate_bpm_med_abs_full_change_precond;eeg_pleft_halpha_mean_full_change_precond;eeg_fm_theta_mean_full_change_precond;eeg_ab_ratio_full_change_precond;eeg_pleft_lbeta_mean_full_change_precond;pupil_asymmetry_full_change_precond"
2025-11-26 18:09:29.198883,9,"stress_label",20,128,0.06,0.576923076923077,0.576923076923077,NA,20,"top20","eeg_tleft_sampent_full_change_precond;eeg_tleft_halpha_mean_full_change_precond;eeg_tleft_lalpha_mean_full_change_precond;eeg_pright_sampent_full_change_precond;eeg_c_theta_mean_full_change_precond;gsr_skin_conductance_eda_tonic_mean_nk_full_change_precond;pupil_dilation_sd_full_change_precond;eeg_t_sampent_full_change_precond;eeg_fr_sampent_full_change_precond;eeg_fl_hbeta_mean_full_change_precond;eeg_c_sampent_full_change_precond;hrv_rmssd_full_change_precond;eeg_fm_sampent_full_change_precond;eeg_tright_halpha_mean_full_change_precond;hr_heartrate_bpm_med_abs_full_change_precond;eeg_pleft_halpha_mean_full_change_precond;eeg_fm_theta_mean_full_change_precond;eeg_ab_ratio_full_change_precond;eeg_pleft_lbeta_mean_full_change_precond;pupil_asymmetry_full_change_precond"
2025-11-26 18:09:30.269538,9,"stress_label",20,256,0.06,0.576923076923077,0.576923076923077,NA,20,"top20","eeg_tleft_sampent_full_change_precond;eeg_tleft_halpha_mean_full_change_precond;eeg_tleft_lalpha_mean_full_change_precond;eeg_pright_sampent_full_change_precond;eeg_c_theta_mean_full_change_precond;gsr_skin_conductance_eda_tonic_mean_nk_full_change_precond;pupil_dilation_sd_full_change_precond;eeg_t_sampent_full_change_precond;eeg_fr_sampent_full_change_precond;eeg_fl_hbeta_mean_full_change_precond;eeg_c_sampent_full_change_precond;hrv_rmssd_full_change_precond;eeg_fm_sampent_full_change_precond;eeg_tright_halpha_mean_full_change_precond;hr_heartrate_bpm_med_abs_full_change_precond;eeg_pleft_halpha_mean_full_change_precond;eeg_fm_theta_mean_full_change_precond;eeg_ab_ratio_full_change_precond;eeg_pleft_lbeta_mean_full_change_precond;pupil_asymmetry_full_change_precond"
2025-11-26 18:09:31.284578,9,"stress_label",20,2,0.1,0.608974358974359,0.641025641025641,NA,20,"top20","eeg_tleft_sampent_full_change_precond;eeg_tleft_halpha_mean_full_change_precond;eeg_tleft_lalpha_mean_full_change_precond;eeg_pright_sampent_full_change_precond;eeg_c_theta_mean_full_change_precond;gsr_skin_conductance_eda_tonic_mean_nk_full_change_precond;pupil_dilation_sd_full_change_precond;eeg_t_sampent_full_change_precond;eeg_fr_sampent_full_change_precond;eeg_fl_hbeta_mean_full_change_precond;eeg_c_sampent_full_change_precond;hrv_rmssd_full_change_precond;eeg_fm_sampent_full_change_precond;eeg_tright_halpha_mean_full_change_precond;hr_heartrate_bpm_med_abs_full_change_precond;eeg_pleft_halpha_mean_full_change_precond;eeg_fm_theta_mean_full_change_precond;eeg_ab_ratio_full_change_precond;eeg_pleft_lbeta_mean_full_change_precond;pupil_asymmetry_full_change_precond"
2025-11-26 18:09:32.448846,9,"stress_label",20,4,0.1,0.602564102564103,0.641025641025641,NA,20,"top20","eeg_tleft_sampent_full_change_precond;eeg_tleft_halpha_mean_full_change_precond;eeg_tleft_lalpha_mean_full_change_precond;eeg_pright_sampent_full_change_precond;eeg_c_theta_mean_full_change_precond;gsr_skin_conductance_eda_tonic_mean_nk_full_change_precond;pupil_dilation_sd_full_change_precond;eeg_t_sampent_full_change_precond;eeg_fr_sampent_full_change_precond;eeg_fl_hbeta_mean_full_change_precond;eeg_c_sampent_full_change_precond;hrv_rmssd_full_change_precond;eeg_fm_sampent_full_change_precond;eeg_tright_halpha_mean_full_change_precond;hr_heartrate_bpm_med_abs_full_change_precond;eeg_pleft_halpha_mean_full_change_precond;eeg_fm_theta_mean_full_change_precond;eeg_ab_ratio_full_change_precond;eeg_pleft_lbeta_mean_full_change_precond;pupil_asymmetry_full_change_precond"
2025-11-26 18:09:33.639578,9,"stress_label",20,8,0.1,0.58974358974359,0.615384615384615,NA,20,"top20","eeg_tleft_sampent_full_change_precond;eeg_tleft_halpha_mean_full_change_precond;eeg_tleft_lalpha_mean_full_change_precond;eeg_pright_sampent_full_change_precond;eeg_c_theta_mean_full_change_precond;gsr_skin_conductance_eda_tonic_mean_nk_full_change_precond;pupil_dilation_sd_full_change_precond;eeg_t_sampent_full_change_precond;eeg_fr_sampent_full_change_precond;eeg_fl_hbeta_mean_full_change_precond;eeg_c_sampent_full_change_precond;hrv_rmssd_full_change_precond;eeg_fm_sampent_full_change_precond;eeg_tright_halpha_mean_full_change_precond;hr_heartrate_bpm_med_abs_full_change_precond;eeg_pleft_halpha_mean_full_change_precond;eeg_fm_theta_mean_full_change_precond;eeg_ab_ratio_full_change_precond;eeg_pleft_lbeta_mean_full_change_precond;pupil_asymmetry_full_change_precond"
2025-11-26 18:09:34.679156,9,"stress_label",20,16,0.1,0.58974358974359,0.615384615384615,NA,20,"top20","eeg_tleft_sampent_full_change_precond;eeg_tleft_halpha_mean_full_change_precond;eeg_tleft_lalpha_mean_full_change_precond;eeg_pright_sampent_full_change_precond;eeg_c_theta_mean_full_change_precond;gsr_skin_conductance_eda_tonic_mean_nk_full_change_precond;pupil_dilation_sd_full_change_precond;eeg_t_sampent_full_change_precond;eeg_fr_sampent_full_change_precond;eeg_fl_hbeta_mean_full_change_precond;eeg_c_sampent_full_change_precond;hrv_rmssd_full_change_precond;eeg_fm_sampent_full_change_precond;eeg_tright_halpha_mean_full_change_precond;hr_heartrate_bpm_med_abs_full_change_precond;eeg_pleft_halpha_mean_full_change_precond;eeg_fm_theta_mean_full_change_precond;eeg_ab_ratio_full_change_precond;eeg_pleft_lbeta_mean_full_change_precond;pupil_asymmetry_full_change_precond"
2025-11-26 18:09:35.852027,9,"stress_label",20,32,0.1,0.58974358974359,0.615384615384615,NA,20,"top20","eeg_tleft_sampent_full_change_precond;eeg_tleft_halpha_mean_full_change_precond;eeg_tleft_lalpha_mean_full_change_precond;eeg_pright_sampent_full_change_precond;eeg_c_theta_mean_full_change_precond;gsr_skin_conductance_eda_tonic_mean_nk_full_change_precond;pupil_dilation_sd_full_change_precond;eeg_t_sampent_full_change_precond;eeg_fr_sampent_full_change_precond;eeg_fl_hbeta_mean_full_change_precond;eeg_c_sampent_full_change_precond;hrv_rmssd_full_change_precond;eeg_fm_sampent_full_change_precond;eeg_tright_halpha_mean_full_change_precond;hr_heartrate_bpm_med_abs_full_change_precond;eeg_pleft_halpha_mean_full_change_precond;eeg_fm_theta_mean_full_change_precond;eeg_ab_ratio_full_change_precond;eeg_pleft_lbeta_mean_full_change_precond;pupil_asymmetry_full_change_precond"
2025-11-26 18:09:36.978139,9,"stress_label",20,64,0.1,0.58974358974359,0.615384615384615,NA,20,"top20","eeg_tleft_sampent_full_change_precond;eeg_tleft_halpha_mean_full_change_precond;eeg_tleft_lalpha_mean_full_change_precond;eeg_pright_sampent_full_change_precond;eeg_c_theta_mean_full_change_precond;gsr_skin_conductance_eda_tonic_mean_nk_full_change_precond;pupil_dilation_sd_full_change_precond;eeg_t_sampent_full_change_precond;eeg_fr_sampent_full_change_precond;eeg_fl_hbeta_mean_full_change_precond;eeg_c_sampent_full_change_precond;hrv_rmssd_full_change_precond;eeg_fm_sampent_full_change_precond;eeg_tright_halpha_mean_full_change_precond;hr_heartrate_bpm_med_abs_full_change_precond;eeg_pleft_halpha_mean_full_change_precond;eeg_fm_theta_mean_full_change_precond;eeg_ab_ratio_full_change_precond;eeg_pleft_lbeta_mean_full_change_precond;pupil_asymmetry_full_change_precond"
2025-11-26 18:09:38.021083,9,"stress_label",20,128,0.1,0.58974358974359,0.615384615384615,NA,20,"top20","eeg_tleft_sampent_full_change_precond;eeg_tleft_halpha_mean_full_change_precond;eeg_tleft_lalpha_mean_full_change_precond;eeg_pright_sampent_full_change_precond;eeg_c_theta_mean_full_change_precond;gsr_skin_conductance_eda_tonic_mean_nk_full_change_precond;pupil_dilation_sd_full_change_precond;eeg_t_sampent_full_change_precond;eeg_fr_sampent_full_change_precond;eeg_fl_hbeta_mean_full_change_precond;eeg_c_sampent_full_change_precond;hrv_rmssd_full_change_precond;eeg_fm_sampent_full_change_precond;eeg_tright_halpha_mean_full_change_precond;hr_heartrate_bpm_med_abs_full_change_precond;eeg_pleft_halpha_mean_full_change_precond;eeg_fm_theta_mean_full_change_precond;eeg_ab_ratio_full_change_precond;eeg_pleft_lbeta_mean_full_change_precond;pupil_asymmetry_full_change_precond"
2025-11-26 18:09:39.115342,9,"stress_label",20,256,0.1,0.58974358974359,0.615384615384615,NA,20,"top20","eeg_tleft_sampent_full_change_precond;eeg_tleft_halpha_mean_full_change_precond;eeg_tleft_lalpha_mean_full_change_precond;eeg_pright_sampent_full_change_precond;eeg_c_theta_mean_full_change_precond;gsr_skin_conductance_eda_tonic_mean_nk_full_change_precond;pupil_dilation_sd_full_change_precond;eeg_t_sampent_full_change_precond;eeg_fr_sampent_full_change_precond;eeg_fl_hbeta_mean_full_change_precond;eeg_c_sampent_full_change_precond;hrv_rmssd_full_change_precond;eeg_fm_sampent_full_change_precond;eeg_tright_halpha_mean_full_change_precond;hr_heartrate_bpm_med_abs_full_change_precond;eeg_pleft_halpha_mean_full_change_precond;eeg_fm_theta_mean_full_change_precond;eeg_ab_ratio_full_change_precond;eeg_pleft_lbeta_mean_full_change_precond;pupil_asymmetry_full_change_precond"
2025-11-26 18:09:40.013494,9,"stress_label",10,2,0.0078125,0.621794871794872,0.641025641025641,0.588034188034188,10,"top10","eeg_tleft_sampent_full_change_precond;eeg_tleft_halpha_mean_full_change_precond;eeg_tleft_lalpha_mean_full_change_precond;eeg_pright_sampent_full_change_precond;eeg_c_theta_mean_full_change_precond;gsr_skin_conductance_eda_tonic_mean_nk_full_change_precond;pupil_dilation_sd_full_change_precond;eeg_t_sampent_full_change_precond;eeg_fr_sampent_full_change_precond;eeg_fl_hbeta_mean_full_change_precond"
2025-11-26 18:09:40.867211,9,"stress_label",10,4,0.0078125,0.596153846153846,0.647435897435897,0.570940170940171,10,"top10","eeg_tleft_sampent_full_change_precond;eeg_tleft_halpha_mean_full_change_precond;eeg_tleft_lalpha_mean_full_change_precond;eeg_pright_sampent_full_change_precond;eeg_c_theta_mean_full_change_precond;gsr_skin_conductance_eda_tonic_mean_nk_full_change_precond;pupil_dilation_sd_full_change_precond;eeg_t_sampent_full_change_precond;eeg_fr_sampent_full_change_precond;eeg_fl_hbeta_mean_full_change_precond"
2025-11-26 18:09:41.711976,9,"stress_label",10,8,0.0078125,0.608974358974359,0.66025641025641,0.570940170940171,10,"top10","eeg_tleft_sampent_full_change_precond;eeg_tleft_halpha_mean_full_change_precond;eeg_tleft_lalpha_mean_full_change_precond;eeg_pright_sampent_full_change_precond;eeg_c_theta_mean_full_change_precond;gsr_skin_conductance_eda_tonic_mean_nk_full_change_precond;pupil_dilation_sd_full_change_precond;eeg_t_sampent_full_change_precond;eeg_fr_sampent_full_change_precond;eeg_fl_hbeta_mean_full_change_precond"
2025-11-26 18:09:42.551037,9,"stress_label",10,16,0.0078125,0.615384615384615,0.653846153846154,0.571794871794872,10,"top10","eeg_tleft_sampent_full_change_precond;eeg_tleft_halpha_mean_full_change_precond;eeg_tleft_lalpha_mean_full_change_precond;eeg_pright_sampent_full_change_precond;eeg_c_theta_mean_full_change_precond;gsr_skin_conductance_eda_tonic_mean_nk_full_change_precond;pupil_dilation_sd_full_change_precond;eeg_t_sampent_full_change_precond;eeg_fr_sampent_full_change_precond;eeg_fl_hbeta_mean_full_change_precond"
2025-11-26 18:09:43.40822,9,"stress_label",10,32,0.0078125,0.602564102564103,0.634615384615385,0.567521367521368,10,"top10","eeg_tleft_sampent_full_change_precond;eeg_tleft_halpha_mean_full_change_precond;eeg_tleft_lalpha_mean_full_change_precond;eeg_pright_sampent_full_change_precond;eeg_c_theta_mean_full_change_precond;gsr_skin_conductance_eda_tonic_mean_nk_full_change_precond;pupil_dilation_sd_full_change_precond;eeg_t_sampent_full_change_precond;eeg_fr_sampent_full_change_precond;eeg_fl_hbeta_mean_full_change_precond"
2025-11-26 18:09:44.286414,9,"stress_label",10,64,0.0078125,0.602564102564103,0.615384615384615,0.567521367521368,10,"top10","eeg_tleft_sampent_full_change_precond;eeg_tleft_halpha_mean_full_change_precond;eeg_tleft_lalpha_mean_full_change_precond;eeg_pright_sampent_full_change_precond;eeg_c_theta_mean_full_change_precond;gsr_skin_conductance_eda_tonic_mean_nk_full_change_precond;pupil_dilation_sd_full_change_precond;eeg_t_sampent_full_change_precond;eeg_fr_sampent_full_change_precond;eeg_fl_hbeta_mean_full_change_precond"
2025-11-26 18:09:45.264469,9,"stress_label",10,128,0.0078125,0.564102564102564,0.583333333333333,0.538461538461538,10,"top10","eeg_tleft_sampent_full_change_precond;eeg_tleft_halpha_mean_full_change_precond;eeg_tleft_lalpha_mean_full_change_precond;eeg_pright_sampent_full_change_precond;eeg_c_theta_mean_full_change_precond;gsr_skin_conductance_eda_tonic_mean_nk_full_change_precond;pupil_dilation_sd_full_change_precond;eeg_t_sampent_full_change_precond;eeg_fr_sampent_full_change_precond;eeg_fl_hbeta_mean_full_change_precond"
2025-11-26 18:09:46.358331,9,"stress_label",10,256,0.0078125,0.532051282051282,0.557692307692308,0.524786324786325,10,"top10","eeg_tleft_sampent_full_change_precond;eeg_tleft_halpha_mean_full_change_precond;eeg_tleft_lalpha_mean_full_change_precond;eeg_pright_sampent_full_change_precond;eeg_c_theta_mean_full_change_precond;gsr_skin_conductance_eda_tonic_mean_nk_full_change_precond;pupil_dilation_sd_full_change_precond;eeg_t_sampent_full_change_precond;eeg_fr_sampent_full_change_precond;eeg_fl_hbeta_mean_full_change_precond"
2025-11-26 18:09:47.100094,9,"stress_label",10,2,0.015625,0.621794871794872,0.634615384615385,0.592307692307692,10,"top10","eeg_tleft_sampent_full_change_precond;eeg_tleft_halpha_mean_full_change_precond;eeg_tleft_lalpha_mean_full_change_precond;eeg_pright_sampent_full_change_precond;eeg_c_theta_mean_full_change_precond;gsr_skin_conductance_eda_tonic_mean_nk_full_change_precond;pupil_dilation_sd_full_change_precond;eeg_t_sampent_full_change_precond;eeg_fr_sampent_full_change_precond;eeg_fl_hbeta_mean_full_change_precond"
2025-11-26 18:09:47.980636,9,"stress_label",10,4,0.015625,0.615384615384615,0.653846153846154,0.581196581196581,10,"top10","eeg_tleft_sampent_full_change_precond;eeg_tleft_halpha_mean_full_change_precond;eeg_tleft_lalpha_mean_full_change_precond;eeg_pright_sampent_full_change_precond;eeg_c_theta_mean_full_change_precond;gsr_skin_conductance_eda_tonic_mean_nk_full_change_precond;pupil_dilation_sd_full_change_precond;eeg_t_sampent_full_change_precond;eeg_fr_sampent_full_change_precond;eeg_fl_hbeta_mean_full_change_precond"
2025-11-26 18:09:48.82286,9,"stress_label",10,8,0.015625,0.615384615384615,0.66025641025641,0.573504273504273,10,"top10","eeg_tleft_sampent_full_change_precond;eeg_tleft_halpha_mean_full_change_precond;eeg_tleft_lalpha_mean_full_change_precond;eeg_pright_sampent_full_change_precond;eeg_c_theta_mean_full_change_precond;gsr_skin_conductance_eda_tonic_mean_nk_full_change_precond;pupil_dilation_sd_full_change_precond;eeg_t_sampent_full_change_precond;eeg_fr_sampent_full_change_precond;eeg_fl_hbeta_mean_full_change_precond"
2025-11-26 18:09:49.654417,9,"stress_label",10,16,0.015625,0.615384615384615,0.634615384615385,0.584615384615385,10,"top10","eeg_tleft_sampent_full_change_precond;eeg_tleft_halpha_mean_full_change_precond;eeg_tleft_lalpha_mean_full_change_precond;eeg_pright_sampent_full_change_precond;eeg_c_theta_mean_full_change_precond;gsr_skin_conductance_eda_tonic_mean_nk_full_change_precond;pupil_dilation_sd_full_change_precond;eeg_t_sampent_full_change_precond;eeg_fr_sampent_full_change_precond;eeg_fl_hbeta_mean_full_change_precond"
2025-11-26 18:09:50.556515,9,"stress_label",10,32,0.015625,0.564102564102564,0.596153846153846,0.533333333333333,10,"top10","eeg_tleft_sampent_full_change_precond;eeg_tleft_halpha_mean_full_change_precond;eeg_tleft_lalpha_mean_full_change_precond;eeg_pright_sampent_full_change_precond;eeg_c_theta_mean_full_change_precond;gsr_skin_conductance_eda_tonic_mean_nk_full_change_precond;pupil_dilation_sd_full_change_precond;eeg_t_sampent_full_change_precond;eeg_fr_sampent_full_change_precond;eeg_fl_hbeta_mean_full_change_precond"
2025-11-26 18:09:51.472375,9,"stress_label",10,64,0.015625,0.538461538461538,0.557692307692308,0.525641025641026,10,"top10","eeg_tleft_sampent_full_change_precond;eeg_tleft_halpha_mean_full_change_precond;eeg_tleft_lalpha_mean_full_change_precond;eeg_pright_sampent_full_change_precond;eeg_c_theta_mean_full_change_precond;gsr_skin_conductance_eda_tonic_mean_nk_full_change_precond;pupil_dilation_sd_full_change_precond;eeg_t_sampent_full_change_precond;eeg_fr_sampent_full_change_precond;eeg_fl_hbeta_mean_full_change_precond"
2025-11-26 18:09:52.503621,9,"stress_label",10,128,0.015625,0.487179487179487,0.512820512820513,0.468376068376068,10,"top10","eeg_tleft_sampent_full_change_precond;eeg_tleft_halpha_mean_full_change_precond;eeg_tleft_lalpha_mean_full_change_precond;eeg_pright_sampent_full_change_precond;eeg_c_theta_mean_full_change_precond;gsr_skin_conductance_eda_tonic_mean_nk_full_change_precond;pupil_dilation_sd_full_change_precond;eeg_t_sampent_full_change_precond;eeg_fr_sampent_full_change_precond;eeg_fl_hbeta_mean_full_change_precond"
2025-11-26 18:09:53.775461,9,"stress_label",10,256,0.015625,0.480769230769231,0.519230769230769,NA,10,"top10","eeg_tleft_sampent_full_change_precond;eeg_tleft_halpha_mean_full_change_precond;eeg_tleft_lalpha_mean_full_change_precond;eeg_pright_sampent_full_change_precond;eeg_c_theta_mean_full_change_precond;gsr_skin_conductance_eda_tonic_mean_nk_full_change_precond;pupil_dilation_sd_full_change_precond;eeg_t_sampent_full_change_precond;eeg_fr_sampent_full_change_precond;eeg_fl_hbeta_mean_full_change_precond"
2025-11-26 18:09:54.722387,9,"stress_label",10,2,0.03125,0.608974358974359,0.634615384615385,0.576923076923077,10,"top10","eeg_tleft_sampent_full_change_precond;eeg_tleft_halpha_mean_full_change_precond;eeg_tleft_lalpha_mean_full_change_precond;eeg_pright_sampent_full_change_precond;eeg_c_theta_mean_full_change_precond;gsr_skin_conductance_eda_tonic_mean_nk_full_change_precond;pupil_dilation_sd_full_change_precond;eeg_t_sampent_full_change_precond;eeg_fr_sampent_full_change_precond;eeg_fl_hbeta_mean_full_change_precond"
2025-11-26 18:09:55.616954,9,"stress_label",10,4,0.03125,0.621794871794872,0.647435897435897,0.58034188034188,10,"top10","eeg_tleft_sampent_full_change_precond;eeg_tleft_halpha_mean_full_change_precond;eeg_tleft_lalpha_mean_full_change_precond;eeg_pright_sampent_full_change_precond;eeg_c_theta_mean_full_change_precond;gsr_skin_conductance_eda_tonic_mean_nk_full_change_precond;pupil_dilation_sd_full_change_precond;eeg_t_sampent_full_change_precond;eeg_fr_sampent_full_change_precond;eeg_fl_hbeta_mean_full_change_precond"
2025-11-26 18:09:56.494701,9,"stress_label",10,8,0.03125,0.583333333333333,0.615384615384615,0.552991452991453,10,"top10","eeg_tleft_sampent_full_change_precond;eeg_tleft_halpha_mean_full_change_precond;eeg_tleft_lalpha_mean_full_change_precond;eeg_pright_sampent_full_change_precond;eeg_c_theta_mean_full_change_precond;gsr_skin_conductance_eda_tonic_mean_nk_full_change_precond;pupil_dilation_sd_full_change_precond;eeg_t_sampent_full_change_precond;eeg_fr_sampent_full_change_precond;eeg_fl_hbeta_mean_full_change_precond"
2025-11-26 18:09:57.319434,9,"stress_label",10,16,0.03125,0.551282051282051,0.576923076923077,0.516239316239316,10,"top10","eeg_tleft_sampent_full_change_precond;eeg_tleft_halpha_mean_full_change_precond;eeg_tleft_lalpha_mean_full_change_precond;eeg_pright_sampent_full_change_precond;eeg_c_theta_mean_full_change_precond;gsr_skin_conductance_eda_tonic_mean_nk_full_change_precond;pupil_dilation_sd_full_change_precond;eeg_t_sampent_full_change_precond;eeg_fr_sampent_full_change_precond;eeg_fl_hbeta_mean_full_change_precond"
2025-11-26 18:09:58.285812,9,"stress_label",10,32,0.03125,0.512820512820513,0.538461538461538,0.488888888888889,10,"top10","eeg_tleft_sampent_full_change_precond;eeg_tleft_halpha_mean_full_change_precond;eeg_tleft_lalpha_mean_full_change_precond;eeg_pright_sampent_full_change_precond;eeg_c_theta_mean_full_change_precond;gsr_skin_conductance_eda_tonic_mean_nk_full_change_precond;pupil_dilation_sd_full_change_precond;eeg_t_sampent_full_change_precond;eeg_fr_sampent_full_change_precond;eeg_fl_hbeta_mean_full_change_precond"
2025-11-26 18:09:59.24811,9,"stress_label",10,64,0.03125,0.474358974358974,0.519230769230769,NA,10,"top10","eeg_tleft_sampent_full_change_precond;eeg_tleft_halpha_mean_full_change_precond;eeg_tleft_lalpha_mean_full_change_precond;eeg_pright_sampent_full_change_precond;eeg_c_theta_mean_full_change_precond;gsr_skin_conductance_eda_tonic_mean_nk_full_change_precond;pupil_dilation_sd_full_change_precond;eeg_t_sampent_full_change_precond;eeg_fr_sampent_full_change_precond;eeg_fl_hbeta_mean_full_change_precond"
2025-11-26 18:10:00.301296,9,"stress_label",10,128,0.03125,0.532051282051282,0.564102564102564,NA,10,"top10","eeg_tleft_sampent_full_change_precond;eeg_tleft_halpha_mean_full_change_precond;eeg_tleft_lalpha_mean_full_change_precond;eeg_pright_sampent_full_change_precond;eeg_c_theta_mean_full_change_precond;gsr_skin_conductance_eda_tonic_mean_nk_full_change_precond;pupil_dilation_sd_full_change_precond;eeg_t_sampent_full_change_precond;eeg_fr_sampent_full_change_precond;eeg_fl_hbeta_mean_full_change_precond"
2025-11-26 18:10:01.605254,9,"stress_label",10,256,0.03125,0.551282051282051,0.602564102564103,NA,10,"top10","eeg_tleft_sampent_full_change_precond;eeg_tleft_halpha_mean_full_change_precond;eeg_tleft_lalpha_mean_full_change_precond;eeg_pright_sampent_full_change_precond;eeg_c_theta_mean_full_change_precond;gsr_skin_conductance_eda_tonic_mean_nk_full_change_precond;pupil_dilation_sd_full_change_precond;eeg_t_sampent_full_change_precond;eeg_fr_sampent_full_change_precond;eeg_fl_hbeta_mean_full_change_precond"
2025-11-26 18:10:02.469432,9,"stress_label",10,2,0.0625,0.615384615384615,0.615384615384615,0.579487179487179,10,"top10","eeg_tleft_sampent_full_change_precond;eeg_tleft_halpha_mean_full_change_precond;eeg_tleft_lalpha_mean_full_change_precond;eeg_pright_sampent_full_change_precond;eeg_c_theta_mean_full_change_precond;gsr_skin_conductance_eda_tonic_mean_nk_full_change_precond;pupil_dilation_sd_full_change_precond;eeg_t_sampent_full_change_precond;eeg_fr_sampent_full_change_precond;eeg_fl_hbeta_mean_full_change_precond"
2025-11-26 18:10:03.312982,9,"stress_label",10,4,0.0625,0.57051282051282,0.608974358974359,0.54017094017094,10,"top10","eeg_tleft_sampent_full_change_precond;eeg_tleft_halpha_mean_full_change_precond;eeg_tleft_lalpha_mean_full_change_precond;eeg_pright_sampent_full_change_precond;eeg_c_theta_mean_full_change_precond;gsr_skin_conductance_eda_tonic_mean_nk_full_change_precond;pupil_dilation_sd_full_change_precond;eeg_t_sampent_full_change_precond;eeg_fr_sampent_full_change_precond;eeg_fl_hbeta_mean_full_change_precond"
2025-11-26 18:10:04.167247,9,"stress_label",10,8,0.0625,0.538461538461538,0.564102564102564,0.517094017094017,10,"top10","eeg_tleft_sampent_full_change_precond;eeg_tleft_halpha_mean_full_change_precond;eeg_tleft_lalpha_mean_full_change_precond;eeg_pright_sampent_full_change_precond;eeg_c_theta_mean_full_change_precond;gsr_skin_conductance_eda_tonic_mean_nk_full_change_precond;pupil_dilation_sd_full_change_precond;eeg_t_sampent_full_change_precond;eeg_fr_sampent_full_change_precond;eeg_fl_hbeta_mean_full_change_precond"
2025-11-26 18:10:05.025822,9,"stress_label",10,16,0.0625,0.493589743589744,0.544871794871795,0.460683760683761,10,"top10","eeg_tleft_sampent_full_change_precond;eeg_tleft_halpha_mean_full_change_precond;eeg_tleft_lalpha_mean_full_change_precond;eeg_pright_sampent_full_change_precond;eeg_c_theta_mean_full_change_precond;gsr_skin_conductance_eda_tonic_mean_nk_full_change_precond;pupil_dilation_sd_full_change_precond;eeg_t_sampent_full_change_precond;eeg_fr_sampent_full_change_precond;eeg_fl_hbeta_mean_full_change_precond"
2025-11-26 18:10:06.032242,9,"stress_label",10,32,0.0625,0.532051282051282,0.551282051282051,NA,10,"top10","eeg_tleft_sampent_full_change_precond;eeg_tleft_halpha_mean_full_change_precond;eeg_tleft_lalpha_mean_full_change_precond;eeg_pright_sampent_full_change_precond;eeg_c_theta_mean_full_change_precond;gsr_skin_conductance_eda_tonic_mean_nk_full_change_precond;pupil_dilation_sd_full_change_precond;eeg_t_sampent_full_change_precond;eeg_fr_sampent_full_change_precond;eeg_fl_hbeta_mean_full_change_precond"
2025-11-26 18:10:07.362843,9,"stress_label",10,64,0.0625,0.538461538461538,0.58974358974359,NA,10,"top10","eeg_tleft_sampent_full_change_precond;eeg_tleft_halpha_mean_full_change_precond;eeg_tleft_lalpha_mean_full_change_precond;eeg_pright_sampent_full_change_precond;eeg_c_theta_mean_full_change_precond;gsr_skin_conductance_eda_tonic_mean_nk_full_change_precond;pupil_dilation_sd_full_change_precond;eeg_t_sampent_full_change_precond;eeg_fr_sampent_full_change_precond;eeg_fl_hbeta_mean_full_change_precond"
2025-11-26 18:10:08.477356,9,"stress_label",10,128,0.0625,0.519230769230769,0.583333333333333,NA,10,"top10","eeg_tleft_sampent_full_change_precond;eeg_tleft_halpha_mean_full_change_precond;eeg_tleft_lalpha_mean_full_change_precond;eeg_pright_sampent_full_change_precond;eeg_c_theta_mean_full_change_precond;gsr_skin_conductance_eda_tonic_mean_nk_full_change_precond;pupil_dilation_sd_full_change_precond;eeg_t_sampent_full_change_precond;eeg_fr_sampent_full_change_precond;eeg_fl_hbeta_mean_full_change_precond"
2025-11-26 18:10:09.439148,9,"stress_label",10,256,0.0625,0.512820512820513,0.557692307692308,NA,10,"top10","eeg_tleft_sampent_full_change_precond;eeg_tleft_halpha_mean_full_change_precond;eeg_tleft_lalpha_mean_full_change_precond;eeg_pright_sampent_full_change_precond;eeg_c_theta_mean_full_change_precond;gsr_skin_conductance_eda_tonic_mean_nk_full_change_precond;pupil_dilation_sd_full_change_precond;eeg_t_sampent_full_change_precond;eeg_fr_sampent_full_change_precond;eeg_fl_hbeta_mean_full_change_precond"
2025-11-26 18:10:10.309053,9,"stress_label",10,2,0.125,0.583333333333333,0.602564102564103,0.548717948717949,10,"top10","eeg_tleft_sampent_full_change_precond;eeg_tleft_halpha_mean_full_change_precond;eeg_tleft_lalpha_mean_full_change_precond;eeg_pright_sampent_full_change_precond;eeg_c_theta_mean_full_change_precond;gsr_skin_conductance_eda_tonic_mean_nk_full_change_precond;pupil_dilation_sd_full_change_precond;eeg_t_sampent_full_change_precond;eeg_fr_sampent_full_change_precond;eeg_fl_hbeta_mean_full_change_precond"
2025-11-26 18:10:11.185135,9,"stress_label",10,4,0.125,0.551282051282051,0.576923076923077,0.542735042735043,10,"top10","eeg_tleft_sampent_full_change_precond;eeg_tleft_halpha_mean_full_change_precond;eeg_tleft_lalpha_mean_full_change_precond;eeg_pright_sampent_full_change_precond;eeg_c_theta_mean_full_change_precond;gsr_skin_conductance_eda_tonic_mean_nk_full_change_precond;pupil_dilation_sd_full_change_precond;eeg_t_sampent_full_change_precond;eeg_fr_sampent_full_change_precond;eeg_fl_hbeta_mean_full_change_precond"
2025-11-26 18:10:12.092103,9,"stress_label",10,8,0.125,0.551282051282051,0.557692307692308,0.548717948717949,10,"top10","eeg_tleft_sampent_full_change_precond;eeg_tleft_halpha_mean_full_change_precond;eeg_tleft_lalpha_mean_full_change_precond;eeg_pright_sampent_full_change_precond;eeg_c_theta_mean_full_change_precond;gsr_skin_conductance_eda_tonic_mean_nk_full_change_precond;pupil_dilation_sd_full_change_precond;eeg_t_sampent_full_change_precond;eeg_fr_sampent_full_change_precond;eeg_fl_hbeta_mean_full_change_precond"
2025-11-26 18:10:12.817567,9,"stress_label",10,16,0.125,0.544871794871795,0.58974358974359,NA,10,"top10","eeg_tleft_sampent_full_change_precond;eeg_tleft_halpha_mean_full_change_precond;eeg_tleft_lalpha_mean_full_change_precond;eeg_pright_sampent_full_change_precond;eeg_c_theta_mean_full_change_precond;gsr_skin_conductance_eda_tonic_mean_nk_full_change_precond;pupil_dilation_sd_full_change_precond;eeg_t_sampent_full_change_precond;eeg_fr_sampent_full_change_precond;eeg_fl_hbeta_mean_full_change_precond"
2025-11-26 18:10:13.846468,9,"stress_label",10,32,0.125,0.557692307692308,0.532051282051282,NA,10,"top10","eeg_tleft_sampent_full_change_precond;eeg_tleft_halpha_mean_full_change_precond;eeg_tleft_lalpha_mean_full_change_precond;eeg_pright_sampent_full_change_precond;eeg_c_theta_mean_full_change_precond;gsr_skin_conductance_eda_tonic_mean_nk_full_change_precond;pupil_dilation_sd_full_change_precond;eeg_t_sampent_full_change_precond;eeg_fr_sampent_full_change_precond;eeg_fl_hbeta_mean_full_change_precond"
2025-11-26 18:10:14.923758,9,"stress_label",10,64,0.125,0.576923076923077,0.512820512820513,NA,10,"top10","eeg_tleft_sampent_full_change_precond;eeg_tleft_halpha_mean_full_change_precond;eeg_tleft_lalpha_mean_full_change_precond;eeg_pright_sampent_full_change_precond;eeg_c_theta_mean_full_change_precond;gsr_skin_conductance_eda_tonic_mean_nk_full_change_precond;pupil_dilation_sd_full_change_precond;eeg_t_sampent_full_change_precond;eeg_fr_sampent_full_change_precond;eeg_fl_hbeta_mean_full_change_precond"
2025-11-26 18:10:15.976242,9,"stress_label",10,128,0.125,0.532051282051282,0.564102564102564,NA,10,"top10","eeg_tleft_sampent_full_change_precond;eeg_tleft_halpha_mean_full_change_precond;eeg_tleft_lalpha_mean_full_change_precond;eeg_pright_sampent_full_change_precond;eeg_c_theta_mean_full_change_precond;gsr_skin_conductance_eda_tonic_mean_nk_full_change_precond;pupil_dilation_sd_full_change_precond;eeg_t_sampent_full_change_precond;eeg_fr_sampent_full_change_precond;eeg_fl_hbeta_mean_full_change_precond"
2025-11-26 18:10:17.014916,9,"stress_label",10,256,0.125,0.532051282051282,0.474358974358974,NA,10,"top10","eeg_tleft_sampent_full_change_precond;eeg_tleft_halpha_mean_full_change_precond;eeg_tleft_lalpha_mean_full_change_precond;eeg_pright_sampent_full_change_precond;eeg_c_theta_mean_full_change_precond;gsr_skin_conductance_eda_tonic_mean_nk_full_change_precond;pupil_dilation_sd_full_change_precond;eeg_t_sampent_full_change_precond;eeg_fr_sampent_full_change_precond;eeg_fl_hbeta_mean_full_change_precond"
2025-11-26 18:10:17.818193,9,"stress_label",10,2,0.03,0.608974358974359,0.634615384615385,0.576923076923077,10,"top10","eeg_tleft_sampent_full_change_precond;eeg_tleft_halpha_mean_full_change_precond;eeg_tleft_lalpha_mean_full_change_precond;eeg_pright_sampent_full_change_precond;eeg_c_theta_mean_full_change_precond;gsr_skin_conductance_eda_tonic_mean_nk_full_change_precond;pupil_dilation_sd_full_change_precond;eeg_t_sampent_full_change_precond;eeg_fr_sampent_full_change_precond;eeg_fl_hbeta_mean_full_change_precond"
2025-11-26 18:10:18.670921,9,"stress_label",10,4,0.03,0.621794871794872,0.647435897435897,0.58034188034188,10,"top10","eeg_tleft_sampent_full_change_precond;eeg_tleft_halpha_mean_full_change_precond;eeg_tleft_lalpha_mean_full_change_precond;eeg_pright_sampent_full_change_precond;eeg_c_theta_mean_full_change_precond;gsr_skin_conductance_eda_tonic_mean_nk_full_change_precond;pupil_dilation_sd_full_change_precond;eeg_t_sampent_full_change_precond;eeg_fr_sampent_full_change_precond;eeg_fl_hbeta_mean_full_change_precond"
2025-11-26 18:10:19.550305,9,"stress_label",10,8,0.03,0.583333333333333,0.615384615384615,0.552991452991453,10,"top10","eeg_tleft_sampent_full_change_precond;eeg_tleft_halpha_mean_full_change_precond;eeg_tleft_lalpha_mean_full_change_precond;eeg_pright_sampent_full_change_precond;eeg_c_theta_mean_full_change_precond;gsr_skin_conductance_eda_tonic_mean_nk_full_change_precond;pupil_dilation_sd_full_change_precond;eeg_t_sampent_full_change_precond;eeg_fr_sampent_full_change_precond;eeg_fl_hbeta_mean_full_change_precond"
2025-11-26 18:10:20.451248,9,"stress_label",10,16,0.03,0.564102564102564,0.596153846153846,0.533333333333333,10,"top10","eeg_tleft_sampent_full_change_precond;eeg_tleft_halpha_mean_full_change_precond;eeg_tleft_lalpha_mean_full_change_precond;eeg_pright_sampent_full_change_precond;eeg_c_theta_mean_full_change_precond;gsr_skin_conductance_eda_tonic_mean_nk_full_change_precond;pupil_dilation_sd_full_change_precond;eeg_t_sampent_full_change_precond;eeg_fr_sampent_full_change_precond;eeg_fl_hbeta_mean_full_change_precond"
2025-11-26 18:10:21.278988,9,"stress_label",10,32,0.03,0.506410256410256,0.532051282051282,0.484615384615385,10,"top10","eeg_tleft_sampent_full_change_precond;eeg_tleft_halpha_mean_full_change_precond;eeg_tleft_lalpha_mean_full_change_precond;eeg_pright_sampent_full_change_precond;eeg_c_theta_mean_full_change_precond;gsr_skin_conductance_eda_tonic_mean_nk_full_change_precond;pupil_dilation_sd_full_change_precond;eeg_t_sampent_full_change_precond;eeg_fr_sampent_full_change_precond;eeg_fl_hbeta_mean_full_change_precond"
2025-11-26 18:10:22.184161,9,"stress_label",10,64,0.03,0.467948717948718,0.519230769230769,NA,10,"top10","eeg_tleft_sampent_full_change_precond;eeg_tleft_halpha_mean_full_change_precond;eeg_tleft_lalpha_mean_full_change_precond;eeg_pright_sampent_full_change_precond;eeg_c_theta_mean_full_change_precond;gsr_skin_conductance_eda_tonic_mean_nk_full_change_precond;pupil_dilation_sd_full_change_precond;eeg_t_sampent_full_change_precond;eeg_fr_sampent_full_change_precond;eeg_fl_hbeta_mean_full_change_precond"
2025-11-26 18:10:23.421595,9,"stress_label",10,128,0.03,0.532051282051282,0.557692307692308,NA,10,"top10","eeg_tleft_sampent_full_change_precond;eeg_tleft_halpha_mean_full_change_precond;eeg_tleft_lalpha_mean_full_change_precond;eeg_pright_sampent_full_change_precond;eeg_c_theta_mean_full_change_precond;gsr_skin_conductance_eda_tonic_mean_nk_full_change_precond;pupil_dilation_sd_full_change_precond;eeg_t_sampent_full_change_precond;eeg_fr_sampent_full_change_precond;eeg_fl_hbeta_mean_full_change_precond"
2025-11-26 18:10:24.800395,9,"stress_label",10,256,0.03,0.525641025641026,0.596153846153846,NA,10,"top10","eeg_tleft_sampent_full_change_precond;eeg_tleft_halpha_mean_full_change_precond;eeg_tleft_lalpha_mean_full_change_precond;eeg_pright_sampent_full_change_precond;eeg_c_theta_mean_full_change_precond;gsr_skin_conductance_eda_tonic_mean_nk_full_change_precond;pupil_dilation_sd_full_change_precond;eeg_t_sampent_full_change_precond;eeg_fr_sampent_full_change_precond;eeg_fl_hbeta_mean_full_change_precond"
2025-11-26 18:10:25.634067,9,"stress_label",10,2,0.06,0.615384615384615,0.621794871794872,0.579487179487179,10,"top10","eeg_tleft_sampent_full_change_precond;eeg_tleft_halpha_mean_full_change_precond;eeg_tleft_lalpha_mean_full_change_precond;eeg_pright_sampent_full_change_precond;eeg_c_theta_mean_full_change_precond;gsr_skin_conductance_eda_tonic_mean_nk_full_change_precond;pupil_dilation_sd_full_change_precond;eeg_t_sampent_full_change_precond;eeg_fr_sampent_full_change_precond;eeg_fl_hbeta_mean_full_change_precond"
2025-11-26 18:10:26.49179,9,"stress_label",10,4,0.06,0.57051282051282,0.608974358974359,0.54017094017094,10,"top10","eeg_tleft_sampent_full_change_precond;eeg_tleft_halpha_mean_full_change_precond;eeg_tleft_lalpha_mean_full_change_precond;eeg_pright_sampent_full_change_precond;eeg_c_theta_mean_full_change_precond;gsr_skin_conductance_eda_tonic_mean_nk_full_change_precond;pupil_dilation_sd_full_change_precond;eeg_t_sampent_full_change_precond;eeg_fr_sampent_full_change_precond;eeg_fl_hbeta_mean_full_change_precond"
2025-11-26 18:10:27.375733,9,"stress_label",10,8,0.06,0.538461538461538,0.557692307692308,0.517094017094017,10,"top10","eeg_tleft_sampent_full_change_precond;eeg_tleft_halpha_mean_full_change_precond;eeg_tleft_lalpha_mean_full_change_precond;eeg_pright_sampent_full_change_precond;eeg_c_theta_mean_full_change_precond;gsr_skin_conductance_eda_tonic_mean_nk_full_change_precond;pupil_dilation_sd_full_change_precond;eeg_t_sampent_full_change_precond;eeg_fr_sampent_full_change_precond;eeg_fl_hbeta_mean_full_change_precond"
2025-11-26 18:10:28.29505,9,"stress_label",10,16,0.06,0.493589743589744,0.532051282051282,0.464102564102564,10,"top10","eeg_tleft_sampent_full_change_precond;eeg_tleft_halpha_mean_full_change_precond;eeg_tleft_lalpha_mean_full_change_precond;eeg_pright_sampent_full_change_precond;eeg_c_theta_mean_full_change_precond;gsr_skin_conductance_eda_tonic_mean_nk_full_change_precond;pupil_dilation_sd_full_change_precond;eeg_t_sampent_full_change_precond;eeg_fr_sampent_full_change_precond;eeg_fl_hbeta_mean_full_change_precond"
2025-11-26 18:10:29.330379,9,"stress_label",10,32,0.06,0.525641025641026,0.557692307692308,NA,10,"top10","eeg_tleft_sampent_full_change_precond;eeg_tleft_halpha_mean_full_change_precond;eeg_tleft_lalpha_mean_full_change_precond;eeg_pright_sampent_full_change_precond;eeg_c_theta_mean_full_change_precond;gsr_skin_conductance_eda_tonic_mean_nk_full_change_precond;pupil_dilation_sd_full_change_precond;eeg_t_sampent_full_change_precond;eeg_fr_sampent_full_change_precond;eeg_fl_hbeta_mean_full_change_precond"
2025-11-26 18:10:30.362252,9,"stress_label",10,64,0.06,0.544871794871795,0.58974358974359,NA,10,"top10","eeg_tleft_sampent_full_change_precond;eeg_tleft_halpha_mean_full_change_precond;eeg_tleft_lalpha_mean_full_change_precond;eeg_pright_sampent_full_change_precond;eeg_c_theta_mean_full_change_precond;gsr_skin_conductance_eda_tonic_mean_nk_full_change_precond;pupil_dilation_sd_full_change_precond;eeg_t_sampent_full_change_precond;eeg_fr_sampent_full_change_precond;eeg_fl_hbeta_mean_full_change_precond"
2025-11-26 18:10:31.576958,9,"stress_label",10,128,0.06,0.532051282051282,0.602564102564103,NA,10,"top10","eeg_tleft_sampent_full_change_precond;eeg_tleft_halpha_mean_full_change_precond;eeg_tleft_lalpha_mean_full_change_precond;eeg_pright_sampent_full_change_precond;eeg_c_theta_mean_full_change_precond;gsr_skin_conductance_eda_tonic_mean_nk_full_change_precond;pupil_dilation_sd_full_change_precond;eeg_t_sampent_full_change_precond;eeg_fr_sampent_full_change_precond;eeg_fl_hbeta_mean_full_change_precond"
2025-11-26 18:10:32.865766,9,"stress_label",10,256,0.06,0.519230769230769,0.480769230769231,NA,10,"top10","eeg_tleft_sampent_full_change_precond;eeg_tleft_halpha_mean_full_change_precond;eeg_tleft_lalpha_mean_full_change_precond;eeg_pright_sampent_full_change_precond;eeg_c_theta_mean_full_change_precond;gsr_skin_conductance_eda_tonic_mean_nk_full_change_precond;pupil_dilation_sd_full_change_precond;eeg_t_sampent_full_change_precond;eeg_fr_sampent_full_change_precond;eeg_fl_hbeta_mean_full_change_precond"
2025-11-26 18:10:33.707699,9,"stress_label",10,2,0.1,0.596153846153846,0.58974358974359,0.563247863247863,10,"top10","eeg_tleft_sampent_full_change_precond;eeg_tleft_halpha_mean_full_change_precond;eeg_tleft_lalpha_mean_full_change_precond;eeg_pright_sampent_full_change_precond;eeg_c_theta_mean_full_change_precond;gsr_skin_conductance_eda_tonic_mean_nk_full_change_precond;pupil_dilation_sd_full_change_precond;eeg_t_sampent_full_change_precond;eeg_fr_sampent_full_change_precond;eeg_fl_hbeta_mean_full_change_precond"
2025-11-26 18:10:34.56216,9,"stress_label",10,4,0.1,0.564102564102564,0.58974358974359,0.548717948717949,10,"top10","eeg_tleft_sampent_full_change_precond;eeg_tleft_halpha_mean_full_change_precond;eeg_tleft_lalpha_mean_full_change_precond;eeg_pright_sampent_full_change_precond;eeg_c_theta_mean_full_change_precond;gsr_skin_conductance_eda_tonic_mean_nk_full_change_precond;pupil_dilation_sd_full_change_precond;eeg_t_sampent_full_change_precond;eeg_fr_sampent_full_change_precond;eeg_fl_hbeta_mean_full_change_precond"
2025-11-26 18:10:35.334323,9,"stress_label",10,8,0.1,0.544871794871795,0.57051282051282,0.536752136752137,10,"top10","eeg_tleft_sampent_full_change_precond;eeg_tleft_halpha_mean_full_change_precond;eeg_tleft_lalpha_mean_full_change_precond;eeg_pright_sampent_full_change_precond;eeg_c_theta_mean_full_change_precond;gsr_skin_conductance_eda_tonic_mean_nk_full_change_precond;pupil_dilation_sd_full_change_precond;eeg_t_sampent_full_change_precond;eeg_fr_sampent_full_change_precond;eeg_fl_hbeta_mean_full_change_precond"
2025-11-26 18:10:36.297833,9,"stress_label",10,16,0.1,0.544871794871795,0.544871794871795,NA,10,"top10","eeg_tleft_sampent_full_change_precond;eeg_tleft_halpha_mean_full_change_precond;eeg_tleft_lalpha_mean_full_change_precond;eeg_pright_sampent_full_change_precond;eeg_c_theta_mean_full_change_precond;gsr_skin_conductance_eda_tonic_mean_nk_full_change_precond;pupil_dilation_sd_full_change_precond;eeg_t_sampent_full_change_precond;eeg_fr_sampent_full_change_precond;eeg_fl_hbeta_mean_full_change_precond"
2025-11-26 18:10:37.180904,9,"stress_label",10,32,0.1,0.557692307692308,0.583333333333333,NA,10,"top10","eeg_tleft_sampent_full_change_precond;eeg_tleft_halpha_mean_full_change_precond;eeg_tleft_lalpha_mean_full_change_precond;eeg_pright_sampent_full_change_precond;eeg_c_theta_mean_full_change_precond;gsr_skin_conductance_eda_tonic_mean_nk_full_change_precond;pupil_dilation_sd_full_change_precond;eeg_t_sampent_full_change_precond;eeg_fr_sampent_full_change_precond;eeg_fl_hbeta_mean_full_change_precond"
2025-11-26 18:10:38.265434,9,"stress_label",10,64,0.1,0.564102564102564,0.480769230769231,NA,10,"top10","eeg_tleft_sampent_full_change_precond;eeg_tleft_halpha_mean_full_change_precond;eeg_tleft_lalpha_mean_full_change_precond;eeg_pright_sampent_full_change_precond;eeg_c_theta_mean_full_change_precond;gsr_skin_conductance_eda_tonic_mean_nk_full_change_precond;pupil_dilation_sd_full_change_precond;eeg_t_sampent_full_change_precond;eeg_fr_sampent_full_change_precond;eeg_fl_hbeta_mean_full_change_precond"
2025-11-26 18:10:39.185233,9,"stress_label",10,128,0.1,0.538461538461538,0.532051282051282,NA,10,"top10","eeg_tleft_sampent_full_change_precond;eeg_tleft_halpha_mean_full_change_precond;eeg_tleft_lalpha_mean_full_change_precond;eeg_pright_sampent_full_change_precond;eeg_c_theta_mean_full_change_precond;gsr_skin_conductance_eda_tonic_mean_nk_full_change_precond;pupil_dilation_sd_full_change_precond;eeg_t_sampent_full_change_precond;eeg_fr_sampent_full_change_precond;eeg_fl_hbeta_mean_full_change_precond"
2025-11-26 18:10:40.289715,9,"stress_label",10,256,0.1,0.532051282051282,0.467948717948718,NA,10,"top10","eeg_tleft_sampent_full_change_precond;eeg_tleft_halpha_mean_full_change_precond;eeg_tleft_lalpha_mean_full_change_precond;eeg_pright_sampent_full_change_precond;eeg_c_theta_mean_full_change_precond;gsr_skin_conductance_eda_tonic_mean_nk_full_change_precond;pupil_dilation_sd_full_change_precond;eeg_t_sampent_full_change_precond;eeg_fr_sampent_full_change_precond;eeg_fl_hbeta_mean_full_change_precond"
2025-11-26 18:10:41.123899,9,"stress_label",5,2,0.0078125,0.608974358974359,0.634615384615385,0.567521367521368,5,"top5","eeg_tleft_sampent_full_change_precond;eeg_tleft_halpha_mean_full_change_precond;eeg_tleft_lalpha_mean_full_change_precond;eeg_pright_sampent_full_change_precond;eeg_c_theta_mean_full_change_precond"
2025-11-26 18:10:41.903021,9,"stress_label",5,4,0.0078125,0.58974358974359,0.621794871794872,0.553846153846154,5,"top5","eeg_tleft_sampent_full_change_precond;eeg_tleft_halpha_mean_full_change_precond;eeg_tleft_lalpha_mean_full_change_precond;eeg_pright_sampent_full_change_precond;eeg_c_theta_mean_full_change_precond"
2025-11-26 18:10:42.691192,9,"stress_label",5,8,0.0078125,0.602564102564103,0.615384615384615,0.570940170940171,5,"top5","eeg_tleft_sampent_full_change_precond;eeg_tleft_halpha_mean_full_change_precond;eeg_tleft_lalpha_mean_full_change_precond;eeg_pright_sampent_full_change_precond;eeg_c_theta_mean_full_change_precond"
2025-11-26 18:10:43.446779,9,"stress_label",5,16,0.0078125,0.602564102564103,0.621794871794872,0.570940170940171,5,"top5","eeg_tleft_sampent_full_change_precond;eeg_tleft_halpha_mean_full_change_precond;eeg_tleft_lalpha_mean_full_change_precond;eeg_pright_sampent_full_change_precond;eeg_c_theta_mean_full_change_precond"
2025-11-26 18:10:44.235346,9,"stress_label",5,32,0.0078125,0.608974358974359,0.615384615384615,0.572649572649573,5,"top5","eeg_tleft_sampent_full_change_precond;eeg_tleft_halpha_mean_full_change_precond;eeg_tleft_lalpha_mean_full_change_precond;eeg_pright_sampent_full_change_precond;eeg_c_theta_mean_full_change_precond"
2025-11-26 18:10:45.023718,9,"stress_label",5,64,0.0078125,0.596153846153846,0.608974358974359,0.547863247863248,5,"top5","eeg_tleft_sampent_full_change_precond;eeg_tleft_halpha_mean_full_change_precond;eeg_tleft_lalpha_mean_full_change_precond;eeg_pright_sampent_full_change_precond;eeg_c_theta_mean_full_change_precond"
2025-11-26 18:10:45.814004,9,"stress_label",5,128,0.0078125,0.58974358974359,0.596153846153846,0.535042735042735,5,"top5","eeg_tleft_sampent_full_change_precond;eeg_tleft_halpha_mean_full_change_precond;eeg_tleft_lalpha_mean_full_change_precond;eeg_pright_sampent_full_change_precond;eeg_c_theta_mean_full_change_precond"
2025-11-26 18:10:46.649942,9,"stress_label",5,256,0.0078125,0.58974358974359,0.602564102564103,0.530769230769231,5,"top5","eeg_tleft_sampent_full_change_precond;eeg_tleft_halpha_mean_full_change_precond;eeg_tleft_lalpha_mean_full_change_precond;eeg_pright_sampent_full_change_precond;eeg_c_theta_mean_full_change_precond"
2025-11-26 18:10:47.403184,9,"stress_label",5,2,0.015625,0.583333333333333,0.621794871794872,0.546153846153846,5,"top5","eeg_tleft_sampent_full_change_precond;eeg_tleft_halpha_mean_full_change_precond;eeg_tleft_lalpha_mean_full_change_precond;eeg_pright_sampent_full_change_precond;eeg_c_theta_mean_full_change_precond"
2025-11-26 18:10:48.135673,9,"stress_label",5,4,0.015625,0.608974358974359,0.628205128205128,0.570940170940171,5,"top5","eeg_tleft_sampent_full_change_precond;eeg_tleft_halpha_mean_full_change_precond;eeg_tleft_lalpha_mean_full_change_precond;eeg_pright_sampent_full_change_precond;eeg_c_theta_mean_full_change_precond"
2025-11-26 18:10:48.881336,9,"stress_label",5,8,0.015625,0.615384615384615,0.621794871794872,0.571794871794872,5,"top5","eeg_tleft_sampent_full_change_precond;eeg_tleft_halpha_mean_full_change_precond;eeg_tleft_lalpha_mean_full_change_precond;eeg_pright_sampent_full_change_precond;eeg_c_theta_mean_full_change_precond"
2025-11-26 18:10:49.65695,9,"stress_label",5,16,0.015625,0.608974358974359,0.608974358974359,0.569230769230769,5,"top5","eeg_tleft_sampent_full_change_precond;eeg_tleft_halpha_mean_full_change_precond;eeg_tleft_lalpha_mean_full_change_precond;eeg_pright_sampent_full_change_precond;eeg_c_theta_mean_full_change_precond"
2025-11-26 18:10:50.420208,9,"stress_label",5,32,0.015625,0.58974358974359,0.596153846153846,0.535042735042735,5,"top5","eeg_tleft_sampent_full_change_precond;eeg_tleft_halpha_mean_full_change_precond;eeg_tleft_lalpha_mean_full_change_precond;eeg_pright_sampent_full_change_precond;eeg_c_theta_mean_full_change_precond"
2025-11-26 18:10:51.217558,9,"stress_label",5,64,0.015625,0.596153846153846,0.596153846153846,0.535042735042735,5,"top5","eeg_tleft_sampent_full_change_precond;eeg_tleft_halpha_mean_full_change_precond;eeg_tleft_lalpha_mean_full_change_precond;eeg_pright_sampent_full_change_precond;eeg_c_theta_mean_full_change_precond"
2025-11-26 18:10:52.004712,9,"stress_label",5,128,0.015625,0.596153846153846,0.58974358974359,0.535042735042735,5,"top5","eeg_tleft_sampent_full_change_precond;eeg_tleft_halpha_mean_full_change_precond;eeg_tleft_lalpha_mean_full_change_precond;eeg_pright_sampent_full_change_precond;eeg_c_theta_mean_full_change_precond"
2025-11-26 18:10:52.96217,9,"stress_label",5,256,0.015625,0.576923076923077,0.602564102564103,NA,5,"top5","eeg_tleft_sampent_full_change_precond;eeg_tleft_halpha_mean_full_change_precond;eeg_tleft_lalpha_mean_full_change_precond;eeg_pright_sampent_full_change_precond;eeg_c_theta_mean_full_change_precond"
2025-11-26 18:10:53.719476,9,"stress_label",5,2,0.03125,0.602564102564103,0.634615384615385,0.554700854700855,5,"top5","eeg_tleft_sampent_full_change_precond;eeg_tleft_halpha_mean_full_change_precond;eeg_tleft_lalpha_mean_full_change_precond;eeg_pright_sampent_full_change_precond;eeg_c_theta_mean_full_change_precond"
2025-11-26 18:10:54.50634,9,"stress_label",5,4,0.03125,0.615384615384615,0.621794871794872,0.571794871794872,5,"top5","eeg_tleft_sampent_full_change_precond;eeg_tleft_halpha_mean_full_change_precond;eeg_tleft_lalpha_mean_full_change_precond;eeg_pright_sampent_full_change_precond;eeg_c_theta_mean_full_change_precond"
2025-11-26 18:10:55.287044,9,"stress_label",5,8,0.03125,0.608974358974359,0.615384615384615,0.556410256410256,5,"top5","eeg_tleft_sampent_full_change_precond;eeg_tleft_halpha_mean_full_change_precond;eeg_tleft_lalpha_mean_full_change_precond;eeg_pright_sampent_full_change_precond;eeg_c_theta_mean_full_change_precond"
2025-11-26 18:10:56.043251,9,"stress_label",5,16,0.03125,0.596153846153846,0.596153846153846,0.530769230769231,5,"top5","eeg_tleft_sampent_full_change_precond;eeg_tleft_halpha_mean_full_change_precond;eeg_tleft_lalpha_mean_full_change_precond;eeg_pright_sampent_full_change_precond;eeg_c_theta_mean_full_change_precond"
2025-11-26 18:10:56.772953,9,"stress_label",5,32,0.03125,0.58974358974359,0.615384615384615,0.530769230769231,5,"top5","eeg_tleft_sampent_full_change_precond;eeg_tleft_halpha_mean_full_change_precond;eeg_tleft_lalpha_mean_full_change_precond;eeg_pright_sampent_full_change_precond;eeg_c_theta_mean_full_change_precond"
2025-11-26 18:10:57.563629,9,"stress_label",5,64,0.03125,0.583333333333333,0.576923076923077,NA,5,"top5","eeg_tleft_sampent_full_change_precond;eeg_tleft_halpha_mean_full_change_precond;eeg_tleft_lalpha_mean_full_change_precond;eeg_pright_sampent_full_change_precond;eeg_c_theta_mean_full_change_precond"
2025-11-26 18:10:58.530875,9,"stress_label",5,128,0.03125,0.608974358974359,0.615384615384615,NA,5,"top5","eeg_tleft_sampent_full_change_precond;eeg_tleft_halpha_mean_full_change_precond;eeg_tleft_lalpha_mean_full_change_precond;eeg_pright_sampent_full_change_precond;eeg_c_theta_mean_full_change_precond"
2025-11-26 18:10:59.653894,9,"stress_label",5,256,0.03125,0.58974358974359,0.608974358974359,NA,5,"top5","eeg_tleft_sampent_full_change_precond;eeg_tleft_halpha_mean_full_change_precond;eeg_tleft_lalpha_mean_full_change_precond;eeg_pright_sampent_full_change_precond;eeg_c_theta_mean_full_change_precond"
2025-11-26 18:11:00.427487,9,"stress_label",5,2,0.0625,0.608974358974359,0.615384615384615,NA,5,"top5","eeg_tleft_sampent_full_change_precond;eeg_tleft_halpha_mean_full_change_precond;eeg_tleft_lalpha_mean_full_change_precond;eeg_pright_sampent_full_change_precond;eeg_c_theta_mean_full_change_precond"
2025-11-26 18:11:01.121832,9,"stress_label",5,4,0.0625,0.602564102564103,0.596153846153846,0.543589743589744,5,"top5","eeg_tleft_sampent_full_change_precond;eeg_tleft_halpha_mean_full_change_precond;eeg_tleft_lalpha_mean_full_change_precond;eeg_pright_sampent_full_change_precond;eeg_c_theta_mean_full_change_precond"
2025-11-26 18:11:01.748607,9,"stress_label",5,8,0.0625,0.583333333333333,0.602564102564103,0.526495726495727,5,"top5","eeg_tleft_sampent_full_change_precond;eeg_tleft_halpha_mean_full_change_precond;eeg_tleft_lalpha_mean_full_change_precond;eeg_pright_sampent_full_change_precond;eeg_c_theta_mean_full_change_precond"
2025-11-26 18:11:02.576295,9,"stress_label",5,16,0.0625,0.576923076923077,0.57051282051282,NA,5,"top5","eeg_tleft_sampent_full_change_precond;eeg_tleft_halpha_mean_full_change_precond;eeg_tleft_lalpha_mean_full_change_precond;eeg_pright_sampent_full_change_precond;eeg_c_theta_mean_full_change_precond"
2025-11-26 18:11:03.415702,9,"stress_label",5,32,0.0625,0.602564102564103,0.58974358974359,NA,5,"top5","eeg_tleft_sampent_full_change_precond;eeg_tleft_halpha_mean_full_change_precond;eeg_tleft_lalpha_mean_full_change_precond;eeg_pright_sampent_full_change_precond;eeg_c_theta_mean_full_change_precond"
2025-11-26 18:11:04.385651,9,"stress_label",5,64,0.0625,0.564102564102564,0.544871794871795,NA,5,"top5","eeg_tleft_sampent_full_change_precond;eeg_tleft_halpha_mean_full_change_precond;eeg_tleft_lalpha_mean_full_change_precond;eeg_pright_sampent_full_change_precond;eeg_c_theta_mean_full_change_precond"
2025-11-26 18:11:05.324179,9,"stress_label",5,128,0.0625,0.532051282051282,0.448717948717949,NA,5,"top5","eeg_tleft_sampent_full_change_precond;eeg_tleft_halpha_mean_full_change_precond;eeg_tleft_lalpha_mean_full_change_precond;eeg_pright_sampent_full_change_precond;eeg_c_theta_mean_full_change_precond"
2025-11-26 18:11:06.575175,9,"stress_label",5,256,0.0625,0.487179487179487,0.435897435897436,NA,5,"top5","eeg_tleft_sampent_full_change_precond;eeg_tleft_halpha_mean_full_change_precond;eeg_tleft_lalpha_mean_full_change_precond;eeg_pright_sampent_full_change_precond;eeg_c_theta_mean_full_change_precond"
2025-11-26 18:11:07.310856,9,"stress_label",5,2,0.125,0.576923076923077,0.602564102564103,NA,5,"top5","eeg_tleft_sampent_full_change_precond;eeg_tleft_halpha_mean_full_change_precond;eeg_tleft_lalpha_mean_full_change_precond;eeg_pright_sampent_full_change_precond;eeg_c_theta_mean_full_change_precond"
2025-11-26 18:11:08.027894,9,"stress_label",5,4,0.125,0.551282051282051,0.58974358974359,NA,5,"top5","eeg_tleft_sampent_full_change_precond;eeg_tleft_halpha_mean_full_change_precond;eeg_tleft_lalpha_mean_full_change_precond;eeg_pright_sampent_full_change_precond;eeg_c_theta_mean_full_change_precond"
2025-11-26 18:11:08.877007,9,"stress_label",5,8,0.125,0.57051282051282,0.576923076923077,NA,5,"top5","eeg_tleft_sampent_full_change_precond;eeg_tleft_halpha_mean_full_change_precond;eeg_tleft_lalpha_mean_full_change_precond;eeg_pright_sampent_full_change_precond;eeg_c_theta_mean_full_change_precond"
2025-11-26 18:11:09.655108,9,"stress_label",5,16,0.125,0.564102564102564,0.564102564102564,NA,5,"top5","eeg_tleft_sampent_full_change_precond;eeg_tleft_halpha_mean_full_change_precond;eeg_tleft_lalpha_mean_full_change_precond;eeg_pright_sampent_full_change_precond;eeg_c_theta_mean_full_change_precond"
2025-11-26 18:11:10.481732,9,"stress_label",5,32,0.125,0.506410256410256,0.525641025641026,NA,5,"top5","eeg_tleft_sampent_full_change_precond;eeg_tleft_halpha_mean_full_change_precond;eeg_tleft_lalpha_mean_full_change_precond;eeg_pright_sampent_full_change_precond;eeg_c_theta_mean_full_change_precond"
2025-11-26 18:11:11.446884,9,"stress_label",5,64,0.125,0.455128205128205,0.442307692307692,NA,5,"top5","eeg_tleft_sampent_full_change_precond;eeg_tleft_halpha_mean_full_change_precond;eeg_tleft_lalpha_mean_full_change_precond;eeg_pright_sampent_full_change_precond;eeg_c_theta_mean_full_change_precond"
2025-11-26 18:11:12.577528,9,"stress_label",5,128,0.125,0.461538461538462,0.423076923076923,NA,5,"top5","eeg_tleft_sampent_full_change_precond;eeg_tleft_halpha_mean_full_change_precond;eeg_tleft_lalpha_mean_full_change_precond;eeg_pright_sampent_full_change_precond;eeg_c_theta_mean_full_change_precond"
2025-11-26 18:11:14.091211,9,"stress_label",5,256,0.125,0.461538461538462,0.493589743589744,NA,5,"top5","eeg_tleft_sampent_full_change_precond;eeg_tleft_halpha_mean_full_change_precond;eeg_tleft_lalpha_mean_full_change_precond;eeg_pright_sampent_full_change_precond;eeg_c_theta_mean_full_change_precond"
2025-11-26 18:11:14.902169,9,"stress_label",5,2,0.03,0.602564102564103,0.634615384615385,0.554700854700855,5,"top5","eeg_tleft_sampent_full_change_precond;eeg_tleft_halpha_mean_full_change_precond;eeg_tleft_lalpha_mean_full_change_precond;eeg_pright_sampent_full_change_precond;eeg_c_theta_mean_full_change_precond"
2025-11-26 18:11:15.660091,9,"stress_label",5,4,0.03,0.615384615384615,0.628205128205128,0.571794871794872,5,"top5","eeg_tleft_sampent_full_change_precond;eeg_tleft_halpha_mean_full_change_precond;eeg_tleft_lalpha_mean_full_change_precond;eeg_pright_sampent_full_change_precond;eeg_c_theta_mean_full_change_precond"
2025-11-26 18:11:16.463451,9,"stress_label",5,8,0.03,0.602564102564103,0.615384615384615,0.552136752136752,5,"top5","eeg_tleft_sampent_full_change_precond;eeg_tleft_halpha_mean_full_change_precond;eeg_tleft_lalpha_mean_full_change_precond;eeg_pright_sampent_full_change_precond;eeg_c_theta_mean_full_change_precond"
2025-11-26 18:11:17.267278,9,"stress_label",5,16,0.03,0.602564102564103,0.596153846153846,0.543589743589744,5,"top5","eeg_tleft_sampent_full_change_precond;eeg_tleft_halpha_mean_full_change_precond;eeg_tleft_lalpha_mean_full_change_precond;eeg_pright_sampent_full_change_precond;eeg_c_theta_mean_full_change_precond"
2025-11-26 18:11:18.10205,9,"stress_label",5,32,0.03,0.596153846153846,0.602564102564103,0.530769230769231,5,"top5","eeg_tleft_sampent_full_change_precond;eeg_tleft_halpha_mean_full_change_precond;eeg_tleft_lalpha_mean_full_change_precond;eeg_pright_sampent_full_change_precond;eeg_c_theta_mean_full_change_precond"
2025-11-26 18:11:18.895396,9,"stress_label",5,64,0.03,0.583333333333333,0.564102564102564,0.532478632478632,5,"top5","eeg_tleft_sampent_full_change_precond;eeg_tleft_halpha_mean_full_change_precond;eeg_tleft_lalpha_mean_full_change_precond;eeg_pright_sampent_full_change_precond;eeg_c_theta_mean_full_change_precond"
2025-11-26 18:11:19.813293,9,"stress_label",5,128,0.03,0.602564102564103,0.615384615384615,NA,5,"top5","eeg_tleft_sampent_full_change_precond;eeg_tleft_halpha_mean_full_change_precond;eeg_tleft_lalpha_mean_full_change_precond;eeg_pright_sampent_full_change_precond;eeg_c_theta_mean_full_change_precond"
2025-11-26 18:11:20.912953,9,"stress_label",5,256,0.03,0.596153846153846,0.596153846153846,NA,5,"top5","eeg_tleft_sampent_full_change_precond;eeg_tleft_halpha_mean_full_change_precond;eeg_tleft_lalpha_mean_full_change_precond;eeg_pright_sampent_full_change_precond;eeg_c_theta_mean_full_change_precond"
2025-11-26 18:11:21.66665,9,"stress_label",5,2,0.06,0.602564102564103,0.608974358974359,0.541880341880342,5,"top5","eeg_tleft_sampent_full_change_precond;eeg_tleft_halpha_mean_full_change_precond;eeg_tleft_lalpha_mean_full_change_precond;eeg_pright_sampent_full_change_precond;eeg_c_theta_mean_full_change_precond"
2025-11-26 18:11:22.427224,9,"stress_label",5,4,0.06,0.602564102564103,0.58974358974359,0.543589743589744,5,"top5","eeg_tleft_sampent_full_change_precond;eeg_tleft_halpha_mean_full_change_precond;eeg_tleft_lalpha_mean_full_change_precond;eeg_pright_sampent_full_change_precond;eeg_c_theta_mean_full_change_precond"
2025-11-26 18:11:23.184134,9,"stress_label",5,8,0.06,0.583333333333333,0.602564102564103,0.526495726495727,5,"top5","eeg_tleft_sampent_full_change_precond;eeg_tleft_halpha_mean_full_change_precond;eeg_tleft_lalpha_mean_full_change_precond;eeg_pright_sampent_full_change_precond;eeg_c_theta_mean_full_change_precond"
2025-11-26 18:11:23.98329,9,"stress_label",5,16,0.06,0.576923076923077,0.58974358974359,NA,5,"top5","eeg_tleft_sampent_full_change_precond;eeg_tleft_halpha_mean_full_change_precond;eeg_tleft_lalpha_mean_full_change_precond;eeg_pright_sampent_full_change_precond;eeg_c_theta_mean_full_change_precond"
2025-11-26 18:11:24.862616,9,"stress_label",5,32,0.06,0.58974358974359,0.602564102564103,NA,5,"top5","eeg_tleft_sampent_full_change_precond;eeg_tleft_halpha_mean_full_change_precond;eeg_tleft_lalpha_mean_full_change_precond;eeg_pright_sampent_full_change_precond;eeg_c_theta_mean_full_change_precond"
2025-11-26 18:11:25.718316,9,"stress_label",5,64,0.06,0.57051282051282,0.519230769230769,NA,5,"top5","eeg_tleft_sampent_full_change_precond;eeg_tleft_halpha_mean_full_change_precond;eeg_tleft_lalpha_mean_full_change_precond;eeg_pright_sampent_full_change_precond;eeg_c_theta_mean_full_change_precond"
2025-11-26 18:11:26.796556,9,"stress_label",5,128,0.06,0.532051282051282,0.519230769230769,NA,5,"top5","eeg_tleft_sampent_full_change_precond;eeg_tleft_halpha_mean_full_change_precond;eeg_tleft_lalpha_mean_full_change_precond;eeg_pright_sampent_full_change_precond;eeg_c_theta_mean_full_change_precond"
2025-11-26 18:11:28.054214,9,"stress_label",5,256,0.06,0.487179487179487,0.493589743589744,NA,5,"top5","eeg_tleft_sampent_full_change_precond;eeg_tleft_halpha_mean_full_change_precond;eeg_tleft_lalpha_mean_full_change_precond;eeg_pright_sampent_full_change_precond;eeg_c_theta_mean_full_change_precond"
2025-11-26 18:11:28.826587,9,"stress_label",5,2,0.1,0.602564102564103,0.602564102564103,NA,5,"top5","eeg_tleft_sampent_full_change_precond;eeg_tleft_halpha_mean_full_change_precond;eeg_tleft_lalpha_mean_full_change_precond;eeg_pright_sampent_full_change_precond;eeg_c_theta_mean_full_change_precond"
2025-11-26 18:11:29.592595,9,"stress_label",5,4,0.1,0.583333333333333,0.58974358974359,0.526495726495727,5,"top5","eeg_tleft_sampent_full_change_precond;eeg_tleft_halpha_mean_full_change_precond;eeg_tleft_lalpha_mean_full_change_precond;eeg_pright_sampent_full_change_precond;eeg_c_theta_mean_full_change_precond"
2025-11-26 18:11:30.360029,9,"stress_label",5,8,0.1,0.57051282051282,0.583333333333333,NA,5,"top5","eeg_tleft_sampent_full_change_precond;eeg_tleft_halpha_mean_full_change_precond;eeg_tleft_lalpha_mean_full_change_precond;eeg_pright_sampent_full_change_precond;eeg_c_theta_mean_full_change_precond"
2025-11-26 18:11:31.199932,9,"stress_label",5,16,0.1,0.583333333333333,0.58974358974359,NA,5,"top5","eeg_tleft_sampent_full_change_precond;eeg_tleft_halpha_mean_full_change_precond;eeg_tleft_lalpha_mean_full_change_precond;eeg_pright_sampent_full_change_precond;eeg_c_theta_mean_full_change_precond"
2025-11-26 18:11:32.043908,9,"stress_label",5,32,0.1,0.551282051282051,0.525641025641026,NA,5,"top5","eeg_tleft_sampent_full_change_precond;eeg_tleft_halpha_mean_full_change_precond;eeg_tleft_lalpha_mean_full_change_precond;eeg_pright_sampent_full_change_precond;eeg_c_theta_mean_full_change_precond"
2025-11-26 18:11:33.023122,9,"stress_label",5,64,0.1,0.480769230769231,0.435897435897436,NA,5,"top5","eeg_tleft_sampent_full_change_precond;eeg_tleft_halpha_mean_full_change_precond;eeg_tleft_lalpha_mean_full_change_precond;eeg_pright_sampent_full_change_precond;eeg_c_theta_mean_full_change_precond"
2025-11-26 18:11:34.152403,9,"stress_label",5,128,0.1,0.461538461538462,0.519230769230769,NA,5,"top5","eeg_tleft_sampent_full_change_precond;eeg_tleft_halpha_mean_full_change_precond;eeg_tleft_lalpha_mean_full_change_precond;eeg_pright_sampent_full_change_precond;eeg_c_theta_mean_full_change_precond"
2025-11-26 18:11:35.5444,9,"stress_label",5,256,0.1,0.455128205128205,0.455128205128205,NA,5,"top5","eeg_tleft_sampent_full_change_precond;eeg_tleft_halpha_mean_full_change_precond;eeg_tleft_lalpha_mean_full_change_precond;eeg_pright_sampent_full_change_precond;eeg_c_theta_mean_full_change_precond"
2025-11-26 18:11:36.748787,10,"stress_label",20,2,0.0078125,0.564102564102564,0.621794871794872,0.531623931623932,20,"top20","eeg_tleft_sampent_full_change_precond;eeg_t_sampent_full_change_precond;eeg_tleft_halpha_mean_full_change_precond;eeg_c_theta_mean_full_change_precond;pupil_dilation_sd_full_change_precond;gsr_skin_conductance_eda_tonic_mean_nk_full_change_precond;eeg_pright_sampent_full_change_precond;eeg_tleft_lalpha_mean_full_change_precond;eeg_fm_theta_mean_full_change_precond;eeg_fl_hbeta_mean_full_change_precond;hrv_rmssd_full_change_precond;eeg_fr_sampent_full_change_precond;eeg_c_specent_full_change_precond;eeg_tleft_hbeta_mean_full_change_precond;eeg_c_sampent_full_change_precond;eeg_tright_halpha_mean_full_change_precond;hr_heartrate_bpm_med_abs_full_change_precond;pupil_asymmetry_full_change_precond;eeg_pleft_lbeta_mean_full_change_precond;eeg_fm_sampent_full_change_precond"
2025-11-26 18:11:37.788812,10,"stress_label",20,4,0.0078125,0.57051282051282,0.596153846153846,0.546153846153846,20,"top20","eeg_tleft_sampent_full_change_precond;eeg_t_sampent_full_change_precond;eeg_tleft_halpha_mean_full_change_precond;eeg_c_theta_mean_full_change_precond;pupil_dilation_sd_full_change_precond;gsr_skin_conductance_eda_tonic_mean_nk_full_change_precond;eeg_pright_sampent_full_change_precond;eeg_tleft_lalpha_mean_full_change_precond;eeg_fm_theta_mean_full_change_precond;eeg_fl_hbeta_mean_full_change_precond;hrv_rmssd_full_change_precond;eeg_fr_sampent_full_change_precond;eeg_c_specent_full_change_precond;eeg_tleft_hbeta_mean_full_change_precond;eeg_c_sampent_full_change_precond;eeg_tright_halpha_mean_full_change_precond;hr_heartrate_bpm_med_abs_full_change_precond;pupil_asymmetry_full_change_precond;eeg_pleft_lbeta_mean_full_change_precond;eeg_fm_sampent_full_change_precond"
2025-11-26 18:11:38.631977,10,"stress_label",20,8,0.0078125,0.576923076923077,0.602564102564103,NA,20,"top20","eeg_tleft_sampent_full_change_precond;eeg_t_sampent_full_change_precond;eeg_tleft_halpha_mean_full_change_precond;eeg_c_theta_mean_full_change_precond;pupil_dilation_sd_full_change_precond;gsr_skin_conductance_eda_tonic_mean_nk_full_change_precond;eeg_pright_sampent_full_change_precond;eeg_tleft_lalpha_mean_full_change_precond;eeg_fm_theta_mean_full_change_precond;eeg_fl_hbeta_mean_full_change_precond;hrv_rmssd_full_change_precond;eeg_fr_sampent_full_change_precond;eeg_c_specent_full_change_precond;eeg_tleft_hbeta_mean_full_change_precond;eeg_c_sampent_full_change_precond;eeg_tright_halpha_mean_full_change_precond;hr_heartrate_bpm_med_abs_full_change_precond;pupil_asymmetry_full_change_precond;eeg_pleft_lbeta_mean_full_change_precond;eeg_fm_sampent_full_change_precond"
2025-11-26 18:11:39.624946,10,"stress_label",20,16,0.0078125,0.551282051282051,0.576923076923077,0.539316239316239,20,"top20","eeg_tleft_sampent_full_change_precond;eeg_t_sampent_full_change_precond;eeg_tleft_halpha_mean_full_change_precond;eeg_c_theta_mean_full_change_precond;pupil_dilation_sd_full_change_precond;gsr_skin_conductance_eda_tonic_mean_nk_full_change_precond;eeg_pright_sampent_full_change_precond;eeg_tleft_lalpha_mean_full_change_precond;eeg_fm_theta_mean_full_change_precond;eeg_fl_hbeta_mean_full_change_precond;hrv_rmssd_full_change_precond;eeg_fr_sampent_full_change_precond;eeg_c_specent_full_change_precond;eeg_tleft_hbeta_mean_full_change_precond;eeg_c_sampent_full_change_precond;eeg_tright_halpha_mean_full_change_precond;hr_heartrate_bpm_med_abs_full_change_precond;pupil_asymmetry_full_change_precond;eeg_pleft_lbeta_mean_full_change_precond;eeg_fm_sampent_full_change_precond"
2025-11-26 18:11:40.667008,10,"stress_label",20,32,0.0078125,0.564102564102564,0.57051282051282,0.551282051282051,20,"top20","eeg_tleft_sampent_full_change_precond;eeg_t_sampent_full_change_precond;eeg_tleft_halpha_mean_full_change_precond;eeg_c_theta_mean_full_change_precond;pupil_dilation_sd_full_change_precond;gsr_skin_conductance_eda_tonic_mean_nk_full_change_precond;eeg_pright_sampent_full_change_precond;eeg_tleft_lalpha_mean_full_change_precond;eeg_fm_theta_mean_full_change_precond;eeg_fl_hbeta_mean_full_change_precond;hrv_rmssd_full_change_precond;eeg_fr_sampent_full_change_precond;eeg_c_specent_full_change_precond;eeg_tleft_hbeta_mean_full_change_precond;eeg_c_sampent_full_change_precond;eeg_tright_halpha_mean_full_change_precond;hr_heartrate_bpm_med_abs_full_change_precond;pupil_asymmetry_full_change_precond;eeg_pleft_lbeta_mean_full_change_precond;eeg_fm_sampent_full_change_precond"
2025-11-26 18:11:41.707712,10,"stress_label",20,64,0.0078125,0.532051282051282,0.538461538461538,NA,20,"top20","eeg_tleft_sampent_full_change_precond;eeg_t_sampent_full_change_precond;eeg_tleft_halpha_mean_full_change_precond;eeg_c_theta_mean_full_change_precond;pupil_dilation_sd_full_change_precond;gsr_skin_conductance_eda_tonic_mean_nk_full_change_precond;eeg_pright_sampent_full_change_precond;eeg_tleft_lalpha_mean_full_change_precond;eeg_fm_theta_mean_full_change_precond;eeg_fl_hbeta_mean_full_change_precond;hrv_rmssd_full_change_precond;eeg_fr_sampent_full_change_precond;eeg_c_specent_full_change_precond;eeg_tleft_hbeta_mean_full_change_precond;eeg_c_sampent_full_change_precond;eeg_tright_halpha_mean_full_change_precond;hr_heartrate_bpm_med_abs_full_change_precond;pupil_asymmetry_full_change_precond;eeg_pleft_lbeta_mean_full_change_precond;eeg_fm_sampent_full_change_precond"
2025-11-26 18:11:43.039181,10,"stress_label",20,128,0.0078125,0.532051282051282,0.506410256410256,NA,20,"top20","eeg_tleft_sampent_full_change_precond;eeg_t_sampent_full_change_precond;eeg_tleft_halpha_mean_full_change_precond;eeg_c_theta_mean_full_change_precond;pupil_dilation_sd_full_change_precond;gsr_skin_conductance_eda_tonic_mean_nk_full_change_precond;eeg_pright_sampent_full_change_precond;eeg_tleft_lalpha_mean_full_change_precond;eeg_fm_theta_mean_full_change_precond;eeg_fl_hbeta_mean_full_change_precond;hrv_rmssd_full_change_precond;eeg_fr_sampent_full_change_precond;eeg_c_specent_full_change_precond;eeg_tleft_hbeta_mean_full_change_precond;eeg_c_sampent_full_change_precond;eeg_tright_halpha_mean_full_change_precond;hr_heartrate_bpm_med_abs_full_change_precond;pupil_asymmetry_full_change_precond;eeg_pleft_lbeta_mean_full_change_precond;eeg_fm_sampent_full_change_precond"
2025-11-26 18:11:44.587658,10,"stress_label",20,256,0.0078125,0.557692307692308,0.57051282051282,0.543589743589744,20,"top20","eeg_tleft_sampent_full_change_precond;eeg_t_sampent_full_change_precond;eeg_tleft_halpha_mean_full_change_precond;eeg_c_theta_mean_full_change_precond;pupil_dilation_sd_full_change_precond;gsr_skin_conductance_eda_tonic_mean_nk_full_change_precond;eeg_pright_sampent_full_change_precond;eeg_tleft_lalpha_mean_full_change_precond;eeg_fm_theta_mean_full_change_precond;eeg_fl_hbeta_mean_full_change_precond;hrv_rmssd_full_change_precond;eeg_fr_sampent_full_change_precond;eeg_c_specent_full_change_precond;eeg_tleft_hbeta_mean_full_change_precond;eeg_c_sampent_full_change_precond;eeg_tright_halpha_mean_full_change_precond;hr_heartrate_bpm_med_abs_full_change_precond;pupil_asymmetry_full_change_precond;eeg_pleft_lbeta_mean_full_change_precond;eeg_fm_sampent_full_change_precond"
2025-11-26 18:11:45.577071,10,"stress_label",20,2,0.015625,0.57051282051282,0.621794871794872,0.546153846153846,20,"top20","eeg_tleft_sampent_full_change_precond;eeg_t_sampent_full_change_precond;eeg_tleft_halpha_mean_full_change_precond;eeg_c_theta_mean_full_change_precond;pupil_dilation_sd_full_change_precond;gsr_skin_conductance_eda_tonic_mean_nk_full_change_precond;eeg_pright_sampent_full_change_precond;eeg_tleft_lalpha_mean_full_change_precond;eeg_fm_theta_mean_full_change_precond;eeg_fl_hbeta_mean_full_change_precond;hrv_rmssd_full_change_precond;eeg_fr_sampent_full_change_precond;eeg_c_specent_full_change_precond;eeg_tleft_hbeta_mean_full_change_precond;eeg_c_sampent_full_change_precond;eeg_tright_halpha_mean_full_change_precond;hr_heartrate_bpm_med_abs_full_change_precond;pupil_asymmetry_full_change_precond;eeg_pleft_lbeta_mean_full_change_precond;eeg_fm_sampent_full_change_precond"
2025-11-26 18:11:46.524961,10,"stress_label",20,4,0.015625,0.557692307692308,0.602564102564103,NA,20,"top20","eeg_tleft_sampent_full_change_precond;eeg_t_sampent_full_change_precond;eeg_tleft_halpha_mean_full_change_precond;eeg_c_theta_mean_full_change_precond;pupil_dilation_sd_full_change_precond;gsr_skin_conductance_eda_tonic_mean_nk_full_change_precond;eeg_pright_sampent_full_change_precond;eeg_tleft_lalpha_mean_full_change_precond;eeg_fm_theta_mean_full_change_precond;eeg_fl_hbeta_mean_full_change_precond;hrv_rmssd_full_change_precond;eeg_fr_sampent_full_change_precond;eeg_c_specent_full_change_precond;eeg_tleft_hbeta_mean_full_change_precond;eeg_c_sampent_full_change_precond;eeg_tright_halpha_mean_full_change_precond;hr_heartrate_bpm_med_abs_full_change_precond;pupil_asymmetry_full_change_precond;eeg_pleft_lbeta_mean_full_change_precond;eeg_fm_sampent_full_change_precond"
2025-11-26 18:11:47.572209,10,"stress_label",20,8,0.015625,0.564102564102564,0.602564102564103,0.54957264957265,20,"top20","eeg_tleft_sampent_full_change_precond;eeg_t_sampent_full_change_precond;eeg_tleft_halpha_mean_full_change_precond;eeg_c_theta_mean_full_change_precond;pupil_dilation_sd_full_change_precond;gsr_skin_conductance_eda_tonic_mean_nk_full_change_precond;eeg_pright_sampent_full_change_precond;eeg_tleft_lalpha_mean_full_change_precond;eeg_fm_theta_mean_full_change_precond;eeg_fl_hbeta_mean_full_change_precond;hrv_rmssd_full_change_precond;eeg_fr_sampent_full_change_precond;eeg_c_specent_full_change_precond;eeg_tleft_hbeta_mean_full_change_precond;eeg_c_sampent_full_change_precond;eeg_tright_halpha_mean_full_change_precond;hr_heartrate_bpm_med_abs_full_change_precond;pupil_asymmetry_full_change_precond;eeg_pleft_lbeta_mean_full_change_precond;eeg_fm_sampent_full_change_precond"
2025-11-26 18:11:48.578262,10,"stress_label",20,16,0.015625,0.564102564102564,0.557692307692308,NA,20,"top20","eeg_tleft_sampent_full_change_precond;eeg_t_sampent_full_change_precond;eeg_tleft_halpha_mean_full_change_precond;eeg_c_theta_mean_full_change_precond;pupil_dilation_sd_full_change_precond;gsr_skin_conductance_eda_tonic_mean_nk_full_change_precond;eeg_pright_sampent_full_change_precond;eeg_tleft_lalpha_mean_full_change_precond;eeg_fm_theta_mean_full_change_precond;eeg_fl_hbeta_mean_full_change_precond;hrv_rmssd_full_change_precond;eeg_fr_sampent_full_change_precond;eeg_c_specent_full_change_precond;eeg_tleft_hbeta_mean_full_change_precond;eeg_c_sampent_full_change_precond;eeg_tright_halpha_mean_full_change_precond;hr_heartrate_bpm_med_abs_full_change_precond;pupil_asymmetry_full_change_precond;eeg_pleft_lbeta_mean_full_change_precond;eeg_fm_sampent_full_change_precond"
2025-11-26 18:11:49.544855,10,"stress_label",20,32,0.015625,0.532051282051282,0.474358974358974,NA,20,"top20","eeg_tleft_sampent_full_change_precond;eeg_t_sampent_full_change_precond;eeg_tleft_halpha_mean_full_change_precond;eeg_c_theta_mean_full_change_precond;pupil_dilation_sd_full_change_precond;gsr_skin_conductance_eda_tonic_mean_nk_full_change_precond;eeg_pright_sampent_full_change_precond;eeg_tleft_lalpha_mean_full_change_precond;eeg_fm_theta_mean_full_change_precond;eeg_fl_hbeta_mean_full_change_precond;hrv_rmssd_full_change_precond;eeg_fr_sampent_full_change_precond;eeg_c_specent_full_change_precond;eeg_tleft_hbeta_mean_full_change_precond;eeg_c_sampent_full_change_precond;eeg_tright_halpha_mean_full_change_precond;hr_heartrate_bpm_med_abs_full_change_precond;pupil_asymmetry_full_change_precond;eeg_pleft_lbeta_mean_full_change_precond;eeg_fm_sampent_full_change_precond"
2025-11-26 18:11:50.713824,10,"stress_label",20,64,0.015625,0.564102564102564,0.532051282051282,NA,20,"top20","eeg_tleft_sampent_full_change_precond;eeg_t_sampent_full_change_precond;eeg_tleft_halpha_mean_full_change_precond;eeg_c_theta_mean_full_change_precond;pupil_dilation_sd_full_change_precond;gsr_skin_conductance_eda_tonic_mean_nk_full_change_precond;eeg_pright_sampent_full_change_precond;eeg_tleft_lalpha_mean_full_change_precond;eeg_fm_theta_mean_full_change_precond;eeg_fl_hbeta_mean_full_change_precond;hrv_rmssd_full_change_precond;eeg_fr_sampent_full_change_precond;eeg_c_specent_full_change_precond;eeg_tleft_hbeta_mean_full_change_precond;eeg_c_sampent_full_change_precond;eeg_tright_halpha_mean_full_change_precond;hr_heartrate_bpm_med_abs_full_change_precond;pupil_asymmetry_full_change_precond;eeg_pleft_lbeta_mean_full_change_precond;eeg_fm_sampent_full_change_precond"
2025-11-26 18:11:52.086043,10,"stress_label",20,128,0.015625,0.576923076923077,0.564102564102564,NA,20,"top20","eeg_tleft_sampent_full_change_precond;eeg_t_sampent_full_change_precond;eeg_tleft_halpha_mean_full_change_precond;eeg_c_theta_mean_full_change_precond;pupil_dilation_sd_full_change_precond;gsr_skin_conductance_eda_tonic_mean_nk_full_change_precond;eeg_pright_sampent_full_change_precond;eeg_tleft_lalpha_mean_full_change_precond;eeg_fm_theta_mean_full_change_precond;eeg_fl_hbeta_mean_full_change_precond;hrv_rmssd_full_change_precond;eeg_fr_sampent_full_change_precond;eeg_c_specent_full_change_precond;eeg_tleft_hbeta_mean_full_change_precond;eeg_c_sampent_full_change_precond;eeg_tright_halpha_mean_full_change_precond;hr_heartrate_bpm_med_abs_full_change_precond;pupil_asymmetry_full_change_precond;eeg_pleft_lbeta_mean_full_change_precond;eeg_fm_sampent_full_change_precond"
2025-11-26 18:11:53.311792,10,"stress_label",20,256,0.015625,0.576923076923077,0.557692307692308,0.558119658119658,20,"top20","eeg_tleft_sampent_full_change_precond;eeg_t_sampent_full_change_precond;eeg_tleft_halpha_mean_full_change_precond;eeg_c_theta_mean_full_change_precond;pupil_dilation_sd_full_change_precond;gsr_skin_conductance_eda_tonic_mean_nk_full_change_precond;eeg_pright_sampent_full_change_precond;eeg_tleft_lalpha_mean_full_change_precond;eeg_fm_theta_mean_full_change_precond;eeg_fl_hbeta_mean_full_change_precond;hrv_rmssd_full_change_precond;eeg_fr_sampent_full_change_precond;eeg_c_specent_full_change_precond;eeg_tleft_hbeta_mean_full_change_precond;eeg_c_sampent_full_change_precond;eeg_tright_halpha_mean_full_change_precond;hr_heartrate_bpm_med_abs_full_change_precond;pupil_asymmetry_full_change_precond;eeg_pleft_lbeta_mean_full_change_precond;eeg_fm_sampent_full_change_precond"
2025-11-26 18:11:54.348129,10,"stress_label",20,2,0.03125,0.564102564102564,0.602564102564103,NA,20,"top20","eeg_tleft_sampent_full_change_precond;eeg_t_sampent_full_change_precond;eeg_tleft_halpha_mean_full_change_precond;eeg_c_theta_mean_full_change_precond;pupil_dilation_sd_full_change_precond;gsr_skin_conductance_eda_tonic_mean_nk_full_change_precond;eeg_pright_sampent_full_change_precond;eeg_tleft_lalpha_mean_full_change_precond;eeg_fm_theta_mean_full_change_precond;eeg_fl_hbeta_mean_full_change_precond;hrv_rmssd_full_change_precond;eeg_fr_sampent_full_change_precond;eeg_c_specent_full_change_precond;eeg_tleft_hbeta_mean_full_change_precond;eeg_c_sampent_full_change_precond;eeg_tright_halpha_mean_full_change_precond;hr_heartrate_bpm_med_abs_full_change_precond;pupil_asymmetry_full_change_precond;eeg_pleft_lbeta_mean_full_change_precond;eeg_fm_sampent_full_change_precond"
2025-11-26 18:11:55.424577,10,"stress_label",20,4,0.03125,0.576923076923077,0.608974358974359,NA,20,"top20","eeg_tleft_sampent_full_change_precond;eeg_t_sampent_full_change_precond;eeg_tleft_halpha_mean_full_change_precond;eeg_c_theta_mean_full_change_precond;pupil_dilation_sd_full_change_precond;gsr_skin_conductance_eda_tonic_mean_nk_full_change_precond;eeg_pright_sampent_full_change_precond;eeg_tleft_lalpha_mean_full_change_precond;eeg_fm_theta_mean_full_change_precond;eeg_fl_hbeta_mean_full_change_precond;hrv_rmssd_full_change_precond;eeg_fr_sampent_full_change_precond;eeg_c_specent_full_change_precond;eeg_tleft_hbeta_mean_full_change_precond;eeg_c_sampent_full_change_precond;eeg_tright_halpha_mean_full_change_precond;hr_heartrate_bpm_med_abs_full_change_precond;pupil_asymmetry_full_change_precond;eeg_pleft_lbeta_mean_full_change_precond;eeg_fm_sampent_full_change_precond"
2025-11-26 18:11:56.555902,10,"stress_label",20,8,0.03125,0.564102564102564,0.538461538461538,0.535042735042735,20,"top20","eeg_tleft_sampent_full_change_precond;eeg_t_sampent_full_change_precond;eeg_tleft_halpha_mean_full_change_precond;eeg_c_theta_mean_full_change_precond;pupil_dilation_sd_full_change_precond;gsr_skin_conductance_eda_tonic_mean_nk_full_change_precond;eeg_pright_sampent_full_change_precond;eeg_tleft_lalpha_mean_full_change_precond;eeg_fm_theta_mean_full_change_precond;eeg_fl_hbeta_mean_full_change_precond;hrv_rmssd_full_change_precond;eeg_fr_sampent_full_change_precond;eeg_c_specent_full_change_precond;eeg_tleft_hbeta_mean_full_change_precond;eeg_c_sampent_full_change_precond;eeg_tright_halpha_mean_full_change_precond;hr_heartrate_bpm_med_abs_full_change_precond;pupil_asymmetry_full_change_precond;eeg_pleft_lbeta_mean_full_change_precond;eeg_fm_sampent_full_change_precond"
2025-11-26 18:11:57.732307,10,"stress_label",20,16,0.03125,0.557692307692308,0.557692307692308,NA,20,"top20","eeg_tleft_sampent_full_change_precond;eeg_t_sampent_full_change_precond;eeg_tleft_halpha_mean_full_change_precond;eeg_c_theta_mean_full_change_precond;pupil_dilation_sd_full_change_precond;gsr_skin_conductance_eda_tonic_mean_nk_full_change_precond;eeg_pright_sampent_full_change_precond;eeg_tleft_lalpha_mean_full_change_precond;eeg_fm_theta_mean_full_change_precond;eeg_fl_hbeta_mean_full_change_precond;hrv_rmssd_full_change_precond;eeg_fr_sampent_full_change_precond;eeg_c_specent_full_change_precond;eeg_tleft_hbeta_mean_full_change_precond;eeg_c_sampent_full_change_precond;eeg_tright_halpha_mean_full_change_precond;hr_heartrate_bpm_med_abs_full_change_precond;pupil_asymmetry_full_change_precond;eeg_pleft_lbeta_mean_full_change_precond;eeg_fm_sampent_full_change_precond"
2025-11-26 18:11:58.81037,10,"stress_label",20,32,0.03125,0.564102564102564,0.58974358974359,NA,20,"top20","eeg_tleft_sampent_full_change_precond;eeg_t_sampent_full_change_precond;eeg_tleft_halpha_mean_full_change_precond;eeg_c_theta_mean_full_change_precond;pupil_dilation_sd_full_change_precond;gsr_skin_conductance_eda_tonic_mean_nk_full_change_precond;eeg_pright_sampent_full_change_precond;eeg_tleft_lalpha_mean_full_change_precond;eeg_fm_theta_mean_full_change_precond;eeg_fl_hbeta_mean_full_change_precond;hrv_rmssd_full_change_precond;eeg_fr_sampent_full_change_precond;eeg_c_specent_full_change_precond;eeg_tleft_hbeta_mean_full_change_precond;eeg_c_sampent_full_change_precond;eeg_tright_halpha_mean_full_change_precond;hr_heartrate_bpm_med_abs_full_change_precond;pupil_asymmetry_full_change_precond;eeg_pleft_lbeta_mean_full_change_precond;eeg_fm_sampent_full_change_precond"
2025-11-26 18:11:59.902985,10,"stress_label",20,64,0.03125,0.564102564102564,0.564102564102564,0.544444444444444,20,"top20","eeg_tleft_sampent_full_change_precond;eeg_t_sampent_full_change_precond;eeg_tleft_halpha_mean_full_change_precond;eeg_c_theta_mean_full_change_precond;pupil_dilation_sd_full_change_precond;gsr_skin_conductance_eda_tonic_mean_nk_full_change_precond;eeg_pright_sampent_full_change_precond;eeg_tleft_lalpha_mean_full_change_precond;eeg_fm_theta_mean_full_change_precond;eeg_fl_hbeta_mean_full_change_precond;hrv_rmssd_full_change_precond;eeg_fr_sampent_full_change_precond;eeg_c_specent_full_change_precond;eeg_tleft_hbeta_mean_full_change_precond;eeg_c_sampent_full_change_precond;eeg_tright_halpha_mean_full_change_precond;hr_heartrate_bpm_med_abs_full_change_precond;pupil_asymmetry_full_change_precond;eeg_pleft_lbeta_mean_full_change_precond;eeg_fm_sampent_full_change_precond"
2025-11-26 18:12:01.088926,10,"stress_label",20,128,0.03125,0.564102564102564,0.564102564102564,0.544444444444444,20,"top20","eeg_tleft_sampent_full_change_precond;eeg_t_sampent_full_change_precond;eeg_tleft_halpha_mean_full_change_precond;eeg_c_theta_mean_full_change_precond;pupil_dilation_sd_full_change_precond;gsr_skin_conductance_eda_tonic_mean_nk_full_change_precond;eeg_pright_sampent_full_change_precond;eeg_tleft_lalpha_mean_full_change_precond;eeg_fm_theta_mean_full_change_precond;eeg_fl_hbeta_mean_full_change_precond;hrv_rmssd_full_change_precond;eeg_fr_sampent_full_change_precond;eeg_c_specent_full_change_precond;eeg_tleft_hbeta_mean_full_change_precond;eeg_c_sampent_full_change_precond;eeg_tright_halpha_mean_full_change_precond;hr_heartrate_bpm_med_abs_full_change_precond;pupil_asymmetry_full_change_precond;eeg_pleft_lbeta_mean_full_change_precond;eeg_fm_sampent_full_change_precond"
2025-11-26 18:12:02.26971,10,"stress_label",20,256,0.03125,0.564102564102564,0.564102564102564,0.544444444444444,20,"top20","eeg_tleft_sampent_full_change_precond;eeg_t_sampent_full_change_precond;eeg_tleft_halpha_mean_full_change_precond;eeg_c_theta_mean_full_change_precond;pupil_dilation_sd_full_change_precond;gsr_skin_conductance_eda_tonic_mean_nk_full_change_precond;eeg_pright_sampent_full_change_precond;eeg_tleft_lalpha_mean_full_change_precond;eeg_fm_theta_mean_full_change_precond;eeg_fl_hbeta_mean_full_change_precond;hrv_rmssd_full_change_precond;eeg_fr_sampent_full_change_precond;eeg_c_specent_full_change_precond;eeg_tleft_hbeta_mean_full_change_precond;eeg_c_sampent_full_change_precond;eeg_tright_halpha_mean_full_change_precond;hr_heartrate_bpm_med_abs_full_change_precond;pupil_asymmetry_full_change_precond;eeg_pleft_lbeta_mean_full_change_precond;eeg_fm_sampent_full_change_precond"
2025-11-26 18:12:03.367558,10,"stress_label",20,2,0.0625,0.596153846153846,0.608974358974359,NA,20,"top20","eeg_tleft_sampent_full_change_precond;eeg_t_sampent_full_change_precond;eeg_tleft_halpha_mean_full_change_precond;eeg_c_theta_mean_full_change_precond;pupil_dilation_sd_full_change_precond;gsr_skin_conductance_eda_tonic_mean_nk_full_change_precond;eeg_pright_sampent_full_change_precond;eeg_tleft_lalpha_mean_full_change_precond;eeg_fm_theta_mean_full_change_precond;eeg_fl_hbeta_mean_full_change_precond;hrv_rmssd_full_change_precond;eeg_fr_sampent_full_change_precond;eeg_c_specent_full_change_precond;eeg_tleft_hbeta_mean_full_change_precond;eeg_c_sampent_full_change_precond;eeg_tright_halpha_mean_full_change_precond;hr_heartrate_bpm_med_abs_full_change_precond;pupil_asymmetry_full_change_precond;eeg_pleft_lbeta_mean_full_change_precond;eeg_fm_sampent_full_change_precond"
2025-11-26 18:12:04.479949,10,"stress_label",20,4,0.0625,0.557692307692308,0.58974358974359,NA,20,"top20","eeg_tleft_sampent_full_change_precond;eeg_t_sampent_full_change_precond;eeg_tleft_halpha_mean_full_change_precond;eeg_c_theta_mean_full_change_precond;pupil_dilation_sd_full_change_precond;gsr_skin_conductance_eda_tonic_mean_nk_full_change_precond;eeg_pright_sampent_full_change_precond;eeg_tleft_lalpha_mean_full_change_precond;eeg_fm_theta_mean_full_change_precond;eeg_fl_hbeta_mean_full_change_precond;hrv_rmssd_full_change_precond;eeg_fr_sampent_full_change_precond;eeg_c_specent_full_change_precond;eeg_tleft_hbeta_mean_full_change_precond;eeg_c_sampent_full_change_precond;eeg_tright_halpha_mean_full_change_precond;hr_heartrate_bpm_med_abs_full_change_precond;pupil_asymmetry_full_change_precond;eeg_pleft_lbeta_mean_full_change_precond;eeg_fm_sampent_full_change_precond"
2025-11-26 18:12:05.604869,10,"stress_label",20,8,0.0625,0.583333333333333,0.602564102564103,NA,20,"top20","eeg_tleft_sampent_full_change_precond;eeg_t_sampent_full_change_precond;eeg_tleft_halpha_mean_full_change_precond;eeg_c_theta_mean_full_change_precond;pupil_dilation_sd_full_change_precond;gsr_skin_conductance_eda_tonic_mean_nk_full_change_precond;eeg_pright_sampent_full_change_precond;eeg_tleft_lalpha_mean_full_change_precond;eeg_fm_theta_mean_full_change_precond;eeg_fl_hbeta_mean_full_change_precond;hrv_rmssd_full_change_precond;eeg_fr_sampent_full_change_precond;eeg_c_specent_full_change_precond;eeg_tleft_hbeta_mean_full_change_precond;eeg_c_sampent_full_change_precond;eeg_tright_halpha_mean_full_change_precond;hr_heartrate_bpm_med_abs_full_change_precond;pupil_asymmetry_full_change_precond;eeg_pleft_lbeta_mean_full_change_precond;eeg_fm_sampent_full_change_precond"
2025-11-26 18:12:06.77421,10,"stress_label",20,16,0.0625,0.583333333333333,0.602564102564103,0.588034188034188,20,"top20","eeg_tleft_sampent_full_change_precond;eeg_t_sampent_full_change_precond;eeg_tleft_halpha_mean_full_change_precond;eeg_c_theta_mean_full_change_precond;pupil_dilation_sd_full_change_precond;gsr_skin_conductance_eda_tonic_mean_nk_full_change_precond;eeg_pright_sampent_full_change_precond;eeg_tleft_lalpha_mean_full_change_precond;eeg_fm_theta_mean_full_change_precond;eeg_fl_hbeta_mean_full_change_precond;hrv_rmssd_full_change_precond;eeg_fr_sampent_full_change_precond;eeg_c_specent_full_change_precond;eeg_tleft_hbeta_mean_full_change_precond;eeg_c_sampent_full_change_precond;eeg_tright_halpha_mean_full_change_precond;hr_heartrate_bpm_med_abs_full_change_precond;pupil_asymmetry_full_change_precond;eeg_pleft_lbeta_mean_full_change_precond;eeg_fm_sampent_full_change_precond"
2025-11-26 18:12:07.891329,10,"stress_label",20,32,0.0625,0.583333333333333,0.602564102564103,0.588034188034188,20,"top20","eeg_tleft_sampent_full_change_precond;eeg_t_sampent_full_change_precond;eeg_tleft_halpha_mean_full_change_precond;eeg_c_theta_mean_full_change_precond;pupil_dilation_sd_full_change_precond;gsr_skin_conductance_eda_tonic_mean_nk_full_change_precond;eeg_pright_sampent_full_change_precond;eeg_tleft_lalpha_mean_full_change_precond;eeg_fm_theta_mean_full_change_precond;eeg_fl_hbeta_mean_full_change_precond;hrv_rmssd_full_change_precond;eeg_fr_sampent_full_change_precond;eeg_c_specent_full_change_precond;eeg_tleft_hbeta_mean_full_change_precond;eeg_c_sampent_full_change_precond;eeg_tright_halpha_mean_full_change_precond;hr_heartrate_bpm_med_abs_full_change_precond;pupil_asymmetry_full_change_precond;eeg_pleft_lbeta_mean_full_change_precond;eeg_fm_sampent_full_change_precond"
2025-11-26 18:12:08.872201,10,"stress_label",20,64,0.0625,0.583333333333333,0.602564102564103,0.588034188034188,20,"top20","eeg_tleft_sampent_full_change_precond;eeg_t_sampent_full_change_precond;eeg_tleft_halpha_mean_full_change_precond;eeg_c_theta_mean_full_change_precond;pupil_dilation_sd_full_change_precond;gsr_skin_conductance_eda_tonic_mean_nk_full_change_precond;eeg_pright_sampent_full_change_precond;eeg_tleft_lalpha_mean_full_change_precond;eeg_fm_theta_mean_full_change_precond;eeg_fl_hbeta_mean_full_change_precond;hrv_rmssd_full_change_precond;eeg_fr_sampent_full_change_precond;eeg_c_specent_full_change_precond;eeg_tleft_hbeta_mean_full_change_precond;eeg_c_sampent_full_change_precond;eeg_tright_halpha_mean_full_change_precond;hr_heartrate_bpm_med_abs_full_change_precond;pupil_asymmetry_full_change_precond;eeg_pleft_lbeta_mean_full_change_precond;eeg_fm_sampent_full_change_precond"
2025-11-26 18:12:09.900722,10,"stress_label",20,128,0.0625,0.583333333333333,0.602564102564103,0.588034188034188,20,"top20","eeg_tleft_sampent_full_change_precond;eeg_t_sampent_full_change_precond;eeg_tleft_halpha_mean_full_change_precond;eeg_c_theta_mean_full_change_precond;pupil_dilation_sd_full_change_precond;gsr_skin_conductance_eda_tonic_mean_nk_full_change_precond;eeg_pright_sampent_full_change_precond;eeg_tleft_lalpha_mean_full_change_precond;eeg_fm_theta_mean_full_change_precond;eeg_fl_hbeta_mean_full_change_precond;hrv_rmssd_full_change_precond;eeg_fr_sampent_full_change_precond;eeg_c_specent_full_change_precond;eeg_tleft_hbeta_mean_full_change_precond;eeg_c_sampent_full_change_precond;eeg_tright_halpha_mean_full_change_precond;hr_heartrate_bpm_med_abs_full_change_precond;pupil_asymmetry_full_change_precond;eeg_pleft_lbeta_mean_full_change_precond;eeg_fm_sampent_full_change_precond"
2025-11-26 18:12:11.035191,10,"stress_label",20,256,0.0625,0.583333333333333,0.602564102564103,0.588034188034188,20,"top20","eeg_tleft_sampent_full_change_precond;eeg_t_sampent_full_change_precond;eeg_tleft_halpha_mean_full_change_precond;eeg_c_theta_mean_full_change_precond;pupil_dilation_sd_full_change_precond;gsr_skin_conductance_eda_tonic_mean_nk_full_change_precond;eeg_pright_sampent_full_change_precond;eeg_tleft_lalpha_mean_full_change_precond;eeg_fm_theta_mean_full_change_precond;eeg_fl_hbeta_mean_full_change_precond;hrv_rmssd_full_change_precond;eeg_fr_sampent_full_change_precond;eeg_c_specent_full_change_precond;eeg_tleft_hbeta_mean_full_change_precond;eeg_c_sampent_full_change_precond;eeg_tright_halpha_mean_full_change_precond;hr_heartrate_bpm_med_abs_full_change_precond;pupil_asymmetry_full_change_precond;eeg_pleft_lbeta_mean_full_change_precond;eeg_fm_sampent_full_change_precond"
2025-11-26 18:12:12.032069,10,"stress_label",20,2,0.125,0.58974358974359,0.596153846153846,NA,20,"top20","eeg_tleft_sampent_full_change_precond;eeg_t_sampent_full_change_precond;eeg_tleft_halpha_mean_full_change_precond;eeg_c_theta_mean_full_change_precond;pupil_dilation_sd_full_change_precond;gsr_skin_conductance_eda_tonic_mean_nk_full_change_precond;eeg_pright_sampent_full_change_precond;eeg_tleft_lalpha_mean_full_change_precond;eeg_fm_theta_mean_full_change_precond;eeg_fl_hbeta_mean_full_change_precond;hrv_rmssd_full_change_precond;eeg_fr_sampent_full_change_precond;eeg_c_specent_full_change_precond;eeg_tleft_hbeta_mean_full_change_precond;eeg_c_sampent_full_change_precond;eeg_tright_halpha_mean_full_change_precond;hr_heartrate_bpm_med_abs_full_change_precond;pupil_asymmetry_full_change_precond;eeg_pleft_lbeta_mean_full_change_precond;eeg_fm_sampent_full_change_precond"
2025-11-26 18:12:13.120634,10,"stress_label",20,4,0.125,0.58974358974359,0.621794871794872,NA,20,"top20","eeg_tleft_sampent_full_change_precond;eeg_t_sampent_full_change_precond;eeg_tleft_halpha_mean_full_change_precond;eeg_c_theta_mean_full_change_precond;pupil_dilation_sd_full_change_precond;gsr_skin_conductance_eda_tonic_mean_nk_full_change_precond;eeg_pright_sampent_full_change_precond;eeg_tleft_lalpha_mean_full_change_precond;eeg_fm_theta_mean_full_change_precond;eeg_fl_hbeta_mean_full_change_precond;hrv_rmssd_full_change_precond;eeg_fr_sampent_full_change_precond;eeg_c_specent_full_change_precond;eeg_tleft_hbeta_mean_full_change_precond;eeg_c_sampent_full_change_precond;eeg_tright_halpha_mean_full_change_precond;hr_heartrate_bpm_med_abs_full_change_precond;pupil_asymmetry_full_change_precond;eeg_pleft_lbeta_mean_full_change_precond;eeg_fm_sampent_full_change_precond"
2025-11-26 18:12:14.166022,10,"stress_label",20,8,0.125,0.58974358974359,0.621794871794872,NA,20,"top20","eeg_tleft_sampent_full_change_precond;eeg_t_sampent_full_change_precond;eeg_tleft_halpha_mean_full_change_precond;eeg_c_theta_mean_full_change_precond;pupil_dilation_sd_full_change_precond;gsr_skin_conductance_eda_tonic_mean_nk_full_change_precond;eeg_pright_sampent_full_change_precond;eeg_tleft_lalpha_mean_full_change_precond;eeg_fm_theta_mean_full_change_precond;eeg_fl_hbeta_mean_full_change_precond;hrv_rmssd_full_change_precond;eeg_fr_sampent_full_change_precond;eeg_c_specent_full_change_precond;eeg_tleft_hbeta_mean_full_change_precond;eeg_c_sampent_full_change_precond;eeg_tright_halpha_mean_full_change_precond;hr_heartrate_bpm_med_abs_full_change_precond;pupil_asymmetry_full_change_precond;eeg_pleft_lbeta_mean_full_change_precond;eeg_fm_sampent_full_change_precond"
2025-11-26 18:12:15.112367,10,"stress_label",20,16,0.125,0.58974358974359,0.621794871794872,NA,20,"top20","eeg_tleft_sampent_full_change_precond;eeg_t_sampent_full_change_precond;eeg_tleft_halpha_mean_full_change_precond;eeg_c_theta_mean_full_change_precond;pupil_dilation_sd_full_change_precond;gsr_skin_conductance_eda_tonic_mean_nk_full_change_precond;eeg_pright_sampent_full_change_precond;eeg_tleft_lalpha_mean_full_change_precond;eeg_fm_theta_mean_full_change_precond;eeg_fl_hbeta_mean_full_change_precond;hrv_rmssd_full_change_precond;eeg_fr_sampent_full_change_precond;eeg_c_specent_full_change_precond;eeg_tleft_hbeta_mean_full_change_precond;eeg_c_sampent_full_change_precond;eeg_tright_halpha_mean_full_change_precond;hr_heartrate_bpm_med_abs_full_change_precond;pupil_asymmetry_full_change_precond;eeg_pleft_lbeta_mean_full_change_precond;eeg_fm_sampent_full_change_precond"
2025-11-26 18:12:16.240074,10,"stress_label",20,32,0.125,0.58974358974359,0.621794871794872,NA,20,"top20","eeg_tleft_sampent_full_change_precond;eeg_t_sampent_full_change_precond;eeg_tleft_halpha_mean_full_change_precond;eeg_c_theta_mean_full_change_precond;pupil_dilation_sd_full_change_precond;gsr_skin_conductance_eda_tonic_mean_nk_full_change_precond;eeg_pright_sampent_full_change_precond;eeg_tleft_lalpha_mean_full_change_precond;eeg_fm_theta_mean_full_change_precond;eeg_fl_hbeta_mean_full_change_precond;hrv_rmssd_full_change_precond;eeg_fr_sampent_full_change_precond;eeg_c_specent_full_change_precond;eeg_tleft_hbeta_mean_full_change_precond;eeg_c_sampent_full_change_precond;eeg_tright_halpha_mean_full_change_precond;hr_heartrate_bpm_med_abs_full_change_precond;pupil_asymmetry_full_change_precond;eeg_pleft_lbeta_mean_full_change_precond;eeg_fm_sampent_full_change_precond"
2025-11-26 18:12:17.278602,10,"stress_label",20,64,0.125,0.58974358974359,0.621794871794872,NA,20,"top20","eeg_tleft_sampent_full_change_precond;eeg_t_sampent_full_change_precond;eeg_tleft_halpha_mean_full_change_precond;eeg_c_theta_mean_full_change_precond;pupil_dilation_sd_full_change_precond;gsr_skin_conductance_eda_tonic_mean_nk_full_change_precond;eeg_pright_sampent_full_change_precond;eeg_tleft_lalpha_mean_full_change_precond;eeg_fm_theta_mean_full_change_precond;eeg_fl_hbeta_mean_full_change_precond;hrv_rmssd_full_change_precond;eeg_fr_sampent_full_change_precond;eeg_c_specent_full_change_precond;eeg_tleft_hbeta_mean_full_change_precond;eeg_c_sampent_full_change_precond;eeg_tright_halpha_mean_full_change_precond;hr_heartrate_bpm_med_abs_full_change_precond;pupil_asymmetry_full_change_precond;eeg_pleft_lbeta_mean_full_change_precond;eeg_fm_sampent_full_change_precond"
2025-11-26 18:12:18.364781,10,"stress_label",20,128,0.125,0.58974358974359,0.621794871794872,NA,20,"top20","eeg_tleft_sampent_full_change_precond;eeg_t_sampent_full_change_precond;eeg_tleft_halpha_mean_full_change_precond;eeg_c_theta_mean_full_change_precond;pupil_dilation_sd_full_change_precond;gsr_skin_conductance_eda_tonic_mean_nk_full_change_precond;eeg_pright_sampent_full_change_precond;eeg_tleft_lalpha_mean_full_change_precond;eeg_fm_theta_mean_full_change_precond;eeg_fl_hbeta_mean_full_change_precond;hrv_rmssd_full_change_precond;eeg_fr_sampent_full_change_precond;eeg_c_specent_full_change_precond;eeg_tleft_hbeta_mean_full_change_precond;eeg_c_sampent_full_change_precond;eeg_tright_halpha_mean_full_change_precond;hr_heartrate_bpm_med_abs_full_change_precond;pupil_asymmetry_full_change_precond;eeg_pleft_lbeta_mean_full_change_precond;eeg_fm_sampent_full_change_precond"
2025-11-26 18:12:19.503669,10,"stress_label",20,256,0.125,0.58974358974359,0.621794871794872,NA,20,"top20","eeg_tleft_sampent_full_change_precond;eeg_t_sampent_full_change_precond;eeg_tleft_halpha_mean_full_change_precond;eeg_c_theta_mean_full_change_precond;pupil_dilation_sd_full_change_precond;gsr_skin_conductance_eda_tonic_mean_nk_full_change_precond;eeg_pright_sampent_full_change_precond;eeg_tleft_lalpha_mean_full_change_precond;eeg_fm_theta_mean_full_change_precond;eeg_fl_hbeta_mean_full_change_precond;hrv_rmssd_full_change_precond;eeg_fr_sampent_full_change_precond;eeg_c_specent_full_change_precond;eeg_tleft_hbeta_mean_full_change_precond;eeg_c_sampent_full_change_precond;eeg_tright_halpha_mean_full_change_precond;hr_heartrate_bpm_med_abs_full_change_precond;pupil_asymmetry_full_change_precond;eeg_pleft_lbeta_mean_full_change_precond;eeg_fm_sampent_full_change_precond"
2025-11-26 18:12:20.537838,10,"stress_label",20,2,0.03,0.564102564102564,0.602564102564103,NA,20,"top20","eeg_tleft_sampent_full_change_precond;eeg_t_sampent_full_change_precond;eeg_tleft_halpha_mean_full_change_precond;eeg_c_theta_mean_full_change_precond;pupil_dilation_sd_full_change_precond;gsr_skin_conductance_eda_tonic_mean_nk_full_change_precond;eeg_pright_sampent_full_change_precond;eeg_tleft_lalpha_mean_full_change_precond;eeg_fm_theta_mean_full_change_precond;eeg_fl_hbeta_mean_full_change_precond;hrv_rmssd_full_change_precond;eeg_fr_sampent_full_change_precond;eeg_c_specent_full_change_precond;eeg_tleft_hbeta_mean_full_change_precond;eeg_c_sampent_full_change_precond;eeg_tright_halpha_mean_full_change_precond;hr_heartrate_bpm_med_abs_full_change_precond;pupil_asymmetry_full_change_precond;eeg_pleft_lbeta_mean_full_change_precond;eeg_fm_sampent_full_change_precond"
2025-11-26 18:12:21.605839,10,"stress_label",20,4,0.03,0.564102564102564,0.608974358974359,NA,20,"top20","eeg_tleft_sampent_full_change_precond;eeg_t_sampent_full_change_precond;eeg_tleft_halpha_mean_full_change_precond;eeg_c_theta_mean_full_change_precond;pupil_dilation_sd_full_change_precond;gsr_skin_conductance_eda_tonic_mean_nk_full_change_precond;eeg_pright_sampent_full_change_precond;eeg_tleft_lalpha_mean_full_change_precond;eeg_fm_theta_mean_full_change_precond;eeg_fl_hbeta_mean_full_change_precond;hrv_rmssd_full_change_precond;eeg_fr_sampent_full_change_precond;eeg_c_specent_full_change_precond;eeg_tleft_hbeta_mean_full_change_precond;eeg_c_sampent_full_change_precond;eeg_tright_halpha_mean_full_change_precond;hr_heartrate_bpm_med_abs_full_change_precond;pupil_asymmetry_full_change_precond;eeg_pleft_lbeta_mean_full_change_precond;eeg_fm_sampent_full_change_precond"
2025-11-26 18:12:22.658421,10,"stress_label",20,8,0.03,0.57051282051282,0.532051282051282,0.542735042735043,20,"top20","eeg_tleft_sampent_full_change_precond;eeg_t_sampent_full_change_precond;eeg_tleft_halpha_mean_full_change_precond;eeg_c_theta_mean_full_change_precond;pupil_dilation_sd_full_change_precond;gsr_skin_conductance_eda_tonic_mean_nk_full_change_precond;eeg_pright_sampent_full_change_precond;eeg_tleft_lalpha_mean_full_change_precond;eeg_fm_theta_mean_full_change_precond;eeg_fl_hbeta_mean_full_change_precond;hrv_rmssd_full_change_precond;eeg_fr_sampent_full_change_precond;eeg_c_specent_full_change_precond;eeg_tleft_hbeta_mean_full_change_precond;eeg_c_sampent_full_change_precond;eeg_tright_halpha_mean_full_change_precond;hr_heartrate_bpm_med_abs_full_change_precond;pupil_asymmetry_full_change_precond;eeg_pleft_lbeta_mean_full_change_precond;eeg_fm_sampent_full_change_precond"
2025-11-26 18:12:23.825966,10,"stress_label",20,16,0.03,0.557692307692308,0.532051282051282,NA,20,"top20","eeg_tleft_sampent_full_change_precond;eeg_t_sampent_full_change_precond;eeg_tleft_halpha_mean_full_change_precond;eeg_c_theta_mean_full_change_precond;pupil_dilation_sd_full_change_precond;gsr_skin_conductance_eda_tonic_mean_nk_full_change_precond;eeg_pright_sampent_full_change_precond;eeg_tleft_lalpha_mean_full_change_precond;eeg_fm_theta_mean_full_change_precond;eeg_fl_hbeta_mean_full_change_precond;hrv_rmssd_full_change_precond;eeg_fr_sampent_full_change_precond;eeg_c_specent_full_change_precond;eeg_tleft_hbeta_mean_full_change_precond;eeg_c_sampent_full_change_precond;eeg_tright_halpha_mean_full_change_precond;hr_heartrate_bpm_med_abs_full_change_precond;pupil_asymmetry_full_change_precond;eeg_pleft_lbeta_mean_full_change_precond;eeg_fm_sampent_full_change_precond"
2025-11-26 18:12:25.022013,10,"stress_label",20,32,0.03,0.57051282051282,0.596153846153846,NA,20,"top20","eeg_tleft_sampent_full_change_precond;eeg_t_sampent_full_change_precond;eeg_tleft_halpha_mean_full_change_precond;eeg_c_theta_mean_full_change_precond;pupil_dilation_sd_full_change_precond;gsr_skin_conductance_eda_tonic_mean_nk_full_change_precond;eeg_pright_sampent_full_change_precond;eeg_tleft_lalpha_mean_full_change_precond;eeg_fm_theta_mean_full_change_precond;eeg_fl_hbeta_mean_full_change_precond;hrv_rmssd_full_change_precond;eeg_fr_sampent_full_change_precond;eeg_c_specent_full_change_precond;eeg_tleft_hbeta_mean_full_change_precond;eeg_c_sampent_full_change_precond;eeg_tright_halpha_mean_full_change_precond;hr_heartrate_bpm_med_abs_full_change_precond;pupil_asymmetry_full_change_precond;eeg_pleft_lbeta_mean_full_change_precond;eeg_fm_sampent_full_change_precond"
2025-11-26 18:12:26.119757,10,"stress_label",20,64,0.03,0.564102564102564,0.564102564102564,0.55042735042735,20,"top20","eeg_tleft_sampent_full_change_precond;eeg_t_sampent_full_change_precond;eeg_tleft_halpha_mean_full_change_precond;eeg_c_theta_mean_full_change_precond;pupil_dilation_sd_full_change_precond;gsr_skin_conductance_eda_tonic_mean_nk_full_change_precond;eeg_pright_sampent_full_change_precond;eeg_tleft_lalpha_mean_full_change_precond;eeg_fm_theta_mean_full_change_precond;eeg_fl_hbeta_mean_full_change_precond;hrv_rmssd_full_change_precond;eeg_fr_sampent_full_change_precond;eeg_c_specent_full_change_precond;eeg_tleft_hbeta_mean_full_change_precond;eeg_c_sampent_full_change_precond;eeg_tright_halpha_mean_full_change_precond;hr_heartrate_bpm_med_abs_full_change_precond;pupil_asymmetry_full_change_precond;eeg_pleft_lbeta_mean_full_change_precond;eeg_fm_sampent_full_change_precond"
2025-11-26 18:12:27.059373,10,"stress_label",20,128,0.03,0.564102564102564,0.564102564102564,0.544444444444444,20,"top20","eeg_tleft_sampent_full_change_precond;eeg_t_sampent_full_change_precond;eeg_tleft_halpha_mean_full_change_precond;eeg_c_theta_mean_full_change_precond;pupil_dilation_sd_full_change_precond;gsr_skin_conductance_eda_tonic_mean_nk_full_change_precond;eeg_pright_sampent_full_change_precond;eeg_tleft_lalpha_mean_full_change_precond;eeg_fm_theta_mean_full_change_precond;eeg_fl_hbeta_mean_full_change_precond;hrv_rmssd_full_change_precond;eeg_fr_sampent_full_change_precond;eeg_c_specent_full_change_precond;eeg_tleft_hbeta_mean_full_change_precond;eeg_c_sampent_full_change_precond;eeg_tright_halpha_mean_full_change_precond;hr_heartrate_bpm_med_abs_full_change_precond;pupil_asymmetry_full_change_precond;eeg_pleft_lbeta_mean_full_change_precond;eeg_fm_sampent_full_change_precond"
2025-11-26 18:12:28.24073,10,"stress_label",20,256,0.03,0.564102564102564,0.564102564102564,0.544444444444444,20,"top20","eeg_tleft_sampent_full_change_precond;eeg_t_sampent_full_change_precond;eeg_tleft_halpha_mean_full_change_precond;eeg_c_theta_mean_full_change_precond;pupil_dilation_sd_full_change_precond;gsr_skin_conductance_eda_tonic_mean_nk_full_change_precond;eeg_pright_sampent_full_change_precond;eeg_tleft_lalpha_mean_full_change_precond;eeg_fm_theta_mean_full_change_precond;eeg_fl_hbeta_mean_full_change_precond;hrv_rmssd_full_change_precond;eeg_fr_sampent_full_change_precond;eeg_c_specent_full_change_precond;eeg_tleft_hbeta_mean_full_change_precond;eeg_c_sampent_full_change_precond;eeg_tright_halpha_mean_full_change_precond;hr_heartrate_bpm_med_abs_full_change_precond;pupil_asymmetry_full_change_precond;eeg_pleft_lbeta_mean_full_change_precond;eeg_fm_sampent_full_change_precond"
2025-11-26 18:12:29.347147,10,"stress_label",20,2,0.06,0.58974358974359,0.602564102564103,NA,20,"top20","eeg_tleft_sampent_full_change_precond;eeg_t_sampent_full_change_precond;eeg_tleft_halpha_mean_full_change_precond;eeg_c_theta_mean_full_change_precond;pupil_dilation_sd_full_change_precond;gsr_skin_conductance_eda_tonic_mean_nk_full_change_precond;eeg_pright_sampent_full_change_precond;eeg_tleft_lalpha_mean_full_change_precond;eeg_fm_theta_mean_full_change_precond;eeg_fl_hbeta_mean_full_change_precond;hrv_rmssd_full_change_precond;eeg_fr_sampent_full_change_precond;eeg_c_specent_full_change_precond;eeg_tleft_hbeta_mean_full_change_precond;eeg_c_sampent_full_change_precond;eeg_tright_halpha_mean_full_change_precond;hr_heartrate_bpm_med_abs_full_change_precond;pupil_asymmetry_full_change_precond;eeg_pleft_lbeta_mean_full_change_precond;eeg_fm_sampent_full_change_precond"
2025-11-26 18:12:30.447826,10,"stress_label",20,4,0.06,0.57051282051282,0.583333333333333,NA,20,"top20","eeg_tleft_sampent_full_change_precond;eeg_t_sampent_full_change_precond;eeg_tleft_halpha_mean_full_change_precond;eeg_c_theta_mean_full_change_precond;pupil_dilation_sd_full_change_precond;gsr_skin_conductance_eda_tonic_mean_nk_full_change_precond;eeg_pright_sampent_full_change_precond;eeg_tleft_lalpha_mean_full_change_precond;eeg_fm_theta_mean_full_change_precond;eeg_fl_hbeta_mean_full_change_precond;hrv_rmssd_full_change_precond;eeg_fr_sampent_full_change_precond;eeg_c_specent_full_change_precond;eeg_tleft_hbeta_mean_full_change_precond;eeg_c_sampent_full_change_precond;eeg_tright_halpha_mean_full_change_precond;hr_heartrate_bpm_med_abs_full_change_precond;pupil_asymmetry_full_change_precond;eeg_pleft_lbeta_mean_full_change_precond;eeg_fm_sampent_full_change_precond"
2025-11-26 18:12:31.798926,10,"stress_label",20,8,0.06,0.583333333333333,0.608974358974359,NA,20,"top20","eeg_tleft_sampent_full_change_precond;eeg_t_sampent_full_change_precond;eeg_tleft_halpha_mean_full_change_precond;eeg_c_theta_mean_full_change_precond;pupil_dilation_sd_full_change_precond;gsr_skin_conductance_eda_tonic_mean_nk_full_change_precond;eeg_pright_sampent_full_change_precond;eeg_tleft_lalpha_mean_full_change_precond;eeg_fm_theta_mean_full_change_precond;eeg_fl_hbeta_mean_full_change_precond;hrv_rmssd_full_change_precond;eeg_fr_sampent_full_change_precond;eeg_c_specent_full_change_precond;eeg_tleft_hbeta_mean_full_change_precond;eeg_c_sampent_full_change_precond;eeg_tright_halpha_mean_full_change_precond;hr_heartrate_bpm_med_abs_full_change_precond;pupil_asymmetry_full_change_precond;eeg_pleft_lbeta_mean_full_change_precond;eeg_fm_sampent_full_change_precond"
2025-11-26 18:12:32.923599,10,"stress_label",20,16,0.06,0.583333333333333,0.602564102564103,0.588034188034188,20,"top20","eeg_tleft_sampent_full_change_precond;eeg_t_sampent_full_change_precond;eeg_tleft_halpha_mean_full_change_precond;eeg_c_theta_mean_full_change_precond;pupil_dilation_sd_full_change_precond;gsr_skin_conductance_eda_tonic_mean_nk_full_change_precond;eeg_pright_sampent_full_change_precond;eeg_tleft_lalpha_mean_full_change_precond;eeg_fm_theta_mean_full_change_precond;eeg_fl_hbeta_mean_full_change_precond;hrv_rmssd_full_change_precond;eeg_fr_sampent_full_change_precond;eeg_c_specent_full_change_precond;eeg_tleft_hbeta_mean_full_change_precond;eeg_c_sampent_full_change_precond;eeg_tright_halpha_mean_full_change_precond;hr_heartrate_bpm_med_abs_full_change_precond;pupil_asymmetry_full_change_precond;eeg_pleft_lbeta_mean_full_change_precond;eeg_fm_sampent_full_change_precond"
2025-11-26 18:12:34.061456,10,"stress_label",20,32,0.06,0.576923076923077,0.602564102564103,0.58034188034188,20,"top20","eeg_tleft_sampent_full_change_precond;eeg_t_sampent_full_change_precond;eeg_tleft_halpha_mean_full_change_precond;eeg_c_theta_mean_full_change_precond;pupil_dilation_sd_full_change_precond;gsr_skin_conductance_eda_tonic_mean_nk_full_change_precond;eeg_pright_sampent_full_change_precond;eeg_tleft_lalpha_mean_full_change_precond;eeg_fm_theta_mean_full_change_precond;eeg_fl_hbeta_mean_full_change_precond;hrv_rmssd_full_change_precond;eeg_fr_sampent_full_change_precond;eeg_c_specent_full_change_precond;eeg_tleft_hbeta_mean_full_change_precond;eeg_c_sampent_full_change_precond;eeg_tright_halpha_mean_full_change_precond;hr_heartrate_bpm_med_abs_full_change_precond;pupil_asymmetry_full_change_precond;eeg_pleft_lbeta_mean_full_change_precond;eeg_fm_sampent_full_change_precond"
2025-11-26 18:12:35.075952,10,"stress_label",20,64,0.06,0.576923076923077,0.602564102564103,0.58034188034188,20,"top20","eeg_tleft_sampent_full_change_precond;eeg_t_sampent_full_change_precond;eeg_tleft_halpha_mean_full_change_precond;eeg_c_theta_mean_full_change_precond;pupil_dilation_sd_full_change_precond;gsr_skin_conductance_eda_tonic_mean_nk_full_change_precond;eeg_pright_sampent_full_change_precond;eeg_tleft_lalpha_mean_full_change_precond;eeg_fm_theta_mean_full_change_precond;eeg_fl_hbeta_mean_full_change_precond;hrv_rmssd_full_change_precond;eeg_fr_sampent_full_change_precond;eeg_c_specent_full_change_precond;eeg_tleft_hbeta_mean_full_change_precond;eeg_c_sampent_full_change_precond;eeg_tright_halpha_mean_full_change_precond;hr_heartrate_bpm_med_abs_full_change_precond;pupil_asymmetry_full_change_precond;eeg_pleft_lbeta_mean_full_change_precond;eeg_fm_sampent_full_change_precond"
2025-11-26 18:12:36.216179,10,"stress_label",20,128,0.06,0.576923076923077,0.602564102564103,0.58034188034188,20,"top20","eeg_tleft_sampent_full_change_precond;eeg_t_sampent_full_change_precond;eeg_tleft_halpha_mean_full_change_precond;eeg_c_theta_mean_full_change_precond;pupil_dilation_sd_full_change_precond;gsr_skin_conductance_eda_tonic_mean_nk_full_change_precond;eeg_pright_sampent_full_change_precond;eeg_tleft_lalpha_mean_full_change_precond;eeg_fm_theta_mean_full_change_precond;eeg_fl_hbeta_mean_full_change_precond;hrv_rmssd_full_change_precond;eeg_fr_sampent_full_change_precond;eeg_c_specent_full_change_precond;eeg_tleft_hbeta_mean_full_change_precond;eeg_c_sampent_full_change_precond;eeg_tright_halpha_mean_full_change_precond;hr_heartrate_bpm_med_abs_full_change_precond;pupil_asymmetry_full_change_precond;eeg_pleft_lbeta_mean_full_change_precond;eeg_fm_sampent_full_change_precond"
2025-11-26 18:12:37.366924,10,"stress_label",20,256,0.06,0.576923076923077,0.602564102564103,0.58034188034188,20,"top20","eeg_tleft_sampent_full_change_precond;eeg_t_sampent_full_change_precond;eeg_tleft_halpha_mean_full_change_precond;eeg_c_theta_mean_full_change_precond;pupil_dilation_sd_full_change_precond;gsr_skin_conductance_eda_tonic_mean_nk_full_change_precond;eeg_pright_sampent_full_change_precond;eeg_tleft_lalpha_mean_full_change_precond;eeg_fm_theta_mean_full_change_precond;eeg_fl_hbeta_mean_full_change_precond;hrv_rmssd_full_change_precond;eeg_fr_sampent_full_change_precond;eeg_c_specent_full_change_precond;eeg_tleft_hbeta_mean_full_change_precond;eeg_c_sampent_full_change_precond;eeg_tright_halpha_mean_full_change_precond;hr_heartrate_bpm_med_abs_full_change_precond;pupil_asymmetry_full_change_precond;eeg_pleft_lbeta_mean_full_change_precond;eeg_fm_sampent_full_change_precond"
2025-11-26 18:12:38.500554,10,"stress_label",20,2,0.1,0.58974358974359,0.583333333333333,NA,20,"top20","eeg_tleft_sampent_full_change_precond;eeg_t_sampent_full_change_precond;eeg_tleft_halpha_mean_full_change_precond;eeg_c_theta_mean_full_change_precond;pupil_dilation_sd_full_change_precond;gsr_skin_conductance_eda_tonic_mean_nk_full_change_precond;eeg_pright_sampent_full_change_precond;eeg_tleft_lalpha_mean_full_change_precond;eeg_fm_theta_mean_full_change_precond;eeg_fl_hbeta_mean_full_change_precond;hrv_rmssd_full_change_precond;eeg_fr_sampent_full_change_precond;eeg_c_specent_full_change_precond;eeg_tleft_hbeta_mean_full_change_precond;eeg_c_sampent_full_change_precond;eeg_tright_halpha_mean_full_change_precond;hr_heartrate_bpm_med_abs_full_change_precond;pupil_asymmetry_full_change_precond;eeg_pleft_lbeta_mean_full_change_precond;eeg_fm_sampent_full_change_precond"
2025-11-26 18:12:39.598721,10,"stress_label",20,4,0.1,0.583333333333333,0.608974358974359,NA,20,"top20","eeg_tleft_sampent_full_change_precond;eeg_t_sampent_full_change_precond;eeg_tleft_halpha_mean_full_change_precond;eeg_c_theta_mean_full_change_precond;pupil_dilation_sd_full_change_precond;gsr_skin_conductance_eda_tonic_mean_nk_full_change_precond;eeg_pright_sampent_full_change_precond;eeg_tleft_lalpha_mean_full_change_precond;eeg_fm_theta_mean_full_change_precond;eeg_fl_hbeta_mean_full_change_precond;hrv_rmssd_full_change_precond;eeg_fr_sampent_full_change_precond;eeg_c_specent_full_change_precond;eeg_tleft_hbeta_mean_full_change_precond;eeg_c_sampent_full_change_precond;eeg_tright_halpha_mean_full_change_precond;hr_heartrate_bpm_med_abs_full_change_precond;pupil_asymmetry_full_change_precond;eeg_pleft_lbeta_mean_full_change_precond;eeg_fm_sampent_full_change_precond"
2025-11-26 18:12:40.706695,10,"stress_label",20,8,0.1,0.58974358974359,0.602564102564103,NA,20,"top20","eeg_tleft_sampent_full_change_precond;eeg_t_sampent_full_change_precond;eeg_tleft_halpha_mean_full_change_precond;eeg_c_theta_mean_full_change_precond;pupil_dilation_sd_full_change_precond;gsr_skin_conductance_eda_tonic_mean_nk_full_change_precond;eeg_pright_sampent_full_change_precond;eeg_tleft_lalpha_mean_full_change_precond;eeg_fm_theta_mean_full_change_precond;eeg_fl_hbeta_mean_full_change_precond;hrv_rmssd_full_change_precond;eeg_fr_sampent_full_change_precond;eeg_c_specent_full_change_precond;eeg_tleft_hbeta_mean_full_change_precond;eeg_c_sampent_full_change_precond;eeg_tright_halpha_mean_full_change_precond;hr_heartrate_bpm_med_abs_full_change_precond;pupil_asymmetry_full_change_precond;eeg_pleft_lbeta_mean_full_change_precond;eeg_fm_sampent_full_change_precond"
2025-11-26 18:12:41.826227,10,"stress_label",20,16,0.1,0.58974358974359,0.602564102564103,NA,20,"top20","eeg_tleft_sampent_full_change_precond;eeg_t_sampent_full_change_precond;eeg_tleft_halpha_mean_full_change_precond;eeg_c_theta_mean_full_change_precond;pupil_dilation_sd_full_change_precond;gsr_skin_conductance_eda_tonic_mean_nk_full_change_precond;eeg_pright_sampent_full_change_precond;eeg_tleft_lalpha_mean_full_change_precond;eeg_fm_theta_mean_full_change_precond;eeg_fl_hbeta_mean_full_change_precond;hrv_rmssd_full_change_precond;eeg_fr_sampent_full_change_precond;eeg_c_specent_full_change_precond;eeg_tleft_hbeta_mean_full_change_precond;eeg_c_sampent_full_change_precond;eeg_tright_halpha_mean_full_change_precond;hr_heartrate_bpm_med_abs_full_change_precond;pupil_asymmetry_full_change_precond;eeg_pleft_lbeta_mean_full_change_precond;eeg_fm_sampent_full_change_precond"
2025-11-26 18:12:42.913087,10,"stress_label",20,32,0.1,0.58974358974359,0.602564102564103,NA,20,"top20","eeg_tleft_sampent_full_change_precond;eeg_t_sampent_full_change_precond;eeg_tleft_halpha_mean_full_change_precond;eeg_c_theta_mean_full_change_precond;pupil_dilation_sd_full_change_precond;gsr_skin_conductance_eda_tonic_mean_nk_full_change_precond;eeg_pright_sampent_full_change_precond;eeg_tleft_lalpha_mean_full_change_precond;eeg_fm_theta_mean_full_change_precond;eeg_fl_hbeta_mean_full_change_precond;hrv_rmssd_full_change_precond;eeg_fr_sampent_full_change_precond;eeg_c_specent_full_change_precond;eeg_tleft_hbeta_mean_full_change_precond;eeg_c_sampent_full_change_precond;eeg_tright_halpha_mean_full_change_precond;hr_heartrate_bpm_med_abs_full_change_precond;pupil_asymmetry_full_change_precond;eeg_pleft_lbeta_mean_full_change_precond;eeg_fm_sampent_full_change_precond"
2025-11-26 18:12:43.867792,10,"stress_label",20,64,0.1,0.58974358974359,0.602564102564103,NA,20,"top20","eeg_tleft_sampent_full_change_precond;eeg_t_sampent_full_change_precond;eeg_tleft_halpha_mean_full_change_precond;eeg_c_theta_mean_full_change_precond;pupil_dilation_sd_full_change_precond;gsr_skin_conductance_eda_tonic_mean_nk_full_change_precond;eeg_pright_sampent_full_change_precond;eeg_tleft_lalpha_mean_full_change_precond;eeg_fm_theta_mean_full_change_precond;eeg_fl_hbeta_mean_full_change_precond;hrv_rmssd_full_change_precond;eeg_fr_sampent_full_change_precond;eeg_c_specent_full_change_precond;eeg_tleft_hbeta_mean_full_change_precond;eeg_c_sampent_full_change_precond;eeg_tright_halpha_mean_full_change_precond;hr_heartrate_bpm_med_abs_full_change_precond;pupil_asymmetry_full_change_precond;eeg_pleft_lbeta_mean_full_change_precond;eeg_fm_sampent_full_change_precond"
2025-11-26 18:12:45.021343,10,"stress_label",20,128,0.1,0.58974358974359,0.602564102564103,NA,20,"top20","eeg_tleft_sampent_full_change_precond;eeg_t_sampent_full_change_precond;eeg_tleft_halpha_mean_full_change_precond;eeg_c_theta_mean_full_change_precond;pupil_dilation_sd_full_change_precond;gsr_skin_conductance_eda_tonic_mean_nk_full_change_precond;eeg_pright_sampent_full_change_precond;eeg_tleft_lalpha_mean_full_change_precond;eeg_fm_theta_mean_full_change_precond;eeg_fl_hbeta_mean_full_change_precond;hrv_rmssd_full_change_precond;eeg_fr_sampent_full_change_precond;eeg_c_specent_full_change_precond;eeg_tleft_hbeta_mean_full_change_precond;eeg_c_sampent_full_change_precond;eeg_tright_halpha_mean_full_change_precond;hr_heartrate_bpm_med_abs_full_change_precond;pupil_asymmetry_full_change_precond;eeg_pleft_lbeta_mean_full_change_precond;eeg_fm_sampent_full_change_precond"
2025-11-26 18:12:46.15786,10,"stress_label",20,256,0.1,0.58974358974359,0.602564102564103,NA,20,"top20","eeg_tleft_sampent_full_change_precond;eeg_t_sampent_full_change_precond;eeg_tleft_halpha_mean_full_change_precond;eeg_c_theta_mean_full_change_precond;pupil_dilation_sd_full_change_precond;gsr_skin_conductance_eda_tonic_mean_nk_full_change_precond;eeg_pright_sampent_full_change_precond;eeg_tleft_lalpha_mean_full_change_precond;eeg_fm_theta_mean_full_change_precond;eeg_fl_hbeta_mean_full_change_precond;hrv_rmssd_full_change_precond;eeg_fr_sampent_full_change_precond;eeg_c_specent_full_change_precond;eeg_tleft_hbeta_mean_full_change_precond;eeg_c_sampent_full_change_precond;eeg_tright_halpha_mean_full_change_precond;hr_heartrate_bpm_med_abs_full_change_precond;pupil_asymmetry_full_change_precond;eeg_pleft_lbeta_mean_full_change_precond;eeg_fm_sampent_full_change_precond"
2025-11-26 18:12:47.081227,10,"stress_label",10,2,0.0078125,0.602564102564103,0.621794871794872,0.587179487179487,10,"top10","eeg_tleft_sampent_full_change_precond;eeg_t_sampent_full_change_precond;eeg_tleft_halpha_mean_full_change_precond;eeg_c_theta_mean_full_change_precond;pupil_dilation_sd_full_change_precond;gsr_skin_conductance_eda_tonic_mean_nk_full_change_precond;eeg_pright_sampent_full_change_precond;eeg_tleft_lalpha_mean_full_change_precond;eeg_fm_theta_mean_full_change_precond;eeg_fl_hbeta_mean_full_change_precond"
2025-11-26 18:12:47.923173,10,"stress_label",10,4,0.0078125,0.596153846153846,0.615384615384615,0.583760683760684,10,"top10","eeg_tleft_sampent_full_change_precond;eeg_t_sampent_full_change_precond;eeg_tleft_halpha_mean_full_change_precond;eeg_c_theta_mean_full_change_precond;pupil_dilation_sd_full_change_precond;gsr_skin_conductance_eda_tonic_mean_nk_full_change_precond;eeg_pright_sampent_full_change_precond;eeg_tleft_lalpha_mean_full_change_precond;eeg_fm_theta_mean_full_change_precond;eeg_fl_hbeta_mean_full_change_precond"
2025-11-26 18:12:48.771887,10,"stress_label",10,8,0.0078125,0.58974358974359,0.615384615384615,0.576923076923077,10,"top10","eeg_tleft_sampent_full_change_precond;eeg_t_sampent_full_change_precond;eeg_tleft_halpha_mean_full_change_precond;eeg_c_theta_mean_full_change_precond;pupil_dilation_sd_full_change_precond;gsr_skin_conductance_eda_tonic_mean_nk_full_change_precond;eeg_pright_sampent_full_change_precond;eeg_tleft_lalpha_mean_full_change_precond;eeg_fm_theta_mean_full_change_precond;eeg_fl_hbeta_mean_full_change_precond"
2025-11-26 18:12:49.62994,10,"stress_label",10,16,0.0078125,0.602564102564103,0.628205128205128,0.563247863247863,10,"top10","eeg_tleft_sampent_full_change_precond;eeg_t_sampent_full_change_precond;eeg_tleft_halpha_mean_full_change_precond;eeg_c_theta_mean_full_change_precond;pupil_dilation_sd_full_change_precond;gsr_skin_conductance_eda_tonic_mean_nk_full_change_precond;eeg_pright_sampent_full_change_precond;eeg_tleft_lalpha_mean_full_change_precond;eeg_fm_theta_mean_full_change_precond;eeg_fl_hbeta_mean_full_change_precond"
2025-11-26 18:12:50.513193,10,"stress_label",10,32,0.0078125,0.602564102564103,0.628205128205128,0.561538461538462,10,"top10","eeg_tleft_sampent_full_change_precond;eeg_t_sampent_full_change_precond;eeg_tleft_halpha_mean_full_change_precond;eeg_c_theta_mean_full_change_precond;pupil_dilation_sd_full_change_precond;gsr_skin_conductance_eda_tonic_mean_nk_full_change_precond;eeg_pright_sampent_full_change_precond;eeg_tleft_lalpha_mean_full_change_precond;eeg_fm_theta_mean_full_change_precond;eeg_fl_hbeta_mean_full_change_precond"
2025-11-26 18:12:51.382889,10,"stress_label",10,64,0.0078125,0.58974358974359,0.602564102564103,0.556410256410256,10,"top10","eeg_tleft_sampent_full_change_precond;eeg_t_sampent_full_change_precond;eeg_tleft_halpha_mean_full_change_precond;eeg_c_theta_mean_full_change_precond;pupil_dilation_sd_full_change_precond;gsr_skin_conductance_eda_tonic_mean_nk_full_change_precond;eeg_pright_sampent_full_change_precond;eeg_tleft_lalpha_mean_full_change_precond;eeg_fm_theta_mean_full_change_precond;eeg_fl_hbeta_mean_full_change_precond"
2025-11-26 18:12:52.253171,10,"stress_label",10,128,0.0078125,0.58974358974359,0.602564102564103,0.567521367521368,10,"top10","eeg_tleft_sampent_full_change_precond;eeg_t_sampent_full_change_precond;eeg_tleft_halpha_mean_full_change_precond;eeg_c_theta_mean_full_change_precond;pupil_dilation_sd_full_change_precond;gsr_skin_conductance_eda_tonic_mean_nk_full_change_precond;eeg_pright_sampent_full_change_precond;eeg_tleft_lalpha_mean_full_change_precond;eeg_fm_theta_mean_full_change_precond;eeg_fl_hbeta_mean_full_change_precond"
2025-11-26 18:12:53.249108,10,"stress_label",10,256,0.0078125,0.58974358974359,0.58974358974359,NA,10,"top10","eeg_tleft_sampent_full_change_precond;eeg_t_sampent_full_change_precond;eeg_tleft_halpha_mean_full_change_precond;eeg_c_theta_mean_full_change_precond;pupil_dilation_sd_full_change_precond;gsr_skin_conductance_eda_tonic_mean_nk_full_change_precond;eeg_pright_sampent_full_change_precond;eeg_tleft_lalpha_mean_full_change_precond;eeg_fm_theta_mean_full_change_precond;eeg_fl_hbeta_mean_full_change_precond"
2025-11-26 18:12:54.094403,10,"stress_label",10,2,0.015625,0.608974358974359,0.615384615384615,0.593162393162393,10,"top10","eeg_tleft_sampent_full_change_precond;eeg_t_sampent_full_change_precond;eeg_tleft_halpha_mean_full_change_precond;eeg_c_theta_mean_full_change_precond;pupil_dilation_sd_full_change_precond;gsr_skin_conductance_eda_tonic_mean_nk_full_change_precond;eeg_pright_sampent_full_change_precond;eeg_tleft_lalpha_mean_full_change_precond;eeg_fm_theta_mean_full_change_precond;eeg_fl_hbeta_mean_full_change_precond"
2025-11-26 18:12:54.713916,10,"stress_label",10,4,0.015625,0.58974358974359,0.602564102564103,0.557264957264957,10,"top10","eeg_tleft_sampent_full_change_precond;eeg_t_sampent_full_change_precond;eeg_tleft_halpha_mean_full_change_precond;eeg_c_theta_mean_full_change_precond;pupil_dilation_sd_full_change_precond;gsr_skin_conductance_eda_tonic_mean_nk_full_change_precond;eeg_pright_sampent_full_change_precond;eeg_tleft_lalpha_mean_full_change_precond;eeg_fm_theta_mean_full_change_precond;eeg_fl_hbeta_mean_full_change_precond"
2025-11-26 18:12:55.467451,10,"stress_label",10,8,0.015625,0.615384615384615,0.628205128205128,0.576923076923077,10,"top10","eeg_tleft_sampent_full_change_precond;eeg_t_sampent_full_change_precond;eeg_tleft_halpha_mean_full_change_precond;eeg_c_theta_mean_full_change_precond;pupil_dilation_sd_full_change_precond;gsr_skin_conductance_eda_tonic_mean_nk_full_change_precond;eeg_pright_sampent_full_change_precond;eeg_tleft_lalpha_mean_full_change_precond;eeg_fm_theta_mean_full_change_precond;eeg_fl_hbeta_mean_full_change_precond"
2025-11-26 18:12:56.158249,10,"stress_label",10,16,0.015625,0.602564102564103,0.608974358974359,0.574358974358974,10,"top10","eeg_tleft_sampent_full_change_precond;eeg_t_sampent_full_change_precond;eeg_tleft_halpha_mean_full_change_precond;eeg_c_theta_mean_full_change_precond;pupil_dilation_sd_full_change_precond;gsr_skin_conductance_eda_tonic_mean_nk_full_change_precond;eeg_pright_sampent_full_change_precond;eeg_tleft_lalpha_mean_full_change_precond;eeg_fm_theta_mean_full_change_precond;eeg_fl_hbeta_mean_full_change_precond"
2025-11-26 18:12:57.048487,10,"stress_label",10,32,0.015625,0.596153846153846,0.615384615384615,0.575213675213675,10,"top10","eeg_tleft_sampent_full_change_precond;eeg_t_sampent_full_change_precond;eeg_tleft_halpha_mean_full_change_precond;eeg_c_theta_mean_full_change_precond;pupil_dilation_sd_full_change_precond;gsr_skin_conductance_eda_tonic_mean_nk_full_change_precond;eeg_pright_sampent_full_change_precond;eeg_tleft_lalpha_mean_full_change_precond;eeg_fm_theta_mean_full_change_precond;eeg_fl_hbeta_mean_full_change_precond"
2025-11-26 18:12:57.79753,10,"stress_label",10,64,0.015625,0.608974358974359,0.58974358974359,0.596581196581197,10,"top10","eeg_tleft_sampent_full_change_precond;eeg_t_sampent_full_change_precond;eeg_tleft_halpha_mean_full_change_precond;eeg_c_theta_mean_full_change_precond;pupil_dilation_sd_full_change_precond;gsr_skin_conductance_eda_tonic_mean_nk_full_change_precond;eeg_pright_sampent_full_change_precond;eeg_tleft_lalpha_mean_full_change_precond;eeg_fm_theta_mean_full_change_precond;eeg_fl_hbeta_mean_full_change_precond"
2025-11-26 18:12:58.878208,10,"stress_label",10,128,0.015625,0.583333333333333,0.58974358974359,0.583760683760684,10,"top10","eeg_tleft_sampent_full_change_precond;eeg_t_sampent_full_change_precond;eeg_tleft_halpha_mean_full_change_precond;eeg_c_theta_mean_full_change_precond;pupil_dilation_sd_full_change_precond;gsr_skin_conductance_eda_tonic_mean_nk_full_change_precond;eeg_pright_sampent_full_change_precond;eeg_tleft_lalpha_mean_full_change_precond;eeg_fm_theta_mean_full_change_precond;eeg_fl_hbeta_mean_full_change_precond"
2025-11-26 18:13:00.137089,10,"stress_label",10,256,0.015625,0.564102564102564,0.596153846153846,NA,10,"top10","eeg_tleft_sampent_full_change_precond;eeg_t_sampent_full_change_precond;eeg_tleft_halpha_mean_full_change_precond;eeg_c_theta_mean_full_change_precond;pupil_dilation_sd_full_change_precond;gsr_skin_conductance_eda_tonic_mean_nk_full_change_precond;eeg_pright_sampent_full_change_precond;eeg_tleft_lalpha_mean_full_change_precond;eeg_fm_theta_mean_full_change_precond;eeg_fl_hbeta_mean_full_change_precond"
2025-11-26 18:13:00.912023,10,"stress_label",10,2,0.03125,0.58974358974359,0.596153846153846,0.548717948717949,10,"top10","eeg_tleft_sampent_full_change_precond;eeg_t_sampent_full_change_precond;eeg_tleft_halpha_mean_full_change_precond;eeg_c_theta_mean_full_change_precond;pupil_dilation_sd_full_change_precond;gsr_skin_conductance_eda_tonic_mean_nk_full_change_precond;eeg_pright_sampent_full_change_precond;eeg_tleft_lalpha_mean_full_change_precond;eeg_fm_theta_mean_full_change_precond;eeg_fl_hbeta_mean_full_change_precond"
2025-11-26 18:13:01.699555,10,"stress_label",10,4,0.03125,0.596153846153846,0.615384615384615,0.572649572649573,10,"top10","eeg_tleft_sampent_full_change_precond;eeg_t_sampent_full_change_precond;eeg_tleft_halpha_mean_full_change_precond;eeg_c_theta_mean_full_change_precond;pupil_dilation_sd_full_change_precond;gsr_skin_conductance_eda_tonic_mean_nk_full_change_precond;eeg_pright_sampent_full_change_precond;eeg_tleft_lalpha_mean_full_change_precond;eeg_fm_theta_mean_full_change_precond;eeg_fl_hbeta_mean_full_change_precond"
2025-11-26 18:13:02.555595,10,"stress_label",10,8,0.03125,0.576923076923077,0.608974358974359,0.54957264957265,10,"top10","eeg_tleft_sampent_full_change_precond;eeg_t_sampent_full_change_precond;eeg_tleft_halpha_mean_full_change_precond;eeg_c_theta_mean_full_change_precond;pupil_dilation_sd_full_change_precond;gsr_skin_conductance_eda_tonic_mean_nk_full_change_precond;eeg_pright_sampent_full_change_precond;eeg_tleft_lalpha_mean_full_change_precond;eeg_fm_theta_mean_full_change_precond;eeg_fl_hbeta_mean_full_change_precond"
2025-11-26 18:13:03.460682,10,"stress_label",10,16,0.03125,0.615384615384615,0.608974358974359,0.595726495726496,10,"top10","eeg_tleft_sampent_full_change_precond;eeg_t_sampent_full_change_precond;eeg_tleft_halpha_mean_full_change_precond;eeg_c_theta_mean_full_change_precond;pupil_dilation_sd_full_change_precond;gsr_skin_conductance_eda_tonic_mean_nk_full_change_precond;eeg_pright_sampent_full_change_precond;eeg_tleft_lalpha_mean_full_change_precond;eeg_fm_theta_mean_full_change_precond;eeg_fl_hbeta_mean_full_change_precond"
2025-11-26 18:13:04.436695,10,"stress_label",10,32,0.03125,0.583333333333333,0.608974358974359,NA,10,"top10","eeg_tleft_sampent_full_change_precond;eeg_t_sampent_full_change_precond;eeg_tleft_halpha_mean_full_change_precond;eeg_c_theta_mean_full_change_precond;pupil_dilation_sd_full_change_precond;gsr_skin_conductance_eda_tonic_mean_nk_full_change_precond;eeg_pright_sampent_full_change_precond;eeg_tleft_lalpha_mean_full_change_precond;eeg_fm_theta_mean_full_change_precond;eeg_fl_hbeta_mean_full_change_precond"
2025-11-26 18:13:05.47473,10,"stress_label",10,64,0.03125,0.58974358974359,0.583333333333333,NA,10,"top10","eeg_tleft_sampent_full_change_precond;eeg_t_sampent_full_change_precond;eeg_tleft_halpha_mean_full_change_precond;eeg_c_theta_mean_full_change_precond;pupil_dilation_sd_full_change_precond;gsr_skin_conductance_eda_tonic_mean_nk_full_change_precond;eeg_pright_sampent_full_change_precond;eeg_tleft_lalpha_mean_full_change_precond;eeg_fm_theta_mean_full_change_precond;eeg_fl_hbeta_mean_full_change_precond"
2025-11-26 18:13:06.520147,10,"stress_label",10,128,0.03125,0.551282051282051,0.583333333333333,NA,10,"top10","eeg_tleft_sampent_full_change_precond;eeg_t_sampent_full_change_precond;eeg_tleft_halpha_mean_full_change_precond;eeg_c_theta_mean_full_change_precond;pupil_dilation_sd_full_change_precond;gsr_skin_conductance_eda_tonic_mean_nk_full_change_precond;eeg_pright_sampent_full_change_precond;eeg_tleft_lalpha_mean_full_change_precond;eeg_fm_theta_mean_full_change_precond;eeg_fl_hbeta_mean_full_change_precond"
2025-11-26 18:13:08.000984,10,"stress_label",10,256,0.03125,0.583333333333333,0.57051282051282,NA,10,"top10","eeg_tleft_sampent_full_change_precond;eeg_t_sampent_full_change_precond;eeg_tleft_halpha_mean_full_change_precond;eeg_c_theta_mean_full_change_precond;pupil_dilation_sd_full_change_precond;gsr_skin_conductance_eda_tonic_mean_nk_full_change_precond;eeg_pright_sampent_full_change_precond;eeg_tleft_lalpha_mean_full_change_precond;eeg_fm_theta_mean_full_change_precond;eeg_fl_hbeta_mean_full_change_precond"
2025-11-26 18:13:08.866286,10,"stress_label",10,2,0.0625,0.583333333333333,0.596153846153846,0.551282051282051,10,"top10","eeg_tleft_sampent_full_change_precond;eeg_t_sampent_full_change_precond;eeg_tleft_halpha_mean_full_change_precond;eeg_c_theta_mean_full_change_precond;pupil_dilation_sd_full_change_precond;gsr_skin_conductance_eda_tonic_mean_nk_full_change_precond;eeg_pright_sampent_full_change_precond;eeg_tleft_lalpha_mean_full_change_precond;eeg_fm_theta_mean_full_change_precond;eeg_fl_hbeta_mean_full_change_precond"
2025-11-26 18:13:09.733611,10,"stress_label",10,4,0.0625,0.564102564102564,0.58974358974359,NA,10,"top10","eeg_tleft_sampent_full_change_precond;eeg_t_sampent_full_change_precond;eeg_tleft_halpha_mean_full_change_precond;eeg_c_theta_mean_full_change_precond;pupil_dilation_sd_full_change_precond;gsr_skin_conductance_eda_tonic_mean_nk_full_change_precond;eeg_pright_sampent_full_change_precond;eeg_tleft_lalpha_mean_full_change_precond;eeg_fm_theta_mean_full_change_precond;eeg_fl_hbeta_mean_full_change_precond"
2025-11-26 18:13:10.483415,10,"stress_label",10,8,0.0625,0.57051282051282,0.608974358974359,NA,10,"top10","eeg_tleft_sampent_full_change_precond;eeg_t_sampent_full_change_precond;eeg_tleft_halpha_mean_full_change_precond;eeg_c_theta_mean_full_change_precond;pupil_dilation_sd_full_change_precond;gsr_skin_conductance_eda_tonic_mean_nk_full_change_precond;eeg_pright_sampent_full_change_precond;eeg_tleft_lalpha_mean_full_change_precond;eeg_fm_theta_mean_full_change_precond;eeg_fl_hbeta_mean_full_change_precond"
2025-11-26 18:13:11.465206,10,"stress_label",10,16,0.0625,0.551282051282051,0.602564102564103,NA,10,"top10","eeg_tleft_sampent_full_change_precond;eeg_t_sampent_full_change_precond;eeg_tleft_halpha_mean_full_change_precond;eeg_c_theta_mean_full_change_precond;pupil_dilation_sd_full_change_precond;gsr_skin_conductance_eda_tonic_mean_nk_full_change_precond;eeg_pright_sampent_full_change_precond;eeg_tleft_lalpha_mean_full_change_precond;eeg_fm_theta_mean_full_change_precond;eeg_fl_hbeta_mean_full_change_precond"
2025-11-26 18:13:12.515786,10,"stress_label",10,32,0.0625,0.551282051282051,0.576923076923077,NA,10,"top10","eeg_tleft_sampent_full_change_precond;eeg_t_sampent_full_change_precond;eeg_tleft_halpha_mean_full_change_precond;eeg_c_theta_mean_full_change_precond;pupil_dilation_sd_full_change_precond;gsr_skin_conductance_eda_tonic_mean_nk_full_change_precond;eeg_pright_sampent_full_change_precond;eeg_tleft_lalpha_mean_full_change_precond;eeg_fm_theta_mean_full_change_precond;eeg_fl_hbeta_mean_full_change_precond"
2025-11-26 18:13:13.586866,10,"stress_label",10,64,0.0625,0.583333333333333,0.576923076923077,0.588888888888889,10,"top10","eeg_tleft_sampent_full_change_precond;eeg_t_sampent_full_change_precond;eeg_tleft_halpha_mean_full_change_precond;eeg_c_theta_mean_full_change_precond;pupil_dilation_sd_full_change_precond;gsr_skin_conductance_eda_tonic_mean_nk_full_change_precond;eeg_pright_sampent_full_change_precond;eeg_tleft_lalpha_mean_full_change_precond;eeg_fm_theta_mean_full_change_precond;eeg_fl_hbeta_mean_full_change_precond"
2025-11-26 18:13:14.802992,10,"stress_label",10,128,0.0625,0.58974358974359,0.583333333333333,0.584615384615385,10,"top10","eeg_tleft_sampent_full_change_precond;eeg_t_sampent_full_change_precond;eeg_tleft_halpha_mean_full_change_precond;eeg_c_theta_mean_full_change_precond;pupil_dilation_sd_full_change_precond;gsr_skin_conductance_eda_tonic_mean_nk_full_change_precond;eeg_pright_sampent_full_change_precond;eeg_tleft_lalpha_mean_full_change_precond;eeg_fm_theta_mean_full_change_precond;eeg_fl_hbeta_mean_full_change_precond"
2025-11-26 18:13:16.021289,10,"stress_label",10,256,0.0625,0.58974358974359,0.58974358974359,NA,10,"top10","eeg_tleft_sampent_full_change_precond;eeg_t_sampent_full_change_precond;eeg_tleft_halpha_mean_full_change_precond;eeg_c_theta_mean_full_change_precond;pupil_dilation_sd_full_change_precond;gsr_skin_conductance_eda_tonic_mean_nk_full_change_precond;eeg_pright_sampent_full_change_precond;eeg_tleft_lalpha_mean_full_change_precond;eeg_fm_theta_mean_full_change_precond;eeg_fl_hbeta_mean_full_change_precond"
2025-11-26 18:13:16.820755,10,"stress_label",10,2,0.125,0.583333333333333,0.538461538461538,NA,10,"top10","eeg_tleft_sampent_full_change_precond;eeg_t_sampent_full_change_precond;eeg_tleft_halpha_mean_full_change_precond;eeg_c_theta_mean_full_change_precond;pupil_dilation_sd_full_change_precond;gsr_skin_conductance_eda_tonic_mean_nk_full_change_precond;eeg_pright_sampent_full_change_precond;eeg_tleft_lalpha_mean_full_change_precond;eeg_fm_theta_mean_full_change_precond;eeg_fl_hbeta_mean_full_change_precond"
2025-11-26 18:13:17.686524,10,"stress_label",10,4,0.125,0.58974358974359,0.583333333333333,NA,10,"top10","eeg_tleft_sampent_full_change_precond;eeg_t_sampent_full_change_precond;eeg_tleft_halpha_mean_full_change_precond;eeg_c_theta_mean_full_change_precond;pupil_dilation_sd_full_change_precond;gsr_skin_conductance_eda_tonic_mean_nk_full_change_precond;eeg_pright_sampent_full_change_precond;eeg_tleft_lalpha_mean_full_change_precond;eeg_fm_theta_mean_full_change_precond;eeg_fl_hbeta_mean_full_change_precond"
2025-11-26 18:13:18.576523,10,"stress_label",10,8,0.125,0.551282051282051,0.532051282051282,NA,10,"top10","eeg_tleft_sampent_full_change_precond;eeg_t_sampent_full_change_precond;eeg_tleft_halpha_mean_full_change_precond;eeg_c_theta_mean_full_change_precond;pupil_dilation_sd_full_change_precond;gsr_skin_conductance_eda_tonic_mean_nk_full_change_precond;eeg_pright_sampent_full_change_precond;eeg_tleft_lalpha_mean_full_change_precond;eeg_fm_theta_mean_full_change_precond;eeg_fl_hbeta_mean_full_change_precond"
2025-11-26 18:13:19.548197,10,"stress_label",10,16,0.125,0.57051282051282,0.557692307692308,0.578632478632479,10,"top10","eeg_tleft_sampent_full_change_precond;eeg_t_sampent_full_change_precond;eeg_tleft_halpha_mean_full_change_precond;eeg_c_theta_mean_full_change_precond;pupil_dilation_sd_full_change_precond;gsr_skin_conductance_eda_tonic_mean_nk_full_change_precond;eeg_pright_sampent_full_change_precond;eeg_tleft_lalpha_mean_full_change_precond;eeg_fm_theta_mean_full_change_precond;eeg_fl_hbeta_mean_full_change_precond"
2025-11-26 18:13:20.478537,10,"stress_label",10,32,0.125,0.564102564102564,0.564102564102564,0.566666666666667,10,"top10","eeg_tleft_sampent_full_change_precond;eeg_t_sampent_full_change_precond;eeg_tleft_halpha_mean_full_change_precond;eeg_c_theta_mean_full_change_precond;pupil_dilation_sd_full_change_precond;gsr_skin_conductance_eda_tonic_mean_nk_full_change_precond;eeg_pright_sampent_full_change_precond;eeg_tleft_lalpha_mean_full_change_precond;eeg_fm_theta_mean_full_change_precond;eeg_fl_hbeta_mean_full_change_precond"
2025-11-26 18:13:21.240078,10,"stress_label",10,64,0.125,0.564102564102564,0.557692307692308,NA,10,"top10","eeg_tleft_sampent_full_change_precond;eeg_t_sampent_full_change_precond;eeg_tleft_halpha_mean_full_change_precond;eeg_c_theta_mean_full_change_precond;pupil_dilation_sd_full_change_precond;gsr_skin_conductance_eda_tonic_mean_nk_full_change_precond;eeg_pright_sampent_full_change_precond;eeg_tleft_lalpha_mean_full_change_precond;eeg_fm_theta_mean_full_change_precond;eeg_fl_hbeta_mean_full_change_precond"
2025-11-26 18:13:22.264752,10,"stress_label",10,128,0.125,0.564102564102564,0.506410256410256,NA,10,"top10","eeg_tleft_sampent_full_change_precond;eeg_t_sampent_full_change_precond;eeg_tleft_halpha_mean_full_change_precond;eeg_c_theta_mean_full_change_precond;pupil_dilation_sd_full_change_precond;gsr_skin_conductance_eda_tonic_mean_nk_full_change_precond;eeg_pright_sampent_full_change_precond;eeg_tleft_lalpha_mean_full_change_precond;eeg_fm_theta_mean_full_change_precond;eeg_fl_hbeta_mean_full_change_precond"
2025-11-26 18:13:23.286629,10,"stress_label",10,256,0.125,0.564102564102564,0.557692307692308,NA,10,"top10","eeg_tleft_sampent_full_change_precond;eeg_t_sampent_full_change_precond;eeg_tleft_halpha_mean_full_change_precond;eeg_c_theta_mean_full_change_precond;pupil_dilation_sd_full_change_precond;gsr_skin_conductance_eda_tonic_mean_nk_full_change_precond;eeg_pright_sampent_full_change_precond;eeg_tleft_lalpha_mean_full_change_precond;eeg_fm_theta_mean_full_change_precond;eeg_fl_hbeta_mean_full_change_precond"
2025-11-26 18:13:24.048679,10,"stress_label",10,2,0.03,0.58974358974359,0.596153846153846,0.548717948717949,10,"top10","eeg_tleft_sampent_full_change_precond;eeg_t_sampent_full_change_precond;eeg_tleft_halpha_mean_full_change_precond;eeg_c_theta_mean_full_change_precond;pupil_dilation_sd_full_change_precond;gsr_skin_conductance_eda_tonic_mean_nk_full_change_precond;eeg_pright_sampent_full_change_precond;eeg_tleft_lalpha_mean_full_change_precond;eeg_fm_theta_mean_full_change_precond;eeg_fl_hbeta_mean_full_change_precond"
2025-11-26 18:13:24.873416,10,"stress_label",10,4,0.03,0.602564102564103,0.615384615384615,0.58034188034188,10,"top10","eeg_tleft_sampent_full_change_precond;eeg_t_sampent_full_change_precond;eeg_tleft_halpha_mean_full_change_precond;eeg_c_theta_mean_full_change_precond;pupil_dilation_sd_full_change_precond;gsr_skin_conductance_eda_tonic_mean_nk_full_change_precond;eeg_pright_sampent_full_change_precond;eeg_tleft_lalpha_mean_full_change_precond;eeg_fm_theta_mean_full_change_precond;eeg_fl_hbeta_mean_full_change_precond"
2025-11-26 18:13:25.7435,10,"stress_label",10,8,0.03,0.583333333333333,0.615384615384615,0.562393162393162,10,"top10","eeg_tleft_sampent_full_change_precond;eeg_t_sampent_full_change_precond;eeg_tleft_halpha_mean_full_change_precond;eeg_c_theta_mean_full_change_precond;pupil_dilation_sd_full_change_precond;gsr_skin_conductance_eda_tonic_mean_nk_full_change_precond;eeg_pright_sampent_full_change_precond;eeg_tleft_lalpha_mean_full_change_precond;eeg_fm_theta_mean_full_change_precond;eeg_fl_hbeta_mean_full_change_precond"
2025-11-26 18:13:26.633406,10,"stress_label",10,16,0.03,0.615384615384615,0.608974358974359,0.6,10,"top10","eeg_tleft_sampent_full_change_precond;eeg_t_sampent_full_change_precond;eeg_tleft_halpha_mean_full_change_precond;eeg_c_theta_mean_full_change_precond;pupil_dilation_sd_full_change_precond;gsr_skin_conductance_eda_tonic_mean_nk_full_change_precond;eeg_pright_sampent_full_change_precond;eeg_tleft_lalpha_mean_full_change_precond;eeg_fm_theta_mean_full_change_precond;eeg_fl_hbeta_mean_full_change_precond"
2025-11-26 18:13:27.5797,10,"stress_label",10,32,0.03,0.576923076923077,0.608974358974359,0.574358974358974,10,"top10","eeg_tleft_sampent_full_change_precond;eeg_t_sampent_full_change_precond;eeg_tleft_halpha_mean_full_change_precond;eeg_c_theta_mean_full_change_precond;pupil_dilation_sd_full_change_precond;gsr_skin_conductance_eda_tonic_mean_nk_full_change_precond;eeg_pright_sampent_full_change_precond;eeg_tleft_lalpha_mean_full_change_precond;eeg_fm_theta_mean_full_change_precond;eeg_fl_hbeta_mean_full_change_precond"
2025-11-26 18:13:28.557813,10,"stress_label",10,64,0.03,0.583333333333333,0.596153846153846,NA,10,"top10","eeg_tleft_sampent_full_change_precond;eeg_t_sampent_full_change_precond;eeg_tleft_halpha_mean_full_change_precond;eeg_c_theta_mean_full_change_precond;pupil_dilation_sd_full_change_precond;gsr_skin_conductance_eda_tonic_mean_nk_full_change_precond;eeg_pright_sampent_full_change_precond;eeg_tleft_lalpha_mean_full_change_precond;eeg_fm_theta_mean_full_change_precond;eeg_fl_hbeta_mean_full_change_precond"
2025-11-26 18:13:29.659924,10,"stress_label",10,128,0.03,0.576923076923077,0.583333333333333,NA,10,"top10","eeg_tleft_sampent_full_change_precond;eeg_t_sampent_full_change_precond;eeg_tleft_halpha_mean_full_change_precond;eeg_c_theta_mean_full_change_precond;pupil_dilation_sd_full_change_precond;gsr_skin_conductance_eda_tonic_mean_nk_full_change_precond;eeg_pright_sampent_full_change_precond;eeg_tleft_lalpha_mean_full_change_precond;eeg_fm_theta_mean_full_change_precond;eeg_fl_hbeta_mean_full_change_precond"
2025-11-26 18:13:31.12193,10,"stress_label",10,256,0.03,0.57051282051282,0.551282051282051,NA,10,"top10","eeg_tleft_sampent_full_change_precond;eeg_t_sampent_full_change_precond;eeg_tleft_halpha_mean_full_change_precond;eeg_c_theta_mean_full_change_precond;pupil_dilation_sd_full_change_precond;gsr_skin_conductance_eda_tonic_mean_nk_full_change_precond;eeg_pright_sampent_full_change_precond;eeg_tleft_lalpha_mean_full_change_precond;eeg_fm_theta_mean_full_change_precond;eeg_fl_hbeta_mean_full_change_precond"
2025-11-26 18:13:31.995587,10,"stress_label",10,2,0.06,0.58974358974359,0.596153846153846,0.553846153846154,10,"top10","eeg_tleft_sampent_full_change_precond;eeg_t_sampent_full_change_precond;eeg_tleft_halpha_mean_full_change_precond;eeg_c_theta_mean_full_change_precond;pupil_dilation_sd_full_change_precond;gsr_skin_conductance_eda_tonic_mean_nk_full_change_precond;eeg_pright_sampent_full_change_precond;eeg_tleft_lalpha_mean_full_change_precond;eeg_fm_theta_mean_full_change_precond;eeg_fl_hbeta_mean_full_change_precond"
2025-11-26 18:13:32.816249,10,"stress_label",10,4,0.06,0.564102564102564,0.58974358974359,NA,10,"top10","eeg_tleft_sampent_full_change_precond;eeg_t_sampent_full_change_precond;eeg_tleft_halpha_mean_full_change_precond;eeg_c_theta_mean_full_change_precond;pupil_dilation_sd_full_change_precond;gsr_skin_conductance_eda_tonic_mean_nk_full_change_precond;eeg_pright_sampent_full_change_precond;eeg_tleft_lalpha_mean_full_change_precond;eeg_fm_theta_mean_full_change_precond;eeg_fl_hbeta_mean_full_change_precond"
2025-11-26 18:13:33.68367,10,"stress_label",10,8,0.06,0.57051282051282,0.608974358974359,NA,10,"top10","eeg_tleft_sampent_full_change_precond;eeg_t_sampent_full_change_precond;eeg_tleft_halpha_mean_full_change_precond;eeg_c_theta_mean_full_change_precond;pupil_dilation_sd_full_change_precond;gsr_skin_conductance_eda_tonic_mean_nk_full_change_precond;eeg_pright_sampent_full_change_precond;eeg_tleft_lalpha_mean_full_change_precond;eeg_fm_theta_mean_full_change_precond;eeg_fl_hbeta_mean_full_change_precond"
2025-11-26 18:13:34.612063,10,"stress_label",10,16,0.06,0.57051282051282,0.608974358974359,NA,10,"top10","eeg_tleft_sampent_full_change_precond;eeg_t_sampent_full_change_precond;eeg_tleft_halpha_mean_full_change_precond;eeg_c_theta_mean_full_change_precond;pupil_dilation_sd_full_change_precond;gsr_skin_conductance_eda_tonic_mean_nk_full_change_precond;eeg_pright_sampent_full_change_precond;eeg_tleft_lalpha_mean_full_change_precond;eeg_fm_theta_mean_full_change_precond;eeg_fl_hbeta_mean_full_change_precond"
2025-11-26 18:13:35.666362,10,"stress_label",10,32,0.06,0.544871794871795,0.576923076923077,NA,10,"top10","eeg_tleft_sampent_full_change_precond;eeg_t_sampent_full_change_precond;eeg_tleft_halpha_mean_full_change_precond;eeg_c_theta_mean_full_change_precond;pupil_dilation_sd_full_change_precond;gsr_skin_conductance_eda_tonic_mean_nk_full_change_precond;eeg_pright_sampent_full_change_precond;eeg_tleft_lalpha_mean_full_change_precond;eeg_fm_theta_mean_full_change_precond;eeg_fl_hbeta_mean_full_change_precond"
2025-11-26 18:13:36.78442,10,"stress_label",10,64,0.06,0.576923076923077,0.58974358974359,0.58034188034188,10,"top10","eeg_tleft_sampent_full_change_precond;eeg_t_sampent_full_change_precond;eeg_tleft_halpha_mean_full_change_precond;eeg_c_theta_mean_full_change_precond;pupil_dilation_sd_full_change_precond;gsr_skin_conductance_eda_tonic_mean_nk_full_change_precond;eeg_pright_sampent_full_change_precond;eeg_tleft_lalpha_mean_full_change_precond;eeg_fm_theta_mean_full_change_precond;eeg_fl_hbeta_mean_full_change_precond"
2025-11-26 18:13:37.995864,10,"stress_label",10,128,0.06,0.583333333333333,0.557692307692308,NA,10,"top10","eeg_tleft_sampent_full_change_precond;eeg_t_sampent_full_change_precond;eeg_tleft_halpha_mean_full_change_precond;eeg_c_theta_mean_full_change_precond;pupil_dilation_sd_full_change_precond;gsr_skin_conductance_eda_tonic_mean_nk_full_change_precond;eeg_pright_sampent_full_change_precond;eeg_tleft_lalpha_mean_full_change_precond;eeg_fm_theta_mean_full_change_precond;eeg_fl_hbeta_mean_full_change_precond"
2025-11-26 18:13:39.270244,10,"stress_label",10,256,0.06,0.58974358974359,0.58974358974359,NA,10,"top10","eeg_tleft_sampent_full_change_precond;eeg_t_sampent_full_change_precond;eeg_tleft_halpha_mean_full_change_precond;eeg_c_theta_mean_full_change_precond;pupil_dilation_sd_full_change_precond;gsr_skin_conductance_eda_tonic_mean_nk_full_change_precond;eeg_pright_sampent_full_change_precond;eeg_tleft_lalpha_mean_full_change_precond;eeg_fm_theta_mean_full_change_precond;eeg_fl_hbeta_mean_full_change_precond"
2025-11-26 18:13:40.164949,10,"stress_label",10,2,0.1,0.57051282051282,0.557692307692308,NA,10,"top10","eeg_tleft_sampent_full_change_precond;eeg_t_sampent_full_change_precond;eeg_tleft_halpha_mean_full_change_precond;eeg_c_theta_mean_full_change_precond;pupil_dilation_sd_full_change_precond;gsr_skin_conductance_eda_tonic_mean_nk_full_change_precond;eeg_pright_sampent_full_change_precond;eeg_tleft_lalpha_mean_full_change_precond;eeg_fm_theta_mean_full_change_precond;eeg_fl_hbeta_mean_full_change_precond"
2025-11-26 18:13:41.049186,10,"stress_label",10,4,0.1,0.576923076923077,0.58974358974359,NA,10,"top10","eeg_tleft_sampent_full_change_precond;eeg_t_sampent_full_change_precond;eeg_tleft_halpha_mean_full_change_precond;eeg_c_theta_mean_full_change_precond;pupil_dilation_sd_full_change_precond;gsr_skin_conductance_eda_tonic_mean_nk_full_change_precond;eeg_pright_sampent_full_change_precond;eeg_tleft_lalpha_mean_full_change_precond;eeg_fm_theta_mean_full_change_precond;eeg_fl_hbeta_mean_full_change_precond"
2025-11-26 18:13:41.997872,10,"stress_label",10,8,0.1,0.557692307692308,0.583333333333333,NA,10,"top10","eeg_tleft_sampent_full_change_precond;eeg_t_sampent_full_change_precond;eeg_tleft_halpha_mean_full_change_precond;eeg_c_theta_mean_full_change_precond;pupil_dilation_sd_full_change_precond;gsr_skin_conductance_eda_tonic_mean_nk_full_change_precond;eeg_pright_sampent_full_change_precond;eeg_tleft_lalpha_mean_full_change_precond;eeg_fm_theta_mean_full_change_precond;eeg_fl_hbeta_mean_full_change_precond"
2025-11-26 18:13:42.989133,10,"stress_label",10,16,0.1,0.564102564102564,0.564102564102564,NA,10,"top10","eeg_tleft_sampent_full_change_precond;eeg_t_sampent_full_change_precond;eeg_tleft_halpha_mean_full_change_precond;eeg_c_theta_mean_full_change_precond;pupil_dilation_sd_full_change_precond;gsr_skin_conductance_eda_tonic_mean_nk_full_change_precond;eeg_pright_sampent_full_change_precond;eeg_tleft_lalpha_mean_full_change_precond;eeg_fm_theta_mean_full_change_precond;eeg_fl_hbeta_mean_full_change_precond"
2025-11-26 18:13:44.022295,10,"stress_label",10,32,0.1,0.583333333333333,0.557692307692308,0.587179487179487,10,"top10","eeg_tleft_sampent_full_change_precond;eeg_t_sampent_full_change_precond;eeg_tleft_halpha_mean_full_change_precond;eeg_c_theta_mean_full_change_precond;pupil_dilation_sd_full_change_precond;gsr_skin_conductance_eda_tonic_mean_nk_full_change_precond;eeg_pright_sampent_full_change_precond;eeg_tleft_lalpha_mean_full_change_precond;eeg_fm_theta_mean_full_change_precond;eeg_fl_hbeta_mean_full_change_precond"
2025-11-26 18:13:45.251079,10,"stress_label",10,64,0.1,0.57051282051282,0.57051282051282,NA,10,"top10","eeg_tleft_sampent_full_change_precond;eeg_t_sampent_full_change_precond;eeg_tleft_halpha_mean_full_change_precond;eeg_c_theta_mean_full_change_precond;pupil_dilation_sd_full_change_precond;gsr_skin_conductance_eda_tonic_mean_nk_full_change_precond;eeg_pright_sampent_full_change_precond;eeg_tleft_lalpha_mean_full_change_precond;eeg_fm_theta_mean_full_change_precond;eeg_fl_hbeta_mean_full_change_precond"
2025-11-26 18:13:46.305269,10,"stress_label",10,128,0.1,0.564102564102564,0.564102564102564,NA,10,"top10","eeg_tleft_sampent_full_change_precond;eeg_t_sampent_full_change_precond;eeg_tleft_halpha_mean_full_change_precond;eeg_c_theta_mean_full_change_precond;pupil_dilation_sd_full_change_precond;gsr_skin_conductance_eda_tonic_mean_nk_full_change_precond;eeg_pright_sampent_full_change_precond;eeg_tleft_lalpha_mean_full_change_precond;eeg_fm_theta_mean_full_change_precond;eeg_fl_hbeta_mean_full_change_precond"
2025-11-26 18:13:47.38698,10,"stress_label",10,256,0.1,0.564102564102564,0.564102564102564,NA,10,"top10","eeg_tleft_sampent_full_change_precond;eeg_t_sampent_full_change_precond;eeg_tleft_halpha_mean_full_change_precond;eeg_c_theta_mean_full_change_precond;pupil_dilation_sd_full_change_precond;gsr_skin_conductance_eda_tonic_mean_nk_full_change_precond;eeg_pright_sampent_full_change_precond;eeg_tleft_lalpha_mean_full_change_precond;eeg_fm_theta_mean_full_change_precond;eeg_fl_hbeta_mean_full_change_precond"
2025-11-26 18:13:48.2308,10,"stress_label",5,2,0.0078125,0.596153846153846,0.641025641025641,0.599145299145299,5,"top5","eeg_tleft_sampent_full_change_precond;eeg_t_sampent_full_change_precond;eeg_tleft_halpha_mean_full_change_precond;eeg_c_theta_mean_full_change_precond;pupil_dilation_sd_full_change_precond"
2025-11-26 18:13:48.993147,10,"stress_label",5,4,0.0078125,0.58974358974359,0.666666666666667,0.601709401709402,5,"top5","eeg_tleft_sampent_full_change_precond;eeg_t_sampent_full_change_precond;eeg_tleft_halpha_mean_full_change_precond;eeg_c_theta_mean_full_change_precond;pupil_dilation_sd_full_change_precond"
2025-11-26 18:13:49.60456,10,"stress_label",5,8,0.0078125,0.583333333333333,0.641025641025641,0.583760683760684,5,"top5","eeg_tleft_sampent_full_change_precond;eeg_t_sampent_full_change_precond;eeg_tleft_halpha_mean_full_change_precond;eeg_c_theta_mean_full_change_precond;pupil_dilation_sd_full_change_precond"
2025-11-26 18:13:50.324115,10,"stress_label",5,16,0.0078125,0.57051282051282,0.647435897435897,0.554700854700855,5,"top5","eeg_tleft_sampent_full_change_precond;eeg_t_sampent_full_change_precond;eeg_tleft_halpha_mean_full_change_precond;eeg_c_theta_mean_full_change_precond;pupil_dilation_sd_full_change_precond"
2025-11-26 18:13:51.083024,10,"stress_label",5,32,0.0078125,0.57051282051282,0.647435897435897,0.547008547008547,5,"top5","eeg_tleft_sampent_full_change_precond;eeg_t_sampent_full_change_precond;eeg_tleft_halpha_mean_full_change_precond;eeg_c_theta_mean_full_change_precond;pupil_dilation_sd_full_change_precond"
2025-11-26 18:13:51.863022,10,"stress_label",5,64,0.0078125,0.557692307692308,0.628205128205128,0.523931623931624,5,"top5","eeg_tleft_sampent_full_change_precond;eeg_t_sampent_full_change_precond;eeg_tleft_halpha_mean_full_change_precond;eeg_c_theta_mean_full_change_precond;pupil_dilation_sd_full_change_precond"
2025-11-26 18:13:52.688754,10,"stress_label",5,128,0.0078125,0.532051282051282,0.602564102564103,0.504273504273504,5,"top5","eeg_tleft_sampent_full_change_precond;eeg_t_sampent_full_change_precond;eeg_tleft_halpha_mean_full_change_precond;eeg_c_theta_mean_full_change_precond;pupil_dilation_sd_full_change_precond"
2025-11-26 18:13:53.497465,10,"stress_label",5,256,0.0078125,0.538461538461538,0.602564102564103,0.506837606837607,5,"top5","eeg_tleft_sampent_full_change_precond;eeg_t_sampent_full_change_precond;eeg_tleft_halpha_mean_full_change_precond;eeg_c_theta_mean_full_change_precond;pupil_dilation_sd_full_change_precond"
2025-11-26 18:13:54.271758,10,"stress_label",5,2,0.015625,0.583333333333333,0.66025641025641,0.588888888888889,5,"top5","eeg_tleft_sampent_full_change_precond;eeg_t_sampent_full_change_precond;eeg_tleft_halpha_mean_full_change_precond;eeg_c_theta_mean_full_change_precond;pupil_dilation_sd_full_change_precond"
2025-11-26 18:13:55.023817,10,"stress_label",5,4,0.015625,0.58974358974359,0.641025641025641,0.577777777777778,5,"top5","eeg_tleft_sampent_full_change_precond;eeg_t_sampent_full_change_precond;eeg_tleft_halpha_mean_full_change_precond;eeg_c_theta_mean_full_change_precond;pupil_dilation_sd_full_change_precond"
2025-11-26 18:13:55.76698,10,"stress_label",5,8,0.015625,0.576923076923077,0.647435897435897,0.555555555555556,5,"top5","eeg_tleft_sampent_full_change_precond;eeg_t_sampent_full_change_precond;eeg_tleft_halpha_mean_full_change_precond;eeg_c_theta_mean_full_change_precond;pupil_dilation_sd_full_change_precond"
2025-11-26 18:13:56.435355,10,"stress_label",5,16,0.015625,0.557692307692308,0.647435897435897,0.536752136752137,5,"top5","eeg_tleft_sampent_full_change_precond;eeg_t_sampent_full_change_precond;eeg_tleft_halpha_mean_full_change_precond;eeg_c_theta_mean_full_change_precond;pupil_dilation_sd_full_change_precond"
2025-11-26 18:13:57.203867,10,"stress_label",5,32,0.015625,0.532051282051282,0.608974358974359,0.506837606837607,5,"top5","eeg_tleft_sampent_full_change_precond;eeg_t_sampent_full_change_precond;eeg_tleft_halpha_mean_full_change_precond;eeg_c_theta_mean_full_change_precond;pupil_dilation_sd_full_change_precond"
2025-11-26 18:13:57.926308,10,"stress_label",5,64,0.015625,0.544871794871795,0.596153846153846,0.505128205128205,5,"top5","eeg_tleft_sampent_full_change_precond;eeg_t_sampent_full_change_precond;eeg_tleft_halpha_mean_full_change_precond;eeg_c_theta_mean_full_change_precond;pupil_dilation_sd_full_change_precond"
2025-11-26 18:13:58.683655,10,"stress_label",5,128,0.015625,0.519230769230769,0.58974358974359,0.496581196581197,5,"top5","eeg_tleft_sampent_full_change_precond;eeg_t_sampent_full_change_precond;eeg_tleft_halpha_mean_full_change_precond;eeg_c_theta_mean_full_change_precond;pupil_dilation_sd_full_change_precond"
2025-11-26 18:13:59.48484,10,"stress_label",5,256,0.015625,0.57051282051282,0.576923076923077,NA,5,"top5","eeg_tleft_sampent_full_change_precond;eeg_t_sampent_full_change_precond;eeg_tleft_halpha_mean_full_change_precond;eeg_c_theta_mean_full_change_precond;pupil_dilation_sd_full_change_precond"
2025-11-26 18:14:00.20949,10,"stress_label",5,2,0.03125,0.58974358974359,0.666666666666667,0.573504273504273,5,"top5","eeg_tleft_sampent_full_change_precond;eeg_t_sampent_full_change_precond;eeg_tleft_halpha_mean_full_change_precond;eeg_c_theta_mean_full_change_precond;pupil_dilation_sd_full_change_precond"
2025-11-26 18:14:00.940191,10,"stress_label",5,4,0.03125,0.564102564102564,0.647435897435897,0.544444444444444,5,"top5","eeg_tleft_sampent_full_change_precond;eeg_t_sampent_full_change_precond;eeg_tleft_halpha_mean_full_change_precond;eeg_c_theta_mean_full_change_precond;pupil_dilation_sd_full_change_precond"
2025-11-26 18:14:01.573876,10,"stress_label",5,8,0.03125,0.532051282051282,0.602564102564103,NA,5,"top5","eeg_tleft_sampent_full_change_precond;eeg_t_sampent_full_change_precond;eeg_tleft_halpha_mean_full_change_precond;eeg_c_theta_mean_full_change_precond;pupil_dilation_sd_full_change_precond"
2025-11-26 18:14:02.286704,10,"stress_label",5,16,0.03125,0.538461538461538,0.576923076923077,NA,5,"top5","eeg_tleft_sampent_full_change_precond;eeg_t_sampent_full_change_precond;eeg_tleft_halpha_mean_full_change_precond;eeg_c_theta_mean_full_change_precond;pupil_dilation_sd_full_change_precond"
2025-11-26 18:14:03.056383,10,"stress_label",5,32,0.03125,0.532051282051282,0.602564102564103,0.487179487179487,5,"top5","eeg_tleft_sampent_full_change_precond;eeg_t_sampent_full_change_precond;eeg_tleft_halpha_mean_full_change_precond;eeg_c_theta_mean_full_change_precond;pupil_dilation_sd_full_change_precond"
2025-11-26 18:14:03.887618,10,"stress_label",5,64,0.03125,0.557692307692308,0.576923076923077,NA,5,"top5","eeg_tleft_sampent_full_change_precond;eeg_t_sampent_full_change_precond;eeg_tleft_halpha_mean_full_change_precond;eeg_c_theta_mean_full_change_precond;pupil_dilation_sd_full_change_precond"
2025-11-26 18:14:04.863905,10,"stress_label",5,128,0.03125,0.58974358974359,0.58974358974359,NA,5,"top5","eeg_tleft_sampent_full_change_precond;eeg_t_sampent_full_change_precond;eeg_tleft_halpha_mean_full_change_precond;eeg_c_theta_mean_full_change_precond;pupil_dilation_sd_full_change_precond"
2025-11-26 18:14:06.022145,10,"stress_label",5,256,0.03125,0.551282051282051,0.583333333333333,NA,5,"top5","eeg_tleft_sampent_full_change_precond;eeg_t_sampent_full_change_precond;eeg_tleft_halpha_mean_full_change_precond;eeg_c_theta_mean_full_change_precond;pupil_dilation_sd_full_change_precond"
2025-11-26 18:14:06.785426,10,"stress_label",5,2,0.0625,0.544871794871795,0.58974358974359,0.512820512820513,5,"top5","eeg_tleft_sampent_full_change_precond;eeg_t_sampent_full_change_precond;eeg_tleft_halpha_mean_full_change_precond;eeg_c_theta_mean_full_change_precond;pupil_dilation_sd_full_change_precond"
2025-11-26 18:14:07.564681,10,"stress_label",5,4,0.0625,0.525641025641026,0.57051282051282,0.484615384615385,5,"top5","eeg_tleft_sampent_full_change_precond;eeg_t_sampent_full_change_precond;eeg_tleft_halpha_mean_full_change_precond;eeg_c_theta_mean_full_change_precond;pupil_dilation_sd_full_change_precond"
2025-11-26 18:14:08.316518,10,"stress_label",5,8,0.0625,0.532051282051282,0.58974358974359,0.494871794871795,5,"top5","eeg_tleft_sampent_full_change_precond;eeg_t_sampent_full_change_precond;eeg_tleft_halpha_mean_full_change_precond;eeg_c_theta_mean_full_change_precond;pupil_dilation_sd_full_change_precond"
2025-11-26 18:14:09.13397,10,"stress_label",5,16,0.0625,0.519230769230769,0.576923076923077,NA,5,"top5","eeg_tleft_sampent_full_change_precond;eeg_t_sampent_full_change_precond;eeg_tleft_halpha_mean_full_change_precond;eeg_c_theta_mean_full_change_precond;pupil_dilation_sd_full_change_precond"
2025-11-26 18:14:10.013452,10,"stress_label",5,32,0.0625,0.557692307692308,0.583333333333333,NA,5,"top5","eeg_tleft_sampent_full_change_precond;eeg_t_sampent_full_change_precond;eeg_tleft_halpha_mean_full_change_precond;eeg_c_theta_mean_full_change_precond;pupil_dilation_sd_full_change_precond"
2025-11-26 18:14:10.953908,10,"stress_label",5,64,0.0625,0.576923076923077,0.615384615384615,NA,5,"top5","eeg_tleft_sampent_full_change_precond;eeg_t_sampent_full_change_precond;eeg_tleft_halpha_mean_full_change_precond;eeg_c_theta_mean_full_change_precond;pupil_dilation_sd_full_change_precond"
2025-11-26 18:14:11.952663,10,"stress_label",5,128,0.0625,0.564102564102564,0.608974358974359,0.532478632478632,5,"top5","eeg_tleft_sampent_full_change_precond;eeg_t_sampent_full_change_precond;eeg_tleft_halpha_mean_full_change_precond;eeg_c_theta_mean_full_change_precond;pupil_dilation_sd_full_change_precond"
2025-11-26 18:14:13.219891,10,"stress_label",5,256,0.0625,0.58974358974359,0.596153846153846,0.581196581196581,5,"top5","eeg_tleft_sampent_full_change_precond;eeg_t_sampent_full_change_precond;eeg_tleft_halpha_mean_full_change_precond;eeg_c_theta_mean_full_change_precond;pupil_dilation_sd_full_change_precond"
2025-11-26 18:14:13.972627,10,"stress_label",5,2,0.125,0.532051282051282,0.557692307692308,0.485470085470085,5,"top5","eeg_tleft_sampent_full_change_precond;eeg_t_sampent_full_change_precond;eeg_tleft_halpha_mean_full_change_precond;eeg_c_theta_mean_full_change_precond;pupil_dilation_sd_full_change_precond"
2025-11-26 18:14:14.758068,10,"stress_label",5,4,0.125,0.506410256410256,0.576923076923077,NA,5,"top5","eeg_tleft_sampent_full_change_precond;eeg_t_sampent_full_change_precond;eeg_tleft_halpha_mean_full_change_precond;eeg_c_theta_mean_full_change_precond;pupil_dilation_sd_full_change_precond"
2025-11-26 18:14:15.555312,10,"stress_label",5,8,0.125,0.58974358974359,0.641025641025641,NA,5,"top5","eeg_tleft_sampent_full_change_precond;eeg_t_sampent_full_change_precond;eeg_tleft_halpha_mean_full_change_precond;eeg_c_theta_mean_full_change_precond;pupil_dilation_sd_full_change_precond"
2025-11-26 18:14:16.384161,10,"stress_label",5,16,0.125,0.58974358974359,0.634615384615385,NA,5,"top5","eeg_tleft_sampent_full_change_precond;eeg_t_sampent_full_change_precond;eeg_tleft_halpha_mean_full_change_precond;eeg_c_theta_mean_full_change_precond;pupil_dilation_sd_full_change_precond"
2025-11-26 18:14:17.284248,10,"stress_label",5,32,0.125,0.583333333333333,0.634615384615385,NA,5,"top5","eeg_tleft_sampent_full_change_precond;eeg_t_sampent_full_change_precond;eeg_tleft_halpha_mean_full_change_precond;eeg_c_theta_mean_full_change_precond;pupil_dilation_sd_full_change_precond"
2025-11-26 18:14:18.261929,10,"stress_label",5,64,0.125,0.576923076923077,0.583333333333333,0.57948717948718,5,"top5","eeg_tleft_sampent_full_change_precond;eeg_t_sampent_full_change_precond;eeg_tleft_halpha_mean_full_change_precond;eeg_c_theta_mean_full_change_precond;pupil_dilation_sd_full_change_precond"
2025-11-26 18:14:19.442654,10,"stress_label",5,128,0.125,0.596153846153846,0.576923076923077,0.592307692307692,5,"top5","eeg_tleft_sampent_full_change_precond;eeg_t_sampent_full_change_precond;eeg_tleft_halpha_mean_full_change_precond;eeg_c_theta_mean_full_change_precond;pupil_dilation_sd_full_change_precond"
2025-11-26 18:14:20.783539,10,"stress_label",5,256,0.125,0.608974358974359,0.602564102564103,0.61025641025641,5,"top5","eeg_tleft_sampent_full_change_precond;eeg_t_sampent_full_change_precond;eeg_tleft_halpha_mean_full_change_precond;eeg_c_theta_mean_full_change_precond;pupil_dilation_sd_full_change_precond"
2025-11-26 18:14:21.534672,10,"stress_label",5,2,0.03,0.58974358974359,0.66025641025641,0.573504273504273,5,"top5","eeg_tleft_sampent_full_change_precond;eeg_t_sampent_full_change_precond;eeg_tleft_halpha_mean_full_change_precond;eeg_c_theta_mean_full_change_precond;pupil_dilation_sd_full_change_precond"
2025-11-26 18:14:22.314377,10,"stress_label",5,4,0.03,0.564102564102564,0.647435897435897,0.544444444444444,5,"top5","eeg_tleft_sampent_full_change_precond;eeg_t_sampent_full_change_precond;eeg_tleft_halpha_mean_full_change_precond;eeg_c_theta_mean_full_change_precond;pupil_dilation_sd_full_change_precond"
2025-11-26 18:14:23.079879,10,"stress_label",5,8,0.03,0.538461538461538,0.615384615384615,0.511111111111111,5,"top5","eeg_tleft_sampent_full_change_precond;eeg_t_sampent_full_change_precond;eeg_tleft_halpha_mean_full_change_precond;eeg_c_theta_mean_full_change_precond;pupil_dilation_sd_full_change_precond"
2025-11-26 18:14:23.883353,10,"stress_label",5,16,0.03,0.538461538461538,0.576923076923077,NA,5,"top5","eeg_tleft_sampent_full_change_precond;eeg_t_sampent_full_change_precond;eeg_tleft_halpha_mean_full_change_precond;eeg_c_theta_mean_full_change_precond;pupil_dilation_sd_full_change_precond"
2025-11-26 18:14:24.561424,10,"stress_label",5,32,0.03,0.538461538461538,0.58974358974359,0.495726495726496,5,"top5","eeg_tleft_sampent_full_change_precond;eeg_t_sampent_full_change_precond;eeg_tleft_halpha_mean_full_change_precond;eeg_c_theta_mean_full_change_precond;pupil_dilation_sd_full_change_precond"
2025-11-26 18:14:25.243875,10,"stress_label",5,64,0.03,0.551282051282051,0.583333333333333,NA,5,"top5","eeg_tleft_sampent_full_change_precond;eeg_t_sampent_full_change_precond;eeg_tleft_halpha_mean_full_change_precond;eeg_c_theta_mean_full_change_precond;pupil_dilation_sd_full_change_precond"
2025-11-26 18:14:26.194497,10,"stress_label",5,128,0.03,0.576923076923077,0.596153846153846,NA,5,"top5","eeg_tleft_sampent_full_change_precond;eeg_t_sampent_full_change_precond;eeg_tleft_halpha_mean_full_change_precond;eeg_c_theta_mean_full_change_precond;pupil_dilation_sd_full_change_precond"
2025-11-26 18:14:27.327836,10,"stress_label",5,256,0.03,0.557692307692308,0.576923076923077,NA,5,"top5","eeg_tleft_sampent_full_change_precond;eeg_t_sampent_full_change_precond;eeg_tleft_halpha_mean_full_change_precond;eeg_c_theta_mean_full_change_precond;pupil_dilation_sd_full_change_precond"
2025-11-26 18:14:28.085919,10,"stress_label",5,2,0.06,0.544871794871795,0.608974358974359,0.512820512820513,5,"top5","eeg_tleft_sampent_full_change_precond;eeg_t_sampent_full_change_precond;eeg_tleft_halpha_mean_full_change_precond;eeg_c_theta_mean_full_change_precond;pupil_dilation_sd_full_change_precond"
2025-11-26 18:14:28.858756,10,"stress_label",5,4,0.06,0.519230769230769,0.57051282051282,0.484615384615385,5,"top5","eeg_tleft_sampent_full_change_precond;eeg_t_sampent_full_change_precond;eeg_tleft_halpha_mean_full_change_precond;eeg_c_theta_mean_full_change_precond;pupil_dilation_sd_full_change_precond"
2025-11-26 18:14:29.531275,10,"stress_label",5,8,0.06,0.532051282051282,0.58974358974359,0.494871794871795,5,"top5","eeg_tleft_sampent_full_change_precond;eeg_t_sampent_full_change_precond;eeg_tleft_halpha_mean_full_change_precond;eeg_c_theta_mean_full_change_precond;pupil_dilation_sd_full_change_precond"
2025-11-26 18:14:30.25538,10,"stress_label",5,16,0.06,0.519230769230769,0.583333333333333,NA,5,"top5","eeg_tleft_sampent_full_change_precond;eeg_t_sampent_full_change_precond;eeg_tleft_halpha_mean_full_change_precond;eeg_c_theta_mean_full_change_precond;pupil_dilation_sd_full_change_precond"
2025-11-26 18:14:31.073987,10,"stress_label",5,32,0.06,0.557692307692308,0.576923076923077,NA,5,"top5","eeg_tleft_sampent_full_change_precond;eeg_t_sampent_full_change_precond;eeg_tleft_halpha_mean_full_change_precond;eeg_c_theta_mean_full_change_precond;pupil_dilation_sd_full_change_precond"
2025-11-26 18:14:31.935696,10,"stress_label",5,64,0.06,0.576923076923077,0.608974358974359,NA,5,"top5","eeg_tleft_sampent_full_change_precond;eeg_t_sampent_full_change_precond;eeg_tleft_halpha_mean_full_change_precond;eeg_c_theta_mean_full_change_precond;pupil_dilation_sd_full_change_precond"
2025-11-26 18:14:32.96631,10,"stress_label",5,128,0.06,0.57051282051282,0.608974358974359,0.532478632478632,5,"top5","eeg_tleft_sampent_full_change_precond;eeg_t_sampent_full_change_precond;eeg_tleft_halpha_mean_full_change_precond;eeg_c_theta_mean_full_change_precond;pupil_dilation_sd_full_change_precond"
2025-11-26 18:14:34.272888,10,"stress_label",5,256,0.06,0.576923076923077,0.608974358974359,0.564102564102564,5,"top5","eeg_tleft_sampent_full_change_precond;eeg_t_sampent_full_change_precond;eeg_tleft_halpha_mean_full_change_precond;eeg_c_theta_mean_full_change_precond;pupil_dilation_sd_full_change_precond"
2025-11-26 18:14:34.890724,10,"stress_label",5,2,0.1,0.532051282051282,0.57051282051282,0.493162393162393,5,"top5","eeg_tleft_sampent_full_change_precond;eeg_t_sampent_full_change_precond;eeg_tleft_halpha_mean_full_change_precond;eeg_c_theta_mean_full_change_precond;pupil_dilation_sd_full_change_precond"
2025-11-26 18:14:35.574788,10,"stress_label",5,4,0.1,0.538461538461538,0.57051282051282,0.488034188034188,5,"top5","eeg_tleft_sampent_full_change_precond;eeg_t_sampent_full_change_precond;eeg_tleft_halpha_mean_full_change_precond;eeg_c_theta_mean_full_change_precond;pupil_dilation_sd_full_change_precond"
2025-11-26 18:14:36.241437,10,"stress_label",5,8,0.1,0.525641025641026,0.596153846153846,NA,5,"top5","eeg_tleft_sampent_full_change_precond;eeg_t_sampent_full_change_precond;eeg_tleft_halpha_mean_full_change_precond;eeg_c_theta_mean_full_change_precond;pupil_dilation_sd_full_change_precond"
2025-11-26 18:14:37.036119,10,"stress_label",5,16,0.1,0.58974358974359,0.628205128205128,NA,5,"top5","eeg_tleft_sampent_full_change_precond;eeg_t_sampent_full_change_precond;eeg_tleft_halpha_mean_full_change_precond;eeg_c_theta_mean_full_change_precond;pupil_dilation_sd_full_change_precond"
2025-11-26 18:14:37.903181,10,"stress_label",5,32,0.1,0.583333333333333,0.615384615384615,NA,5,"top5","eeg_tleft_sampent_full_change_precond;eeg_t_sampent_full_change_precond;eeg_tleft_halpha_mean_full_change_precond;eeg_c_theta_mean_full_change_precond;pupil_dilation_sd_full_change_precond"
2025-11-26 18:14:38.875675,10,"stress_label",5,64,0.1,0.596153846153846,0.615384615384615,0.588888888888889,5,"top5","eeg_tleft_sampent_full_change_precond;eeg_t_sampent_full_change_precond;eeg_tleft_halpha_mean_full_change_precond;eeg_c_theta_mean_full_change_precond;pupil_dilation_sd_full_change_precond"
2025-11-26 18:14:39.96232,10,"stress_label",5,128,0.1,0.57051282051282,0.58974358974359,0.575213675213675,5,"top5","eeg_tleft_sampent_full_change_precond;eeg_t_sampent_full_change_precond;eeg_tleft_halpha_mean_full_change_precond;eeg_c_theta_mean_full_change_precond;pupil_dilation_sd_full_change_precond"
2025-11-26 18:14:41.476392,10,"stress_label",5,256,0.1,0.608974358974359,0.583333333333333,0.604273504273504,5,"top5","eeg_tleft_sampent_full_change_precond;eeg_t_sampent_full_change_precond;eeg_tleft_halpha_mean_full_change_precond;eeg_c_theta_mean_full_change_precond;pupil_dilation_sd_full_change_precond"
2025-11-26 18:14:42.667489,11,"stress_label",20,2,0.0078125,0.564102564102564,0.602564102564103,0.530769230769231,20,"top20","eeg_tleft_sampent_full_change_precond;pupil_dilation_sd_full_change_precond;eeg_tleft_lalpha_mean_full_change_precond;eeg_tleft_halpha_mean_full_change_precond;eeg_t_sampent_full_change_precond;eeg_pright_sampent_full_change_precond;gsr_skin_conductance_eda_tonic_mean_nk_full_change_precond;eeg_fl_hbeta_mean_full_change_precond;eeg_tright_halpha_mean_full_change_precond;hrv_rmssd_full_change_precond;eeg_fr_sampent_full_change_precond;eeg_c_sampent_full_change_precond;eeg_fm_sampent_full_change_precond;eeg_fm_theta_mean_full_change_precond;hr_heartrate_bpm_med_abs_full_change_precond;eeg_c_specent_full_change_precond;eeg_ab_ratio_full_change_precond;gsr_skin_conductance_eda_pkrate_nk_full_change_precond;eeg_tleft_hbeta_mean_full_change_precond;gsr_skin_conductance_eda_tonic_sd_nk_full_change_precond"
2025-11-26 18:14:43.699724,11,"stress_label",20,4,0.0078125,0.544871794871795,0.576923076923077,0.506837606837607,20,"top20","eeg_tleft_sampent_full_change_precond;pupil_dilation_sd_full_change_precond;eeg_tleft_lalpha_mean_full_change_precond;eeg_tleft_halpha_mean_full_change_precond;eeg_t_sampent_full_change_precond;eeg_pright_sampent_full_change_precond;gsr_skin_conductance_eda_tonic_mean_nk_full_change_precond;eeg_fl_hbeta_mean_full_change_precond;eeg_tright_halpha_mean_full_change_precond;hrv_rmssd_full_change_precond;eeg_fr_sampent_full_change_precond;eeg_c_sampent_full_change_precond;eeg_fm_sampent_full_change_precond;eeg_fm_theta_mean_full_change_precond;hr_heartrate_bpm_med_abs_full_change_precond;eeg_c_specent_full_change_precond;eeg_ab_ratio_full_change_precond;gsr_skin_conductance_eda_pkrate_nk_full_change_precond;eeg_tleft_hbeta_mean_full_change_precond;gsr_skin_conductance_eda_tonic_sd_nk_full_change_precond"
2025-11-26 18:14:44.761682,11,"stress_label",20,8,0.0078125,0.525641025641026,0.525641025641026,0.496581196581197,20,"top20","eeg_tleft_sampent_full_change_precond;pupil_dilation_sd_full_change_precond;eeg_tleft_lalpha_mean_full_change_precond;eeg_tleft_halpha_mean_full_change_precond;eeg_t_sampent_full_change_precond;eeg_pright_sampent_full_change_precond;gsr_skin_conductance_eda_tonic_mean_nk_full_change_precond;eeg_fl_hbeta_mean_full_change_precond;eeg_tright_halpha_mean_full_change_precond;hrv_rmssd_full_change_precond;eeg_fr_sampent_full_change_precond;eeg_c_sampent_full_change_precond;eeg_fm_sampent_full_change_precond;eeg_fm_theta_mean_full_change_precond;hr_heartrate_bpm_med_abs_full_change_precond;eeg_c_specent_full_change_precond;eeg_ab_ratio_full_change_precond;gsr_skin_conductance_eda_pkrate_nk_full_change_precond;eeg_tleft_hbeta_mean_full_change_precond;gsr_skin_conductance_eda_tonic_sd_nk_full_change_precond"
2025-11-26 18:14:45.793633,11,"stress_label",20,16,0.0078125,0.493589743589744,0.416666666666667,0.468376068376068,20,"top20","eeg_tleft_sampent_full_change_precond;pupil_dilation_sd_full_change_precond;eeg_tleft_lalpha_mean_full_change_precond;eeg_tleft_halpha_mean_full_change_precond;eeg_t_sampent_full_change_precond;eeg_pright_sampent_full_change_precond;gsr_skin_conductance_eda_tonic_mean_nk_full_change_precond;eeg_fl_hbeta_mean_full_change_precond;eeg_tright_halpha_mean_full_change_precond;hrv_rmssd_full_change_precond;eeg_fr_sampent_full_change_precond;eeg_c_sampent_full_change_precond;eeg_fm_sampent_full_change_precond;eeg_fm_theta_mean_full_change_precond;hr_heartrate_bpm_med_abs_full_change_precond;eeg_c_specent_full_change_precond;eeg_ab_ratio_full_change_precond;gsr_skin_conductance_eda_pkrate_nk_full_change_precond;eeg_tleft_hbeta_mean_full_change_precond;gsr_skin_conductance_eda_tonic_sd_nk_full_change_precond"
2025-11-26 18:14:46.771625,11,"stress_label",20,32,0.0078125,0.506410256410256,0.326923076923077,0.465811965811966,20,"top20","eeg_tleft_sampent_full_change_precond;pupil_dilation_sd_full_change_precond;eeg_tleft_lalpha_mean_full_change_precond;eeg_tleft_halpha_mean_full_change_precond;eeg_t_sampent_full_change_precond;eeg_pright_sampent_full_change_precond;gsr_skin_conductance_eda_tonic_mean_nk_full_change_precond;eeg_fl_hbeta_mean_full_change_precond;eeg_tright_halpha_mean_full_change_precond;hrv_rmssd_full_change_precond;eeg_fr_sampent_full_change_precond;eeg_c_sampent_full_change_precond;eeg_fm_sampent_full_change_precond;eeg_fm_theta_mean_full_change_precond;hr_heartrate_bpm_med_abs_full_change_precond;eeg_c_specent_full_change_precond;eeg_ab_ratio_full_change_precond;gsr_skin_conductance_eda_pkrate_nk_full_change_precond;eeg_tleft_hbeta_mean_full_change_precond;gsr_skin_conductance_eda_tonic_sd_nk_full_change_precond"
2025-11-26 18:14:47.791507,11,"stress_label",20,64,0.0078125,0.461538461538462,0.403846153846154,0.442735042735043,20,"top20","eeg_tleft_sampent_full_change_precond;pupil_dilation_sd_full_change_precond;eeg_tleft_lalpha_mean_full_change_precond;eeg_tleft_halpha_mean_full_change_precond;eeg_t_sampent_full_change_precond;eeg_pright_sampent_full_change_precond;gsr_skin_conductance_eda_tonic_mean_nk_full_change_precond;eeg_fl_hbeta_mean_full_change_precond;eeg_tright_halpha_mean_full_change_precond;hrv_rmssd_full_change_precond;eeg_fr_sampent_full_change_precond;eeg_c_sampent_full_change_precond;eeg_fm_sampent_full_change_precond;eeg_fm_theta_mean_full_change_precond;hr_heartrate_bpm_med_abs_full_change_precond;eeg_c_specent_full_change_precond;eeg_ab_ratio_full_change_precond;gsr_skin_conductance_eda_pkrate_nk_full_change_precond;eeg_tleft_hbeta_mean_full_change_precond;gsr_skin_conductance_eda_tonic_sd_nk_full_change_precond"
2025-11-26 18:14:49.167989,11,"stress_label",20,128,0.0078125,0.467948717948718,0.544871794871795,NA,20,"top20","eeg_tleft_sampent_full_change_precond;pupil_dilation_sd_full_change_precond;eeg_tleft_lalpha_mean_full_change_precond;eeg_tleft_halpha_mean_full_change_precond;eeg_t_sampent_full_change_precond;eeg_pright_sampent_full_change_precond;gsr_skin_conductance_eda_tonic_mean_nk_full_change_precond;eeg_fl_hbeta_mean_full_change_precond;eeg_tright_halpha_mean_full_change_precond;hrv_rmssd_full_change_precond;eeg_fr_sampent_full_change_precond;eeg_c_sampent_full_change_precond;eeg_fm_sampent_full_change_precond;eeg_fm_theta_mean_full_change_precond;hr_heartrate_bpm_med_abs_full_change_precond;eeg_c_specent_full_change_precond;eeg_ab_ratio_full_change_precond;gsr_skin_conductance_eda_pkrate_nk_full_change_precond;eeg_tleft_hbeta_mean_full_change_precond;gsr_skin_conductance_eda_tonic_sd_nk_full_change_precond"
2025-11-26 18:14:50.866073,11,"stress_label",20,256,0.0078125,0.474358974358974,0.455128205128205,NA,20,"top20","eeg_tleft_sampent_full_change_precond;pupil_dilation_sd_full_change_precond;eeg_tleft_lalpha_mean_full_change_precond;eeg_tleft_halpha_mean_full_change_precond;eeg_t_sampent_full_change_precond;eeg_pright_sampent_full_change_precond;gsr_skin_conductance_eda_tonic_mean_nk_full_change_precond;eeg_fl_hbeta_mean_full_change_precond;eeg_tright_halpha_mean_full_change_precond;hrv_rmssd_full_change_precond;eeg_fr_sampent_full_change_precond;eeg_c_sampent_full_change_precond;eeg_fm_sampent_full_change_precond;eeg_fm_theta_mean_full_change_precond;hr_heartrate_bpm_med_abs_full_change_precond;eeg_c_specent_full_change_precond;eeg_ab_ratio_full_change_precond;gsr_skin_conductance_eda_pkrate_nk_full_change_precond;eeg_tleft_hbeta_mean_full_change_precond;gsr_skin_conductance_eda_tonic_sd_nk_full_change_precond"
2025-11-26 18:14:51.867755,11,"stress_label",20,2,0.015625,0.564102564102564,0.576923076923077,0.523076923076923,20,"top20","eeg_tleft_sampent_full_change_precond;pupil_dilation_sd_full_change_precond;eeg_tleft_lalpha_mean_full_change_precond;eeg_tleft_halpha_mean_full_change_precond;eeg_t_sampent_full_change_precond;eeg_pright_sampent_full_change_precond;gsr_skin_conductance_eda_tonic_mean_nk_full_change_precond;eeg_fl_hbeta_mean_full_change_precond;eeg_tright_halpha_mean_full_change_precond;hrv_rmssd_full_change_precond;eeg_fr_sampent_full_change_precond;eeg_c_sampent_full_change_precond;eeg_fm_sampent_full_change_precond;eeg_fm_theta_mean_full_change_precond;hr_heartrate_bpm_med_abs_full_change_precond;eeg_c_specent_full_change_precond;eeg_ab_ratio_full_change_precond;gsr_skin_conductance_eda_pkrate_nk_full_change_precond;eeg_tleft_hbeta_mean_full_change_precond;gsr_skin_conductance_eda_tonic_sd_nk_full_change_precond"
2025-11-26 18:14:52.945937,11,"stress_label",20,4,0.015625,0.538461538461538,0.557692307692308,0.505128205128205,20,"top20","eeg_tleft_sampent_full_change_precond;pupil_dilation_sd_full_change_precond;eeg_tleft_lalpha_mean_full_change_precond;eeg_tleft_halpha_mean_full_change_precond;eeg_t_sampent_full_change_precond;eeg_pright_sampent_full_change_precond;gsr_skin_conductance_eda_tonic_mean_nk_full_change_precond;eeg_fl_hbeta_mean_full_change_precond;eeg_tright_halpha_mean_full_change_precond;hrv_rmssd_full_change_precond;eeg_fr_sampent_full_change_precond;eeg_c_sampent_full_change_precond;eeg_fm_sampent_full_change_precond;eeg_fm_theta_mean_full_change_precond;hr_heartrate_bpm_med_abs_full_change_precond;eeg_c_specent_full_change_precond;eeg_ab_ratio_full_change_precond;gsr_skin_conductance_eda_pkrate_nk_full_change_precond;eeg_tleft_hbeta_mean_full_change_precond;gsr_skin_conductance_eda_tonic_sd_nk_full_change_precond"
2025-11-26 18:14:54.036863,11,"stress_label",20,8,0.015625,0.525641025641026,0.384615384615385,0.501709401709402,20,"top20","eeg_tleft_sampent_full_change_precond;pupil_dilation_sd_full_change_precond;eeg_tleft_lalpha_mean_full_change_precond;eeg_tleft_halpha_mean_full_change_precond;eeg_t_sampent_full_change_precond;eeg_pright_sampent_full_change_precond;gsr_skin_conductance_eda_tonic_mean_nk_full_change_precond;eeg_fl_hbeta_mean_full_change_precond;eeg_tright_halpha_mean_full_change_precond;hrv_rmssd_full_change_precond;eeg_fr_sampent_full_change_precond;eeg_c_sampent_full_change_precond;eeg_fm_sampent_full_change_precond;eeg_fm_theta_mean_full_change_precond;hr_heartrate_bpm_med_abs_full_change_precond;eeg_c_specent_full_change_precond;eeg_ab_ratio_full_change_precond;gsr_skin_conductance_eda_pkrate_nk_full_change_precond;eeg_tleft_hbeta_mean_full_change_precond;gsr_skin_conductance_eda_tonic_sd_nk_full_change_precond"
2025-11-26 18:14:55.012021,11,"stress_label",20,16,0.015625,0.480769230769231,0.435897435897436,0.451282051282051,20,"top20","eeg_tleft_sampent_full_change_precond;pupil_dilation_sd_full_change_precond;eeg_tleft_lalpha_mean_full_change_precond;eeg_tleft_halpha_mean_full_change_precond;eeg_t_sampent_full_change_precond;eeg_pright_sampent_full_change_precond;gsr_skin_conductance_eda_tonic_mean_nk_full_change_precond;eeg_fl_hbeta_mean_full_change_precond;eeg_tright_halpha_mean_full_change_precond;hrv_rmssd_full_change_precond;eeg_fr_sampent_full_change_precond;eeg_c_sampent_full_change_precond;eeg_fm_sampent_full_change_precond;eeg_fm_theta_mean_full_change_precond;hr_heartrate_bpm_med_abs_full_change_precond;eeg_c_specent_full_change_precond;eeg_ab_ratio_full_change_precond;gsr_skin_conductance_eda_pkrate_nk_full_change_precond;eeg_tleft_hbeta_mean_full_change_precond;gsr_skin_conductance_eda_tonic_sd_nk_full_change_precond"
2025-11-26 18:14:56.166312,11,"stress_label",20,32,0.015625,0.467948717948718,0.461538461538462,NA,20,"top20","eeg_tleft_sampent_full_change_precond;pupil_dilation_sd_full_change_precond;eeg_tleft_lalpha_mean_full_change_precond;eeg_tleft_halpha_mean_full_change_precond;eeg_t_sampent_full_change_precond;eeg_pright_sampent_full_change_precond;gsr_skin_conductance_eda_tonic_mean_nk_full_change_precond;eeg_fl_hbeta_mean_full_change_precond;eeg_tright_halpha_mean_full_change_precond;hrv_rmssd_full_change_precond;eeg_fr_sampent_full_change_precond;eeg_c_sampent_full_change_precond;eeg_fm_sampent_full_change_precond;eeg_fm_theta_mean_full_change_precond;hr_heartrate_bpm_med_abs_full_change_precond;eeg_c_specent_full_change_precond;eeg_ab_ratio_full_change_precond;gsr_skin_conductance_eda_pkrate_nk_full_change_precond;eeg_tleft_hbeta_mean_full_change_precond;gsr_skin_conductance_eda_tonic_sd_nk_full_change_precond"
2025-11-26 18:14:57.582477,11,"stress_label",20,64,0.015625,0.487179487179487,0.423076923076923,NA,20,"top20","eeg_tleft_sampent_full_change_precond;pupil_dilation_sd_full_change_precond;eeg_tleft_lalpha_mean_full_change_precond;eeg_tleft_halpha_mean_full_change_precond;eeg_t_sampent_full_change_precond;eeg_pright_sampent_full_change_precond;gsr_skin_conductance_eda_tonic_mean_nk_full_change_precond;eeg_fl_hbeta_mean_full_change_precond;eeg_tright_halpha_mean_full_change_precond;hrv_rmssd_full_change_precond;eeg_fr_sampent_full_change_precond;eeg_c_sampent_full_change_precond;eeg_fm_sampent_full_change_precond;eeg_fm_theta_mean_full_change_precond;hr_heartrate_bpm_med_abs_full_change_precond;eeg_c_specent_full_change_precond;eeg_ab_ratio_full_change_precond;gsr_skin_conductance_eda_pkrate_nk_full_change_precond;eeg_tleft_hbeta_mean_full_change_precond;gsr_skin_conductance_eda_tonic_sd_nk_full_change_precond"
2025-11-26 18:14:58.899835,11,"stress_label",20,128,0.015625,0.5,0.391025641025641,NA,20,"top20","eeg_tleft_sampent_full_change_precond;pupil_dilation_sd_full_change_precond;eeg_tleft_lalpha_mean_full_change_precond;eeg_tleft_halpha_mean_full_change_precond;eeg_t_sampent_full_change_precond;eeg_pright_sampent_full_change_precond;gsr_skin_conductance_eda_tonic_mean_nk_full_change_precond;eeg_fl_hbeta_mean_full_change_precond;eeg_tright_halpha_mean_full_change_precond;hrv_rmssd_full_change_precond;eeg_fr_sampent_full_change_precond;eeg_c_sampent_full_change_precond;eeg_fm_sampent_full_change_precond;eeg_fm_theta_mean_full_change_precond;hr_heartrate_bpm_med_abs_full_change_precond;eeg_c_specent_full_change_precond;eeg_ab_ratio_full_change_precond;gsr_skin_conductance_eda_pkrate_nk_full_change_precond;eeg_tleft_hbeta_mean_full_change_precond;gsr_skin_conductance_eda_tonic_sd_nk_full_change_precond"
2025-11-26 18:15:00.230862,11,"stress_label",20,256,0.015625,0.506410256410256,0.448717948717949,NA,20,"top20","eeg_tleft_sampent_full_change_precond;pupil_dilation_sd_full_change_precond;eeg_tleft_lalpha_mean_full_change_precond;eeg_tleft_halpha_mean_full_change_precond;eeg_t_sampent_full_change_precond;eeg_pright_sampent_full_change_precond;gsr_skin_conductance_eda_tonic_mean_nk_full_change_precond;eeg_fl_hbeta_mean_full_change_precond;eeg_tright_halpha_mean_full_change_precond;hrv_rmssd_full_change_precond;eeg_fr_sampent_full_change_precond;eeg_c_sampent_full_change_precond;eeg_fm_sampent_full_change_precond;eeg_fm_theta_mean_full_change_precond;hr_heartrate_bpm_med_abs_full_change_precond;eeg_c_specent_full_change_precond;eeg_ab_ratio_full_change_precond;gsr_skin_conductance_eda_pkrate_nk_full_change_precond;eeg_tleft_hbeta_mean_full_change_precond;gsr_skin_conductance_eda_tonic_sd_nk_full_change_precond"
2025-11-26 18:15:01.223273,11,"stress_label",20,2,0.03125,0.557692307692308,0.525641025641026,0.51025641025641,20,"top20","eeg_tleft_sampent_full_change_precond;pupil_dilation_sd_full_change_precond;eeg_tleft_lalpha_mean_full_change_precond;eeg_tleft_halpha_mean_full_change_precond;eeg_t_sampent_full_change_precond;eeg_pright_sampent_full_change_precond;gsr_skin_conductance_eda_tonic_mean_nk_full_change_precond;eeg_fl_hbeta_mean_full_change_precond;eeg_tright_halpha_mean_full_change_precond;hrv_rmssd_full_change_precond;eeg_fr_sampent_full_change_precond;eeg_c_sampent_full_change_precond;eeg_fm_sampent_full_change_precond;eeg_fm_theta_mean_full_change_precond;hr_heartrate_bpm_med_abs_full_change_precond;eeg_c_specent_full_change_precond;eeg_ab_ratio_full_change_precond;gsr_skin_conductance_eda_pkrate_nk_full_change_precond;eeg_tleft_hbeta_mean_full_change_precond;gsr_skin_conductance_eda_tonic_sd_nk_full_change_precond"
2025-11-26 18:15:02.282073,11,"stress_label",20,4,0.03125,0.512820512820513,0.493589743589744,0.500854700854701,20,"top20","eeg_tleft_sampent_full_change_precond;pupil_dilation_sd_full_change_precond;eeg_tleft_lalpha_mean_full_change_precond;eeg_tleft_halpha_mean_full_change_precond;eeg_t_sampent_full_change_precond;eeg_pright_sampent_full_change_precond;gsr_skin_conductance_eda_tonic_mean_nk_full_change_precond;eeg_fl_hbeta_mean_full_change_precond;eeg_tright_halpha_mean_full_change_precond;hrv_rmssd_full_change_precond;eeg_fr_sampent_full_change_precond;eeg_c_sampent_full_change_precond;eeg_fm_sampent_full_change_precond;eeg_fm_theta_mean_full_change_precond;hr_heartrate_bpm_med_abs_full_change_precond;eeg_c_specent_full_change_precond;eeg_ab_ratio_full_change_precond;gsr_skin_conductance_eda_pkrate_nk_full_change_precond;eeg_tleft_hbeta_mean_full_change_precond;gsr_skin_conductance_eda_tonic_sd_nk_full_change_precond"
2025-11-26 18:15:03.419994,11,"stress_label",20,8,0.03125,0.480769230769231,0.403846153846154,NA,20,"top20","eeg_tleft_sampent_full_change_precond;pupil_dilation_sd_full_change_precond;eeg_tleft_lalpha_mean_full_change_precond;eeg_tleft_halpha_mean_full_change_precond;eeg_t_sampent_full_change_precond;eeg_pright_sampent_full_change_precond;gsr_skin_conductance_eda_tonic_mean_nk_full_change_precond;eeg_fl_hbeta_mean_full_change_precond;eeg_tright_halpha_mean_full_change_precond;hrv_rmssd_full_change_precond;eeg_fr_sampent_full_change_precond;eeg_c_sampent_full_change_precond;eeg_fm_sampent_full_change_precond;eeg_fm_theta_mean_full_change_precond;hr_heartrate_bpm_med_abs_full_change_precond;eeg_c_specent_full_change_precond;eeg_ab_ratio_full_change_precond;gsr_skin_conductance_eda_pkrate_nk_full_change_precond;eeg_tleft_hbeta_mean_full_change_precond;gsr_skin_conductance_eda_tonic_sd_nk_full_change_precond"
2025-11-26 18:15:04.613426,11,"stress_label",20,16,0.03125,0.506410256410256,0.384615384615385,NA,20,"top20","eeg_tleft_sampent_full_change_precond;pupil_dilation_sd_full_change_precond;eeg_tleft_lalpha_mean_full_change_precond;eeg_tleft_halpha_mean_full_change_precond;eeg_t_sampent_full_change_precond;eeg_pright_sampent_full_change_precond;gsr_skin_conductance_eda_tonic_mean_nk_full_change_precond;eeg_fl_hbeta_mean_full_change_precond;eeg_tright_halpha_mean_full_change_precond;hrv_rmssd_full_change_precond;eeg_fr_sampent_full_change_precond;eeg_c_sampent_full_change_precond;eeg_fm_sampent_full_change_precond;eeg_fm_theta_mean_full_change_precond;hr_heartrate_bpm_med_abs_full_change_precond;eeg_c_specent_full_change_precond;eeg_ab_ratio_full_change_precond;gsr_skin_conductance_eda_pkrate_nk_full_change_precond;eeg_tleft_hbeta_mean_full_change_precond;gsr_skin_conductance_eda_tonic_sd_nk_full_change_precond"
2025-11-26 18:15:05.773564,11,"stress_label",20,32,0.03125,0.480769230769231,0.474358974358974,NA,20,"top20","eeg_tleft_sampent_full_change_precond;pupil_dilation_sd_full_change_precond;eeg_tleft_lalpha_mean_full_change_precond;eeg_tleft_halpha_mean_full_change_precond;eeg_t_sampent_full_change_precond;eeg_pright_sampent_full_change_precond;gsr_skin_conductance_eda_tonic_mean_nk_full_change_precond;eeg_fl_hbeta_mean_full_change_precond;eeg_tright_halpha_mean_full_change_precond;hrv_rmssd_full_change_precond;eeg_fr_sampent_full_change_precond;eeg_c_sampent_full_change_precond;eeg_fm_sampent_full_change_precond;eeg_fm_theta_mean_full_change_precond;hr_heartrate_bpm_med_abs_full_change_precond;eeg_c_specent_full_change_precond;eeg_ab_ratio_full_change_precond;gsr_skin_conductance_eda_pkrate_nk_full_change_precond;eeg_tleft_hbeta_mean_full_change_precond;gsr_skin_conductance_eda_tonic_sd_nk_full_change_precond"
2025-11-26 18:15:07.063254,11,"stress_label",20,64,0.03125,0.480769230769231,0.461538461538462,NA,20,"top20","eeg_tleft_sampent_full_change_precond;pupil_dilation_sd_full_change_precond;eeg_tleft_lalpha_mean_full_change_precond;eeg_tleft_halpha_mean_full_change_precond;eeg_t_sampent_full_change_precond;eeg_pright_sampent_full_change_precond;gsr_skin_conductance_eda_tonic_mean_nk_full_change_precond;eeg_fl_hbeta_mean_full_change_precond;eeg_tright_halpha_mean_full_change_precond;hrv_rmssd_full_change_precond;eeg_fr_sampent_full_change_precond;eeg_c_sampent_full_change_precond;eeg_fm_sampent_full_change_precond;eeg_fm_theta_mean_full_change_precond;hr_heartrate_bpm_med_abs_full_change_precond;eeg_c_specent_full_change_precond;eeg_ab_ratio_full_change_precond;gsr_skin_conductance_eda_pkrate_nk_full_change_precond;eeg_tleft_hbeta_mean_full_change_precond;gsr_skin_conductance_eda_tonic_sd_nk_full_change_precond"
2025-11-26 18:15:08.358294,11,"stress_label",20,128,0.03125,0.480769230769231,0.448717948717949,NA,20,"top20","eeg_tleft_sampent_full_change_precond;pupil_dilation_sd_full_change_precond;eeg_tleft_lalpha_mean_full_change_precond;eeg_tleft_halpha_mean_full_change_precond;eeg_t_sampent_full_change_precond;eeg_pright_sampent_full_change_precond;gsr_skin_conductance_eda_tonic_mean_nk_full_change_precond;eeg_fl_hbeta_mean_full_change_precond;eeg_tright_halpha_mean_full_change_precond;hrv_rmssd_full_change_precond;eeg_fr_sampent_full_change_precond;eeg_c_sampent_full_change_precond;eeg_fm_sampent_full_change_precond;eeg_fm_theta_mean_full_change_precond;hr_heartrate_bpm_med_abs_full_change_precond;eeg_c_specent_full_change_precond;eeg_ab_ratio_full_change_precond;gsr_skin_conductance_eda_pkrate_nk_full_change_precond;eeg_tleft_hbeta_mean_full_change_precond;gsr_skin_conductance_eda_tonic_sd_nk_full_change_precond"
2025-11-26 18:15:09.397793,11,"stress_label",20,256,0.03125,0.480769230769231,0.474358974358974,NA,20,"top20","eeg_tleft_sampent_full_change_precond;pupil_dilation_sd_full_change_precond;eeg_tleft_lalpha_mean_full_change_precond;eeg_tleft_halpha_mean_full_change_precond;eeg_t_sampent_full_change_precond;eeg_pright_sampent_full_change_precond;gsr_skin_conductance_eda_tonic_mean_nk_full_change_precond;eeg_fl_hbeta_mean_full_change_precond;eeg_tright_halpha_mean_full_change_precond;hrv_rmssd_full_change_precond;eeg_fr_sampent_full_change_precond;eeg_c_sampent_full_change_precond;eeg_fm_sampent_full_change_precond;eeg_fm_theta_mean_full_change_precond;hr_heartrate_bpm_med_abs_full_change_precond;eeg_c_specent_full_change_precond;eeg_ab_ratio_full_change_precond;gsr_skin_conductance_eda_pkrate_nk_full_change_precond;eeg_tleft_hbeta_mean_full_change_precond;gsr_skin_conductance_eda_tonic_sd_nk_full_change_precond"
2025-11-26 18:15:10.301836,11,"stress_label",20,2,0.0625,0.519230769230769,0.41025641025641,0.493162393162393,20,"top20","eeg_tleft_sampent_full_change_precond;pupil_dilation_sd_full_change_precond;eeg_tleft_lalpha_mean_full_change_precond;eeg_tleft_halpha_mean_full_change_precond;eeg_t_sampent_full_change_precond;eeg_pright_sampent_full_change_precond;gsr_skin_conductance_eda_tonic_mean_nk_full_change_precond;eeg_fl_hbeta_mean_full_change_precond;eeg_tright_halpha_mean_full_change_precond;hrv_rmssd_full_change_precond;eeg_fr_sampent_full_change_precond;eeg_c_sampent_full_change_precond;eeg_fm_sampent_full_change_precond;eeg_fm_theta_mean_full_change_precond;hr_heartrate_bpm_med_abs_full_change_precond;eeg_c_specent_full_change_precond;eeg_ab_ratio_full_change_precond;gsr_skin_conductance_eda_pkrate_nk_full_change_precond;eeg_tleft_hbeta_mean_full_change_precond;gsr_skin_conductance_eda_tonic_sd_nk_full_change_precond"
2025-11-26 18:15:11.407527,11,"stress_label",20,4,0.0625,0.512820512820513,0.442307692307692,NA,20,"top20","eeg_tleft_sampent_full_change_precond;pupil_dilation_sd_full_change_precond;eeg_tleft_lalpha_mean_full_change_precond;eeg_tleft_halpha_mean_full_change_precond;eeg_t_sampent_full_change_precond;eeg_pright_sampent_full_change_precond;gsr_skin_conductance_eda_tonic_mean_nk_full_change_precond;eeg_fl_hbeta_mean_full_change_precond;eeg_tright_halpha_mean_full_change_precond;hrv_rmssd_full_change_precond;eeg_fr_sampent_full_change_precond;eeg_c_sampent_full_change_precond;eeg_fm_sampent_full_change_precond;eeg_fm_theta_mean_full_change_precond;hr_heartrate_bpm_med_abs_full_change_precond;eeg_c_specent_full_change_precond;eeg_ab_ratio_full_change_precond;gsr_skin_conductance_eda_pkrate_nk_full_change_precond;eeg_tleft_hbeta_mean_full_change_precond;gsr_skin_conductance_eda_tonic_sd_nk_full_change_precond"
2025-11-26 18:15:12.553576,11,"stress_label",20,8,0.0625,0.474358974358974,0.391025641025641,NA,20,"top20","eeg_tleft_sampent_full_change_precond;pupil_dilation_sd_full_change_precond;eeg_tleft_lalpha_mean_full_change_precond;eeg_tleft_halpha_mean_full_change_precond;eeg_t_sampent_full_change_precond;eeg_pright_sampent_full_change_precond;gsr_skin_conductance_eda_tonic_mean_nk_full_change_precond;eeg_fl_hbeta_mean_full_change_precond;eeg_tright_halpha_mean_full_change_precond;hrv_rmssd_full_change_precond;eeg_fr_sampent_full_change_precond;eeg_c_sampent_full_change_precond;eeg_fm_sampent_full_change_precond;eeg_fm_theta_mean_full_change_precond;hr_heartrate_bpm_med_abs_full_change_precond;eeg_c_specent_full_change_precond;eeg_ab_ratio_full_change_precond;gsr_skin_conductance_eda_pkrate_nk_full_change_precond;eeg_tleft_hbeta_mean_full_change_precond;gsr_skin_conductance_eda_tonic_sd_nk_full_change_precond"
2025-11-26 18:15:13.719658,11,"stress_label",20,16,0.0625,0.467948717948718,0.423076923076923,NA,20,"top20","eeg_tleft_sampent_full_change_precond;pupil_dilation_sd_full_change_precond;eeg_tleft_lalpha_mean_full_change_precond;eeg_tleft_halpha_mean_full_change_precond;eeg_t_sampent_full_change_precond;eeg_pright_sampent_full_change_precond;gsr_skin_conductance_eda_tonic_mean_nk_full_change_precond;eeg_fl_hbeta_mean_full_change_precond;eeg_tright_halpha_mean_full_change_precond;hrv_rmssd_full_change_precond;eeg_fr_sampent_full_change_precond;eeg_c_sampent_full_change_precond;eeg_fm_sampent_full_change_precond;eeg_fm_theta_mean_full_change_precond;hr_heartrate_bpm_med_abs_full_change_precond;eeg_c_specent_full_change_precond;eeg_ab_ratio_full_change_precond;gsr_skin_conductance_eda_pkrate_nk_full_change_precond;eeg_tleft_hbeta_mean_full_change_precond;gsr_skin_conductance_eda_tonic_sd_nk_full_change_precond"
2025-11-26 18:15:14.916138,11,"stress_label",20,32,0.0625,0.467948717948718,0.442307692307692,NA,20,"top20","eeg_tleft_sampent_full_change_precond;pupil_dilation_sd_full_change_precond;eeg_tleft_lalpha_mean_full_change_precond;eeg_tleft_halpha_mean_full_change_precond;eeg_t_sampent_full_change_precond;eeg_pright_sampent_full_change_precond;gsr_skin_conductance_eda_tonic_mean_nk_full_change_precond;eeg_fl_hbeta_mean_full_change_precond;eeg_tright_halpha_mean_full_change_precond;hrv_rmssd_full_change_precond;eeg_fr_sampent_full_change_precond;eeg_c_sampent_full_change_precond;eeg_fm_sampent_full_change_precond;eeg_fm_theta_mean_full_change_precond;hr_heartrate_bpm_med_abs_full_change_precond;eeg_c_specent_full_change_precond;eeg_ab_ratio_full_change_precond;gsr_skin_conductance_eda_pkrate_nk_full_change_precond;eeg_tleft_hbeta_mean_full_change_precond;gsr_skin_conductance_eda_tonic_sd_nk_full_change_precond"
2025-11-26 18:15:16.139696,11,"stress_label",20,64,0.0625,0.467948717948718,0.429487179487179,NA,20,"top20","eeg_tleft_sampent_full_change_precond;pupil_dilation_sd_full_change_precond;eeg_tleft_lalpha_mean_full_change_precond;eeg_tleft_halpha_mean_full_change_precond;eeg_t_sampent_full_change_precond;eeg_pright_sampent_full_change_precond;gsr_skin_conductance_eda_tonic_mean_nk_full_change_precond;eeg_fl_hbeta_mean_full_change_precond;eeg_tright_halpha_mean_full_change_precond;hrv_rmssd_full_change_precond;eeg_fr_sampent_full_change_precond;eeg_c_sampent_full_change_precond;eeg_fm_sampent_full_change_precond;eeg_fm_theta_mean_full_change_precond;hr_heartrate_bpm_med_abs_full_change_precond;eeg_c_specent_full_change_precond;eeg_ab_ratio_full_change_precond;gsr_skin_conductance_eda_pkrate_nk_full_change_precond;eeg_tleft_hbeta_mean_full_change_precond;gsr_skin_conductance_eda_tonic_sd_nk_full_change_precond"
2025-11-26 18:15:17.311668,11,"stress_label",20,128,0.0625,0.467948717948718,0.378205128205128,NA,20,"top20","eeg_tleft_sampent_full_change_precond;pupil_dilation_sd_full_change_precond;eeg_tleft_lalpha_mean_full_change_precond;eeg_tleft_halpha_mean_full_change_precond;eeg_t_sampent_full_change_precond;eeg_pright_sampent_full_change_precond;gsr_skin_conductance_eda_tonic_mean_nk_full_change_precond;eeg_fl_hbeta_mean_full_change_precond;eeg_tright_halpha_mean_full_change_precond;hrv_rmssd_full_change_precond;eeg_fr_sampent_full_change_precond;eeg_c_sampent_full_change_precond;eeg_fm_sampent_full_change_precond;eeg_fm_theta_mean_full_change_precond;hr_heartrate_bpm_med_abs_full_change_precond;eeg_c_specent_full_change_precond;eeg_ab_ratio_full_change_precond;gsr_skin_conductance_eda_pkrate_nk_full_change_precond;eeg_tleft_hbeta_mean_full_change_precond;gsr_skin_conductance_eda_tonic_sd_nk_full_change_precond"
2025-11-26 18:15:18.363044,11,"stress_label",20,256,0.0625,0.467948717948718,0.378205128205128,NA,20,"top20","eeg_tleft_sampent_full_change_precond;pupil_dilation_sd_full_change_precond;eeg_tleft_lalpha_mean_full_change_precond;eeg_tleft_halpha_mean_full_change_precond;eeg_t_sampent_full_change_precond;eeg_pright_sampent_full_change_precond;gsr_skin_conductance_eda_tonic_mean_nk_full_change_precond;eeg_fl_hbeta_mean_full_change_precond;eeg_tright_halpha_mean_full_change_precond;hrv_rmssd_full_change_precond;eeg_fr_sampent_full_change_precond;eeg_c_sampent_full_change_precond;eeg_fm_sampent_full_change_precond;eeg_fm_theta_mean_full_change_precond;hr_heartrate_bpm_med_abs_full_change_precond;eeg_c_specent_full_change_precond;eeg_ab_ratio_full_change_precond;gsr_skin_conductance_eda_pkrate_nk_full_change_precond;eeg_tleft_hbeta_mean_full_change_precond;gsr_skin_conductance_eda_tonic_sd_nk_full_change_precond"
2025-11-26 18:15:19.380204,11,"stress_label",20,2,0.125,0.512820512820513,0.480769230769231,NA,20,"top20","eeg_tleft_sampent_full_change_precond;pupil_dilation_sd_full_change_precond;eeg_tleft_lalpha_mean_full_change_precond;eeg_tleft_halpha_mean_full_change_precond;eeg_t_sampent_full_change_precond;eeg_pright_sampent_full_change_precond;gsr_skin_conductance_eda_tonic_mean_nk_full_change_precond;eeg_fl_hbeta_mean_full_change_precond;eeg_tright_halpha_mean_full_change_precond;hrv_rmssd_full_change_precond;eeg_fr_sampent_full_change_precond;eeg_c_sampent_full_change_precond;eeg_fm_sampent_full_change_precond;eeg_fm_theta_mean_full_change_precond;hr_heartrate_bpm_med_abs_full_change_precond;eeg_c_specent_full_change_precond;eeg_ab_ratio_full_change_precond;gsr_skin_conductance_eda_pkrate_nk_full_change_precond;eeg_tleft_hbeta_mean_full_change_precond;gsr_skin_conductance_eda_tonic_sd_nk_full_change_precond"
2025-11-26 18:15:20.517195,11,"stress_label",20,4,0.125,0.487179487179487,0.33974358974359,NA,20,"top20","eeg_tleft_sampent_full_change_precond;pupil_dilation_sd_full_change_precond;eeg_tleft_lalpha_mean_full_change_precond;eeg_tleft_halpha_mean_full_change_precond;eeg_t_sampent_full_change_precond;eeg_pright_sampent_full_change_precond;gsr_skin_conductance_eda_tonic_mean_nk_full_change_precond;eeg_fl_hbeta_mean_full_change_precond;eeg_tright_halpha_mean_full_change_precond;hrv_rmssd_full_change_precond;eeg_fr_sampent_full_change_precond;eeg_c_sampent_full_change_precond;eeg_fm_sampent_full_change_precond;eeg_fm_theta_mean_full_change_precond;hr_heartrate_bpm_med_abs_full_change_precond;eeg_c_specent_full_change_precond;eeg_ab_ratio_full_change_precond;gsr_skin_conductance_eda_pkrate_nk_full_change_precond;eeg_tleft_hbeta_mean_full_change_precond;gsr_skin_conductance_eda_tonic_sd_nk_full_change_precond"
2025-11-26 18:15:21.647914,11,"stress_label",20,8,0.125,0.480769230769231,0.480769230769231,NA,20,"top20","eeg_tleft_sampent_full_change_precond;pupil_dilation_sd_full_change_precond;eeg_tleft_lalpha_mean_full_change_precond;eeg_tleft_halpha_mean_full_change_precond;eeg_t_sampent_full_change_precond;eeg_pright_sampent_full_change_precond;gsr_skin_conductance_eda_tonic_mean_nk_full_change_precond;eeg_fl_hbeta_mean_full_change_precond;eeg_tright_halpha_mean_full_change_precond;hrv_rmssd_full_change_precond;eeg_fr_sampent_full_change_precond;eeg_c_sampent_full_change_precond;eeg_fm_sampent_full_change_precond;eeg_fm_theta_mean_full_change_precond;hr_heartrate_bpm_med_abs_full_change_precond;eeg_c_specent_full_change_precond;eeg_ab_ratio_full_change_precond;gsr_skin_conductance_eda_pkrate_nk_full_change_precond;eeg_tleft_hbeta_mean_full_change_precond;gsr_skin_conductance_eda_tonic_sd_nk_full_change_precond"
2025-11-26 18:15:22.780699,11,"stress_label",20,16,0.125,0.480769230769231,0.455128205128205,NA,20,"top20","eeg_tleft_sampent_full_change_precond;pupil_dilation_sd_full_change_precond;eeg_tleft_lalpha_mean_full_change_precond;eeg_tleft_halpha_mean_full_change_precond;eeg_t_sampent_full_change_precond;eeg_pright_sampent_full_change_precond;gsr_skin_conductance_eda_tonic_mean_nk_full_change_precond;eeg_fl_hbeta_mean_full_change_precond;eeg_tright_halpha_mean_full_change_precond;hrv_rmssd_full_change_precond;eeg_fr_sampent_full_change_precond;eeg_c_sampent_full_change_precond;eeg_fm_sampent_full_change_precond;eeg_fm_theta_mean_full_change_precond;hr_heartrate_bpm_med_abs_full_change_precond;eeg_c_specent_full_change_precond;eeg_ab_ratio_full_change_precond;gsr_skin_conductance_eda_pkrate_nk_full_change_precond;eeg_tleft_hbeta_mean_full_change_precond;gsr_skin_conductance_eda_tonic_sd_nk_full_change_precond"
2025-11-26 18:15:23.927708,11,"stress_label",20,32,0.125,0.480769230769231,0.352564102564103,NA,20,"top20","eeg_tleft_sampent_full_change_precond;pupil_dilation_sd_full_change_precond;eeg_tleft_lalpha_mean_full_change_precond;eeg_tleft_halpha_mean_full_change_precond;eeg_t_sampent_full_change_precond;eeg_pright_sampent_full_change_precond;gsr_skin_conductance_eda_tonic_mean_nk_full_change_precond;eeg_fl_hbeta_mean_full_change_precond;eeg_tright_halpha_mean_full_change_precond;hrv_rmssd_full_change_precond;eeg_fr_sampent_full_change_precond;eeg_c_sampent_full_change_precond;eeg_fm_sampent_full_change_precond;eeg_fm_theta_mean_full_change_precond;hr_heartrate_bpm_med_abs_full_change_precond;eeg_c_specent_full_change_precond;eeg_ab_ratio_full_change_precond;gsr_skin_conductance_eda_pkrate_nk_full_change_precond;eeg_tleft_hbeta_mean_full_change_precond;gsr_skin_conductance_eda_tonic_sd_nk_full_change_precond"
2025-11-26 18:15:25.092471,11,"stress_label",20,64,0.125,0.480769230769231,0.352564102564103,NA,20,"top20","eeg_tleft_sampent_full_change_precond;pupil_dilation_sd_full_change_precond;eeg_tleft_lalpha_mean_full_change_precond;eeg_tleft_halpha_mean_full_change_precond;eeg_t_sampent_full_change_precond;eeg_pright_sampent_full_change_precond;gsr_skin_conductance_eda_tonic_mean_nk_full_change_precond;eeg_fl_hbeta_mean_full_change_precond;eeg_tright_halpha_mean_full_change_precond;hrv_rmssd_full_change_precond;eeg_fr_sampent_full_change_precond;eeg_c_sampent_full_change_precond;eeg_fm_sampent_full_change_precond;eeg_fm_theta_mean_full_change_precond;hr_heartrate_bpm_med_abs_full_change_precond;eeg_c_specent_full_change_precond;eeg_ab_ratio_full_change_precond;gsr_skin_conductance_eda_pkrate_nk_full_change_precond;eeg_tleft_hbeta_mean_full_change_precond;gsr_skin_conductance_eda_tonic_sd_nk_full_change_precond"
2025-11-26 18:15:26.16784,11,"stress_label",20,128,0.125,0.480769230769231,0.416666666666667,NA,20,"top20","eeg_tleft_sampent_full_change_precond;pupil_dilation_sd_full_change_precond;eeg_tleft_lalpha_mean_full_change_precond;eeg_tleft_halpha_mean_full_change_precond;eeg_t_sampent_full_change_precond;eeg_pright_sampent_full_change_precond;gsr_skin_conductance_eda_tonic_mean_nk_full_change_precond;eeg_fl_hbeta_mean_full_change_precond;eeg_tright_halpha_mean_full_change_precond;hrv_rmssd_full_change_precond;eeg_fr_sampent_full_change_precond;eeg_c_sampent_full_change_precond;eeg_fm_sampent_full_change_precond;eeg_fm_theta_mean_full_change_precond;hr_heartrate_bpm_med_abs_full_change_precond;eeg_c_specent_full_change_precond;eeg_ab_ratio_full_change_precond;gsr_skin_conductance_eda_pkrate_nk_full_change_precond;eeg_tleft_hbeta_mean_full_change_precond;gsr_skin_conductance_eda_tonic_sd_nk_full_change_precond"
2025-11-26 18:15:27.109783,11,"stress_label",20,256,0.125,0.480769230769231,0.301282051282051,NA,20,"top20","eeg_tleft_sampent_full_change_precond;pupil_dilation_sd_full_change_precond;eeg_tleft_lalpha_mean_full_change_precond;eeg_tleft_halpha_mean_full_change_precond;eeg_t_sampent_full_change_precond;eeg_pright_sampent_full_change_precond;gsr_skin_conductance_eda_tonic_mean_nk_full_change_precond;eeg_fl_hbeta_mean_full_change_precond;eeg_tright_halpha_mean_full_change_precond;hrv_rmssd_full_change_precond;eeg_fr_sampent_full_change_precond;eeg_c_sampent_full_change_precond;eeg_fm_sampent_full_change_precond;eeg_fm_theta_mean_full_change_precond;hr_heartrate_bpm_med_abs_full_change_precond;eeg_c_specent_full_change_precond;eeg_ab_ratio_full_change_precond;gsr_skin_conductance_eda_pkrate_nk_full_change_precond;eeg_tleft_hbeta_mean_full_change_precond;gsr_skin_conductance_eda_tonic_sd_nk_full_change_precond"
2025-11-26 18:15:28.101507,11,"stress_label",20,2,0.03,0.557692307692308,0.538461538461538,0.51025641025641,20,"top20","eeg_tleft_sampent_full_change_precond;pupil_dilation_sd_full_change_precond;eeg_tleft_lalpha_mean_full_change_precond;eeg_tleft_halpha_mean_full_change_precond;eeg_t_sampent_full_change_precond;eeg_pright_sampent_full_change_precond;gsr_skin_conductance_eda_tonic_mean_nk_full_change_precond;eeg_fl_hbeta_mean_full_change_precond;eeg_tright_halpha_mean_full_change_precond;hrv_rmssd_full_change_precond;eeg_fr_sampent_full_change_precond;eeg_c_sampent_full_change_precond;eeg_fm_sampent_full_change_precond;eeg_fm_theta_mean_full_change_precond;hr_heartrate_bpm_med_abs_full_change_precond;eeg_c_specent_full_change_precond;eeg_ab_ratio_full_change_precond;gsr_skin_conductance_eda_pkrate_nk_full_change_precond;eeg_tleft_hbeta_mean_full_change_precond;gsr_skin_conductance_eda_tonic_sd_nk_full_change_precond"
2025-11-26 18:15:29.155415,11,"stress_label",20,4,0.03,0.506410256410256,0.365384615384615,0.493162393162393,20,"top20","eeg_tleft_sampent_full_change_precond;pupil_dilation_sd_full_change_precond;eeg_tleft_lalpha_mean_full_change_precond;eeg_tleft_halpha_mean_full_change_precond;eeg_t_sampent_full_change_precond;eeg_pright_sampent_full_change_precond;gsr_skin_conductance_eda_tonic_mean_nk_full_change_precond;eeg_fl_hbeta_mean_full_change_precond;eeg_tright_halpha_mean_full_change_precond;hrv_rmssd_full_change_precond;eeg_fr_sampent_full_change_precond;eeg_c_sampent_full_change_precond;eeg_fm_sampent_full_change_precond;eeg_fm_theta_mean_full_change_precond;hr_heartrate_bpm_med_abs_full_change_precond;eeg_c_specent_full_change_precond;eeg_ab_ratio_full_change_precond;gsr_skin_conductance_eda_pkrate_nk_full_change_precond;eeg_tleft_hbeta_mean_full_change_precond;gsr_skin_conductance_eda_tonic_sd_nk_full_change_precond"
2025-11-26 18:15:30.249013,11,"stress_label",20,8,0.03,0.467948717948718,0.403846153846154,0.452136752136752,20,"top20","eeg_tleft_sampent_full_change_precond;pupil_dilation_sd_full_change_precond;eeg_tleft_lalpha_mean_full_change_precond;eeg_tleft_halpha_mean_full_change_precond;eeg_t_sampent_full_change_precond;eeg_pright_sampent_full_change_precond;gsr_skin_conductance_eda_tonic_mean_nk_full_change_precond;eeg_fl_hbeta_mean_full_change_precond;eeg_tright_halpha_mean_full_change_precond;hrv_rmssd_full_change_precond;eeg_fr_sampent_full_change_precond;eeg_c_sampent_full_change_precond;eeg_fm_sampent_full_change_precond;eeg_fm_theta_mean_full_change_precond;hr_heartrate_bpm_med_abs_full_change_precond;eeg_c_specent_full_change_precond;eeg_ab_ratio_full_change_precond;gsr_skin_conductance_eda_pkrate_nk_full_change_precond;eeg_tleft_hbeta_mean_full_change_precond;gsr_skin_conductance_eda_tonic_sd_nk_full_change_precond"
2025-11-26 18:15:31.39526,11,"stress_label",20,16,0.03,0.5,0.461538461538462,NA,20,"top20","eeg_tleft_sampent_full_change_precond;pupil_dilation_sd_full_change_precond;eeg_tleft_lalpha_mean_full_change_precond;eeg_tleft_halpha_mean_full_change_precond;eeg_t_sampent_full_change_precond;eeg_pright_sampent_full_change_precond;gsr_skin_conductance_eda_tonic_mean_nk_full_change_precond;eeg_fl_hbeta_mean_full_change_precond;eeg_tright_halpha_mean_full_change_precond;hrv_rmssd_full_change_precond;eeg_fr_sampent_full_change_precond;eeg_c_sampent_full_change_precond;eeg_fm_sampent_full_change_precond;eeg_fm_theta_mean_full_change_precond;hr_heartrate_bpm_med_abs_full_change_precond;eeg_c_specent_full_change_precond;eeg_ab_ratio_full_change_precond;gsr_skin_conductance_eda_pkrate_nk_full_change_precond;eeg_tleft_hbeta_mean_full_change_precond;gsr_skin_conductance_eda_tonic_sd_nk_full_change_precond"
2025-11-26 18:15:32.516544,11,"stress_label",20,32,0.03,0.487179487179487,0.435897435897436,NA,20,"top20","eeg_tleft_sampent_full_change_precond;pupil_dilation_sd_full_change_precond;eeg_tleft_lalpha_mean_full_change_precond;eeg_tleft_halpha_mean_full_change_precond;eeg_t_sampent_full_change_precond;eeg_pright_sampent_full_change_precond;gsr_skin_conductance_eda_tonic_mean_nk_full_change_precond;eeg_fl_hbeta_mean_full_change_precond;eeg_tright_halpha_mean_full_change_precond;hrv_rmssd_full_change_precond;eeg_fr_sampent_full_change_precond;eeg_c_sampent_full_change_precond;eeg_fm_sampent_full_change_precond;eeg_fm_theta_mean_full_change_precond;hr_heartrate_bpm_med_abs_full_change_precond;eeg_c_specent_full_change_precond;eeg_ab_ratio_full_change_precond;gsr_skin_conductance_eda_pkrate_nk_full_change_precond;eeg_tleft_hbeta_mean_full_change_precond;gsr_skin_conductance_eda_tonic_sd_nk_full_change_precond"
2025-11-26 18:15:33.534288,11,"stress_label",20,64,0.03,0.480769230769231,0.474358974358974,NA,20,"top20","eeg_tleft_sampent_full_change_precond;pupil_dilation_sd_full_change_precond;eeg_tleft_lalpha_mean_full_change_precond;eeg_tleft_halpha_mean_full_change_precond;eeg_t_sampent_full_change_precond;eeg_pright_sampent_full_change_precond;gsr_skin_conductance_eda_tonic_mean_nk_full_change_precond;eeg_fl_hbeta_mean_full_change_precond;eeg_tright_halpha_mean_full_change_precond;hrv_rmssd_full_change_precond;eeg_fr_sampent_full_change_precond;eeg_c_sampent_full_change_precond;eeg_fm_sampent_full_change_precond;eeg_fm_theta_mean_full_change_precond;hr_heartrate_bpm_med_abs_full_change_precond;eeg_c_specent_full_change_precond;eeg_ab_ratio_full_change_precond;gsr_skin_conductance_eda_pkrate_nk_full_change_precond;eeg_tleft_hbeta_mean_full_change_precond;gsr_skin_conductance_eda_tonic_sd_nk_full_change_precond"
2025-11-26 18:15:34.55386,11,"stress_label",20,128,0.03,0.480769230769231,0.384615384615385,NA,20,"top20","eeg_tleft_sampent_full_change_precond;pupil_dilation_sd_full_change_precond;eeg_tleft_lalpha_mean_full_change_precond;eeg_tleft_halpha_mean_full_change_precond;eeg_t_sampent_full_change_precond;eeg_pright_sampent_full_change_precond;gsr_skin_conductance_eda_tonic_mean_nk_full_change_precond;eeg_fl_hbeta_mean_full_change_precond;eeg_tright_halpha_mean_full_change_precond;hrv_rmssd_full_change_precond;eeg_fr_sampent_full_change_precond;eeg_c_sampent_full_change_precond;eeg_fm_sampent_full_change_precond;eeg_fm_theta_mean_full_change_precond;hr_heartrate_bpm_med_abs_full_change_precond;eeg_c_specent_full_change_precond;eeg_ab_ratio_full_change_precond;gsr_skin_conductance_eda_pkrate_nk_full_change_precond;eeg_tleft_hbeta_mean_full_change_precond;gsr_skin_conductance_eda_tonic_sd_nk_full_change_precond"
2025-11-26 18:15:35.735024,11,"stress_label",20,256,0.03,0.480769230769231,0.435897435897436,NA,20,"top20","eeg_tleft_sampent_full_change_precond;pupil_dilation_sd_full_change_precond;eeg_tleft_lalpha_mean_full_change_precond;eeg_tleft_halpha_mean_full_change_precond;eeg_t_sampent_full_change_precond;eeg_pright_sampent_full_change_precond;gsr_skin_conductance_eda_tonic_mean_nk_full_change_precond;eeg_fl_hbeta_mean_full_change_precond;eeg_tright_halpha_mean_full_change_precond;hrv_rmssd_full_change_precond;eeg_fr_sampent_full_change_precond;eeg_c_sampent_full_change_precond;eeg_fm_sampent_full_change_precond;eeg_fm_theta_mean_full_change_precond;hr_heartrate_bpm_med_abs_full_change_precond;eeg_c_specent_full_change_precond;eeg_ab_ratio_full_change_precond;gsr_skin_conductance_eda_pkrate_nk_full_change_precond;eeg_tleft_hbeta_mean_full_change_precond;gsr_skin_conductance_eda_tonic_sd_nk_full_change_precond"
2025-11-26 18:15:36.702203,11,"stress_label",20,2,0.06,0.512820512820513,0.455128205128205,0.488888888888889,20,"top20","eeg_tleft_sampent_full_change_precond;pupil_dilation_sd_full_change_precond;eeg_tleft_lalpha_mean_full_change_precond;eeg_tleft_halpha_mean_full_change_precond;eeg_t_sampent_full_change_precond;eeg_pright_sampent_full_change_precond;gsr_skin_conductance_eda_tonic_mean_nk_full_change_precond;eeg_fl_hbeta_mean_full_change_precond;eeg_tright_halpha_mean_full_change_precond;hrv_rmssd_full_change_precond;eeg_fr_sampent_full_change_precond;eeg_c_sampent_full_change_precond;eeg_fm_sampent_full_change_precond;eeg_fm_theta_mean_full_change_precond;hr_heartrate_bpm_med_abs_full_change_precond;eeg_c_specent_full_change_precond;eeg_ab_ratio_full_change_precond;gsr_skin_conductance_eda_pkrate_nk_full_change_precond;eeg_tleft_hbeta_mean_full_change_precond;gsr_skin_conductance_eda_tonic_sd_nk_full_change_precond"
2025-11-26 18:15:37.792074,11,"stress_label",20,4,0.06,0.506410256410256,0.391025641025641,NA,20,"top20","eeg_tleft_sampent_full_change_precond;pupil_dilation_sd_full_change_precond;eeg_tleft_lalpha_mean_full_change_precond;eeg_tleft_halpha_mean_full_change_precond;eeg_t_sampent_full_change_precond;eeg_pright_sampent_full_change_precond;gsr_skin_conductance_eda_tonic_mean_nk_full_change_precond;eeg_fl_hbeta_mean_full_change_precond;eeg_tright_halpha_mean_full_change_precond;hrv_rmssd_full_change_precond;eeg_fr_sampent_full_change_precond;eeg_c_sampent_full_change_precond;eeg_fm_sampent_full_change_precond;eeg_fm_theta_mean_full_change_precond;hr_heartrate_bpm_med_abs_full_change_precond;eeg_c_specent_full_change_precond;eeg_ab_ratio_full_change_precond;gsr_skin_conductance_eda_pkrate_nk_full_change_precond;eeg_tleft_hbeta_mean_full_change_precond;gsr_skin_conductance_eda_tonic_sd_nk_full_change_precond"
2025-11-26 18:15:38.785929,11,"stress_label",20,8,0.06,0.474358974358974,0.365384615384615,NA,20,"top20","eeg_tleft_sampent_full_change_precond;pupil_dilation_sd_full_change_precond;eeg_tleft_lalpha_mean_full_change_precond;eeg_tleft_halpha_mean_full_change_precond;eeg_t_sampent_full_change_precond;eeg_pright_sampent_full_change_precond;gsr_skin_conductance_eda_tonic_mean_nk_full_change_precond;eeg_fl_hbeta_mean_full_change_precond;eeg_tright_halpha_mean_full_change_precond;hrv_rmssd_full_change_precond;eeg_fr_sampent_full_change_precond;eeg_c_sampent_full_change_precond;eeg_fm_sampent_full_change_precond;eeg_fm_theta_mean_full_change_precond;hr_heartrate_bpm_med_abs_full_change_precond;eeg_c_specent_full_change_precond;eeg_ab_ratio_full_change_precond;gsr_skin_conductance_eda_pkrate_nk_full_change_precond;eeg_tleft_hbeta_mean_full_change_precond;gsr_skin_conductance_eda_tonic_sd_nk_full_change_precond"
2025-11-26 18:15:39.838746,11,"stress_label",20,16,0.06,0.467948717948718,0.442307692307692,NA,20,"top20","eeg_tleft_sampent_full_change_precond;pupil_dilation_sd_full_change_precond;eeg_tleft_lalpha_mean_full_change_precond;eeg_tleft_halpha_mean_full_change_precond;eeg_t_sampent_full_change_precond;eeg_pright_sampent_full_change_precond;gsr_skin_conductance_eda_tonic_mean_nk_full_change_precond;eeg_fl_hbeta_mean_full_change_precond;eeg_tright_halpha_mean_full_change_precond;hrv_rmssd_full_change_precond;eeg_fr_sampent_full_change_precond;eeg_c_sampent_full_change_precond;eeg_fm_sampent_full_change_precond;eeg_fm_theta_mean_full_change_precond;hr_heartrate_bpm_med_abs_full_change_precond;eeg_c_specent_full_change_precond;eeg_ab_ratio_full_change_precond;gsr_skin_conductance_eda_pkrate_nk_full_change_precond;eeg_tleft_hbeta_mean_full_change_precond;gsr_skin_conductance_eda_tonic_sd_nk_full_change_precond"
2025-11-26 18:15:41.004917,11,"stress_label",20,32,0.06,0.467948717948718,0.326923076923077,NA,20,"top20","eeg_tleft_sampent_full_change_precond;pupil_dilation_sd_full_change_precond;eeg_tleft_lalpha_mean_full_change_precond;eeg_tleft_halpha_mean_full_change_precond;eeg_t_sampent_full_change_precond;eeg_pright_sampent_full_change_precond;gsr_skin_conductance_eda_tonic_mean_nk_full_change_precond;eeg_fl_hbeta_mean_full_change_precond;eeg_tright_halpha_mean_full_change_precond;hrv_rmssd_full_change_precond;eeg_fr_sampent_full_change_precond;eeg_c_sampent_full_change_precond;eeg_fm_sampent_full_change_precond;eeg_fm_theta_mean_full_change_precond;hr_heartrate_bpm_med_abs_full_change_precond;eeg_c_specent_full_change_precond;eeg_ab_ratio_full_change_precond;gsr_skin_conductance_eda_pkrate_nk_full_change_precond;eeg_tleft_hbeta_mean_full_change_precond;gsr_skin_conductance_eda_tonic_sd_nk_full_change_precond"
2025-11-26 18:15:41.987868,11,"stress_label",20,64,0.06,0.467948717948718,0.429487179487179,NA,20,"top20","eeg_tleft_sampent_full_change_precond;pupil_dilation_sd_full_change_precond;eeg_tleft_lalpha_mean_full_change_precond;eeg_tleft_halpha_mean_full_change_precond;eeg_t_sampent_full_change_precond;eeg_pright_sampent_full_change_precond;gsr_skin_conductance_eda_tonic_mean_nk_full_change_precond;eeg_fl_hbeta_mean_full_change_precond;eeg_tright_halpha_mean_full_change_precond;hrv_rmssd_full_change_precond;eeg_fr_sampent_full_change_precond;eeg_c_sampent_full_change_precond;eeg_fm_sampent_full_change_precond;eeg_fm_theta_mean_full_change_precond;hr_heartrate_bpm_med_abs_full_change_precond;eeg_c_specent_full_change_precond;eeg_ab_ratio_full_change_precond;gsr_skin_conductance_eda_pkrate_nk_full_change_precond;eeg_tleft_hbeta_mean_full_change_precond;gsr_skin_conductance_eda_tonic_sd_nk_full_change_precond"
2025-11-26 18:15:43.194351,11,"stress_label",20,128,0.06,0.467948717948718,0.403846153846154,NA,20,"top20","eeg_tleft_sampent_full_change_precond;pupil_dilation_sd_full_change_precond;eeg_tleft_lalpha_mean_full_change_precond;eeg_tleft_halpha_mean_full_change_precond;eeg_t_sampent_full_change_precond;eeg_pright_sampent_full_change_precond;gsr_skin_conductance_eda_tonic_mean_nk_full_change_precond;eeg_fl_hbeta_mean_full_change_precond;eeg_tright_halpha_mean_full_change_precond;hrv_rmssd_full_change_precond;eeg_fr_sampent_full_change_precond;eeg_c_sampent_full_change_precond;eeg_fm_sampent_full_change_precond;eeg_fm_theta_mean_full_change_precond;hr_heartrate_bpm_med_abs_full_change_precond;eeg_c_specent_full_change_precond;eeg_ab_ratio_full_change_precond;gsr_skin_conductance_eda_pkrate_nk_full_change_precond;eeg_tleft_hbeta_mean_full_change_precond;gsr_skin_conductance_eda_tonic_sd_nk_full_change_precond"
2025-11-26 18:15:44.13865,11,"stress_label",20,256,0.06,0.467948717948718,0.429487179487179,NA,20,"top20","eeg_tleft_sampent_full_change_precond;pupil_dilation_sd_full_change_precond;eeg_tleft_lalpha_mean_full_change_precond;eeg_tleft_halpha_mean_full_change_precond;eeg_t_sampent_full_change_precond;eeg_pright_sampent_full_change_precond;gsr_skin_conductance_eda_tonic_mean_nk_full_change_precond;eeg_fl_hbeta_mean_full_change_precond;eeg_tright_halpha_mean_full_change_precond;hrv_rmssd_full_change_precond;eeg_fr_sampent_full_change_precond;eeg_c_sampent_full_change_precond;eeg_fm_sampent_full_change_precond;eeg_fm_theta_mean_full_change_precond;hr_heartrate_bpm_med_abs_full_change_precond;eeg_c_specent_full_change_precond;eeg_ab_ratio_full_change_precond;gsr_skin_conductance_eda_pkrate_nk_full_change_precond;eeg_tleft_hbeta_mean_full_change_precond;gsr_skin_conductance_eda_tonic_sd_nk_full_change_precond"
2025-11-26 18:15:45.265853,11,"stress_label",20,2,0.1,0.512820512820513,0.352564102564103,NA,20,"top20","eeg_tleft_sampent_full_change_precond;pupil_dilation_sd_full_change_precond;eeg_tleft_lalpha_mean_full_change_precond;eeg_tleft_halpha_mean_full_change_precond;eeg_t_sampent_full_change_precond;eeg_pright_sampent_full_change_precond;gsr_skin_conductance_eda_tonic_mean_nk_full_change_precond;eeg_fl_hbeta_mean_full_change_precond;eeg_tright_halpha_mean_full_change_precond;hrv_rmssd_full_change_precond;eeg_fr_sampent_full_change_precond;eeg_c_sampent_full_change_precond;eeg_fm_sampent_full_change_precond;eeg_fm_theta_mean_full_change_precond;hr_heartrate_bpm_med_abs_full_change_precond;eeg_c_specent_full_change_precond;eeg_ab_ratio_full_change_precond;gsr_skin_conductance_eda_pkrate_nk_full_change_precond;eeg_tleft_hbeta_mean_full_change_precond;gsr_skin_conductance_eda_tonic_sd_nk_full_change_precond"
2025-11-26 18:15:46.366142,11,"stress_label",20,4,0.1,0.493589743589744,0.461538461538462,NA,20,"top20","eeg_tleft_sampent_full_change_precond;pupil_dilation_sd_full_change_precond;eeg_tleft_lalpha_mean_full_change_precond;eeg_tleft_halpha_mean_full_change_precond;eeg_t_sampent_full_change_precond;eeg_pright_sampent_full_change_precond;gsr_skin_conductance_eda_tonic_mean_nk_full_change_precond;eeg_fl_hbeta_mean_full_change_precond;eeg_tright_halpha_mean_full_change_precond;hrv_rmssd_full_change_precond;eeg_fr_sampent_full_change_precond;eeg_c_sampent_full_change_precond;eeg_fm_sampent_full_change_precond;eeg_fm_theta_mean_full_change_precond;hr_heartrate_bpm_med_abs_full_change_precond;eeg_c_specent_full_change_precond;eeg_ab_ratio_full_change_precond;gsr_skin_conductance_eda_pkrate_nk_full_change_precond;eeg_tleft_hbeta_mean_full_change_precond;gsr_skin_conductance_eda_tonic_sd_nk_full_change_precond"
2025-11-26 18:15:47.530855,11,"stress_label",20,8,0.1,0.480769230769231,0.33974358974359,NA,20,"top20","eeg_tleft_sampent_full_change_precond;pupil_dilation_sd_full_change_precond;eeg_tleft_lalpha_mean_full_change_precond;eeg_tleft_halpha_mean_full_change_precond;eeg_t_sampent_full_change_precond;eeg_pright_sampent_full_change_precond;gsr_skin_conductance_eda_tonic_mean_nk_full_change_precond;eeg_fl_hbeta_mean_full_change_precond;eeg_tright_halpha_mean_full_change_precond;hrv_rmssd_full_change_precond;eeg_fr_sampent_full_change_precond;eeg_c_sampent_full_change_precond;eeg_fm_sampent_full_change_precond;eeg_fm_theta_mean_full_change_precond;hr_heartrate_bpm_med_abs_full_change_precond;eeg_c_specent_full_change_precond;eeg_ab_ratio_full_change_precond;gsr_skin_conductance_eda_pkrate_nk_full_change_precond;eeg_tleft_hbeta_mean_full_change_precond;gsr_skin_conductance_eda_tonic_sd_nk_full_change_precond"
2025-11-26 18:15:48.650018,11,"stress_label",20,16,0.1,0.480769230769231,0.416666666666667,NA,20,"top20","eeg_tleft_sampent_full_change_precond;pupil_dilation_sd_full_change_precond;eeg_tleft_lalpha_mean_full_change_precond;eeg_tleft_halpha_mean_full_change_precond;eeg_t_sampent_full_change_precond;eeg_pright_sampent_full_change_precond;gsr_skin_conductance_eda_tonic_mean_nk_full_change_precond;eeg_fl_hbeta_mean_full_change_precond;eeg_tright_halpha_mean_full_change_precond;hrv_rmssd_full_change_precond;eeg_fr_sampent_full_change_precond;eeg_c_sampent_full_change_precond;eeg_fm_sampent_full_change_precond;eeg_fm_theta_mean_full_change_precond;hr_heartrate_bpm_med_abs_full_change_precond;eeg_c_specent_full_change_precond;eeg_ab_ratio_full_change_precond;gsr_skin_conductance_eda_pkrate_nk_full_change_precond;eeg_tleft_hbeta_mean_full_change_precond;gsr_skin_conductance_eda_tonic_sd_nk_full_change_precond"
2025-11-26 18:15:49.70239,11,"stress_label",20,32,0.1,0.480769230769231,0.365384615384615,NA,20,"top20","eeg_tleft_sampent_full_change_precond;pupil_dilation_sd_full_change_precond;eeg_tleft_lalpha_mean_full_change_precond;eeg_tleft_halpha_mean_full_change_precond;eeg_t_sampent_full_change_precond;eeg_pright_sampent_full_change_precond;gsr_skin_conductance_eda_tonic_mean_nk_full_change_precond;eeg_fl_hbeta_mean_full_change_precond;eeg_tright_halpha_mean_full_change_precond;hrv_rmssd_full_change_precond;eeg_fr_sampent_full_change_precond;eeg_c_sampent_full_change_precond;eeg_fm_sampent_full_change_precond;eeg_fm_theta_mean_full_change_precond;hr_heartrate_bpm_med_abs_full_change_precond;eeg_c_specent_full_change_precond;eeg_ab_ratio_full_change_precond;gsr_skin_conductance_eda_pkrate_nk_full_change_precond;eeg_tleft_hbeta_mean_full_change_precond;gsr_skin_conductance_eda_tonic_sd_nk_full_change_precond"
2025-11-26 18:15:50.667448,11,"stress_label",20,64,0.1,0.480769230769231,0.365384615384615,NA,20,"top20","eeg_tleft_sampent_full_change_precond;pupil_dilation_sd_full_change_precond;eeg_tleft_lalpha_mean_full_change_precond;eeg_tleft_halpha_mean_full_change_precond;eeg_t_sampent_full_change_precond;eeg_pright_sampent_full_change_precond;gsr_skin_conductance_eda_tonic_mean_nk_full_change_precond;eeg_fl_hbeta_mean_full_change_precond;eeg_tright_halpha_mean_full_change_precond;hrv_rmssd_full_change_precond;eeg_fr_sampent_full_change_precond;eeg_c_sampent_full_change_precond;eeg_fm_sampent_full_change_precond;eeg_fm_theta_mean_full_change_precond;hr_heartrate_bpm_med_abs_full_change_precond;eeg_c_specent_full_change_precond;eeg_ab_ratio_full_change_precond;gsr_skin_conductance_eda_pkrate_nk_full_change_precond;eeg_tleft_hbeta_mean_full_change_precond;gsr_skin_conductance_eda_tonic_sd_nk_full_change_precond"
2025-11-26 18:15:51.831609,11,"stress_label",20,128,0.1,0.480769230769231,0.378205128205128,NA,20,"top20","eeg_tleft_sampent_full_change_precond;pupil_dilation_sd_full_change_precond;eeg_tleft_lalpha_mean_full_change_precond;eeg_tleft_halpha_mean_full_change_precond;eeg_t_sampent_full_change_precond;eeg_pright_sampent_full_change_precond;gsr_skin_conductance_eda_tonic_mean_nk_full_change_precond;eeg_fl_hbeta_mean_full_change_precond;eeg_tright_halpha_mean_full_change_precond;hrv_rmssd_full_change_precond;eeg_fr_sampent_full_change_precond;eeg_c_sampent_full_change_precond;eeg_fm_sampent_full_change_precond;eeg_fm_theta_mean_full_change_precond;hr_heartrate_bpm_med_abs_full_change_precond;eeg_c_specent_full_change_precond;eeg_ab_ratio_full_change_precond;gsr_skin_conductance_eda_pkrate_nk_full_change_precond;eeg_tleft_hbeta_mean_full_change_precond;gsr_skin_conductance_eda_tonic_sd_nk_full_change_precond"
2025-11-26 18:15:52.976556,11,"stress_label",20,256,0.1,0.480769230769231,0.301282051282051,NA,20,"top20","eeg_tleft_sampent_full_change_precond;pupil_dilation_sd_full_change_precond;eeg_tleft_lalpha_mean_full_change_precond;eeg_tleft_halpha_mean_full_change_precond;eeg_t_sampent_full_change_precond;eeg_pright_sampent_full_change_precond;gsr_skin_conductance_eda_tonic_mean_nk_full_change_precond;eeg_fl_hbeta_mean_full_change_precond;eeg_tright_halpha_mean_full_change_precond;hrv_rmssd_full_change_precond;eeg_fr_sampent_full_change_precond;eeg_c_sampent_full_change_precond;eeg_fm_sampent_full_change_precond;eeg_fm_theta_mean_full_change_precond;hr_heartrate_bpm_med_abs_full_change_precond;eeg_c_specent_full_change_precond;eeg_ab_ratio_full_change_precond;gsr_skin_conductance_eda_pkrate_nk_full_change_precond;eeg_tleft_hbeta_mean_full_change_precond;gsr_skin_conductance_eda_tonic_sd_nk_full_change_precond"
2025-11-26 18:15:53.881766,11,"stress_label",10,2,0.0078125,0.596153846153846,0.596153846153846,0.548717948717949,10,"top10","eeg_tleft_sampent_full_change_precond;pupil_dilation_sd_full_change_precond;eeg_tleft_lalpha_mean_full_change_precond;eeg_tleft_halpha_mean_full_change_precond;eeg_t_sampent_full_change_precond;eeg_pright_sampent_full_change_precond;gsr_skin_conductance_eda_tonic_mean_nk_full_change_precond;eeg_fl_hbeta_mean_full_change_precond;eeg_tright_halpha_mean_full_change_precond;hrv_rmssd_full_change_precond"
2025-11-26 18:15:54.716072,11,"stress_label",10,4,0.0078125,0.583333333333333,0.596153846153846,0.527350427350427,10,"top10","eeg_tleft_sampent_full_change_precond;pupil_dilation_sd_full_change_precond;eeg_tleft_lalpha_mean_full_change_precond;eeg_tleft_halpha_mean_full_change_precond;eeg_t_sampent_full_change_precond;eeg_pright_sampent_full_change_precond;gsr_skin_conductance_eda_tonic_mean_nk_full_change_precond;eeg_fl_hbeta_mean_full_change_precond;eeg_tright_halpha_mean_full_change_precond;hrv_rmssd_full_change_precond"
2025-11-26 18:15:55.489307,11,"stress_label",10,8,0.0078125,0.564102564102564,0.583333333333333,0.527350427350427,10,"top10","eeg_tleft_sampent_full_change_precond;pupil_dilation_sd_full_change_precond;eeg_tleft_lalpha_mean_full_change_precond;eeg_tleft_halpha_mean_full_change_precond;eeg_t_sampent_full_change_precond;eeg_pright_sampent_full_change_precond;gsr_skin_conductance_eda_tonic_mean_nk_full_change_precond;eeg_fl_hbeta_mean_full_change_precond;eeg_tright_halpha_mean_full_change_precond;hrv_rmssd_full_change_precond"
2025-11-26 18:15:56.356247,11,"stress_label",10,16,0.0078125,0.576923076923077,0.615384615384615,0.55042735042735,10,"top10","eeg_tleft_sampent_full_change_precond;pupil_dilation_sd_full_change_precond;eeg_tleft_lalpha_mean_full_change_precond;eeg_tleft_halpha_mean_full_change_precond;eeg_t_sampent_full_change_precond;eeg_pright_sampent_full_change_precond;gsr_skin_conductance_eda_tonic_mean_nk_full_change_precond;eeg_fl_hbeta_mean_full_change_precond;eeg_tright_halpha_mean_full_change_precond;hrv_rmssd_full_change_precond"
2025-11-26 18:15:57.234012,11,"stress_label",10,32,0.0078125,0.57051282051282,0.608974358974359,0.547863247863248,10,"top10","eeg_tleft_sampent_full_change_precond;pupil_dilation_sd_full_change_precond;eeg_tleft_lalpha_mean_full_change_precond;eeg_tleft_halpha_mean_full_change_precond;eeg_t_sampent_full_change_precond;eeg_pright_sampent_full_change_precond;gsr_skin_conductance_eda_tonic_mean_nk_full_change_precond;eeg_fl_hbeta_mean_full_change_precond;eeg_tright_halpha_mean_full_change_precond;hrv_rmssd_full_change_precond"
2025-11-26 18:15:58.140069,11,"stress_label",10,64,0.0078125,0.596153846153846,0.608974358974359,0.574358974358974,10,"top10","eeg_tleft_sampent_full_change_precond;pupil_dilation_sd_full_change_precond;eeg_tleft_lalpha_mean_full_change_precond;eeg_tleft_halpha_mean_full_change_precond;eeg_t_sampent_full_change_precond;eeg_pright_sampent_full_change_precond;gsr_skin_conductance_eda_tonic_mean_nk_full_change_precond;eeg_fl_hbeta_mean_full_change_precond;eeg_tright_halpha_mean_full_change_precond;hrv_rmssd_full_change_precond"
2025-11-26 18:15:59.109161,11,"stress_label",10,128,0.0078125,0.544871794871795,0.557692307692308,0.522222222222222,10,"top10","eeg_tleft_sampent_full_change_precond;pupil_dilation_sd_full_change_precond;eeg_tleft_lalpha_mean_full_change_precond;eeg_tleft_halpha_mean_full_change_precond;eeg_t_sampent_full_change_precond;eeg_pright_sampent_full_change_precond;gsr_skin_conductance_eda_tonic_mean_nk_full_change_precond;eeg_fl_hbeta_mean_full_change_precond;eeg_tright_halpha_mean_full_change_precond;hrv_rmssd_full_change_precond"
2025-11-26 18:16:00.099616,11,"stress_label",10,256,0.0078125,0.474358974358974,0.493589743589744,0.445299145299145,10,"top10","eeg_tleft_sampent_full_change_precond;pupil_dilation_sd_full_change_precond;eeg_tleft_lalpha_mean_full_change_precond;eeg_tleft_halpha_mean_full_change_precond;eeg_t_sampent_full_change_precond;eeg_pright_sampent_full_change_precond;gsr_skin_conductance_eda_tonic_mean_nk_full_change_precond;eeg_fl_hbeta_mean_full_change_precond;eeg_tright_halpha_mean_full_change_precond;hrv_rmssd_full_change_precond"
2025-11-26 18:16:00.866115,11,"stress_label",10,2,0.015625,0.602564102564103,0.596153846153846,0.548717948717949,10,"top10","eeg_tleft_sampent_full_change_precond;pupil_dilation_sd_full_change_precond;eeg_tleft_lalpha_mean_full_change_precond;eeg_tleft_halpha_mean_full_change_precond;eeg_t_sampent_full_change_precond;eeg_pright_sampent_full_change_precond;gsr_skin_conductance_eda_tonic_mean_nk_full_change_precond;eeg_fl_hbeta_mean_full_change_precond;eeg_tright_halpha_mean_full_change_precond;hrv_rmssd_full_change_precond"
2025-11-26 18:16:01.730699,11,"stress_label",10,4,0.015625,0.58974358974359,0.615384615384615,0.546153846153846,10,"top10","eeg_tleft_sampent_full_change_precond;pupil_dilation_sd_full_change_precond;eeg_tleft_lalpha_mean_full_change_precond;eeg_tleft_halpha_mean_full_change_precond;eeg_t_sampent_full_change_precond;eeg_pright_sampent_full_change_precond;gsr_skin_conductance_eda_tonic_mean_nk_full_change_precond;eeg_fl_hbeta_mean_full_change_precond;eeg_tright_halpha_mean_full_change_precond;hrv_rmssd_full_change_precond"
2025-11-26 18:16:02.593493,11,"stress_label",10,8,0.015625,0.576923076923077,0.602564102564103,0.543589743589744,10,"top10","eeg_tleft_sampent_full_change_precond;pupil_dilation_sd_full_change_precond;eeg_tleft_lalpha_mean_full_change_precond;eeg_tleft_halpha_mean_full_change_precond;eeg_t_sampent_full_change_precond;eeg_pright_sampent_full_change_precond;gsr_skin_conductance_eda_tonic_mean_nk_full_change_precond;eeg_fl_hbeta_mean_full_change_precond;eeg_tright_halpha_mean_full_change_precond;hrv_rmssd_full_change_precond"
2025-11-26 18:16:03.467605,11,"stress_label",10,16,0.015625,0.602564102564103,0.615384615384615,0.582905982905983,10,"top10","eeg_tleft_sampent_full_change_precond;pupil_dilation_sd_full_change_precond;eeg_tleft_lalpha_mean_full_change_precond;eeg_tleft_halpha_mean_full_change_precond;eeg_t_sampent_full_change_precond;eeg_pright_sampent_full_change_precond;gsr_skin_conductance_eda_tonic_mean_nk_full_change_precond;eeg_fl_hbeta_mean_full_change_precond;eeg_tright_halpha_mean_full_change_precond;hrv_rmssd_full_change_precond"
2025-11-26 18:16:04.302327,11,"stress_label",10,32,0.015625,0.564102564102564,0.557692307692308,0.552136752136752,10,"top10","eeg_tleft_sampent_full_change_precond;pupil_dilation_sd_full_change_precond;eeg_tleft_lalpha_mean_full_change_precond;eeg_tleft_halpha_mean_full_change_precond;eeg_t_sampent_full_change_precond;eeg_pright_sampent_full_change_precond;gsr_skin_conductance_eda_tonic_mean_nk_full_change_precond;eeg_fl_hbeta_mean_full_change_precond;eeg_tright_halpha_mean_full_change_precond;hrv_rmssd_full_change_precond"
2025-11-26 18:16:05.155022,11,"stress_label",10,64,0.015625,0.480769230769231,0.448717948717949,0.455555555555556,10,"top10","eeg_tleft_sampent_full_change_precond;pupil_dilation_sd_full_change_precond;eeg_tleft_lalpha_mean_full_change_precond;eeg_tleft_halpha_mean_full_change_precond;eeg_t_sampent_full_change_precond;eeg_pright_sampent_full_change_precond;gsr_skin_conductance_eda_tonic_mean_nk_full_change_precond;eeg_fl_hbeta_mean_full_change_precond;eeg_tright_halpha_mean_full_change_precond;hrv_rmssd_full_change_precond"
2025-11-26 18:16:06.232335,11,"stress_label",10,128,0.015625,0.487179487179487,0.384615384615385,0.471794871794872,10,"top10","eeg_tleft_sampent_full_change_precond;pupil_dilation_sd_full_change_precond;eeg_tleft_lalpha_mean_full_change_precond;eeg_tleft_halpha_mean_full_change_precond;eeg_t_sampent_full_change_precond;eeg_pright_sampent_full_change_precond;gsr_skin_conductance_eda_tonic_mean_nk_full_change_precond;eeg_fl_hbeta_mean_full_change_precond;eeg_tright_halpha_mean_full_change_precond;hrv_rmssd_full_change_precond"
2025-11-26 18:16:07.404681,11,"stress_label",10,256,0.015625,0.467948717948718,0.416666666666667,NA,10,"top10","eeg_tleft_sampent_full_change_precond;pupil_dilation_sd_full_change_precond;eeg_tleft_lalpha_mean_full_change_precond;eeg_tleft_halpha_mean_full_change_precond;eeg_t_sampent_full_change_precond;eeg_pright_sampent_full_change_precond;gsr_skin_conductance_eda_tonic_mean_nk_full_change_precond;eeg_fl_hbeta_mean_full_change_precond;eeg_tright_halpha_mean_full_change_precond;hrv_rmssd_full_change_precond"
2025-11-26 18:16:08.316021,11,"stress_label",10,2,0.03125,0.583333333333333,0.602564102564103,0.535042735042735,10,"top10","eeg_tleft_sampent_full_change_precond;pupil_dilation_sd_full_change_precond;eeg_tleft_lalpha_mean_full_change_precond;eeg_tleft_halpha_mean_full_change_precond;eeg_t_sampent_full_change_precond;eeg_pright_sampent_full_change_precond;gsr_skin_conductance_eda_tonic_mean_nk_full_change_precond;eeg_fl_hbeta_mean_full_change_precond;eeg_tright_halpha_mean_full_change_precond;hrv_rmssd_full_change_precond"
2025-11-26 18:16:09.194168,11,"stress_label",10,4,0.03125,0.608974358974359,0.596153846153846,0.583760683760684,10,"top10","eeg_tleft_sampent_full_change_precond;pupil_dilation_sd_full_change_precond;eeg_tleft_lalpha_mean_full_change_precond;eeg_tleft_halpha_mean_full_change_precond;eeg_t_sampent_full_change_precond;eeg_pright_sampent_full_change_precond;gsr_skin_conductance_eda_tonic_mean_nk_full_change_precond;eeg_fl_hbeta_mean_full_change_precond;eeg_tright_halpha_mean_full_change_precond;hrv_rmssd_full_change_precond"
2025-11-26 18:16:10.002182,11,"stress_label",10,8,0.03125,0.564102564102564,0.58974358974359,0.548717948717949,10,"top10","eeg_tleft_sampent_full_change_precond;pupil_dilation_sd_full_change_precond;eeg_tleft_lalpha_mean_full_change_precond;eeg_tleft_halpha_mean_full_change_precond;eeg_t_sampent_full_change_precond;eeg_pright_sampent_full_change_precond;gsr_skin_conductance_eda_tonic_mean_nk_full_change_precond;eeg_fl_hbeta_mean_full_change_precond;eeg_tright_halpha_mean_full_change_precond;hrv_rmssd_full_change_precond"
2025-11-26 18:16:10.89992,11,"stress_label",10,16,0.03125,0.480769230769231,0.532051282051282,0.458119658119658,10,"top10","eeg_tleft_sampent_full_change_precond;pupil_dilation_sd_full_change_precond;eeg_tleft_lalpha_mean_full_change_precond;eeg_tleft_halpha_mean_full_change_precond;eeg_t_sampent_full_change_precond;eeg_pright_sampent_full_change_precond;gsr_skin_conductance_eda_tonic_mean_nk_full_change_precond;eeg_fl_hbeta_mean_full_change_precond;eeg_tright_halpha_mean_full_change_precond;hrv_rmssd_full_change_precond"
2025-11-26 18:16:11.87426,11,"stress_label",10,32,0.03125,0.474358974358974,0.461538461538462,NA,10,"top10","eeg_tleft_sampent_full_change_precond;pupil_dilation_sd_full_change_precond;eeg_tleft_lalpha_mean_full_change_precond;eeg_tleft_halpha_mean_full_change_precond;eeg_t_sampent_full_change_precond;eeg_pright_sampent_full_change_precond;gsr_skin_conductance_eda_tonic_mean_nk_full_change_precond;eeg_fl_hbeta_mean_full_change_precond;eeg_tright_halpha_mean_full_change_precond;hrv_rmssd_full_change_precond"
2025-11-26 18:16:12.839442,11,"stress_label",10,64,0.03125,0.474358974358974,0.429487179487179,NA,10,"top10","eeg_tleft_sampent_full_change_precond;pupil_dilation_sd_full_change_precond;eeg_tleft_lalpha_mean_full_change_precond;eeg_tleft_halpha_mean_full_change_precond;eeg_t_sampent_full_change_precond;eeg_pright_sampent_full_change_precond;gsr_skin_conductance_eda_tonic_mean_nk_full_change_precond;eeg_fl_hbeta_mean_full_change_precond;eeg_tright_halpha_mean_full_change_precond;hrv_rmssd_full_change_precond"
2025-11-26 18:16:14.124218,11,"stress_label",10,128,0.03125,0.474358974358974,0.41025641025641,NA,10,"top10","eeg_tleft_sampent_full_change_precond;pupil_dilation_sd_full_change_precond;eeg_tleft_lalpha_mean_full_change_precond;eeg_tleft_halpha_mean_full_change_precond;eeg_t_sampent_full_change_precond;eeg_pright_sampent_full_change_precond;gsr_skin_conductance_eda_tonic_mean_nk_full_change_precond;eeg_fl_hbeta_mean_full_change_precond;eeg_tright_halpha_mean_full_change_precond;hrv_rmssd_full_change_precond"
2025-11-26 18:16:15.523652,11,"stress_label",10,256,0.03125,0.512820512820513,0.557692307692308,NA,10,"top10","eeg_tleft_sampent_full_change_precond;pupil_dilation_sd_full_change_precond;eeg_tleft_lalpha_mean_full_change_precond;eeg_tleft_halpha_mean_full_change_precond;eeg_t_sampent_full_change_precond;eeg_pright_sampent_full_change_precond;gsr_skin_conductance_eda_tonic_mean_nk_full_change_precond;eeg_fl_hbeta_mean_full_change_precond;eeg_tright_halpha_mean_full_change_precond;hrv_rmssd_full_change_precond"
2025-11-26 18:16:16.25878,11,"stress_label",10,2,0.0625,0.58974358974359,0.583333333333333,0.564102564102564,10,"top10","eeg_tleft_sampent_full_change_precond;pupil_dilation_sd_full_change_precond;eeg_tleft_lalpha_mean_full_change_precond;eeg_tleft_halpha_mean_full_change_precond;eeg_t_sampent_full_change_precond;eeg_pright_sampent_full_change_precond;gsr_skin_conductance_eda_tonic_mean_nk_full_change_precond;eeg_fl_hbeta_mean_full_change_precond;eeg_tright_halpha_mean_full_change_precond;hrv_rmssd_full_change_precond"
2025-11-26 18:16:17.041368,11,"stress_label",10,4,0.0625,0.538461538461538,0.538461538461538,0.513675213675214,10,"top10","eeg_tleft_sampent_full_change_precond;pupil_dilation_sd_full_change_precond;eeg_tleft_lalpha_mean_full_change_precond;eeg_tleft_halpha_mean_full_change_precond;eeg_t_sampent_full_change_precond;eeg_pright_sampent_full_change_precond;gsr_skin_conductance_eda_tonic_mean_nk_full_change_precond;eeg_fl_hbeta_mean_full_change_precond;eeg_tright_halpha_mean_full_change_precond;hrv_rmssd_full_change_precond"
2025-11-26 18:16:17.874932,11,"stress_label",10,8,0.0625,0.493589743589744,0.480769230769231,0.474358974358974,10,"top10","eeg_tleft_sampent_full_change_precond;pupil_dilation_sd_full_change_precond;eeg_tleft_lalpha_mean_full_change_precond;eeg_tleft_halpha_mean_full_change_precond;eeg_t_sampent_full_change_precond;eeg_pright_sampent_full_change_precond;gsr_skin_conductance_eda_tonic_mean_nk_full_change_precond;eeg_fl_hbeta_mean_full_change_precond;eeg_tright_halpha_mean_full_change_precond;hrv_rmssd_full_change_precond"
2025-11-26 18:16:18.828789,11,"stress_label",10,16,0.0625,0.506410256410256,0.487179487179487,0.475213675213675,10,"top10","eeg_tleft_sampent_full_change_precond;pupil_dilation_sd_full_change_precond;eeg_tleft_lalpha_mean_full_change_precond;eeg_tleft_halpha_mean_full_change_precond;eeg_t_sampent_full_change_precond;eeg_pright_sampent_full_change_precond;gsr_skin_conductance_eda_tonic_mean_nk_full_change_precond;eeg_fl_hbeta_mean_full_change_precond;eeg_tright_halpha_mean_full_change_precond;hrv_rmssd_full_change_precond"
2025-11-26 18:16:19.917359,11,"stress_label",10,32,0.0625,0.474358974358974,0.551282051282051,NA,10,"top10","eeg_tleft_sampent_full_change_precond;pupil_dilation_sd_full_change_precond;eeg_tleft_lalpha_mean_full_change_precond;eeg_tleft_halpha_mean_full_change_precond;eeg_t_sampent_full_change_precond;eeg_pright_sampent_full_change_precond;gsr_skin_conductance_eda_tonic_mean_nk_full_change_precond;eeg_fl_hbeta_mean_full_change_precond;eeg_tright_halpha_mean_full_change_precond;hrv_rmssd_full_change_precond"
2025-11-26 18:16:21.064556,11,"stress_label",10,64,0.0625,0.493589743589744,0.455128205128205,NA,10,"top10","eeg_tleft_sampent_full_change_precond;pupil_dilation_sd_full_change_precond;eeg_tleft_lalpha_mean_full_change_precond;eeg_tleft_halpha_mean_full_change_precond;eeg_t_sampent_full_change_precond;eeg_pright_sampent_full_change_precond;gsr_skin_conductance_eda_tonic_mean_nk_full_change_precond;eeg_fl_hbeta_mean_full_change_precond;eeg_tright_halpha_mean_full_change_precond;hrv_rmssd_full_change_precond"
2025-11-26 18:16:22.257085,11,"stress_label",10,128,0.0625,0.519230769230769,0.474358974358974,NA,10,"top10","eeg_tleft_sampent_full_change_precond;pupil_dilation_sd_full_change_precond;eeg_tleft_lalpha_mean_full_change_precond;eeg_tleft_halpha_mean_full_change_precond;eeg_t_sampent_full_change_precond;eeg_pright_sampent_full_change_precond;gsr_skin_conductance_eda_tonic_mean_nk_full_change_precond;eeg_fl_hbeta_mean_full_change_precond;eeg_tright_halpha_mean_full_change_precond;hrv_rmssd_full_change_precond"
2025-11-26 18:16:23.453186,11,"stress_label",10,256,0.0625,0.538461538461538,0.442307692307692,NA,10,"top10","eeg_tleft_sampent_full_change_precond;pupil_dilation_sd_full_change_precond;eeg_tleft_lalpha_mean_full_change_precond;eeg_tleft_halpha_mean_full_change_precond;eeg_t_sampent_full_change_precond;eeg_pright_sampent_full_change_precond;gsr_skin_conductance_eda_tonic_mean_nk_full_change_precond;eeg_fl_hbeta_mean_full_change_precond;eeg_tright_halpha_mean_full_change_precond;hrv_rmssd_full_change_precond"
2025-11-26 18:16:24.348367,11,"stress_label",10,2,0.125,0.538461538461538,0.480769230769231,NA,10,"top10","eeg_tleft_sampent_full_change_precond;pupil_dilation_sd_full_change_precond;eeg_tleft_lalpha_mean_full_change_precond;eeg_tleft_halpha_mean_full_change_precond;eeg_t_sampent_full_change_precond;eeg_pright_sampent_full_change_precond;gsr_skin_conductance_eda_tonic_mean_nk_full_change_precond;eeg_fl_hbeta_mean_full_change_precond;eeg_tright_halpha_mean_full_change_precond;hrv_rmssd_full_change_precond"
2025-11-26 18:16:25.128463,11,"stress_label",10,4,0.125,0.5,0.480769230769231,0.47008547008547,10,"top10","eeg_tleft_sampent_full_change_precond;pupil_dilation_sd_full_change_precond;eeg_tleft_lalpha_mean_full_change_precond;eeg_tleft_halpha_mean_full_change_precond;eeg_t_sampent_full_change_precond;eeg_pright_sampent_full_change_precond;gsr_skin_conductance_eda_tonic_mean_nk_full_change_precond;eeg_fl_hbeta_mean_full_change_precond;eeg_tright_halpha_mean_full_change_precond;hrv_rmssd_full_change_precond"
2025-11-26 18:16:25.982571,11,"stress_label",10,8,0.125,0.506410256410256,0.493589743589744,NA,10,"top10","eeg_tleft_sampent_full_change_precond;pupil_dilation_sd_full_change_precond;eeg_tleft_lalpha_mean_full_change_precond;eeg_tleft_halpha_mean_full_change_precond;eeg_t_sampent_full_change_precond;eeg_pright_sampent_full_change_precond;gsr_skin_conductance_eda_tonic_mean_nk_full_change_precond;eeg_fl_hbeta_mean_full_change_precond;eeg_tright_halpha_mean_full_change_precond;hrv_rmssd_full_change_precond"
2025-11-26 18:16:27.032194,11,"stress_label",10,16,0.125,0.5,0.532051282051282,NA,10,"top10","eeg_tleft_sampent_full_change_precond;pupil_dilation_sd_full_change_precond;eeg_tleft_lalpha_mean_full_change_precond;eeg_tleft_halpha_mean_full_change_precond;eeg_t_sampent_full_change_precond;eeg_pright_sampent_full_change_precond;gsr_skin_conductance_eda_tonic_mean_nk_full_change_precond;eeg_fl_hbeta_mean_full_change_precond;eeg_tright_halpha_mean_full_change_precond;hrv_rmssd_full_change_precond"
2025-11-26 18:16:28.07679,11,"stress_label",10,32,0.125,0.525641025641026,0.455128205128205,NA,10,"top10","eeg_tleft_sampent_full_change_precond;pupil_dilation_sd_full_change_precond;eeg_tleft_lalpha_mean_full_change_precond;eeg_tleft_halpha_mean_full_change_precond;eeg_t_sampent_full_change_precond;eeg_pright_sampent_full_change_precond;gsr_skin_conductance_eda_tonic_mean_nk_full_change_precond;eeg_fl_hbeta_mean_full_change_precond;eeg_tright_halpha_mean_full_change_precond;hrv_rmssd_full_change_precond"
2025-11-26 18:16:29.120815,11,"stress_label",10,64,0.125,0.525641025641026,0.467948717948718,NA,10,"top10","eeg_tleft_sampent_full_change_precond;pupil_dilation_sd_full_change_precond;eeg_tleft_lalpha_mean_full_change_precond;eeg_tleft_halpha_mean_full_change_precond;eeg_t_sampent_full_change_precond;eeg_pright_sampent_full_change_precond;gsr_skin_conductance_eda_tonic_mean_nk_full_change_precond;eeg_fl_hbeta_mean_full_change_precond;eeg_tright_halpha_mean_full_change_precond;hrv_rmssd_full_change_precond"
2025-11-26 18:16:30.122037,11,"stress_label",10,128,0.125,0.525641025641026,0.467948717948718,NA,10,"top10","eeg_tleft_sampent_full_change_precond;pupil_dilation_sd_full_change_precond;eeg_tleft_lalpha_mean_full_change_precond;eeg_tleft_halpha_mean_full_change_precond;eeg_t_sampent_full_change_precond;eeg_pright_sampent_full_change_precond;gsr_skin_conductance_eda_tonic_mean_nk_full_change_precond;eeg_fl_hbeta_mean_full_change_precond;eeg_tright_halpha_mean_full_change_precond;hrv_rmssd_full_change_precond"
2025-11-26 18:16:31.151804,11,"stress_label",10,256,0.125,0.525641025641026,0.506410256410256,NA,10,"top10","eeg_tleft_sampent_full_change_precond;pupil_dilation_sd_full_change_precond;eeg_tleft_lalpha_mean_full_change_precond;eeg_tleft_halpha_mean_full_change_precond;eeg_t_sampent_full_change_precond;eeg_pright_sampent_full_change_precond;gsr_skin_conductance_eda_tonic_mean_nk_full_change_precond;eeg_fl_hbeta_mean_full_change_precond;eeg_tright_halpha_mean_full_change_precond;hrv_rmssd_full_change_precond"
2025-11-26 18:16:32.015781,11,"stress_label",10,2,0.03,0.583333333333333,0.602564102564103,0.535042735042735,10,"top10","eeg_tleft_sampent_full_change_precond;pupil_dilation_sd_full_change_precond;eeg_tleft_lalpha_mean_full_change_precond;eeg_tleft_halpha_mean_full_change_precond;eeg_t_sampent_full_change_precond;eeg_pright_sampent_full_change_precond;gsr_skin_conductance_eda_tonic_mean_nk_full_change_precond;eeg_fl_hbeta_mean_full_change_precond;eeg_tright_halpha_mean_full_change_precond;hrv_rmssd_full_change_precond"
2025-11-26 18:16:32.88409,11,"stress_label",10,4,0.03,0.602564102564103,0.596153846153846,0.579487179487179,10,"top10","eeg_tleft_sampent_full_change_precond;pupil_dilation_sd_full_change_precond;eeg_tleft_lalpha_mean_full_change_precond;eeg_tleft_halpha_mean_full_change_precond;eeg_t_sampent_full_change_precond;eeg_pright_sampent_full_change_precond;gsr_skin_conductance_eda_tonic_mean_nk_full_change_precond;eeg_fl_hbeta_mean_full_change_precond;eeg_tright_halpha_mean_full_change_precond;hrv_rmssd_full_change_precond"
2025-11-26 18:16:33.603904,11,"stress_label",10,8,0.03,0.564102564102564,0.583333333333333,0.548717948717949,10,"top10","eeg_tleft_sampent_full_change_precond;pupil_dilation_sd_full_change_precond;eeg_tleft_lalpha_mean_full_change_precond;eeg_tleft_halpha_mean_full_change_precond;eeg_t_sampent_full_change_precond;eeg_pright_sampent_full_change_precond;gsr_skin_conductance_eda_tonic_mean_nk_full_change_precond;eeg_fl_hbeta_mean_full_change_precond;eeg_tright_halpha_mean_full_change_precond;hrv_rmssd_full_change_precond"
2025-11-26 18:16:34.374814,11,"stress_label",10,16,0.03,0.493589743589744,0.5,0.47008547008547,10,"top10","eeg_tleft_sampent_full_change_precond;pupil_dilation_sd_full_change_precond;eeg_tleft_lalpha_mean_full_change_precond;eeg_tleft_halpha_mean_full_change_precond;eeg_t_sampent_full_change_precond;eeg_pright_sampent_full_change_precond;gsr_skin_conductance_eda_tonic_mean_nk_full_change_precond;eeg_fl_hbeta_mean_full_change_precond;eeg_tright_halpha_mean_full_change_precond;hrv_rmssd_full_change_precond"
2025-11-26 18:16:35.202252,11,"stress_label",10,32,0.03,0.461538461538462,0.5,NA,10,"top10","eeg_tleft_sampent_full_change_precond;pupil_dilation_sd_full_change_precond;eeg_tleft_lalpha_mean_full_change_precond;eeg_tleft_halpha_mean_full_change_precond;eeg_t_sampent_full_change_precond;eeg_pright_sampent_full_change_precond;gsr_skin_conductance_eda_tonic_mean_nk_full_change_precond;eeg_fl_hbeta_mean_full_change_precond;eeg_tright_halpha_mean_full_change_precond;hrv_rmssd_full_change_precond"
2025-11-26 18:16:36.282352,11,"stress_label",10,64,0.03,0.467948717948718,0.467948717948718,NA,10,"top10","eeg_tleft_sampent_full_change_precond;pupil_dilation_sd_full_change_precond;eeg_tleft_lalpha_mean_full_change_precond;eeg_tleft_halpha_mean_full_change_precond;eeg_t_sampent_full_change_precond;eeg_pright_sampent_full_change_precond;gsr_skin_conductance_eda_tonic_mean_nk_full_change_precond;eeg_fl_hbeta_mean_full_change_precond;eeg_tright_halpha_mean_full_change_precond;hrv_rmssd_full_change_precond"
2025-11-26 18:16:37.508534,11,"stress_label",10,128,0.03,0.467948717948718,0.480769230769231,NA,10,"top10","eeg_tleft_sampent_full_change_precond;pupil_dilation_sd_full_change_precond;eeg_tleft_lalpha_mean_full_change_precond;eeg_tleft_halpha_mean_full_change_precond;eeg_t_sampent_full_change_precond;eeg_pright_sampent_full_change_precond;gsr_skin_conductance_eda_tonic_mean_nk_full_change_precond;eeg_fl_hbeta_mean_full_change_precond;eeg_tright_halpha_mean_full_change_precond;hrv_rmssd_full_change_precond"
2025-11-26 18:16:38.87505,11,"stress_label",10,256,0.03,0.525641025641026,0.397435897435897,NA,10,"top10","eeg_tleft_sampent_full_change_precond;pupil_dilation_sd_full_change_precond;eeg_tleft_lalpha_mean_full_change_precond;eeg_tleft_halpha_mean_full_change_precond;eeg_t_sampent_full_change_precond;eeg_pright_sampent_full_change_precond;gsr_skin_conductance_eda_tonic_mean_nk_full_change_precond;eeg_fl_hbeta_mean_full_change_precond;eeg_tright_halpha_mean_full_change_precond;hrv_rmssd_full_change_precond"
2025-11-26 18:16:39.741033,11,"stress_label",10,2,0.06,0.596153846153846,0.583333333333333,0.566666666666667,10,"top10","eeg_tleft_sampent_full_change_precond;pupil_dilation_sd_full_change_precond;eeg_tleft_lalpha_mean_full_change_precond;eeg_tleft_halpha_mean_full_change_precond;eeg_t_sampent_full_change_precond;eeg_pright_sampent_full_change_precond;gsr_skin_conductance_eda_tonic_mean_nk_full_change_precond;eeg_fl_hbeta_mean_full_change_precond;eeg_tright_halpha_mean_full_change_precond;hrv_rmssd_full_change_precond"
2025-11-26 18:16:40.617344,11,"stress_label",10,4,0.06,0.551282051282051,0.532051282051282,0.527350427350427,10,"top10","eeg_tleft_sampent_full_change_precond;pupil_dilation_sd_full_change_precond;eeg_tleft_lalpha_mean_full_change_precond;eeg_tleft_halpha_mean_full_change_precond;eeg_t_sampent_full_change_precond;eeg_pright_sampent_full_change_precond;gsr_skin_conductance_eda_tonic_mean_nk_full_change_precond;eeg_fl_hbeta_mean_full_change_precond;eeg_tright_halpha_mean_full_change_precond;hrv_rmssd_full_change_precond"
2025-11-26 18:16:41.534559,11,"stress_label",10,8,0.06,0.493589743589744,0.544871794871795,0.464102564102564,10,"top10","eeg_tleft_sampent_full_change_precond;pupil_dilation_sd_full_change_precond;eeg_tleft_lalpha_mean_full_change_precond;eeg_tleft_halpha_mean_full_change_precond;eeg_t_sampent_full_change_precond;eeg_pright_sampent_full_change_precond;gsr_skin_conductance_eda_tonic_mean_nk_full_change_precond;eeg_fl_hbeta_mean_full_change_precond;eeg_tright_halpha_mean_full_change_precond;hrv_rmssd_full_change_precond"
2025-11-26 18:16:42.333695,11,"stress_label",10,16,0.06,0.512820512820513,0.544871794871795,0.494017094017094,10,"top10","eeg_tleft_sampent_full_change_precond;pupil_dilation_sd_full_change_precond;eeg_tleft_lalpha_mean_full_change_precond;eeg_tleft_halpha_mean_full_change_precond;eeg_t_sampent_full_change_precond;eeg_pright_sampent_full_change_precond;gsr_skin_conductance_eda_tonic_mean_nk_full_change_precond;eeg_fl_hbeta_mean_full_change_precond;eeg_tright_halpha_mean_full_change_precond;hrv_rmssd_full_change_precond"
2025-11-26 18:16:43.271638,11,"stress_label",10,32,0.06,0.467948717948718,0.506410256410256,NA,10,"top10","eeg_tleft_sampent_full_change_precond;pupil_dilation_sd_full_change_precond;eeg_tleft_lalpha_mean_full_change_precond;eeg_tleft_halpha_mean_full_change_precond;eeg_t_sampent_full_change_precond;eeg_pright_sampent_full_change_precond;gsr_skin_conductance_eda_tonic_mean_nk_full_change_precond;eeg_fl_hbeta_mean_full_change_precond;eeg_tright_halpha_mean_full_change_precond;hrv_rmssd_full_change_precond"
2025-11-26 18:16:44.290044,11,"stress_label",10,64,0.06,0.493589743589744,0.5,NA,10,"top10","eeg_tleft_sampent_full_change_precond;pupil_dilation_sd_full_change_precond;eeg_tleft_lalpha_mean_full_change_precond;eeg_tleft_halpha_mean_full_change_precond;eeg_t_sampent_full_change_precond;eeg_pright_sampent_full_change_precond;gsr_skin_conductance_eda_tonic_mean_nk_full_change_precond;eeg_fl_hbeta_mean_full_change_precond;eeg_tright_halpha_mean_full_change_precond;hrv_rmssd_full_change_precond"
2025-11-26 18:16:45.40164,11,"stress_label",10,128,0.06,0.512820512820513,0.384615384615385,NA,10,"top10","eeg_tleft_sampent_full_change_precond;pupil_dilation_sd_full_change_precond;eeg_tleft_lalpha_mean_full_change_precond;eeg_tleft_halpha_mean_full_change_precond;eeg_t_sampent_full_change_precond;eeg_pright_sampent_full_change_precond;gsr_skin_conductance_eda_tonic_mean_nk_full_change_precond;eeg_fl_hbeta_mean_full_change_precond;eeg_tright_halpha_mean_full_change_precond;hrv_rmssd_full_change_precond"
2025-11-26 18:16:46.550468,11,"stress_label",10,256,0.06,0.538461538461538,0.57051282051282,NA,10,"top10","eeg_tleft_sampent_full_change_precond;pupil_dilation_sd_full_change_precond;eeg_tleft_lalpha_mean_full_change_precond;eeg_tleft_halpha_mean_full_change_precond;eeg_t_sampent_full_change_precond;eeg_pright_sampent_full_change_precond;gsr_skin_conductance_eda_tonic_mean_nk_full_change_precond;eeg_fl_hbeta_mean_full_change_precond;eeg_tright_halpha_mean_full_change_precond;hrv_rmssd_full_change_precond"
2025-11-26 18:16:47.414891,11,"stress_label",10,2,0.1,0.57051282051282,0.551282051282051,0.553846153846154,10,"top10","eeg_tleft_sampent_full_change_precond;pupil_dilation_sd_full_change_precond;eeg_tleft_lalpha_mean_full_change_precond;eeg_tleft_halpha_mean_full_change_precond;eeg_t_sampent_full_change_precond;eeg_pright_sampent_full_change_precond;gsr_skin_conductance_eda_tonic_mean_nk_full_change_precond;eeg_fl_hbeta_mean_full_change_precond;eeg_tright_halpha_mean_full_change_precond;hrv_rmssd_full_change_precond"
2025-11-26 18:16:48.297708,11,"stress_label",10,4,0.1,0.493589743589744,0.519230769230769,NA,10,"top10","eeg_tleft_sampent_full_change_precond;pupil_dilation_sd_full_change_precond;eeg_tleft_lalpha_mean_full_change_precond;eeg_tleft_halpha_mean_full_change_precond;eeg_t_sampent_full_change_precond;eeg_pright_sampent_full_change_precond;gsr_skin_conductance_eda_tonic_mean_nk_full_change_precond;eeg_fl_hbeta_mean_full_change_precond;eeg_tright_halpha_mean_full_change_precond;hrv_rmssd_full_change_precond"
2025-11-26 18:16:49.265776,11,"stress_label",10,8,0.1,0.487179487179487,0.557692307692308,NA,10,"top10","eeg_tleft_sampent_full_change_precond;pupil_dilation_sd_full_change_precond;eeg_tleft_lalpha_mean_full_change_precond;eeg_tleft_halpha_mean_full_change_precond;eeg_t_sampent_full_change_precond;eeg_pright_sampent_full_change_precond;gsr_skin_conductance_eda_tonic_mean_nk_full_change_precond;eeg_fl_hbeta_mean_full_change_precond;eeg_tright_halpha_mean_full_change_precond;hrv_rmssd_full_change_precond"
2025-11-26 18:16:50.296677,11,"stress_label",10,16,0.1,0.5,0.455128205128205,NA,10,"top10","eeg_tleft_sampent_full_change_precond;pupil_dilation_sd_full_change_precond;eeg_tleft_lalpha_mean_full_change_precond;eeg_tleft_halpha_mean_full_change_precond;eeg_t_sampent_full_change_precond;eeg_pright_sampent_full_change_precond;gsr_skin_conductance_eda_tonic_mean_nk_full_change_precond;eeg_fl_hbeta_mean_full_change_precond;eeg_tright_halpha_mean_full_change_precond;hrv_rmssd_full_change_precond"
2025-11-26 18:16:51.347699,11,"stress_label",10,32,0.1,0.493589743589744,0.435897435897436,NA,10,"top10","eeg_tleft_sampent_full_change_precond;pupil_dilation_sd_full_change_precond;eeg_tleft_lalpha_mean_full_change_precond;eeg_tleft_halpha_mean_full_change_precond;eeg_t_sampent_full_change_precond;eeg_pright_sampent_full_change_precond;gsr_skin_conductance_eda_tonic_mean_nk_full_change_precond;eeg_fl_hbeta_mean_full_change_precond;eeg_tright_halpha_mean_full_change_precond;hrv_rmssd_full_change_precond"
2025-11-26 18:16:52.413167,11,"stress_label",10,64,0.1,0.525641025641026,0.5,NA,10,"top10","eeg_tleft_sampent_full_change_precond;pupil_dilation_sd_full_change_precond;eeg_tleft_lalpha_mean_full_change_precond;eeg_tleft_halpha_mean_full_change_precond;eeg_t_sampent_full_change_precond;eeg_pright_sampent_full_change_precond;gsr_skin_conductance_eda_tonic_mean_nk_full_change_precond;eeg_fl_hbeta_mean_full_change_precond;eeg_tright_halpha_mean_full_change_precond;hrv_rmssd_full_change_precond"
2025-11-26 18:16:53.497147,11,"stress_label",10,128,0.1,0.525641025641026,0.525641025641026,NA,10,"top10","eeg_tleft_sampent_full_change_precond;pupil_dilation_sd_full_change_precond;eeg_tleft_lalpha_mean_full_change_precond;eeg_tleft_halpha_mean_full_change_precond;eeg_t_sampent_full_change_precond;eeg_pright_sampent_full_change_precond;gsr_skin_conductance_eda_tonic_mean_nk_full_change_precond;eeg_fl_hbeta_mean_full_change_precond;eeg_tright_halpha_mean_full_change_precond;hrv_rmssd_full_change_precond"
2025-11-26 18:16:54.570241,11,"stress_label",10,256,0.1,0.525641025641026,0.461538461538462,NA,10,"top10","eeg_tleft_sampent_full_change_precond;pupil_dilation_sd_full_change_precond;eeg_tleft_lalpha_mean_full_change_precond;eeg_tleft_halpha_mean_full_change_precond;eeg_t_sampent_full_change_precond;eeg_pright_sampent_full_change_precond;gsr_skin_conductance_eda_tonic_mean_nk_full_change_precond;eeg_fl_hbeta_mean_full_change_precond;eeg_tright_halpha_mean_full_change_precond;hrv_rmssd_full_change_precond"
2025-11-26 18:16:55.384381,11,"stress_label",5,2,0.0078125,0.615384615384615,0.634615384615385,0.584615384615385,5,"top5","eeg_tleft_sampent_full_change_precond;pupil_dilation_sd_full_change_precond;eeg_tleft_lalpha_mean_full_change_precond;eeg_tleft_halpha_mean_full_change_precond;eeg_t_sampent_full_change_precond"
2025-11-26 18:16:56.145581,11,"stress_label",5,4,0.0078125,0.58974358974359,0.621794871794872,0.55982905982906,5,"top5","eeg_tleft_sampent_full_change_precond;pupil_dilation_sd_full_change_precond;eeg_tleft_lalpha_mean_full_change_precond;eeg_tleft_halpha_mean_full_change_precond;eeg_t_sampent_full_change_precond"
2025-11-26 18:16:56.837905,11,"stress_label",5,8,0.0078125,0.58974358974359,0.621794871794872,0.560683760683761,5,"top5","eeg_tleft_sampent_full_change_precond;pupil_dilation_sd_full_change_precond;eeg_tleft_lalpha_mean_full_change_precond;eeg_tleft_halpha_mean_full_change_precond;eeg_t_sampent_full_change_precond"
2025-11-26 18:16:57.686238,11,"stress_label",5,16,0.0078125,0.57051282051282,0.602564102564103,NA,5,"top5","eeg_tleft_sampent_full_change_precond;pupil_dilation_sd_full_change_precond;eeg_tleft_lalpha_mean_full_change_precond;eeg_tleft_halpha_mean_full_change_precond;eeg_t_sampent_full_change_precond"
2025-11-26 18:16:58.459203,11,"stress_label",5,32,0.0078125,0.583333333333333,0.58974358974359,0.536752136752137,5,"top5","eeg_tleft_sampent_full_change_precond;pupil_dilation_sd_full_change_precond;eeg_tleft_lalpha_mean_full_change_precond;eeg_tleft_halpha_mean_full_change_precond;eeg_t_sampent_full_change_precond"
2025-11-26 18:16:59.245699,11,"stress_label",5,64,0.0078125,0.58974358974359,0.621794871794872,0.516239316239316,5,"top5","eeg_tleft_sampent_full_change_precond;pupil_dilation_sd_full_change_precond;eeg_tleft_lalpha_mean_full_change_precond;eeg_tleft_halpha_mean_full_change_precond;eeg_t_sampent_full_change_precond"
2025-11-26 18:17:00.050939,11,"stress_label",5,128,0.0078125,0.58974358974359,0.608974358974359,NA,5,"top5","eeg_tleft_sampent_full_change_precond;pupil_dilation_sd_full_change_precond;eeg_tleft_lalpha_mean_full_change_precond;eeg_tleft_halpha_mean_full_change_precond;eeg_t_sampent_full_change_precond"
2025-11-26 18:17:00.823734,11,"stress_label",5,256,0.0078125,0.608974358974359,0.628205128205128,NA,5,"top5","eeg_tleft_sampent_full_change_precond;pupil_dilation_sd_full_change_precond;eeg_tleft_lalpha_mean_full_change_precond;eeg_tleft_halpha_mean_full_change_precond;eeg_t_sampent_full_change_precond"
2025-11-26 18:17:01.525605,11,"stress_label",5,2,0.015625,0.58974358974359,0.621794871794872,0.55042735042735,5,"top5","eeg_tleft_sampent_full_change_precond;pupil_dilation_sd_full_change_precond;eeg_tleft_lalpha_mean_full_change_precond;eeg_tleft_halpha_mean_full_change_precond;eeg_t_sampent_full_change_precond"
2025-11-26 18:17:02.21201,11,"stress_label",5,4,0.015625,0.58974358974359,0.615384615384615,0.553846153846154,5,"top5","eeg_tleft_sampent_full_change_precond;pupil_dilation_sd_full_change_precond;eeg_tleft_lalpha_mean_full_change_precond;eeg_tleft_halpha_mean_full_change_precond;eeg_t_sampent_full_change_precond"
2025-11-26 18:17:02.866902,11,"stress_label",5,8,0.015625,0.583333333333333,0.58974358974359,0.526495726495727,5,"top5","eeg_tleft_sampent_full_change_precond;pupil_dilation_sd_full_change_precond;eeg_tleft_lalpha_mean_full_change_precond;eeg_tleft_halpha_mean_full_change_precond;eeg_t_sampent_full_change_precond"
2025-11-26 18:17:03.640754,11,"stress_label",5,16,0.015625,0.583333333333333,0.621794871794872,0.513675213675214,5,"top5","eeg_tleft_sampent_full_change_precond;pupil_dilation_sd_full_change_precond;eeg_tleft_lalpha_mean_full_change_precond;eeg_tleft_halpha_mean_full_change_precond;eeg_t_sampent_full_change_precond"
2025-11-26 18:17:04.434389,11,"stress_label",5,32,0.015625,0.58974358974359,0.621794871794872,0.512820512820513,5,"top5","eeg_tleft_sampent_full_change_precond;pupil_dilation_sd_full_change_precond;eeg_tleft_lalpha_mean_full_change_precond;eeg_tleft_halpha_mean_full_change_precond;eeg_t_sampent_full_change_precond"
2025-11-26 18:17:05.192834,11,"stress_label",5,64,0.015625,0.615384615384615,0.608974358974359,NA,5,"top5","eeg_tleft_sampent_full_change_precond;pupil_dilation_sd_full_change_precond;eeg_tleft_lalpha_mean_full_change_precond;eeg_tleft_halpha_mean_full_change_precond;eeg_t_sampent_full_change_precond"
2025-11-26 18:17:06.082754,11,"stress_label",5,128,0.015625,0.596153846153846,0.621794871794872,NA,5,"top5","eeg_tleft_sampent_full_change_precond;pupil_dilation_sd_full_change_precond;eeg_tleft_lalpha_mean_full_change_precond;eeg_tleft_halpha_mean_full_change_precond;eeg_t_sampent_full_change_precond"
2025-11-26 18:17:06.87467,11,"stress_label",5,256,0.015625,0.576923076923077,0.576923076923077,NA,5,"top5","eeg_tleft_sampent_full_change_precond;pupil_dilation_sd_full_change_precond;eeg_tleft_lalpha_mean_full_change_precond;eeg_tleft_halpha_mean_full_change_precond;eeg_t_sampent_full_change_precond"
2025-11-26 18:17:07.49364,11,"stress_label",5,2,0.03125,0.596153846153846,0.596153846153846,0.535042735042735,5,"top5","eeg_tleft_sampent_full_change_precond;pupil_dilation_sd_full_change_precond;eeg_tleft_lalpha_mean_full_change_precond;eeg_tleft_halpha_mean_full_change_precond;eeg_t_sampent_full_change_precond"
2025-11-26 18:17:08.110919,11,"stress_label",5,4,0.03125,0.596153846153846,0.608974358974359,0.526495726495727,5,"top5","eeg_tleft_sampent_full_change_precond;pupil_dilation_sd_full_change_precond;eeg_tleft_lalpha_mean_full_change_precond;eeg_tleft_halpha_mean_full_change_precond;eeg_t_sampent_full_change_precond"
2025-11-26 18:17:08.837721,11,"stress_label",5,8,0.03125,0.596153846153846,0.621794871794872,0.523076923076923,5,"top5","eeg_tleft_sampent_full_change_precond;pupil_dilation_sd_full_change_precond;eeg_tleft_lalpha_mean_full_change_precond;eeg_tleft_halpha_mean_full_change_precond;eeg_t_sampent_full_change_precond"
2025-11-26 18:17:09.617196,11,"stress_label",5,16,0.03125,0.602564102564103,0.628205128205128,0.521367521367521,5,"top5","eeg_tleft_sampent_full_change_precond;pupil_dilation_sd_full_change_precond;eeg_tleft_lalpha_mean_full_change_precond;eeg_tleft_halpha_mean_full_change_precond;eeg_t_sampent_full_change_precond"
2025-11-26 18:17:10.444792,11,"stress_label",5,32,0.03125,0.583333333333333,0.608974358974359,NA,5,"top5","eeg_tleft_sampent_full_change_precond;pupil_dilation_sd_full_change_precond;eeg_tleft_lalpha_mean_full_change_precond;eeg_tleft_halpha_mean_full_change_precond;eeg_t_sampent_full_change_precond"
2025-11-26 18:17:11.316774,11,"stress_label",5,64,0.03125,0.551282051282051,0.544871794871795,NA,5,"top5","eeg_tleft_sampent_full_change_precond;pupil_dilation_sd_full_change_precond;eeg_tleft_lalpha_mean_full_change_precond;eeg_tleft_halpha_mean_full_change_precond;eeg_t_sampent_full_change_precond"
2025-11-26 18:17:12.233683,11,"stress_label",5,128,0.03125,0.551282051282051,0.448717948717949,0.492307692307692,5,"top5","eeg_tleft_sampent_full_change_precond;pupil_dilation_sd_full_change_precond;eeg_tleft_lalpha_mean_full_change_precond;eeg_tleft_halpha_mean_full_change_precond;eeg_t_sampent_full_change_precond"
2025-11-26 18:17:13.260526,11,"stress_label",5,256,0.03125,0.519230769230769,0.41025641025641,0.48034188034188,5,"top5","eeg_tleft_sampent_full_change_precond;pupil_dilation_sd_full_change_precond;eeg_tleft_lalpha_mean_full_change_precond;eeg_tleft_halpha_mean_full_change_precond;eeg_t_sampent_full_change_precond"
2025-11-26 18:17:13.902742,11,"stress_label",5,2,0.0625,0.602564102564103,0.621794871794872,0.544444444444444,5,"top5","eeg_tleft_sampent_full_change_precond;pupil_dilation_sd_full_change_precond;eeg_tleft_lalpha_mean_full_change_precond;eeg_tleft_halpha_mean_full_change_precond;eeg_t_sampent_full_change_precond"
2025-11-26 18:17:14.684937,11,"stress_label",5,4,0.0625,0.58974358974359,0.634615384615385,0.523076923076923,5,"top5","eeg_tleft_sampent_full_change_precond;pupil_dilation_sd_full_change_precond;eeg_tleft_lalpha_mean_full_change_precond;eeg_tleft_halpha_mean_full_change_precond;eeg_t_sampent_full_change_precond"
2025-11-26 18:17:15.443698,11,"stress_label",5,8,0.0625,0.551282051282051,0.608974358974359,NA,5,"top5","eeg_tleft_sampent_full_change_precond;pupil_dilation_sd_full_change_precond;eeg_tleft_lalpha_mean_full_change_precond;eeg_tleft_halpha_mean_full_change_precond;eeg_t_sampent_full_change_precond"
2025-11-26 18:17:16.27423,11,"stress_label",5,16,0.0625,0.544871794871795,0.551282051282051,NA,5,"top5","eeg_tleft_sampent_full_change_precond;pupil_dilation_sd_full_change_precond;eeg_tleft_lalpha_mean_full_change_precond;eeg_tleft_halpha_mean_full_change_precond;eeg_t_sampent_full_change_precond"
2025-11-26 18:17:17.055679,11,"stress_label",5,32,0.0625,0.525641025641026,0.467948717948718,0.470940170940171,5,"top5","eeg_tleft_sampent_full_change_precond;pupil_dilation_sd_full_change_precond;eeg_tleft_lalpha_mean_full_change_precond;eeg_tleft_halpha_mean_full_change_precond;eeg_t_sampent_full_change_precond"
2025-11-26 18:17:17.980273,11,"stress_label",5,64,0.0625,0.480769230769231,0.506410256410256,NA,5,"top5","eeg_tleft_sampent_full_change_precond;pupil_dilation_sd_full_change_precond;eeg_tleft_lalpha_mean_full_change_precond;eeg_tleft_halpha_mean_full_change_precond;eeg_t_sampent_full_change_precond"
2025-11-26 18:17:18.932411,11,"stress_label",5,128,0.0625,0.506410256410256,0.429487179487179,NA,5,"top5","eeg_tleft_sampent_full_change_precond;pupil_dilation_sd_full_change_precond;eeg_tleft_lalpha_mean_full_change_precond;eeg_tleft_halpha_mean_full_change_precond;eeg_t_sampent_full_change_precond"
2025-11-26 18:17:20.439967,11,"stress_label",5,256,0.0625,0.551282051282051,0.532051282051282,0.517094017094017,5,"top5","eeg_tleft_sampent_full_change_precond;pupil_dilation_sd_full_change_precond;eeg_tleft_lalpha_mean_full_change_precond;eeg_tleft_halpha_mean_full_change_precond;eeg_t_sampent_full_change_precond"
2025-11-26 18:17:21.222126,11,"stress_label",5,2,0.125,0.583333333333333,0.634615384615385,NA,5,"top5","eeg_tleft_sampent_full_change_precond;pupil_dilation_sd_full_change_precond;eeg_tleft_lalpha_mean_full_change_precond;eeg_tleft_halpha_mean_full_change_precond;eeg_t_sampent_full_change_precond"
2025-11-26 18:17:22.004303,11,"stress_label",5,4,0.125,0.519230769230769,0.564102564102564,NA,5,"top5","eeg_tleft_sampent_full_change_precond;pupil_dilation_sd_full_change_precond;eeg_tleft_lalpha_mean_full_change_precond;eeg_tleft_halpha_mean_full_change_precond;eeg_t_sampent_full_change_precond"
2025-11-26 18:17:22.772341,11,"stress_label",5,8,0.125,0.519230769230769,0.512820512820513,0.466666666666667,5,"top5","eeg_tleft_sampent_full_change_precond;pupil_dilation_sd_full_change_precond;eeg_tleft_lalpha_mean_full_change_precond;eeg_tleft_halpha_mean_full_change_precond;eeg_t_sampent_full_change_precond"
2025-11-26 18:17:23.479592,11,"stress_label",5,16,0.125,0.480769230769231,0.506410256410256,NA,5,"top5","eeg_tleft_sampent_full_change_precond;pupil_dilation_sd_full_change_precond;eeg_tleft_lalpha_mean_full_change_precond;eeg_tleft_halpha_mean_full_change_precond;eeg_t_sampent_full_change_precond"
2025-11-26 18:17:24.349469,11,"stress_label",5,32,0.125,0.506410256410256,0.525641025641026,0.482905982905983,5,"top5","eeg_tleft_sampent_full_change_precond;pupil_dilation_sd_full_change_precond;eeg_tleft_lalpha_mean_full_change_precond;eeg_tleft_halpha_mean_full_change_precond;eeg_t_sampent_full_change_precond"
2025-11-26 18:17:25.296396,11,"stress_label",5,64,0.125,0.576923076923077,0.557692307692308,NA,5,"top5","eeg_tleft_sampent_full_change_precond;pupil_dilation_sd_full_change_precond;eeg_tleft_lalpha_mean_full_change_precond;eeg_tleft_halpha_mean_full_change_precond;eeg_t_sampent_full_change_precond"
2025-11-26 18:17:26.536888,11,"stress_label",5,128,0.125,0.576923076923077,0.576923076923077,NA,5,"top5","eeg_tleft_sampent_full_change_precond;pupil_dilation_sd_full_change_precond;eeg_tleft_lalpha_mean_full_change_precond;eeg_tleft_halpha_mean_full_change_precond;eeg_t_sampent_full_change_precond"
2025-11-26 18:17:28.060447,11,"stress_label",5,256,0.125,0.583333333333333,0.596153846153846,NA,5,"top5","eeg_tleft_sampent_full_change_precond;pupil_dilation_sd_full_change_precond;eeg_tleft_lalpha_mean_full_change_precond;eeg_tleft_halpha_mean_full_change_precond;eeg_t_sampent_full_change_precond"
2025-11-26 18:17:28.817908,11,"stress_label",5,2,0.03,0.58974358974359,0.596153846153846,0.530769230769231,5,"top5","eeg_tleft_sampent_full_change_precond;pupil_dilation_sd_full_change_precond;eeg_tleft_lalpha_mean_full_change_precond;eeg_tleft_halpha_mean_full_change_precond;eeg_t_sampent_full_change_precond"
2025-11-26 18:17:29.582809,11,"stress_label",5,4,0.03,0.596153846153846,0.608974358974359,0.526495726495727,5,"top5","eeg_tleft_sampent_full_change_precond;pupil_dilation_sd_full_change_precond;eeg_tleft_lalpha_mean_full_change_precond;eeg_tleft_halpha_mean_full_change_precond;eeg_t_sampent_full_change_precond"
2025-11-26 18:17:30.344024,11,"stress_label",5,8,0.03,0.58974358974359,0.596153846153846,0.518803418803419,5,"top5","eeg_tleft_sampent_full_change_precond;pupil_dilation_sd_full_change_precond;eeg_tleft_lalpha_mean_full_change_precond;eeg_tleft_halpha_mean_full_change_precond;eeg_t_sampent_full_change_precond"
2025-11-26 18:17:31.131789,11,"stress_label",5,16,0.03,0.602564102564103,0.628205128205128,0.521367521367521,5,"top5","eeg_tleft_sampent_full_change_precond;pupil_dilation_sd_full_change_precond;eeg_tleft_lalpha_mean_full_change_precond;eeg_tleft_halpha_mean_full_change_precond;eeg_t_sampent_full_change_precond"
2025-11-26 18:17:31.929071,11,"stress_label",5,32,0.03,0.583333333333333,0.615384615384615,NA,5,"top5","eeg_tleft_sampent_full_change_precond;pupil_dilation_sd_full_change_precond;eeg_tleft_lalpha_mean_full_change_precond;eeg_tleft_halpha_mean_full_change_precond;eeg_t_sampent_full_change_precond"
2025-11-26 18:17:32.793465,11,"stress_label",5,64,0.03,0.557692307692308,0.564102564102564,NA,5,"top5","eeg_tleft_sampent_full_change_precond;pupil_dilation_sd_full_change_precond;eeg_tleft_lalpha_mean_full_change_precond;eeg_tleft_halpha_mean_full_change_precond;eeg_t_sampent_full_change_precond"
2025-11-26 18:17:33.695278,11,"stress_label",5,128,0.03,0.544871794871795,0.461538461538462,0.47948717948718,5,"top5","eeg_tleft_sampent_full_change_precond;pupil_dilation_sd_full_change_precond;eeg_tleft_lalpha_mean_full_change_precond;eeg_tleft_halpha_mean_full_change_precond;eeg_t_sampent_full_change_precond"
2025-11-26 18:17:34.724032,11,"stress_label",5,256,0.03,0.532051282051282,0.416666666666667,0.48974358974359,5,"top5","eeg_tleft_sampent_full_change_precond;pupil_dilation_sd_full_change_precond;eeg_tleft_lalpha_mean_full_change_precond;eeg_tleft_halpha_mean_full_change_precond;eeg_t_sampent_full_change_precond"
2025-11-26 18:17:35.441868,11,"stress_label",5,2,0.06,0.602564102564103,0.621794871794872,0.544444444444444,5,"top5","eeg_tleft_sampent_full_change_precond;pupil_dilation_sd_full_change_precond;eeg_tleft_lalpha_mean_full_change_precond;eeg_tleft_halpha_mean_full_change_precond;eeg_t_sampent_full_change_precond"
2025-11-26 18:17:36.188417,11,"stress_label",5,4,0.06,0.58974358974359,0.641025641025641,0.523076923076923,5,"top5","eeg_tleft_sampent_full_change_precond;pupil_dilation_sd_full_change_precond;eeg_tleft_lalpha_mean_full_change_precond;eeg_tleft_halpha_mean_full_change_precond;eeg_t_sampent_full_change_precond"
2025-11-26 18:17:36.895247,11,"stress_label",5,8,0.06,0.57051282051282,0.621794871794872,NA,5,"top5","eeg_tleft_sampent_full_change_precond;pupil_dilation_sd_full_change_precond;eeg_tleft_lalpha_mean_full_change_precond;eeg_tleft_halpha_mean_full_change_precond;eeg_t_sampent_full_change_precond"
2025-11-26 18:17:37.695011,11,"stress_label",5,16,0.06,0.544871794871795,0.551282051282051,NA,5,"top5","eeg_tleft_sampent_full_change_precond;pupil_dilation_sd_full_change_precond;eeg_tleft_lalpha_mean_full_change_precond;eeg_tleft_halpha_mean_full_change_precond;eeg_t_sampent_full_change_precond"
2025-11-26 18:17:38.529318,11,"stress_label",5,32,0.06,0.519230769230769,0.448717948717949,0.463247863247863,5,"top5","eeg_tleft_sampent_full_change_precond;pupil_dilation_sd_full_change_precond;eeg_tleft_lalpha_mean_full_change_precond;eeg_tleft_halpha_mean_full_change_precond;eeg_t_sampent_full_change_precond"
2025-11-26 18:17:39.441344,11,"stress_label",5,64,0.06,0.487179487179487,0.352564102564103,NA,5,"top5","eeg_tleft_sampent_full_change_precond;pupil_dilation_sd_full_change_precond;eeg_tleft_lalpha_mean_full_change_precond;eeg_tleft_halpha_mean_full_change_precond;eeg_t_sampent_full_change_precond"
2025-11-26 18:17:40.230986,11,"stress_label",5,128,0.06,0.506410256410256,0.403846153846154,NA,5,"top5","eeg_tleft_sampent_full_change_precond;pupil_dilation_sd_full_change_precond;eeg_tleft_lalpha_mean_full_change_precond;eeg_tleft_halpha_mean_full_change_precond;eeg_t_sampent_full_change_precond"
2025-11-26 18:17:41.227854,11,"stress_label",5,256,0.06,0.532051282051282,0.5,0.5,5,"top5","eeg_tleft_sampent_full_change_precond;pupil_dilation_sd_full_change_precond;eeg_tleft_lalpha_mean_full_change_precond;eeg_tleft_halpha_mean_full_change_precond;eeg_t_sampent_full_change_precond"
2025-11-26 18:17:41.902238,11,"stress_label",5,2,0.1,0.596153846153846,0.628205128205128,0.539316239316239,5,"top5","eeg_tleft_sampent_full_change_precond;pupil_dilation_sd_full_change_precond;eeg_tleft_lalpha_mean_full_change_precond;eeg_tleft_halpha_mean_full_change_precond;eeg_t_sampent_full_change_precond"
2025-11-26 18:17:42.677799,11,"stress_label",5,4,0.1,0.57051282051282,0.602564102564103,NA,5,"top5","eeg_tleft_sampent_full_change_precond;pupil_dilation_sd_full_change_precond;eeg_tleft_lalpha_mean_full_change_precond;eeg_tleft_halpha_mean_full_change_precond;eeg_t_sampent_full_change_precond"
2025-11-26 18:17:43.41744,11,"stress_label",5,8,0.1,0.512820512820513,0.557692307692308,NA,5,"top5","eeg_tleft_sampent_full_change_precond;pupil_dilation_sd_full_change_precond;eeg_tleft_lalpha_mean_full_change_precond;eeg_tleft_halpha_mean_full_change_precond;eeg_t_sampent_full_change_precond"
2025-11-26 18:17:44.26139,11,"stress_label",5,16,0.1,0.506410256410256,0.538461538461538,0.454700854700855,5,"top5","eeg_tleft_sampent_full_change_precond;pupil_dilation_sd_full_change_precond;eeg_tleft_lalpha_mean_full_change_precond;eeg_tleft_halpha_mean_full_change_precond;eeg_t_sampent_full_change_precond"
2025-11-26 18:17:44.943556,11,"stress_label",5,32,0.1,0.487179487179487,0.442307692307692,NA,5,"top5","eeg_tleft_sampent_full_change_precond;pupil_dilation_sd_full_change_precond;eeg_tleft_lalpha_mean_full_change_precond;eeg_tleft_halpha_mean_full_change_precond;eeg_t_sampent_full_change_precond"
2025-11-26 18:17:45.885996,11,"stress_label",5,64,0.1,0.525641025641026,0.487179487179487,0.507692307692308,5,"top5","eeg_tleft_sampent_full_change_precond;pupil_dilation_sd_full_change_precond;eeg_tleft_lalpha_mean_full_change_precond;eeg_tleft_halpha_mean_full_change_precond;eeg_t_sampent_full_change_precond"
2025-11-26 18:17:46.911945,11,"stress_label",5,128,0.1,0.58974358974359,0.544871794871795,NA,5,"top5","eeg_tleft_sampent_full_change_precond;pupil_dilation_sd_full_change_precond;eeg_tleft_lalpha_mean_full_change_precond;eeg_tleft_halpha_mean_full_change_precond;eeg_t_sampent_full_change_precond"
2025-11-26 18:17:48.448828,11,"stress_label",5,256,0.1,0.58974358974359,0.538461538461538,NA,5,"top5","eeg_tleft_sampent_full_change_precond;pupil_dilation_sd_full_change_precond;eeg_tleft_lalpha_mean_full_change_precond;eeg_tleft_halpha_mean_full_change_precond;eeg_t_sampent_full_change_precond"
2025-11-26 18:17:49.679985,12,"stress_label",20,2,0.0078125,0.602564102564103,0.564102564102564,0.55042735042735,20,"top20","eeg_tleft_sampent_full_change_precond;eeg_tleft_halpha_mean_full_change_precond;pupil_dilation_sd_full_change_precond;eeg_t_sampent_full_change_precond;eeg_tleft_lalpha_mean_full_change_precond;eeg_tright_halpha_mean_full_change_precond;hrv_rmssd_full_change_precond;eeg_pright_sampent_full_change_precond;gsr_skin_conductance_eda_tonic_mean_nk_full_change_precond;eeg_fl_hbeta_mean_full_change_precond;eeg_pleft_lbeta_mean_full_change_precond;eeg_c_specent_full_change_precond;pupil_asymmetry_full_change_precond;hr_heartrate_bpm_med_abs_full_change_precond;eeg_fm_theta_mean_full_change_precond;eeg_pleft_halpha_mean_full_change_precond;eeg_c_sampent_full_change_precond;eeg_fm_sampent_full_change_precond;gsr_skin_conductance_eda_pkrate_nk_full_change_precond;eeg_pright_beta_mean_full_change_precond"
2025-11-26 18:17:50.713708,12,"stress_label",20,4,0.0078125,0.564102564102564,0.557692307692308,0.512820512820513,20,"top20","eeg_tleft_sampent_full_change_precond;eeg_tleft_halpha_mean_full_change_precond;pupil_dilation_sd_full_change_precond;eeg_t_sampent_full_change_precond;eeg_tleft_lalpha_mean_full_change_precond;eeg_tright_halpha_mean_full_change_precond;hrv_rmssd_full_change_precond;eeg_pright_sampent_full_change_precond;gsr_skin_conductance_eda_tonic_mean_nk_full_change_precond;eeg_fl_hbeta_mean_full_change_precond;eeg_pleft_lbeta_mean_full_change_precond;eeg_c_specent_full_change_precond;pupil_asymmetry_full_change_precond;hr_heartrate_bpm_med_abs_full_change_precond;eeg_fm_theta_mean_full_change_precond;eeg_pleft_halpha_mean_full_change_precond;eeg_c_sampent_full_change_precond;eeg_fm_sampent_full_change_precond;gsr_skin_conductance_eda_pkrate_nk_full_change_precond;eeg_pright_beta_mean_full_change_precond"
2025-11-26 18:17:51.554087,12,"stress_label",20,8,0.0078125,0.525641025641026,0.532051282051282,0.482051282051282,20,"top20","eeg_tleft_sampent_full_change_precond;eeg_tleft_halpha_mean_full_change_precond;pupil_dilation_sd_full_change_precond;eeg_t_sampent_full_change_precond;eeg_tleft_lalpha_mean_full_change_precond;eeg_tright_halpha_mean_full_change_precond;hrv_rmssd_full_change_precond;eeg_pright_sampent_full_change_precond;gsr_skin_conductance_eda_tonic_mean_nk_full_change_precond;eeg_fl_hbeta_mean_full_change_precond;eeg_pleft_lbeta_mean_full_change_precond;eeg_c_specent_full_change_precond;pupil_asymmetry_full_change_precond;hr_heartrate_bpm_med_abs_full_change_precond;eeg_fm_theta_mean_full_change_precond;eeg_pleft_halpha_mean_full_change_precond;eeg_c_sampent_full_change_precond;eeg_fm_sampent_full_change_precond;gsr_skin_conductance_eda_pkrate_nk_full_change_precond;eeg_pright_beta_mean_full_change_precond"
2025-11-26 18:17:52.369029,12,"stress_label",20,16,0.0078125,0.525641025641026,0.429487179487179,0.488888888888889,20,"top20","eeg_tleft_sampent_full_change_precond;eeg_tleft_halpha_mean_full_change_precond;pupil_dilation_sd_full_change_precond;eeg_t_sampent_full_change_precond;eeg_tleft_lalpha_mean_full_change_precond;eeg_tright_halpha_mean_full_change_precond;hrv_rmssd_full_change_precond;eeg_pright_sampent_full_change_precond;gsr_skin_conductance_eda_tonic_mean_nk_full_change_precond;eeg_fl_hbeta_mean_full_change_precond;eeg_pleft_lbeta_mean_full_change_precond;eeg_c_specent_full_change_precond;pupil_asymmetry_full_change_precond;hr_heartrate_bpm_med_abs_full_change_precond;eeg_fm_theta_mean_full_change_precond;eeg_pleft_halpha_mean_full_change_precond;eeg_c_sampent_full_change_precond;eeg_fm_sampent_full_change_precond;gsr_skin_conductance_eda_pkrate_nk_full_change_precond;eeg_pright_beta_mean_full_change_precond"
2025-11-26 18:17:53.241569,12,"stress_label",20,32,0.0078125,0.551282051282051,0.480769230769231,0.516239316239316,20,"top20","eeg_tleft_sampent_full_change_precond;eeg_tleft_halpha_mean_full_change_precond;pupil_dilation_sd_full_change_precond;eeg_t_sampent_full_change_precond;eeg_tleft_lalpha_mean_full_change_precond;eeg_tright_halpha_mean_full_change_precond;hrv_rmssd_full_change_precond;eeg_pright_sampent_full_change_precond;gsr_skin_conductance_eda_tonic_mean_nk_full_change_precond;eeg_fl_hbeta_mean_full_change_precond;eeg_pleft_lbeta_mean_full_change_precond;eeg_c_specent_full_change_precond;pupil_asymmetry_full_change_precond;hr_heartrate_bpm_med_abs_full_change_precond;eeg_fm_theta_mean_full_change_precond;eeg_pleft_halpha_mean_full_change_precond;eeg_c_sampent_full_change_precond;eeg_fm_sampent_full_change_precond;gsr_skin_conductance_eda_pkrate_nk_full_change_precond;eeg_pright_beta_mean_full_change_precond"
2025-11-26 18:17:54.314765,12,"stress_label",20,64,0.0078125,0.525641025641026,0.378205128205128,0.495726495726496,20,"top20","eeg_tleft_sampent_full_change_precond;eeg_tleft_halpha_mean_full_change_precond;pupil_dilation_sd_full_change_precond;eeg_t_sampent_full_change_precond;eeg_tleft_lalpha_mean_full_change_precond;eeg_tright_halpha_mean_full_change_precond;hrv_rmssd_full_change_precond;eeg_pright_sampent_full_change_precond;gsr_skin_conductance_eda_tonic_mean_nk_full_change_precond;eeg_fl_hbeta_mean_full_change_precond;eeg_pleft_lbeta_mean_full_change_precond;eeg_c_specent_full_change_precond;pupil_asymmetry_full_change_precond;hr_heartrate_bpm_med_abs_full_change_precond;eeg_fm_theta_mean_full_change_precond;eeg_pleft_halpha_mean_full_change_precond;eeg_c_sampent_full_change_precond;eeg_fm_sampent_full_change_precond;gsr_skin_conductance_eda_pkrate_nk_full_change_precond;eeg_pright_beta_mean_full_change_precond"
2025-11-26 18:17:55.731936,12,"stress_label",20,128,0.0078125,0.5,0.397435897435897,NA,20,"top20","eeg_tleft_sampent_full_change_precond;eeg_tleft_halpha_mean_full_change_precond;pupil_dilation_sd_full_change_precond;eeg_t_sampent_full_change_precond;eeg_tleft_lalpha_mean_full_change_precond;eeg_tright_halpha_mean_full_change_precond;hrv_rmssd_full_change_precond;eeg_pright_sampent_full_change_precond;gsr_skin_conductance_eda_tonic_mean_nk_full_change_precond;eeg_fl_hbeta_mean_full_change_precond;eeg_pleft_lbeta_mean_full_change_precond;eeg_c_specent_full_change_precond;pupil_asymmetry_full_change_precond;hr_heartrate_bpm_med_abs_full_change_precond;eeg_fm_theta_mean_full_change_precond;eeg_pleft_halpha_mean_full_change_precond;eeg_c_sampent_full_change_precond;eeg_fm_sampent_full_change_precond;gsr_skin_conductance_eda_pkrate_nk_full_change_precond;eeg_pright_beta_mean_full_change_precond"
2025-11-26 18:17:57.339989,12,"stress_label",20,256,0.0078125,0.512820512820513,0.538461538461538,NA,20,"top20","eeg_tleft_sampent_full_change_precond;eeg_tleft_halpha_mean_full_change_precond;pupil_dilation_sd_full_change_precond;eeg_t_sampent_full_change_precond;eeg_tleft_lalpha_mean_full_change_precond;eeg_tright_halpha_mean_full_change_precond;hrv_rmssd_full_change_precond;eeg_pright_sampent_full_change_precond;gsr_skin_conductance_eda_tonic_mean_nk_full_change_precond;eeg_fl_hbeta_mean_full_change_precond;eeg_pleft_lbeta_mean_full_change_precond;eeg_c_specent_full_change_precond;pupil_asymmetry_full_change_precond;hr_heartrate_bpm_med_abs_full_change_precond;eeg_fm_theta_mean_full_change_precond;eeg_pleft_halpha_mean_full_change_precond;eeg_c_sampent_full_change_precond;eeg_fm_sampent_full_change_precond;gsr_skin_conductance_eda_pkrate_nk_full_change_precond;eeg_pright_beta_mean_full_change_precond"
2025-11-26 18:17:58.365561,12,"stress_label",20,2,0.015625,0.564102564102564,0.557692307692308,0.512820512820513,20,"top20","eeg_tleft_sampent_full_change_precond;eeg_tleft_halpha_mean_full_change_precond;pupil_dilation_sd_full_change_precond;eeg_t_sampent_full_change_precond;eeg_tleft_lalpha_mean_full_change_precond;eeg_tright_halpha_mean_full_change_precond;hrv_rmssd_full_change_precond;eeg_pright_sampent_full_change_precond;gsr_skin_conductance_eda_tonic_mean_nk_full_change_precond;eeg_fl_hbeta_mean_full_change_precond;eeg_pleft_lbeta_mean_full_change_precond;eeg_c_specent_full_change_precond;pupil_asymmetry_full_change_precond;hr_heartrate_bpm_med_abs_full_change_precond;eeg_fm_theta_mean_full_change_precond;eeg_pleft_halpha_mean_full_change_precond;eeg_c_sampent_full_change_precond;eeg_fm_sampent_full_change_precond;gsr_skin_conductance_eda_pkrate_nk_full_change_precond;eeg_pright_beta_mean_full_change_precond"
2025-11-26 18:17:59.379596,12,"stress_label",20,4,0.015625,0.538461538461538,0.525641025641026,0.487179487179487,20,"top20","eeg_tleft_sampent_full_change_precond;eeg_tleft_halpha_mean_full_change_precond;pupil_dilation_sd_full_change_precond;eeg_t_sampent_full_change_precond;eeg_tleft_lalpha_mean_full_change_precond;eeg_tright_halpha_mean_full_change_precond;hrv_rmssd_full_change_precond;eeg_pright_sampent_full_change_precond;gsr_skin_conductance_eda_tonic_mean_nk_full_change_precond;eeg_fl_hbeta_mean_full_change_precond;eeg_pleft_lbeta_mean_full_change_precond;eeg_c_specent_full_change_precond;pupil_asymmetry_full_change_precond;hr_heartrate_bpm_med_abs_full_change_precond;eeg_fm_theta_mean_full_change_precond;eeg_pleft_halpha_mean_full_change_precond;eeg_c_sampent_full_change_precond;eeg_fm_sampent_full_change_precond;gsr_skin_conductance_eda_pkrate_nk_full_change_precond;eeg_pright_beta_mean_full_change_precond"
2025-11-26 18:18:00.432897,12,"stress_label",20,8,0.015625,0.538461538461538,0.378205128205128,0.498290598290598,20,"top20","eeg_tleft_sampent_full_change_precond;eeg_tleft_halpha_mean_full_change_precond;pupil_dilation_sd_full_change_precond;eeg_t_sampent_full_change_precond;eeg_tleft_lalpha_mean_full_change_precond;eeg_tright_halpha_mean_full_change_precond;hrv_rmssd_full_change_precond;eeg_pright_sampent_full_change_precond;gsr_skin_conductance_eda_tonic_mean_nk_full_change_precond;eeg_fl_hbeta_mean_full_change_precond;eeg_pleft_lbeta_mean_full_change_precond;eeg_c_specent_full_change_precond;pupil_asymmetry_full_change_precond;hr_heartrate_bpm_med_abs_full_change_precond;eeg_fm_theta_mean_full_change_precond;eeg_pleft_halpha_mean_full_change_precond;eeg_c_sampent_full_change_precond;eeg_fm_sampent_full_change_precond;gsr_skin_conductance_eda_pkrate_nk_full_change_precond;eeg_pright_beta_mean_full_change_precond"
2025-11-26 18:18:01.555819,12,"stress_label",20,16,0.015625,0.538461538461538,0.435897435897436,0.502564102564103,20,"top20","eeg_tleft_sampent_full_change_precond;eeg_tleft_halpha_mean_full_change_precond;pupil_dilation_sd_full_change_precond;eeg_t_sampent_full_change_precond;eeg_tleft_lalpha_mean_full_change_precond;eeg_tright_halpha_mean_full_change_precond;hrv_rmssd_full_change_precond;eeg_pright_sampent_full_change_precond;gsr_skin_conductance_eda_tonic_mean_nk_full_change_precond;eeg_fl_hbeta_mean_full_change_precond;eeg_pleft_lbeta_mean_full_change_precond;eeg_c_specent_full_change_precond;pupil_asymmetry_full_change_precond;hr_heartrate_bpm_med_abs_full_change_precond;eeg_fm_theta_mean_full_change_precond;eeg_pleft_halpha_mean_full_change_precond;eeg_c_sampent_full_change_precond;eeg_fm_sampent_full_change_precond;gsr_skin_conductance_eda_pkrate_nk_full_change_precond;eeg_pright_beta_mean_full_change_precond"
2025-11-26 18:18:02.793436,12,"stress_label",20,32,0.015625,0.512820512820513,0.384615384615385,NA,20,"top20","eeg_tleft_sampent_full_change_precond;eeg_tleft_halpha_mean_full_change_precond;pupil_dilation_sd_full_change_precond;eeg_t_sampent_full_change_precond;eeg_tleft_lalpha_mean_full_change_precond;eeg_tright_halpha_mean_full_change_precond;hrv_rmssd_full_change_precond;eeg_pright_sampent_full_change_precond;gsr_skin_conductance_eda_tonic_mean_nk_full_change_precond;eeg_fl_hbeta_mean_full_change_precond;eeg_pleft_lbeta_mean_full_change_precond;eeg_c_specent_full_change_precond;pupil_asymmetry_full_change_precond;hr_heartrate_bpm_med_abs_full_change_precond;eeg_fm_theta_mean_full_change_precond;eeg_pleft_halpha_mean_full_change_precond;eeg_c_sampent_full_change_precond;eeg_fm_sampent_full_change_precond;gsr_skin_conductance_eda_pkrate_nk_full_change_precond;eeg_pright_beta_mean_full_change_precond"
2025-11-26 18:18:04.072551,12,"stress_label",20,64,0.015625,0.5,0.474358974358974,NA,20,"top20","eeg_tleft_sampent_full_change_precond;eeg_tleft_halpha_mean_full_change_precond;pupil_dilation_sd_full_change_precond;eeg_t_sampent_full_change_precond;eeg_tleft_lalpha_mean_full_change_precond;eeg_tright_halpha_mean_full_change_precond;hrv_rmssd_full_change_precond;eeg_pright_sampent_full_change_precond;gsr_skin_conductance_eda_tonic_mean_nk_full_change_precond;eeg_fl_hbeta_mean_full_change_precond;eeg_pleft_lbeta_mean_full_change_precond;eeg_c_specent_full_change_precond;pupil_asymmetry_full_change_precond;hr_heartrate_bpm_med_abs_full_change_precond;eeg_fm_theta_mean_full_change_precond;eeg_pleft_halpha_mean_full_change_precond;eeg_c_sampent_full_change_precond;eeg_fm_sampent_full_change_precond;gsr_skin_conductance_eda_pkrate_nk_full_change_precond;eeg_pright_beta_mean_full_change_precond"
2025-11-26 18:18:05.54865,12,"stress_label",20,128,0.015625,0.5,0.525641025641026,NA,20,"top20","eeg_tleft_sampent_full_change_precond;eeg_tleft_halpha_mean_full_change_precond;pupil_dilation_sd_full_change_precond;eeg_t_sampent_full_change_precond;eeg_tleft_lalpha_mean_full_change_precond;eeg_tright_halpha_mean_full_change_precond;hrv_rmssd_full_change_precond;eeg_pright_sampent_full_change_precond;gsr_skin_conductance_eda_tonic_mean_nk_full_change_precond;eeg_fl_hbeta_mean_full_change_precond;eeg_pleft_lbeta_mean_full_change_precond;eeg_c_specent_full_change_precond;pupil_asymmetry_full_change_precond;hr_heartrate_bpm_med_abs_full_change_precond;eeg_fm_theta_mean_full_change_precond;eeg_pleft_halpha_mean_full_change_precond;eeg_c_sampent_full_change_precond;eeg_fm_sampent_full_change_precond;gsr_skin_conductance_eda_pkrate_nk_full_change_precond;eeg_pright_beta_mean_full_change_precond"
2025-11-26 18:18:07.04185,12,"stress_label",20,256,0.015625,0.461538461538462,0.487179487179487,NA,20,"top20","eeg_tleft_sampent_full_change_precond;eeg_tleft_halpha_mean_full_change_precond;pupil_dilation_sd_full_change_precond;eeg_t_sampent_full_change_precond;eeg_tleft_lalpha_mean_full_change_precond;eeg_tright_halpha_mean_full_change_precond;hrv_rmssd_full_change_precond;eeg_pright_sampent_full_change_precond;gsr_skin_conductance_eda_tonic_mean_nk_full_change_precond;eeg_fl_hbeta_mean_full_change_precond;eeg_pleft_lbeta_mean_full_change_precond;eeg_c_specent_full_change_precond;pupil_asymmetry_full_change_precond;hr_heartrate_bpm_med_abs_full_change_precond;eeg_fm_theta_mean_full_change_precond;eeg_pleft_halpha_mean_full_change_precond;eeg_c_sampent_full_change_precond;eeg_fm_sampent_full_change_precond;gsr_skin_conductance_eda_pkrate_nk_full_change_precond;eeg_pright_beta_mean_full_change_precond"
2025-11-26 18:18:08.054921,12,"stress_label",20,2,0.03125,0.564102564102564,0.544871794871795,NA,20,"top20","eeg_tleft_sampent_full_change_precond;eeg_tleft_halpha_mean_full_change_precond;pupil_dilation_sd_full_change_precond;eeg_t_sampent_full_change_precond;eeg_tleft_lalpha_mean_full_change_precond;eeg_tright_halpha_mean_full_change_precond;hrv_rmssd_full_change_precond;eeg_pright_sampent_full_change_precond;gsr_skin_conductance_eda_tonic_mean_nk_full_change_precond;eeg_fl_hbeta_mean_full_change_precond;eeg_pleft_lbeta_mean_full_change_precond;eeg_c_specent_full_change_precond;pupil_asymmetry_full_change_precond;hr_heartrate_bpm_med_abs_full_change_precond;eeg_fm_theta_mean_full_change_precond;eeg_pleft_halpha_mean_full_change_precond;eeg_c_sampent_full_change_precond;eeg_fm_sampent_full_change_precond;gsr_skin_conductance_eda_pkrate_nk_full_change_precond;eeg_pright_beta_mean_full_change_precond"
2025-11-26 18:18:08.957495,12,"stress_label",20,4,0.03125,0.544871794871795,0.397435897435897,NA,20,"top20","eeg_tleft_sampent_full_change_precond;eeg_tleft_halpha_mean_full_change_precond;pupil_dilation_sd_full_change_precond;eeg_t_sampent_full_change_precond;eeg_tleft_lalpha_mean_full_change_precond;eeg_tright_halpha_mean_full_change_precond;hrv_rmssd_full_change_precond;eeg_pright_sampent_full_change_precond;gsr_skin_conductance_eda_tonic_mean_nk_full_change_precond;eeg_fl_hbeta_mean_full_change_precond;eeg_pleft_lbeta_mean_full_change_precond;eeg_c_specent_full_change_precond;pupil_asymmetry_full_change_precond;hr_heartrate_bpm_med_abs_full_change_precond;eeg_fm_theta_mean_full_change_precond;eeg_pleft_halpha_mean_full_change_precond;eeg_c_sampent_full_change_precond;eeg_fm_sampent_full_change_precond;gsr_skin_conductance_eda_pkrate_nk_full_change_precond;eeg_pright_beta_mean_full_change_precond"
2025-11-26 18:18:10.123972,12,"stress_label",20,8,0.03125,0.525641025641026,0.41025641025641,NA,20,"top20","eeg_tleft_sampent_full_change_precond;eeg_tleft_halpha_mean_full_change_precond;pupil_dilation_sd_full_change_precond;eeg_t_sampent_full_change_precond;eeg_tleft_lalpha_mean_full_change_precond;eeg_tright_halpha_mean_full_change_precond;hrv_rmssd_full_change_precond;eeg_pright_sampent_full_change_precond;gsr_skin_conductance_eda_tonic_mean_nk_full_change_precond;eeg_fl_hbeta_mean_full_change_precond;eeg_pleft_lbeta_mean_full_change_precond;eeg_c_specent_full_change_precond;pupil_asymmetry_full_change_precond;hr_heartrate_bpm_med_abs_full_change_precond;eeg_fm_theta_mean_full_change_precond;eeg_pleft_halpha_mean_full_change_precond;eeg_c_sampent_full_change_precond;eeg_fm_sampent_full_change_precond;gsr_skin_conductance_eda_pkrate_nk_full_change_precond;eeg_pright_beta_mean_full_change_precond"
2025-11-26 18:18:11.313738,12,"stress_label",20,16,0.03125,0.493589743589744,0.41025641025641,NA,20,"top20","eeg_tleft_sampent_full_change_precond;eeg_tleft_halpha_mean_full_change_precond;pupil_dilation_sd_full_change_precond;eeg_t_sampent_full_change_precond;eeg_tleft_lalpha_mean_full_change_precond;eeg_tright_halpha_mean_full_change_precond;hrv_rmssd_full_change_precond;eeg_pright_sampent_full_change_precond;gsr_skin_conductance_eda_tonic_mean_nk_full_change_precond;eeg_fl_hbeta_mean_full_change_precond;eeg_pleft_lbeta_mean_full_change_precond;eeg_c_specent_full_change_precond;pupil_asymmetry_full_change_precond;hr_heartrate_bpm_med_abs_full_change_precond;eeg_fm_theta_mean_full_change_precond;eeg_pleft_halpha_mean_full_change_precond;eeg_c_sampent_full_change_precond;eeg_fm_sampent_full_change_precond;gsr_skin_conductance_eda_pkrate_nk_full_change_precond;eeg_pright_beta_mean_full_change_precond"
2025-11-26 18:18:12.602759,12,"stress_label",20,32,0.03125,0.480769230769231,0.448717948717949,NA,20,"top20","eeg_tleft_sampent_full_change_precond;eeg_tleft_halpha_mean_full_change_precond;pupil_dilation_sd_full_change_precond;eeg_t_sampent_full_change_precond;eeg_tleft_lalpha_mean_full_change_precond;eeg_tright_halpha_mean_full_change_precond;hrv_rmssd_full_change_precond;eeg_pright_sampent_full_change_precond;gsr_skin_conductance_eda_tonic_mean_nk_full_change_precond;eeg_fl_hbeta_mean_full_change_precond;eeg_pleft_lbeta_mean_full_change_precond;eeg_c_specent_full_change_precond;pupil_asymmetry_full_change_precond;hr_heartrate_bpm_med_abs_full_change_precond;eeg_fm_theta_mean_full_change_precond;eeg_pleft_halpha_mean_full_change_precond;eeg_c_sampent_full_change_precond;eeg_fm_sampent_full_change_precond;gsr_skin_conductance_eda_pkrate_nk_full_change_precond;eeg_pright_beta_mean_full_change_precond"
2025-11-26 18:18:13.883375,12,"stress_label",20,64,0.03125,0.493589743589744,0.455128205128205,NA,20,"top20","eeg_tleft_sampent_full_change_precond;eeg_tleft_halpha_mean_full_change_precond;pupil_dilation_sd_full_change_precond;eeg_t_sampent_full_change_precond;eeg_tleft_lalpha_mean_full_change_precond;eeg_tright_halpha_mean_full_change_precond;hrv_rmssd_full_change_precond;eeg_pright_sampent_full_change_precond;gsr_skin_conductance_eda_tonic_mean_nk_full_change_precond;eeg_fl_hbeta_mean_full_change_precond;eeg_pleft_lbeta_mean_full_change_precond;eeg_c_specent_full_change_precond;pupil_asymmetry_full_change_precond;hr_heartrate_bpm_med_abs_full_change_precond;eeg_fm_theta_mean_full_change_precond;eeg_pleft_halpha_mean_full_change_precond;eeg_c_sampent_full_change_precond;eeg_fm_sampent_full_change_precond;gsr_skin_conductance_eda_pkrate_nk_full_change_precond;eeg_pright_beta_mean_full_change_precond"
2025-11-26 18:18:15.158306,12,"stress_label",20,128,0.03125,0.493589743589744,0.467948717948718,NA,20,"top20","eeg_tleft_sampent_full_change_precond;eeg_tleft_halpha_mean_full_change_precond;pupil_dilation_sd_full_change_precond;eeg_t_sampent_full_change_precond;eeg_tleft_lalpha_mean_full_change_precond;eeg_tright_halpha_mean_full_change_precond;hrv_rmssd_full_change_precond;eeg_pright_sampent_full_change_precond;gsr_skin_conductance_eda_tonic_mean_nk_full_change_precond;eeg_fl_hbeta_mean_full_change_precond;eeg_pleft_lbeta_mean_full_change_precond;eeg_c_specent_full_change_precond;pupil_asymmetry_full_change_precond;hr_heartrate_bpm_med_abs_full_change_precond;eeg_fm_theta_mean_full_change_precond;eeg_pleft_halpha_mean_full_change_precond;eeg_c_sampent_full_change_precond;eeg_fm_sampent_full_change_precond;gsr_skin_conductance_eda_pkrate_nk_full_change_precond;eeg_pright_beta_mean_full_change_precond"
2025-11-26 18:18:16.325054,12,"stress_label",20,256,0.03125,0.493589743589744,0.442307692307692,NA,20,"top20","eeg_tleft_sampent_full_change_precond;eeg_tleft_halpha_mean_full_change_precond;pupil_dilation_sd_full_change_precond;eeg_t_sampent_full_change_precond;eeg_tleft_lalpha_mean_full_change_precond;eeg_tright_halpha_mean_full_change_precond;hrv_rmssd_full_change_precond;eeg_pright_sampent_full_change_precond;gsr_skin_conductance_eda_tonic_mean_nk_full_change_precond;eeg_fl_hbeta_mean_full_change_precond;eeg_pleft_lbeta_mean_full_change_precond;eeg_c_specent_full_change_precond;pupil_asymmetry_full_change_precond;hr_heartrate_bpm_med_abs_full_change_precond;eeg_fm_theta_mean_full_change_precond;eeg_pleft_halpha_mean_full_change_precond;eeg_c_sampent_full_change_precond;eeg_fm_sampent_full_change_precond;gsr_skin_conductance_eda_pkrate_nk_full_change_precond;eeg_pright_beta_mean_full_change_precond"
2025-11-26 18:18:17.43889,12,"stress_label",20,2,0.0625,0.551282051282051,0.544871794871795,NA,20,"top20","eeg_tleft_sampent_full_change_precond;eeg_tleft_halpha_mean_full_change_precond;pupil_dilation_sd_full_change_precond;eeg_t_sampent_full_change_precond;eeg_tleft_lalpha_mean_full_change_precond;eeg_tright_halpha_mean_full_change_precond;hrv_rmssd_full_change_precond;eeg_pright_sampent_full_change_precond;gsr_skin_conductance_eda_tonic_mean_nk_full_change_precond;eeg_fl_hbeta_mean_full_change_precond;eeg_pleft_lbeta_mean_full_change_precond;eeg_c_specent_full_change_precond;pupil_asymmetry_full_change_precond;hr_heartrate_bpm_med_abs_full_change_precond;eeg_fm_theta_mean_full_change_precond;eeg_pleft_halpha_mean_full_change_precond;eeg_c_sampent_full_change_precond;eeg_fm_sampent_full_change_precond;gsr_skin_conductance_eda_pkrate_nk_full_change_precond;eeg_pright_beta_mean_full_change_precond"
2025-11-26 18:18:18.462758,12,"stress_label",20,4,0.0625,0.519230769230769,0.403846153846154,NA,20,"top20","eeg_tleft_sampent_full_change_precond;eeg_tleft_halpha_mean_full_change_precond;pupil_dilation_sd_full_change_precond;eeg_t_sampent_full_change_precond;eeg_tleft_lalpha_mean_full_change_precond;eeg_tright_halpha_mean_full_change_precond;hrv_rmssd_full_change_precond;eeg_pright_sampent_full_change_precond;gsr_skin_conductance_eda_tonic_mean_nk_full_change_precond;eeg_fl_hbeta_mean_full_change_precond;eeg_pleft_lbeta_mean_full_change_precond;eeg_c_specent_full_change_precond;pupil_asymmetry_full_change_precond;hr_heartrate_bpm_med_abs_full_change_precond;eeg_fm_theta_mean_full_change_precond;eeg_pleft_halpha_mean_full_change_precond;eeg_c_sampent_full_change_precond;eeg_fm_sampent_full_change_precond;gsr_skin_conductance_eda_pkrate_nk_full_change_precond;eeg_pright_beta_mean_full_change_precond"
2025-11-26 18:18:19.487888,12,"stress_label",20,8,0.0625,0.493589743589744,0.41025641025641,NA,20,"top20","eeg_tleft_sampent_full_change_precond;eeg_tleft_halpha_mean_full_change_precond;pupil_dilation_sd_full_change_precond;eeg_t_sampent_full_change_precond;eeg_tleft_lalpha_mean_full_change_precond;eeg_tright_halpha_mean_full_change_precond;hrv_rmssd_full_change_precond;eeg_pright_sampent_full_change_precond;gsr_skin_conductance_eda_tonic_mean_nk_full_change_precond;eeg_fl_hbeta_mean_full_change_precond;eeg_pleft_lbeta_mean_full_change_precond;eeg_c_specent_full_change_precond;pupil_asymmetry_full_change_precond;hr_heartrate_bpm_med_abs_full_change_precond;eeg_fm_theta_mean_full_change_precond;eeg_pleft_halpha_mean_full_change_precond;eeg_c_sampent_full_change_precond;eeg_fm_sampent_full_change_precond;gsr_skin_conductance_eda_pkrate_nk_full_change_precond;eeg_pright_beta_mean_full_change_precond"
2025-11-26 18:18:20.603884,12,"stress_label",20,16,0.0625,0.493589743589744,0.455128205128205,NA,20,"top20","eeg_tleft_sampent_full_change_precond;eeg_tleft_halpha_mean_full_change_precond;pupil_dilation_sd_full_change_precond;eeg_t_sampent_full_change_precond;eeg_tleft_lalpha_mean_full_change_precond;eeg_tright_halpha_mean_full_change_precond;hrv_rmssd_full_change_precond;eeg_pright_sampent_full_change_precond;gsr_skin_conductance_eda_tonic_mean_nk_full_change_precond;eeg_fl_hbeta_mean_full_change_precond;eeg_pleft_lbeta_mean_full_change_precond;eeg_c_specent_full_change_precond;pupil_asymmetry_full_change_precond;hr_heartrate_bpm_med_abs_full_change_precond;eeg_fm_theta_mean_full_change_precond;eeg_pleft_halpha_mean_full_change_precond;eeg_c_sampent_full_change_precond;eeg_fm_sampent_full_change_precond;gsr_skin_conductance_eda_pkrate_nk_full_change_precond;eeg_pright_beta_mean_full_change_precond"
2025-11-26 18:18:21.774942,12,"stress_label",20,32,0.0625,0.493589743589744,0.506410256410256,NA,20,"top20","eeg_tleft_sampent_full_change_precond;eeg_tleft_halpha_mean_full_change_precond;pupil_dilation_sd_full_change_precond;eeg_t_sampent_full_change_precond;eeg_tleft_lalpha_mean_full_change_precond;eeg_tright_halpha_mean_full_change_precond;hrv_rmssd_full_change_precond;eeg_pright_sampent_full_change_precond;gsr_skin_conductance_eda_tonic_mean_nk_full_change_precond;eeg_fl_hbeta_mean_full_change_precond;eeg_pleft_lbeta_mean_full_change_precond;eeg_c_specent_full_change_precond;pupil_asymmetry_full_change_precond;hr_heartrate_bpm_med_abs_full_change_precond;eeg_fm_theta_mean_full_change_precond;eeg_pleft_halpha_mean_full_change_precond;eeg_c_sampent_full_change_precond;eeg_fm_sampent_full_change_precond;gsr_skin_conductance_eda_pkrate_nk_full_change_precond;eeg_pright_beta_mean_full_change_precond"
2025-11-26 18:18:22.86224,12,"stress_label",20,64,0.0625,0.493589743589744,0.416666666666667,NA,20,"top20","eeg_tleft_sampent_full_change_precond;eeg_tleft_halpha_mean_full_change_precond;pupil_dilation_sd_full_change_precond;eeg_t_sampent_full_change_precond;eeg_tleft_lalpha_mean_full_change_precond;eeg_tright_halpha_mean_full_change_precond;hrv_rmssd_full_change_precond;eeg_pright_sampent_full_change_precond;gsr_skin_conductance_eda_tonic_mean_nk_full_change_precond;eeg_fl_hbeta_mean_full_change_precond;eeg_pleft_lbeta_mean_full_change_precond;eeg_c_specent_full_change_precond;pupil_asymmetry_full_change_precond;hr_heartrate_bpm_med_abs_full_change_precond;eeg_fm_theta_mean_full_change_precond;eeg_pleft_halpha_mean_full_change_precond;eeg_c_sampent_full_change_precond;eeg_fm_sampent_full_change_precond;gsr_skin_conductance_eda_pkrate_nk_full_change_precond;eeg_pright_beta_mean_full_change_precond"
2025-11-26 18:18:23.907924,12,"stress_label",20,128,0.0625,0.493589743589744,0.455128205128205,NA,20,"top20","eeg_tleft_sampent_full_change_precond;eeg_tleft_halpha_mean_full_change_precond;pupil_dilation_sd_full_change_precond;eeg_t_sampent_full_change_precond;eeg_tleft_lalpha_mean_full_change_precond;eeg_tright_halpha_mean_full_change_precond;hrv_rmssd_full_change_precond;eeg_pright_sampent_full_change_precond;gsr_skin_conductance_eda_tonic_mean_nk_full_change_precond;eeg_fl_hbeta_mean_full_change_precond;eeg_pleft_lbeta_mean_full_change_precond;eeg_c_specent_full_change_precond;pupil_asymmetry_full_change_precond;hr_heartrate_bpm_med_abs_full_change_precond;eeg_fm_theta_mean_full_change_precond;eeg_pleft_halpha_mean_full_change_precond;eeg_c_sampent_full_change_precond;eeg_fm_sampent_full_change_precond;gsr_skin_conductance_eda_pkrate_nk_full_change_precond;eeg_pright_beta_mean_full_change_precond"
2025-11-26 18:18:25.009095,12,"stress_label",20,256,0.0625,0.493589743589744,0.429487179487179,NA,20,"top20","eeg_tleft_sampent_full_change_precond;eeg_tleft_halpha_mean_full_change_precond;pupil_dilation_sd_full_change_precond;eeg_t_sampent_full_change_precond;eeg_tleft_lalpha_mean_full_change_precond;eeg_tright_halpha_mean_full_change_precond;hrv_rmssd_full_change_precond;eeg_pright_sampent_full_change_precond;gsr_skin_conductance_eda_tonic_mean_nk_full_change_precond;eeg_fl_hbeta_mean_full_change_precond;eeg_pleft_lbeta_mean_full_change_precond;eeg_c_specent_full_change_precond;pupil_asymmetry_full_change_precond;hr_heartrate_bpm_med_abs_full_change_precond;eeg_fm_theta_mean_full_change_precond;eeg_pleft_halpha_mean_full_change_precond;eeg_c_sampent_full_change_precond;eeg_fm_sampent_full_change_precond;gsr_skin_conductance_eda_pkrate_nk_full_change_precond;eeg_pright_beta_mean_full_change_precond"
2025-11-26 18:18:26.051472,12,"stress_label",20,2,0.125,0.519230769230769,0.5,NA,20,"top20","eeg_tleft_sampent_full_change_precond;eeg_tleft_halpha_mean_full_change_precond;pupil_dilation_sd_full_change_precond;eeg_t_sampent_full_change_precond;eeg_tleft_lalpha_mean_full_change_precond;eeg_tright_halpha_mean_full_change_precond;hrv_rmssd_full_change_precond;eeg_pright_sampent_full_change_precond;gsr_skin_conductance_eda_tonic_mean_nk_full_change_precond;eeg_fl_hbeta_mean_full_change_precond;eeg_pleft_lbeta_mean_full_change_precond;eeg_c_specent_full_change_precond;pupil_asymmetry_full_change_precond;hr_heartrate_bpm_med_abs_full_change_precond;eeg_fm_theta_mean_full_change_precond;eeg_pleft_halpha_mean_full_change_precond;eeg_c_sampent_full_change_precond;eeg_fm_sampent_full_change_precond;gsr_skin_conductance_eda_pkrate_nk_full_change_precond;eeg_pright_beta_mean_full_change_precond"
2025-11-26 18:18:27.22175,12,"stress_label",20,4,0.125,0.5,0.474358974358974,NA,20,"top20","eeg_tleft_sampent_full_change_precond;eeg_tleft_halpha_mean_full_change_precond;pupil_dilation_sd_full_change_precond;eeg_t_sampent_full_change_precond;eeg_tleft_lalpha_mean_full_change_precond;eeg_tright_halpha_mean_full_change_precond;hrv_rmssd_full_change_precond;eeg_pright_sampent_full_change_precond;gsr_skin_conductance_eda_tonic_mean_nk_full_change_precond;eeg_fl_hbeta_mean_full_change_precond;eeg_pleft_lbeta_mean_full_change_precond;eeg_c_specent_full_change_precond;pupil_asymmetry_full_change_precond;hr_heartrate_bpm_med_abs_full_change_precond;eeg_fm_theta_mean_full_change_precond;eeg_pleft_halpha_mean_full_change_precond;eeg_c_sampent_full_change_precond;eeg_fm_sampent_full_change_precond;gsr_skin_conductance_eda_pkrate_nk_full_change_precond;eeg_pright_beta_mean_full_change_precond"
2025-11-26 18:18:28.372659,12,"stress_label",20,8,0.125,0.5,0.487179487179487,NA,20,"top20","eeg_tleft_sampent_full_change_precond;eeg_tleft_halpha_mean_full_change_precond;pupil_dilation_sd_full_change_precond;eeg_t_sampent_full_change_precond;eeg_tleft_lalpha_mean_full_change_precond;eeg_tright_halpha_mean_full_change_precond;hrv_rmssd_full_change_precond;eeg_pright_sampent_full_change_precond;gsr_skin_conductance_eda_tonic_mean_nk_full_change_precond;eeg_fl_hbeta_mean_full_change_precond;eeg_pleft_lbeta_mean_full_change_precond;eeg_c_specent_full_change_precond;pupil_asymmetry_full_change_precond;hr_heartrate_bpm_med_abs_full_change_precond;eeg_fm_theta_mean_full_change_precond;eeg_pleft_halpha_mean_full_change_precond;eeg_c_sampent_full_change_precond;eeg_fm_sampent_full_change_precond;gsr_skin_conductance_eda_pkrate_nk_full_change_precond;eeg_pright_beta_mean_full_change_precond"
2025-11-26 18:18:29.503313,12,"stress_label",20,16,0.125,0.5,0.41025641025641,NA,20,"top20","eeg_tleft_sampent_full_change_precond;eeg_tleft_halpha_mean_full_change_precond;pupil_dilation_sd_full_change_precond;eeg_t_sampent_full_change_precond;eeg_tleft_lalpha_mean_full_change_precond;eeg_tright_halpha_mean_full_change_precond;hrv_rmssd_full_change_precond;eeg_pright_sampent_full_change_precond;gsr_skin_conductance_eda_tonic_mean_nk_full_change_precond;eeg_fl_hbeta_mean_full_change_precond;eeg_pleft_lbeta_mean_full_change_precond;eeg_c_specent_full_change_precond;pupil_asymmetry_full_change_precond;hr_heartrate_bpm_med_abs_full_change_precond;eeg_fm_theta_mean_full_change_precond;eeg_pleft_halpha_mean_full_change_precond;eeg_c_sampent_full_change_precond;eeg_fm_sampent_full_change_precond;gsr_skin_conductance_eda_pkrate_nk_full_change_precond;eeg_pright_beta_mean_full_change_precond"
2025-11-26 18:18:30.649585,12,"stress_label",20,32,0.125,0.5,0.487179487179487,NA,20,"top20","eeg_tleft_sampent_full_change_precond;eeg_tleft_halpha_mean_full_change_precond;pupil_dilation_sd_full_change_precond;eeg_t_sampent_full_change_precond;eeg_tleft_lalpha_mean_full_change_precond;eeg_tright_halpha_mean_full_change_precond;hrv_rmssd_full_change_precond;eeg_pright_sampent_full_change_precond;gsr_skin_conductance_eda_tonic_mean_nk_full_change_precond;eeg_fl_hbeta_mean_full_change_precond;eeg_pleft_lbeta_mean_full_change_precond;eeg_c_specent_full_change_precond;pupil_asymmetry_full_change_precond;hr_heartrate_bpm_med_abs_full_change_precond;eeg_fm_theta_mean_full_change_precond;eeg_pleft_halpha_mean_full_change_precond;eeg_c_sampent_full_change_precond;eeg_fm_sampent_full_change_precond;gsr_skin_conductance_eda_pkrate_nk_full_change_precond;eeg_pright_beta_mean_full_change_precond"
2025-11-26 18:18:31.814204,12,"stress_label",20,64,0.125,0.5,0.474358974358974,NA,20,"top20","eeg_tleft_sampent_full_change_precond;eeg_tleft_halpha_mean_full_change_precond;pupil_dilation_sd_full_change_precond;eeg_t_sampent_full_change_precond;eeg_tleft_lalpha_mean_full_change_precond;eeg_tright_halpha_mean_full_change_precond;hrv_rmssd_full_change_precond;eeg_pright_sampent_full_change_precond;gsr_skin_conductance_eda_tonic_mean_nk_full_change_precond;eeg_fl_hbeta_mean_full_change_precond;eeg_pleft_lbeta_mean_full_change_precond;eeg_c_specent_full_change_precond;pupil_asymmetry_full_change_precond;hr_heartrate_bpm_med_abs_full_change_precond;eeg_fm_theta_mean_full_change_precond;eeg_pleft_halpha_mean_full_change_precond;eeg_c_sampent_full_change_precond;eeg_fm_sampent_full_change_precond;gsr_skin_conductance_eda_pkrate_nk_full_change_precond;eeg_pright_beta_mean_full_change_precond"
2025-11-26 18:18:33.113185,12,"stress_label",20,128,0.125,0.5,0.487179487179487,NA,20,"top20","eeg_tleft_sampent_full_change_precond;eeg_tleft_halpha_mean_full_change_precond;pupil_dilation_sd_full_change_precond;eeg_t_sampent_full_change_precond;eeg_tleft_lalpha_mean_full_change_precond;eeg_tright_halpha_mean_full_change_precond;hrv_rmssd_full_change_precond;eeg_pright_sampent_full_change_precond;gsr_skin_conductance_eda_tonic_mean_nk_full_change_precond;eeg_fl_hbeta_mean_full_change_precond;eeg_pleft_lbeta_mean_full_change_precond;eeg_c_specent_full_change_precond;pupil_asymmetry_full_change_precond;hr_heartrate_bpm_med_abs_full_change_precond;eeg_fm_theta_mean_full_change_precond;eeg_pleft_halpha_mean_full_change_precond;eeg_c_sampent_full_change_precond;eeg_fm_sampent_full_change_precond;gsr_skin_conductance_eda_pkrate_nk_full_change_precond;eeg_pright_beta_mean_full_change_precond"
2025-11-26 18:18:34.248474,12,"stress_label",20,256,0.125,0.5,0.525641025641026,NA,20,"top20","eeg_tleft_sampent_full_change_precond;eeg_tleft_halpha_mean_full_change_precond;pupil_dilation_sd_full_change_precond;eeg_t_sampent_full_change_precond;eeg_tleft_lalpha_mean_full_change_precond;eeg_tright_halpha_mean_full_change_precond;hrv_rmssd_full_change_precond;eeg_pright_sampent_full_change_precond;gsr_skin_conductance_eda_tonic_mean_nk_full_change_precond;eeg_fl_hbeta_mean_full_change_precond;eeg_pleft_lbeta_mean_full_change_precond;eeg_c_specent_full_change_precond;pupil_asymmetry_full_change_precond;hr_heartrate_bpm_med_abs_full_change_precond;eeg_fm_theta_mean_full_change_precond;eeg_pleft_halpha_mean_full_change_precond;eeg_c_sampent_full_change_precond;eeg_fm_sampent_full_change_precond;gsr_skin_conductance_eda_pkrate_nk_full_change_precond;eeg_pright_beta_mean_full_change_precond"
2025-11-26 18:18:35.30922,12,"stress_label",20,2,0.03,0.557692307692308,0.512820512820513,NA,20,"top20","eeg_tleft_sampent_full_change_precond;eeg_tleft_halpha_mean_full_change_precond;pupil_dilation_sd_full_change_precond;eeg_t_sampent_full_change_precond;eeg_tleft_lalpha_mean_full_change_precond;eeg_tright_halpha_mean_full_change_precond;hrv_rmssd_full_change_precond;eeg_pright_sampent_full_change_precond;gsr_skin_conductance_eda_tonic_mean_nk_full_change_precond;eeg_fl_hbeta_mean_full_change_precond;eeg_pleft_lbeta_mean_full_change_precond;eeg_c_specent_full_change_precond;pupil_asymmetry_full_change_precond;hr_heartrate_bpm_med_abs_full_change_precond;eeg_fm_theta_mean_full_change_precond;eeg_pleft_halpha_mean_full_change_precond;eeg_c_sampent_full_change_precond;eeg_fm_sampent_full_change_precond;gsr_skin_conductance_eda_pkrate_nk_full_change_precond;eeg_pright_beta_mean_full_change_precond"
2025-11-26 18:18:36.379645,12,"stress_label",20,4,0.03,0.544871794871795,0.467948717948718,NA,20,"top20","eeg_tleft_sampent_full_change_precond;eeg_tleft_halpha_mean_full_change_precond;pupil_dilation_sd_full_change_precond;eeg_t_sampent_full_change_precond;eeg_tleft_lalpha_mean_full_change_precond;eeg_tright_halpha_mean_full_change_precond;hrv_rmssd_full_change_precond;eeg_pright_sampent_full_change_precond;gsr_skin_conductance_eda_tonic_mean_nk_full_change_precond;eeg_fl_hbeta_mean_full_change_precond;eeg_pleft_lbeta_mean_full_change_precond;eeg_c_specent_full_change_precond;pupil_asymmetry_full_change_precond;hr_heartrate_bpm_med_abs_full_change_precond;eeg_fm_theta_mean_full_change_precond;eeg_pleft_halpha_mean_full_change_precond;eeg_c_sampent_full_change_precond;eeg_fm_sampent_full_change_precond;gsr_skin_conductance_eda_pkrate_nk_full_change_precond;eeg_pright_beta_mean_full_change_precond"
2025-11-26 18:18:37.493802,12,"stress_label",20,8,0.03,0.525641025641026,0.423076923076923,NA,20,"top20","eeg_tleft_sampent_full_change_precond;eeg_tleft_halpha_mean_full_change_precond;pupil_dilation_sd_full_change_precond;eeg_t_sampent_full_change_precond;eeg_tleft_lalpha_mean_full_change_precond;eeg_tright_halpha_mean_full_change_precond;hrv_rmssd_full_change_precond;eeg_pright_sampent_full_change_precond;gsr_skin_conductance_eda_tonic_mean_nk_full_change_precond;eeg_fl_hbeta_mean_full_change_precond;eeg_pleft_lbeta_mean_full_change_precond;eeg_c_specent_full_change_precond;pupil_asymmetry_full_change_precond;hr_heartrate_bpm_med_abs_full_change_precond;eeg_fm_theta_mean_full_change_precond;eeg_pleft_halpha_mean_full_change_precond;eeg_c_sampent_full_change_precond;eeg_fm_sampent_full_change_precond;gsr_skin_conductance_eda_pkrate_nk_full_change_precond;eeg_pright_beta_mean_full_change_precond"
2025-11-26 18:18:38.680656,12,"stress_label",20,16,0.03,0.5,0.467948717948718,NA,20,"top20","eeg_tleft_sampent_full_change_precond;eeg_tleft_halpha_mean_full_change_precond;pupil_dilation_sd_full_change_precond;eeg_t_sampent_full_change_precond;eeg_tleft_lalpha_mean_full_change_precond;eeg_tright_halpha_mean_full_change_precond;hrv_rmssd_full_change_precond;eeg_pright_sampent_full_change_precond;gsr_skin_conductance_eda_tonic_mean_nk_full_change_precond;eeg_fl_hbeta_mean_full_change_precond;eeg_pleft_lbeta_mean_full_change_precond;eeg_c_specent_full_change_precond;pupil_asymmetry_full_change_precond;hr_heartrate_bpm_med_abs_full_change_precond;eeg_fm_theta_mean_full_change_precond;eeg_pleft_halpha_mean_full_change_precond;eeg_c_sampent_full_change_precond;eeg_fm_sampent_full_change_precond;gsr_skin_conductance_eda_pkrate_nk_full_change_precond;eeg_pright_beta_mean_full_change_precond"
2025-11-26 18:18:39.97404,12,"stress_label",20,32,0.03,0.487179487179487,0.403846153846154,NA,20,"top20","eeg_tleft_sampent_full_change_precond;eeg_tleft_halpha_mean_full_change_precond;pupil_dilation_sd_full_change_precond;eeg_t_sampent_full_change_precond;eeg_tleft_lalpha_mean_full_change_precond;eeg_tright_halpha_mean_full_change_precond;hrv_rmssd_full_change_precond;eeg_pright_sampent_full_change_precond;gsr_skin_conductance_eda_tonic_mean_nk_full_change_precond;eeg_fl_hbeta_mean_full_change_precond;eeg_pleft_lbeta_mean_full_change_precond;eeg_c_specent_full_change_precond;pupil_asymmetry_full_change_precond;hr_heartrate_bpm_med_abs_full_change_precond;eeg_fm_theta_mean_full_change_precond;eeg_pleft_halpha_mean_full_change_precond;eeg_c_sampent_full_change_precond;eeg_fm_sampent_full_change_precond;gsr_skin_conductance_eda_pkrate_nk_full_change_precond;eeg_pright_beta_mean_full_change_precond"
2025-11-26 18:18:41.210884,12,"stress_label",20,64,0.03,0.480769230769231,0.442307692307692,NA,20,"top20","eeg_tleft_sampent_full_change_precond;eeg_tleft_halpha_mean_full_change_precond;pupil_dilation_sd_full_change_precond;eeg_t_sampent_full_change_precond;eeg_tleft_lalpha_mean_full_change_precond;eeg_tright_halpha_mean_full_change_precond;hrv_rmssd_full_change_precond;eeg_pright_sampent_full_change_precond;gsr_skin_conductance_eda_tonic_mean_nk_full_change_precond;eeg_fl_hbeta_mean_full_change_precond;eeg_pleft_lbeta_mean_full_change_precond;eeg_c_specent_full_change_precond;pupil_asymmetry_full_change_precond;hr_heartrate_bpm_med_abs_full_change_precond;eeg_fm_theta_mean_full_change_precond;eeg_pleft_halpha_mean_full_change_precond;eeg_c_sampent_full_change_precond;eeg_fm_sampent_full_change_precond;gsr_skin_conductance_eda_pkrate_nk_full_change_precond;eeg_pright_beta_mean_full_change_precond"
2025-11-26 18:18:42.365707,12,"stress_label",20,128,0.03,0.480769230769231,0.493589743589744,NA,20,"top20","eeg_tleft_sampent_full_change_precond;eeg_tleft_halpha_mean_full_change_precond;pupil_dilation_sd_full_change_precond;eeg_t_sampent_full_change_precond;eeg_tleft_lalpha_mean_full_change_precond;eeg_tright_halpha_mean_full_change_precond;hrv_rmssd_full_change_precond;eeg_pright_sampent_full_change_precond;gsr_skin_conductance_eda_tonic_mean_nk_full_change_precond;eeg_fl_hbeta_mean_full_change_precond;eeg_pleft_lbeta_mean_full_change_precond;eeg_c_specent_full_change_precond;pupil_asymmetry_full_change_precond;hr_heartrate_bpm_med_abs_full_change_precond;eeg_fm_theta_mean_full_change_precond;eeg_pleft_halpha_mean_full_change_precond;eeg_c_sampent_full_change_precond;eeg_fm_sampent_full_change_precond;gsr_skin_conductance_eda_pkrate_nk_full_change_precond;eeg_pright_beta_mean_full_change_precond"
2025-11-26 18:18:43.621416,12,"stress_label",20,256,0.03,0.480769230769231,0.416666666666667,NA,20,"top20","eeg_tleft_sampent_full_change_precond;eeg_tleft_halpha_mean_full_change_precond;pupil_dilation_sd_full_change_precond;eeg_t_sampent_full_change_precond;eeg_tleft_lalpha_mean_full_change_precond;eeg_tright_halpha_mean_full_change_precond;hrv_rmssd_full_change_precond;eeg_pright_sampent_full_change_precond;gsr_skin_conductance_eda_tonic_mean_nk_full_change_precond;eeg_fl_hbeta_mean_full_change_precond;eeg_pleft_lbeta_mean_full_change_precond;eeg_c_specent_full_change_precond;pupil_asymmetry_full_change_precond;hr_heartrate_bpm_med_abs_full_change_precond;eeg_fm_theta_mean_full_change_precond;eeg_pleft_halpha_mean_full_change_precond;eeg_c_sampent_full_change_precond;eeg_fm_sampent_full_change_precond;gsr_skin_conductance_eda_pkrate_nk_full_change_precond;eeg_pright_beta_mean_full_change_precond"
2025-11-26 18:18:44.7155,12,"stress_label",20,2,0.06,0.544871794871795,0.493589743589744,NA,20,"top20","eeg_tleft_sampent_full_change_precond;eeg_tleft_halpha_mean_full_change_precond;pupil_dilation_sd_full_change_precond;eeg_t_sampent_full_change_precond;eeg_tleft_lalpha_mean_full_change_precond;eeg_tright_halpha_mean_full_change_precond;hrv_rmssd_full_change_precond;eeg_pright_sampent_full_change_precond;gsr_skin_conductance_eda_tonic_mean_nk_full_change_precond;eeg_fl_hbeta_mean_full_change_precond;eeg_pleft_lbeta_mean_full_change_precond;eeg_c_specent_full_change_precond;pupil_asymmetry_full_change_precond;hr_heartrate_bpm_med_abs_full_change_precond;eeg_fm_theta_mean_full_change_precond;eeg_pleft_halpha_mean_full_change_precond;eeg_c_sampent_full_change_precond;eeg_fm_sampent_full_change_precond;gsr_skin_conductance_eda_pkrate_nk_full_change_precond;eeg_pright_beta_mean_full_change_precond"
2025-11-26 18:18:45.85324,12,"stress_label",20,4,0.06,0.519230769230769,0.455128205128205,NA,20,"top20","eeg_tleft_sampent_full_change_precond;eeg_tleft_halpha_mean_full_change_precond;pupil_dilation_sd_full_change_precond;eeg_t_sampent_full_change_precond;eeg_tleft_lalpha_mean_full_change_precond;eeg_tright_halpha_mean_full_change_precond;hrv_rmssd_full_change_precond;eeg_pright_sampent_full_change_precond;gsr_skin_conductance_eda_tonic_mean_nk_full_change_precond;eeg_fl_hbeta_mean_full_change_precond;eeg_pleft_lbeta_mean_full_change_precond;eeg_c_specent_full_change_precond;pupil_asymmetry_full_change_precond;hr_heartrate_bpm_med_abs_full_change_precond;eeg_fm_theta_mean_full_change_precond;eeg_pleft_halpha_mean_full_change_precond;eeg_c_sampent_full_change_precond;eeg_fm_sampent_full_change_precond;gsr_skin_conductance_eda_pkrate_nk_full_change_precond;eeg_pright_beta_mean_full_change_precond"
2025-11-26 18:18:46.981557,12,"stress_label",20,8,0.06,0.493589743589744,0.371794871794872,NA,20,"top20","eeg_tleft_sampent_full_change_precond;eeg_tleft_halpha_mean_full_change_precond;pupil_dilation_sd_full_change_precond;eeg_t_sampent_full_change_precond;eeg_tleft_lalpha_mean_full_change_precond;eeg_tright_halpha_mean_full_change_precond;hrv_rmssd_full_change_precond;eeg_pright_sampent_full_change_precond;gsr_skin_conductance_eda_tonic_mean_nk_full_change_precond;eeg_fl_hbeta_mean_full_change_precond;eeg_pleft_lbeta_mean_full_change_precond;eeg_c_specent_full_change_precond;pupil_asymmetry_full_change_precond;hr_heartrate_bpm_med_abs_full_change_precond;eeg_fm_theta_mean_full_change_precond;eeg_pleft_halpha_mean_full_change_precond;eeg_c_sampent_full_change_precond;eeg_fm_sampent_full_change_precond;gsr_skin_conductance_eda_pkrate_nk_full_change_precond;eeg_pright_beta_mean_full_change_precond"
2025-11-26 18:18:48.130892,12,"stress_label",20,16,0.06,0.480769230769231,0.391025641025641,NA,20,"top20","eeg_tleft_sampent_full_change_precond;eeg_tleft_halpha_mean_full_change_precond;pupil_dilation_sd_full_change_precond;eeg_t_sampent_full_change_precond;eeg_tleft_lalpha_mean_full_change_precond;eeg_tright_halpha_mean_full_change_precond;hrv_rmssd_full_change_precond;eeg_pright_sampent_full_change_precond;gsr_skin_conductance_eda_tonic_mean_nk_full_change_precond;eeg_fl_hbeta_mean_full_change_precond;eeg_pleft_lbeta_mean_full_change_precond;eeg_c_specent_full_change_precond;pupil_asymmetry_full_change_precond;hr_heartrate_bpm_med_abs_full_change_precond;eeg_fm_theta_mean_full_change_precond;eeg_pleft_halpha_mean_full_change_precond;eeg_c_sampent_full_change_precond;eeg_fm_sampent_full_change_precond;gsr_skin_conductance_eda_pkrate_nk_full_change_precond;eeg_pright_beta_mean_full_change_precond"
2025-11-26 18:18:49.300089,12,"stress_label",20,32,0.06,0.480769230769231,0.455128205128205,NA,20,"top20","eeg_tleft_sampent_full_change_precond;eeg_tleft_halpha_mean_full_change_precond;pupil_dilation_sd_full_change_precond;eeg_t_sampent_full_change_precond;eeg_tleft_lalpha_mean_full_change_precond;eeg_tright_halpha_mean_full_change_precond;hrv_rmssd_full_change_precond;eeg_pright_sampent_full_change_precond;gsr_skin_conductance_eda_tonic_mean_nk_full_change_precond;eeg_fl_hbeta_mean_full_change_precond;eeg_pleft_lbeta_mean_full_change_precond;eeg_c_specent_full_change_precond;pupil_asymmetry_full_change_precond;hr_heartrate_bpm_med_abs_full_change_precond;eeg_fm_theta_mean_full_change_precond;eeg_pleft_halpha_mean_full_change_precond;eeg_c_sampent_full_change_precond;eeg_fm_sampent_full_change_precond;gsr_skin_conductance_eda_pkrate_nk_full_change_precond;eeg_pright_beta_mean_full_change_precond"
2025-11-26 18:18:50.413029,12,"stress_label",20,64,0.06,0.480769230769231,0.506410256410256,NA,20,"top20","eeg_tleft_sampent_full_change_precond;eeg_tleft_halpha_mean_full_change_precond;pupil_dilation_sd_full_change_precond;eeg_t_sampent_full_change_precond;eeg_tleft_lalpha_mean_full_change_precond;eeg_tright_halpha_mean_full_change_precond;hrv_rmssd_full_change_precond;eeg_pright_sampent_full_change_precond;gsr_skin_conductance_eda_tonic_mean_nk_full_change_precond;eeg_fl_hbeta_mean_full_change_precond;eeg_pleft_lbeta_mean_full_change_precond;eeg_c_specent_full_change_precond;pupil_asymmetry_full_change_precond;hr_heartrate_bpm_med_abs_full_change_precond;eeg_fm_theta_mean_full_change_precond;eeg_pleft_halpha_mean_full_change_precond;eeg_c_sampent_full_change_precond;eeg_fm_sampent_full_change_precond;gsr_skin_conductance_eda_pkrate_nk_full_change_precond;eeg_pright_beta_mean_full_change_precond"
2025-11-26 18:18:51.569567,12,"stress_label",20,128,0.06,0.480769230769231,0.403846153846154,NA,20,"top20","eeg_tleft_sampent_full_change_precond;eeg_tleft_halpha_mean_full_change_precond;pupil_dilation_sd_full_change_precond;eeg_t_sampent_full_change_precond;eeg_tleft_lalpha_mean_full_change_precond;eeg_tright_halpha_mean_full_change_precond;hrv_rmssd_full_change_precond;eeg_pright_sampent_full_change_precond;gsr_skin_conductance_eda_tonic_mean_nk_full_change_precond;eeg_fl_hbeta_mean_full_change_precond;eeg_pleft_lbeta_mean_full_change_precond;eeg_c_specent_full_change_precond;pupil_asymmetry_full_change_precond;hr_heartrate_bpm_med_abs_full_change_precond;eeg_fm_theta_mean_full_change_precond;eeg_pleft_halpha_mean_full_change_precond;eeg_c_sampent_full_change_precond;eeg_fm_sampent_full_change_precond;gsr_skin_conductance_eda_pkrate_nk_full_change_precond;eeg_pright_beta_mean_full_change_precond"
2025-11-26 18:18:52.640565,12,"stress_label",20,256,0.06,0.480769230769231,0.467948717948718,NA,20,"top20","eeg_tleft_sampent_full_change_precond;eeg_tleft_halpha_mean_full_change_precond;pupil_dilation_sd_full_change_precond;eeg_t_sampent_full_change_precond;eeg_tleft_lalpha_mean_full_change_precond;eeg_tright_halpha_mean_full_change_precond;hrv_rmssd_full_change_precond;eeg_pright_sampent_full_change_precond;gsr_skin_conductance_eda_tonic_mean_nk_full_change_precond;eeg_fl_hbeta_mean_full_change_precond;eeg_pleft_lbeta_mean_full_change_precond;eeg_c_specent_full_change_precond;pupil_asymmetry_full_change_precond;hr_heartrate_bpm_med_abs_full_change_precond;eeg_fm_theta_mean_full_change_precond;eeg_pleft_halpha_mean_full_change_precond;eeg_c_sampent_full_change_precond;eeg_fm_sampent_full_change_precond;gsr_skin_conductance_eda_pkrate_nk_full_change_precond;eeg_pright_beta_mean_full_change_precond"
2025-11-26 18:18:53.759143,12,"stress_label",20,2,0.1,0.551282051282051,0.493589743589744,NA,20,"top20","eeg_tleft_sampent_full_change_precond;eeg_tleft_halpha_mean_full_change_precond;pupil_dilation_sd_full_change_precond;eeg_t_sampent_full_change_precond;eeg_tleft_lalpha_mean_full_change_precond;eeg_tright_halpha_mean_full_change_precond;hrv_rmssd_full_change_precond;eeg_pright_sampent_full_change_precond;gsr_skin_conductance_eda_tonic_mean_nk_full_change_precond;eeg_fl_hbeta_mean_full_change_precond;eeg_pleft_lbeta_mean_full_change_precond;eeg_c_specent_full_change_precond;pupil_asymmetry_full_change_precond;hr_heartrate_bpm_med_abs_full_change_precond;eeg_fm_theta_mean_full_change_precond;eeg_pleft_halpha_mean_full_change_precond;eeg_c_sampent_full_change_precond;eeg_fm_sampent_full_change_precond;gsr_skin_conductance_eda_pkrate_nk_full_change_precond;eeg_pright_beta_mean_full_change_precond"
2025-11-26 18:18:54.838751,12,"stress_label",20,4,0.1,0.512820512820513,0.346153846153846,NA,20,"top20","eeg_tleft_sampent_full_change_precond;eeg_tleft_halpha_mean_full_change_precond;pupil_dilation_sd_full_change_precond;eeg_t_sampent_full_change_precond;eeg_tleft_lalpha_mean_full_change_precond;eeg_tright_halpha_mean_full_change_precond;hrv_rmssd_full_change_precond;eeg_pright_sampent_full_change_precond;gsr_skin_conductance_eda_tonic_mean_nk_full_change_precond;eeg_fl_hbeta_mean_full_change_precond;eeg_pleft_lbeta_mean_full_change_precond;eeg_c_specent_full_change_precond;pupil_asymmetry_full_change_precond;hr_heartrate_bpm_med_abs_full_change_precond;eeg_fm_theta_mean_full_change_precond;eeg_pleft_halpha_mean_full_change_precond;eeg_c_sampent_full_change_precond;eeg_fm_sampent_full_change_precond;gsr_skin_conductance_eda_pkrate_nk_full_change_precond;eeg_pright_beta_mean_full_change_precond"
2025-11-26 18:18:55.778371,12,"stress_label",20,8,0.1,0.506410256410256,0.416666666666667,NA,20,"top20","eeg_tleft_sampent_full_change_precond;eeg_tleft_halpha_mean_full_change_precond;pupil_dilation_sd_full_change_precond;eeg_t_sampent_full_change_precond;eeg_tleft_lalpha_mean_full_change_precond;eeg_tright_halpha_mean_full_change_precond;hrv_rmssd_full_change_precond;eeg_pright_sampent_full_change_precond;gsr_skin_conductance_eda_tonic_mean_nk_full_change_precond;eeg_fl_hbeta_mean_full_change_precond;eeg_pleft_lbeta_mean_full_change_precond;eeg_c_specent_full_change_precond;pupil_asymmetry_full_change_precond;hr_heartrate_bpm_med_abs_full_change_precond;eeg_fm_theta_mean_full_change_precond;eeg_pleft_halpha_mean_full_change_precond;eeg_c_sampent_full_change_precond;eeg_fm_sampent_full_change_precond;gsr_skin_conductance_eda_pkrate_nk_full_change_precond;eeg_pright_beta_mean_full_change_precond"
2025-11-26 18:18:56.868576,12,"stress_label",20,16,0.1,0.506410256410256,0.429487179487179,NA,20,"top20","eeg_tleft_sampent_full_change_precond;eeg_tleft_halpha_mean_full_change_precond;pupil_dilation_sd_full_change_precond;eeg_t_sampent_full_change_precond;eeg_tleft_lalpha_mean_full_change_precond;eeg_tright_halpha_mean_full_change_precond;hrv_rmssd_full_change_precond;eeg_pright_sampent_full_change_precond;gsr_skin_conductance_eda_tonic_mean_nk_full_change_precond;eeg_fl_hbeta_mean_full_change_precond;eeg_pleft_lbeta_mean_full_change_precond;eeg_c_specent_full_change_precond;pupil_asymmetry_full_change_precond;hr_heartrate_bpm_med_abs_full_change_precond;eeg_fm_theta_mean_full_change_precond;eeg_pleft_halpha_mean_full_change_precond;eeg_c_sampent_full_change_precond;eeg_fm_sampent_full_change_precond;gsr_skin_conductance_eda_pkrate_nk_full_change_precond;eeg_pright_beta_mean_full_change_precond"
2025-11-26 18:18:58.038812,12,"stress_label",20,32,0.1,0.506410256410256,0.416666666666667,NA,20,"top20","eeg_tleft_sampent_full_change_precond;eeg_tleft_halpha_mean_full_change_precond;pupil_dilation_sd_full_change_precond;eeg_t_sampent_full_change_precond;eeg_tleft_lalpha_mean_full_change_precond;eeg_tright_halpha_mean_full_change_precond;hrv_rmssd_full_change_precond;eeg_pright_sampent_full_change_precond;gsr_skin_conductance_eda_tonic_mean_nk_full_change_precond;eeg_fl_hbeta_mean_full_change_precond;eeg_pleft_lbeta_mean_full_change_precond;eeg_c_specent_full_change_precond;pupil_asymmetry_full_change_precond;hr_heartrate_bpm_med_abs_full_change_precond;eeg_fm_theta_mean_full_change_precond;eeg_pleft_halpha_mean_full_change_precond;eeg_c_sampent_full_change_precond;eeg_fm_sampent_full_change_precond;gsr_skin_conductance_eda_pkrate_nk_full_change_precond;eeg_pright_beta_mean_full_change_precond"
2025-11-26 18:18:59.195201,12,"stress_label",20,64,0.1,0.506410256410256,0.352564102564103,NA,20,"top20","eeg_tleft_sampent_full_change_precond;eeg_tleft_halpha_mean_full_change_precond;pupil_dilation_sd_full_change_precond;eeg_t_sampent_full_change_precond;eeg_tleft_lalpha_mean_full_change_precond;eeg_tright_halpha_mean_full_change_precond;hrv_rmssd_full_change_precond;eeg_pright_sampent_full_change_precond;gsr_skin_conductance_eda_tonic_mean_nk_full_change_precond;eeg_fl_hbeta_mean_full_change_precond;eeg_pleft_lbeta_mean_full_change_precond;eeg_c_specent_full_change_precond;pupil_asymmetry_full_change_precond;hr_heartrate_bpm_med_abs_full_change_precond;eeg_fm_theta_mean_full_change_precond;eeg_pleft_halpha_mean_full_change_precond;eeg_c_sampent_full_change_precond;eeg_fm_sampent_full_change_precond;gsr_skin_conductance_eda_pkrate_nk_full_change_precond;eeg_pright_beta_mean_full_change_precond"
2025-11-26 18:19:00.259492,12,"stress_label",20,128,0.1,0.506410256410256,0.442307692307692,NA,20,"top20","eeg_tleft_sampent_full_change_precond;eeg_tleft_halpha_mean_full_change_precond;pupil_dilation_sd_full_change_precond;eeg_t_sampent_full_change_precond;eeg_tleft_lalpha_mean_full_change_precond;eeg_tright_halpha_mean_full_change_precond;hrv_rmssd_full_change_precond;eeg_pright_sampent_full_change_precond;gsr_skin_conductance_eda_tonic_mean_nk_full_change_precond;eeg_fl_hbeta_mean_full_change_precond;eeg_pleft_lbeta_mean_full_change_precond;eeg_c_specent_full_change_precond;pupil_asymmetry_full_change_precond;hr_heartrate_bpm_med_abs_full_change_precond;eeg_fm_theta_mean_full_change_precond;eeg_pleft_halpha_mean_full_change_precond;eeg_c_sampent_full_change_precond;eeg_fm_sampent_full_change_precond;gsr_skin_conductance_eda_pkrate_nk_full_change_precond;eeg_pright_beta_mean_full_change_precond"
2025-11-26 18:19:01.377195,12,"stress_label",20,256,0.1,0.506410256410256,0.519230769230769,NA,20,"top20","eeg_tleft_sampent_full_change_precond;eeg_tleft_halpha_mean_full_change_precond;pupil_dilation_sd_full_change_precond;eeg_t_sampent_full_change_precond;eeg_tleft_lalpha_mean_full_change_precond;eeg_tright_halpha_mean_full_change_precond;hrv_rmssd_full_change_precond;eeg_pright_sampent_full_change_precond;gsr_skin_conductance_eda_tonic_mean_nk_full_change_precond;eeg_fl_hbeta_mean_full_change_precond;eeg_pleft_lbeta_mean_full_change_precond;eeg_c_specent_full_change_precond;pupil_asymmetry_full_change_precond;hr_heartrate_bpm_med_abs_full_change_precond;eeg_fm_theta_mean_full_change_precond;eeg_pleft_halpha_mean_full_change_precond;eeg_c_sampent_full_change_precond;eeg_fm_sampent_full_change_precond;gsr_skin_conductance_eda_pkrate_nk_full_change_precond;eeg_pright_beta_mean_full_change_precond"
2025-11-26 18:19:02.304112,12,"stress_label",10,2,0.0078125,0.576923076923077,0.596153846153846,0.522222222222222,10,"top10","eeg_tleft_sampent_full_change_precond;eeg_tleft_halpha_mean_full_change_precond;pupil_dilation_sd_full_change_precond;eeg_t_sampent_full_change_precond;eeg_tleft_lalpha_mean_full_change_precond;eeg_tright_halpha_mean_full_change_precond;hrv_rmssd_full_change_precond;eeg_pright_sampent_full_change_precond;gsr_skin_conductance_eda_tonic_mean_nk_full_change_precond;eeg_fl_hbeta_mean_full_change_precond"
2025-11-26 18:19:03.171137,12,"stress_label",10,4,0.0078125,0.58974358974359,0.583333333333333,0.527350427350427,10,"top10","eeg_tleft_sampent_full_change_precond;eeg_tleft_halpha_mean_full_change_precond;pupil_dilation_sd_full_change_precond;eeg_t_sampent_full_change_precond;eeg_tleft_lalpha_mean_full_change_precond;eeg_tright_halpha_mean_full_change_precond;hrv_rmssd_full_change_precond;eeg_pright_sampent_full_change_precond;gsr_skin_conductance_eda_tonic_mean_nk_full_change_precond;eeg_fl_hbeta_mean_full_change_precond"
2025-11-26 18:19:04.014008,12,"stress_label",10,8,0.0078125,0.58974358974359,0.596153846153846,0.547863247863248,10,"top10","eeg_tleft_sampent_full_change_precond;eeg_tleft_halpha_mean_full_change_precond;pupil_dilation_sd_full_change_precond;eeg_t_sampent_full_change_precond;eeg_tleft_lalpha_mean_full_change_precond;eeg_tright_halpha_mean_full_change_precond;hrv_rmssd_full_change_precond;eeg_pright_sampent_full_change_precond;gsr_skin_conductance_eda_tonic_mean_nk_full_change_precond;eeg_fl_hbeta_mean_full_change_precond"
2025-11-26 18:19:04.877229,12,"stress_label",10,16,0.0078125,0.57051282051282,0.602564102564103,0.522222222222222,10,"top10","eeg_tleft_sampent_full_change_precond;eeg_tleft_halpha_mean_full_change_precond;pupil_dilation_sd_full_change_precond;eeg_t_sampent_full_change_precond;eeg_tleft_lalpha_mean_full_change_precond;eeg_tright_halpha_mean_full_change_precond;hrv_rmssd_full_change_precond;eeg_pright_sampent_full_change_precond;gsr_skin_conductance_eda_tonic_mean_nk_full_change_precond;eeg_fl_hbeta_mean_full_change_precond"
2025-11-26 18:19:05.633949,12,"stress_label",10,32,0.0078125,0.538461538461538,0.57051282051282,0.505982905982906,10,"top10","eeg_tleft_sampent_full_change_precond;eeg_tleft_halpha_mean_full_change_precond;pupil_dilation_sd_full_change_precond;eeg_t_sampent_full_change_precond;eeg_tleft_lalpha_mean_full_change_precond;eeg_tright_halpha_mean_full_change_precond;hrv_rmssd_full_change_precond;eeg_pright_sampent_full_change_precond;gsr_skin_conductance_eda_tonic_mean_nk_full_change_precond;eeg_fl_hbeta_mean_full_change_precond"
2025-11-26 18:19:06.532696,12,"stress_label",10,64,0.0078125,0.576923076923077,0.608974358974359,0.554700854700855,10,"top10","eeg_tleft_sampent_full_change_precond;eeg_tleft_halpha_mean_full_change_precond;pupil_dilation_sd_full_change_precond;eeg_t_sampent_full_change_precond;eeg_tleft_lalpha_mean_full_change_precond;eeg_tright_halpha_mean_full_change_precond;hrv_rmssd_full_change_precond;eeg_pright_sampent_full_change_precond;gsr_skin_conductance_eda_tonic_mean_nk_full_change_precond;eeg_fl_hbeta_mean_full_change_precond"
2025-11-26 18:19:07.490787,12,"stress_label",10,128,0.0078125,0.525641025641026,0.557692307692308,NA,10,"top10","eeg_tleft_sampent_full_change_precond;eeg_tleft_halpha_mean_full_change_precond;pupil_dilation_sd_full_change_precond;eeg_t_sampent_full_change_precond;eeg_tleft_lalpha_mean_full_change_precond;eeg_tright_halpha_mean_full_change_precond;hrv_rmssd_full_change_precond;eeg_pright_sampent_full_change_precond;gsr_skin_conductance_eda_tonic_mean_nk_full_change_precond;eeg_fl_hbeta_mean_full_change_precond"
2025-11-26 18:19:08.581981,12,"stress_label",10,256,0.0078125,0.5,0.41025641025641,0.477777777777778,10,"top10","eeg_tleft_sampent_full_change_precond;eeg_tleft_halpha_mean_full_change_precond;pupil_dilation_sd_full_change_precond;eeg_t_sampent_full_change_precond;eeg_tleft_lalpha_mean_full_change_precond;eeg_tright_halpha_mean_full_change_precond;hrv_rmssd_full_change_precond;eeg_pright_sampent_full_change_precond;gsr_skin_conductance_eda_tonic_mean_nk_full_change_precond;eeg_fl_hbeta_mean_full_change_precond"
2025-11-26 18:19:09.448129,12,"stress_label",10,2,0.015625,0.58974358974359,0.58974358974359,0.527350427350427,10,"top10","eeg_tleft_sampent_full_change_precond;eeg_tleft_halpha_mean_full_change_precond;pupil_dilation_sd_full_change_precond;eeg_t_sampent_full_change_precond;eeg_tleft_lalpha_mean_full_change_precond;eeg_tright_halpha_mean_full_change_precond;hrv_rmssd_full_change_precond;eeg_pright_sampent_full_change_precond;gsr_skin_conductance_eda_tonic_mean_nk_full_change_precond;eeg_fl_hbeta_mean_full_change_precond"
2025-11-26 18:19:10.320569,12,"stress_label",10,4,0.015625,0.57051282051282,0.615384615384615,0.522222222222222,10,"top10","eeg_tleft_sampent_full_change_precond;eeg_tleft_halpha_mean_full_change_precond;pupil_dilation_sd_full_change_precond;eeg_t_sampent_full_change_precond;eeg_tleft_lalpha_mean_full_change_precond;eeg_tright_halpha_mean_full_change_precond;hrv_rmssd_full_change_precond;eeg_pright_sampent_full_change_precond;gsr_skin_conductance_eda_tonic_mean_nk_full_change_precond;eeg_fl_hbeta_mean_full_change_precond"
2025-11-26 18:19:11.166281,12,"stress_label",10,8,0.015625,0.557692307692308,0.583333333333333,0.514529914529914,10,"top10","eeg_tleft_sampent_full_change_precond;eeg_tleft_halpha_mean_full_change_precond;pupil_dilation_sd_full_change_precond;eeg_t_sampent_full_change_precond;eeg_tleft_lalpha_mean_full_change_precond;eeg_tright_halpha_mean_full_change_precond;hrv_rmssd_full_change_precond;eeg_pright_sampent_full_change_precond;gsr_skin_conductance_eda_tonic_mean_nk_full_change_precond;eeg_fl_hbeta_mean_full_change_precond"
2025-11-26 18:19:12.048906,12,"stress_label",10,16,0.015625,0.583333333333333,0.608974358974359,0.55982905982906,10,"top10","eeg_tleft_sampent_full_change_precond;eeg_tleft_halpha_mean_full_change_precond;pupil_dilation_sd_full_change_precond;eeg_t_sampent_full_change_precond;eeg_tleft_lalpha_mean_full_change_precond;eeg_tright_halpha_mean_full_change_precond;hrv_rmssd_full_change_precond;eeg_pright_sampent_full_change_precond;gsr_skin_conductance_eda_tonic_mean_nk_full_change_precond;eeg_fl_hbeta_mean_full_change_precond"
2025-11-26 18:19:12.946375,12,"stress_label",10,32,0.015625,0.532051282051282,0.538461538461538,NA,10,"top10","eeg_tleft_sampent_full_change_precond;eeg_tleft_halpha_mean_full_change_precond;pupil_dilation_sd_full_change_precond;eeg_t_sampent_full_change_precond;eeg_tleft_lalpha_mean_full_change_precond;eeg_tright_halpha_mean_full_change_precond;hrv_rmssd_full_change_precond;eeg_pright_sampent_full_change_precond;gsr_skin_conductance_eda_tonic_mean_nk_full_change_precond;eeg_fl_hbeta_mean_full_change_precond"
2025-11-26 18:19:13.878169,12,"stress_label",10,64,0.015625,0.487179487179487,0.487179487179487,0.469230769230769,10,"top10","eeg_tleft_sampent_full_change_precond;eeg_tleft_halpha_mean_full_change_precond;pupil_dilation_sd_full_change_precond;eeg_t_sampent_full_change_precond;eeg_tleft_lalpha_mean_full_change_precond;eeg_tright_halpha_mean_full_change_precond;hrv_rmssd_full_change_precond;eeg_pright_sampent_full_change_precond;gsr_skin_conductance_eda_tonic_mean_nk_full_change_precond;eeg_fl_hbeta_mean_full_change_precond"
2025-11-26 18:19:14.963548,12,"stress_label",10,128,0.015625,0.474358974358974,0.442307692307692,0.471794871794872,10,"top10","eeg_tleft_sampent_full_change_precond;eeg_tleft_halpha_mean_full_change_precond;pupil_dilation_sd_full_change_precond;eeg_t_sampent_full_change_precond;eeg_tleft_lalpha_mean_full_change_precond;eeg_tright_halpha_mean_full_change_precond;hrv_rmssd_full_change_precond;eeg_pright_sampent_full_change_precond;gsr_skin_conductance_eda_tonic_mean_nk_full_change_precond;eeg_fl_hbeta_mean_full_change_precond"
2025-11-26 18:19:16.264973,12,"stress_label",10,256,0.015625,0.442307692307692,0.442307692307692,0.428205128205128,10,"top10","eeg_tleft_sampent_full_change_precond;eeg_tleft_halpha_mean_full_change_precond;pupil_dilation_sd_full_change_precond;eeg_t_sampent_full_change_precond;eeg_tleft_lalpha_mean_full_change_precond;eeg_tright_halpha_mean_full_change_precond;hrv_rmssd_full_change_precond;eeg_pright_sampent_full_change_precond;gsr_skin_conductance_eda_tonic_mean_nk_full_change_precond;eeg_fl_hbeta_mean_full_change_precond"
2025-11-26 18:19:17.105982,12,"stress_label",10,2,0.03125,0.57051282051282,0.602564102564103,0.530769230769231,10,"top10","eeg_tleft_sampent_full_change_precond;eeg_tleft_halpha_mean_full_change_precond;pupil_dilation_sd_full_change_precond;eeg_t_sampent_full_change_precond;eeg_tleft_lalpha_mean_full_change_precond;eeg_tright_halpha_mean_full_change_precond;hrv_rmssd_full_change_precond;eeg_pright_sampent_full_change_precond;gsr_skin_conductance_eda_tonic_mean_nk_full_change_precond;eeg_fl_hbeta_mean_full_change_precond"
2025-11-26 18:19:17.949932,12,"stress_label",10,4,0.03125,0.57051282051282,0.583333333333333,0.543589743589744,10,"top10","eeg_tleft_sampent_full_change_precond;eeg_tleft_halpha_mean_full_change_precond;pupil_dilation_sd_full_change_precond;eeg_t_sampent_full_change_precond;eeg_tleft_lalpha_mean_full_change_precond;eeg_tright_halpha_mean_full_change_precond;hrv_rmssd_full_change_precond;eeg_pright_sampent_full_change_precond;gsr_skin_conductance_eda_tonic_mean_nk_full_change_precond;eeg_fl_hbeta_mean_full_change_precond"
2025-11-26 18:19:18.757908,12,"stress_label",10,8,0.03125,0.551282051282051,0.583333333333333,NA,10,"top10","eeg_tleft_sampent_full_change_precond;eeg_tleft_halpha_mean_full_change_precond;pupil_dilation_sd_full_change_precond;eeg_t_sampent_full_change_precond;eeg_tleft_lalpha_mean_full_change_precond;eeg_tright_halpha_mean_full_change_precond;hrv_rmssd_full_change_precond;eeg_pright_sampent_full_change_precond;gsr_skin_conductance_eda_tonic_mean_nk_full_change_precond;eeg_fl_hbeta_mean_full_change_precond"
2025-11-26 18:19:19.666683,12,"stress_label",10,16,0.03125,0.506410256410256,0.461538461538462,0.493162393162393,10,"top10","eeg_tleft_sampent_full_change_precond;eeg_tleft_halpha_mean_full_change_precond;pupil_dilation_sd_full_change_precond;eeg_t_sampent_full_change_precond;eeg_tleft_lalpha_mean_full_change_precond;eeg_tright_halpha_mean_full_change_precond;hrv_rmssd_full_change_precond;eeg_pright_sampent_full_change_precond;gsr_skin_conductance_eda_tonic_mean_nk_full_change_precond;eeg_fl_hbeta_mean_full_change_precond"
2025-11-26 18:19:20.620483,12,"stress_label",10,32,0.03125,0.455128205128205,0.435897435897436,0.442735042735043,10,"top10","eeg_tleft_sampent_full_change_precond;eeg_tleft_halpha_mean_full_change_precond;pupil_dilation_sd_full_change_precond;eeg_t_sampent_full_change_precond;eeg_tleft_lalpha_mean_full_change_precond;eeg_tright_halpha_mean_full_change_precond;hrv_rmssd_full_change_precond;eeg_pright_sampent_full_change_precond;gsr_skin_conductance_eda_tonic_mean_nk_full_change_precond;eeg_fl_hbeta_mean_full_change_precond"
2025-11-26 18:19:21.726758,12,"stress_label",10,64,0.03125,0.480769230769231,0.448717948717949,NA,10,"top10","eeg_tleft_sampent_full_change_precond;eeg_tleft_halpha_mean_full_change_precond;pupil_dilation_sd_full_change_precond;eeg_t_sampent_full_change_precond;eeg_tleft_lalpha_mean_full_change_precond;eeg_tright_halpha_mean_full_change_precond;hrv_rmssd_full_change_precond;eeg_pright_sampent_full_change_precond;gsr_skin_conductance_eda_tonic_mean_nk_full_change_precond;eeg_fl_hbeta_mean_full_change_precond"
2025-11-26 18:19:23.004211,12,"stress_label",10,128,0.03125,0.480769230769231,0.423076923076923,NA,10,"top10","eeg_tleft_sampent_full_change_precond;eeg_tleft_halpha_mean_full_change_precond;pupil_dilation_sd_full_change_precond;eeg_t_sampent_full_change_precond;eeg_tleft_lalpha_mean_full_change_precond;eeg_tright_halpha_mean_full_change_precond;hrv_rmssd_full_change_precond;eeg_pright_sampent_full_change_precond;gsr_skin_conductance_eda_tonic_mean_nk_full_change_precond;eeg_fl_hbeta_mean_full_change_precond"
2025-11-26 18:19:24.493305,12,"stress_label",10,256,0.03125,0.487179487179487,0.423076923076923,NA,10,"top10","eeg_tleft_sampent_full_change_precond;eeg_tleft_halpha_mean_full_change_precond;pupil_dilation_sd_full_change_precond;eeg_t_sampent_full_change_precond;eeg_tleft_lalpha_mean_full_change_precond;eeg_tright_halpha_mean_full_change_precond;hrv_rmssd_full_change_precond;eeg_pright_sampent_full_change_precond;gsr_skin_conductance_eda_tonic_mean_nk_full_change_precond;eeg_fl_hbeta_mean_full_change_precond"
2025-11-26 18:19:25.371274,12,"stress_label",10,2,0.0625,0.57051282051282,0.602564102564103,0.548717948717949,10,"top10","eeg_tleft_sampent_full_change_precond;eeg_tleft_halpha_mean_full_change_precond;pupil_dilation_sd_full_change_precond;eeg_t_sampent_full_change_precond;eeg_tleft_lalpha_mean_full_change_precond;eeg_tright_halpha_mean_full_change_precond;hrv_rmssd_full_change_precond;eeg_pright_sampent_full_change_precond;gsr_skin_conductance_eda_tonic_mean_nk_full_change_precond;eeg_fl_hbeta_mean_full_change_precond"
2025-11-26 18:19:26.188375,12,"stress_label",10,4,0.0625,0.506410256410256,0.519230769230769,NA,10,"top10","eeg_tleft_sampent_full_change_precond;eeg_tleft_halpha_mean_full_change_precond;pupil_dilation_sd_full_change_precond;eeg_t_sampent_full_change_precond;eeg_tleft_lalpha_mean_full_change_precond;eeg_tright_halpha_mean_full_change_precond;hrv_rmssd_full_change_precond;eeg_pright_sampent_full_change_precond;gsr_skin_conductance_eda_tonic_mean_nk_full_change_precond;eeg_fl_hbeta_mean_full_change_precond"
2025-11-26 18:19:26.947162,12,"stress_label",10,8,0.0625,0.480769230769231,0.480769230769231,0.470940170940171,10,"top10","eeg_tleft_sampent_full_change_precond;eeg_tleft_halpha_mean_full_change_precond;pupil_dilation_sd_full_change_precond;eeg_t_sampent_full_change_precond;eeg_tleft_lalpha_mean_full_change_precond;eeg_tright_halpha_mean_full_change_precond;hrv_rmssd_full_change_precond;eeg_pright_sampent_full_change_precond;gsr_skin_conductance_eda_tonic_mean_nk_full_change_precond;eeg_fl_hbeta_mean_full_change_precond"
2025-11-26 18:19:27.899561,12,"stress_label",10,16,0.0625,0.519230769230769,0.371794871794872,NA,10,"top10","eeg_tleft_sampent_full_change_precond;eeg_tleft_halpha_mean_full_change_precond;pupil_dilation_sd_full_change_precond;eeg_t_sampent_full_change_precond;eeg_tleft_lalpha_mean_full_change_precond;eeg_tright_halpha_mean_full_change_precond;hrv_rmssd_full_change_precond;eeg_pright_sampent_full_change_precond;gsr_skin_conductance_eda_tonic_mean_nk_full_change_precond;eeg_fl_hbeta_mean_full_change_precond"
2025-11-26 18:19:28.80597,12,"stress_label",10,32,0.0625,0.474358974358974,0.487179487179487,NA,10,"top10","eeg_tleft_sampent_full_change_precond;eeg_tleft_halpha_mean_full_change_precond;pupil_dilation_sd_full_change_precond;eeg_t_sampent_full_change_precond;eeg_tleft_lalpha_mean_full_change_precond;eeg_tright_halpha_mean_full_change_precond;hrv_rmssd_full_change_precond;eeg_pright_sampent_full_change_precond;gsr_skin_conductance_eda_tonic_mean_nk_full_change_precond;eeg_fl_hbeta_mean_full_change_precond"
2025-11-26 18:19:29.803512,12,"stress_label",10,64,0.0625,0.480769230769231,0.429487179487179,NA,10,"top10","eeg_tleft_sampent_full_change_precond;eeg_tleft_halpha_mean_full_change_precond;pupil_dilation_sd_full_change_precond;eeg_t_sampent_full_change_precond;eeg_tleft_lalpha_mean_full_change_precond;eeg_tright_halpha_mean_full_change_precond;hrv_rmssd_full_change_precond;eeg_pright_sampent_full_change_precond;gsr_skin_conductance_eda_tonic_mean_nk_full_change_precond;eeg_fl_hbeta_mean_full_change_precond"
2025-11-26 18:19:31.042324,12,"stress_label",10,128,0.0625,0.487179487179487,0.416666666666667,NA,10,"top10","eeg_tleft_sampent_full_change_precond;eeg_tleft_halpha_mean_full_change_precond;pupil_dilation_sd_full_change_precond;eeg_t_sampent_full_change_precond;eeg_tleft_lalpha_mean_full_change_precond;eeg_tright_halpha_mean_full_change_precond;hrv_rmssd_full_change_precond;eeg_pright_sampent_full_change_precond;gsr_skin_conductance_eda_tonic_mean_nk_full_change_precond;eeg_fl_hbeta_mean_full_change_precond"
2025-11-26 18:19:32.2486,12,"stress_label",10,256,0.0625,0.512820512820513,0.493589743589744,NA,10,"top10","eeg_tleft_sampent_full_change_precond;eeg_tleft_halpha_mean_full_change_precond;pupil_dilation_sd_full_change_precond;eeg_t_sampent_full_change_precond;eeg_tleft_lalpha_mean_full_change_precond;eeg_tright_halpha_mean_full_change_precond;hrv_rmssd_full_change_precond;eeg_pright_sampent_full_change_precond;gsr_skin_conductance_eda_tonic_mean_nk_full_change_precond;eeg_fl_hbeta_mean_full_change_precond"
2025-11-26 18:19:33.152554,12,"stress_label",10,2,0.125,0.519230769230769,0.519230769230769,NA,10,"top10","eeg_tleft_sampent_full_change_precond;eeg_tleft_halpha_mean_full_change_precond;pupil_dilation_sd_full_change_precond;eeg_t_sampent_full_change_precond;eeg_tleft_lalpha_mean_full_change_precond;eeg_tright_halpha_mean_full_change_precond;hrv_rmssd_full_change_precond;eeg_pright_sampent_full_change_precond;gsr_skin_conductance_eda_tonic_mean_nk_full_change_precond;eeg_fl_hbeta_mean_full_change_precond"
2025-11-26 18:19:34.09073,12,"stress_label",10,4,0.125,0.512820512820513,0.391025641025641,NA,10,"top10","eeg_tleft_sampent_full_change_precond;eeg_tleft_halpha_mean_full_change_precond;pupil_dilation_sd_full_change_precond;eeg_t_sampent_full_change_precond;eeg_tleft_lalpha_mean_full_change_precond;eeg_tright_halpha_mean_full_change_precond;hrv_rmssd_full_change_precond;eeg_pright_sampent_full_change_precond;gsr_skin_conductance_eda_tonic_mean_nk_full_change_precond;eeg_fl_hbeta_mean_full_change_precond"
2025-11-26 18:19:35.02809,12,"stress_label",10,8,0.125,0.474358974358974,0.455128205128205,NA,10,"top10","eeg_tleft_sampent_full_change_precond;eeg_tleft_halpha_mean_full_change_precond;pupil_dilation_sd_full_change_precond;eeg_t_sampent_full_change_precond;eeg_tleft_lalpha_mean_full_change_precond;eeg_tright_halpha_mean_full_change_precond;hrv_rmssd_full_change_precond;eeg_pright_sampent_full_change_precond;gsr_skin_conductance_eda_tonic_mean_nk_full_change_precond;eeg_fl_hbeta_mean_full_change_precond"
2025-11-26 18:19:36.08813,12,"stress_label",10,16,0.125,0.480769230769231,0.365384615384615,NA,10,"top10","eeg_tleft_sampent_full_change_precond;eeg_tleft_halpha_mean_full_change_precond;pupil_dilation_sd_full_change_precond;eeg_t_sampent_full_change_precond;eeg_tleft_lalpha_mean_full_change_precond;eeg_tright_halpha_mean_full_change_precond;hrv_rmssd_full_change_precond;eeg_pright_sampent_full_change_precond;gsr_skin_conductance_eda_tonic_mean_nk_full_change_precond;eeg_fl_hbeta_mean_full_change_precond"
2025-11-26 18:19:37.139766,12,"stress_label",10,32,0.125,0.506410256410256,0.403846153846154,NA,10,"top10","eeg_tleft_sampent_full_change_precond;eeg_tleft_halpha_mean_full_change_precond;pupil_dilation_sd_full_change_precond;eeg_t_sampent_full_change_precond;eeg_tleft_lalpha_mean_full_change_precond;eeg_tright_halpha_mean_full_change_precond;hrv_rmssd_full_change_precond;eeg_pright_sampent_full_change_precond;gsr_skin_conductance_eda_tonic_mean_nk_full_change_precond;eeg_fl_hbeta_mean_full_change_precond"
2025-11-26 18:19:38.204033,12,"stress_label",10,64,0.125,0.506410256410256,0.423076923076923,NA,10,"top10","eeg_tleft_sampent_full_change_precond;eeg_tleft_halpha_mean_full_change_precond;pupil_dilation_sd_full_change_precond;eeg_t_sampent_full_change_precond;eeg_tleft_lalpha_mean_full_change_precond;eeg_tright_halpha_mean_full_change_precond;hrv_rmssd_full_change_precond;eeg_pright_sampent_full_change_precond;gsr_skin_conductance_eda_tonic_mean_nk_full_change_precond;eeg_fl_hbeta_mean_full_change_precond"
2025-11-26 18:19:38.985525,12,"stress_label",10,128,0.125,0.506410256410256,0.5,NA,10,"top10","eeg_tleft_sampent_full_change_precond;eeg_tleft_halpha_mean_full_change_precond;pupil_dilation_sd_full_change_precond;eeg_t_sampent_full_change_precond;eeg_tleft_lalpha_mean_full_change_precond;eeg_tright_halpha_mean_full_change_precond;hrv_rmssd_full_change_precond;eeg_pright_sampent_full_change_precond;gsr_skin_conductance_eda_tonic_mean_nk_full_change_precond;eeg_fl_hbeta_mean_full_change_precond"
2025-11-26 18:19:39.911671,12,"stress_label",10,256,0.125,0.506410256410256,0.448717948717949,NA,10,"top10","eeg_tleft_sampent_full_change_precond;eeg_tleft_halpha_mean_full_change_precond;pupil_dilation_sd_full_change_precond;eeg_t_sampent_full_change_precond;eeg_tleft_lalpha_mean_full_change_precond;eeg_tright_halpha_mean_full_change_precond;hrv_rmssd_full_change_precond;eeg_pright_sampent_full_change_precond;gsr_skin_conductance_eda_tonic_mean_nk_full_change_precond;eeg_fl_hbeta_mean_full_change_precond"
2025-11-26 18:19:40.745518,12,"stress_label",10,2,0.03,0.57051282051282,0.608974358974359,0.530769230769231,10,"top10","eeg_tleft_sampent_full_change_precond;eeg_tleft_halpha_mean_full_change_precond;pupil_dilation_sd_full_change_precond;eeg_t_sampent_full_change_precond;eeg_tleft_lalpha_mean_full_change_precond;eeg_tright_halpha_mean_full_change_precond;hrv_rmssd_full_change_precond;eeg_pright_sampent_full_change_precond;gsr_skin_conductance_eda_tonic_mean_nk_full_change_precond;eeg_fl_hbeta_mean_full_change_precond"
2025-11-26 18:19:41.635294,12,"stress_label",10,4,0.03,0.57051282051282,0.583333333333333,0.543589743589744,10,"top10","eeg_tleft_sampent_full_change_precond;eeg_tleft_halpha_mean_full_change_precond;pupil_dilation_sd_full_change_precond;eeg_t_sampent_full_change_precond;eeg_tleft_lalpha_mean_full_change_precond;eeg_tright_halpha_mean_full_change_precond;hrv_rmssd_full_change_precond;eeg_pright_sampent_full_change_precond;gsr_skin_conductance_eda_tonic_mean_nk_full_change_precond;eeg_fl_hbeta_mean_full_change_precond"
2025-11-26 18:19:42.520848,12,"stress_label",10,8,0.03,0.57051282051282,0.551282051282051,NA,10,"top10","eeg_tleft_sampent_full_change_precond;eeg_tleft_halpha_mean_full_change_precond;pupil_dilation_sd_full_change_precond;eeg_t_sampent_full_change_precond;eeg_tleft_lalpha_mean_full_change_precond;eeg_tright_halpha_mean_full_change_precond;hrv_rmssd_full_change_precond;eeg_pright_sampent_full_change_precond;gsr_skin_conductance_eda_tonic_mean_nk_full_change_precond;eeg_fl_hbeta_mean_full_change_precond"
2025-11-26 18:19:43.416146,12,"stress_label",10,16,0.03,0.506410256410256,0.435897435897436,0.485470085470085,10,"top10","eeg_tleft_sampent_full_change_precond;eeg_tleft_halpha_mean_full_change_precond;pupil_dilation_sd_full_change_precond;eeg_t_sampent_full_change_precond;eeg_tleft_lalpha_mean_full_change_precond;eeg_tright_halpha_mean_full_change_precond;hrv_rmssd_full_change_precond;eeg_pright_sampent_full_change_precond;gsr_skin_conductance_eda_tonic_mean_nk_full_change_precond;eeg_fl_hbeta_mean_full_change_precond"
2025-11-26 18:19:44.286405,12,"stress_label",10,32,0.03,0.467948717948718,0.448717948717949,0.45042735042735,10,"top10","eeg_tleft_sampent_full_change_precond;eeg_tleft_halpha_mean_full_change_precond;pupil_dilation_sd_full_change_precond;eeg_t_sampent_full_change_precond;eeg_tleft_lalpha_mean_full_change_precond;eeg_tright_halpha_mean_full_change_precond;hrv_rmssd_full_change_precond;eeg_pright_sampent_full_change_precond;gsr_skin_conductance_eda_tonic_mean_nk_full_change_precond;eeg_fl_hbeta_mean_full_change_precond"
2025-11-26 18:19:45.310447,12,"stress_label",10,64,0.03,0.474358974358974,0.435897435897436,NA,10,"top10","eeg_tleft_sampent_full_change_precond;eeg_tleft_halpha_mean_full_change_precond;pupil_dilation_sd_full_change_precond;eeg_t_sampent_full_change_precond;eeg_tleft_lalpha_mean_full_change_precond;eeg_tright_halpha_mean_full_change_precond;hrv_rmssd_full_change_precond;eeg_pright_sampent_full_change_precond;gsr_skin_conductance_eda_tonic_mean_nk_full_change_precond;eeg_fl_hbeta_mean_full_change_precond"
2025-11-26 18:19:46.751864,12,"stress_label",10,128,0.03,0.474358974358974,0.365384615384615,NA,10,"top10","eeg_tleft_sampent_full_change_precond;eeg_tleft_halpha_mean_full_change_precond;pupil_dilation_sd_full_change_precond;eeg_t_sampent_full_change_precond;eeg_tleft_lalpha_mean_full_change_precond;eeg_tright_halpha_mean_full_change_precond;hrv_rmssd_full_change_precond;eeg_pright_sampent_full_change_precond;gsr_skin_conductance_eda_tonic_mean_nk_full_change_precond;eeg_fl_hbeta_mean_full_change_precond"
2025-11-26 18:19:48.277032,12,"stress_label",10,256,0.03,0.480769230769231,0.448717948717949,NA,10,"top10","eeg_tleft_sampent_full_change_precond;eeg_tleft_halpha_mean_full_change_precond;pupil_dilation_sd_full_change_precond;eeg_t_sampent_full_change_precond;eeg_tleft_lalpha_mean_full_change_precond;eeg_tright_halpha_mean_full_change_precond;hrv_rmssd_full_change_precond;eeg_pright_sampent_full_change_precond;gsr_skin_conductance_eda_tonic_mean_nk_full_change_precond;eeg_fl_hbeta_mean_full_change_precond"
2025-11-26 18:19:49.142893,12,"stress_label",10,2,0.06,0.57051282051282,0.608974358974359,0.548717948717949,10,"top10","eeg_tleft_sampent_full_change_precond;eeg_tleft_halpha_mean_full_change_precond;pupil_dilation_sd_full_change_precond;eeg_t_sampent_full_change_precond;eeg_tleft_lalpha_mean_full_change_precond;eeg_tright_halpha_mean_full_change_precond;hrv_rmssd_full_change_precond;eeg_pright_sampent_full_change_precond;gsr_skin_conductance_eda_tonic_mean_nk_full_change_precond;eeg_fl_hbeta_mean_full_change_precond"
2025-11-26 18:19:50.011496,12,"stress_label",10,4,0.06,0.512820512820513,0.538461538461538,0.488888888888889,10,"top10","eeg_tleft_sampent_full_change_precond;eeg_tleft_halpha_mean_full_change_precond;pupil_dilation_sd_full_change_precond;eeg_t_sampent_full_change_precond;eeg_tleft_lalpha_mean_full_change_precond;eeg_tright_halpha_mean_full_change_precond;hrv_rmssd_full_change_precond;eeg_pright_sampent_full_change_precond;gsr_skin_conductance_eda_tonic_mean_nk_full_change_precond;eeg_fl_hbeta_mean_full_change_precond"
2025-11-26 18:19:50.84931,12,"stress_label",10,8,0.06,0.487179487179487,0.435897435897436,0.473504273504273,10,"top10","eeg_tleft_sampent_full_change_precond;eeg_tleft_halpha_mean_full_change_precond;pupil_dilation_sd_full_change_precond;eeg_t_sampent_full_change_precond;eeg_tleft_lalpha_mean_full_change_precond;eeg_tright_halpha_mean_full_change_precond;hrv_rmssd_full_change_precond;eeg_pright_sampent_full_change_precond;gsr_skin_conductance_eda_tonic_mean_nk_full_change_precond;eeg_fl_hbeta_mean_full_change_precond"
2025-11-26 18:19:51.651381,12,"stress_label",10,16,0.06,0.506410256410256,0.487179487179487,NA,10,"top10","eeg_tleft_sampent_full_change_precond;eeg_tleft_halpha_mean_full_change_precond;pupil_dilation_sd_full_change_precond;eeg_t_sampent_full_change_precond;eeg_tleft_lalpha_mean_full_change_precond;eeg_tright_halpha_mean_full_change_precond;hrv_rmssd_full_change_precond;eeg_pright_sampent_full_change_precond;gsr_skin_conductance_eda_tonic_mean_nk_full_change_precond;eeg_fl_hbeta_mean_full_change_precond"
2025-11-26 18:19:52.700773,12,"stress_label",10,32,0.06,0.474358974358974,0.358974358974359,NA,10,"top10","eeg_tleft_sampent_full_change_precond;eeg_tleft_halpha_mean_full_change_precond;pupil_dilation_sd_full_change_precond;eeg_t_sampent_full_change_precond;eeg_tleft_lalpha_mean_full_change_precond;eeg_tright_halpha_mean_full_change_precond;hrv_rmssd_full_change_precond;eeg_pright_sampent_full_change_precond;gsr_skin_conductance_eda_tonic_mean_nk_full_change_precond;eeg_fl_hbeta_mean_full_change_precond"
2025-11-26 18:19:53.876398,12,"stress_label",10,64,0.06,0.480769230769231,0.397435897435897,NA,10,"top10","eeg_tleft_sampent_full_change_precond;eeg_tleft_halpha_mean_full_change_precond;pupil_dilation_sd_full_change_precond;eeg_t_sampent_full_change_precond;eeg_tleft_lalpha_mean_full_change_precond;eeg_tright_halpha_mean_full_change_precond;hrv_rmssd_full_change_precond;eeg_pright_sampent_full_change_precond;gsr_skin_conductance_eda_tonic_mean_nk_full_change_precond;eeg_fl_hbeta_mean_full_change_precond"
2025-11-26 18:19:55.10896,12,"stress_label",10,128,0.06,0.467948717948718,0.435897435897436,NA,10,"top10","eeg_tleft_sampent_full_change_precond;eeg_tleft_halpha_mean_full_change_precond;pupil_dilation_sd_full_change_precond;eeg_t_sampent_full_change_precond;eeg_tleft_lalpha_mean_full_change_precond;eeg_tright_halpha_mean_full_change_precond;hrv_rmssd_full_change_precond;eeg_pright_sampent_full_change_precond;gsr_skin_conductance_eda_tonic_mean_nk_full_change_precond;eeg_fl_hbeta_mean_full_change_precond"
2025-11-26 18:19:56.404095,12,"stress_label",10,256,0.06,0.512820512820513,0.442307692307692,NA,10,"top10","eeg_tleft_sampent_full_change_precond;eeg_tleft_halpha_mean_full_change_precond;pupil_dilation_sd_full_change_precond;eeg_t_sampent_full_change_precond;eeg_tleft_lalpha_mean_full_change_precond;eeg_tright_halpha_mean_full_change_precond;hrv_rmssd_full_change_precond;eeg_pright_sampent_full_change_precond;gsr_skin_conductance_eda_tonic_mean_nk_full_change_precond;eeg_fl_hbeta_mean_full_change_precond"
2025-11-26 18:19:57.136708,12,"stress_label",10,2,0.1,0.519230769230769,0.544871794871795,0.494017094017094,10,"top10","eeg_tleft_sampent_full_change_precond;eeg_tleft_halpha_mean_full_change_precond;pupil_dilation_sd_full_change_precond;eeg_t_sampent_full_change_precond;eeg_tleft_lalpha_mean_full_change_precond;eeg_tright_halpha_mean_full_change_precond;hrv_rmssd_full_change_precond;eeg_pright_sampent_full_change_precond;gsr_skin_conductance_eda_tonic_mean_nk_full_change_precond;eeg_fl_hbeta_mean_full_change_precond"
2025-11-26 18:19:58.010654,12,"stress_label",10,4,0.1,0.493589743589744,0.442307692307692,NA,10,"top10","eeg_tleft_sampent_full_change_precond;eeg_tleft_halpha_mean_full_change_precond;pupil_dilation_sd_full_change_precond;eeg_t_sampent_full_change_precond;eeg_tleft_lalpha_mean_full_change_precond;eeg_tright_halpha_mean_full_change_precond;hrv_rmssd_full_change_precond;eeg_pright_sampent_full_change_precond;gsr_skin_conductance_eda_tonic_mean_nk_full_change_precond;eeg_fl_hbeta_mean_full_change_precond"
2025-11-26 18:19:58.94059,12,"stress_label",10,8,0.1,0.512820512820513,0.371794871794872,NA,10,"top10","eeg_tleft_sampent_full_change_precond;eeg_tleft_halpha_mean_full_change_precond;pupil_dilation_sd_full_change_precond;eeg_t_sampent_full_change_precond;eeg_tleft_lalpha_mean_full_change_precond;eeg_tright_halpha_mean_full_change_precond;hrv_rmssd_full_change_precond;eeg_pright_sampent_full_change_precond;gsr_skin_conductance_eda_tonic_mean_nk_full_change_precond;eeg_fl_hbeta_mean_full_change_precond"
2025-11-26 18:19:59.947927,12,"stress_label",10,16,0.1,0.467948717948718,0.384615384615385,NA,10,"top10","eeg_tleft_sampent_full_change_precond;eeg_tleft_halpha_mean_full_change_precond;pupil_dilation_sd_full_change_precond;eeg_t_sampent_full_change_precond;eeg_tleft_lalpha_mean_full_change_precond;eeg_tright_halpha_mean_full_change_precond;hrv_rmssd_full_change_precond;eeg_pright_sampent_full_change_precond;gsr_skin_conductance_eda_tonic_mean_nk_full_change_precond;eeg_fl_hbeta_mean_full_change_precond"
2025-11-26 18:20:00.910726,12,"stress_label",10,32,0.1,0.474358974358974,0.5,NA,10,"top10","eeg_tleft_sampent_full_change_precond;eeg_tleft_halpha_mean_full_change_precond;pupil_dilation_sd_full_change_precond;eeg_t_sampent_full_change_precond;eeg_tleft_lalpha_mean_full_change_precond;eeg_tright_halpha_mean_full_change_precond;hrv_rmssd_full_change_precond;eeg_pright_sampent_full_change_precond;gsr_skin_conductance_eda_tonic_mean_nk_full_change_precond;eeg_fl_hbeta_mean_full_change_precond"
2025-11-26 18:20:01.868968,12,"stress_label",10,64,0.1,0.5,0.403846153846154,NA,10,"top10","eeg_tleft_sampent_full_change_precond;eeg_tleft_halpha_mean_full_change_precond;pupil_dilation_sd_full_change_precond;eeg_t_sampent_full_change_precond;eeg_tleft_lalpha_mean_full_change_precond;eeg_tright_halpha_mean_full_change_precond;hrv_rmssd_full_change_precond;eeg_pright_sampent_full_change_precond;gsr_skin_conductance_eda_tonic_mean_nk_full_change_precond;eeg_fl_hbeta_mean_full_change_precond"
2025-11-26 18:20:02.871432,12,"stress_label",10,128,0.1,0.5,0.519230769230769,NA,10,"top10","eeg_tleft_sampent_full_change_precond;eeg_tleft_halpha_mean_full_change_precond;pupil_dilation_sd_full_change_precond;eeg_t_sampent_full_change_precond;eeg_tleft_lalpha_mean_full_change_precond;eeg_tright_halpha_mean_full_change_precond;hrv_rmssd_full_change_precond;eeg_pright_sampent_full_change_precond;gsr_skin_conductance_eda_tonic_mean_nk_full_change_precond;eeg_fl_hbeta_mean_full_change_precond"
2025-11-26 18:20:03.879844,12,"stress_label",10,256,0.1,0.5,0.467948717948718,NA,10,"top10","eeg_tleft_sampent_full_change_precond;eeg_tleft_halpha_mean_full_change_precond;pupil_dilation_sd_full_change_precond;eeg_t_sampent_full_change_precond;eeg_tleft_lalpha_mean_full_change_precond;eeg_tright_halpha_mean_full_change_precond;hrv_rmssd_full_change_precond;eeg_pright_sampent_full_change_precond;gsr_skin_conductance_eda_tonic_mean_nk_full_change_precond;eeg_fl_hbeta_mean_full_change_precond"
2025-11-26 18:20:04.751019,12,"stress_label",5,2,0.0078125,0.58974358974359,0.596153846153846,0.568376068376068,5,"top5","eeg_tleft_sampent_full_change_precond;eeg_tleft_halpha_mean_full_change_precond;pupil_dilation_sd_full_change_precond;eeg_t_sampent_full_change_precond;eeg_tleft_lalpha_mean_full_change_precond"
2025-11-26 18:20:05.535565,12,"stress_label",5,4,0.0078125,0.596153846153846,0.596153846153846,0.572649572649573,5,"top5","eeg_tleft_sampent_full_change_precond;eeg_tleft_halpha_mean_full_change_precond;pupil_dilation_sd_full_change_precond;eeg_t_sampent_full_change_precond;eeg_tleft_lalpha_mean_full_change_precond"
2025-11-26 18:20:06.339804,12,"stress_label",5,8,0.0078125,0.596153846153846,0.615384615384615,0.569230769230769,5,"top5","eeg_tleft_sampent_full_change_precond;eeg_tleft_halpha_mean_full_change_precond;pupil_dilation_sd_full_change_precond;eeg_t_sampent_full_change_precond;eeg_tleft_lalpha_mean_full_change_precond"
2025-11-26 18:20:06.926318,12,"stress_label",5,16,0.0078125,0.596153846153846,0.621794871794872,0.571794871794872,5,"top5","eeg_tleft_sampent_full_change_precond;eeg_tleft_halpha_mean_full_change_precond;pupil_dilation_sd_full_change_precond;eeg_t_sampent_full_change_precond;eeg_tleft_lalpha_mean_full_change_precond"
2025-11-26 18:20:07.620341,12,"stress_label",5,32,0.0078125,0.564102564102564,0.615384615384615,0.525641025641026,5,"top5","eeg_tleft_sampent_full_change_precond;eeg_tleft_halpha_mean_full_change_precond;pupil_dilation_sd_full_change_precond;eeg_t_sampent_full_change_precond;eeg_tleft_lalpha_mean_full_change_precond"
2025-11-26 18:20:08.383713,12,"stress_label",5,64,0.0078125,0.564102564102564,0.602564102564103,0.497435897435897,5,"top5","eeg_tleft_sampent_full_change_precond;eeg_tleft_halpha_mean_full_change_precond;pupil_dilation_sd_full_change_precond;eeg_t_sampent_full_change_precond;eeg_tleft_lalpha_mean_full_change_precond"
2025-11-26 18:20:09.213737,12,"stress_label",5,128,0.0078125,0.557692307692308,0.58974358974359,NA,5,"top5","eeg_tleft_sampent_full_change_precond;eeg_tleft_halpha_mean_full_change_precond;pupil_dilation_sd_full_change_precond;eeg_t_sampent_full_change_precond;eeg_tleft_lalpha_mean_full_change_precond"
2025-11-26 18:20:10.114801,12,"stress_label",5,256,0.0078125,0.583333333333333,0.602564102564103,NA,5,"top5","eeg_tleft_sampent_full_change_precond;eeg_tleft_halpha_mean_full_change_precond;pupil_dilation_sd_full_change_precond;eeg_t_sampent_full_change_precond;eeg_tleft_lalpha_mean_full_change_precond"
2025-11-26 18:20:10.875035,12,"stress_label",5,2,0.015625,0.602564102564103,0.596153846153846,0.576923076923077,5,"top5","eeg_tleft_sampent_full_change_precond;eeg_tleft_halpha_mean_full_change_precond;pupil_dilation_sd_full_change_precond;eeg_t_sampent_full_change_precond;eeg_tleft_lalpha_mean_full_change_precond"
2025-11-26 18:20:11.644266,12,"stress_label",5,4,0.015625,0.608974358974359,0.615384615384615,0.582051282051282,5,"top5","eeg_tleft_sampent_full_change_precond;eeg_tleft_halpha_mean_full_change_precond;pupil_dilation_sd_full_change_precond;eeg_t_sampent_full_change_precond;eeg_tleft_lalpha_mean_full_change_precond"
2025-11-26 18:20:12.421759,12,"stress_label",5,8,0.015625,0.583333333333333,0.608974358974359,0.547008547008547,5,"top5","eeg_tleft_sampent_full_change_precond;eeg_tleft_halpha_mean_full_change_precond;pupil_dilation_sd_full_change_precond;eeg_t_sampent_full_change_precond;eeg_tleft_lalpha_mean_full_change_precond"
2025-11-26 18:20:13.160599,12,"stress_label",5,16,0.015625,0.564102564102564,0.58974358974359,0.497435897435897,5,"top5","eeg_tleft_sampent_full_change_precond;eeg_tleft_halpha_mean_full_change_precond;pupil_dilation_sd_full_change_precond;eeg_t_sampent_full_change_precond;eeg_tleft_lalpha_mean_full_change_precond"
2025-11-26 18:20:13.948484,12,"stress_label",5,32,0.015625,0.551282051282051,0.58974358974359,NA,5,"top5","eeg_tleft_sampent_full_change_precond;eeg_tleft_halpha_mean_full_change_precond;pupil_dilation_sd_full_change_precond;eeg_t_sampent_full_change_precond;eeg_tleft_lalpha_mean_full_change_precond"
2025-11-26 18:20:14.80251,12,"stress_label",5,64,0.015625,0.583333333333333,0.615384615384615,NA,5,"top5","eeg_tleft_sampent_full_change_precond;eeg_tleft_halpha_mean_full_change_precond;pupil_dilation_sd_full_change_precond;eeg_t_sampent_full_change_precond;eeg_tleft_lalpha_mean_full_change_precond"
2025-11-26 18:20:15.673638,12,"stress_label",5,128,0.015625,0.58974358974359,0.58974358974359,NA,5,"top5","eeg_tleft_sampent_full_change_precond;eeg_tleft_halpha_mean_full_change_precond;pupil_dilation_sd_full_change_precond;eeg_t_sampent_full_change_precond;eeg_tleft_lalpha_mean_full_change_precond"
2025-11-26 18:20:16.646547,12,"stress_label",5,256,0.015625,0.58974358974359,0.467948717948718,NA,5,"top5","eeg_tleft_sampent_full_change_precond;eeg_tleft_halpha_mean_full_change_precond;pupil_dilation_sd_full_change_precond;eeg_t_sampent_full_change_precond;eeg_tleft_lalpha_mean_full_change_precond"
2025-11-26 18:20:17.416528,12,"stress_label",5,2,0.03125,0.58974358974359,0.621794871794872,0.535042735042735,5,"top5","eeg_tleft_sampent_full_change_precond;eeg_tleft_halpha_mean_full_change_precond;pupil_dilation_sd_full_change_precond;eeg_t_sampent_full_change_precond;eeg_tleft_lalpha_mean_full_change_precond"
2025-11-26 18:20:18.187767,12,"stress_label",5,4,0.03125,0.583333333333333,0.602564102564103,0.518803418803419,5,"top5","eeg_tleft_sampent_full_change_precond;eeg_tleft_halpha_mean_full_change_precond;pupil_dilation_sd_full_change_precond;eeg_t_sampent_full_change_precond;eeg_tleft_lalpha_mean_full_change_precond"
2025-11-26 18:20:18.9848,12,"stress_label",5,8,0.03125,0.576923076923077,0.596153846153846,NA,5,"top5","eeg_tleft_sampent_full_change_precond;eeg_tleft_halpha_mean_full_change_precond;pupil_dilation_sd_full_change_precond;eeg_t_sampent_full_change_precond;eeg_tleft_lalpha_mean_full_change_precond"
2025-11-26 18:20:19.796862,12,"stress_label",5,16,0.03125,0.564102564102564,0.58974358974359,NA,5,"top5","eeg_tleft_sampent_full_change_precond;eeg_tleft_halpha_mean_full_change_precond;pupil_dilation_sd_full_change_precond;eeg_t_sampent_full_change_precond;eeg_tleft_lalpha_mean_full_change_precond"
2025-11-26 18:20:20.636283,12,"stress_label",5,32,0.03125,0.564102564102564,0.583333333333333,NA,5,"top5","eeg_tleft_sampent_full_change_precond;eeg_tleft_halpha_mean_full_change_precond;pupil_dilation_sd_full_change_precond;eeg_t_sampent_full_change_precond;eeg_tleft_lalpha_mean_full_change_precond"
2025-11-26 18:20:21.510642,12,"stress_label",5,64,0.03125,0.576923076923077,0.525641025641026,NA,5,"top5","eeg_tleft_sampent_full_change_precond;eeg_tleft_halpha_mean_full_change_precond;pupil_dilation_sd_full_change_precond;eeg_t_sampent_full_change_precond;eeg_tleft_lalpha_mean_full_change_precond"
2025-11-26 18:20:22.467323,12,"stress_label",5,128,0.03125,0.583333333333333,0.455128205128205,NA,5,"top5","eeg_tleft_sampent_full_change_precond;eeg_tleft_halpha_mean_full_change_precond;pupil_dilation_sd_full_change_precond;eeg_t_sampent_full_change_precond;eeg_tleft_lalpha_mean_full_change_precond"
2025-11-26 18:20:23.518125,12,"stress_label",5,256,0.03125,0.519230769230769,0.416666666666667,NA,5,"top5","eeg_tleft_sampent_full_change_precond;eeg_tleft_halpha_mean_full_change_precond;pupil_dilation_sd_full_change_precond;eeg_t_sampent_full_change_precond;eeg_tleft_lalpha_mean_full_change_precond"
2025-11-26 18:20:24.308303,12,"stress_label",5,2,0.0625,0.596153846153846,0.615384615384615,NA,5,"top5","eeg_tleft_sampent_full_change_precond;eeg_tleft_halpha_mean_full_change_precond;pupil_dilation_sd_full_change_precond;eeg_t_sampent_full_change_precond;eeg_tleft_lalpha_mean_full_change_precond"
2025-11-26 18:20:25.109518,12,"stress_label",5,4,0.0625,0.57051282051282,0.621794871794872,NA,5,"top5","eeg_tleft_sampent_full_change_precond;eeg_tleft_halpha_mean_full_change_precond;pupil_dilation_sd_full_change_precond;eeg_t_sampent_full_change_precond;eeg_tleft_lalpha_mean_full_change_precond"
2025-11-26 18:20:25.938508,12,"stress_label",5,8,0.0625,0.557692307692308,0.608974358974359,NA,5,"top5","eeg_tleft_sampent_full_change_precond;eeg_tleft_halpha_mean_full_change_precond;pupil_dilation_sd_full_change_precond;eeg_t_sampent_full_change_precond;eeg_tleft_lalpha_mean_full_change_precond"
2025-11-26 18:20:26.743947,12,"stress_label",5,16,0.0625,0.551282051282051,0.544871794871795,NA,5,"top5","eeg_tleft_sampent_full_change_precond;eeg_tleft_halpha_mean_full_change_precond;pupil_dilation_sd_full_change_precond;eeg_t_sampent_full_change_precond;eeg_tleft_lalpha_mean_full_change_precond"
2025-11-26 18:20:27.563643,12,"stress_label",5,32,0.0625,0.551282051282051,0.448717948717949,NA,5,"top5","eeg_tleft_sampent_full_change_precond;eeg_tleft_halpha_mean_full_change_precond;pupil_dilation_sd_full_change_precond;eeg_t_sampent_full_change_precond;eeg_tleft_lalpha_mean_full_change_precond"
2025-11-26 18:20:28.396064,12,"stress_label",5,64,0.0625,0.512820512820513,0.371794871794872,NA,5,"top5","eeg_tleft_sampent_full_change_precond;eeg_tleft_halpha_mean_full_change_precond;pupil_dilation_sd_full_change_precond;eeg_t_sampent_full_change_precond;eeg_tleft_lalpha_mean_full_change_precond"
2025-11-26 18:20:29.467383,12,"stress_label",5,128,0.0625,0.512820512820513,0.371794871794872,NA,5,"top5","eeg_tleft_sampent_full_change_precond;eeg_tleft_halpha_mean_full_change_precond;pupil_dilation_sd_full_change_precond;eeg_t_sampent_full_change_precond;eeg_tleft_lalpha_mean_full_change_precond"
2025-11-26 18:20:30.808527,12,"stress_label",5,256,0.0625,0.583333333333333,0.532051282051282,NA,5,"top5","eeg_tleft_sampent_full_change_precond;eeg_tleft_halpha_mean_full_change_precond;pupil_dilation_sd_full_change_precond;eeg_t_sampent_full_change_precond;eeg_tleft_lalpha_mean_full_change_precond"
2025-11-26 18:20:31.490601,12,"stress_label",5,2,0.125,0.583333333333333,0.608974358974359,NA,5,"top5","eeg_tleft_sampent_full_change_precond;eeg_tleft_halpha_mean_full_change_precond;pupil_dilation_sd_full_change_precond;eeg_t_sampent_full_change_precond;eeg_tleft_lalpha_mean_full_change_precond"
2025-11-26 18:20:32.160479,12,"stress_label",5,4,0.125,0.551282051282051,0.583333333333333,NA,5,"top5","eeg_tleft_sampent_full_change_precond;eeg_tleft_halpha_mean_full_change_precond;pupil_dilation_sd_full_change_precond;eeg_t_sampent_full_change_precond;eeg_tleft_lalpha_mean_full_change_precond"
2025-11-26 18:20:32.94978,12,"stress_label",5,8,0.125,0.557692307692308,0.448717948717949,NA,5,"top5","eeg_tleft_sampent_full_change_precond;eeg_tleft_halpha_mean_full_change_precond;pupil_dilation_sd_full_change_precond;eeg_t_sampent_full_change_precond;eeg_tleft_lalpha_mean_full_change_precond"
2025-11-26 18:20:33.790447,12,"stress_label",5,16,0.125,0.5,0.435897435897436,0.453846153846154,5,"top5","eeg_tleft_sampent_full_change_precond;eeg_tleft_halpha_mean_full_change_precond;pupil_dilation_sd_full_change_precond;eeg_t_sampent_full_change_precond;eeg_tleft_lalpha_mean_full_change_precond"
2025-11-26 18:20:34.693478,12,"stress_label",5,32,0.125,0.538461538461538,0.403846153846154,0.504273504273504,5,"top5","eeg_tleft_sampent_full_change_precond;eeg_tleft_halpha_mean_full_change_precond;pupil_dilation_sd_full_change_precond;eeg_t_sampent_full_change_precond;eeg_tleft_lalpha_mean_full_change_precond"
2025-11-26 18:20:35.644066,12,"stress_label",5,64,0.125,0.551282051282051,0.474358974358974,NA,5,"top5","eeg_tleft_sampent_full_change_precond;eeg_tleft_halpha_mean_full_change_precond;pupil_dilation_sd_full_change_precond;eeg_t_sampent_full_change_precond;eeg_tleft_lalpha_mean_full_change_precond"
2025-11-26 18:20:36.733092,12,"stress_label",5,128,0.125,0.57051282051282,0.448717948717949,NA,5,"top5","eeg_tleft_sampent_full_change_precond;eeg_tleft_halpha_mean_full_change_precond;pupil_dilation_sd_full_change_precond;eeg_t_sampent_full_change_precond;eeg_tleft_lalpha_mean_full_change_precond"
2025-11-26 18:20:38.24976,12,"stress_label",5,256,0.125,0.532051282051282,0.467948717948718,NA,5,"top5","eeg_tleft_sampent_full_change_precond;eeg_tleft_halpha_mean_full_change_precond;pupil_dilation_sd_full_change_precond;eeg_t_sampent_full_change_precond;eeg_tleft_lalpha_mean_full_change_precond"
2025-11-26 18:20:39.024263,12,"stress_label",5,2,0.03,0.58974358974359,0.608974358974359,0.535042735042735,5,"top5","eeg_tleft_sampent_full_change_precond;eeg_tleft_halpha_mean_full_change_precond;pupil_dilation_sd_full_change_precond;eeg_t_sampent_full_change_precond;eeg_tleft_lalpha_mean_full_change_precond"
2025-11-26 18:20:39.795721,12,"stress_label",5,4,0.03,0.576923076923077,0.608974358974359,0.518803418803419,5,"top5","eeg_tleft_sampent_full_change_precond;eeg_tleft_halpha_mean_full_change_precond;pupil_dilation_sd_full_change_precond;eeg_t_sampent_full_change_precond;eeg_tleft_lalpha_mean_full_change_precond"
2025-11-26 18:20:40.559682,12,"stress_label",5,8,0.03,0.576923076923077,0.58974358974359,NA,5,"top5","eeg_tleft_sampent_full_change_precond;eeg_tleft_halpha_mean_full_change_precond;pupil_dilation_sd_full_change_precond;eeg_t_sampent_full_change_precond;eeg_tleft_lalpha_mean_full_change_precond"
2025-11-26 18:20:41.262973,12,"stress_label",5,16,0.03,0.564102564102564,0.58974358974359,NA,5,"top5","eeg_tleft_sampent_full_change_precond;eeg_tleft_halpha_mean_full_change_precond;pupil_dilation_sd_full_change_precond;eeg_t_sampent_full_change_precond;eeg_tleft_lalpha_mean_full_change_precond"
2025-11-26 18:20:42.004127,12,"stress_label",5,32,0.03,0.57051282051282,0.596153846153846,NA,5,"top5","eeg_tleft_sampent_full_change_precond;eeg_tleft_halpha_mean_full_change_precond;pupil_dilation_sd_full_change_precond;eeg_t_sampent_full_change_precond;eeg_tleft_lalpha_mean_full_change_precond"
2025-11-26 18:20:42.840606,12,"stress_label",5,64,0.03,0.576923076923077,0.506410256410256,NA,5,"top5","eeg_tleft_sampent_full_change_precond;eeg_tleft_halpha_mean_full_change_precond;pupil_dilation_sd_full_change_precond;eeg_t_sampent_full_change_precond;eeg_tleft_lalpha_mean_full_change_precond"
2025-11-26 18:20:43.779768,12,"stress_label",5,128,0.03,0.576923076923077,0.480769230769231,NA,5,"top5","eeg_tleft_sampent_full_change_precond;eeg_tleft_halpha_mean_full_change_precond;pupil_dilation_sd_full_change_precond;eeg_t_sampent_full_change_precond;eeg_tleft_lalpha_mean_full_change_precond"
2025-11-26 18:20:44.876057,12,"stress_label",5,256,0.03,0.532051282051282,0.519230769230769,NA,5,"top5","eeg_tleft_sampent_full_change_precond;eeg_tleft_halpha_mean_full_change_precond;pupil_dilation_sd_full_change_precond;eeg_t_sampent_full_change_precond;eeg_tleft_lalpha_mean_full_change_precond"
2025-11-26 18:20:45.64744,12,"stress_label",5,2,0.06,0.596153846153846,0.615384615384615,NA,5,"top5","eeg_tleft_sampent_full_change_precond;eeg_tleft_halpha_mean_full_change_precond;pupil_dilation_sd_full_change_precond;eeg_t_sampent_full_change_precond;eeg_tleft_lalpha_mean_full_change_precond"
2025-11-26 18:20:46.430996,12,"stress_label",5,4,0.06,0.564102564102564,0.621794871794872,NA,5,"top5","eeg_tleft_sampent_full_change_precond;eeg_tleft_halpha_mean_full_change_precond;pupil_dilation_sd_full_change_precond;eeg_t_sampent_full_change_precond;eeg_tleft_lalpha_mean_full_change_precond"
2025-11-26 18:20:47.22286,12,"stress_label",5,8,0.06,0.557692307692308,0.602564102564103,NA,5,"top5","eeg_tleft_sampent_full_change_precond;eeg_tleft_halpha_mean_full_change_precond;pupil_dilation_sd_full_change_precond;eeg_t_sampent_full_change_precond;eeg_tleft_lalpha_mean_full_change_precond"
2025-11-26 18:20:48.035766,12,"stress_label",5,16,0.06,0.544871794871795,0.551282051282051,NA,5,"top5","eeg_tleft_sampent_full_change_precond;eeg_tleft_halpha_mean_full_change_precond;pupil_dilation_sd_full_change_precond;eeg_t_sampent_full_change_precond;eeg_tleft_lalpha_mean_full_change_precond"
2025-11-26 18:20:48.885083,12,"stress_label",5,32,0.06,0.551282051282051,0.474358974358974,NA,5,"top5","eeg_tleft_sampent_full_change_precond;eeg_tleft_halpha_mean_full_change_precond;pupil_dilation_sd_full_change_precond;eeg_t_sampent_full_change_precond;eeg_tleft_lalpha_mean_full_change_precond"
2025-11-26 18:20:49.788996,12,"stress_label",5,64,0.06,0.512820512820513,0.442307692307692,NA,5,"top5","eeg_tleft_sampent_full_change_precond;eeg_tleft_halpha_mean_full_change_precond;pupil_dilation_sd_full_change_precond;eeg_t_sampent_full_change_precond;eeg_tleft_lalpha_mean_full_change_precond"
2025-11-26 18:20:50.838628,12,"stress_label",5,128,0.06,0.506410256410256,0.435897435897436,NA,5,"top5","eeg_tleft_sampent_full_change_precond;eeg_tleft_halpha_mean_full_change_precond;pupil_dilation_sd_full_change_precond;eeg_t_sampent_full_change_precond;eeg_tleft_lalpha_mean_full_change_precond"
2025-11-26 18:20:52.179744,12,"stress_label",5,256,0.06,0.57051282051282,0.538461538461538,NA,5,"top5","eeg_tleft_sampent_full_change_precond;eeg_tleft_halpha_mean_full_change_precond;pupil_dilation_sd_full_change_precond;eeg_t_sampent_full_change_precond;eeg_tleft_lalpha_mean_full_change_precond"
2025-11-26 18:20:52.965332,12,"stress_label",5,2,0.1,0.596153846153846,0.596153846153846,NA,5,"top5","eeg_tleft_sampent_full_change_precond;eeg_tleft_halpha_mean_full_change_precond;pupil_dilation_sd_full_change_precond;eeg_t_sampent_full_change_precond;eeg_tleft_lalpha_mean_full_change_precond"
2025-11-26 18:20:53.64701,12,"stress_label",5,4,0.1,0.57051282051282,0.615384615384615,NA,5,"top5","eeg_tleft_sampent_full_change_precond;eeg_tleft_halpha_mean_full_change_precond;pupil_dilation_sd_full_change_precond;eeg_t_sampent_full_change_precond;eeg_tleft_lalpha_mean_full_change_precond"
2025-11-26 18:20:54.260205,12,"stress_label",5,8,0.1,0.532051282051282,0.467948717948718,NA,5,"top5","eeg_tleft_sampent_full_change_precond;eeg_tleft_halpha_mean_full_change_precond;pupil_dilation_sd_full_change_precond;eeg_t_sampent_full_change_precond;eeg_tleft_lalpha_mean_full_change_precond"
2025-11-26 18:20:55.085672,12,"stress_label",5,16,0.1,0.532051282051282,0.506410256410256,NA,5,"top5","eeg_tleft_sampent_full_change_precond;eeg_tleft_halpha_mean_full_change_precond;pupil_dilation_sd_full_change_precond;eeg_t_sampent_full_change_precond;eeg_tleft_lalpha_mean_full_change_precond"
2025-11-26 18:20:55.99636,12,"stress_label",5,32,0.1,0.512820512820513,0.423076923076923,NA,5,"top5","eeg_tleft_sampent_full_change_precond;eeg_tleft_halpha_mean_full_change_precond;pupil_dilation_sd_full_change_precond;eeg_t_sampent_full_change_precond;eeg_tleft_lalpha_mean_full_change_precond"
2025-11-26 18:20:56.981275,12,"stress_label",5,64,0.1,0.564102564102564,0.5,NA,5,"top5","eeg_tleft_sampent_full_change_precond;eeg_tleft_halpha_mean_full_change_precond;pupil_dilation_sd_full_change_precond;eeg_t_sampent_full_change_precond;eeg_tleft_lalpha_mean_full_change_precond"
2025-11-26 18:20:58.167075,12,"stress_label",5,128,0.1,0.583333333333333,0.480769230769231,NA,5,"top5","eeg_tleft_sampent_full_change_precond;eeg_tleft_halpha_mean_full_change_precond;pupil_dilation_sd_full_change_precond;eeg_t_sampent_full_change_precond;eeg_tleft_lalpha_mean_full_change_precond"
2025-11-26 18:20:59.720912,12,"stress_label",5,256,0.1,0.57051282051282,0.493589743589744,NA,5,"top5","eeg_tleft_sampent_full_change_precond;eeg_tleft_halpha_mean_full_change_precond;pupil_dilation_sd_full_change_precond;eeg_t_sampent_full_change_precond;eeg_tleft_lalpha_mean_full_change_precond"
2025-11-26 18:21:00.95589,13,"stress_label",20,2,0.0078125,0.58974358974359,0.628205128205128,0.545299145299145,20,"top20","eeg_tleft_sampent_full_change_precond;eeg_tleft_halpha_mean_full_change_precond;eeg_tright_lalpha_mean_full_change_precond;pupil_dilation_sd_full_change_precond;eeg_pright_sampent_full_change_precond;eeg_c_theta_mean_full_change_precond;eeg_tleft_lalpha_mean_full_change_precond;eeg_fl_hbeta_mean_full_change_precond;gsr_skin_conductance_eda_tonic_mean_nk_full_change_precond;eeg_fr_sampent_full_change_precond;eeg_t_sampent_full_change_precond;hr_heartrate_bpm_med_abs_full_change_precond;eeg_tright_halpha_mean_full_change_precond;eeg_fm_sampent_full_change_precond;eeg_c_sampent_full_change_precond;hrv_rmssd_full_change_precond;eeg_fm_theta_mean_full_change_precond;eeg_ab_ratio_full_change_precond;eeg_pright_halpha_mean_full_change_precond;eeg_c_specent_full_change_precond"
2025-11-26 18:21:01.990163,13,"stress_label",20,4,0.0078125,0.576923076923077,0.615384615384615,0.561538461538462,20,"top20","eeg_tleft_sampent_full_change_precond;eeg_tleft_halpha_mean_full_change_precond;eeg_tright_lalpha_mean_full_change_precond;pupil_dilation_sd_full_change_precond;eeg_pright_sampent_full_change_precond;eeg_c_theta_mean_full_change_precond;eeg_tleft_lalpha_mean_full_change_precond;eeg_fl_hbeta_mean_full_change_precond;gsr_skin_conductance_eda_tonic_mean_nk_full_change_precond;eeg_fr_sampent_full_change_precond;eeg_t_sampent_full_change_precond;hr_heartrate_bpm_med_abs_full_change_precond;eeg_tright_halpha_mean_full_change_precond;eeg_fm_sampent_full_change_precond;eeg_c_sampent_full_change_precond;hrv_rmssd_full_change_precond;eeg_fm_theta_mean_full_change_precond;eeg_ab_ratio_full_change_precond;eeg_pright_halpha_mean_full_change_precond;eeg_c_specent_full_change_precond"
2025-11-26 18:21:02.994827,13,"stress_label",20,8,0.0078125,0.551282051282051,0.602564102564103,0.531623931623932,20,"top20","eeg_tleft_sampent_full_change_precond;eeg_tleft_halpha_mean_full_change_precond;eeg_tright_lalpha_mean_full_change_precond;pupil_dilation_sd_full_change_precond;eeg_pright_sampent_full_change_precond;eeg_c_theta_mean_full_change_precond;eeg_tleft_lalpha_mean_full_change_precond;eeg_fl_hbeta_mean_full_change_precond;gsr_skin_conductance_eda_tonic_mean_nk_full_change_precond;eeg_fr_sampent_full_change_precond;eeg_t_sampent_full_change_precond;hr_heartrate_bpm_med_abs_full_change_precond;eeg_tright_halpha_mean_full_change_precond;eeg_fm_sampent_full_change_precond;eeg_c_sampent_full_change_precond;hrv_rmssd_full_change_precond;eeg_fm_theta_mean_full_change_precond;eeg_ab_ratio_full_change_precond;eeg_pright_halpha_mean_full_change_precond;eeg_c_specent_full_change_precond"
2025-11-26 18:21:03.973761,13,"stress_label",20,16,0.0078125,0.532051282051282,0.596153846153846,0.516239316239316,20,"top20","eeg_tleft_sampent_full_change_precond;eeg_tleft_halpha_mean_full_change_precond;eeg_tright_lalpha_mean_full_change_precond;pupil_dilation_sd_full_change_precond;eeg_pright_sampent_full_change_precond;eeg_c_theta_mean_full_change_precond;eeg_tleft_lalpha_mean_full_change_precond;eeg_fl_hbeta_mean_full_change_precond;gsr_skin_conductance_eda_tonic_mean_nk_full_change_precond;eeg_fr_sampent_full_change_precond;eeg_t_sampent_full_change_precond;hr_heartrate_bpm_med_abs_full_change_precond;eeg_tright_halpha_mean_full_change_precond;eeg_fm_sampent_full_change_precond;eeg_c_sampent_full_change_precond;hrv_rmssd_full_change_precond;eeg_fm_theta_mean_full_change_precond;eeg_ab_ratio_full_change_precond;eeg_pright_halpha_mean_full_change_precond;eeg_c_specent_full_change_precond"
2025-11-26 18:21:04.970507,13,"stress_label",20,32,0.0078125,0.58974358974359,0.628205128205128,0.561538461538462,20,"top20","eeg_tleft_sampent_full_change_precond;eeg_tleft_halpha_mean_full_change_precond;eeg_tright_lalpha_mean_full_change_precond;pupil_dilation_sd_full_change_precond;eeg_pright_sampent_full_change_precond;eeg_c_theta_mean_full_change_precond;eeg_tleft_lalpha_mean_full_change_precond;eeg_fl_hbeta_mean_full_change_precond;gsr_skin_conductance_eda_tonic_mean_nk_full_change_precond;eeg_fr_sampent_full_change_precond;eeg_t_sampent_full_change_precond;hr_heartrate_bpm_med_abs_full_change_precond;eeg_tright_halpha_mean_full_change_precond;eeg_fm_sampent_full_change_precond;eeg_c_sampent_full_change_precond;hrv_rmssd_full_change_precond;eeg_fm_theta_mean_full_change_precond;eeg_ab_ratio_full_change_precond;eeg_pright_halpha_mean_full_change_precond;eeg_c_specent_full_change_precond"
2025-11-26 18:21:06.10572,13,"stress_label",20,64,0.0078125,0.602564102564103,0.66025641025641,NA,20,"top20","eeg_tleft_sampent_full_change_precond;eeg_tleft_halpha_mean_full_change_precond;eeg_tright_lalpha_mean_full_change_precond;pupil_dilation_sd_full_change_precond;eeg_pright_sampent_full_change_precond;eeg_c_theta_mean_full_change_precond;eeg_tleft_lalpha_mean_full_change_precond;eeg_fl_hbeta_mean_full_change_precond;gsr_skin_conductance_eda_tonic_mean_nk_full_change_precond;eeg_fr_sampent_full_change_precond;eeg_t_sampent_full_change_precond;hr_heartrate_bpm_med_abs_full_change_precond;eeg_tright_halpha_mean_full_change_precond;eeg_fm_sampent_full_change_precond;eeg_c_sampent_full_change_precond;hrv_rmssd_full_change_precond;eeg_fm_theta_mean_full_change_precond;eeg_ab_ratio_full_change_precond;eeg_pright_halpha_mean_full_change_precond;eeg_c_specent_full_change_precond"
2025-11-26 18:21:07.2944,13,"stress_label",20,128,0.0078125,0.596153846153846,0.647435897435897,NA,20,"top20","eeg_tleft_sampent_full_change_precond;eeg_tleft_halpha_mean_full_change_precond;eeg_tright_lalpha_mean_full_change_precond;pupil_dilation_sd_full_change_precond;eeg_pright_sampent_full_change_precond;eeg_c_theta_mean_full_change_precond;eeg_tleft_lalpha_mean_full_change_precond;eeg_fl_hbeta_mean_full_change_precond;gsr_skin_conductance_eda_tonic_mean_nk_full_change_precond;eeg_fr_sampent_full_change_precond;eeg_t_sampent_full_change_precond;hr_heartrate_bpm_med_abs_full_change_precond;eeg_tright_halpha_mean_full_change_precond;eeg_fm_sampent_full_change_precond;eeg_c_sampent_full_change_precond;hrv_rmssd_full_change_precond;eeg_fm_theta_mean_full_change_precond;eeg_ab_ratio_full_change_precond;eeg_pright_halpha_mean_full_change_precond;eeg_c_specent_full_change_precond"
2025-11-26 18:21:08.619557,13,"stress_label",20,256,0.0078125,0.608974358974359,0.66025641025641,NA,20,"top20","eeg_tleft_sampent_full_change_precond;eeg_tleft_halpha_mean_full_change_precond;eeg_tright_lalpha_mean_full_change_precond;pupil_dilation_sd_full_change_precond;eeg_pright_sampent_full_change_precond;eeg_c_theta_mean_full_change_precond;eeg_tleft_lalpha_mean_full_change_precond;eeg_fl_hbeta_mean_full_change_precond;gsr_skin_conductance_eda_tonic_mean_nk_full_change_precond;eeg_fr_sampent_full_change_precond;eeg_t_sampent_full_change_precond;hr_heartrate_bpm_med_abs_full_change_precond;eeg_tright_halpha_mean_full_change_precond;eeg_fm_sampent_full_change_precond;eeg_c_sampent_full_change_precond;hrv_rmssd_full_change_precond;eeg_fm_theta_mean_full_change_precond;eeg_ab_ratio_full_change_precond;eeg_pright_halpha_mean_full_change_precond;eeg_c_specent_full_change_precond"
2025-11-26 18:21:09.597124,13,"stress_label",20,2,0.015625,0.57051282051282,0.615384615384615,0.551282051282051,20,"top20","eeg_tleft_sampent_full_change_precond;eeg_tleft_halpha_mean_full_change_precond;eeg_tright_lalpha_mean_full_change_precond;pupil_dilation_sd_full_change_precond;eeg_pright_sampent_full_change_precond;eeg_c_theta_mean_full_change_precond;eeg_tleft_lalpha_mean_full_change_precond;eeg_fl_hbeta_mean_full_change_precond;gsr_skin_conductance_eda_tonic_mean_nk_full_change_precond;eeg_fr_sampent_full_change_precond;eeg_t_sampent_full_change_precond;hr_heartrate_bpm_med_abs_full_change_precond;eeg_tright_halpha_mean_full_change_precond;eeg_fm_sampent_full_change_precond;eeg_c_sampent_full_change_precond;hrv_rmssd_full_change_precond;eeg_fm_theta_mean_full_change_precond;eeg_ab_ratio_full_change_precond;eeg_pright_halpha_mean_full_change_precond;eeg_c_specent_full_change_precond"
2025-11-26 18:21:10.53914,13,"stress_label",20,4,0.015625,0.544871794871795,0.58974358974359,0.523076923076923,20,"top20","eeg_tleft_sampent_full_change_precond;eeg_tleft_halpha_mean_full_change_precond;eeg_tright_lalpha_mean_full_change_precond;pupil_dilation_sd_full_change_precond;eeg_pright_sampent_full_change_precond;eeg_c_theta_mean_full_change_precond;eeg_tleft_lalpha_mean_full_change_precond;eeg_fl_hbeta_mean_full_change_precond;gsr_skin_conductance_eda_tonic_mean_nk_full_change_precond;eeg_fr_sampent_full_change_precond;eeg_t_sampent_full_change_precond;hr_heartrate_bpm_med_abs_full_change_precond;eeg_tright_halpha_mean_full_change_precond;eeg_fm_sampent_full_change_precond;eeg_c_sampent_full_change_precond;hrv_rmssd_full_change_precond;eeg_fm_theta_mean_full_change_precond;eeg_ab_ratio_full_change_precond;eeg_pright_halpha_mean_full_change_precond;eeg_c_specent_full_change_precond"
2025-11-26 18:21:11.571176,13,"stress_label",20,8,0.015625,0.551282051282051,0.602564102564103,NA,20,"top20","eeg_tleft_sampent_full_change_precond;eeg_tleft_halpha_mean_full_change_precond;eeg_tright_lalpha_mean_full_change_precond;pupil_dilation_sd_full_change_precond;eeg_pright_sampent_full_change_precond;eeg_c_theta_mean_full_change_precond;eeg_tleft_lalpha_mean_full_change_precond;eeg_fl_hbeta_mean_full_change_precond;gsr_skin_conductance_eda_tonic_mean_nk_full_change_precond;eeg_fr_sampent_full_change_precond;eeg_t_sampent_full_change_precond;hr_heartrate_bpm_med_abs_full_change_precond;eeg_tright_halpha_mean_full_change_precond;eeg_fm_sampent_full_change_precond;eeg_c_sampent_full_change_precond;hrv_rmssd_full_change_precond;eeg_fm_theta_mean_full_change_precond;eeg_ab_ratio_full_change_precond;eeg_pright_halpha_mean_full_change_precond;eeg_c_specent_full_change_precond"
2025-11-26 18:21:12.618023,13,"stress_label",20,16,0.015625,0.621794871794872,0.641025641025641,0.604273504273504,20,"top20","eeg_tleft_sampent_full_change_precond;eeg_tleft_halpha_mean_full_change_precond;eeg_tright_lalpha_mean_full_change_precond;pupil_dilation_sd_full_change_precond;eeg_pright_sampent_full_change_precond;eeg_c_theta_mean_full_change_precond;eeg_tleft_lalpha_mean_full_change_precond;eeg_fl_hbeta_mean_full_change_precond;gsr_skin_conductance_eda_tonic_mean_nk_full_change_precond;eeg_fr_sampent_full_change_precond;eeg_t_sampent_full_change_precond;hr_heartrate_bpm_med_abs_full_change_precond;eeg_tright_halpha_mean_full_change_precond;eeg_fm_sampent_full_change_precond;eeg_c_sampent_full_change_precond;hrv_rmssd_full_change_precond;eeg_fm_theta_mean_full_change_precond;eeg_ab_ratio_full_change_precond;eeg_pright_halpha_mean_full_change_precond;eeg_c_specent_full_change_precond"
2025-11-26 18:21:13.799909,13,"stress_label",20,32,0.015625,0.608974358974359,0.653846153846154,NA,20,"top20","eeg_tleft_sampent_full_change_precond;eeg_tleft_halpha_mean_full_change_precond;eeg_tright_lalpha_mean_full_change_precond;pupil_dilation_sd_full_change_precond;eeg_pright_sampent_full_change_precond;eeg_c_theta_mean_full_change_precond;eeg_tleft_lalpha_mean_full_change_precond;eeg_fl_hbeta_mean_full_change_precond;gsr_skin_conductance_eda_tonic_mean_nk_full_change_precond;eeg_fr_sampent_full_change_precond;eeg_t_sampent_full_change_precond;hr_heartrate_bpm_med_abs_full_change_precond;eeg_tright_halpha_mean_full_change_precond;eeg_fm_sampent_full_change_precond;eeg_c_sampent_full_change_precond;hrv_rmssd_full_change_precond;eeg_fm_theta_mean_full_change_precond;eeg_ab_ratio_full_change_precond;eeg_pright_halpha_mean_full_change_precond;eeg_c_specent_full_change_precond"
2025-11-26 18:21:14.973533,13,"stress_label",20,64,0.015625,0.608974358974359,0.685897435897436,NA,20,"top20","eeg_tleft_sampent_full_change_precond;eeg_tleft_halpha_mean_full_change_precond;eeg_tright_lalpha_mean_full_change_precond;pupil_dilation_sd_full_change_precond;eeg_pright_sampent_full_change_precond;eeg_c_theta_mean_full_change_precond;eeg_tleft_lalpha_mean_full_change_precond;eeg_fl_hbeta_mean_full_change_precond;gsr_skin_conductance_eda_tonic_mean_nk_full_change_precond;eeg_fr_sampent_full_change_precond;eeg_t_sampent_full_change_precond;hr_heartrate_bpm_med_abs_full_change_precond;eeg_tright_halpha_mean_full_change_precond;eeg_fm_sampent_full_change_precond;eeg_c_sampent_full_change_precond;hrv_rmssd_full_change_precond;eeg_fm_theta_mean_full_change_precond;eeg_ab_ratio_full_change_precond;eeg_pright_halpha_mean_full_change_precond;eeg_c_specent_full_change_precond"
2025-11-26 18:21:16.177208,13,"stress_label",20,128,0.015625,0.596153846153846,0.67948717948718,NA,20,"top20","eeg_tleft_sampent_full_change_precond;eeg_tleft_halpha_mean_full_change_precond;eeg_tright_lalpha_mean_full_change_precond;pupil_dilation_sd_full_change_precond;eeg_pright_sampent_full_change_precond;eeg_c_theta_mean_full_change_precond;eeg_tleft_lalpha_mean_full_change_precond;eeg_fl_hbeta_mean_full_change_precond;gsr_skin_conductance_eda_tonic_mean_nk_full_change_precond;eeg_fr_sampent_full_change_precond;eeg_t_sampent_full_change_precond;hr_heartrate_bpm_med_abs_full_change_precond;eeg_tright_halpha_mean_full_change_precond;eeg_fm_sampent_full_change_precond;eeg_c_sampent_full_change_precond;hrv_rmssd_full_change_precond;eeg_fm_theta_mean_full_change_precond;eeg_ab_ratio_full_change_precond;eeg_pright_halpha_mean_full_change_precond;eeg_c_specent_full_change_precond"
2025-11-26 18:21:17.51589,13,"stress_label",20,256,0.015625,0.596153846153846,0.634615384615385,NA,20,"top20","eeg_tleft_sampent_full_change_precond;eeg_tleft_halpha_mean_full_change_precond;eeg_tright_lalpha_mean_full_change_precond;pupil_dilation_sd_full_change_precond;eeg_pright_sampent_full_change_precond;eeg_c_theta_mean_full_change_precond;eeg_tleft_lalpha_mean_full_change_precond;eeg_fl_hbeta_mean_full_change_precond;gsr_skin_conductance_eda_tonic_mean_nk_full_change_precond;eeg_fr_sampent_full_change_precond;eeg_t_sampent_full_change_precond;hr_heartrate_bpm_med_abs_full_change_precond;eeg_tright_halpha_mean_full_change_precond;eeg_fm_sampent_full_change_precond;eeg_c_sampent_full_change_precond;hrv_rmssd_full_change_precond;eeg_fm_theta_mean_full_change_precond;eeg_ab_ratio_full_change_precond;eeg_pright_halpha_mean_full_change_precond;eeg_c_specent_full_change_precond"
2025-11-26 18:21:18.548657,13,"stress_label",20,2,0.03125,0.57051282051282,0.58974358974359,0.54957264957265,20,"top20","eeg_tleft_sampent_full_change_precond;eeg_tleft_halpha_mean_full_change_precond;eeg_tright_lalpha_mean_full_change_precond;pupil_dilation_sd_full_change_precond;eeg_pright_sampent_full_change_precond;eeg_c_theta_mean_full_change_precond;eeg_tleft_lalpha_mean_full_change_precond;eeg_fl_hbeta_mean_full_change_precond;gsr_skin_conductance_eda_tonic_mean_nk_full_change_precond;eeg_fr_sampent_full_change_precond;eeg_t_sampent_full_change_precond;hr_heartrate_bpm_med_abs_full_change_precond;eeg_tright_halpha_mean_full_change_precond;eeg_fm_sampent_full_change_precond;eeg_c_sampent_full_change_precond;hrv_rmssd_full_change_precond;eeg_fm_theta_mean_full_change_precond;eeg_ab_ratio_full_change_precond;eeg_pright_halpha_mean_full_change_precond;eeg_c_specent_full_change_precond"
2025-11-26 18:21:19.60545,13,"stress_label",20,4,0.03125,0.583333333333333,0.602564102564103,NA,20,"top20","eeg_tleft_sampent_full_change_precond;eeg_tleft_halpha_mean_full_change_precond;eeg_tright_lalpha_mean_full_change_precond;pupil_dilation_sd_full_change_precond;eeg_pright_sampent_full_change_precond;eeg_c_theta_mean_full_change_precond;eeg_tleft_lalpha_mean_full_change_precond;eeg_fl_hbeta_mean_full_change_precond;gsr_skin_conductance_eda_tonic_mean_nk_full_change_precond;eeg_fr_sampent_full_change_precond;eeg_t_sampent_full_change_precond;hr_heartrate_bpm_med_abs_full_change_precond;eeg_tright_halpha_mean_full_change_precond;eeg_fm_sampent_full_change_precond;eeg_c_sampent_full_change_precond;hrv_rmssd_full_change_precond;eeg_fm_theta_mean_full_change_precond;eeg_ab_ratio_full_change_precond;eeg_pright_halpha_mean_full_change_precond;eeg_c_specent_full_change_precond"
2025-11-26 18:21:20.548423,13,"stress_label",20,8,0.03125,0.602564102564103,0.628205128205128,NA,20,"top20","eeg_tleft_sampent_full_change_precond;eeg_tleft_halpha_mean_full_change_precond;eeg_tright_lalpha_mean_full_change_precond;pupil_dilation_sd_full_change_precond;eeg_pright_sampent_full_change_precond;eeg_c_theta_mean_full_change_precond;eeg_tleft_lalpha_mean_full_change_precond;eeg_fl_hbeta_mean_full_change_precond;gsr_skin_conductance_eda_tonic_mean_nk_full_change_precond;eeg_fr_sampent_full_change_precond;eeg_t_sampent_full_change_precond;hr_heartrate_bpm_med_abs_full_change_precond;eeg_tright_halpha_mean_full_change_precond;eeg_fm_sampent_full_change_precond;eeg_c_sampent_full_change_precond;hrv_rmssd_full_change_precond;eeg_fm_theta_mean_full_change_precond;eeg_ab_ratio_full_change_precond;eeg_pright_halpha_mean_full_change_precond;eeg_c_specent_full_change_precond"
2025-11-26 18:21:21.60873,13,"stress_label",20,16,0.03125,0.583333333333333,0.66025641025641,NA,20,"top20","eeg_tleft_sampent_full_change_precond;eeg_tleft_halpha_mean_full_change_precond;eeg_tright_lalpha_mean_full_change_precond;pupil_dilation_sd_full_change_precond;eeg_pright_sampent_full_change_precond;eeg_c_theta_mean_full_change_precond;eeg_tleft_lalpha_mean_full_change_precond;eeg_fl_hbeta_mean_full_change_precond;gsr_skin_conductance_eda_tonic_mean_nk_full_change_precond;eeg_fr_sampent_full_change_precond;eeg_t_sampent_full_change_precond;hr_heartrate_bpm_med_abs_full_change_precond;eeg_tright_halpha_mean_full_change_precond;eeg_fm_sampent_full_change_precond;eeg_c_sampent_full_change_precond;hrv_rmssd_full_change_precond;eeg_fm_theta_mean_full_change_precond;eeg_ab_ratio_full_change_precond;eeg_pright_halpha_mean_full_change_precond;eeg_c_specent_full_change_precond"
2025-11-26 18:21:22.83983,13,"stress_label",20,32,0.03125,0.596153846153846,0.666666666666667,NA,20,"top20","eeg_tleft_sampent_full_change_precond;eeg_tleft_halpha_mean_full_change_precond;eeg_tright_lalpha_mean_full_change_precond;pupil_dilation_sd_full_change_precond;eeg_pright_sampent_full_change_precond;eeg_c_theta_mean_full_change_precond;eeg_tleft_lalpha_mean_full_change_precond;eeg_fl_hbeta_mean_full_change_precond;gsr_skin_conductance_eda_tonic_mean_nk_full_change_precond;eeg_fr_sampent_full_change_precond;eeg_t_sampent_full_change_precond;hr_heartrate_bpm_med_abs_full_change_precond;eeg_tright_halpha_mean_full_change_precond;eeg_fm_sampent_full_change_precond;eeg_c_sampent_full_change_precond;hrv_rmssd_full_change_precond;eeg_fm_theta_mean_full_change_precond;eeg_ab_ratio_full_change_precond;eeg_pright_halpha_mean_full_change_precond;eeg_c_specent_full_change_precond"
2025-11-26 18:21:24.068093,13,"stress_label",20,64,0.03125,0.551282051282051,0.596153846153846,NA,20,"top20","eeg_tleft_sampent_full_change_precond;eeg_tleft_halpha_mean_full_change_precond;eeg_tright_lalpha_mean_full_change_precond;pupil_dilation_sd_full_change_precond;eeg_pright_sampent_full_change_precond;eeg_c_theta_mean_full_change_precond;eeg_tleft_lalpha_mean_full_change_precond;eeg_fl_hbeta_mean_full_change_precond;gsr_skin_conductance_eda_tonic_mean_nk_full_change_precond;eeg_fr_sampent_full_change_precond;eeg_t_sampent_full_change_precond;hr_heartrate_bpm_med_abs_full_change_precond;eeg_tright_halpha_mean_full_change_precond;eeg_fm_sampent_full_change_precond;eeg_c_sampent_full_change_precond;hrv_rmssd_full_change_precond;eeg_fm_theta_mean_full_change_precond;eeg_ab_ratio_full_change_precond;eeg_pright_halpha_mean_full_change_precond;eeg_c_specent_full_change_precond"
2025-11-26 18:21:25.256282,13,"stress_label",20,128,0.03125,0.57051282051282,0.602564102564103,NA,20,"top20","eeg_tleft_sampent_full_change_precond;eeg_tleft_halpha_mean_full_change_precond;eeg_tright_lalpha_mean_full_change_precond;pupil_dilation_sd_full_change_precond;eeg_pright_sampent_full_change_precond;eeg_c_theta_mean_full_change_precond;eeg_tleft_lalpha_mean_full_change_precond;eeg_fl_hbeta_mean_full_change_precond;gsr_skin_conductance_eda_tonic_mean_nk_full_change_precond;eeg_fr_sampent_full_change_precond;eeg_t_sampent_full_change_precond;hr_heartrate_bpm_med_abs_full_change_precond;eeg_tright_halpha_mean_full_change_precond;eeg_fm_sampent_full_change_precond;eeg_c_sampent_full_change_precond;hrv_rmssd_full_change_precond;eeg_fm_theta_mean_full_change_precond;eeg_ab_ratio_full_change_precond;eeg_pright_halpha_mean_full_change_precond;eeg_c_specent_full_change_precond"
2025-11-26 18:21:26.461938,13,"stress_label",20,256,0.03125,0.57051282051282,0.602564102564103,NA,20,"top20","eeg_tleft_sampent_full_change_precond;eeg_tleft_halpha_mean_full_change_precond;eeg_tright_lalpha_mean_full_change_precond;pupil_dilation_sd_full_change_precond;eeg_pright_sampent_full_change_precond;eeg_c_theta_mean_full_change_precond;eeg_tleft_lalpha_mean_full_change_precond;eeg_fl_hbeta_mean_full_change_precond;gsr_skin_conductance_eda_tonic_mean_nk_full_change_precond;eeg_fr_sampent_full_change_precond;eeg_t_sampent_full_change_precond;hr_heartrate_bpm_med_abs_full_change_precond;eeg_tright_halpha_mean_full_change_precond;eeg_fm_sampent_full_change_precond;eeg_c_sampent_full_change_precond;hrv_rmssd_full_change_precond;eeg_fm_theta_mean_full_change_precond;eeg_ab_ratio_full_change_precond;eeg_pright_halpha_mean_full_change_precond;eeg_c_specent_full_change_precond"
2025-11-26 18:21:27.486989,13,"stress_label",20,2,0.0625,0.58974358974359,0.596153846153846,NA,20,"top20","eeg_tleft_sampent_full_change_precond;eeg_tleft_halpha_mean_full_change_precond;eeg_tright_lalpha_mean_full_change_precond;pupil_dilation_sd_full_change_precond;eeg_pright_sampent_full_change_precond;eeg_c_theta_mean_full_change_precond;eeg_tleft_lalpha_mean_full_change_precond;eeg_fl_hbeta_mean_full_change_precond;gsr_skin_conductance_eda_tonic_mean_nk_full_change_precond;eeg_fr_sampent_full_change_precond;eeg_t_sampent_full_change_precond;hr_heartrate_bpm_med_abs_full_change_precond;eeg_tright_halpha_mean_full_change_precond;eeg_fm_sampent_full_change_precond;eeg_c_sampent_full_change_precond;hrv_rmssd_full_change_precond;eeg_fm_theta_mean_full_change_precond;eeg_ab_ratio_full_change_precond;eeg_pright_halpha_mean_full_change_precond;eeg_c_specent_full_change_precond"
2025-11-26 18:21:28.602239,13,"stress_label",20,4,0.0625,0.58974358974359,0.628205128205128,NA,20,"top20","eeg_tleft_sampent_full_change_precond;eeg_tleft_halpha_mean_full_change_precond;eeg_tright_lalpha_mean_full_change_precond;pupil_dilation_sd_full_change_precond;eeg_pright_sampent_full_change_precond;eeg_c_theta_mean_full_change_precond;eeg_tleft_lalpha_mean_full_change_precond;eeg_fl_hbeta_mean_full_change_precond;gsr_skin_conductance_eda_tonic_mean_nk_full_change_precond;eeg_fr_sampent_full_change_precond;eeg_t_sampent_full_change_precond;hr_heartrate_bpm_med_abs_full_change_precond;eeg_tright_halpha_mean_full_change_precond;eeg_fm_sampent_full_change_precond;eeg_c_sampent_full_change_precond;hrv_rmssd_full_change_precond;eeg_fm_theta_mean_full_change_precond;eeg_ab_ratio_full_change_precond;eeg_pright_halpha_mean_full_change_precond;eeg_c_specent_full_change_precond"
2025-11-26 18:21:29.721616,13,"stress_label",20,8,0.0625,0.621794871794872,0.653846153846154,NA,20,"top20","eeg_tleft_sampent_full_change_precond;eeg_tleft_halpha_mean_full_change_precond;eeg_tright_lalpha_mean_full_change_precond;pupil_dilation_sd_full_change_precond;eeg_pright_sampent_full_change_precond;eeg_c_theta_mean_full_change_precond;eeg_tleft_lalpha_mean_full_change_precond;eeg_fl_hbeta_mean_full_change_precond;gsr_skin_conductance_eda_tonic_mean_nk_full_change_precond;eeg_fr_sampent_full_change_precond;eeg_t_sampent_full_change_precond;hr_heartrate_bpm_med_abs_full_change_precond;eeg_tright_halpha_mean_full_change_precond;eeg_fm_sampent_full_change_precond;eeg_c_sampent_full_change_precond;hrv_rmssd_full_change_precond;eeg_fm_theta_mean_full_change_precond;eeg_ab_ratio_full_change_precond;eeg_pright_halpha_mean_full_change_precond;eeg_c_specent_full_change_precond"
2025-11-26 18:21:30.741319,13,"stress_label",20,16,0.0625,0.602564102564103,0.653846153846154,0.582905982905983,20,"top20","eeg_tleft_sampent_full_change_precond;eeg_tleft_halpha_mean_full_change_precond;eeg_tright_lalpha_mean_full_change_precond;pupil_dilation_sd_full_change_precond;eeg_pright_sampent_full_change_precond;eeg_c_theta_mean_full_change_precond;eeg_tleft_lalpha_mean_full_change_precond;eeg_fl_hbeta_mean_full_change_precond;gsr_skin_conductance_eda_tonic_mean_nk_full_change_precond;eeg_fr_sampent_full_change_precond;eeg_t_sampent_full_change_precond;hr_heartrate_bpm_med_abs_full_change_precond;eeg_tright_halpha_mean_full_change_precond;eeg_fm_sampent_full_change_precond;eeg_c_sampent_full_change_precond;hrv_rmssd_full_change_precond;eeg_fm_theta_mean_full_change_precond;eeg_ab_ratio_full_change_precond;eeg_pright_halpha_mean_full_change_precond;eeg_c_specent_full_change_precond"
2025-11-26 18:21:31.885248,13,"stress_label",20,32,0.0625,0.596153846153846,0.615384615384615,NA,20,"top20","eeg_tleft_sampent_full_change_precond;eeg_tleft_halpha_mean_full_change_precond;eeg_tright_lalpha_mean_full_change_precond;pupil_dilation_sd_full_change_precond;eeg_pright_sampent_full_change_precond;eeg_c_theta_mean_full_change_precond;eeg_tleft_lalpha_mean_full_change_precond;eeg_fl_hbeta_mean_full_change_precond;gsr_skin_conductance_eda_tonic_mean_nk_full_change_precond;eeg_fr_sampent_full_change_precond;eeg_t_sampent_full_change_precond;hr_heartrate_bpm_med_abs_full_change_precond;eeg_tright_halpha_mean_full_change_precond;eeg_fm_sampent_full_change_precond;eeg_c_sampent_full_change_precond;hrv_rmssd_full_change_precond;eeg_fm_theta_mean_full_change_precond;eeg_ab_ratio_full_change_precond;eeg_pright_halpha_mean_full_change_precond;eeg_c_specent_full_change_precond"
2025-11-26 18:21:33.040001,13,"stress_label",20,64,0.0625,0.596153846153846,0.615384615384615,NA,20,"top20","eeg_tleft_sampent_full_change_precond;eeg_tleft_halpha_mean_full_change_precond;eeg_tright_lalpha_mean_full_change_precond;pupil_dilation_sd_full_change_precond;eeg_pright_sampent_full_change_precond;eeg_c_theta_mean_full_change_precond;eeg_tleft_lalpha_mean_full_change_precond;eeg_fl_hbeta_mean_full_change_precond;gsr_skin_conductance_eda_tonic_mean_nk_full_change_precond;eeg_fr_sampent_full_change_precond;eeg_t_sampent_full_change_precond;hr_heartrate_bpm_med_abs_full_change_precond;eeg_tright_halpha_mean_full_change_precond;eeg_fm_sampent_full_change_precond;eeg_c_sampent_full_change_precond;hrv_rmssd_full_change_precond;eeg_fm_theta_mean_full_change_precond;eeg_ab_ratio_full_change_precond;eeg_pright_halpha_mean_full_change_precond;eeg_c_specent_full_change_precond"
2025-11-26 18:21:34.177164,13,"stress_label",20,128,0.0625,0.596153846153846,0.615384615384615,NA,20,"top20","eeg_tleft_sampent_full_change_precond;eeg_tleft_halpha_mean_full_change_precond;eeg_tright_lalpha_mean_full_change_precond;pupil_dilation_sd_full_change_precond;eeg_pright_sampent_full_change_precond;eeg_c_theta_mean_full_change_precond;eeg_tleft_lalpha_mean_full_change_precond;eeg_fl_hbeta_mean_full_change_precond;gsr_skin_conductance_eda_tonic_mean_nk_full_change_precond;eeg_fr_sampent_full_change_precond;eeg_t_sampent_full_change_precond;hr_heartrate_bpm_med_abs_full_change_precond;eeg_tright_halpha_mean_full_change_precond;eeg_fm_sampent_full_change_precond;eeg_c_sampent_full_change_precond;hrv_rmssd_full_change_precond;eeg_fm_theta_mean_full_change_precond;eeg_ab_ratio_full_change_precond;eeg_pright_halpha_mean_full_change_precond;eeg_c_specent_full_change_precond"
2025-11-26 18:21:35.213742,13,"stress_label",20,256,0.0625,0.596153846153846,0.615384615384615,NA,20,"top20","eeg_tleft_sampent_full_change_precond;eeg_tleft_halpha_mean_full_change_precond;eeg_tright_lalpha_mean_full_change_precond;pupil_dilation_sd_full_change_precond;eeg_pright_sampent_full_change_precond;eeg_c_theta_mean_full_change_precond;eeg_tleft_lalpha_mean_full_change_precond;eeg_fl_hbeta_mean_full_change_precond;gsr_skin_conductance_eda_tonic_mean_nk_full_change_precond;eeg_fr_sampent_full_change_precond;eeg_t_sampent_full_change_precond;hr_heartrate_bpm_med_abs_full_change_precond;eeg_tright_halpha_mean_full_change_precond;eeg_fm_sampent_full_change_precond;eeg_c_sampent_full_change_precond;hrv_rmssd_full_change_precond;eeg_fm_theta_mean_full_change_precond;eeg_ab_ratio_full_change_precond;eeg_pright_halpha_mean_full_change_precond;eeg_c_specent_full_change_precond"
2025-11-26 18:21:36.175665,13,"stress_label",20,2,0.125,0.576923076923077,0.596153846153846,NA,20,"top20","eeg_tleft_sampent_full_change_precond;eeg_tleft_halpha_mean_full_change_precond;eeg_tright_lalpha_mean_full_change_precond;pupil_dilation_sd_full_change_precond;eeg_pright_sampent_full_change_precond;eeg_c_theta_mean_full_change_precond;eeg_tleft_lalpha_mean_full_change_precond;eeg_fl_hbeta_mean_full_change_precond;gsr_skin_conductance_eda_tonic_mean_nk_full_change_precond;eeg_fr_sampent_full_change_precond;eeg_t_sampent_full_change_precond;hr_heartrate_bpm_med_abs_full_change_precond;eeg_tright_halpha_mean_full_change_precond;eeg_fm_sampent_full_change_precond;eeg_c_sampent_full_change_precond;hrv_rmssd_full_change_precond;eeg_fm_theta_mean_full_change_precond;eeg_ab_ratio_full_change_precond;eeg_pright_halpha_mean_full_change_precond;eeg_c_specent_full_change_precond"
2025-11-26 18:21:37.286616,13,"stress_label",20,4,0.125,0.557692307692308,0.596153846153846,NA,20,"top20","eeg_tleft_sampent_full_change_precond;eeg_tleft_halpha_mean_full_change_precond;eeg_tright_lalpha_mean_full_change_precond;pupil_dilation_sd_full_change_precond;eeg_pright_sampent_full_change_precond;eeg_c_theta_mean_full_change_precond;eeg_tleft_lalpha_mean_full_change_precond;eeg_fl_hbeta_mean_full_change_precond;gsr_skin_conductance_eda_tonic_mean_nk_full_change_precond;eeg_fr_sampent_full_change_precond;eeg_t_sampent_full_change_precond;hr_heartrate_bpm_med_abs_full_change_precond;eeg_tright_halpha_mean_full_change_precond;eeg_fm_sampent_full_change_precond;eeg_c_sampent_full_change_precond;hrv_rmssd_full_change_precond;eeg_fm_theta_mean_full_change_precond;eeg_ab_ratio_full_change_precond;eeg_pright_halpha_mean_full_change_precond;eeg_c_specent_full_change_precond"
2025-11-26 18:21:38.27929,13,"stress_label",20,8,0.125,0.557692307692308,0.615384615384615,NA,20,"top20","eeg_tleft_sampent_full_change_precond;eeg_tleft_halpha_mean_full_change_precond;eeg_tright_lalpha_mean_full_change_precond;pupil_dilation_sd_full_change_precond;eeg_pright_sampent_full_change_precond;eeg_c_theta_mean_full_change_precond;eeg_tleft_lalpha_mean_full_change_precond;eeg_fl_hbeta_mean_full_change_precond;gsr_skin_conductance_eda_tonic_mean_nk_full_change_precond;eeg_fr_sampent_full_change_precond;eeg_t_sampent_full_change_precond;hr_heartrate_bpm_med_abs_full_change_precond;eeg_tright_halpha_mean_full_change_precond;eeg_fm_sampent_full_change_precond;eeg_c_sampent_full_change_precond;hrv_rmssd_full_change_precond;eeg_fm_theta_mean_full_change_precond;eeg_ab_ratio_full_change_precond;eeg_pright_halpha_mean_full_change_precond;eeg_c_specent_full_change_precond"
2025-11-26 18:21:39.301238,13,"stress_label",20,16,0.125,0.557692307692308,0.615384615384615,NA,20,"top20","eeg_tleft_sampent_full_change_precond;eeg_tleft_halpha_mean_full_change_precond;eeg_tright_lalpha_mean_full_change_precond;pupil_dilation_sd_full_change_precond;eeg_pright_sampent_full_change_precond;eeg_c_theta_mean_full_change_precond;eeg_tleft_lalpha_mean_full_change_precond;eeg_fl_hbeta_mean_full_change_precond;gsr_skin_conductance_eda_tonic_mean_nk_full_change_precond;eeg_fr_sampent_full_change_precond;eeg_t_sampent_full_change_precond;hr_heartrate_bpm_med_abs_full_change_precond;eeg_tright_halpha_mean_full_change_precond;eeg_fm_sampent_full_change_precond;eeg_c_sampent_full_change_precond;hrv_rmssd_full_change_precond;eeg_fm_theta_mean_full_change_precond;eeg_ab_ratio_full_change_precond;eeg_pright_halpha_mean_full_change_precond;eeg_c_specent_full_change_precond"
2025-11-26 18:21:40.405086,13,"stress_label",20,32,0.125,0.557692307692308,0.615384615384615,NA,20,"top20","eeg_tleft_sampent_full_change_precond;eeg_tleft_halpha_mean_full_change_precond;eeg_tright_lalpha_mean_full_change_precond;pupil_dilation_sd_full_change_precond;eeg_pright_sampent_full_change_precond;eeg_c_theta_mean_full_change_precond;eeg_tleft_lalpha_mean_full_change_precond;eeg_fl_hbeta_mean_full_change_precond;gsr_skin_conductance_eda_tonic_mean_nk_full_change_precond;eeg_fr_sampent_full_change_precond;eeg_t_sampent_full_change_precond;hr_heartrate_bpm_med_abs_full_change_precond;eeg_tright_halpha_mean_full_change_precond;eeg_fm_sampent_full_change_precond;eeg_c_sampent_full_change_precond;hrv_rmssd_full_change_precond;eeg_fm_theta_mean_full_change_precond;eeg_ab_ratio_full_change_precond;eeg_pright_halpha_mean_full_change_precond;eeg_c_specent_full_change_precond"
2025-11-26 18:21:41.550146,13,"stress_label",20,64,0.125,0.557692307692308,0.615384615384615,NA,20,"top20","eeg_tleft_sampent_full_change_precond;eeg_tleft_halpha_mean_full_change_precond;eeg_tright_lalpha_mean_full_change_precond;pupil_dilation_sd_full_change_precond;eeg_pright_sampent_full_change_precond;eeg_c_theta_mean_full_change_precond;eeg_tleft_lalpha_mean_full_change_precond;eeg_fl_hbeta_mean_full_change_precond;gsr_skin_conductance_eda_tonic_mean_nk_full_change_precond;eeg_fr_sampent_full_change_precond;eeg_t_sampent_full_change_precond;hr_heartrate_bpm_med_abs_full_change_precond;eeg_tright_halpha_mean_full_change_precond;eeg_fm_sampent_full_change_precond;eeg_c_sampent_full_change_precond;hrv_rmssd_full_change_precond;eeg_fm_theta_mean_full_change_precond;eeg_ab_ratio_full_change_precond;eeg_pright_halpha_mean_full_change_precond;eeg_c_specent_full_change_precond"
2025-11-26 18:21:42.706498,13,"stress_label",20,128,0.125,0.557692307692308,0.615384615384615,NA,20,"top20","eeg_tleft_sampent_full_change_precond;eeg_tleft_halpha_mean_full_change_precond;eeg_tright_lalpha_mean_full_change_precond;pupil_dilation_sd_full_change_precond;eeg_pright_sampent_full_change_precond;eeg_c_theta_mean_full_change_precond;eeg_tleft_lalpha_mean_full_change_precond;eeg_fl_hbeta_mean_full_change_precond;gsr_skin_conductance_eda_tonic_mean_nk_full_change_precond;eeg_fr_sampent_full_change_precond;eeg_t_sampent_full_change_precond;hr_heartrate_bpm_med_abs_full_change_precond;eeg_tright_halpha_mean_full_change_precond;eeg_fm_sampent_full_change_precond;eeg_c_sampent_full_change_precond;hrv_rmssd_full_change_precond;eeg_fm_theta_mean_full_change_precond;eeg_ab_ratio_full_change_precond;eeg_pright_halpha_mean_full_change_precond;eeg_c_specent_full_change_precond"
2025-11-26 18:21:43.86032,13,"stress_label",20,256,0.125,0.557692307692308,0.615384615384615,NA,20,"top20","eeg_tleft_sampent_full_change_precond;eeg_tleft_halpha_mean_full_change_precond;eeg_tright_lalpha_mean_full_change_precond;pupil_dilation_sd_full_change_precond;eeg_pright_sampent_full_change_precond;eeg_c_theta_mean_full_change_precond;eeg_tleft_lalpha_mean_full_change_precond;eeg_fl_hbeta_mean_full_change_precond;gsr_skin_conductance_eda_tonic_mean_nk_full_change_precond;eeg_fr_sampent_full_change_precond;eeg_t_sampent_full_change_precond;hr_heartrate_bpm_med_abs_full_change_precond;eeg_tright_halpha_mean_full_change_precond;eeg_fm_sampent_full_change_precond;eeg_c_sampent_full_change_precond;hrv_rmssd_full_change_precond;eeg_fm_theta_mean_full_change_precond;eeg_ab_ratio_full_change_precond;eeg_pright_halpha_mean_full_change_precond;eeg_c_specent_full_change_precond"
2025-11-26 18:21:44.855854,13,"stress_label",20,2,0.03,0.57051282051282,0.596153846153846,0.54957264957265,20,"top20","eeg_tleft_sampent_full_change_precond;eeg_tleft_halpha_mean_full_change_precond;eeg_tright_lalpha_mean_full_change_precond;pupil_dilation_sd_full_change_precond;eeg_pright_sampent_full_change_precond;eeg_c_theta_mean_full_change_precond;eeg_tleft_lalpha_mean_full_change_precond;eeg_fl_hbeta_mean_full_change_precond;gsr_skin_conductance_eda_tonic_mean_nk_full_change_precond;eeg_fr_sampent_full_change_precond;eeg_t_sampent_full_change_precond;hr_heartrate_bpm_med_abs_full_change_precond;eeg_tright_halpha_mean_full_change_precond;eeg_fm_sampent_full_change_precond;eeg_c_sampent_full_change_precond;hrv_rmssd_full_change_precond;eeg_fm_theta_mean_full_change_precond;eeg_ab_ratio_full_change_precond;eeg_pright_halpha_mean_full_change_precond;eeg_c_specent_full_change_precond"
2025-11-26 18:21:45.911716,13,"stress_label",20,4,0.03,0.583333333333333,0.596153846153846,NA,20,"top20","eeg_tleft_sampent_full_change_precond;eeg_tleft_halpha_mean_full_change_precond;eeg_tright_lalpha_mean_full_change_precond;pupil_dilation_sd_full_change_precond;eeg_pright_sampent_full_change_precond;eeg_c_theta_mean_full_change_precond;eeg_tleft_lalpha_mean_full_change_precond;eeg_fl_hbeta_mean_full_change_precond;gsr_skin_conductance_eda_tonic_mean_nk_full_change_precond;eeg_fr_sampent_full_change_precond;eeg_t_sampent_full_change_precond;hr_heartrate_bpm_med_abs_full_change_precond;eeg_tright_halpha_mean_full_change_precond;eeg_fm_sampent_full_change_precond;eeg_c_sampent_full_change_precond;hrv_rmssd_full_change_precond;eeg_fm_theta_mean_full_change_precond;eeg_ab_ratio_full_change_precond;eeg_pright_halpha_mean_full_change_precond;eeg_c_specent_full_change_precond"
2025-11-26 18:21:46.99711,13,"stress_label",20,8,0.03,0.596153846153846,0.628205128205128,NA,20,"top20","eeg_tleft_sampent_full_change_precond;eeg_tleft_halpha_mean_full_change_precond;eeg_tright_lalpha_mean_full_change_precond;pupil_dilation_sd_full_change_precond;eeg_pright_sampent_full_change_precond;eeg_c_theta_mean_full_change_precond;eeg_tleft_lalpha_mean_full_change_precond;eeg_fl_hbeta_mean_full_change_precond;gsr_skin_conductance_eda_tonic_mean_nk_full_change_precond;eeg_fr_sampent_full_change_precond;eeg_t_sampent_full_change_precond;hr_heartrate_bpm_med_abs_full_change_precond;eeg_tright_halpha_mean_full_change_precond;eeg_fm_sampent_full_change_precond;eeg_c_sampent_full_change_precond;hrv_rmssd_full_change_precond;eeg_fm_theta_mean_full_change_precond;eeg_ab_ratio_full_change_precond;eeg_pright_halpha_mean_full_change_precond;eeg_c_specent_full_change_precond"
2025-11-26 18:21:48.045067,13,"stress_label",20,16,0.03,0.583333333333333,0.647435897435897,NA,20,"top20","eeg_tleft_sampent_full_change_precond;eeg_tleft_halpha_mean_full_change_precond;eeg_tright_lalpha_mean_full_change_precond;pupil_dilation_sd_full_change_precond;eeg_pright_sampent_full_change_precond;eeg_c_theta_mean_full_change_precond;eeg_tleft_lalpha_mean_full_change_precond;eeg_fl_hbeta_mean_full_change_precond;gsr_skin_conductance_eda_tonic_mean_nk_full_change_precond;eeg_fr_sampent_full_change_precond;eeg_t_sampent_full_change_precond;hr_heartrate_bpm_med_abs_full_change_precond;eeg_tright_halpha_mean_full_change_precond;eeg_fm_sampent_full_change_precond;eeg_c_sampent_full_change_precond;hrv_rmssd_full_change_precond;eeg_fm_theta_mean_full_change_precond;eeg_ab_ratio_full_change_precond;eeg_pright_halpha_mean_full_change_precond;eeg_c_specent_full_change_precond"
2025-11-26 18:21:49.103475,13,"stress_label",20,32,0.03,0.58974358974359,0.67948717948718,NA,20,"top20","eeg_tleft_sampent_full_change_precond;eeg_tleft_halpha_mean_full_change_precond;eeg_tright_lalpha_mean_full_change_precond;pupil_dilation_sd_full_change_precond;eeg_pright_sampent_full_change_precond;eeg_c_theta_mean_full_change_precond;eeg_tleft_lalpha_mean_full_change_precond;eeg_fl_hbeta_mean_full_change_precond;gsr_skin_conductance_eda_tonic_mean_nk_full_change_precond;eeg_fr_sampent_full_change_precond;eeg_t_sampent_full_change_precond;hr_heartrate_bpm_med_abs_full_change_precond;eeg_tright_halpha_mean_full_change_precond;eeg_fm_sampent_full_change_precond;eeg_c_sampent_full_change_precond;hrv_rmssd_full_change_precond;eeg_fm_theta_mean_full_change_precond;eeg_ab_ratio_full_change_precond;eeg_pright_halpha_mean_full_change_precond;eeg_c_specent_full_change_precond"
2025-11-26 18:21:50.364775,13,"stress_label",20,64,0.03,0.551282051282051,0.621794871794872,NA,20,"top20","eeg_tleft_sampent_full_change_precond;eeg_tleft_halpha_mean_full_change_precond;eeg_tright_lalpha_mean_full_change_precond;pupil_dilation_sd_full_change_precond;eeg_pright_sampent_full_change_precond;eeg_c_theta_mean_full_change_precond;eeg_tleft_lalpha_mean_full_change_precond;eeg_fl_hbeta_mean_full_change_precond;gsr_skin_conductance_eda_tonic_mean_nk_full_change_precond;eeg_fr_sampent_full_change_precond;eeg_t_sampent_full_change_precond;hr_heartrate_bpm_med_abs_full_change_precond;eeg_tright_halpha_mean_full_change_precond;eeg_fm_sampent_full_change_precond;eeg_c_sampent_full_change_precond;hrv_rmssd_full_change_precond;eeg_fm_theta_mean_full_change_precond;eeg_ab_ratio_full_change_precond;eeg_pright_halpha_mean_full_change_precond;eeg_c_specent_full_change_precond"
2025-11-26 18:21:51.57666,13,"stress_label",20,128,0.03,0.576923076923077,0.602564102564103,NA,20,"top20","eeg_tleft_sampent_full_change_precond;eeg_tleft_halpha_mean_full_change_precond;eeg_tright_lalpha_mean_full_change_precond;pupil_dilation_sd_full_change_precond;eeg_pright_sampent_full_change_precond;eeg_c_theta_mean_full_change_precond;eeg_tleft_lalpha_mean_full_change_precond;eeg_fl_hbeta_mean_full_change_precond;gsr_skin_conductance_eda_tonic_mean_nk_full_change_precond;eeg_fr_sampent_full_change_precond;eeg_t_sampent_full_change_precond;hr_heartrate_bpm_med_abs_full_change_precond;eeg_tright_halpha_mean_full_change_precond;eeg_fm_sampent_full_change_precond;eeg_c_sampent_full_change_precond;hrv_rmssd_full_change_precond;eeg_fm_theta_mean_full_change_precond;eeg_ab_ratio_full_change_precond;eeg_pright_halpha_mean_full_change_precond;eeg_c_specent_full_change_precond"
2025-11-26 18:21:52.818999,13,"stress_label",20,256,0.03,0.576923076923077,0.602564102564103,NA,20,"top20","eeg_tleft_sampent_full_change_precond;eeg_tleft_halpha_mean_full_change_precond;eeg_tright_lalpha_mean_full_change_precond;pupil_dilation_sd_full_change_precond;eeg_pright_sampent_full_change_precond;eeg_c_theta_mean_full_change_precond;eeg_tleft_lalpha_mean_full_change_precond;eeg_fl_hbeta_mean_full_change_precond;gsr_skin_conductance_eda_tonic_mean_nk_full_change_precond;eeg_fr_sampent_full_change_precond;eeg_t_sampent_full_change_precond;hr_heartrate_bpm_med_abs_full_change_precond;eeg_tright_halpha_mean_full_change_precond;eeg_fm_sampent_full_change_precond;eeg_c_sampent_full_change_precond;hrv_rmssd_full_change_precond;eeg_fm_theta_mean_full_change_precond;eeg_ab_ratio_full_change_precond;eeg_pright_halpha_mean_full_change_precond;eeg_c_specent_full_change_precond"
2025-11-26 18:21:53.87098,13,"stress_label",20,2,0.06,0.58974358974359,0.596153846153846,NA,20,"top20","eeg_tleft_sampent_full_change_precond;eeg_tleft_halpha_mean_full_change_precond;eeg_tright_lalpha_mean_full_change_precond;pupil_dilation_sd_full_change_precond;eeg_pright_sampent_full_change_precond;eeg_c_theta_mean_full_change_precond;eeg_tleft_lalpha_mean_full_change_precond;eeg_fl_hbeta_mean_full_change_precond;gsr_skin_conductance_eda_tonic_mean_nk_full_change_precond;eeg_fr_sampent_full_change_precond;eeg_t_sampent_full_change_precond;hr_heartrate_bpm_med_abs_full_change_precond;eeg_tright_halpha_mean_full_change_precond;eeg_fm_sampent_full_change_precond;eeg_c_sampent_full_change_precond;hrv_rmssd_full_change_precond;eeg_fm_theta_mean_full_change_precond;eeg_ab_ratio_full_change_precond;eeg_pright_halpha_mean_full_change_precond;eeg_c_specent_full_change_precond"
2025-11-26 18:21:54.972195,13,"stress_label",20,4,0.06,0.58974358974359,0.621794871794872,NA,20,"top20","eeg_tleft_sampent_full_change_precond;eeg_tleft_halpha_mean_full_change_precond;eeg_tright_lalpha_mean_full_change_precond;pupil_dilation_sd_full_change_precond;eeg_pright_sampent_full_change_precond;eeg_c_theta_mean_full_change_precond;eeg_tleft_lalpha_mean_full_change_precond;eeg_fl_hbeta_mean_full_change_precond;gsr_skin_conductance_eda_tonic_mean_nk_full_change_precond;eeg_fr_sampent_full_change_precond;eeg_t_sampent_full_change_precond;hr_heartrate_bpm_med_abs_full_change_precond;eeg_tright_halpha_mean_full_change_precond;eeg_fm_sampent_full_change_precond;eeg_c_sampent_full_change_precond;hrv_rmssd_full_change_precond;eeg_fm_theta_mean_full_change_precond;eeg_ab_ratio_full_change_precond;eeg_pright_halpha_mean_full_change_precond;eeg_c_specent_full_change_precond"
2025-11-26 18:21:55.982869,13,"stress_label",20,8,0.06,0.621794871794872,0.647435897435897,NA,20,"top20","eeg_tleft_sampent_full_change_precond;eeg_tleft_halpha_mean_full_change_precond;eeg_tright_lalpha_mean_full_change_precond;pupil_dilation_sd_full_change_precond;eeg_pright_sampent_full_change_precond;eeg_c_theta_mean_full_change_precond;eeg_tleft_lalpha_mean_full_change_precond;eeg_fl_hbeta_mean_full_change_precond;gsr_skin_conductance_eda_tonic_mean_nk_full_change_precond;eeg_fr_sampent_full_change_precond;eeg_t_sampent_full_change_precond;hr_heartrate_bpm_med_abs_full_change_precond;eeg_tright_halpha_mean_full_change_precond;eeg_fm_sampent_full_change_precond;eeg_c_sampent_full_change_precond;hrv_rmssd_full_change_precond;eeg_fm_theta_mean_full_change_precond;eeg_ab_ratio_full_change_precond;eeg_pright_halpha_mean_full_change_precond;eeg_c_specent_full_change_precond"
2025-11-26 18:21:57.072093,13,"stress_label",20,16,0.06,0.602564102564103,0.647435897435897,0.582905982905983,20,"top20","eeg_tleft_sampent_full_change_precond;eeg_tleft_halpha_mean_full_change_precond;eeg_tright_lalpha_mean_full_change_precond;pupil_dilation_sd_full_change_precond;eeg_pright_sampent_full_change_precond;eeg_c_theta_mean_full_change_precond;eeg_tleft_lalpha_mean_full_change_precond;eeg_fl_hbeta_mean_full_change_precond;gsr_skin_conductance_eda_tonic_mean_nk_full_change_precond;eeg_fr_sampent_full_change_precond;eeg_t_sampent_full_change_precond;hr_heartrate_bpm_med_abs_full_change_precond;eeg_tright_halpha_mean_full_change_precond;eeg_fm_sampent_full_change_precond;eeg_c_sampent_full_change_precond;hrv_rmssd_full_change_precond;eeg_fm_theta_mean_full_change_precond;eeg_ab_ratio_full_change_precond;eeg_pright_halpha_mean_full_change_precond;eeg_c_specent_full_change_precond"
2025-11-26 18:21:58.233036,13,"stress_label",20,32,0.06,0.583333333333333,0.615384615384615,NA,20,"top20","eeg_tleft_sampent_full_change_precond;eeg_tleft_halpha_mean_full_change_precond;eeg_tright_lalpha_mean_full_change_precond;pupil_dilation_sd_full_change_precond;eeg_pright_sampent_full_change_precond;eeg_c_theta_mean_full_change_precond;eeg_tleft_lalpha_mean_full_change_precond;eeg_fl_hbeta_mean_full_change_precond;gsr_skin_conductance_eda_tonic_mean_nk_full_change_precond;eeg_fr_sampent_full_change_precond;eeg_t_sampent_full_change_precond;hr_heartrate_bpm_med_abs_full_change_precond;eeg_tright_halpha_mean_full_change_precond;eeg_fm_sampent_full_change_precond;eeg_c_sampent_full_change_precond;hrv_rmssd_full_change_precond;eeg_fm_theta_mean_full_change_precond;eeg_ab_ratio_full_change_precond;eeg_pright_halpha_mean_full_change_precond;eeg_c_specent_full_change_precond"
2025-11-26 18:21:59.407112,13,"stress_label",20,64,0.06,0.583333333333333,0.615384615384615,NA,20,"top20","eeg_tleft_sampent_full_change_precond;eeg_tleft_halpha_mean_full_change_precond;eeg_tright_lalpha_mean_full_change_precond;pupil_dilation_sd_full_change_precond;eeg_pright_sampent_full_change_precond;eeg_c_theta_mean_full_change_precond;eeg_tleft_lalpha_mean_full_change_precond;eeg_fl_hbeta_mean_full_change_precond;gsr_skin_conductance_eda_tonic_mean_nk_full_change_precond;eeg_fr_sampent_full_change_precond;eeg_t_sampent_full_change_precond;hr_heartrate_bpm_med_abs_full_change_precond;eeg_tright_halpha_mean_full_change_precond;eeg_fm_sampent_full_change_precond;eeg_c_sampent_full_change_precond;hrv_rmssd_full_change_precond;eeg_fm_theta_mean_full_change_precond;eeg_ab_ratio_full_change_precond;eeg_pright_halpha_mean_full_change_precond;eeg_c_specent_full_change_precond"
2025-11-26 18:22:00.48478,13,"stress_label",20,128,0.06,0.583333333333333,0.615384615384615,NA,20,"top20","eeg_tleft_sampent_full_change_precond;eeg_tleft_halpha_mean_full_change_precond;eeg_tright_lalpha_mean_full_change_precond;pupil_dilation_sd_full_change_precond;eeg_pright_sampent_full_change_precond;eeg_c_theta_mean_full_change_precond;eeg_tleft_lalpha_mean_full_change_precond;eeg_fl_hbeta_mean_full_change_precond;gsr_skin_conductance_eda_tonic_mean_nk_full_change_precond;eeg_fr_sampent_full_change_precond;eeg_t_sampent_full_change_precond;hr_heartrate_bpm_med_abs_full_change_precond;eeg_tright_halpha_mean_full_change_precond;eeg_fm_sampent_full_change_precond;eeg_c_sampent_full_change_precond;hrv_rmssd_full_change_precond;eeg_fm_theta_mean_full_change_precond;eeg_ab_ratio_full_change_precond;eeg_pright_halpha_mean_full_change_precond;eeg_c_specent_full_change_precond"
2025-11-26 18:22:01.646745,13,"stress_label",20,256,0.06,0.583333333333333,0.615384615384615,NA,20,"top20","eeg_tleft_sampent_full_change_precond;eeg_tleft_halpha_mean_full_change_precond;eeg_tright_lalpha_mean_full_change_precond;pupil_dilation_sd_full_change_precond;eeg_pright_sampent_full_change_precond;eeg_c_theta_mean_full_change_precond;eeg_tleft_lalpha_mean_full_change_precond;eeg_fl_hbeta_mean_full_change_precond;gsr_skin_conductance_eda_tonic_mean_nk_full_change_precond;eeg_fr_sampent_full_change_precond;eeg_t_sampent_full_change_precond;hr_heartrate_bpm_med_abs_full_change_precond;eeg_tright_halpha_mean_full_change_precond;eeg_fm_sampent_full_change_precond;eeg_c_sampent_full_change_precond;hrv_rmssd_full_change_precond;eeg_fm_theta_mean_full_change_precond;eeg_ab_ratio_full_change_precond;eeg_pright_halpha_mean_full_change_precond;eeg_c_specent_full_change_precond"
2025-11-26 18:22:02.734907,13,"stress_label",20,2,0.1,0.583333333333333,0.58974358974359,0.560683760683761,20,"top20","eeg_tleft_sampent_full_change_precond;eeg_tleft_halpha_mean_full_change_precond;eeg_tright_lalpha_mean_full_change_precond;pupil_dilation_sd_full_change_precond;eeg_pright_sampent_full_change_precond;eeg_c_theta_mean_full_change_precond;eeg_tleft_lalpha_mean_full_change_precond;eeg_fl_hbeta_mean_full_change_precond;gsr_skin_conductance_eda_tonic_mean_nk_full_change_precond;eeg_fr_sampent_full_change_precond;eeg_t_sampent_full_change_precond;hr_heartrate_bpm_med_abs_full_change_precond;eeg_tright_halpha_mean_full_change_precond;eeg_fm_sampent_full_change_precond;eeg_c_sampent_full_change_precond;hrv_rmssd_full_change_precond;eeg_fm_theta_mean_full_change_precond;eeg_ab_ratio_full_change_precond;eeg_pright_halpha_mean_full_change_precond;eeg_c_specent_full_change_precond"
2025-11-26 18:22:03.83745,13,"stress_label",20,4,0.1,0.596153846153846,0.621794871794872,NA,20,"top20","eeg_tleft_sampent_full_change_precond;eeg_tleft_halpha_mean_full_change_precond;eeg_tright_lalpha_mean_full_change_precond;pupil_dilation_sd_full_change_precond;eeg_pright_sampent_full_change_precond;eeg_c_theta_mean_full_change_precond;eeg_tleft_lalpha_mean_full_change_precond;eeg_fl_hbeta_mean_full_change_precond;gsr_skin_conductance_eda_tonic_mean_nk_full_change_precond;eeg_fr_sampent_full_change_precond;eeg_t_sampent_full_change_precond;hr_heartrate_bpm_med_abs_full_change_precond;eeg_tright_halpha_mean_full_change_precond;eeg_fm_sampent_full_change_precond;eeg_c_sampent_full_change_precond;hrv_rmssd_full_change_precond;eeg_fm_theta_mean_full_change_precond;eeg_ab_ratio_full_change_precond;eeg_pright_halpha_mean_full_change_precond;eeg_c_specent_full_change_precond"
2025-11-26 18:22:04.919823,13,"stress_label",20,8,0.1,0.576923076923077,0.621794871794872,NA,20,"top20","eeg_tleft_sampent_full_change_precond;eeg_tleft_halpha_mean_full_change_precond;eeg_tright_lalpha_mean_full_change_precond;pupil_dilation_sd_full_change_precond;eeg_pright_sampent_full_change_precond;eeg_c_theta_mean_full_change_precond;eeg_tleft_lalpha_mean_full_change_precond;eeg_fl_hbeta_mean_full_change_precond;gsr_skin_conductance_eda_tonic_mean_nk_full_change_precond;eeg_fr_sampent_full_change_precond;eeg_t_sampent_full_change_precond;hr_heartrate_bpm_med_abs_full_change_precond;eeg_tright_halpha_mean_full_change_precond;eeg_fm_sampent_full_change_precond;eeg_c_sampent_full_change_precond;hrv_rmssd_full_change_precond;eeg_fm_theta_mean_full_change_precond;eeg_ab_ratio_full_change_precond;eeg_pright_halpha_mean_full_change_precond;eeg_c_specent_full_change_precond"
2025-11-26 18:22:05.973007,13,"stress_label",20,16,0.1,0.583333333333333,0.628205128205128,NA,20,"top20","eeg_tleft_sampent_full_change_precond;eeg_tleft_halpha_mean_full_change_precond;eeg_tright_lalpha_mean_full_change_precond;pupil_dilation_sd_full_change_precond;eeg_pright_sampent_full_change_precond;eeg_c_theta_mean_full_change_precond;eeg_tleft_lalpha_mean_full_change_precond;eeg_fl_hbeta_mean_full_change_precond;gsr_skin_conductance_eda_tonic_mean_nk_full_change_precond;eeg_fr_sampent_full_change_precond;eeg_t_sampent_full_change_precond;hr_heartrate_bpm_med_abs_full_change_precond;eeg_tright_halpha_mean_full_change_precond;eeg_fm_sampent_full_change_precond;eeg_c_sampent_full_change_precond;hrv_rmssd_full_change_precond;eeg_fm_theta_mean_full_change_precond;eeg_ab_ratio_full_change_precond;eeg_pright_halpha_mean_full_change_precond;eeg_c_specent_full_change_precond"
2025-11-26 18:22:06.86836,13,"stress_label",20,32,0.1,0.583333333333333,0.628205128205128,NA,20,"top20","eeg_tleft_sampent_full_change_precond;eeg_tleft_halpha_mean_full_change_precond;eeg_tright_lalpha_mean_full_change_precond;pupil_dilation_sd_full_change_precond;eeg_pright_sampent_full_change_precond;eeg_c_theta_mean_full_change_precond;eeg_tleft_lalpha_mean_full_change_precond;eeg_fl_hbeta_mean_full_change_precond;gsr_skin_conductance_eda_tonic_mean_nk_full_change_precond;eeg_fr_sampent_full_change_precond;eeg_t_sampent_full_change_precond;hr_heartrate_bpm_med_abs_full_change_precond;eeg_tright_halpha_mean_full_change_precond;eeg_fm_sampent_full_change_precond;eeg_c_sampent_full_change_precond;hrv_rmssd_full_change_precond;eeg_fm_theta_mean_full_change_precond;eeg_ab_ratio_full_change_precond;eeg_pright_halpha_mean_full_change_precond;eeg_c_specent_full_change_precond"
2025-11-26 18:22:07.993442,13,"stress_label",20,64,0.1,0.583333333333333,0.602564102564103,NA,20,"top20","eeg_tleft_sampent_full_change_precond;eeg_tleft_halpha_mean_full_change_precond;eeg_tright_lalpha_mean_full_change_precond;pupil_dilation_sd_full_change_precond;eeg_pright_sampent_full_change_precond;eeg_c_theta_mean_full_change_precond;eeg_tleft_lalpha_mean_full_change_precond;eeg_fl_hbeta_mean_full_change_precond;gsr_skin_conductance_eda_tonic_mean_nk_full_change_precond;eeg_fr_sampent_full_change_precond;eeg_t_sampent_full_change_precond;hr_heartrate_bpm_med_abs_full_change_precond;eeg_tright_halpha_mean_full_change_precond;eeg_fm_sampent_full_change_precond;eeg_c_sampent_full_change_precond;hrv_rmssd_full_change_precond;eeg_fm_theta_mean_full_change_precond;eeg_ab_ratio_full_change_precond;eeg_pright_halpha_mean_full_change_precond;eeg_c_specent_full_change_precond"
2025-11-26 18:22:09.051821,13,"stress_label",20,128,0.1,0.583333333333333,0.628205128205128,NA,20,"top20","eeg_tleft_sampent_full_change_precond;eeg_tleft_halpha_mean_full_change_precond;eeg_tright_lalpha_mean_full_change_precond;pupil_dilation_sd_full_change_precond;eeg_pright_sampent_full_change_precond;eeg_c_theta_mean_full_change_precond;eeg_tleft_lalpha_mean_full_change_precond;eeg_fl_hbeta_mean_full_change_precond;gsr_skin_conductance_eda_tonic_mean_nk_full_change_precond;eeg_fr_sampent_full_change_precond;eeg_t_sampent_full_change_precond;hr_heartrate_bpm_med_abs_full_change_precond;eeg_tright_halpha_mean_full_change_precond;eeg_fm_sampent_full_change_precond;eeg_c_sampent_full_change_precond;hrv_rmssd_full_change_precond;eeg_fm_theta_mean_full_change_precond;eeg_ab_ratio_full_change_precond;eeg_pright_halpha_mean_full_change_precond;eeg_c_specent_full_change_precond"
2025-11-26 18:22:10.225839,13,"stress_label",20,256,0.1,0.583333333333333,0.628205128205128,NA,20,"top20","eeg_tleft_sampent_full_change_precond;eeg_tleft_halpha_mean_full_change_precond;eeg_tright_lalpha_mean_full_change_precond;pupil_dilation_sd_full_change_precond;eeg_pright_sampent_full_change_precond;eeg_c_theta_mean_full_change_precond;eeg_tleft_lalpha_mean_full_change_precond;eeg_fl_hbeta_mean_full_change_precond;gsr_skin_conductance_eda_tonic_mean_nk_full_change_precond;eeg_fr_sampent_full_change_precond;eeg_t_sampent_full_change_precond;hr_heartrate_bpm_med_abs_full_change_precond;eeg_tright_halpha_mean_full_change_precond;eeg_fm_sampent_full_change_precond;eeg_c_sampent_full_change_precond;hrv_rmssd_full_change_precond;eeg_fm_theta_mean_full_change_precond;eeg_ab_ratio_full_change_precond;eeg_pright_halpha_mean_full_change_precond;eeg_c_specent_full_change_precond"
2025-11-26 18:22:11.106353,13,"stress_label",10,2,0.0078125,0.615384615384615,0.634615384615385,NA,10,"top10","eeg_tleft_sampent_full_change_precond;eeg_tleft_halpha_mean_full_change_precond;eeg_tright_lalpha_mean_full_change_precond;pupil_dilation_sd_full_change_precond;eeg_pright_sampent_full_change_precond;eeg_c_theta_mean_full_change_precond;eeg_tleft_lalpha_mean_full_change_precond;eeg_fl_hbeta_mean_full_change_precond;gsr_skin_conductance_eda_tonic_mean_nk_full_change_precond;eeg_fr_sampent_full_change_precond"
2025-11-26 18:22:11.970962,13,"stress_label",10,4,0.0078125,0.608974358974359,0.66025641025641,0.584615384615385,10,"top10","eeg_tleft_sampent_full_change_precond;eeg_tleft_halpha_mean_full_change_precond;eeg_tright_lalpha_mean_full_change_precond;pupil_dilation_sd_full_change_precond;eeg_pright_sampent_full_change_precond;eeg_c_theta_mean_full_change_precond;eeg_tleft_lalpha_mean_full_change_precond;eeg_fl_hbeta_mean_full_change_precond;gsr_skin_conductance_eda_tonic_mean_nk_full_change_precond;eeg_fr_sampent_full_change_precond"
2025-11-26 18:22:12.827399,13,"stress_label",10,8,0.0078125,0.608974358974359,0.666666666666667,NA,10,"top10","eeg_tleft_sampent_full_change_precond;eeg_tleft_halpha_mean_full_change_precond;eeg_tright_lalpha_mean_full_change_precond;pupil_dilation_sd_full_change_precond;eeg_pright_sampent_full_change_precond;eeg_c_theta_mean_full_change_precond;eeg_tleft_lalpha_mean_full_change_precond;eeg_fl_hbeta_mean_full_change_precond;gsr_skin_conductance_eda_tonic_mean_nk_full_change_precond;eeg_fr_sampent_full_change_precond"
2025-11-26 18:22:13.633279,13,"stress_label",10,16,0.0078125,0.628205128205128,0.647435897435897,0.604273504273504,10,"top10","eeg_tleft_sampent_full_change_precond;eeg_tleft_halpha_mean_full_change_precond;eeg_tright_lalpha_mean_full_change_precond;pupil_dilation_sd_full_change_precond;eeg_pright_sampent_full_change_precond;eeg_c_theta_mean_full_change_precond;eeg_tleft_lalpha_mean_full_change_precond;eeg_fl_hbeta_mean_full_change_precond;gsr_skin_conductance_eda_tonic_mean_nk_full_change_precond;eeg_fr_sampent_full_change_precond"
2025-11-26 18:22:14.513305,13,"stress_label",10,32,0.0078125,0.602564102564103,0.647435897435897,0.58974358974359,10,"top10","eeg_tleft_sampent_full_change_precond;eeg_tleft_halpha_mean_full_change_precond;eeg_tright_lalpha_mean_full_change_precond;pupil_dilation_sd_full_change_precond;eeg_pright_sampent_full_change_precond;eeg_c_theta_mean_full_change_precond;eeg_tleft_lalpha_mean_full_change_precond;eeg_fl_hbeta_mean_full_change_precond;gsr_skin_conductance_eda_tonic_mean_nk_full_change_precond;eeg_fr_sampent_full_change_precond"
2025-11-26 18:22:15.387163,13,"stress_label",10,64,0.0078125,0.602564102564103,0.634615384615385,0.58974358974359,10,"top10","eeg_tleft_sampent_full_change_precond;eeg_tleft_halpha_mean_full_change_precond;eeg_tright_lalpha_mean_full_change_precond;pupil_dilation_sd_full_change_precond;eeg_pright_sampent_full_change_precond;eeg_c_theta_mean_full_change_precond;eeg_tleft_lalpha_mean_full_change_precond;eeg_fl_hbeta_mean_full_change_precond;gsr_skin_conductance_eda_tonic_mean_nk_full_change_precond;eeg_fr_sampent_full_change_precond"
2025-11-26 18:22:16.320408,13,"stress_label",10,128,0.0078125,0.57051282051282,0.634615384615385,0.552136752136752,10,"top10","eeg_tleft_sampent_full_change_precond;eeg_tleft_halpha_mean_full_change_precond;eeg_tright_lalpha_mean_full_change_precond;pupil_dilation_sd_full_change_precond;eeg_pright_sampent_full_change_precond;eeg_c_theta_mean_full_change_precond;eeg_tleft_lalpha_mean_full_change_precond;eeg_fl_hbeta_mean_full_change_precond;gsr_skin_conductance_eda_tonic_mean_nk_full_change_precond;eeg_fr_sampent_full_change_precond"
2025-11-26 18:22:17.385146,13,"stress_label",10,256,0.0078125,0.602564102564103,0.647435897435897,NA,10,"top10","eeg_tleft_sampent_full_change_precond;eeg_tleft_halpha_mean_full_change_precond;eeg_tright_lalpha_mean_full_change_precond;pupil_dilation_sd_full_change_precond;eeg_pright_sampent_full_change_precond;eeg_c_theta_mean_full_change_precond;eeg_tleft_lalpha_mean_full_change_precond;eeg_fl_hbeta_mean_full_change_precond;gsr_skin_conductance_eda_tonic_mean_nk_full_change_precond;eeg_fr_sampent_full_change_precond"
2025-11-26 18:22:18.172688,13,"stress_label",10,2,0.015625,0.628205128205128,0.66025641025641,0.597435897435897,10,"top10","eeg_tleft_sampent_full_change_precond;eeg_tleft_halpha_mean_full_change_precond;eeg_tright_lalpha_mean_full_change_precond;pupil_dilation_sd_full_change_precond;eeg_pright_sampent_full_change_precond;eeg_c_theta_mean_full_change_precond;eeg_tleft_lalpha_mean_full_change_precond;eeg_fl_hbeta_mean_full_change_precond;gsr_skin_conductance_eda_tonic_mean_nk_full_change_precond;eeg_fr_sampent_full_change_precond"
2025-11-26 18:22:19.017631,13,"stress_label",10,4,0.015625,0.621794871794872,0.66025641025641,NA,10,"top10","eeg_tleft_sampent_full_change_precond;eeg_tleft_halpha_mean_full_change_precond;eeg_tright_lalpha_mean_full_change_precond;pupil_dilation_sd_full_change_precond;eeg_pright_sampent_full_change_precond;eeg_c_theta_mean_full_change_precond;eeg_tleft_lalpha_mean_full_change_precond;eeg_fl_hbeta_mean_full_change_precond;gsr_skin_conductance_eda_tonic_mean_nk_full_change_precond;eeg_fr_sampent_full_change_precond"
2025-11-26 18:22:19.854126,13,"stress_label",10,8,0.015625,0.608974358974359,0.653846153846154,0.575213675213675,10,"top10","eeg_tleft_sampent_full_change_precond;eeg_tleft_halpha_mean_full_change_precond;eeg_tright_lalpha_mean_full_change_precond;pupil_dilation_sd_full_change_precond;eeg_pright_sampent_full_change_precond;eeg_c_theta_mean_full_change_precond;eeg_tleft_lalpha_mean_full_change_precond;eeg_fl_hbeta_mean_full_change_precond;gsr_skin_conductance_eda_tonic_mean_nk_full_change_precond;eeg_fr_sampent_full_change_precond"
2025-11-26 18:22:20.650998,13,"stress_label",10,16,0.015625,0.608974358974359,0.647435897435897,0.593162393162393,10,"top10","eeg_tleft_sampent_full_change_precond;eeg_tleft_halpha_mean_full_change_precond;eeg_tright_lalpha_mean_full_change_precond;pupil_dilation_sd_full_change_precond;eeg_pright_sampent_full_change_precond;eeg_c_theta_mean_full_change_precond;eeg_tleft_lalpha_mean_full_change_precond;eeg_fl_hbeta_mean_full_change_precond;gsr_skin_conductance_eda_tonic_mean_nk_full_change_precond;eeg_fr_sampent_full_change_precond"
2025-11-26 18:22:21.316774,13,"stress_label",10,32,0.015625,0.615384615384615,0.647435897435897,0.601709401709402,10,"top10","eeg_tleft_sampent_full_change_precond;eeg_tleft_halpha_mean_full_change_precond;eeg_tright_lalpha_mean_full_change_precond;pupil_dilation_sd_full_change_precond;eeg_pright_sampent_full_change_precond;eeg_c_theta_mean_full_change_precond;eeg_tleft_lalpha_mean_full_change_precond;eeg_fl_hbeta_mean_full_change_precond;gsr_skin_conductance_eda_tonic_mean_nk_full_change_precond;eeg_fr_sampent_full_change_precond"
2025-11-26 18:22:22.196678,13,"stress_label",10,64,0.015625,0.602564102564103,0.647435897435897,NA,10,"top10","eeg_tleft_sampent_full_change_precond;eeg_tleft_halpha_mean_full_change_precond;eeg_tright_lalpha_mean_full_change_precond;pupil_dilation_sd_full_change_precond;eeg_pright_sampent_full_change_precond;eeg_c_theta_mean_full_change_precond;eeg_tleft_lalpha_mean_full_change_precond;eeg_fl_hbeta_mean_full_change_precond;gsr_skin_conductance_eda_tonic_mean_nk_full_change_precond;eeg_fr_sampent_full_change_precond"
2025-11-26 18:22:23.228427,13,"stress_label",10,128,0.015625,0.57051282051282,0.647435897435897,NA,10,"top10","eeg_tleft_sampent_full_change_precond;eeg_tleft_halpha_mean_full_change_precond;eeg_tright_lalpha_mean_full_change_precond;pupil_dilation_sd_full_change_precond;eeg_pright_sampent_full_change_precond;eeg_c_theta_mean_full_change_precond;eeg_tleft_lalpha_mean_full_change_precond;eeg_fl_hbeta_mean_full_change_precond;gsr_skin_conductance_eda_tonic_mean_nk_full_change_precond;eeg_fr_sampent_full_change_precond"
2025-11-26 18:22:24.490157,13,"stress_label",10,256,0.015625,0.583333333333333,0.673076923076923,NA,10,"top10","eeg_tleft_sampent_full_change_precond;eeg_tleft_halpha_mean_full_change_precond;eeg_tright_lalpha_mean_full_change_precond;pupil_dilation_sd_full_change_precond;eeg_pright_sampent_full_change_precond;eeg_c_theta_mean_full_change_precond;eeg_tleft_lalpha_mean_full_change_precond;eeg_fl_hbeta_mean_full_change_precond;gsr_skin_conductance_eda_tonic_mean_nk_full_change_precond;eeg_fr_sampent_full_change_precond"
2025-11-26 18:22:25.380852,13,"stress_label",10,2,0.03125,0.615384615384615,0.673076923076923,NA,10,"top10","eeg_tleft_sampent_full_change_precond;eeg_tleft_halpha_mean_full_change_precond;eeg_tright_lalpha_mean_full_change_precond;pupil_dilation_sd_full_change_precond;eeg_pright_sampent_full_change_precond;eeg_c_theta_mean_full_change_precond;eeg_tleft_lalpha_mean_full_change_precond;eeg_fl_hbeta_mean_full_change_precond;gsr_skin_conductance_eda_tonic_mean_nk_full_change_precond;eeg_fr_sampent_full_change_precond"
2025-11-26 18:22:26.223908,13,"stress_label",10,4,0.03125,0.634615384615385,0.66025641025641,0.594871794871795,10,"top10","eeg_tleft_sampent_full_change_precond;eeg_tleft_halpha_mean_full_change_precond;eeg_tright_lalpha_mean_full_change_precond;pupil_dilation_sd_full_change_precond;eeg_pright_sampent_full_change_precond;eeg_c_theta_mean_full_change_precond;eeg_tleft_lalpha_mean_full_change_precond;eeg_fl_hbeta_mean_full_change_precond;gsr_skin_conductance_eda_tonic_mean_nk_full_change_precond;eeg_fr_sampent_full_change_precond"
2025-11-26 18:22:27.058195,13,"stress_label",10,8,0.03125,0.628205128205128,0.628205128205128,0.61025641025641,10,"top10","eeg_tleft_sampent_full_change_precond;eeg_tleft_halpha_mean_full_change_precond;eeg_tright_lalpha_mean_full_change_precond;pupil_dilation_sd_full_change_precond;eeg_pright_sampent_full_change_precond;eeg_c_theta_mean_full_change_precond;eeg_tleft_lalpha_mean_full_change_precond;eeg_fl_hbeta_mean_full_change_precond;gsr_skin_conductance_eda_tonic_mean_nk_full_change_precond;eeg_fr_sampent_full_change_precond"
2025-11-26 18:22:27.932966,13,"stress_label",10,16,0.03125,0.615384615384615,0.641025641025641,0.611111111111111,10,"top10","eeg_tleft_sampent_full_change_precond;eeg_tleft_halpha_mean_full_change_precond;eeg_tright_lalpha_mean_full_change_precond;pupil_dilation_sd_full_change_precond;eeg_pright_sampent_full_change_precond;eeg_c_theta_mean_full_change_precond;eeg_tleft_lalpha_mean_full_change_precond;eeg_fl_hbeta_mean_full_change_precond;gsr_skin_conductance_eda_tonic_mean_nk_full_change_precond;eeg_fr_sampent_full_change_precond"
2025-11-26 18:22:28.876895,13,"stress_label",10,32,0.03125,0.583333333333333,0.66025641025641,NA,10,"top10","eeg_tleft_sampent_full_change_precond;eeg_tleft_halpha_mean_full_change_precond;eeg_tright_lalpha_mean_full_change_precond;pupil_dilation_sd_full_change_precond;eeg_pright_sampent_full_change_precond;eeg_c_theta_mean_full_change_precond;eeg_tleft_lalpha_mean_full_change_precond;eeg_fl_hbeta_mean_full_change_precond;gsr_skin_conductance_eda_tonic_mean_nk_full_change_precond;eeg_fr_sampent_full_change_precond"
2025-11-26 18:22:29.876293,13,"stress_label",10,64,0.03125,0.551282051282051,0.641025641025641,NA,10,"top10","eeg_tleft_sampent_full_change_precond;eeg_tleft_halpha_mean_full_change_precond;eeg_tright_lalpha_mean_full_change_precond;pupil_dilation_sd_full_change_precond;eeg_pright_sampent_full_change_precond;eeg_c_theta_mean_full_change_precond;eeg_tleft_lalpha_mean_full_change_precond;eeg_fl_hbeta_mean_full_change_precond;gsr_skin_conductance_eda_tonic_mean_nk_full_change_precond;eeg_fr_sampent_full_change_precond"
2025-11-26 18:22:30.805872,13,"stress_label",10,128,0.03125,0.538461538461538,0.602564102564103,0.552136752136752,10,"top10","eeg_tleft_sampent_full_change_precond;eeg_tleft_halpha_mean_full_change_precond;eeg_tright_lalpha_mean_full_change_precond;pupil_dilation_sd_full_change_precond;eeg_pright_sampent_full_change_precond;eeg_c_theta_mean_full_change_precond;eeg_tleft_lalpha_mean_full_change_precond;eeg_fl_hbeta_mean_full_change_precond;gsr_skin_conductance_eda_tonic_mean_nk_full_change_precond;eeg_fr_sampent_full_change_precond"
2025-11-26 18:22:32.29707,13,"stress_label",10,256,0.03125,0.551282051282051,0.628205128205128,NA,10,"top10","eeg_tleft_sampent_full_change_precond;eeg_tleft_halpha_mean_full_change_precond;eeg_tright_lalpha_mean_full_change_precond;pupil_dilation_sd_full_change_precond;eeg_pright_sampent_full_change_precond;eeg_c_theta_mean_full_change_precond;eeg_tleft_lalpha_mean_full_change_precond;eeg_fl_hbeta_mean_full_change_precond;gsr_skin_conductance_eda_tonic_mean_nk_full_change_precond;eeg_fr_sampent_full_change_precond"
2025-11-26 18:22:33.151162,13,"stress_label",10,2,0.0625,0.634615384615385,0.666666666666667,0.609401709401709,10,"top10","eeg_tleft_sampent_full_change_precond;eeg_tleft_halpha_mean_full_change_precond;eeg_tright_lalpha_mean_full_change_precond;pupil_dilation_sd_full_change_precond;eeg_pright_sampent_full_change_precond;eeg_c_theta_mean_full_change_precond;eeg_tleft_lalpha_mean_full_change_precond;eeg_fl_hbeta_mean_full_change_precond;gsr_skin_conductance_eda_tonic_mean_nk_full_change_precond;eeg_fr_sampent_full_change_precond"
2025-11-26 18:22:33.963078,13,"stress_label",10,4,0.0625,0.641025641025641,0.641025641025641,0.634188034188034,10,"top10","eeg_tleft_sampent_full_change_precond;eeg_tleft_halpha_mean_full_change_precond;eeg_tright_lalpha_mean_full_change_precond;pupil_dilation_sd_full_change_precond;eeg_pright_sampent_full_change_precond;eeg_c_theta_mean_full_change_precond;eeg_tleft_lalpha_mean_full_change_precond;eeg_fl_hbeta_mean_full_change_precond;gsr_skin_conductance_eda_tonic_mean_nk_full_change_precond;eeg_fr_sampent_full_change_precond"
2025-11-26 18:22:34.773263,13,"stress_label",10,8,0.0625,0.596153846153846,0.67948717948718,0.594871794871795,10,"top10","eeg_tleft_sampent_full_change_precond;eeg_tleft_halpha_mean_full_change_precond;eeg_tright_lalpha_mean_full_change_precond;pupil_dilation_sd_full_change_precond;eeg_pright_sampent_full_change_precond;eeg_c_theta_mean_full_change_precond;eeg_tleft_lalpha_mean_full_change_precond;eeg_fl_hbeta_mean_full_change_precond;gsr_skin_conductance_eda_tonic_mean_nk_full_change_precond;eeg_fr_sampent_full_change_precond"
2025-11-26 18:22:35.640098,13,"stress_label",10,16,0.0625,0.564102564102564,0.621794871794872,0.55982905982906,10,"top10","eeg_tleft_sampent_full_change_precond;eeg_tleft_halpha_mean_full_change_precond;eeg_tright_lalpha_mean_full_change_precond;pupil_dilation_sd_full_change_precond;eeg_pright_sampent_full_change_precond;eeg_c_theta_mean_full_change_precond;eeg_tleft_lalpha_mean_full_change_precond;eeg_fl_hbeta_mean_full_change_precond;gsr_skin_conductance_eda_tonic_mean_nk_full_change_precond;eeg_fr_sampent_full_change_precond"
2025-11-26 18:22:36.65279,13,"stress_label",10,32,0.0625,0.564102564102564,0.621794871794872,0.581196581196581,10,"top10","eeg_tleft_sampent_full_change_precond;eeg_tleft_halpha_mean_full_change_precond;eeg_tright_lalpha_mean_full_change_precond;pupil_dilation_sd_full_change_precond;eeg_pright_sampent_full_change_precond;eeg_c_theta_mean_full_change_precond;eeg_tleft_lalpha_mean_full_change_precond;eeg_fl_hbeta_mean_full_change_precond;gsr_skin_conductance_eda_tonic_mean_nk_full_change_precond;eeg_fr_sampent_full_change_precond"
2025-11-26 18:22:37.794636,13,"stress_label",10,64,0.0625,0.576923076923077,0.634615384615385,NA,10,"top10","eeg_tleft_sampent_full_change_precond;eeg_tleft_halpha_mean_full_change_precond;eeg_tright_lalpha_mean_full_change_precond;pupil_dilation_sd_full_change_precond;eeg_pright_sampent_full_change_precond;eeg_c_theta_mean_full_change_precond;eeg_tleft_lalpha_mean_full_change_precond;eeg_fl_hbeta_mean_full_change_precond;gsr_skin_conductance_eda_tonic_mean_nk_full_change_precond;eeg_fr_sampent_full_change_precond"
2025-11-26 18:22:39.023253,13,"stress_label",10,128,0.0625,0.538461538461538,0.647435897435897,NA,10,"top10","eeg_tleft_sampent_full_change_precond;eeg_tleft_halpha_mean_full_change_precond;eeg_tright_lalpha_mean_full_change_precond;pupil_dilation_sd_full_change_precond;eeg_pright_sampent_full_change_precond;eeg_c_theta_mean_full_change_precond;eeg_tleft_lalpha_mean_full_change_precond;eeg_fl_hbeta_mean_full_change_precond;gsr_skin_conductance_eda_tonic_mean_nk_full_change_precond;eeg_fr_sampent_full_change_precond"
2025-11-26 18:22:40.257235,13,"stress_label",10,256,0.0625,0.564102564102564,0.576923076923077,NA,10,"top10","eeg_tleft_sampent_full_change_precond;eeg_tleft_halpha_mean_full_change_precond;eeg_tright_lalpha_mean_full_change_precond;pupil_dilation_sd_full_change_precond;eeg_pright_sampent_full_change_precond;eeg_c_theta_mean_full_change_precond;eeg_tleft_lalpha_mean_full_change_precond;eeg_fl_hbeta_mean_full_change_precond;gsr_skin_conductance_eda_tonic_mean_nk_full_change_precond;eeg_fr_sampent_full_change_precond"
2025-11-26 18:22:41.141153,13,"stress_label",10,2,0.125,0.621794871794872,0.647435897435897,0.618803418803419,10,"top10","eeg_tleft_sampent_full_change_precond;eeg_tleft_halpha_mean_full_change_precond;eeg_tright_lalpha_mean_full_change_precond;pupil_dilation_sd_full_change_precond;eeg_pright_sampent_full_change_precond;eeg_c_theta_mean_full_change_precond;eeg_tleft_lalpha_mean_full_change_precond;eeg_fl_hbeta_mean_full_change_precond;gsr_skin_conductance_eda_tonic_mean_nk_full_change_precond;eeg_fr_sampent_full_change_precond"
2025-11-26 18:22:41.976349,13,"stress_label",10,4,0.125,0.583333333333333,0.634615384615385,0.583760683760684,10,"top10","eeg_tleft_sampent_full_change_precond;eeg_tleft_halpha_mean_full_change_precond;eeg_tright_lalpha_mean_full_change_precond;pupil_dilation_sd_full_change_precond;eeg_pright_sampent_full_change_precond;eeg_c_theta_mean_full_change_precond;eeg_tleft_lalpha_mean_full_change_precond;eeg_fl_hbeta_mean_full_change_precond;gsr_skin_conductance_eda_tonic_mean_nk_full_change_precond;eeg_fr_sampent_full_change_precond"
2025-11-26 18:22:42.705417,13,"stress_label",10,8,0.125,0.583333333333333,0.615384615384615,0.587179487179487,10,"top10","eeg_tleft_sampent_full_change_precond;eeg_tleft_halpha_mean_full_change_precond;eeg_tright_lalpha_mean_full_change_precond;pupil_dilation_sd_full_change_precond;eeg_pright_sampent_full_change_precond;eeg_c_theta_mean_full_change_precond;eeg_tleft_lalpha_mean_full_change_precond;eeg_fl_hbeta_mean_full_change_precond;gsr_skin_conductance_eda_tonic_mean_nk_full_change_precond;eeg_fr_sampent_full_change_precond"
2025-11-26 18:22:43.589614,13,"stress_label",10,16,0.125,0.564102564102564,0.596153846153846,NA,10,"top10","eeg_tleft_sampent_full_change_precond;eeg_tleft_halpha_mean_full_change_precond;eeg_tright_lalpha_mean_full_change_precond;pupil_dilation_sd_full_change_precond;eeg_pright_sampent_full_change_precond;eeg_c_theta_mean_full_change_precond;eeg_tleft_lalpha_mean_full_change_precond;eeg_fl_hbeta_mean_full_change_precond;gsr_skin_conductance_eda_tonic_mean_nk_full_change_precond;eeg_fr_sampent_full_change_precond"
2025-11-26 18:22:44.505604,13,"stress_label",10,32,0.125,0.557692307692308,0.57051282051282,NA,10,"top10","eeg_tleft_sampent_full_change_precond;eeg_tleft_halpha_mean_full_change_precond;eeg_tright_lalpha_mean_full_change_precond;pupil_dilation_sd_full_change_precond;eeg_pright_sampent_full_change_precond;eeg_c_theta_mean_full_change_precond;eeg_tleft_lalpha_mean_full_change_precond;eeg_fl_hbeta_mean_full_change_precond;gsr_skin_conductance_eda_tonic_mean_nk_full_change_precond;eeg_fr_sampent_full_change_precond"
2025-11-26 18:22:45.351732,13,"stress_label",10,64,0.125,0.576923076923077,0.544871794871795,NA,10,"top10","eeg_tleft_sampent_full_change_precond;eeg_tleft_halpha_mean_full_change_precond;eeg_tright_lalpha_mean_full_change_precond;pupil_dilation_sd_full_change_precond;eeg_pright_sampent_full_change_precond;eeg_c_theta_mean_full_change_precond;eeg_tleft_lalpha_mean_full_change_precond;eeg_fl_hbeta_mean_full_change_precond;gsr_skin_conductance_eda_tonic_mean_nk_full_change_precond;eeg_fr_sampent_full_change_precond"
2025-11-26 18:22:46.188442,13,"stress_label",10,128,0.125,0.57051282051282,0.576923076923077,NA,10,"top10","eeg_tleft_sampent_full_change_precond;eeg_tleft_halpha_mean_full_change_precond;eeg_tright_lalpha_mean_full_change_precond;pupil_dilation_sd_full_change_precond;eeg_pright_sampent_full_change_precond;eeg_c_theta_mean_full_change_precond;eeg_tleft_lalpha_mean_full_change_precond;eeg_fl_hbeta_mean_full_change_precond;gsr_skin_conductance_eda_tonic_mean_nk_full_change_precond;eeg_fr_sampent_full_change_precond"
2025-11-26 18:22:47.156967,13,"stress_label",10,256,0.125,0.57051282051282,0.538461538461538,NA,10,"top10","eeg_tleft_sampent_full_change_precond;eeg_tleft_halpha_mean_full_change_precond;eeg_tright_lalpha_mean_full_change_precond;pupil_dilation_sd_full_change_precond;eeg_pright_sampent_full_change_precond;eeg_c_theta_mean_full_change_precond;eeg_tleft_lalpha_mean_full_change_precond;eeg_fl_hbeta_mean_full_change_precond;gsr_skin_conductance_eda_tonic_mean_nk_full_change_precond;eeg_fr_sampent_full_change_precond"
2025-11-26 18:22:48.034391,13,"stress_label",10,2,0.03,0.615384615384615,0.673076923076923,NA,10,"top10","eeg_tleft_sampent_full_change_precond;eeg_tleft_halpha_mean_full_change_precond;eeg_tright_lalpha_mean_full_change_precond;pupil_dilation_sd_full_change_precond;eeg_pright_sampent_full_change_precond;eeg_c_theta_mean_full_change_precond;eeg_tleft_lalpha_mean_full_change_precond;eeg_fl_hbeta_mean_full_change_precond;gsr_skin_conductance_eda_tonic_mean_nk_full_change_precond;eeg_fr_sampent_full_change_precond"
2025-11-26 18:22:48.863347,13,"stress_label",10,4,0.03,0.634615384615385,0.66025641025641,0.594871794871795,10,"top10","eeg_tleft_sampent_full_change_precond;eeg_tleft_halpha_mean_full_change_precond;eeg_tright_lalpha_mean_full_change_precond;pupil_dilation_sd_full_change_precond;eeg_pright_sampent_full_change_precond;eeg_c_theta_mean_full_change_precond;eeg_tleft_lalpha_mean_full_change_precond;eeg_fl_hbeta_mean_full_change_precond;gsr_skin_conductance_eda_tonic_mean_nk_full_change_precond;eeg_fr_sampent_full_change_precond"
2025-11-26 18:22:49.710354,13,"stress_label",10,8,0.03,0.628205128205128,0.634615384615385,0.61025641025641,10,"top10","eeg_tleft_sampent_full_change_precond;eeg_tleft_halpha_mean_full_change_precond;eeg_tright_lalpha_mean_full_change_precond;pupil_dilation_sd_full_change_precond;eeg_pright_sampent_full_change_precond;eeg_c_theta_mean_full_change_precond;eeg_tleft_lalpha_mean_full_change_precond;eeg_fl_hbeta_mean_full_change_precond;gsr_skin_conductance_eda_tonic_mean_nk_full_change_precond;eeg_fr_sampent_full_change_precond"
2025-11-26 18:22:50.530511,13,"stress_label",10,16,0.03,0.615384615384615,0.653846153846154,0.611111111111111,10,"top10","eeg_tleft_sampent_full_change_precond;eeg_tleft_halpha_mean_full_change_precond;eeg_tright_lalpha_mean_full_change_precond;pupil_dilation_sd_full_change_precond;eeg_pright_sampent_full_change_precond;eeg_c_theta_mean_full_change_precond;eeg_tleft_lalpha_mean_full_change_precond;eeg_fl_hbeta_mean_full_change_precond;gsr_skin_conductance_eda_tonic_mean_nk_full_change_precond;eeg_fr_sampent_full_change_precond"
2025-11-26 18:22:51.424206,13,"stress_label",10,32,0.03,0.596153846153846,0.653846153846154,NA,10,"top10","eeg_tleft_sampent_full_change_precond;eeg_tleft_halpha_mean_full_change_precond;eeg_tright_lalpha_mean_full_change_precond;pupil_dilation_sd_full_change_precond;eeg_pright_sampent_full_change_precond;eeg_c_theta_mean_full_change_precond;eeg_tleft_lalpha_mean_full_change_precond;eeg_fl_hbeta_mean_full_change_precond;gsr_skin_conductance_eda_tonic_mean_nk_full_change_precond;eeg_fr_sampent_full_change_precond"
2025-11-26 18:22:52.394764,13,"stress_label",10,64,0.03,0.551282051282051,0.628205128205128,NA,10,"top10","eeg_tleft_sampent_full_change_precond;eeg_tleft_halpha_mean_full_change_precond;eeg_tright_lalpha_mean_full_change_precond;pupil_dilation_sd_full_change_precond;eeg_pright_sampent_full_change_precond;eeg_c_theta_mean_full_change_precond;eeg_tleft_lalpha_mean_full_change_precond;eeg_fl_hbeta_mean_full_change_precond;gsr_skin_conductance_eda_tonic_mean_nk_full_change_precond;eeg_fr_sampent_full_change_precond"
2025-11-26 18:22:53.570543,13,"stress_label",10,128,0.03,0.538461538461538,0.596153846153846,0.552991452991453,10,"top10","eeg_tleft_sampent_full_change_precond;eeg_tleft_halpha_mean_full_change_precond;eeg_tright_lalpha_mean_full_change_precond;pupil_dilation_sd_full_change_precond;eeg_pright_sampent_full_change_precond;eeg_c_theta_mean_full_change_precond;eeg_tleft_lalpha_mean_full_change_precond;eeg_fl_hbeta_mean_full_change_precond;gsr_skin_conductance_eda_tonic_mean_nk_full_change_precond;eeg_fr_sampent_full_change_precond"
2025-11-26 18:22:54.965485,13,"stress_label",10,256,0.03,0.551282051282051,0.628205128205128,NA,10,"top10","eeg_tleft_sampent_full_change_precond;eeg_tleft_halpha_mean_full_change_precond;eeg_tright_lalpha_mean_full_change_precond;pupil_dilation_sd_full_change_precond;eeg_pright_sampent_full_change_precond;eeg_c_theta_mean_full_change_precond;eeg_tleft_lalpha_mean_full_change_precond;eeg_fl_hbeta_mean_full_change_precond;gsr_skin_conductance_eda_tonic_mean_nk_full_change_precond;eeg_fr_sampent_full_change_precond"
2025-11-26 18:22:55.619225,13,"stress_label",10,2,0.06,0.634615384615385,0.666666666666667,0.609401709401709,10,"top10","eeg_tleft_sampent_full_change_precond;eeg_tleft_halpha_mean_full_change_precond;eeg_tright_lalpha_mean_full_change_precond;pupil_dilation_sd_full_change_precond;eeg_pright_sampent_full_change_precond;eeg_c_theta_mean_full_change_precond;eeg_tleft_lalpha_mean_full_change_precond;eeg_fl_hbeta_mean_full_change_precond;gsr_skin_conductance_eda_tonic_mean_nk_full_change_precond;eeg_fr_sampent_full_change_precond"
2025-11-26 18:22:56.368389,13,"stress_label",10,4,0.06,0.641025641025641,0.641025641025641,0.634188034188034,10,"top10","eeg_tleft_sampent_full_change_precond;eeg_tleft_halpha_mean_full_change_precond;eeg_tright_lalpha_mean_full_change_precond;pupil_dilation_sd_full_change_precond;eeg_pright_sampent_full_change_precond;eeg_c_theta_mean_full_change_precond;eeg_tleft_lalpha_mean_full_change_precond;eeg_fl_hbeta_mean_full_change_precond;gsr_skin_conductance_eda_tonic_mean_nk_full_change_precond;eeg_fr_sampent_full_change_precond"
2025-11-26 18:22:57.248367,13,"stress_label",10,8,0.06,0.608974358974359,0.66025641025641,0.608547008547008,10,"top10","eeg_tleft_sampent_full_change_precond;eeg_tleft_halpha_mean_full_change_precond;eeg_tright_lalpha_mean_full_change_precond;pupil_dilation_sd_full_change_precond;eeg_pright_sampent_full_change_precond;eeg_c_theta_mean_full_change_precond;eeg_tleft_lalpha_mean_full_change_precond;eeg_fl_hbeta_mean_full_change_precond;gsr_skin_conductance_eda_tonic_mean_nk_full_change_precond;eeg_fr_sampent_full_change_precond"
2025-11-26 18:22:58.17539,13,"stress_label",10,16,0.06,0.57051282051282,0.615384615384615,0.568376068376068,10,"top10","eeg_tleft_sampent_full_change_precond;eeg_tleft_halpha_mean_full_change_precond;eeg_tright_lalpha_mean_full_change_precond;pupil_dilation_sd_full_change_precond;eeg_pright_sampent_full_change_precond;eeg_c_theta_mean_full_change_precond;eeg_tleft_lalpha_mean_full_change_precond;eeg_fl_hbeta_mean_full_change_precond;gsr_skin_conductance_eda_tonic_mean_nk_full_change_precond;eeg_fr_sampent_full_change_precond"
2025-11-26 18:22:59.196435,13,"stress_label",10,32,0.06,0.544871794871795,0.621794871794872,0.563247863247863,10,"top10","eeg_tleft_sampent_full_change_precond;eeg_tleft_halpha_mean_full_change_precond;eeg_tright_lalpha_mean_full_change_precond;pupil_dilation_sd_full_change_precond;eeg_pright_sampent_full_change_precond;eeg_c_theta_mean_full_change_precond;eeg_tleft_lalpha_mean_full_change_precond;eeg_fl_hbeta_mean_full_change_precond;gsr_skin_conductance_eda_tonic_mean_nk_full_change_precond;eeg_fr_sampent_full_change_precond"
2025-11-26 18:23:00.32915,13,"stress_label",10,64,0.06,0.576923076923077,0.621794871794872,NA,10,"top10","eeg_tleft_sampent_full_change_precond;eeg_tleft_halpha_mean_full_change_precond;eeg_tright_lalpha_mean_full_change_precond;pupil_dilation_sd_full_change_precond;eeg_pright_sampent_full_change_precond;eeg_c_theta_mean_full_change_precond;eeg_tleft_lalpha_mean_full_change_precond;eeg_fl_hbeta_mean_full_change_precond;gsr_skin_conductance_eda_tonic_mean_nk_full_change_precond;eeg_fr_sampent_full_change_precond"
2025-11-26 18:23:01.573976,13,"stress_label",10,128,0.06,0.538461538461538,0.647435897435897,NA,10,"top10","eeg_tleft_sampent_full_change_precond;eeg_tleft_halpha_mean_full_change_precond;eeg_tright_lalpha_mean_full_change_precond;pupil_dilation_sd_full_change_precond;eeg_pright_sampent_full_change_precond;eeg_c_theta_mean_full_change_precond;eeg_tleft_lalpha_mean_full_change_precond;eeg_fl_hbeta_mean_full_change_precond;gsr_skin_conductance_eda_tonic_mean_nk_full_change_precond;eeg_fr_sampent_full_change_precond"
2025-11-26 18:23:02.907125,13,"stress_label",10,256,0.06,0.544871794871795,0.583333333333333,NA,10,"top10","eeg_tleft_sampent_full_change_precond;eeg_tleft_halpha_mean_full_change_precond;eeg_tright_lalpha_mean_full_change_precond;pupil_dilation_sd_full_change_precond;eeg_pright_sampent_full_change_precond;eeg_c_theta_mean_full_change_precond;eeg_tleft_lalpha_mean_full_change_precond;eeg_fl_hbeta_mean_full_change_precond;gsr_skin_conductance_eda_tonic_mean_nk_full_change_precond;eeg_fr_sampent_full_change_precond"
2025-11-26 18:23:03.766384,13,"stress_label",10,2,0.1,0.647435897435897,0.66025641025641,0.637606837606838,10,"top10","eeg_tleft_sampent_full_change_precond;eeg_tleft_halpha_mean_full_change_precond;eeg_tright_lalpha_mean_full_change_precond;pupil_dilation_sd_full_change_precond;eeg_pright_sampent_full_change_precond;eeg_c_theta_mean_full_change_precond;eeg_tleft_lalpha_mean_full_change_precond;eeg_fl_hbeta_mean_full_change_precond;gsr_skin_conductance_eda_tonic_mean_nk_full_change_precond;eeg_fr_sampent_full_change_precond"
2025-11-26 18:23:04.645166,13,"stress_label",10,4,0.1,0.583333333333333,0.628205128205128,0.583760683760684,10,"top10","eeg_tleft_sampent_full_change_precond;eeg_tleft_halpha_mean_full_change_precond;eeg_tright_lalpha_mean_full_change_precond;pupil_dilation_sd_full_change_precond;eeg_pright_sampent_full_change_precond;eeg_c_theta_mean_full_change_precond;eeg_tleft_lalpha_mean_full_change_precond;eeg_fl_hbeta_mean_full_change_precond;gsr_skin_conductance_eda_tonic_mean_nk_full_change_precond;eeg_fr_sampent_full_change_precond"
2025-11-26 18:23:05.526378,13,"stress_label",10,8,0.1,0.596153846153846,0.608974358974359,0.601709401709402,10,"top10","eeg_tleft_sampent_full_change_precond;eeg_tleft_halpha_mean_full_change_precond;eeg_tright_lalpha_mean_full_change_precond;pupil_dilation_sd_full_change_precond;eeg_pright_sampent_full_change_precond;eeg_c_theta_mean_full_change_precond;eeg_tleft_lalpha_mean_full_change_precond;eeg_fl_hbeta_mean_full_change_precond;gsr_skin_conductance_eda_tonic_mean_nk_full_change_precond;eeg_fr_sampent_full_change_precond"
2025-11-26 18:23:06.531005,13,"stress_label",10,16,0.1,0.58974358974359,0.608974358974359,NA,10,"top10","eeg_tleft_sampent_full_change_precond;eeg_tleft_halpha_mean_full_change_precond;eeg_tright_lalpha_mean_full_change_precond;pupil_dilation_sd_full_change_precond;eeg_pright_sampent_full_change_precond;eeg_c_theta_mean_full_change_precond;eeg_tleft_lalpha_mean_full_change_precond;eeg_fl_hbeta_mean_full_change_precond;gsr_skin_conductance_eda_tonic_mean_nk_full_change_precond;eeg_fr_sampent_full_change_precond"
2025-11-26 18:23:07.591359,13,"stress_label",10,32,0.1,0.551282051282051,0.583333333333333,NA,10,"top10","eeg_tleft_sampent_full_change_precond;eeg_tleft_halpha_mean_full_change_precond;eeg_tright_lalpha_mean_full_change_precond;pupil_dilation_sd_full_change_precond;eeg_pright_sampent_full_change_precond;eeg_c_theta_mean_full_change_precond;eeg_tleft_lalpha_mean_full_change_precond;eeg_fl_hbeta_mean_full_change_precond;gsr_skin_conductance_eda_tonic_mean_nk_full_change_precond;eeg_fr_sampent_full_change_precond"
2025-11-26 18:23:08.662919,13,"stress_label",10,64,0.1,0.557692307692308,0.602564102564103,NA,10,"top10","eeg_tleft_sampent_full_change_precond;eeg_tleft_halpha_mean_full_change_precond;eeg_tright_lalpha_mean_full_change_precond;pupil_dilation_sd_full_change_precond;eeg_pright_sampent_full_change_precond;eeg_c_theta_mean_full_change_precond;eeg_tleft_lalpha_mean_full_change_precond;eeg_fl_hbeta_mean_full_change_precond;gsr_skin_conductance_eda_tonic_mean_nk_full_change_precond;eeg_fr_sampent_full_change_precond"
2025-11-26 18:23:09.754604,13,"stress_label",10,128,0.1,0.57051282051282,0.596153846153846,NA,10,"top10","eeg_tleft_sampent_full_change_precond;eeg_tleft_halpha_mean_full_change_precond;eeg_tright_lalpha_mean_full_change_precond;pupil_dilation_sd_full_change_precond;eeg_pright_sampent_full_change_precond;eeg_c_theta_mean_full_change_precond;eeg_tleft_lalpha_mean_full_change_precond;eeg_fl_hbeta_mean_full_change_precond;gsr_skin_conductance_eda_tonic_mean_nk_full_change_precond;eeg_fr_sampent_full_change_precond"
2025-11-26 18:23:10.791777,13,"stress_label",10,256,0.1,0.564102564102564,0.519230769230769,NA,10,"top10","eeg_tleft_sampent_full_change_precond;eeg_tleft_halpha_mean_full_change_precond;eeg_tright_lalpha_mean_full_change_precond;pupil_dilation_sd_full_change_precond;eeg_pright_sampent_full_change_precond;eeg_c_theta_mean_full_change_precond;eeg_tleft_lalpha_mean_full_change_precond;eeg_fl_hbeta_mean_full_change_precond;gsr_skin_conductance_eda_tonic_mean_nk_full_change_precond;eeg_fr_sampent_full_change_precond"
2025-11-26 18:23:11.633325,13,"stress_label",5,2,0.0078125,0.602564102564103,0.596153846153846,0.578632478632479,5,"top5","eeg_tleft_sampent_full_change_precond;eeg_tleft_halpha_mean_full_change_precond;eeg_tright_lalpha_mean_full_change_precond;pupil_dilation_sd_full_change_precond;eeg_pright_sampent_full_change_precond"
2025-11-26 18:23:12.414751,13,"stress_label",5,4,0.0078125,0.596153846153846,0.596153846153846,0.568376068376068,5,"top5","eeg_tleft_sampent_full_change_precond;eeg_tleft_halpha_mean_full_change_precond;eeg_tright_lalpha_mean_full_change_precond;pupil_dilation_sd_full_change_precond;eeg_pright_sampent_full_change_precond"
2025-11-26 18:23:13.182612,13,"stress_label",5,8,0.0078125,0.583333333333333,0.583333333333333,0.554700854700855,5,"top5","eeg_tleft_sampent_full_change_precond;eeg_tleft_halpha_mean_full_change_precond;eeg_tright_lalpha_mean_full_change_precond;pupil_dilation_sd_full_change_precond;eeg_pright_sampent_full_change_precond"
2025-11-26 18:23:13.923453,13,"stress_label",5,16,0.0078125,0.621794871794872,0.615384615384615,NA,5,"top5","eeg_tleft_sampent_full_change_precond;eeg_tleft_halpha_mean_full_change_precond;eeg_tright_lalpha_mean_full_change_precond;pupil_dilation_sd_full_change_precond;eeg_pright_sampent_full_change_precond"
2025-11-26 18:23:14.730198,13,"stress_label",5,32,0.0078125,0.608974358974359,0.621794871794872,NA,5,"top5","eeg_tleft_sampent_full_change_precond;eeg_tleft_halpha_mean_full_change_precond;eeg_tright_lalpha_mean_full_change_precond;pupil_dilation_sd_full_change_precond;eeg_pright_sampent_full_change_precond"
2025-11-26 18:23:15.530903,13,"stress_label",5,64,0.0078125,0.608974358974359,0.653846153846154,NA,5,"top5","eeg_tleft_sampent_full_change_precond;eeg_tleft_halpha_mean_full_change_precond;eeg_tright_lalpha_mean_full_change_precond;pupil_dilation_sd_full_change_precond;eeg_pright_sampent_full_change_precond"
2025-11-26 18:23:16.371573,13,"stress_label",5,128,0.0078125,0.602564102564103,0.647435897435897,NA,5,"top5","eeg_tleft_sampent_full_change_precond;eeg_tleft_halpha_mean_full_change_precond;eeg_tright_lalpha_mean_full_change_precond;pupil_dilation_sd_full_change_precond;eeg_pright_sampent_full_change_precond"
2025-11-26 18:23:17.23022,13,"stress_label",5,256,0.0078125,0.583333333333333,0.602564102564103,NA,5,"top5","eeg_tleft_sampent_full_change_precond;eeg_tleft_halpha_mean_full_change_precond;eeg_tright_lalpha_mean_full_change_precond;pupil_dilation_sd_full_change_precond;eeg_pright_sampent_full_change_precond"
2025-11-26 18:23:18.002414,13,"stress_label",5,2,0.015625,0.602564102564103,0.58974358974359,0.564957264957265,5,"top5","eeg_tleft_sampent_full_change_precond;eeg_tleft_halpha_mean_full_change_precond;eeg_tright_lalpha_mean_full_change_precond;pupil_dilation_sd_full_change_precond;eeg_pright_sampent_full_change_precond"
2025-11-26 18:23:18.76647,13,"stress_label",5,4,0.015625,0.615384615384615,0.583333333333333,0.568376068376068,5,"top5","eeg_tleft_sampent_full_change_precond;eeg_tleft_halpha_mean_full_change_precond;eeg_tright_lalpha_mean_full_change_precond;pupil_dilation_sd_full_change_precond;eeg_pright_sampent_full_change_precond"
2025-11-26 18:23:19.56157,13,"stress_label",5,8,0.015625,0.615384615384615,0.615384615384615,NA,5,"top5","eeg_tleft_sampent_full_change_precond;eeg_tleft_halpha_mean_full_change_precond;eeg_tright_lalpha_mean_full_change_precond;pupil_dilation_sd_full_change_precond;eeg_pright_sampent_full_change_precond"
2025-11-26 18:23:20.327561,13,"stress_label",5,16,0.015625,0.602564102564103,0.653846153846154,NA,5,"top5","eeg_tleft_sampent_full_change_precond;eeg_tleft_halpha_mean_full_change_precond;eeg_tright_lalpha_mean_full_change_precond;pupil_dilation_sd_full_change_precond;eeg_pright_sampent_full_change_precond"
2025-11-26 18:23:21.142941,13,"stress_label",5,32,0.015625,0.615384615384615,0.653846153846154,NA,5,"top5","eeg_tleft_sampent_full_change_precond;eeg_tleft_halpha_mean_full_change_precond;eeg_tright_lalpha_mean_full_change_precond;pupil_dilation_sd_full_change_precond;eeg_pright_sampent_full_change_precond"
2025-11-26 18:23:22.156886,13,"stress_label",5,64,0.015625,0.583333333333333,0.596153846153846,NA,5,"top5","eeg_tleft_sampent_full_change_precond;eeg_tleft_halpha_mean_full_change_precond;eeg_tright_lalpha_mean_full_change_precond;pupil_dilation_sd_full_change_precond;eeg_pright_sampent_full_change_precond"
2025-11-26 18:23:22.961354,13,"stress_label",5,128,0.015625,0.583333333333333,0.583333333333333,NA,5,"top5","eeg_tleft_sampent_full_change_precond;eeg_tleft_halpha_mean_full_change_precond;eeg_tright_lalpha_mean_full_change_precond;pupil_dilation_sd_full_change_precond;eeg_pright_sampent_full_change_precond"
2025-11-26 18:23:23.917261,13,"stress_label",5,256,0.015625,0.602564102564103,0.557692307692308,NA,5,"top5","eeg_tleft_sampent_full_change_precond;eeg_tleft_halpha_mean_full_change_precond;eeg_tright_lalpha_mean_full_change_precond;pupil_dilation_sd_full_change_precond;eeg_pright_sampent_full_change_precond"
2025-11-26 18:23:24.626669,13,"stress_label",5,2,0.03125,0.628205128205128,0.58974358974359,NA,5,"top5","eeg_tleft_sampent_full_change_precond;eeg_tleft_halpha_mean_full_change_precond;eeg_tright_lalpha_mean_full_change_precond;pupil_dilation_sd_full_change_precond;eeg_pright_sampent_full_change_precond"
2025-11-26 18:23:25.399244,13,"stress_label",5,4,0.03125,0.602564102564103,0.647435897435897,NA,5,"top5","eeg_tleft_sampent_full_change_precond;eeg_tleft_halpha_mean_full_change_precond;eeg_tright_lalpha_mean_full_change_precond;pupil_dilation_sd_full_change_precond;eeg_pright_sampent_full_change_precond"
2025-11-26 18:23:26.199424,13,"stress_label",5,8,0.03125,0.621794871794872,0.653846153846154,NA,5,"top5","eeg_tleft_sampent_full_change_precond;eeg_tleft_halpha_mean_full_change_precond;eeg_tright_lalpha_mean_full_change_precond;pupil_dilation_sd_full_change_precond;eeg_pright_sampent_full_change_precond"
2025-11-26 18:23:26.986771,13,"stress_label",5,16,0.03125,0.58974358974359,0.628205128205128,NA,5,"top5","eeg_tleft_sampent_full_change_precond;eeg_tleft_halpha_mean_full_change_precond;eeg_tright_lalpha_mean_full_change_precond;pupil_dilation_sd_full_change_precond;eeg_pright_sampent_full_change_precond"
2025-11-26 18:23:27.792885,13,"stress_label",5,32,0.03125,0.576923076923077,0.58974358974359,0.54017094017094,5,"top5","eeg_tleft_sampent_full_change_precond;eeg_tleft_halpha_mean_full_change_precond;eeg_tright_lalpha_mean_full_change_precond;pupil_dilation_sd_full_change_precond;eeg_pright_sampent_full_change_precond"
2025-11-26 18:23:28.645774,13,"stress_label",5,64,0.03125,0.596153846153846,0.596153846153846,0.576923076923077,5,"top5","eeg_tleft_sampent_full_change_precond;eeg_tleft_halpha_mean_full_change_precond;eeg_tright_lalpha_mean_full_change_precond;pupil_dilation_sd_full_change_precond;eeg_pright_sampent_full_change_precond"
2025-11-26 18:23:29.579021,13,"stress_label",5,128,0.03125,0.576923076923077,0.557692307692308,0.564102564102564,5,"top5","eeg_tleft_sampent_full_change_precond;eeg_tleft_halpha_mean_full_change_precond;eeg_tright_lalpha_mean_full_change_precond;pupil_dilation_sd_full_change_precond;eeg_pright_sampent_full_change_precond"
2025-11-26 18:23:30.626251,13,"stress_label",5,256,0.03125,0.557692307692308,0.525641025641026,NA,5,"top5","eeg_tleft_sampent_full_change_precond;eeg_tleft_halpha_mean_full_change_precond;eeg_tright_lalpha_mean_full_change_precond;pupil_dilation_sd_full_change_precond;eeg_pright_sampent_full_change_precond"
2025-11-26 18:23:31.418151,13,"stress_label",5,2,0.0625,0.608974358974359,0.647435897435897,NA,5,"top5","eeg_tleft_sampent_full_change_precond;eeg_tleft_halpha_mean_full_change_precond;eeg_tright_lalpha_mean_full_change_precond;pupil_dilation_sd_full_change_precond;eeg_pright_sampent_full_change_precond"
2025-11-26 18:23:32.143565,13,"stress_label",5,4,0.0625,0.608974358974359,0.628205128205128,0.561538461538462,5,"top5","eeg_tleft_sampent_full_change_precond;eeg_tleft_halpha_mean_full_change_precond;eeg_tright_lalpha_mean_full_change_precond;pupil_dilation_sd_full_change_precond;eeg_pright_sampent_full_change_precond"
2025-11-26 18:23:32.924529,13,"stress_label",5,8,0.0625,0.583333333333333,0.602564102564103,0.545299145299145,5,"top5","eeg_tleft_sampent_full_change_precond;eeg_tleft_halpha_mean_full_change_precond;eeg_tright_lalpha_mean_full_change_precond;pupil_dilation_sd_full_change_precond;eeg_pright_sampent_full_change_precond"
2025-11-26 18:23:33.736181,13,"stress_label",5,16,0.0625,0.58974358974359,0.602564102564103,NA,5,"top5","eeg_tleft_sampent_full_change_precond;eeg_tleft_halpha_mean_full_change_precond;eeg_tright_lalpha_mean_full_change_precond;pupil_dilation_sd_full_change_precond;eeg_pright_sampent_full_change_precond"
2025-11-26 18:23:34.612697,13,"stress_label",5,32,0.0625,0.564102564102564,0.583333333333333,NA,5,"top5","eeg_tleft_sampent_full_change_precond;eeg_tleft_halpha_mean_full_change_precond;eeg_tright_lalpha_mean_full_change_precond;pupil_dilation_sd_full_change_precond;eeg_pright_sampent_full_change_precond"
2025-11-26 18:23:35.360395,13,"stress_label",5,64,0.0625,0.532051282051282,0.506410256410256,NA,5,"top5","eeg_tleft_sampent_full_change_precond;eeg_tleft_halpha_mean_full_change_precond;eeg_tright_lalpha_mean_full_change_precond;pupil_dilation_sd_full_change_precond;eeg_pright_sampent_full_change_precond"
2025-11-26 18:23:36.452433,13,"stress_label",5,128,0.0625,0.5,0.391025641025641,NA,5,"top5","eeg_tleft_sampent_full_change_precond;eeg_tleft_halpha_mean_full_change_precond;eeg_tright_lalpha_mean_full_change_precond;pupil_dilation_sd_full_change_precond;eeg_pright_sampent_full_change_precond"
2025-11-26 18:23:37.777741,13,"stress_label",5,256,0.0625,0.467948717948718,0.435897435897436,NA,5,"top5","eeg_tleft_sampent_full_change_precond;eeg_tleft_halpha_mean_full_change_precond;eeg_tright_lalpha_mean_full_change_precond;pupil_dilation_sd_full_change_precond;eeg_pright_sampent_full_change_precond"
2025-11-26 18:23:38.557683,13,"stress_label",5,2,0.125,0.596153846153846,0.628205128205128,0.554700854700855,5,"top5","eeg_tleft_sampent_full_change_precond;eeg_tleft_halpha_mean_full_change_precond;eeg_tright_lalpha_mean_full_change_precond;pupil_dilation_sd_full_change_precond;eeg_pright_sampent_full_change_precond"
2025-11-26 18:23:39.342295,13,"stress_label",5,4,0.125,0.576923076923077,0.615384615384615,NA,5,"top5","eeg_tleft_sampent_full_change_precond;eeg_tleft_halpha_mean_full_change_precond;eeg_tright_lalpha_mean_full_change_precond;pupil_dilation_sd_full_change_precond;eeg_pright_sampent_full_change_precond"
2025-11-26 18:23:40.058764,13,"stress_label",5,8,0.125,0.576923076923077,0.602564102564103,NA,5,"top5","eeg_tleft_sampent_full_change_precond;eeg_tleft_halpha_mean_full_change_precond;eeg_tright_lalpha_mean_full_change_precond;pupil_dilation_sd_full_change_precond;eeg_pright_sampent_full_change_precond"
2025-11-26 18:23:40.832326,13,"stress_label",5,16,0.125,0.551282051282051,0.423076923076923,NA,5,"top5","eeg_tleft_sampent_full_change_precond;eeg_tleft_halpha_mean_full_change_precond;eeg_tright_lalpha_mean_full_change_precond;pupil_dilation_sd_full_change_precond;eeg_pright_sampent_full_change_precond"
2025-11-26 18:23:41.542425,13,"stress_label",5,32,0.125,0.5,0.352564102564103,NA,5,"top5","eeg_tleft_sampent_full_change_precond;eeg_tleft_halpha_mean_full_change_precond;eeg_tright_lalpha_mean_full_change_precond;pupil_dilation_sd_full_change_precond;eeg_pright_sampent_full_change_precond"
2025-11-26 18:23:42.496389,13,"stress_label",5,64,0.125,0.480769230769231,0.448717948717949,NA,5,"top5","eeg_tleft_sampent_full_change_precond;eeg_tleft_halpha_mean_full_change_precond;eeg_tright_lalpha_mean_full_change_precond;pupil_dilation_sd_full_change_precond;eeg_pright_sampent_full_change_precond"
2025-11-26 18:23:43.687953,13,"stress_label",5,128,0.125,0.506410256410256,0.480769230769231,NA,5,"top5","eeg_tleft_sampent_full_change_precond;eeg_tleft_halpha_mean_full_change_precond;eeg_tright_lalpha_mean_full_change_precond;pupil_dilation_sd_full_change_precond;eeg_pright_sampent_full_change_precond"
2025-11-26 18:23:45.048236,13,"stress_label",5,256,0.125,0.506410256410256,0.448717948717949,NA,5,"top5","eeg_tleft_sampent_full_change_precond;eeg_tleft_halpha_mean_full_change_precond;eeg_tright_lalpha_mean_full_change_precond;pupil_dilation_sd_full_change_precond;eeg_pright_sampent_full_change_precond"
2025-11-26 18:23:45.857194,13,"stress_label",5,2,0.03,0.628205128205128,0.583333333333333,NA,5,"top5","eeg_tleft_sampent_full_change_precond;eeg_tleft_halpha_mean_full_change_precond;eeg_tright_lalpha_mean_full_change_precond;pupil_dilation_sd_full_change_precond;eeg_pright_sampent_full_change_precond"
2025-11-26 18:23:46.66271,13,"stress_label",5,4,0.03,0.608974358974359,0.641025641025641,NA,5,"top5","eeg_tleft_sampent_full_change_precond;eeg_tleft_halpha_mean_full_change_precond;eeg_tright_lalpha_mean_full_change_precond;pupil_dilation_sd_full_change_precond;eeg_pright_sampent_full_change_precond"
2025-11-26 18:23:47.375629,13,"stress_label",5,8,0.03,0.621794871794872,0.647435897435897,NA,5,"top5","eeg_tleft_sampent_full_change_precond;eeg_tleft_halpha_mean_full_change_precond;eeg_tright_lalpha_mean_full_change_precond;pupil_dilation_sd_full_change_precond;eeg_pright_sampent_full_change_precond"
2025-11-26 18:23:48.020801,13,"stress_label",5,16,0.03,0.602564102564103,0.628205128205128,NA,5,"top5","eeg_tleft_sampent_full_change_precond;eeg_tleft_halpha_mean_full_change_precond;eeg_tright_lalpha_mean_full_change_precond;pupil_dilation_sd_full_change_precond;eeg_pright_sampent_full_change_precond"
2025-11-26 18:23:48.678413,13,"stress_label",5,32,0.03,0.564102564102564,0.58974358974359,0.51965811965812,5,"top5","eeg_tleft_sampent_full_change_precond;eeg_tleft_halpha_mean_full_change_precond;eeg_tright_lalpha_mean_full_change_precond;pupil_dilation_sd_full_change_precond;eeg_pright_sampent_full_change_precond"
2025-11-26 18:23:49.472391,13,"stress_label",5,64,0.03,0.596153846153846,0.58974358974359,0.576923076923077,5,"top5","eeg_tleft_sampent_full_change_precond;eeg_tleft_halpha_mean_full_change_precond;eeg_tright_lalpha_mean_full_change_precond;pupil_dilation_sd_full_change_precond;eeg_pright_sampent_full_change_precond"
2025-11-26 18:23:50.234055,13,"stress_label",5,128,0.03,0.58974358974359,0.57051282051282,0.572649572649573,5,"top5","eeg_tleft_sampent_full_change_precond;eeg_tleft_halpha_mean_full_change_precond;eeg_tright_lalpha_mean_full_change_precond;pupil_dilation_sd_full_change_precond;eeg_pright_sampent_full_change_precond"
2025-11-26 18:23:51.104588,13,"stress_label",5,256,0.03,0.551282051282051,0.506410256410256,NA,5,"top5","eeg_tleft_sampent_full_change_precond;eeg_tleft_halpha_mean_full_change_precond;eeg_tright_lalpha_mean_full_change_precond;pupil_dilation_sd_full_change_precond;eeg_pright_sampent_full_change_precond"
2025-11-26 18:23:51.800945,13,"stress_label",5,2,0.06,0.615384615384615,0.641025641025641,NA,5,"top5","eeg_tleft_sampent_full_change_precond;eeg_tleft_halpha_mean_full_change_precond;eeg_tright_lalpha_mean_full_change_precond;pupil_dilation_sd_full_change_precond;eeg_pright_sampent_full_change_precond"
2025-11-26 18:23:52.547847,13,"stress_label",5,4,0.06,0.602564102564103,0.634615384615385,NA,5,"top5","eeg_tleft_sampent_full_change_precond;eeg_tleft_halpha_mean_full_change_precond;eeg_tright_lalpha_mean_full_change_precond;pupil_dilation_sd_full_change_precond;eeg_pright_sampent_full_change_precond"
2025-11-26 18:23:53.304668,13,"stress_label",5,8,0.06,0.57051282051282,0.602564102564103,0.524786324786325,5,"top5","eeg_tleft_sampent_full_change_precond;eeg_tleft_halpha_mean_full_change_precond;eeg_tright_lalpha_mean_full_change_precond;pupil_dilation_sd_full_change_precond;eeg_pright_sampent_full_change_precond"
2025-11-26 18:23:54.039032,13,"stress_label",5,16,0.06,0.596153846153846,0.596153846153846,0.563247863247863,5,"top5","eeg_tleft_sampent_full_change_precond;eeg_tleft_halpha_mean_full_change_precond;eeg_tright_lalpha_mean_full_change_precond;pupil_dilation_sd_full_change_precond;eeg_pright_sampent_full_change_precond"
2025-11-26 18:23:54.916371,13,"stress_label",5,32,0.06,0.564102564102564,0.576923076923077,NA,5,"top5","eeg_tleft_sampent_full_change_precond;eeg_tleft_halpha_mean_full_change_precond;eeg_tright_lalpha_mean_full_change_precond;pupil_dilation_sd_full_change_precond;eeg_pright_sampent_full_change_precond"
2025-11-26 18:23:55.828578,13,"stress_label",5,64,0.06,0.544871794871795,0.519230769230769,NA,5,"top5","eeg_tleft_sampent_full_change_precond;eeg_tleft_halpha_mean_full_change_precond;eeg_tright_lalpha_mean_full_change_precond;pupil_dilation_sd_full_change_precond;eeg_pright_sampent_full_change_precond"
2025-11-26 18:23:56.836113,13,"stress_label",5,128,0.06,0.506410256410256,0.480769230769231,NA,5,"top5","eeg_tleft_sampent_full_change_precond;eeg_tleft_halpha_mean_full_change_precond;eeg_tright_lalpha_mean_full_change_precond;pupil_dilation_sd_full_change_precond;eeg_pright_sampent_full_change_precond"
2025-11-26 18:23:58.073702,13,"stress_label",5,256,0.06,0.474358974358974,0.461538461538462,NA,5,"top5","eeg_tleft_sampent_full_change_precond;eeg_tleft_halpha_mean_full_change_precond;eeg_tright_lalpha_mean_full_change_precond;pupil_dilation_sd_full_change_precond;eeg_pright_sampent_full_change_precond"
2025-11-26 18:23:58.807763,13,"stress_label",5,2,0.1,0.621794871794872,0.628205128205128,0.574358974358974,5,"top5","eeg_tleft_sampent_full_change_precond;eeg_tleft_halpha_mean_full_change_precond;eeg_tright_lalpha_mean_full_change_precond;pupil_dilation_sd_full_change_precond;eeg_pright_sampent_full_change_precond"
2025-11-26 18:23:59.605127,13,"stress_label",5,4,0.1,0.576923076923077,0.608974358974359,NA,5,"top5","eeg_tleft_sampent_full_change_precond;eeg_tleft_halpha_mean_full_change_precond;eeg_tright_lalpha_mean_full_change_precond;pupil_dilation_sd_full_change_precond;eeg_pright_sampent_full_change_precond"
2025-11-26 18:24:00.407113,13,"stress_label",5,8,0.1,0.583333333333333,0.621794871794872,NA,5,"top5","eeg_tleft_sampent_full_change_precond;eeg_tleft_halpha_mean_full_change_precond;eeg_tright_lalpha_mean_full_change_precond;pupil_dilation_sd_full_change_precond;eeg_pright_sampent_full_change_precond"
2025-11-26 18:24:01.249205,13,"stress_label",5,16,0.1,0.557692307692308,0.538461538461538,NA,5,"top5","eeg_tleft_sampent_full_change_precond;eeg_tleft_halpha_mean_full_change_precond;eeg_tright_lalpha_mean_full_change_precond;pupil_dilation_sd_full_change_precond;eeg_pright_sampent_full_change_precond"
2025-11-26 18:24:02.138707,13,"stress_label",5,32,0.1,0.525641025641026,0.416666666666667,NA,5,"top5","eeg_tleft_sampent_full_change_precond;eeg_tleft_halpha_mean_full_change_precond;eeg_tright_lalpha_mean_full_change_precond;pupil_dilation_sd_full_change_precond;eeg_pright_sampent_full_change_precond"
2025-11-26 18:24:03.143796,13,"stress_label",5,64,0.1,0.5,0.365384615384615,NA,5,"top5","eeg_tleft_sampent_full_change_precond;eeg_tleft_halpha_mean_full_change_precond;eeg_tright_lalpha_mean_full_change_precond;pupil_dilation_sd_full_change_precond;eeg_pright_sampent_full_change_precond"
2025-11-26 18:24:04.270387,13,"stress_label",5,128,0.1,0.480769230769231,0.448717948717949,NA,5,"top5","eeg_tleft_sampent_full_change_precond;eeg_tleft_halpha_mean_full_change_precond;eeg_tright_lalpha_mean_full_change_precond;pupil_dilation_sd_full_change_precond;eeg_pright_sampent_full_change_precond"
2025-11-26 18:24:05.767118,13,"stress_label",5,256,0.1,0.506410256410256,0.442307692307692,NA,5,"top5","eeg_tleft_sampent_full_change_precond;eeg_tleft_halpha_mean_full_change_precond;eeg_tright_lalpha_mean_full_change_precond;pupil_dilation_sd_full_change_precond;eeg_pright_sampent_full_change_precond"
2025-11-26 18:24:06.990899,14,"stress_label",20,2,0.0078125,0.544871794871795,0.628205128205128,0.51965811965812,20,"top20","eeg_tleft_sampent_full_change_precond;pupil_dilation_sd_full_change_precond;eeg_tleft_halpha_mean_full_change_precond;eeg_pright_sampent_full_change_precond;eeg_c_theta_mean_full_change_precond;eeg_tleft_lalpha_mean_full_change_precond;gsr_skin_conductance_eda_tonic_mean_nk_full_change_precond;eeg_t_sampent_full_change_precond;eeg_fl_hbeta_mean_full_change_precond;hrv_rmssd_full_change_precond;eeg_fm_theta_mean_full_change_precond;eeg_pleft_lbeta_mean_full_change_precond;eeg_tright_halpha_mean_full_change_precond;eeg_pleft_halpha_mean_full_change_precond;eeg_fr_sampent_full_change_precond;hr_heartrate_bpm_med_abs_full_change_precond;eeg_c_sampent_full_change_precond;eeg_c_specent_full_change_precond;eeg_fm_sampent_full_change_precond;pupil_asymmetry_full_change_precond"
2025-11-26 18:24:08.004042,14,"stress_label",20,4,0.0078125,0.532051282051282,0.615384615384615,0.521367521367521,20,"top20","eeg_tleft_sampent_full_change_precond;pupil_dilation_sd_full_change_precond;eeg_tleft_halpha_mean_full_change_precond;eeg_pright_sampent_full_change_precond;eeg_c_theta_mean_full_change_precond;eeg_tleft_lalpha_mean_full_change_precond;gsr_skin_conductance_eda_tonic_mean_nk_full_change_precond;eeg_t_sampent_full_change_precond;eeg_fl_hbeta_mean_full_change_precond;hrv_rmssd_full_change_precond;eeg_fm_theta_mean_full_change_precond;eeg_pleft_lbeta_mean_full_change_precond;eeg_tright_halpha_mean_full_change_precond;eeg_pleft_halpha_mean_full_change_precond;eeg_fr_sampent_full_change_precond;hr_heartrate_bpm_med_abs_full_change_precond;eeg_c_sampent_full_change_precond;eeg_c_specent_full_change_precond;eeg_fm_sampent_full_change_precond;pupil_asymmetry_full_change_precond"
2025-11-26 18:24:09.013202,14,"stress_label",20,8,0.0078125,0.544871794871795,0.564102564102564,0.534188034188034,20,"top20","eeg_tleft_sampent_full_change_precond;pupil_dilation_sd_full_change_precond;eeg_tleft_halpha_mean_full_change_precond;eeg_pright_sampent_full_change_precond;eeg_c_theta_mean_full_change_precond;eeg_tleft_lalpha_mean_full_change_precond;gsr_skin_conductance_eda_tonic_mean_nk_full_change_precond;eeg_t_sampent_full_change_precond;eeg_fl_hbeta_mean_full_change_precond;hrv_rmssd_full_change_precond;eeg_fm_theta_mean_full_change_precond;eeg_pleft_lbeta_mean_full_change_precond;eeg_tright_halpha_mean_full_change_precond;eeg_pleft_halpha_mean_full_change_precond;eeg_fr_sampent_full_change_precond;hr_heartrate_bpm_med_abs_full_change_precond;eeg_c_sampent_full_change_precond;eeg_c_specent_full_change_precond;eeg_fm_sampent_full_change_precond;pupil_asymmetry_full_change_precond"
2025-11-26 18:24:10.010387,14,"stress_label",20,16,0.0078125,0.576923076923077,0.57051282051282,0.572649572649573,20,"top20","eeg_tleft_sampent_full_change_precond;pupil_dilation_sd_full_change_precond;eeg_tleft_halpha_mean_full_change_precond;eeg_pright_sampent_full_change_precond;eeg_c_theta_mean_full_change_precond;eeg_tleft_lalpha_mean_full_change_precond;gsr_skin_conductance_eda_tonic_mean_nk_full_change_precond;eeg_t_sampent_full_change_precond;eeg_fl_hbeta_mean_full_change_precond;hrv_rmssd_full_change_precond;eeg_fm_theta_mean_full_change_precond;eeg_pleft_lbeta_mean_full_change_precond;eeg_tright_halpha_mean_full_change_precond;eeg_pleft_halpha_mean_full_change_precond;eeg_fr_sampent_full_change_precond;hr_heartrate_bpm_med_abs_full_change_precond;eeg_c_sampent_full_change_precond;eeg_c_specent_full_change_precond;eeg_fm_sampent_full_change_precond;pupil_asymmetry_full_change_precond"
2025-11-26 18:24:11.033165,14,"stress_label",20,32,0.0078125,0.576923076923077,0.576923076923077,NA,20,"top20","eeg_tleft_sampent_full_change_precond;pupil_dilation_sd_full_change_precond;eeg_tleft_halpha_mean_full_change_precond;eeg_pright_sampent_full_change_precond;eeg_c_theta_mean_full_change_precond;eeg_tleft_lalpha_mean_full_change_precond;gsr_skin_conductance_eda_tonic_mean_nk_full_change_precond;eeg_t_sampent_full_change_precond;eeg_fl_hbeta_mean_full_change_precond;hrv_rmssd_full_change_precond;eeg_fm_theta_mean_full_change_precond;eeg_pleft_lbeta_mean_full_change_precond;eeg_tright_halpha_mean_full_change_precond;eeg_pleft_halpha_mean_full_change_precond;eeg_fr_sampent_full_change_precond;hr_heartrate_bpm_med_abs_full_change_precond;eeg_c_sampent_full_change_precond;eeg_c_specent_full_change_precond;eeg_fm_sampent_full_change_precond;pupil_asymmetry_full_change_precond"
2025-11-26 18:24:12.115282,14,"stress_label",20,64,0.0078125,0.564102564102564,0.538461538461538,NA,20,"top20","eeg_tleft_sampent_full_change_precond;pupil_dilation_sd_full_change_precond;eeg_tleft_halpha_mean_full_change_precond;eeg_pright_sampent_full_change_precond;eeg_c_theta_mean_full_change_precond;eeg_tleft_lalpha_mean_full_change_precond;gsr_skin_conductance_eda_tonic_mean_nk_full_change_precond;eeg_t_sampent_full_change_precond;eeg_fl_hbeta_mean_full_change_precond;hrv_rmssd_full_change_precond;eeg_fm_theta_mean_full_change_precond;eeg_pleft_lbeta_mean_full_change_precond;eeg_tright_halpha_mean_full_change_precond;eeg_pleft_halpha_mean_full_change_precond;eeg_fr_sampent_full_change_precond;hr_heartrate_bpm_med_abs_full_change_precond;eeg_c_sampent_full_change_precond;eeg_c_specent_full_change_precond;eeg_fm_sampent_full_change_precond;pupil_asymmetry_full_change_precond"
2025-11-26 18:24:13.378995,14,"stress_label",20,128,0.0078125,0.544871794871795,0.506410256410256,0.523931623931624,20,"top20","eeg_tleft_sampent_full_change_precond;pupil_dilation_sd_full_change_precond;eeg_tleft_halpha_mean_full_change_precond;eeg_pright_sampent_full_change_precond;eeg_c_theta_mean_full_change_precond;eeg_tleft_lalpha_mean_full_change_precond;gsr_skin_conductance_eda_tonic_mean_nk_full_change_precond;eeg_t_sampent_full_change_precond;eeg_fl_hbeta_mean_full_change_precond;hrv_rmssd_full_change_precond;eeg_fm_theta_mean_full_change_precond;eeg_pleft_lbeta_mean_full_change_precond;eeg_tright_halpha_mean_full_change_precond;eeg_pleft_halpha_mean_full_change_precond;eeg_fr_sampent_full_change_precond;hr_heartrate_bpm_med_abs_full_change_precond;eeg_c_sampent_full_change_precond;eeg_c_specent_full_change_precond;eeg_fm_sampent_full_change_precond;pupil_asymmetry_full_change_precond"
2025-11-26 18:24:14.916647,14,"stress_label",20,256,0.0078125,0.57051282051282,0.583333333333333,NA,20,"top20","eeg_tleft_sampent_full_change_precond;pupil_dilation_sd_full_change_precond;eeg_tleft_halpha_mean_full_change_precond;eeg_pright_sampent_full_change_precond;eeg_c_theta_mean_full_change_precond;eeg_tleft_lalpha_mean_full_change_precond;gsr_skin_conductance_eda_tonic_mean_nk_full_change_precond;eeg_t_sampent_full_change_precond;eeg_fl_hbeta_mean_full_change_precond;hrv_rmssd_full_change_precond;eeg_fm_theta_mean_full_change_precond;eeg_pleft_lbeta_mean_full_change_precond;eeg_tright_halpha_mean_full_change_precond;eeg_pleft_halpha_mean_full_change_precond;eeg_fr_sampent_full_change_precond;hr_heartrate_bpm_med_abs_full_change_precond;eeg_c_sampent_full_change_precond;eeg_c_specent_full_change_precond;eeg_fm_sampent_full_change_precond;pupil_asymmetry_full_change_precond"
2025-11-26 18:24:15.954687,14,"stress_label",20,2,0.015625,0.551282051282051,0.634615384615385,0.527350427350427,20,"top20","eeg_tleft_sampent_full_change_precond;pupil_dilation_sd_full_change_precond;eeg_tleft_halpha_mean_full_change_precond;eeg_pright_sampent_full_change_precond;eeg_c_theta_mean_full_change_precond;eeg_tleft_lalpha_mean_full_change_precond;gsr_skin_conductance_eda_tonic_mean_nk_full_change_precond;eeg_t_sampent_full_change_precond;eeg_fl_hbeta_mean_full_change_precond;hrv_rmssd_full_change_precond;eeg_fm_theta_mean_full_change_precond;eeg_pleft_lbeta_mean_full_change_precond;eeg_tright_halpha_mean_full_change_precond;eeg_pleft_halpha_mean_full_change_precond;eeg_fr_sampent_full_change_precond;hr_heartrate_bpm_med_abs_full_change_precond;eeg_c_sampent_full_change_precond;eeg_c_specent_full_change_precond;eeg_fm_sampent_full_change_precond;pupil_asymmetry_full_change_precond"
2025-11-26 18:24:16.884184,14,"stress_label",20,4,0.015625,0.551282051282051,0.596153846153846,0.541025641025641,20,"top20","eeg_tleft_sampent_full_change_precond;pupil_dilation_sd_full_change_precond;eeg_tleft_halpha_mean_full_change_precond;eeg_pright_sampent_full_change_precond;eeg_c_theta_mean_full_change_precond;eeg_tleft_lalpha_mean_full_change_precond;gsr_skin_conductance_eda_tonic_mean_nk_full_change_precond;eeg_t_sampent_full_change_precond;eeg_fl_hbeta_mean_full_change_precond;hrv_rmssd_full_change_precond;eeg_fm_theta_mean_full_change_precond;eeg_pleft_lbeta_mean_full_change_precond;eeg_tright_halpha_mean_full_change_precond;eeg_pleft_halpha_mean_full_change_precond;eeg_fr_sampent_full_change_precond;hr_heartrate_bpm_med_abs_full_change_precond;eeg_c_sampent_full_change_precond;eeg_c_specent_full_change_precond;eeg_fm_sampent_full_change_precond;pupil_asymmetry_full_change_precond"
2025-11-26 18:24:17.935252,14,"stress_label",20,8,0.015625,0.596153846153846,0.58974358974359,0.587179487179487,20,"top20","eeg_tleft_sampent_full_change_precond;pupil_dilation_sd_full_change_precond;eeg_tleft_halpha_mean_full_change_precond;eeg_pright_sampent_full_change_precond;eeg_c_theta_mean_full_change_precond;eeg_tleft_lalpha_mean_full_change_precond;gsr_skin_conductance_eda_tonic_mean_nk_full_change_precond;eeg_t_sampent_full_change_precond;eeg_fl_hbeta_mean_full_change_precond;hrv_rmssd_full_change_precond;eeg_fm_theta_mean_full_change_precond;eeg_pleft_lbeta_mean_full_change_precond;eeg_tright_halpha_mean_full_change_precond;eeg_pleft_halpha_mean_full_change_precond;eeg_fr_sampent_full_change_precond;hr_heartrate_bpm_med_abs_full_change_precond;eeg_c_sampent_full_change_precond;eeg_c_specent_full_change_precond;eeg_fm_sampent_full_change_precond;pupil_asymmetry_full_change_precond"
2025-11-26 18:24:18.784874,14,"stress_label",20,16,0.015625,0.57051282051282,0.57051282051282,0.544444444444444,20,"top20","eeg_tleft_sampent_full_change_precond;pupil_dilation_sd_full_change_precond;eeg_tleft_halpha_mean_full_change_precond;eeg_pright_sampent_full_change_precond;eeg_c_theta_mean_full_change_precond;eeg_tleft_lalpha_mean_full_change_precond;gsr_skin_conductance_eda_tonic_mean_nk_full_change_precond;eeg_t_sampent_full_change_precond;eeg_fl_hbeta_mean_full_change_precond;hrv_rmssd_full_change_precond;eeg_fm_theta_mean_full_change_precond;eeg_pleft_lbeta_mean_full_change_precond;eeg_tright_halpha_mean_full_change_precond;eeg_pleft_halpha_mean_full_change_precond;eeg_fr_sampent_full_change_precond;hr_heartrate_bpm_med_abs_full_change_precond;eeg_c_sampent_full_change_precond;eeg_c_specent_full_change_precond;eeg_fm_sampent_full_change_precond;pupil_asymmetry_full_change_precond"
2025-11-26 18:24:19.904237,14,"stress_label",20,32,0.015625,0.551282051282051,0.538461538461538,0.515384615384615,20,"top20","eeg_tleft_sampent_full_change_precond;pupil_dilation_sd_full_change_precond;eeg_tleft_halpha_mean_full_change_precond;eeg_pright_sampent_full_change_precond;eeg_c_theta_mean_full_change_precond;eeg_tleft_lalpha_mean_full_change_precond;gsr_skin_conductance_eda_tonic_mean_nk_full_change_precond;eeg_t_sampent_full_change_precond;eeg_fl_hbeta_mean_full_change_precond;hrv_rmssd_full_change_precond;eeg_fm_theta_mean_full_change_precond;eeg_pleft_lbeta_mean_full_change_precond;eeg_tright_halpha_mean_full_change_precond;eeg_pleft_halpha_mean_full_change_precond;eeg_fr_sampent_full_change_precond;hr_heartrate_bpm_med_abs_full_change_precond;eeg_c_sampent_full_change_precond;eeg_c_specent_full_change_precond;eeg_fm_sampent_full_change_precond;pupil_asymmetry_full_change_precond"
2025-11-26 18:24:21.12319,14,"stress_label",20,64,0.015625,0.576923076923077,0.564102564102564,NA,20,"top20","eeg_tleft_sampent_full_change_precond;pupil_dilation_sd_full_change_precond;eeg_tleft_halpha_mean_full_change_precond;eeg_pright_sampent_full_change_precond;eeg_c_theta_mean_full_change_precond;eeg_tleft_lalpha_mean_full_change_precond;gsr_skin_conductance_eda_tonic_mean_nk_full_change_precond;eeg_t_sampent_full_change_precond;eeg_fl_hbeta_mean_full_change_precond;hrv_rmssd_full_change_precond;eeg_fm_theta_mean_full_change_precond;eeg_pleft_lbeta_mean_full_change_precond;eeg_tright_halpha_mean_full_change_precond;eeg_pleft_halpha_mean_full_change_precond;eeg_fr_sampent_full_change_precond;hr_heartrate_bpm_med_abs_full_change_precond;eeg_c_sampent_full_change_precond;eeg_c_specent_full_change_precond;eeg_fm_sampent_full_change_precond;pupil_asymmetry_full_change_precond"
2025-11-26 18:24:22.268856,14,"stress_label",20,128,0.015625,0.564102564102564,0.538461538461538,NA,20,"top20","eeg_tleft_sampent_full_change_precond;pupil_dilation_sd_full_change_precond;eeg_tleft_halpha_mean_full_change_precond;eeg_pright_sampent_full_change_precond;eeg_c_theta_mean_full_change_precond;eeg_tleft_lalpha_mean_full_change_precond;gsr_skin_conductance_eda_tonic_mean_nk_full_change_precond;eeg_t_sampent_full_change_precond;eeg_fl_hbeta_mean_full_change_precond;hrv_rmssd_full_change_precond;eeg_fm_theta_mean_full_change_precond;eeg_pleft_lbeta_mean_full_change_precond;eeg_tright_halpha_mean_full_change_precond;eeg_pleft_halpha_mean_full_change_precond;eeg_fr_sampent_full_change_precond;hr_heartrate_bpm_med_abs_full_change_precond;eeg_c_sampent_full_change_precond;eeg_c_specent_full_change_precond;eeg_fm_sampent_full_change_precond;pupil_asymmetry_full_change_precond"
2025-11-26 18:24:23.521336,14,"stress_label",20,256,0.015625,0.564102564102564,0.525641025641026,NA,20,"top20","eeg_tleft_sampent_full_change_precond;pupil_dilation_sd_full_change_precond;eeg_tleft_halpha_mean_full_change_precond;eeg_pright_sampent_full_change_precond;eeg_c_theta_mean_full_change_precond;eeg_tleft_lalpha_mean_full_change_precond;gsr_skin_conductance_eda_tonic_mean_nk_full_change_precond;eeg_t_sampent_full_change_precond;eeg_fl_hbeta_mean_full_change_precond;hrv_rmssd_full_change_precond;eeg_fm_theta_mean_full_change_precond;eeg_pleft_lbeta_mean_full_change_precond;eeg_tright_halpha_mean_full_change_precond;eeg_pleft_halpha_mean_full_change_precond;eeg_fr_sampent_full_change_precond;hr_heartrate_bpm_med_abs_full_change_precond;eeg_c_sampent_full_change_precond;eeg_c_specent_full_change_precond;eeg_fm_sampent_full_change_precond;pupil_asymmetry_full_change_precond"
2025-11-26 18:24:24.600569,14,"stress_label",20,2,0.03125,0.58974358974359,0.58974358974359,NA,20,"top20","eeg_tleft_sampent_full_change_precond;pupil_dilation_sd_full_change_precond;eeg_tleft_halpha_mean_full_change_precond;eeg_pright_sampent_full_change_precond;eeg_c_theta_mean_full_change_precond;eeg_tleft_lalpha_mean_full_change_precond;gsr_skin_conductance_eda_tonic_mean_nk_full_change_precond;eeg_t_sampent_full_change_precond;eeg_fl_hbeta_mean_full_change_precond;hrv_rmssd_full_change_precond;eeg_fm_theta_mean_full_change_precond;eeg_pleft_lbeta_mean_full_change_precond;eeg_tright_halpha_mean_full_change_precond;eeg_pleft_halpha_mean_full_change_precond;eeg_fr_sampent_full_change_precond;hr_heartrate_bpm_med_abs_full_change_precond;eeg_c_sampent_full_change_precond;eeg_c_specent_full_change_precond;eeg_fm_sampent_full_change_precond;pupil_asymmetry_full_change_precond"
2025-11-26 18:24:25.651467,14,"stress_label",20,4,0.03125,0.608974358974359,0.615384615384615,0.593162393162393,20,"top20","eeg_tleft_sampent_full_change_precond;pupil_dilation_sd_full_change_precond;eeg_tleft_halpha_mean_full_change_precond;eeg_pright_sampent_full_change_precond;eeg_c_theta_mean_full_change_precond;eeg_tleft_lalpha_mean_full_change_precond;gsr_skin_conductance_eda_tonic_mean_nk_full_change_precond;eeg_t_sampent_full_change_precond;eeg_fl_hbeta_mean_full_change_precond;hrv_rmssd_full_change_precond;eeg_fm_theta_mean_full_change_precond;eeg_pleft_lbeta_mean_full_change_precond;eeg_tright_halpha_mean_full_change_precond;eeg_pleft_halpha_mean_full_change_precond;eeg_fr_sampent_full_change_precond;hr_heartrate_bpm_med_abs_full_change_precond;eeg_c_sampent_full_change_precond;eeg_c_specent_full_change_precond;eeg_fm_sampent_full_change_precond;pupil_asymmetry_full_change_precond"
2025-11-26 18:24:26.765503,14,"stress_label",20,8,0.03125,0.583333333333333,0.551282051282051,0.565811965811966,20,"top20","eeg_tleft_sampent_full_change_precond;pupil_dilation_sd_full_change_precond;eeg_tleft_halpha_mean_full_change_precond;eeg_pright_sampent_full_change_precond;eeg_c_theta_mean_full_change_precond;eeg_tleft_lalpha_mean_full_change_precond;gsr_skin_conductance_eda_tonic_mean_nk_full_change_precond;eeg_t_sampent_full_change_precond;eeg_fl_hbeta_mean_full_change_precond;hrv_rmssd_full_change_precond;eeg_fm_theta_mean_full_change_precond;eeg_pleft_lbeta_mean_full_change_precond;eeg_tright_halpha_mean_full_change_precond;eeg_pleft_halpha_mean_full_change_precond;eeg_fr_sampent_full_change_precond;hr_heartrate_bpm_med_abs_full_change_precond;eeg_c_sampent_full_change_precond;eeg_c_specent_full_change_precond;eeg_fm_sampent_full_change_precond;pupil_asymmetry_full_change_precond"
2025-11-26 18:24:27.886143,14,"stress_label",20,16,0.03125,0.564102564102564,0.58974358974359,NA,20,"top20","eeg_tleft_sampent_full_change_precond;pupil_dilation_sd_full_change_precond;eeg_tleft_halpha_mean_full_change_precond;eeg_pright_sampent_full_change_precond;eeg_c_theta_mean_full_change_precond;eeg_tleft_lalpha_mean_full_change_precond;gsr_skin_conductance_eda_tonic_mean_nk_full_change_precond;eeg_t_sampent_full_change_precond;eeg_fl_hbeta_mean_full_change_precond;hrv_rmssd_full_change_precond;eeg_fm_theta_mean_full_change_precond;eeg_pleft_lbeta_mean_full_change_precond;eeg_tright_halpha_mean_full_change_precond;eeg_pleft_halpha_mean_full_change_precond;eeg_fr_sampent_full_change_precond;hr_heartrate_bpm_med_abs_full_change_precond;eeg_c_sampent_full_change_precond;eeg_c_specent_full_change_precond;eeg_fm_sampent_full_change_precond;pupil_asymmetry_full_change_precond"
2025-11-26 18:24:29.081001,14,"stress_label",20,32,0.03125,0.58974358974359,0.58974358974359,NA,20,"top20","eeg_tleft_sampent_full_change_precond;pupil_dilation_sd_full_change_precond;eeg_tleft_halpha_mean_full_change_precond;eeg_pright_sampent_full_change_precond;eeg_c_theta_mean_full_change_precond;eeg_tleft_lalpha_mean_full_change_precond;gsr_skin_conductance_eda_tonic_mean_nk_full_change_precond;eeg_t_sampent_full_change_precond;eeg_fl_hbeta_mean_full_change_precond;hrv_rmssd_full_change_precond;eeg_fm_theta_mean_full_change_precond;eeg_pleft_lbeta_mean_full_change_precond;eeg_tright_halpha_mean_full_change_precond;eeg_pleft_halpha_mean_full_change_precond;eeg_fr_sampent_full_change_precond;hr_heartrate_bpm_med_abs_full_change_precond;eeg_c_sampent_full_change_precond;eeg_c_specent_full_change_precond;eeg_fm_sampent_full_change_precond;pupil_asymmetry_full_change_precond"
2025-11-26 18:24:30.259725,14,"stress_label",20,64,0.03125,0.564102564102564,0.596153846153846,NA,20,"top20","eeg_tleft_sampent_full_change_precond;pupil_dilation_sd_full_change_precond;eeg_tleft_halpha_mean_full_change_precond;eeg_pright_sampent_full_change_precond;eeg_c_theta_mean_full_change_precond;eeg_tleft_lalpha_mean_full_change_precond;gsr_skin_conductance_eda_tonic_mean_nk_full_change_precond;eeg_t_sampent_full_change_precond;eeg_fl_hbeta_mean_full_change_precond;hrv_rmssd_full_change_precond;eeg_fm_theta_mean_full_change_precond;eeg_pleft_lbeta_mean_full_change_precond;eeg_tright_halpha_mean_full_change_precond;eeg_pleft_halpha_mean_full_change_precond;eeg_fr_sampent_full_change_precond;hr_heartrate_bpm_med_abs_full_change_precond;eeg_c_sampent_full_change_precond;eeg_c_specent_full_change_precond;eeg_fm_sampent_full_change_precond;pupil_asymmetry_full_change_precond"
2025-11-26 18:24:31.463137,14,"stress_label",20,128,0.03125,0.564102564102564,0.596153846153846,NA,20,"top20","eeg_tleft_sampent_full_change_precond;pupil_dilation_sd_full_change_precond;eeg_tleft_halpha_mean_full_change_precond;eeg_pright_sampent_full_change_precond;eeg_c_theta_mean_full_change_precond;eeg_tleft_lalpha_mean_full_change_precond;gsr_skin_conductance_eda_tonic_mean_nk_full_change_precond;eeg_t_sampent_full_change_precond;eeg_fl_hbeta_mean_full_change_precond;hrv_rmssd_full_change_precond;eeg_fm_theta_mean_full_change_precond;eeg_pleft_lbeta_mean_full_change_precond;eeg_tright_halpha_mean_full_change_precond;eeg_pleft_halpha_mean_full_change_precond;eeg_fr_sampent_full_change_precond;hr_heartrate_bpm_med_abs_full_change_precond;eeg_c_sampent_full_change_precond;eeg_c_specent_full_change_precond;eeg_fm_sampent_full_change_precond;pupil_asymmetry_full_change_precond"
2025-11-26 18:24:32.637855,14,"stress_label",20,256,0.03125,0.564102564102564,0.596153846153846,NA,20,"top20","eeg_tleft_sampent_full_change_precond;pupil_dilation_sd_full_change_precond;eeg_tleft_halpha_mean_full_change_precond;eeg_pright_sampent_full_change_precond;eeg_c_theta_mean_full_change_precond;eeg_tleft_lalpha_mean_full_change_precond;gsr_skin_conductance_eda_tonic_mean_nk_full_change_precond;eeg_t_sampent_full_change_precond;eeg_fl_hbeta_mean_full_change_precond;hrv_rmssd_full_change_precond;eeg_fm_theta_mean_full_change_precond;eeg_pleft_lbeta_mean_full_change_precond;eeg_tright_halpha_mean_full_change_precond;eeg_pleft_halpha_mean_full_change_precond;eeg_fr_sampent_full_change_precond;hr_heartrate_bpm_med_abs_full_change_precond;eeg_c_sampent_full_change_precond;eeg_c_specent_full_change_precond;eeg_fm_sampent_full_change_precond;pupil_asymmetry_full_change_precond"
2025-11-26 18:24:33.83054,14,"stress_label",20,2,0.0625,0.634615384615385,0.602564102564103,0.615384615384615,20,"top20","eeg_tleft_sampent_full_change_precond;pupil_dilation_sd_full_change_precond;eeg_tleft_halpha_mean_full_change_precond;eeg_pright_sampent_full_change_precond;eeg_c_theta_mean_full_change_precond;eeg_tleft_lalpha_mean_full_change_precond;gsr_skin_conductance_eda_tonic_mean_nk_full_change_precond;eeg_t_sampent_full_change_precond;eeg_fl_hbeta_mean_full_change_precond;hrv_rmssd_full_change_precond;eeg_fm_theta_mean_full_change_precond;eeg_pleft_lbeta_mean_full_change_precond;eeg_tright_halpha_mean_full_change_precond;eeg_pleft_halpha_mean_full_change_precond;eeg_fr_sampent_full_change_precond;hr_heartrate_bpm_med_abs_full_change_precond;eeg_c_sampent_full_change_precond;eeg_c_specent_full_change_precond;eeg_fm_sampent_full_change_precond;pupil_asymmetry_full_change_precond"
2025-11-26 18:24:34.840089,14,"stress_label",20,4,0.0625,0.602564102564103,0.602564102564103,NA,20,"top20","eeg_tleft_sampent_full_change_precond;pupil_dilation_sd_full_change_precond;eeg_tleft_halpha_mean_full_change_precond;eeg_pright_sampent_full_change_precond;eeg_c_theta_mean_full_change_precond;eeg_tleft_lalpha_mean_full_change_precond;gsr_skin_conductance_eda_tonic_mean_nk_full_change_precond;eeg_t_sampent_full_change_precond;eeg_fl_hbeta_mean_full_change_precond;hrv_rmssd_full_change_precond;eeg_fm_theta_mean_full_change_precond;eeg_pleft_lbeta_mean_full_change_precond;eeg_tright_halpha_mean_full_change_precond;eeg_pleft_halpha_mean_full_change_precond;eeg_fr_sampent_full_change_precond;hr_heartrate_bpm_med_abs_full_change_precond;eeg_c_sampent_full_change_precond;eeg_c_specent_full_change_precond;eeg_fm_sampent_full_change_precond;pupil_asymmetry_full_change_precond"
2025-11-26 18:24:35.940994,14,"stress_label",20,8,0.0625,0.576923076923077,0.641025641025641,0.569230769230769,20,"top20","eeg_tleft_sampent_full_change_precond;pupil_dilation_sd_full_change_precond;eeg_tleft_halpha_mean_full_change_precond;eeg_pright_sampent_full_change_precond;eeg_c_theta_mean_full_change_precond;eeg_tleft_lalpha_mean_full_change_precond;gsr_skin_conductance_eda_tonic_mean_nk_full_change_precond;eeg_t_sampent_full_change_precond;eeg_fl_hbeta_mean_full_change_precond;hrv_rmssd_full_change_precond;eeg_fm_theta_mean_full_change_precond;eeg_pleft_lbeta_mean_full_change_precond;eeg_tright_halpha_mean_full_change_precond;eeg_pleft_halpha_mean_full_change_precond;eeg_fr_sampent_full_change_precond;hr_heartrate_bpm_med_abs_full_change_precond;eeg_c_sampent_full_change_precond;eeg_c_specent_full_change_precond;eeg_fm_sampent_full_change_precond;pupil_asymmetry_full_change_precond"
2025-11-26 18:24:36.998188,14,"stress_label",20,16,0.0625,0.583333333333333,0.647435897435897,0.574358974358974,20,"top20","eeg_tleft_sampent_full_change_precond;pupil_dilation_sd_full_change_precond;eeg_tleft_halpha_mean_full_change_precond;eeg_pright_sampent_full_change_precond;eeg_c_theta_mean_full_change_precond;eeg_tleft_lalpha_mean_full_change_precond;gsr_skin_conductance_eda_tonic_mean_nk_full_change_precond;eeg_t_sampent_full_change_precond;eeg_fl_hbeta_mean_full_change_precond;hrv_rmssd_full_change_precond;eeg_fm_theta_mean_full_change_precond;eeg_pleft_lbeta_mean_full_change_precond;eeg_tright_halpha_mean_full_change_precond;eeg_pleft_halpha_mean_full_change_precond;eeg_fr_sampent_full_change_precond;hr_heartrate_bpm_med_abs_full_change_precond;eeg_c_sampent_full_change_precond;eeg_c_specent_full_change_precond;eeg_fm_sampent_full_change_precond;pupil_asymmetry_full_change_precond"
2025-11-26 18:24:38.09235,14,"stress_label",20,32,0.0625,0.583333333333333,0.647435897435897,0.574358974358974,20,"top20","eeg_tleft_sampent_full_change_precond;pupil_dilation_sd_full_change_precond;eeg_tleft_halpha_mean_full_change_precond;eeg_pright_sampent_full_change_precond;eeg_c_theta_mean_full_change_precond;eeg_tleft_lalpha_mean_full_change_precond;gsr_skin_conductance_eda_tonic_mean_nk_full_change_precond;eeg_t_sampent_full_change_precond;eeg_fl_hbeta_mean_full_change_precond;hrv_rmssd_full_change_precond;eeg_fm_theta_mean_full_change_precond;eeg_pleft_lbeta_mean_full_change_precond;eeg_tright_halpha_mean_full_change_precond;eeg_pleft_halpha_mean_full_change_precond;eeg_fr_sampent_full_change_precond;hr_heartrate_bpm_med_abs_full_change_precond;eeg_c_sampent_full_change_precond;eeg_c_specent_full_change_precond;eeg_fm_sampent_full_change_precond;pupil_asymmetry_full_change_precond"
2025-11-26 18:24:39.195385,14,"stress_label",20,64,0.0625,0.583333333333333,0.647435897435897,0.574358974358974,20,"top20","eeg_tleft_sampent_full_change_precond;pupil_dilation_sd_full_change_precond;eeg_tleft_halpha_mean_full_change_precond;eeg_pright_sampent_full_change_precond;eeg_c_theta_mean_full_change_precond;eeg_tleft_lalpha_mean_full_change_precond;gsr_skin_conductance_eda_tonic_mean_nk_full_change_precond;eeg_t_sampent_full_change_precond;eeg_fl_hbeta_mean_full_change_precond;hrv_rmssd_full_change_precond;eeg_fm_theta_mean_full_change_precond;eeg_pleft_lbeta_mean_full_change_precond;eeg_tright_halpha_mean_full_change_precond;eeg_pleft_halpha_mean_full_change_precond;eeg_fr_sampent_full_change_precond;hr_heartrate_bpm_med_abs_full_change_precond;eeg_c_sampent_full_change_precond;eeg_c_specent_full_change_precond;eeg_fm_sampent_full_change_precond;pupil_asymmetry_full_change_precond"
2025-11-26 18:24:40.289957,14,"stress_label",20,128,0.0625,0.583333333333333,0.647435897435897,0.574358974358974,20,"top20","eeg_tleft_sampent_full_change_precond;pupil_dilation_sd_full_change_precond;eeg_tleft_halpha_mean_full_change_precond;eeg_pright_sampent_full_change_precond;eeg_c_theta_mean_full_change_precond;eeg_tleft_lalpha_mean_full_change_precond;gsr_skin_conductance_eda_tonic_mean_nk_full_change_precond;eeg_t_sampent_full_change_precond;eeg_fl_hbeta_mean_full_change_precond;hrv_rmssd_full_change_precond;eeg_fm_theta_mean_full_change_precond;eeg_pleft_lbeta_mean_full_change_precond;eeg_tright_halpha_mean_full_change_precond;eeg_pleft_halpha_mean_full_change_precond;eeg_fr_sampent_full_change_precond;hr_heartrate_bpm_med_abs_full_change_precond;eeg_c_sampent_full_change_precond;eeg_c_specent_full_change_precond;eeg_fm_sampent_full_change_precond;pupil_asymmetry_full_change_precond"
2025-11-26 18:24:41.429925,14,"stress_label",20,256,0.0625,0.583333333333333,0.621794871794872,0.574358974358974,20,"top20","eeg_tleft_sampent_full_change_precond;pupil_dilation_sd_full_change_precond;eeg_tleft_halpha_mean_full_change_precond;eeg_pright_sampent_full_change_precond;eeg_c_theta_mean_full_change_precond;eeg_tleft_lalpha_mean_full_change_precond;gsr_skin_conductance_eda_tonic_mean_nk_full_change_precond;eeg_t_sampent_full_change_precond;eeg_fl_hbeta_mean_full_change_precond;hrv_rmssd_full_change_precond;eeg_fm_theta_mean_full_change_precond;eeg_pleft_lbeta_mean_full_change_precond;eeg_tright_halpha_mean_full_change_precond;eeg_pleft_halpha_mean_full_change_precond;eeg_fr_sampent_full_change_precond;hr_heartrate_bpm_med_abs_full_change_precond;eeg_c_sampent_full_change_precond;eeg_c_specent_full_change_precond;eeg_fm_sampent_full_change_precond;pupil_asymmetry_full_change_precond"
2025-11-26 18:24:42.534279,14,"stress_label",20,2,0.125,0.602564102564103,0.615384615384615,NA,20,"top20","eeg_tleft_sampent_full_change_precond;pupil_dilation_sd_full_change_precond;eeg_tleft_halpha_mean_full_change_precond;eeg_pright_sampent_full_change_precond;eeg_c_theta_mean_full_change_precond;eeg_tleft_lalpha_mean_full_change_precond;gsr_skin_conductance_eda_tonic_mean_nk_full_change_precond;eeg_t_sampent_full_change_precond;eeg_fl_hbeta_mean_full_change_precond;hrv_rmssd_full_change_precond;eeg_fm_theta_mean_full_change_precond;eeg_pleft_lbeta_mean_full_change_precond;eeg_tright_halpha_mean_full_change_precond;eeg_pleft_halpha_mean_full_change_precond;eeg_fr_sampent_full_change_precond;hr_heartrate_bpm_med_abs_full_change_precond;eeg_c_sampent_full_change_precond;eeg_c_specent_full_change_precond;eeg_fm_sampent_full_change_precond;pupil_asymmetry_full_change_precond"
2025-11-26 18:24:43.645863,14,"stress_label",20,4,0.125,0.615384615384615,0.615384615384615,0.61025641025641,20,"top20","eeg_tleft_sampent_full_change_precond;pupil_dilation_sd_full_change_precond;eeg_tleft_halpha_mean_full_change_precond;eeg_pright_sampent_full_change_precond;eeg_c_theta_mean_full_change_precond;eeg_tleft_lalpha_mean_full_change_precond;gsr_skin_conductance_eda_tonic_mean_nk_full_change_precond;eeg_t_sampent_full_change_precond;eeg_fl_hbeta_mean_full_change_precond;hrv_rmssd_full_change_precond;eeg_fm_theta_mean_full_change_precond;eeg_pleft_lbeta_mean_full_change_precond;eeg_tright_halpha_mean_full_change_precond;eeg_pleft_halpha_mean_full_change_precond;eeg_fr_sampent_full_change_precond;hr_heartrate_bpm_med_abs_full_change_precond;eeg_c_sampent_full_change_precond;eeg_c_specent_full_change_precond;eeg_fm_sampent_full_change_precond;pupil_asymmetry_full_change_precond"
2025-11-26 18:24:44.736993,14,"stress_label",20,8,0.125,0.615384615384615,0.615384615384615,0.61025641025641,20,"top20","eeg_tleft_sampent_full_change_precond;pupil_dilation_sd_full_change_precond;eeg_tleft_halpha_mean_full_change_precond;eeg_pright_sampent_full_change_precond;eeg_c_theta_mean_full_change_precond;eeg_tleft_lalpha_mean_full_change_precond;gsr_skin_conductance_eda_tonic_mean_nk_full_change_precond;eeg_t_sampent_full_change_precond;eeg_fl_hbeta_mean_full_change_precond;hrv_rmssd_full_change_precond;eeg_fm_theta_mean_full_change_precond;eeg_pleft_lbeta_mean_full_change_precond;eeg_tright_halpha_mean_full_change_precond;eeg_pleft_halpha_mean_full_change_precond;eeg_fr_sampent_full_change_precond;hr_heartrate_bpm_med_abs_full_change_precond;eeg_c_sampent_full_change_precond;eeg_c_specent_full_change_precond;eeg_fm_sampent_full_change_precond;pupil_asymmetry_full_change_precond"
2025-11-26 18:24:45.843216,14,"stress_label",20,16,0.125,0.615384615384615,0.615384615384615,0.61025641025641,20,"top20","eeg_tleft_sampent_full_change_precond;pupil_dilation_sd_full_change_precond;eeg_tleft_halpha_mean_full_change_precond;eeg_pright_sampent_full_change_precond;eeg_c_theta_mean_full_change_precond;eeg_tleft_lalpha_mean_full_change_precond;gsr_skin_conductance_eda_tonic_mean_nk_full_change_precond;eeg_t_sampent_full_change_precond;eeg_fl_hbeta_mean_full_change_precond;hrv_rmssd_full_change_precond;eeg_fm_theta_mean_full_change_precond;eeg_pleft_lbeta_mean_full_change_precond;eeg_tright_halpha_mean_full_change_precond;eeg_pleft_halpha_mean_full_change_precond;eeg_fr_sampent_full_change_precond;hr_heartrate_bpm_med_abs_full_change_precond;eeg_c_sampent_full_change_precond;eeg_c_specent_full_change_precond;eeg_fm_sampent_full_change_precond;pupil_asymmetry_full_change_precond"
2025-11-26 18:24:46.83767,14,"stress_label",20,32,0.125,0.615384615384615,0.615384615384615,0.61025641025641,20,"top20","eeg_tleft_sampent_full_change_precond;pupil_dilation_sd_full_change_precond;eeg_tleft_halpha_mean_full_change_precond;eeg_pright_sampent_full_change_precond;eeg_c_theta_mean_full_change_precond;eeg_tleft_lalpha_mean_full_change_precond;gsr_skin_conductance_eda_tonic_mean_nk_full_change_precond;eeg_t_sampent_full_change_precond;eeg_fl_hbeta_mean_full_change_precond;hrv_rmssd_full_change_precond;eeg_fm_theta_mean_full_change_precond;eeg_pleft_lbeta_mean_full_change_precond;eeg_tright_halpha_mean_full_change_precond;eeg_pleft_halpha_mean_full_change_precond;eeg_fr_sampent_full_change_precond;hr_heartrate_bpm_med_abs_full_change_precond;eeg_c_sampent_full_change_precond;eeg_c_specent_full_change_precond;eeg_fm_sampent_full_change_precond;pupil_asymmetry_full_change_precond"
2025-11-26 18:24:47.925104,14,"stress_label",20,64,0.125,0.615384615384615,0.615384615384615,0.61025641025641,20,"top20","eeg_tleft_sampent_full_change_precond;pupil_dilation_sd_full_change_precond;eeg_tleft_halpha_mean_full_change_precond;eeg_pright_sampent_full_change_precond;eeg_c_theta_mean_full_change_precond;eeg_tleft_lalpha_mean_full_change_precond;gsr_skin_conductance_eda_tonic_mean_nk_full_change_precond;eeg_t_sampent_full_change_precond;eeg_fl_hbeta_mean_full_change_precond;hrv_rmssd_full_change_precond;eeg_fm_theta_mean_full_change_precond;eeg_pleft_lbeta_mean_full_change_precond;eeg_tright_halpha_mean_full_change_precond;eeg_pleft_halpha_mean_full_change_precond;eeg_fr_sampent_full_change_precond;hr_heartrate_bpm_med_abs_full_change_precond;eeg_c_sampent_full_change_precond;eeg_c_specent_full_change_precond;eeg_fm_sampent_full_change_precond;pupil_asymmetry_full_change_precond"
2025-11-26 18:24:49.036642,14,"stress_label",20,128,0.125,0.615384615384615,0.615384615384615,0.61025641025641,20,"top20","eeg_tleft_sampent_full_change_precond;pupil_dilation_sd_full_change_precond;eeg_tleft_halpha_mean_full_change_precond;eeg_pright_sampent_full_change_precond;eeg_c_theta_mean_full_change_precond;eeg_tleft_lalpha_mean_full_change_precond;gsr_skin_conductance_eda_tonic_mean_nk_full_change_precond;eeg_t_sampent_full_change_precond;eeg_fl_hbeta_mean_full_change_precond;hrv_rmssd_full_change_precond;eeg_fm_theta_mean_full_change_precond;eeg_pleft_lbeta_mean_full_change_precond;eeg_tright_halpha_mean_full_change_precond;eeg_pleft_halpha_mean_full_change_precond;eeg_fr_sampent_full_change_precond;hr_heartrate_bpm_med_abs_full_change_precond;eeg_c_sampent_full_change_precond;eeg_c_specent_full_change_precond;eeg_fm_sampent_full_change_precond;pupil_asymmetry_full_change_precond"
2025-11-26 18:24:50.133109,14,"stress_label",20,256,0.125,0.615384615384615,0.615384615384615,0.61025641025641,20,"top20","eeg_tleft_sampent_full_change_precond;pupil_dilation_sd_full_change_precond;eeg_tleft_halpha_mean_full_change_precond;eeg_pright_sampent_full_change_precond;eeg_c_theta_mean_full_change_precond;eeg_tleft_lalpha_mean_full_change_precond;gsr_skin_conductance_eda_tonic_mean_nk_full_change_precond;eeg_t_sampent_full_change_precond;eeg_fl_hbeta_mean_full_change_precond;hrv_rmssd_full_change_precond;eeg_fm_theta_mean_full_change_precond;eeg_pleft_lbeta_mean_full_change_precond;eeg_tright_halpha_mean_full_change_precond;eeg_pleft_halpha_mean_full_change_precond;eeg_fr_sampent_full_change_precond;hr_heartrate_bpm_med_abs_full_change_precond;eeg_c_sampent_full_change_precond;eeg_c_specent_full_change_precond;eeg_fm_sampent_full_change_precond;pupil_asymmetry_full_change_precond"
2025-11-26 18:24:51.171292,14,"stress_label",20,2,0.03,0.583333333333333,0.58974358974359,NA,20,"top20","eeg_tleft_sampent_full_change_precond;pupil_dilation_sd_full_change_precond;eeg_tleft_halpha_mean_full_change_precond;eeg_pright_sampent_full_change_precond;eeg_c_theta_mean_full_change_precond;eeg_tleft_lalpha_mean_full_change_precond;gsr_skin_conductance_eda_tonic_mean_nk_full_change_precond;eeg_t_sampent_full_change_precond;eeg_fl_hbeta_mean_full_change_precond;hrv_rmssd_full_change_precond;eeg_fm_theta_mean_full_change_precond;eeg_pleft_lbeta_mean_full_change_precond;eeg_tright_halpha_mean_full_change_precond;eeg_pleft_halpha_mean_full_change_precond;eeg_fr_sampent_full_change_precond;hr_heartrate_bpm_med_abs_full_change_precond;eeg_c_sampent_full_change_precond;eeg_c_specent_full_change_precond;eeg_fm_sampent_full_change_precond;pupil_asymmetry_full_change_precond"
2025-11-26 18:24:52.222812,14,"stress_label",20,4,0.03,0.602564102564103,0.608974358974359,0.588888888888889,20,"top20","eeg_tleft_sampent_full_change_precond;pupil_dilation_sd_full_change_precond;eeg_tleft_halpha_mean_full_change_precond;eeg_pright_sampent_full_change_precond;eeg_c_theta_mean_full_change_precond;eeg_tleft_lalpha_mean_full_change_precond;gsr_skin_conductance_eda_tonic_mean_nk_full_change_precond;eeg_t_sampent_full_change_precond;eeg_fl_hbeta_mean_full_change_precond;hrv_rmssd_full_change_precond;eeg_fm_theta_mean_full_change_precond;eeg_pleft_lbeta_mean_full_change_precond;eeg_tright_halpha_mean_full_change_precond;eeg_pleft_halpha_mean_full_change_precond;eeg_fr_sampent_full_change_precond;hr_heartrate_bpm_med_abs_full_change_precond;eeg_c_sampent_full_change_precond;eeg_c_specent_full_change_precond;eeg_fm_sampent_full_change_precond;pupil_asymmetry_full_change_precond"
2025-11-26 18:24:53.32425,14,"stress_label",20,8,0.03,0.583333333333333,0.557692307692308,0.55982905982906,20,"top20","eeg_tleft_sampent_full_change_precond;pupil_dilation_sd_full_change_precond;eeg_tleft_halpha_mean_full_change_precond;eeg_pright_sampent_full_change_precond;eeg_c_theta_mean_full_change_precond;eeg_tleft_lalpha_mean_full_change_precond;gsr_skin_conductance_eda_tonic_mean_nk_full_change_precond;eeg_t_sampent_full_change_precond;eeg_fl_hbeta_mean_full_change_precond;hrv_rmssd_full_change_precond;eeg_fm_theta_mean_full_change_precond;eeg_pleft_lbeta_mean_full_change_precond;eeg_tright_halpha_mean_full_change_precond;eeg_pleft_halpha_mean_full_change_precond;eeg_fr_sampent_full_change_precond;hr_heartrate_bpm_med_abs_full_change_precond;eeg_c_sampent_full_change_precond;eeg_c_specent_full_change_precond;eeg_fm_sampent_full_change_precond;pupil_asymmetry_full_change_precond"
2025-11-26 18:24:54.489361,14,"stress_label",20,16,0.03,0.564102564102564,0.551282051282051,NA,20,"top20","eeg_tleft_sampent_full_change_precond;pupil_dilation_sd_full_change_precond;eeg_tleft_halpha_mean_full_change_precond;eeg_pright_sampent_full_change_precond;eeg_c_theta_mean_full_change_precond;eeg_tleft_lalpha_mean_full_change_precond;gsr_skin_conductance_eda_tonic_mean_nk_full_change_precond;eeg_t_sampent_full_change_precond;eeg_fl_hbeta_mean_full_change_precond;hrv_rmssd_full_change_precond;eeg_fm_theta_mean_full_change_precond;eeg_pleft_lbeta_mean_full_change_precond;eeg_tright_halpha_mean_full_change_precond;eeg_pleft_halpha_mean_full_change_precond;eeg_fr_sampent_full_change_precond;hr_heartrate_bpm_med_abs_full_change_precond;eeg_c_sampent_full_change_precond;eeg_c_specent_full_change_precond;eeg_fm_sampent_full_change_precond;pupil_asymmetry_full_change_precond"
2025-11-26 18:24:55.694286,14,"stress_label",20,32,0.03,0.583333333333333,0.596153846153846,NA,20,"top20","eeg_tleft_sampent_full_change_precond;pupil_dilation_sd_full_change_precond;eeg_tleft_halpha_mean_full_change_precond;eeg_pright_sampent_full_change_precond;eeg_c_theta_mean_full_change_precond;eeg_tleft_lalpha_mean_full_change_precond;gsr_skin_conductance_eda_tonic_mean_nk_full_change_precond;eeg_t_sampent_full_change_precond;eeg_fl_hbeta_mean_full_change_precond;hrv_rmssd_full_change_precond;eeg_fm_theta_mean_full_change_precond;eeg_pleft_lbeta_mean_full_change_precond;eeg_tright_halpha_mean_full_change_precond;eeg_pleft_halpha_mean_full_change_precond;eeg_fr_sampent_full_change_precond;hr_heartrate_bpm_med_abs_full_change_precond;eeg_c_sampent_full_change_precond;eeg_c_specent_full_change_precond;eeg_fm_sampent_full_change_precond;pupil_asymmetry_full_change_precond"
2025-11-26 18:24:56.907319,14,"stress_label",20,64,0.03,0.557692307692308,0.596153846153846,NA,20,"top20","eeg_tleft_sampent_full_change_precond;pupil_dilation_sd_full_change_precond;eeg_tleft_halpha_mean_full_change_precond;eeg_pright_sampent_full_change_precond;eeg_c_theta_mean_full_change_precond;eeg_tleft_lalpha_mean_full_change_precond;gsr_skin_conductance_eda_tonic_mean_nk_full_change_precond;eeg_t_sampent_full_change_precond;eeg_fl_hbeta_mean_full_change_precond;hrv_rmssd_full_change_precond;eeg_fm_theta_mean_full_change_precond;eeg_pleft_lbeta_mean_full_change_precond;eeg_tright_halpha_mean_full_change_precond;eeg_pleft_halpha_mean_full_change_precond;eeg_fr_sampent_full_change_precond;hr_heartrate_bpm_med_abs_full_change_precond;eeg_c_sampent_full_change_precond;eeg_c_specent_full_change_precond;eeg_fm_sampent_full_change_precond;pupil_asymmetry_full_change_precond"
2025-11-26 18:24:58.092847,14,"stress_label",20,128,0.03,0.557692307692308,0.596153846153846,NA,20,"top20","eeg_tleft_sampent_full_change_precond;pupil_dilation_sd_full_change_precond;eeg_tleft_halpha_mean_full_change_precond;eeg_pright_sampent_full_change_precond;eeg_c_theta_mean_full_change_precond;eeg_tleft_lalpha_mean_full_change_precond;gsr_skin_conductance_eda_tonic_mean_nk_full_change_precond;eeg_t_sampent_full_change_precond;eeg_fl_hbeta_mean_full_change_precond;hrv_rmssd_full_change_precond;eeg_fm_theta_mean_full_change_precond;eeg_pleft_lbeta_mean_full_change_precond;eeg_tright_halpha_mean_full_change_precond;eeg_pleft_halpha_mean_full_change_precond;eeg_fr_sampent_full_change_precond;hr_heartrate_bpm_med_abs_full_change_precond;eeg_c_sampent_full_change_precond;eeg_c_specent_full_change_precond;eeg_fm_sampent_full_change_precond;pupil_asymmetry_full_change_precond"
2025-11-26 18:24:59.232098,14,"stress_label",20,256,0.03,0.557692307692308,0.596153846153846,NA,20,"top20","eeg_tleft_sampent_full_change_precond;pupil_dilation_sd_full_change_precond;eeg_tleft_halpha_mean_full_change_precond;eeg_pright_sampent_full_change_precond;eeg_c_theta_mean_full_change_precond;eeg_tleft_lalpha_mean_full_change_precond;gsr_skin_conductance_eda_tonic_mean_nk_full_change_precond;eeg_t_sampent_full_change_precond;eeg_fl_hbeta_mean_full_change_precond;hrv_rmssd_full_change_precond;eeg_fm_theta_mean_full_change_precond;eeg_pleft_lbeta_mean_full_change_precond;eeg_tright_halpha_mean_full_change_precond;eeg_pleft_halpha_mean_full_change_precond;eeg_fr_sampent_full_change_precond;hr_heartrate_bpm_med_abs_full_change_precond;eeg_c_sampent_full_change_precond;eeg_c_specent_full_change_precond;eeg_fm_sampent_full_change_precond;pupil_asymmetry_full_change_precond"
2025-11-26 18:25:00.28507,14,"stress_label",20,2,0.06,0.634615384615385,0.596153846153846,0.615384615384615,20,"top20","eeg_tleft_sampent_full_change_precond;pupil_dilation_sd_full_change_precond;eeg_tleft_halpha_mean_full_change_precond;eeg_pright_sampent_full_change_precond;eeg_c_theta_mean_full_change_precond;eeg_tleft_lalpha_mean_full_change_precond;gsr_skin_conductance_eda_tonic_mean_nk_full_change_precond;eeg_t_sampent_full_change_precond;eeg_fl_hbeta_mean_full_change_precond;hrv_rmssd_full_change_precond;eeg_fm_theta_mean_full_change_precond;eeg_pleft_lbeta_mean_full_change_precond;eeg_tright_halpha_mean_full_change_precond;eeg_pleft_halpha_mean_full_change_precond;eeg_fr_sampent_full_change_precond;hr_heartrate_bpm_med_abs_full_change_precond;eeg_c_sampent_full_change_precond;eeg_c_specent_full_change_precond;eeg_fm_sampent_full_change_precond;pupil_asymmetry_full_change_precond"
2025-11-26 18:25:01.312257,14,"stress_label",20,4,0.06,0.602564102564103,0.58974358974359,NA,20,"top20","eeg_tleft_sampent_full_change_precond;pupil_dilation_sd_full_change_precond;eeg_tleft_halpha_mean_full_change_precond;eeg_pright_sampent_full_change_precond;eeg_c_theta_mean_full_change_precond;eeg_tleft_lalpha_mean_full_change_precond;gsr_skin_conductance_eda_tonic_mean_nk_full_change_precond;eeg_t_sampent_full_change_precond;eeg_fl_hbeta_mean_full_change_precond;hrv_rmssd_full_change_precond;eeg_fm_theta_mean_full_change_precond;eeg_pleft_lbeta_mean_full_change_precond;eeg_tright_halpha_mean_full_change_precond;eeg_pleft_halpha_mean_full_change_precond;eeg_fr_sampent_full_change_precond;hr_heartrate_bpm_med_abs_full_change_precond;eeg_c_sampent_full_change_precond;eeg_c_specent_full_change_precond;eeg_fm_sampent_full_change_precond;pupil_asymmetry_full_change_precond"
2025-11-26 18:25:02.44065,14,"stress_label",20,8,0.06,0.583333333333333,0.634615384615385,0.577777777777778,20,"top20","eeg_tleft_sampent_full_change_precond;pupil_dilation_sd_full_change_precond;eeg_tleft_halpha_mean_full_change_precond;eeg_pright_sampent_full_change_precond;eeg_c_theta_mean_full_change_precond;eeg_tleft_lalpha_mean_full_change_precond;gsr_skin_conductance_eda_tonic_mean_nk_full_change_precond;eeg_t_sampent_full_change_precond;eeg_fl_hbeta_mean_full_change_precond;hrv_rmssd_full_change_precond;eeg_fm_theta_mean_full_change_precond;eeg_pleft_lbeta_mean_full_change_precond;eeg_tright_halpha_mean_full_change_precond;eeg_pleft_halpha_mean_full_change_precond;eeg_fr_sampent_full_change_precond;hr_heartrate_bpm_med_abs_full_change_precond;eeg_c_sampent_full_change_precond;eeg_c_specent_full_change_precond;eeg_fm_sampent_full_change_precond;pupil_asymmetry_full_change_precond"
2025-11-26 18:25:03.575947,14,"stress_label",20,16,0.06,0.57051282051282,0.634615384615385,0.561538461538462,20,"top20","eeg_tleft_sampent_full_change_precond;pupil_dilation_sd_full_change_precond;eeg_tleft_halpha_mean_full_change_precond;eeg_pright_sampent_full_change_precond;eeg_c_theta_mean_full_change_precond;eeg_tleft_lalpha_mean_full_change_precond;gsr_skin_conductance_eda_tonic_mean_nk_full_change_precond;eeg_t_sampent_full_change_precond;eeg_fl_hbeta_mean_full_change_precond;hrv_rmssd_full_change_precond;eeg_fm_theta_mean_full_change_precond;eeg_pleft_lbeta_mean_full_change_precond;eeg_tright_halpha_mean_full_change_precond;eeg_pleft_halpha_mean_full_change_precond;eeg_fr_sampent_full_change_precond;hr_heartrate_bpm_med_abs_full_change_precond;eeg_c_sampent_full_change_precond;eeg_c_specent_full_change_precond;eeg_fm_sampent_full_change_precond;pupil_asymmetry_full_change_precond"
2025-11-26 18:25:04.690355,14,"stress_label",20,32,0.06,0.57051282051282,0.634615384615385,0.561538461538462,20,"top20","eeg_tleft_sampent_full_change_precond;pupil_dilation_sd_full_change_precond;eeg_tleft_halpha_mean_full_change_precond;eeg_pright_sampent_full_change_precond;eeg_c_theta_mean_full_change_precond;eeg_tleft_lalpha_mean_full_change_precond;gsr_skin_conductance_eda_tonic_mean_nk_full_change_precond;eeg_t_sampent_full_change_precond;eeg_fl_hbeta_mean_full_change_precond;hrv_rmssd_full_change_precond;eeg_fm_theta_mean_full_change_precond;eeg_pleft_lbeta_mean_full_change_precond;eeg_tright_halpha_mean_full_change_precond;eeg_pleft_halpha_mean_full_change_precond;eeg_fr_sampent_full_change_precond;hr_heartrate_bpm_med_abs_full_change_precond;eeg_c_sampent_full_change_precond;eeg_c_specent_full_change_precond;eeg_fm_sampent_full_change_precond;pupil_asymmetry_full_change_precond"
2025-11-26 18:25:05.804694,14,"stress_label",20,64,0.06,0.57051282051282,0.634615384615385,0.561538461538462,20,"top20","eeg_tleft_sampent_full_change_precond;pupil_dilation_sd_full_change_precond;eeg_tleft_halpha_mean_full_change_precond;eeg_pright_sampent_full_change_precond;eeg_c_theta_mean_full_change_precond;eeg_tleft_lalpha_mean_full_change_precond;gsr_skin_conductance_eda_tonic_mean_nk_full_change_precond;eeg_t_sampent_full_change_precond;eeg_fl_hbeta_mean_full_change_precond;hrv_rmssd_full_change_precond;eeg_fm_theta_mean_full_change_precond;eeg_pleft_lbeta_mean_full_change_precond;eeg_tright_halpha_mean_full_change_precond;eeg_pleft_halpha_mean_full_change_precond;eeg_fr_sampent_full_change_precond;hr_heartrate_bpm_med_abs_full_change_precond;eeg_c_sampent_full_change_precond;eeg_c_specent_full_change_precond;eeg_fm_sampent_full_change_precond;pupil_asymmetry_full_change_precond"
2025-11-26 18:25:06.948713,14,"stress_label",20,128,0.06,0.57051282051282,0.634615384615385,0.561538461538462,20,"top20","eeg_tleft_sampent_full_change_precond;pupil_dilation_sd_full_change_precond;eeg_tleft_halpha_mean_full_change_precond;eeg_pright_sampent_full_change_precond;eeg_c_theta_mean_full_change_precond;eeg_tleft_lalpha_mean_full_change_precond;gsr_skin_conductance_eda_tonic_mean_nk_full_change_precond;eeg_t_sampent_full_change_precond;eeg_fl_hbeta_mean_full_change_precond;hrv_rmssd_full_change_precond;eeg_fm_theta_mean_full_change_precond;eeg_pleft_lbeta_mean_full_change_precond;eeg_tright_halpha_mean_full_change_precond;eeg_pleft_halpha_mean_full_change_precond;eeg_fr_sampent_full_change_precond;hr_heartrate_bpm_med_abs_full_change_precond;eeg_c_sampent_full_change_precond;eeg_c_specent_full_change_precond;eeg_fm_sampent_full_change_precond;pupil_asymmetry_full_change_precond"
2025-11-26 18:25:08.085461,14,"stress_label",20,256,0.06,0.57051282051282,0.634615384615385,0.561538461538462,20,"top20","eeg_tleft_sampent_full_change_precond;pupil_dilation_sd_full_change_precond;eeg_tleft_halpha_mean_full_change_precond;eeg_pright_sampent_full_change_precond;eeg_c_theta_mean_full_change_precond;eeg_tleft_lalpha_mean_full_change_precond;gsr_skin_conductance_eda_tonic_mean_nk_full_change_precond;eeg_t_sampent_full_change_precond;eeg_fl_hbeta_mean_full_change_precond;hrv_rmssd_full_change_precond;eeg_fm_theta_mean_full_change_precond;eeg_pleft_lbeta_mean_full_change_precond;eeg_tright_halpha_mean_full_change_precond;eeg_pleft_halpha_mean_full_change_precond;eeg_fr_sampent_full_change_precond;hr_heartrate_bpm_med_abs_full_change_precond;eeg_c_sampent_full_change_precond;eeg_c_specent_full_change_precond;eeg_fm_sampent_full_change_precond;pupil_asymmetry_full_change_precond"
2025-11-26 18:25:09.09584,14,"stress_label",20,2,0.1,0.596153846153846,0.615384615384615,NA,20,"top20","eeg_tleft_sampent_full_change_precond;pupil_dilation_sd_full_change_precond;eeg_tleft_halpha_mean_full_change_precond;eeg_pright_sampent_full_change_precond;eeg_c_theta_mean_full_change_precond;eeg_tleft_lalpha_mean_full_change_precond;gsr_skin_conductance_eda_tonic_mean_nk_full_change_precond;eeg_t_sampent_full_change_precond;eeg_fl_hbeta_mean_full_change_precond;hrv_rmssd_full_change_precond;eeg_fm_theta_mean_full_change_precond;eeg_pleft_lbeta_mean_full_change_precond;eeg_tright_halpha_mean_full_change_precond;eeg_pleft_halpha_mean_full_change_precond;eeg_fr_sampent_full_change_precond;hr_heartrate_bpm_med_abs_full_change_precond;eeg_c_sampent_full_change_precond;eeg_c_specent_full_change_precond;eeg_fm_sampent_full_change_precond;pupil_asymmetry_full_change_precond"
2025-11-26 18:25:10.197566,14,"stress_label",20,4,0.1,0.602564102564103,0.634615384615385,0.604273504273504,20,"top20","eeg_tleft_sampent_full_change_precond;pupil_dilation_sd_full_change_precond;eeg_tleft_halpha_mean_full_change_precond;eeg_pright_sampent_full_change_precond;eeg_c_theta_mean_full_change_precond;eeg_tleft_lalpha_mean_full_change_precond;gsr_skin_conductance_eda_tonic_mean_nk_full_change_precond;eeg_t_sampent_full_change_precond;eeg_fl_hbeta_mean_full_change_precond;hrv_rmssd_full_change_precond;eeg_fm_theta_mean_full_change_precond;eeg_pleft_lbeta_mean_full_change_precond;eeg_tright_halpha_mean_full_change_precond;eeg_pleft_halpha_mean_full_change_precond;eeg_fr_sampent_full_change_precond;hr_heartrate_bpm_med_abs_full_change_precond;eeg_c_sampent_full_change_precond;eeg_c_specent_full_change_precond;eeg_fm_sampent_full_change_precond;pupil_asymmetry_full_change_precond"
2025-11-26 18:25:11.229736,14,"stress_label",20,8,0.1,0.602564102564103,0.634615384615385,0.604273504273504,20,"top20","eeg_tleft_sampent_full_change_precond;pupil_dilation_sd_full_change_precond;eeg_tleft_halpha_mean_full_change_precond;eeg_pright_sampent_full_change_precond;eeg_c_theta_mean_full_change_precond;eeg_tleft_lalpha_mean_full_change_precond;gsr_skin_conductance_eda_tonic_mean_nk_full_change_precond;eeg_t_sampent_full_change_precond;eeg_fl_hbeta_mean_full_change_precond;hrv_rmssd_full_change_precond;eeg_fm_theta_mean_full_change_precond;eeg_pleft_lbeta_mean_full_change_precond;eeg_tright_halpha_mean_full_change_precond;eeg_pleft_halpha_mean_full_change_precond;eeg_fr_sampent_full_change_precond;hr_heartrate_bpm_med_abs_full_change_precond;eeg_c_sampent_full_change_precond;eeg_c_specent_full_change_precond;eeg_fm_sampent_full_change_precond;pupil_asymmetry_full_change_precond"
2025-11-26 18:25:12.349922,14,"stress_label",20,16,0.1,0.602564102564103,0.634615384615385,0.604273504273504,20,"top20","eeg_tleft_sampent_full_change_precond;pupil_dilation_sd_full_change_precond;eeg_tleft_halpha_mean_full_change_precond;eeg_pright_sampent_full_change_precond;eeg_c_theta_mean_full_change_precond;eeg_tleft_lalpha_mean_full_change_precond;gsr_skin_conductance_eda_tonic_mean_nk_full_change_precond;eeg_t_sampent_full_change_precond;eeg_fl_hbeta_mean_full_change_precond;hrv_rmssd_full_change_precond;eeg_fm_theta_mean_full_change_precond;eeg_pleft_lbeta_mean_full_change_precond;eeg_tright_halpha_mean_full_change_precond;eeg_pleft_halpha_mean_full_change_precond;eeg_fr_sampent_full_change_precond;hr_heartrate_bpm_med_abs_full_change_precond;eeg_c_sampent_full_change_precond;eeg_c_specent_full_change_precond;eeg_fm_sampent_full_change_precond;pupil_asymmetry_full_change_precond"
2025-11-26 18:25:13.426411,14,"stress_label",20,32,0.1,0.602564102564103,0.634615384615385,0.604273504273504,20,"top20","eeg_tleft_sampent_full_change_precond;pupil_dilation_sd_full_change_precond;eeg_tleft_halpha_mean_full_change_precond;eeg_pright_sampent_full_change_precond;eeg_c_theta_mean_full_change_precond;eeg_tleft_lalpha_mean_full_change_precond;gsr_skin_conductance_eda_tonic_mean_nk_full_change_precond;eeg_t_sampent_full_change_precond;eeg_fl_hbeta_mean_full_change_precond;hrv_rmssd_full_change_precond;eeg_fm_theta_mean_full_change_precond;eeg_pleft_lbeta_mean_full_change_precond;eeg_tright_halpha_mean_full_change_precond;eeg_pleft_halpha_mean_full_change_precond;eeg_fr_sampent_full_change_precond;hr_heartrate_bpm_med_abs_full_change_precond;eeg_c_sampent_full_change_precond;eeg_c_specent_full_change_precond;eeg_fm_sampent_full_change_precond;pupil_asymmetry_full_change_precond"
2025-11-26 18:25:14.55203,14,"stress_label",20,64,0.1,0.602564102564103,0.634615384615385,0.604273504273504,20,"top20","eeg_tleft_sampent_full_change_precond;pupil_dilation_sd_full_change_precond;eeg_tleft_halpha_mean_full_change_precond;eeg_pright_sampent_full_change_precond;eeg_c_theta_mean_full_change_precond;eeg_tleft_lalpha_mean_full_change_precond;gsr_skin_conductance_eda_tonic_mean_nk_full_change_precond;eeg_t_sampent_full_change_precond;eeg_fl_hbeta_mean_full_change_precond;hrv_rmssd_full_change_precond;eeg_fm_theta_mean_full_change_precond;eeg_pleft_lbeta_mean_full_change_precond;eeg_tright_halpha_mean_full_change_precond;eeg_pleft_halpha_mean_full_change_precond;eeg_fr_sampent_full_change_precond;hr_heartrate_bpm_med_abs_full_change_precond;eeg_c_sampent_full_change_precond;eeg_c_specent_full_change_precond;eeg_fm_sampent_full_change_precond;pupil_asymmetry_full_change_precond"
2025-11-26 18:25:15.707424,14,"stress_label",20,128,0.1,0.602564102564103,0.634615384615385,0.604273504273504,20,"top20","eeg_tleft_sampent_full_change_precond;pupil_dilation_sd_full_change_precond;eeg_tleft_halpha_mean_full_change_precond;eeg_pright_sampent_full_change_precond;eeg_c_theta_mean_full_change_precond;eeg_tleft_lalpha_mean_full_change_precond;gsr_skin_conductance_eda_tonic_mean_nk_full_change_precond;eeg_t_sampent_full_change_precond;eeg_fl_hbeta_mean_full_change_precond;hrv_rmssd_full_change_precond;eeg_fm_theta_mean_full_change_precond;eeg_pleft_lbeta_mean_full_change_precond;eeg_tright_halpha_mean_full_change_precond;eeg_pleft_halpha_mean_full_change_precond;eeg_fr_sampent_full_change_precond;hr_heartrate_bpm_med_abs_full_change_precond;eeg_c_sampent_full_change_precond;eeg_c_specent_full_change_precond;eeg_fm_sampent_full_change_precond;pupil_asymmetry_full_change_precond"
2025-11-26 18:25:16.842592,14,"stress_label",20,256,0.1,0.602564102564103,0.634615384615385,0.604273504273504,20,"top20","eeg_tleft_sampent_full_change_precond;pupil_dilation_sd_full_change_precond;eeg_tleft_halpha_mean_full_change_precond;eeg_pright_sampent_full_change_precond;eeg_c_theta_mean_full_change_precond;eeg_tleft_lalpha_mean_full_change_precond;gsr_skin_conductance_eda_tonic_mean_nk_full_change_precond;eeg_t_sampent_full_change_precond;eeg_fl_hbeta_mean_full_change_precond;hrv_rmssd_full_change_precond;eeg_fm_theta_mean_full_change_precond;eeg_pleft_lbeta_mean_full_change_precond;eeg_tright_halpha_mean_full_change_precond;eeg_pleft_halpha_mean_full_change_precond;eeg_fr_sampent_full_change_precond;hr_heartrate_bpm_med_abs_full_change_precond;eeg_c_sampent_full_change_precond;eeg_c_specent_full_change_precond;eeg_fm_sampent_full_change_precond;pupil_asymmetry_full_change_precond"
2025-11-26 18:25:17.759099,14,"stress_label",10,2,0.0078125,0.583333333333333,0.641025641025641,0.55982905982906,10,"top10","eeg_tleft_sampent_full_change_precond;pupil_dilation_sd_full_change_precond;eeg_tleft_halpha_mean_full_change_precond;eeg_pright_sampent_full_change_precond;eeg_c_theta_mean_full_change_precond;eeg_tleft_lalpha_mean_full_change_precond;gsr_skin_conductance_eda_tonic_mean_nk_full_change_precond;eeg_t_sampent_full_change_precond;eeg_fl_hbeta_mean_full_change_precond;hrv_rmssd_full_change_precond"
2025-11-26 18:25:18.625033,14,"stress_label",10,4,0.0078125,0.57051282051282,0.621794871794872,0.537606837606838,10,"top10","eeg_tleft_sampent_full_change_precond;pupil_dilation_sd_full_change_precond;eeg_tleft_halpha_mean_full_change_precond;eeg_pright_sampent_full_change_precond;eeg_c_theta_mean_full_change_precond;eeg_tleft_lalpha_mean_full_change_precond;gsr_skin_conductance_eda_tonic_mean_nk_full_change_precond;eeg_t_sampent_full_change_precond;eeg_fl_hbeta_mean_full_change_precond;hrv_rmssd_full_change_precond"
2025-11-26 18:25:19.47896,14,"stress_label",10,8,0.0078125,0.519230769230769,0.57051282051282,0.513675213675214,10,"top10","eeg_tleft_sampent_full_change_precond;pupil_dilation_sd_full_change_precond;eeg_tleft_halpha_mean_full_change_precond;eeg_pright_sampent_full_change_precond;eeg_c_theta_mean_full_change_precond;eeg_tleft_lalpha_mean_full_change_precond;gsr_skin_conductance_eda_tonic_mean_nk_full_change_precond;eeg_t_sampent_full_change_precond;eeg_fl_hbeta_mean_full_change_precond;hrv_rmssd_full_change_precond"
2025-11-26 18:25:20.326798,14,"stress_label",10,16,0.0078125,0.512820512820513,0.57051282051282,0.508547008547009,10,"top10","eeg_tleft_sampent_full_change_precond;pupil_dilation_sd_full_change_precond;eeg_tleft_halpha_mean_full_change_precond;eeg_pright_sampent_full_change_precond;eeg_c_theta_mean_full_change_precond;eeg_tleft_lalpha_mean_full_change_precond;gsr_skin_conductance_eda_tonic_mean_nk_full_change_precond;eeg_t_sampent_full_change_precond;eeg_fl_hbeta_mean_full_change_precond;hrv_rmssd_full_change_precond"
2025-11-26 18:25:21.085933,14,"stress_label",10,32,0.0078125,0.544871794871795,0.576923076923077,0.543589743589744,10,"top10","eeg_tleft_sampent_full_change_precond;pupil_dilation_sd_full_change_precond;eeg_tleft_halpha_mean_full_change_precond;eeg_pright_sampent_full_change_precond;eeg_c_theta_mean_full_change_precond;eeg_tleft_lalpha_mean_full_change_precond;gsr_skin_conductance_eda_tonic_mean_nk_full_change_precond;eeg_t_sampent_full_change_precond;eeg_fl_hbeta_mean_full_change_precond;hrv_rmssd_full_change_precond"
2025-11-26 18:25:21.805251,14,"stress_label",10,64,0.0078125,0.557692307692308,0.576923076923077,0.54957264957265,10,"top10","eeg_tleft_sampent_full_change_precond;pupil_dilation_sd_full_change_precond;eeg_tleft_halpha_mean_full_change_precond;eeg_pright_sampent_full_change_precond;eeg_c_theta_mean_full_change_precond;eeg_tleft_lalpha_mean_full_change_precond;gsr_skin_conductance_eda_tonic_mean_nk_full_change_precond;eeg_t_sampent_full_change_precond;eeg_fl_hbeta_mean_full_change_precond;hrv_rmssd_full_change_precond"
2025-11-26 18:25:22.799693,14,"stress_label",10,128,0.0078125,0.532051282051282,0.57051282051282,NA,10,"top10","eeg_tleft_sampent_full_change_precond;pupil_dilation_sd_full_change_precond;eeg_tleft_halpha_mean_full_change_precond;eeg_pright_sampent_full_change_precond;eeg_c_theta_mean_full_change_precond;eeg_tleft_lalpha_mean_full_change_precond;gsr_skin_conductance_eda_tonic_mean_nk_full_change_precond;eeg_t_sampent_full_change_precond;eeg_fl_hbeta_mean_full_change_precond;hrv_rmssd_full_change_precond"
2025-11-26 18:25:23.710105,14,"stress_label",10,256,0.0078125,0.538461538461538,0.576923076923077,NA,10,"top10","eeg_tleft_sampent_full_change_precond;pupil_dilation_sd_full_change_precond;eeg_tleft_halpha_mean_full_change_precond;eeg_pright_sampent_full_change_precond;eeg_c_theta_mean_full_change_precond;eeg_tleft_lalpha_mean_full_change_precond;gsr_skin_conductance_eda_tonic_mean_nk_full_change_precond;eeg_t_sampent_full_change_precond;eeg_fl_hbeta_mean_full_change_precond;hrv_rmssd_full_change_precond"
2025-11-26 18:25:24.580964,14,"stress_label",10,2,0.015625,0.57051282051282,0.628205128205128,0.542735042735043,10,"top10","eeg_tleft_sampent_full_change_precond;pupil_dilation_sd_full_change_precond;eeg_tleft_halpha_mean_full_change_precond;eeg_pright_sampent_full_change_precond;eeg_c_theta_mean_full_change_precond;eeg_tleft_lalpha_mean_full_change_precond;gsr_skin_conductance_eda_tonic_mean_nk_full_change_precond;eeg_t_sampent_full_change_precond;eeg_fl_hbeta_mean_full_change_precond;hrv_rmssd_full_change_precond"
2025-11-26 18:25:25.442176,14,"stress_label",10,4,0.015625,0.519230769230769,0.564102564102564,0.490598290598291,10,"top10","eeg_tleft_sampent_full_change_precond;pupil_dilation_sd_full_change_precond;eeg_tleft_halpha_mean_full_change_precond;eeg_pright_sampent_full_change_precond;eeg_c_theta_mean_full_change_precond;eeg_tleft_lalpha_mean_full_change_precond;gsr_skin_conductance_eda_tonic_mean_nk_full_change_precond;eeg_t_sampent_full_change_precond;eeg_fl_hbeta_mean_full_change_precond;hrv_rmssd_full_change_precond"
2025-11-26 18:25:26.090613,14,"stress_label",10,8,0.015625,0.544871794871795,0.57051282051282,0.536752136752137,10,"top10","eeg_tleft_sampent_full_change_precond;pupil_dilation_sd_full_change_precond;eeg_tleft_halpha_mean_full_change_precond;eeg_pright_sampent_full_change_precond;eeg_c_theta_mean_full_change_precond;eeg_tleft_lalpha_mean_full_change_precond;gsr_skin_conductance_eda_tonic_mean_nk_full_change_precond;eeg_t_sampent_full_change_precond;eeg_fl_hbeta_mean_full_change_precond;hrv_rmssd_full_change_precond"
2025-11-26 18:25:26.905441,14,"stress_label",10,16,0.015625,0.576923076923077,0.576923076923077,0.557264957264957,10,"top10","eeg_tleft_sampent_full_change_precond;pupil_dilation_sd_full_change_precond;eeg_tleft_halpha_mean_full_change_precond;eeg_pright_sampent_full_change_precond;eeg_c_theta_mean_full_change_precond;eeg_tleft_lalpha_mean_full_change_precond;gsr_skin_conductance_eda_tonic_mean_nk_full_change_precond;eeg_t_sampent_full_change_precond;eeg_fl_hbeta_mean_full_change_precond;hrv_rmssd_full_change_precond"
2025-11-26 18:25:27.81913,14,"stress_label",10,32,0.015625,0.551282051282051,0.564102564102564,NA,10,"top10","eeg_tleft_sampent_full_change_precond;pupil_dilation_sd_full_change_precond;eeg_tleft_halpha_mean_full_change_precond;eeg_pright_sampent_full_change_precond;eeg_c_theta_mean_full_change_precond;eeg_tleft_lalpha_mean_full_change_precond;gsr_skin_conductance_eda_tonic_mean_nk_full_change_precond;eeg_t_sampent_full_change_precond;eeg_fl_hbeta_mean_full_change_precond;hrv_rmssd_full_change_precond"
2025-11-26 18:25:28.632334,14,"stress_label",10,64,0.015625,0.557692307692308,0.557692307692308,NA,10,"top10","eeg_tleft_sampent_full_change_precond;pupil_dilation_sd_full_change_precond;eeg_tleft_halpha_mean_full_change_precond;eeg_pright_sampent_full_change_precond;eeg_c_theta_mean_full_change_precond;eeg_tleft_lalpha_mean_full_change_precond;gsr_skin_conductance_eda_tonic_mean_nk_full_change_precond;eeg_t_sampent_full_change_precond;eeg_fl_hbeta_mean_full_change_precond;hrv_rmssd_full_change_precond"
2025-11-26 18:25:29.611369,14,"stress_label",10,128,0.015625,0.576923076923077,0.602564102564103,NA,10,"top10","eeg_tleft_sampent_full_change_precond;pupil_dilation_sd_full_change_precond;eeg_tleft_halpha_mean_full_change_precond;eeg_pright_sampent_full_change_precond;eeg_c_theta_mean_full_change_precond;eeg_tleft_lalpha_mean_full_change_precond;gsr_skin_conductance_eda_tonic_mean_nk_full_change_precond;eeg_t_sampent_full_change_precond;eeg_fl_hbeta_mean_full_change_precond;hrv_rmssd_full_change_precond"
2025-11-26 18:25:30.908357,14,"stress_label",10,256,0.015625,0.602564102564103,0.602564102564103,NA,10,"top10","eeg_tleft_sampent_full_change_precond;pupil_dilation_sd_full_change_precond;eeg_tleft_halpha_mean_full_change_precond;eeg_pright_sampent_full_change_precond;eeg_c_theta_mean_full_change_precond;eeg_tleft_lalpha_mean_full_change_precond;gsr_skin_conductance_eda_tonic_mean_nk_full_change_precond;eeg_t_sampent_full_change_precond;eeg_fl_hbeta_mean_full_change_precond;hrv_rmssd_full_change_precond"
2025-11-26 18:25:31.717229,14,"stress_label",10,2,0.03125,0.551282051282051,0.57051282051282,0.523076923076923,10,"top10","eeg_tleft_sampent_full_change_precond;pupil_dilation_sd_full_change_precond;eeg_tleft_halpha_mean_full_change_precond;eeg_pright_sampent_full_change_precond;eeg_c_theta_mean_full_change_precond;eeg_tleft_lalpha_mean_full_change_precond;gsr_skin_conductance_eda_tonic_mean_nk_full_change_precond;eeg_t_sampent_full_change_precond;eeg_fl_hbeta_mean_full_change_precond;hrv_rmssd_full_change_precond"
2025-11-26 18:25:32.541699,14,"stress_label",10,4,0.03125,0.564102564102564,0.576923076923077,0.547863247863248,10,"top10","eeg_tleft_sampent_full_change_precond;pupil_dilation_sd_full_change_precond;eeg_tleft_halpha_mean_full_change_precond;eeg_pright_sampent_full_change_precond;eeg_c_theta_mean_full_change_precond;eeg_tleft_lalpha_mean_full_change_precond;gsr_skin_conductance_eda_tonic_mean_nk_full_change_precond;eeg_t_sampent_full_change_precond;eeg_fl_hbeta_mean_full_change_precond;hrv_rmssd_full_change_precond"
2025-11-26 18:25:33.340168,14,"stress_label",10,8,0.03125,0.583333333333333,0.57051282051282,0.565811965811966,10,"top10","eeg_tleft_sampent_full_change_precond;pupil_dilation_sd_full_change_precond;eeg_tleft_halpha_mean_full_change_precond;eeg_pright_sampent_full_change_precond;eeg_c_theta_mean_full_change_precond;eeg_tleft_lalpha_mean_full_change_precond;gsr_skin_conductance_eda_tonic_mean_nk_full_change_precond;eeg_t_sampent_full_change_precond;eeg_fl_hbeta_mean_full_change_precond;hrv_rmssd_full_change_precond"
2025-11-26 18:25:34.24344,14,"stress_label",10,16,0.03125,0.57051282051282,0.538461538461538,NA,10,"top10","eeg_tleft_sampent_full_change_precond;pupil_dilation_sd_full_change_precond;eeg_tleft_halpha_mean_full_change_precond;eeg_pright_sampent_full_change_precond;eeg_c_theta_mean_full_change_precond;eeg_tleft_lalpha_mean_full_change_precond;gsr_skin_conductance_eda_tonic_mean_nk_full_change_precond;eeg_t_sampent_full_change_precond;eeg_fl_hbeta_mean_full_change_precond;hrv_rmssd_full_change_precond"
2025-11-26 18:25:35.146878,14,"stress_label",10,32,0.03125,0.57051282051282,0.564102564102564,NA,10,"top10","eeg_tleft_sampent_full_change_precond;pupil_dilation_sd_full_change_precond;eeg_tleft_halpha_mean_full_change_precond;eeg_pright_sampent_full_change_precond;eeg_c_theta_mean_full_change_precond;eeg_tleft_lalpha_mean_full_change_precond;gsr_skin_conductance_eda_tonic_mean_nk_full_change_precond;eeg_t_sampent_full_change_precond;eeg_fl_hbeta_mean_full_change_precond;hrv_rmssd_full_change_precond"
2025-11-26 18:25:36.142725,14,"stress_label",10,64,0.03125,0.596153846153846,0.608974358974359,NA,10,"top10","eeg_tleft_sampent_full_change_precond;pupil_dilation_sd_full_change_precond;eeg_tleft_halpha_mean_full_change_precond;eeg_pright_sampent_full_change_precond;eeg_c_theta_mean_full_change_precond;eeg_tleft_lalpha_mean_full_change_precond;gsr_skin_conductance_eda_tonic_mean_nk_full_change_precond;eeg_t_sampent_full_change_precond;eeg_fl_hbeta_mean_full_change_precond;hrv_rmssd_full_change_precond"
2025-11-26 18:25:37.233945,14,"stress_label",10,128,0.03125,0.58974358974359,0.615384615384615,NA,10,"top10","eeg_tleft_sampent_full_change_precond;pupil_dilation_sd_full_change_precond;eeg_tleft_halpha_mean_full_change_precond;eeg_pright_sampent_full_change_precond;eeg_c_theta_mean_full_change_precond;eeg_tleft_lalpha_mean_full_change_precond;gsr_skin_conductance_eda_tonic_mean_nk_full_change_precond;eeg_t_sampent_full_change_precond;eeg_fl_hbeta_mean_full_change_precond;hrv_rmssd_full_change_precond"
2025-11-26 18:25:38.404177,14,"stress_label",10,256,0.03125,0.564102564102564,0.58974358974359,NA,10,"top10","eeg_tleft_sampent_full_change_precond;pupil_dilation_sd_full_change_precond;eeg_tleft_halpha_mean_full_change_precond;eeg_pright_sampent_full_change_precond;eeg_c_theta_mean_full_change_precond;eeg_tleft_lalpha_mean_full_change_precond;gsr_skin_conductance_eda_tonic_mean_nk_full_change_precond;eeg_t_sampent_full_change_precond;eeg_fl_hbeta_mean_full_change_precond;hrv_rmssd_full_change_precond"
2025-11-26 18:25:39.19498,14,"stress_label",10,2,0.0625,0.564102564102564,0.653846153846154,0.542735042735043,10,"top10","eeg_tleft_sampent_full_change_precond;pupil_dilation_sd_full_change_precond;eeg_tleft_halpha_mean_full_change_precond;eeg_pright_sampent_full_change_precond;eeg_c_theta_mean_full_change_precond;eeg_tleft_lalpha_mean_full_change_precond;gsr_skin_conductance_eda_tonic_mean_nk_full_change_precond;eeg_t_sampent_full_change_precond;eeg_fl_hbeta_mean_full_change_precond;hrv_rmssd_full_change_precond"
2025-11-26 18:25:40.010048,14,"stress_label",10,4,0.0625,0.57051282051282,0.576923076923077,0.546153846153846,10,"top10","eeg_tleft_sampent_full_change_precond;pupil_dilation_sd_full_change_precond;eeg_tleft_halpha_mean_full_change_precond;eeg_pright_sampent_full_change_precond;eeg_c_theta_mean_full_change_precond;eeg_tleft_lalpha_mean_full_change_precond;gsr_skin_conductance_eda_tonic_mean_nk_full_change_precond;eeg_t_sampent_full_change_precond;eeg_fl_hbeta_mean_full_change_precond;hrv_rmssd_full_change_precond"
2025-11-26 18:25:40.882526,14,"stress_label",10,8,0.0625,0.564102564102564,0.557692307692308,0.55042735042735,10,"top10","eeg_tleft_sampent_full_change_precond;pupil_dilation_sd_full_change_precond;eeg_tleft_halpha_mean_full_change_precond;eeg_pright_sampent_full_change_precond;eeg_c_theta_mean_full_change_precond;eeg_tleft_lalpha_mean_full_change_precond;gsr_skin_conductance_eda_tonic_mean_nk_full_change_precond;eeg_t_sampent_full_change_precond;eeg_fl_hbeta_mean_full_change_precond;hrv_rmssd_full_change_precond"
2025-11-26 18:25:41.798436,14,"stress_label",10,16,0.0625,0.58974358974359,0.602564102564103,0.566666666666667,10,"top10","eeg_tleft_sampent_full_change_precond;pupil_dilation_sd_full_change_precond;eeg_tleft_halpha_mean_full_change_precond;eeg_pright_sampent_full_change_precond;eeg_c_theta_mean_full_change_precond;eeg_tleft_lalpha_mean_full_change_precond;gsr_skin_conductance_eda_tonic_mean_nk_full_change_precond;eeg_t_sampent_full_change_precond;eeg_fl_hbeta_mean_full_change_precond;hrv_rmssd_full_change_precond"
2025-11-26 18:25:42.85237,14,"stress_label",10,32,0.0625,0.615384615384615,0.608974358974359,NA,10,"top10","eeg_tleft_sampent_full_change_precond;pupil_dilation_sd_full_change_precond;eeg_tleft_halpha_mean_full_change_precond;eeg_pright_sampent_full_change_precond;eeg_c_theta_mean_full_change_precond;eeg_tleft_lalpha_mean_full_change_precond;gsr_skin_conductance_eda_tonic_mean_nk_full_change_precond;eeg_t_sampent_full_change_precond;eeg_fl_hbeta_mean_full_change_precond;hrv_rmssd_full_change_precond"
2025-11-26 18:25:43.92654,14,"stress_label",10,64,0.0625,0.576923076923077,0.602564102564103,NA,10,"top10","eeg_tleft_sampent_full_change_precond;pupil_dilation_sd_full_change_precond;eeg_tleft_halpha_mean_full_change_precond;eeg_pright_sampent_full_change_precond;eeg_c_theta_mean_full_change_precond;eeg_tleft_lalpha_mean_full_change_precond;gsr_skin_conductance_eda_tonic_mean_nk_full_change_precond;eeg_t_sampent_full_change_precond;eeg_fl_hbeta_mean_full_change_precond;hrv_rmssd_full_change_precond"
2025-11-26 18:25:45.06045,14,"stress_label",10,128,0.0625,0.608974358974359,0.621794871794872,NA,10,"top10","eeg_tleft_sampent_full_change_precond;pupil_dilation_sd_full_change_precond;eeg_tleft_halpha_mean_full_change_precond;eeg_pright_sampent_full_change_precond;eeg_c_theta_mean_full_change_precond;eeg_tleft_lalpha_mean_full_change_precond;gsr_skin_conductance_eda_tonic_mean_nk_full_change_precond;eeg_t_sampent_full_change_precond;eeg_fl_hbeta_mean_full_change_precond;hrv_rmssd_full_change_precond"
2025-11-26 18:25:46.436933,14,"stress_label",10,256,0.0625,0.57051282051282,0.628205128205128,NA,10,"top10","eeg_tleft_sampent_full_change_precond;pupil_dilation_sd_full_change_precond;eeg_tleft_halpha_mean_full_change_precond;eeg_pright_sampent_full_change_precond;eeg_c_theta_mean_full_change_precond;eeg_tleft_lalpha_mean_full_change_precond;gsr_skin_conductance_eda_tonic_mean_nk_full_change_precond;eeg_t_sampent_full_change_precond;eeg_fl_hbeta_mean_full_change_precond;hrv_rmssd_full_change_precond"
2025-11-26 18:25:47.28205,14,"stress_label",10,2,0.125,0.602564102564103,0.615384615384615,0.606837606837607,10,"top10","eeg_tleft_sampent_full_change_precond;pupil_dilation_sd_full_change_precond;eeg_tleft_halpha_mean_full_change_precond;eeg_pright_sampent_full_change_precond;eeg_c_theta_mean_full_change_precond;eeg_tleft_lalpha_mean_full_change_precond;gsr_skin_conductance_eda_tonic_mean_nk_full_change_precond;eeg_t_sampent_full_change_precond;eeg_fl_hbeta_mean_full_change_precond;hrv_rmssd_full_change_precond"
2025-11-26 18:25:48.192587,14,"stress_label",10,4,0.125,0.576923076923077,0.615384615384615,NA,10,"top10","eeg_tleft_sampent_full_change_precond;pupil_dilation_sd_full_change_precond;eeg_tleft_halpha_mean_full_change_precond;eeg_pright_sampent_full_change_precond;eeg_c_theta_mean_full_change_precond;eeg_tleft_lalpha_mean_full_change_precond;gsr_skin_conductance_eda_tonic_mean_nk_full_change_precond;eeg_t_sampent_full_change_precond;eeg_fl_hbeta_mean_full_change_precond;hrv_rmssd_full_change_precond"
2025-11-26 18:25:49.135049,14,"stress_label",10,8,0.125,0.615384615384615,0.602564102564103,NA,10,"top10","eeg_tleft_sampent_full_change_precond;pupil_dilation_sd_full_change_precond;eeg_tleft_halpha_mean_full_change_precond;eeg_pright_sampent_full_change_precond;eeg_c_theta_mean_full_change_precond;eeg_tleft_lalpha_mean_full_change_precond;gsr_skin_conductance_eda_tonic_mean_nk_full_change_precond;eeg_t_sampent_full_change_precond;eeg_fl_hbeta_mean_full_change_precond;hrv_rmssd_full_change_precond"
2025-11-26 18:25:49.96534,14,"stress_label",10,16,0.125,0.608974358974359,0.608974358974359,NA,10,"top10","eeg_tleft_sampent_full_change_precond;pupil_dilation_sd_full_change_precond;eeg_tleft_halpha_mean_full_change_precond;eeg_pright_sampent_full_change_precond;eeg_c_theta_mean_full_change_precond;eeg_tleft_lalpha_mean_full_change_precond;gsr_skin_conductance_eda_tonic_mean_nk_full_change_precond;eeg_t_sampent_full_change_precond;eeg_fl_hbeta_mean_full_change_precond;hrv_rmssd_full_change_precond"
2025-11-26 18:25:50.900338,14,"stress_label",10,32,0.125,0.58974358974359,0.602564102564103,NA,10,"top10","eeg_tleft_sampent_full_change_precond;pupil_dilation_sd_full_change_precond;eeg_tleft_halpha_mean_full_change_precond;eeg_pright_sampent_full_change_precond;eeg_c_theta_mean_full_change_precond;eeg_tleft_lalpha_mean_full_change_precond;gsr_skin_conductance_eda_tonic_mean_nk_full_change_precond;eeg_t_sampent_full_change_precond;eeg_fl_hbeta_mean_full_change_precond;hrv_rmssd_full_change_precond"
2025-11-26 18:25:51.915907,14,"stress_label",10,64,0.125,0.58974358974359,0.615384615384615,NA,10,"top10","eeg_tleft_sampent_full_change_precond;pupil_dilation_sd_full_change_precond;eeg_tleft_halpha_mean_full_change_precond;eeg_pright_sampent_full_change_precond;eeg_c_theta_mean_full_change_precond;eeg_tleft_lalpha_mean_full_change_precond;gsr_skin_conductance_eda_tonic_mean_nk_full_change_precond;eeg_t_sampent_full_change_precond;eeg_fl_hbeta_mean_full_change_precond;hrv_rmssd_full_change_precond"
2025-11-26 18:25:52.940182,14,"stress_label",10,128,0.125,0.58974358974359,0.615384615384615,NA,10,"top10","eeg_tleft_sampent_full_change_precond;pupil_dilation_sd_full_change_precond;eeg_tleft_halpha_mean_full_change_precond;eeg_pright_sampent_full_change_precond;eeg_c_theta_mean_full_change_precond;eeg_tleft_lalpha_mean_full_change_precond;gsr_skin_conductance_eda_tonic_mean_nk_full_change_precond;eeg_t_sampent_full_change_precond;eeg_fl_hbeta_mean_full_change_precond;hrv_rmssd_full_change_precond"
2025-11-26 18:25:53.849975,14,"stress_label",10,256,0.125,0.58974358974359,0.615384615384615,NA,10,"top10","eeg_tleft_sampent_full_change_precond;pupil_dilation_sd_full_change_precond;eeg_tleft_halpha_mean_full_change_precond;eeg_pright_sampent_full_change_precond;eeg_c_theta_mean_full_change_precond;eeg_tleft_lalpha_mean_full_change_precond;gsr_skin_conductance_eda_tonic_mean_nk_full_change_precond;eeg_t_sampent_full_change_precond;eeg_fl_hbeta_mean_full_change_precond;hrv_rmssd_full_change_precond"
2025-11-26 18:25:54.707009,14,"stress_label",10,2,0.03,0.551282051282051,0.564102564102564,0.523076923076923,10,"top10","eeg_tleft_sampent_full_change_precond;pupil_dilation_sd_full_change_precond;eeg_tleft_halpha_mean_full_change_precond;eeg_pright_sampent_full_change_precond;eeg_c_theta_mean_full_change_precond;eeg_tleft_lalpha_mean_full_change_precond;gsr_skin_conductance_eda_tonic_mean_nk_full_change_precond;eeg_t_sampent_full_change_precond;eeg_fl_hbeta_mean_full_change_precond;hrv_rmssd_full_change_precond"
2025-11-26 18:25:55.569282,14,"stress_label",10,4,0.03,0.564102564102564,0.564102564102564,0.547863247863248,10,"top10","eeg_tleft_sampent_full_change_precond;pupil_dilation_sd_full_change_precond;eeg_tleft_halpha_mean_full_change_precond;eeg_pright_sampent_full_change_precond;eeg_c_theta_mean_full_change_precond;eeg_tleft_lalpha_mean_full_change_precond;gsr_skin_conductance_eda_tonic_mean_nk_full_change_precond;eeg_t_sampent_full_change_precond;eeg_fl_hbeta_mean_full_change_precond;hrv_rmssd_full_change_precond"
2025-11-26 18:25:56.439713,14,"stress_label",10,8,0.03,0.57051282051282,0.57051282051282,0.552991452991453,10,"top10","eeg_tleft_sampent_full_change_precond;pupil_dilation_sd_full_change_precond;eeg_tleft_halpha_mean_full_change_precond;eeg_pright_sampent_full_change_precond;eeg_c_theta_mean_full_change_precond;eeg_tleft_lalpha_mean_full_change_precond;gsr_skin_conductance_eda_tonic_mean_nk_full_change_precond;eeg_t_sampent_full_change_precond;eeg_fl_hbeta_mean_full_change_precond;hrv_rmssd_full_change_precond"
2025-11-26 18:25:57.317967,14,"stress_label",10,16,0.03,0.57051282051282,0.538461538461538,NA,10,"top10","eeg_tleft_sampent_full_change_precond;pupil_dilation_sd_full_change_precond;eeg_tleft_halpha_mean_full_change_precond;eeg_pright_sampent_full_change_precond;eeg_c_theta_mean_full_change_precond;eeg_tleft_lalpha_mean_full_change_precond;gsr_skin_conductance_eda_tonic_mean_nk_full_change_precond;eeg_t_sampent_full_change_precond;eeg_fl_hbeta_mean_full_change_precond;hrv_rmssd_full_change_precond"
2025-11-26 18:25:58.242276,14,"stress_label",10,32,0.03,0.57051282051282,0.564102564102564,NA,10,"top10","eeg_tleft_sampent_full_change_precond;pupil_dilation_sd_full_change_precond;eeg_tleft_halpha_mean_full_change_precond;eeg_pright_sampent_full_change_precond;eeg_c_theta_mean_full_change_precond;eeg_tleft_lalpha_mean_full_change_precond;gsr_skin_conductance_eda_tonic_mean_nk_full_change_precond;eeg_t_sampent_full_change_precond;eeg_fl_hbeta_mean_full_change_precond;hrv_rmssd_full_change_precond"
2025-11-26 18:25:59.327288,14,"stress_label",10,64,0.03,0.596153846153846,0.608974358974359,NA,10,"top10","eeg_tleft_sampent_full_change_precond;pupil_dilation_sd_full_change_precond;eeg_tleft_halpha_mean_full_change_precond;eeg_pright_sampent_full_change_precond;eeg_c_theta_mean_full_change_precond;eeg_tleft_lalpha_mean_full_change_precond;gsr_skin_conductance_eda_tonic_mean_nk_full_change_precond;eeg_t_sampent_full_change_precond;eeg_fl_hbeta_mean_full_change_precond;hrv_rmssd_full_change_precond"
2025-11-26 18:26:00.435215,14,"stress_label",10,128,0.03,0.596153846153846,0.608974358974359,NA,10,"top10","eeg_tleft_sampent_full_change_precond;pupil_dilation_sd_full_change_precond;eeg_tleft_halpha_mean_full_change_precond;eeg_pright_sampent_full_change_precond;eeg_c_theta_mean_full_change_precond;eeg_tleft_lalpha_mean_full_change_precond;gsr_skin_conductance_eda_tonic_mean_nk_full_change_precond;eeg_t_sampent_full_change_precond;eeg_fl_hbeta_mean_full_change_precond;hrv_rmssd_full_change_precond"
2025-11-26 18:26:01.85214,14,"stress_label",10,256,0.03,0.57051282051282,0.576923076923077,NA,10,"top10","eeg_tleft_sampent_full_change_precond;pupil_dilation_sd_full_change_precond;eeg_tleft_halpha_mean_full_change_precond;eeg_pright_sampent_full_change_precond;eeg_c_theta_mean_full_change_precond;eeg_tleft_lalpha_mean_full_change_precond;gsr_skin_conductance_eda_tonic_mean_nk_full_change_precond;eeg_t_sampent_full_change_precond;eeg_fl_hbeta_mean_full_change_precond;hrv_rmssd_full_change_precond"
2025-11-26 18:26:02.621768,14,"stress_label",10,2,0.06,0.564102564102564,0.641025641025641,0.542735042735043,10,"top10","eeg_tleft_sampent_full_change_precond;pupil_dilation_sd_full_change_precond;eeg_tleft_halpha_mean_full_change_precond;eeg_pright_sampent_full_change_precond;eeg_c_theta_mean_full_change_precond;eeg_tleft_lalpha_mean_full_change_precond;gsr_skin_conductance_eda_tonic_mean_nk_full_change_precond;eeg_t_sampent_full_change_precond;eeg_fl_hbeta_mean_full_change_precond;hrv_rmssd_full_change_precond"
2025-11-26 18:26:03.208431,14,"stress_label",10,4,0.06,0.576923076923077,0.557692307692308,0.556410256410256,10,"top10","eeg_tleft_sampent_full_change_precond;pupil_dilation_sd_full_change_precond;eeg_tleft_halpha_mean_full_change_precond;eeg_pright_sampent_full_change_precond;eeg_c_theta_mean_full_change_precond;eeg_tleft_lalpha_mean_full_change_precond;gsr_skin_conductance_eda_tonic_mean_nk_full_change_precond;eeg_t_sampent_full_change_precond;eeg_fl_hbeta_mean_full_change_precond;hrv_rmssd_full_change_precond"
2025-11-26 18:26:04.013791,14,"stress_label",10,8,0.06,0.564102564102564,0.557692307692308,0.55042735042735,10,"top10","eeg_tleft_sampent_full_change_precond;pupil_dilation_sd_full_change_precond;eeg_tleft_halpha_mean_full_change_precond;eeg_pright_sampent_full_change_precond;eeg_c_theta_mean_full_change_precond;eeg_tleft_lalpha_mean_full_change_precond;gsr_skin_conductance_eda_tonic_mean_nk_full_change_precond;eeg_t_sampent_full_change_precond;eeg_fl_hbeta_mean_full_change_precond;hrv_rmssd_full_change_precond"
2025-11-26 18:26:04.941147,14,"stress_label",10,16,0.06,0.58974358974359,0.608974358974359,0.566666666666667,10,"top10","eeg_tleft_sampent_full_change_precond;pupil_dilation_sd_full_change_precond;eeg_tleft_halpha_mean_full_change_precond;eeg_pright_sampent_full_change_precond;eeg_c_theta_mean_full_change_precond;eeg_tleft_lalpha_mean_full_change_precond;gsr_skin_conductance_eda_tonic_mean_nk_full_change_precond;eeg_t_sampent_full_change_precond;eeg_fl_hbeta_mean_full_change_precond;hrv_rmssd_full_change_precond"
2025-11-26 18:26:05.848766,14,"stress_label",10,32,0.06,0.615384615384615,0.621794871794872,NA,10,"top10","eeg_tleft_sampent_full_change_precond;pupil_dilation_sd_full_change_precond;eeg_tleft_halpha_mean_full_change_precond;eeg_pright_sampent_full_change_precond;eeg_c_theta_mean_full_change_precond;eeg_tleft_lalpha_mean_full_change_precond;gsr_skin_conductance_eda_tonic_mean_nk_full_change_precond;eeg_t_sampent_full_change_precond;eeg_fl_hbeta_mean_full_change_precond;hrv_rmssd_full_change_precond"
2025-11-26 18:26:06.916198,14,"stress_label",10,64,0.06,0.57051282051282,0.608974358974359,NA,10,"top10","eeg_tleft_sampent_full_change_precond;pupil_dilation_sd_full_change_precond;eeg_tleft_halpha_mean_full_change_precond;eeg_pright_sampent_full_change_precond;eeg_c_theta_mean_full_change_precond;eeg_tleft_lalpha_mean_full_change_precond;gsr_skin_conductance_eda_tonic_mean_nk_full_change_precond;eeg_t_sampent_full_change_precond;eeg_fl_hbeta_mean_full_change_precond;hrv_rmssd_full_change_precond"
2025-11-26 18:26:08.036061,14,"stress_label",10,128,0.06,0.608974358974359,0.621794871794872,NA,10,"top10","eeg_tleft_sampent_full_change_precond;pupil_dilation_sd_full_change_precond;eeg_tleft_halpha_mean_full_change_precond;eeg_pright_sampent_full_change_precond;eeg_c_theta_mean_full_change_precond;eeg_tleft_lalpha_mean_full_change_precond;gsr_skin_conductance_eda_tonic_mean_nk_full_change_precond;eeg_t_sampent_full_change_precond;eeg_fl_hbeta_mean_full_change_precond;hrv_rmssd_full_change_precond"
2025-11-26 18:26:09.187296,14,"stress_label",10,256,0.06,0.57051282051282,0.621794871794872,NA,10,"top10","eeg_tleft_sampent_full_change_precond;pupil_dilation_sd_full_change_precond;eeg_tleft_halpha_mean_full_change_precond;eeg_pright_sampent_full_change_precond;eeg_c_theta_mean_full_change_precond;eeg_tleft_lalpha_mean_full_change_precond;gsr_skin_conductance_eda_tonic_mean_nk_full_change_precond;eeg_t_sampent_full_change_precond;eeg_fl_hbeta_mean_full_change_precond;hrv_rmssd_full_change_precond"
2025-11-26 18:26:10.058264,14,"stress_label",10,2,0.1,0.596153846153846,0.621794871794872,0.585470085470085,10,"top10","eeg_tleft_sampent_full_change_precond;pupil_dilation_sd_full_change_precond;eeg_tleft_halpha_mean_full_change_precond;eeg_pright_sampent_full_change_precond;eeg_c_theta_mean_full_change_precond;eeg_tleft_lalpha_mean_full_change_precond;gsr_skin_conductance_eda_tonic_mean_nk_full_change_precond;eeg_t_sampent_full_change_precond;eeg_fl_hbeta_mean_full_change_precond;hrv_rmssd_full_change_precond"
2025-11-26 18:26:10.960054,14,"stress_label",10,4,0.1,0.58974358974359,0.596153846153846,NA,10,"top10","eeg_tleft_sampent_full_change_precond;pupil_dilation_sd_full_change_precond;eeg_tleft_halpha_mean_full_change_precond;eeg_pright_sampent_full_change_precond;eeg_c_theta_mean_full_change_precond;eeg_tleft_lalpha_mean_full_change_precond;gsr_skin_conductance_eda_tonic_mean_nk_full_change_precond;eeg_t_sampent_full_change_precond;eeg_fl_hbeta_mean_full_change_precond;hrv_rmssd_full_change_precond"
2025-11-26 18:26:11.801736,14,"stress_label",10,8,0.1,0.596153846153846,0.596153846153846,NA,10,"top10","eeg_tleft_sampent_full_change_precond;pupil_dilation_sd_full_change_precond;eeg_tleft_halpha_mean_full_change_precond;eeg_pright_sampent_full_change_precond;eeg_c_theta_mean_full_change_precond;eeg_tleft_lalpha_mean_full_change_precond;gsr_skin_conductance_eda_tonic_mean_nk_full_change_precond;eeg_t_sampent_full_change_precond;eeg_fl_hbeta_mean_full_change_precond;hrv_rmssd_full_change_precond"
2025-11-26 18:26:12.733341,14,"stress_label",10,16,0.1,0.602564102564103,0.615384615384615,NA,10,"top10","eeg_tleft_sampent_full_change_precond;pupil_dilation_sd_full_change_precond;eeg_tleft_halpha_mean_full_change_precond;eeg_pright_sampent_full_change_precond;eeg_c_theta_mean_full_change_precond;eeg_tleft_lalpha_mean_full_change_precond;gsr_skin_conductance_eda_tonic_mean_nk_full_change_precond;eeg_t_sampent_full_change_precond;eeg_fl_hbeta_mean_full_change_precond;hrv_rmssd_full_change_precond"
2025-11-26 18:26:13.70666,14,"stress_label",10,32,0.1,0.608974358974359,0.608974358974359,NA,10,"top10","eeg_tleft_sampent_full_change_precond;pupil_dilation_sd_full_change_precond;eeg_tleft_halpha_mean_full_change_precond;eeg_pright_sampent_full_change_precond;eeg_c_theta_mean_full_change_precond;eeg_tleft_lalpha_mean_full_change_precond;gsr_skin_conductance_eda_tonic_mean_nk_full_change_precond;eeg_t_sampent_full_change_precond;eeg_fl_hbeta_mean_full_change_precond;hrv_rmssd_full_change_precond"
2025-11-26 18:26:14.802907,14,"stress_label",10,64,0.1,0.596153846153846,0.608974358974359,NA,10,"top10","eeg_tleft_sampent_full_change_precond;pupil_dilation_sd_full_change_precond;eeg_tleft_halpha_mean_full_change_precond;eeg_pright_sampent_full_change_precond;eeg_c_theta_mean_full_change_precond;eeg_tleft_lalpha_mean_full_change_precond;gsr_skin_conductance_eda_tonic_mean_nk_full_change_precond;eeg_t_sampent_full_change_precond;eeg_fl_hbeta_mean_full_change_precond;hrv_rmssd_full_change_precond"
2025-11-26 18:26:15.86558,14,"stress_label",10,128,0.1,0.596153846153846,0.608974358974359,NA,10,"top10","eeg_tleft_sampent_full_change_precond;pupil_dilation_sd_full_change_precond;eeg_tleft_halpha_mean_full_change_precond;eeg_pright_sampent_full_change_precond;eeg_c_theta_mean_full_change_precond;eeg_tleft_lalpha_mean_full_change_precond;gsr_skin_conductance_eda_tonic_mean_nk_full_change_precond;eeg_t_sampent_full_change_precond;eeg_fl_hbeta_mean_full_change_precond;hrv_rmssd_full_change_precond"
2025-11-26 18:26:16.891299,14,"stress_label",10,256,0.1,0.596153846153846,0.608974358974359,NA,10,"top10","eeg_tleft_sampent_full_change_precond;pupil_dilation_sd_full_change_precond;eeg_tleft_halpha_mean_full_change_precond;eeg_pright_sampent_full_change_precond;eeg_c_theta_mean_full_change_precond;eeg_tleft_lalpha_mean_full_change_precond;gsr_skin_conductance_eda_tonic_mean_nk_full_change_precond;eeg_t_sampent_full_change_precond;eeg_fl_hbeta_mean_full_change_precond;hrv_rmssd_full_change_precond"
2025-11-26 18:26:17.710429,14,"stress_label",5,2,0.0078125,0.602564102564103,0.67948717948718,0.61965811965812,5,"top5","eeg_tleft_sampent_full_change_precond;pupil_dilation_sd_full_change_precond;eeg_tleft_halpha_mean_full_change_precond;eeg_pright_sampent_full_change_precond;eeg_c_theta_mean_full_change_precond"
2025-11-26 18:26:18.4712,14,"stress_label",5,4,0.0078125,0.602564102564103,0.685897435897436,0.597435897435897,5,"top5","eeg_tleft_sampent_full_change_precond;pupil_dilation_sd_full_change_precond;eeg_tleft_halpha_mean_full_change_precond;eeg_pright_sampent_full_change_precond;eeg_c_theta_mean_full_change_precond"
2025-11-26 18:26:19.247733,14,"stress_label",5,8,0.0078125,0.583333333333333,0.67948717948718,0.582051282051282,5,"top5","eeg_tleft_sampent_full_change_precond;pupil_dilation_sd_full_change_precond;eeg_tleft_halpha_mean_full_change_precond;eeg_pright_sampent_full_change_precond;eeg_c_theta_mean_full_change_precond"
2025-11-26 18:26:20.015476,14,"stress_label",5,16,0.0078125,0.576923076923077,0.647435897435897,0.570940170940171,5,"top5","eeg_tleft_sampent_full_change_precond;pupil_dilation_sd_full_change_precond;eeg_tleft_halpha_mean_full_change_precond;eeg_pright_sampent_full_change_precond;eeg_c_theta_mean_full_change_precond"
2025-11-26 18:26:20.755753,14,"stress_label",5,32,0.0078125,0.596153846153846,0.641025641025641,0.594871794871795,5,"top5","eeg_tleft_sampent_full_change_precond;pupil_dilation_sd_full_change_precond;eeg_tleft_halpha_mean_full_change_precond;eeg_pright_sampent_full_change_precond;eeg_c_theta_mean_full_change_precond"
2025-11-26 18:26:21.538597,14,"stress_label",5,64,0.0078125,0.602564102564103,0.653846153846154,0.598290598290598,5,"top5","eeg_tleft_sampent_full_change_precond;pupil_dilation_sd_full_change_precond;eeg_tleft_halpha_mean_full_change_precond;eeg_pright_sampent_full_change_precond;eeg_c_theta_mean_full_change_precond"
2025-11-26 18:26:22.344176,14,"stress_label",5,128,0.0078125,0.57051282051282,0.628205128205128,0.556410256410256,5,"top5","eeg_tleft_sampent_full_change_precond;pupil_dilation_sd_full_change_precond;eeg_tleft_halpha_mean_full_change_precond;eeg_pright_sampent_full_change_precond;eeg_c_theta_mean_full_change_precond"
2025-11-26 18:26:23.195667,14,"stress_label",5,256,0.0078125,0.564102564102564,0.621794871794872,0.544444444444444,5,"top5","eeg_tleft_sampent_full_change_precond;pupil_dilation_sd_full_change_precond;eeg_tleft_halpha_mean_full_change_precond;eeg_pright_sampent_full_change_precond;eeg_c_theta_mean_full_change_precond"
2025-11-26 18:26:23.976592,14,"stress_label",5,2,0.015625,0.576923076923077,0.692307692307692,0.571794871794872,5,"top5","eeg_tleft_sampent_full_change_precond;pupil_dilation_sd_full_change_precond;eeg_tleft_halpha_mean_full_change_precond;eeg_pright_sampent_full_change_precond;eeg_c_theta_mean_full_change_precond"
2025-11-26 18:26:24.648128,14,"stress_label",5,4,0.015625,0.583333333333333,0.673076923076923,0.574358974358974,5,"top5","eeg_tleft_sampent_full_change_precond;pupil_dilation_sd_full_change_precond;eeg_tleft_halpha_mean_full_change_precond;eeg_pright_sampent_full_change_precond;eeg_c_theta_mean_full_change_precond"
2025-11-26 18:26:25.360355,14,"stress_label",5,8,0.015625,0.57051282051282,0.641025641025641,0.566666666666667,5,"top5","eeg_tleft_sampent_full_change_precond;pupil_dilation_sd_full_change_precond;eeg_tleft_halpha_mean_full_change_precond;eeg_pright_sampent_full_change_precond;eeg_c_theta_mean_full_change_precond"
2025-11-26 18:26:26.143855,14,"stress_label",5,16,0.015625,0.58974358974359,0.673076923076923,0.576923076923077,5,"top5","eeg_tleft_sampent_full_change_precond;pupil_dilation_sd_full_change_precond;eeg_tleft_halpha_mean_full_change_precond;eeg_pright_sampent_full_change_precond;eeg_c_theta_mean_full_change_precond"
2025-11-26 18:26:26.939706,14,"stress_label",5,32,0.015625,0.564102564102564,0.634615384615385,0.556410256410256,5,"top5","eeg_tleft_sampent_full_change_precond;pupil_dilation_sd_full_change_precond;eeg_tleft_halpha_mean_full_change_precond;eeg_pright_sampent_full_change_precond;eeg_c_theta_mean_full_change_precond"
2025-11-26 18:26:27.75605,14,"stress_label",5,64,0.015625,0.564102564102564,0.621794871794872,0.544444444444444,5,"top5","eeg_tleft_sampent_full_change_precond;pupil_dilation_sd_full_change_precond;eeg_tleft_halpha_mean_full_change_precond;eeg_pright_sampent_full_change_precond;eeg_c_theta_mean_full_change_precond"
2025-11-26 18:26:28.623187,14,"stress_label",5,128,0.015625,0.551282051282051,0.608974358974359,0.535042735042735,5,"top5","eeg_tleft_sampent_full_change_precond;pupil_dilation_sd_full_change_precond;eeg_tleft_halpha_mean_full_change_precond;eeg_pright_sampent_full_change_precond;eeg_c_theta_mean_full_change_precond"
2025-11-26 18:26:29.532172,14,"stress_label",5,256,0.015625,0.525641025641026,0.564102564102564,0.518803418803419,5,"top5","eeg_tleft_sampent_full_change_precond;pupil_dilation_sd_full_change_precond;eeg_tleft_halpha_mean_full_change_precond;eeg_pright_sampent_full_change_precond;eeg_c_theta_mean_full_change_precond"
2025-11-26 18:26:30.297106,14,"stress_label",5,2,0.03125,0.57051282051282,0.685897435897436,0.555555555555556,5,"top5","eeg_tleft_sampent_full_change_precond;pupil_dilation_sd_full_change_precond;eeg_tleft_halpha_mean_full_change_precond;eeg_pright_sampent_full_change_precond;eeg_c_theta_mean_full_change_precond"
2025-11-26 18:26:31.025693,14,"stress_label",5,4,0.03125,0.564102564102564,0.653846153846154,0.553846153846154,5,"top5","eeg_tleft_sampent_full_change_precond;pupil_dilation_sd_full_change_precond;eeg_tleft_halpha_mean_full_change_precond;eeg_pright_sampent_full_change_precond;eeg_c_theta_mean_full_change_precond"
2025-11-26 18:26:31.795702,14,"stress_label",5,8,0.03125,0.583333333333333,0.647435897435897,0.583760683760684,5,"top5","eeg_tleft_sampent_full_change_precond;pupil_dilation_sd_full_change_precond;eeg_tleft_halpha_mean_full_change_precond;eeg_pright_sampent_full_change_precond;eeg_c_theta_mean_full_change_precond"
2025-11-26 18:26:32.584615,14,"stress_label",5,16,0.03125,0.557692307692308,0.647435897435897,0.548717948717949,5,"top5","eeg_tleft_sampent_full_change_precond;pupil_dilation_sd_full_change_precond;eeg_tleft_halpha_mean_full_change_precond;eeg_pright_sampent_full_change_precond;eeg_c_theta_mean_full_change_precond"
2025-11-26 18:26:33.35266,14,"stress_label",5,32,0.03125,0.551282051282051,0.615384615384615,0.551282051282051,5,"top5","eeg_tleft_sampent_full_change_precond;pupil_dilation_sd_full_change_precond;eeg_tleft_halpha_mean_full_change_precond;eeg_pright_sampent_full_change_precond;eeg_c_theta_mean_full_change_precond"
2025-11-26 18:26:34.130774,14,"stress_label",5,64,0.03125,0.538461538461538,0.564102564102564,0.532478632478632,5,"top5","eeg_tleft_sampent_full_change_precond;pupil_dilation_sd_full_change_precond;eeg_tleft_halpha_mean_full_change_precond;eeg_pright_sampent_full_change_precond;eeg_c_theta_mean_full_change_precond"
2025-11-26 18:26:35.026192,14,"stress_label",5,128,0.03125,0.532051282051282,0.544871794871795,NA,5,"top5","eeg_tleft_sampent_full_change_precond;pupil_dilation_sd_full_change_precond;eeg_tleft_halpha_mean_full_change_precond;eeg_pright_sampent_full_change_precond;eeg_c_theta_mean_full_change_precond"
2025-11-26 18:26:36.17471,14,"stress_label",5,256,0.03125,0.544871794871795,0.474358974358974,NA,5,"top5","eeg_tleft_sampent_full_change_precond;pupil_dilation_sd_full_change_precond;eeg_tleft_halpha_mean_full_change_precond;eeg_pright_sampent_full_change_precond;eeg_c_theta_mean_full_change_precond"
2025-11-26 18:26:36.841875,14,"stress_label",5,2,0.0625,0.57051282051282,0.647435897435897,0.556410256410256,5,"top5","eeg_tleft_sampent_full_change_precond;pupil_dilation_sd_full_change_precond;eeg_tleft_halpha_mean_full_change_precond;eeg_pright_sampent_full_change_precond;eeg_c_theta_mean_full_change_precond"
2025-11-26 18:26:37.593871,14,"stress_label",5,4,0.0625,0.564102564102564,0.641025641025641,0.568376068376068,5,"top5","eeg_tleft_sampent_full_change_precond;pupil_dilation_sd_full_change_precond;eeg_tleft_halpha_mean_full_change_precond;eeg_pright_sampent_full_change_precond;eeg_c_theta_mean_full_change_precond"
2025-11-26 18:26:38.361545,14,"stress_label",5,8,0.0625,0.557692307692308,0.621794871794872,0.55982905982906,5,"top5","eeg_tleft_sampent_full_change_precond;pupil_dilation_sd_full_change_precond;eeg_tleft_halpha_mean_full_change_precond;eeg_pright_sampent_full_change_precond;eeg_c_theta_mean_full_change_precond"
2025-11-26 18:26:39.126778,14,"stress_label",5,16,0.0625,0.538461538461538,0.576923076923077,0.521367521367521,5,"top5","eeg_tleft_sampent_full_change_precond;pupil_dilation_sd_full_change_precond;eeg_tleft_halpha_mean_full_change_precond;eeg_pright_sampent_full_change_precond;eeg_c_theta_mean_full_change_precond"
2025-11-26 18:26:39.823296,14,"stress_label",5,32,0.0625,0.551282051282051,0.557692307692308,NA,5,"top5","eeg_tleft_sampent_full_change_precond;pupil_dilation_sd_full_change_precond;eeg_tleft_halpha_mean_full_change_precond;eeg_pright_sampent_full_change_precond;eeg_c_theta_mean_full_change_precond"
2025-11-26 18:26:40.651024,14,"stress_label",5,64,0.0625,0.551282051282051,0.557692307692308,0.545299145299145,5,"top5","eeg_tleft_sampent_full_change_precond;pupil_dilation_sd_full_change_precond;eeg_tleft_halpha_mean_full_change_precond;eeg_pright_sampent_full_change_precond;eeg_c_theta_mean_full_change_precond"
2025-11-26 18:26:41.679866,14,"stress_label",5,128,0.0625,0.538461538461538,0.5,0.521367521367521,5,"top5","eeg_tleft_sampent_full_change_precond;pupil_dilation_sd_full_change_precond;eeg_tleft_halpha_mean_full_change_precond;eeg_pright_sampent_full_change_precond;eeg_c_theta_mean_full_change_precond"
2025-11-26 18:26:42.947061,14,"stress_label",5,256,0.0625,0.538461538461538,0.403846153846154,NA,5,"top5","eeg_tleft_sampent_full_change_precond;pupil_dilation_sd_full_change_precond;eeg_tleft_halpha_mean_full_change_precond;eeg_pright_sampent_full_change_precond;eeg_c_theta_mean_full_change_precond"
2025-11-26 18:26:43.636883,14,"stress_label",5,2,0.125,0.544871794871795,0.621794871794872,0.541025641025641,5,"top5","eeg_tleft_sampent_full_change_precond;pupil_dilation_sd_full_change_precond;eeg_tleft_halpha_mean_full_change_precond;eeg_pright_sampent_full_change_precond;eeg_c_theta_mean_full_change_precond"
2025-11-26 18:26:44.440159,14,"stress_label",5,4,0.125,0.551282051282051,0.564102564102564,0.552136752136752,5,"top5","eeg_tleft_sampent_full_change_precond;pupil_dilation_sd_full_change_precond;eeg_tleft_halpha_mean_full_change_precond;eeg_pright_sampent_full_change_precond;eeg_c_theta_mean_full_change_precond"
2025-11-26 18:26:45.172187,14,"stress_label",5,8,0.125,0.557692307692308,0.557692307692308,NA,5,"top5","eeg_tleft_sampent_full_change_precond;pupil_dilation_sd_full_change_precond;eeg_tleft_halpha_mean_full_change_precond;eeg_pright_sampent_full_change_precond;eeg_c_theta_mean_full_change_precond"
2025-11-26 18:26:45.996742,14,"stress_label",5,16,0.125,0.538461538461538,0.544871794871795,0.529059829059829,5,"top5","eeg_tleft_sampent_full_change_precond;pupil_dilation_sd_full_change_precond;eeg_tleft_halpha_mean_full_change_precond;eeg_pright_sampent_full_change_precond;eeg_c_theta_mean_full_change_precond"
2025-11-26 18:26:46.785042,14,"stress_label",5,32,0.125,0.538461538461538,0.423076923076923,NA,5,"top5","eeg_tleft_sampent_full_change_precond;pupil_dilation_sd_full_change_precond;eeg_tleft_halpha_mean_full_change_precond;eeg_pright_sampent_full_change_precond;eeg_c_theta_mean_full_change_precond"
2025-11-26 18:26:47.806479,14,"stress_label",5,64,0.125,0.544871794871795,0.512820512820513,NA,5,"top5","eeg_tleft_sampent_full_change_precond;pupil_dilation_sd_full_change_precond;eeg_tleft_halpha_mean_full_change_precond;eeg_pright_sampent_full_change_precond;eeg_c_theta_mean_full_change_precond"
2025-11-26 18:26:49.030255,14,"stress_label",5,128,0.125,0.506410256410256,0.371794871794872,0.496581196581197,5,"top5","eeg_tleft_sampent_full_change_precond;pupil_dilation_sd_full_change_precond;eeg_tleft_halpha_mean_full_change_precond;eeg_pright_sampent_full_change_precond;eeg_c_theta_mean_full_change_precond"
2025-11-26 18:26:50.553586,14,"stress_label",5,256,0.125,0.506410256410256,0.378205128205128,0.498290598290598,5,"top5","eeg_tleft_sampent_full_change_precond;pupil_dilation_sd_full_change_precond;eeg_tleft_halpha_mean_full_change_precond;eeg_pright_sampent_full_change_precond;eeg_c_theta_mean_full_change_precond"
2025-11-26 18:26:51.30066,14,"stress_label",5,2,0.03,0.57051282051282,0.685897435897436,0.555555555555556,5,"top5","eeg_tleft_sampent_full_change_precond;pupil_dilation_sd_full_change_precond;eeg_tleft_halpha_mean_full_change_precond;eeg_pright_sampent_full_change_precond;eeg_c_theta_mean_full_change_precond"
2025-11-26 18:26:52.016266,14,"stress_label",5,4,0.03,0.564102564102564,0.66025641025641,0.553846153846154,5,"top5","eeg_tleft_sampent_full_change_precond;pupil_dilation_sd_full_change_precond;eeg_tleft_halpha_mean_full_change_precond;eeg_pright_sampent_full_change_precond;eeg_c_theta_mean_full_change_precond"
2025-11-26 18:26:52.80035,14,"stress_label",5,8,0.03,0.583333333333333,0.647435897435897,0.583760683760684,5,"top5","eeg_tleft_sampent_full_change_precond;pupil_dilation_sd_full_change_precond;eeg_tleft_halpha_mean_full_change_precond;eeg_pright_sampent_full_change_precond;eeg_c_theta_mean_full_change_precond"
2025-11-26 18:26:53.598725,14,"stress_label",5,16,0.03,0.557692307692308,0.641025641025641,0.548717948717949,5,"top5","eeg_tleft_sampent_full_change_precond;pupil_dilation_sd_full_change_precond;eeg_tleft_halpha_mean_full_change_precond;eeg_pright_sampent_full_change_precond;eeg_c_theta_mean_full_change_precond"
2025-11-26 18:26:54.425318,14,"stress_label",5,32,0.03,0.544871794871795,0.615384615384615,0.530769230769231,5,"top5","eeg_tleft_sampent_full_change_precond;pupil_dilation_sd_full_change_precond;eeg_tleft_halpha_mean_full_change_precond;eeg_pright_sampent_full_change_precond;eeg_c_theta_mean_full_change_precond"
2025-11-26 18:26:55.272757,14,"stress_label",5,64,0.03,0.525641025641026,0.564102564102564,0.524786324786325,5,"top5","eeg_tleft_sampent_full_change_precond;pupil_dilation_sd_full_change_precond;eeg_tleft_halpha_mean_full_change_precond;eeg_pright_sampent_full_change_precond;eeg_c_theta_mean_full_change_precond"
2025-11-26 18:26:56.113263,14,"stress_label",5,128,0.03,0.519230769230769,0.487179487179487,NA,5,"top5","eeg_tleft_sampent_full_change_precond;pupil_dilation_sd_full_change_precond;eeg_tleft_halpha_mean_full_change_precond;eeg_pright_sampent_full_change_precond;eeg_c_theta_mean_full_change_precond"
2025-11-26 18:26:57.389374,14,"stress_label",5,256,0.03,0.551282051282051,0.480769230769231,NA,5,"top5","eeg_tleft_sampent_full_change_precond;pupil_dilation_sd_full_change_precond;eeg_tleft_halpha_mean_full_change_precond;eeg_pright_sampent_full_change_precond;eeg_c_theta_mean_full_change_precond"
2025-11-26 18:26:58.124472,14,"stress_label",5,2,0.06,0.564102564102564,0.647435897435897,0.552136752136752,5,"top5","eeg_tleft_sampent_full_change_precond;pupil_dilation_sd_full_change_precond;eeg_tleft_halpha_mean_full_change_precond;eeg_pright_sampent_full_change_precond;eeg_c_theta_mean_full_change_precond"
2025-11-26 18:26:58.887733,14,"stress_label",5,4,0.06,0.551282051282051,0.615384615384615,0.547008547008547,5,"top5","eeg_tleft_sampent_full_change_precond;pupil_dilation_sd_full_change_precond;eeg_tleft_halpha_mean_full_change_precond;eeg_pright_sampent_full_change_precond;eeg_c_theta_mean_full_change_precond"
2025-11-26 18:26:59.677631,14,"stress_label",5,8,0.06,0.564102564102564,0.628205128205128,0.562393162393162,5,"top5","eeg_tleft_sampent_full_change_precond;pupil_dilation_sd_full_change_precond;eeg_tleft_halpha_mean_full_change_precond;eeg_pright_sampent_full_change_precond;eeg_c_theta_mean_full_change_precond"
2025-11-26 18:27:00.378937,14,"stress_label",5,16,0.06,0.538461538461538,0.57051282051282,0.532478632478632,5,"top5","eeg_tleft_sampent_full_change_precond;pupil_dilation_sd_full_change_precond;eeg_tleft_halpha_mean_full_change_precond;eeg_pright_sampent_full_change_precond;eeg_c_theta_mean_full_change_precond"
2025-11-26 18:27:01.233734,14,"stress_label",5,32,0.06,0.557692307692308,0.564102564102564,NA,5,"top5","eeg_tleft_sampent_full_change_precond;pupil_dilation_sd_full_change_precond;eeg_tleft_halpha_mean_full_change_precond;eeg_pright_sampent_full_change_precond;eeg_c_theta_mean_full_change_precond"
2025-11-26 18:27:02.174203,14,"stress_label",5,64,0.06,0.544871794871795,0.512820512820513,NA,5,"top5","eeg_tleft_sampent_full_change_precond;pupil_dilation_sd_full_change_precond;eeg_tleft_halpha_mean_full_change_precond;eeg_pright_sampent_full_change_precond;eeg_c_theta_mean_full_change_precond"
2025-11-26 18:27:03.254218,14,"stress_label",5,128,0.06,0.532051282051282,0.429487179487179,0.521367521367521,5,"top5","eeg_tleft_sampent_full_change_precond;pupil_dilation_sd_full_change_precond;eeg_tleft_halpha_mean_full_change_precond;eeg_pright_sampent_full_change_precond;eeg_c_theta_mean_full_change_precond"
2025-11-26 18:27:04.620446,14,"stress_label",5,256,0.06,0.544871794871795,0.423076923076923,NA,5,"top5","eeg_tleft_sampent_full_change_precond;pupil_dilation_sd_full_change_precond;eeg_tleft_halpha_mean_full_change_precond;eeg_pright_sampent_full_change_precond;eeg_c_theta_mean_full_change_precond"
2025-11-26 18:27:05.352195,14,"stress_label",5,2,0.1,0.557692307692308,0.641025641025641,0.553846153846154,5,"top5","eeg_tleft_sampent_full_change_precond;pupil_dilation_sd_full_change_precond;eeg_tleft_halpha_mean_full_change_precond;eeg_pright_sampent_full_change_precond;eeg_c_theta_mean_full_change_precond"
2025-11-26 18:27:06.137895,14,"stress_label",5,4,0.1,0.551282051282051,0.615384615384615,0.554700854700855,5,"top5","eeg_tleft_sampent_full_change_precond;pupil_dilation_sd_full_change_precond;eeg_tleft_halpha_mean_full_change_precond;eeg_pright_sampent_full_change_precond;eeg_c_theta_mean_full_change_precond"
2025-11-26 18:27:06.935986,14,"stress_label",5,8,0.1,0.538461538461538,0.58974358974359,NA,5,"top5","eeg_tleft_sampent_full_change_precond;pupil_dilation_sd_full_change_precond;eeg_tleft_halpha_mean_full_change_precond;eeg_pright_sampent_full_change_precond;eeg_c_theta_mean_full_change_precond"
2025-11-26 18:27:07.701572,14,"stress_label",5,16,0.1,0.551282051282051,0.525641025641026,NA,5,"top5","eeg_tleft_sampent_full_change_precond;pupil_dilation_sd_full_change_precond;eeg_tleft_halpha_mean_full_change_precond;eeg_pright_sampent_full_change_precond;eeg_c_theta_mean_full_change_precond"
2025-11-26 18:27:08.587045,14,"stress_label",5,32,0.1,0.532051282051282,0.455128205128205,0.521367521367521,5,"top5","eeg_tleft_sampent_full_change_precond;pupil_dilation_sd_full_change_precond;eeg_tleft_halpha_mean_full_change_precond;eeg_pright_sampent_full_change_precond;eeg_c_theta_mean_full_change_precond"
2025-11-26 18:27:09.463528,14,"stress_label",5,64,0.1,0.551282051282051,0.448717948717949,NA,5,"top5","eeg_tleft_sampent_full_change_precond;pupil_dilation_sd_full_change_precond;eeg_tleft_halpha_mean_full_change_precond;eeg_pright_sampent_full_change_precond;eeg_c_theta_mean_full_change_precond"
2025-11-26 18:27:10.479374,14,"stress_label",5,128,0.1,0.532051282051282,0.512820512820513,NA,5,"top5","eeg_tleft_sampent_full_change_precond;pupil_dilation_sd_full_change_precond;eeg_tleft_halpha_mean_full_change_precond;eeg_pright_sampent_full_change_precond;eeg_c_theta_mean_full_change_precond"
2025-11-26 18:27:11.966146,14,"stress_label",5,256,0.1,0.506410256410256,0.461538461538462,0.505128205128205,5,"top5","eeg_tleft_sampent_full_change_precond;pupil_dilation_sd_full_change_precond;eeg_tleft_halpha_mean_full_change_precond;eeg_pright_sampent_full_change_precond;eeg_c_theta_mean_full_change_precond"
2025-11-26 18:27:13.198422,15,"stress_label",20,2,0.0078125,0.602564102564103,0.641025641025641,0.564957264957265,20,"top20","eeg_tleft_sampent_full_change_precond;gsr_skin_conductance_eda_tonic_mean_nk_full_change_precond;eeg_pright_sampent_full_change_precond;eeg_tleft_lalpha_mean_full_change_precond;eeg_tleft_halpha_mean_full_change_precond;eeg_c_theta_mean_full_change_precond;hrv_rmssd_full_change_precond;pupil_dilation_sd_full_change_precond;eeg_t_sampent_full_change_precond;eeg_fr_sampent_full_change_precond;eeg_tright_halpha_mean_full_change_precond;eeg_fl_hbeta_mean_full_change_precond;eeg_fm_sampent_full_change_precond;hr_heartrate_bpm_med_abs_full_change_precond;eeg_c_sampent_full_change_precond;eeg_fm_theta_mean_full_change_precond;eeg_c_specent_full_change_precond;eeg_ab_ratio_full_change_precond;eeg_pright_halpha_mean_full_change_precond;eeg_tleft_hbeta_mean_full_change_precond"
2025-11-26 18:27:14.203689,15,"stress_label",20,4,0.0078125,0.57051282051282,0.608974358974359,0.541025641025641,20,"top20","eeg_tleft_sampent_full_change_precond;gsr_skin_conductance_eda_tonic_mean_nk_full_change_precond;eeg_pright_sampent_full_change_precond;eeg_tleft_lalpha_mean_full_change_precond;eeg_tleft_halpha_mean_full_change_precond;eeg_c_theta_mean_full_change_precond;hrv_rmssd_full_change_precond;pupil_dilation_sd_full_change_precond;eeg_t_sampent_full_change_precond;eeg_fr_sampent_full_change_precond;eeg_tright_halpha_mean_full_change_precond;eeg_fl_hbeta_mean_full_change_precond;eeg_fm_sampent_full_change_precond;hr_heartrate_bpm_med_abs_full_change_precond;eeg_c_sampent_full_change_precond;eeg_fm_theta_mean_full_change_precond;eeg_c_specent_full_change_precond;eeg_ab_ratio_full_change_precond;eeg_pright_halpha_mean_full_change_precond;eeg_tleft_hbeta_mean_full_change_precond"
2025-11-26 18:27:15.180058,15,"stress_label",20,8,0.0078125,0.557692307692308,0.58974358974359,0.529059829059829,20,"top20","eeg_tleft_sampent_full_change_precond;gsr_skin_conductance_eda_tonic_mean_nk_full_change_precond;eeg_pright_sampent_full_change_precond;eeg_tleft_lalpha_mean_full_change_precond;eeg_tleft_halpha_mean_full_change_precond;eeg_c_theta_mean_full_change_precond;hrv_rmssd_full_change_precond;pupil_dilation_sd_full_change_precond;eeg_t_sampent_full_change_precond;eeg_fr_sampent_full_change_precond;eeg_tright_halpha_mean_full_change_precond;eeg_fl_hbeta_mean_full_change_precond;eeg_fm_sampent_full_change_precond;hr_heartrate_bpm_med_abs_full_change_precond;eeg_c_sampent_full_change_precond;eeg_fm_theta_mean_full_change_precond;eeg_c_specent_full_change_precond;eeg_ab_ratio_full_change_precond;eeg_pright_halpha_mean_full_change_precond;eeg_tleft_hbeta_mean_full_change_precond"
2025-11-26 18:27:16.246929,15,"stress_label",20,16,0.0078125,0.576923076923077,0.58974358974359,0.542735042735043,20,"top20","eeg_tleft_sampent_full_change_precond;gsr_skin_conductance_eda_tonic_mean_nk_full_change_precond;eeg_pright_sampent_full_change_precond;eeg_tleft_lalpha_mean_full_change_precond;eeg_tleft_halpha_mean_full_change_precond;eeg_c_theta_mean_full_change_precond;hrv_rmssd_full_change_precond;pupil_dilation_sd_full_change_precond;eeg_t_sampent_full_change_precond;eeg_fr_sampent_full_change_precond;eeg_tright_halpha_mean_full_change_precond;eeg_fl_hbeta_mean_full_change_precond;eeg_fm_sampent_full_change_precond;hr_heartrate_bpm_med_abs_full_change_precond;eeg_c_sampent_full_change_precond;eeg_fm_theta_mean_full_change_precond;eeg_c_specent_full_change_precond;eeg_ab_ratio_full_change_precond;eeg_pright_halpha_mean_full_change_precond;eeg_tleft_hbeta_mean_full_change_precond"
2025-11-26 18:27:17.306308,15,"stress_label",20,32,0.0078125,0.557692307692308,0.583333333333333,0.528205128205128,20,"top20","eeg_tleft_sampent_full_change_precond;gsr_skin_conductance_eda_tonic_mean_nk_full_change_precond;eeg_pright_sampent_full_change_precond;eeg_tleft_lalpha_mean_full_change_precond;eeg_tleft_halpha_mean_full_change_precond;eeg_c_theta_mean_full_change_precond;hrv_rmssd_full_change_precond;pupil_dilation_sd_full_change_precond;eeg_t_sampent_full_change_precond;eeg_fr_sampent_full_change_precond;eeg_tright_halpha_mean_full_change_precond;eeg_fl_hbeta_mean_full_change_precond;eeg_fm_sampent_full_change_precond;hr_heartrate_bpm_med_abs_full_change_precond;eeg_c_sampent_full_change_precond;eeg_fm_theta_mean_full_change_precond;eeg_c_specent_full_change_precond;eeg_ab_ratio_full_change_precond;eeg_pright_halpha_mean_full_change_precond;eeg_tleft_hbeta_mean_full_change_precond"
2025-11-26 18:27:18.462056,15,"stress_label",20,64,0.0078125,0.551282051282051,0.57051282051282,0.52991452991453,20,"top20","eeg_tleft_sampent_full_change_precond;gsr_skin_conductance_eda_tonic_mean_nk_full_change_precond;eeg_pright_sampent_full_change_precond;eeg_tleft_lalpha_mean_full_change_precond;eeg_tleft_halpha_mean_full_change_precond;eeg_c_theta_mean_full_change_precond;hrv_rmssd_full_change_precond;pupil_dilation_sd_full_change_precond;eeg_t_sampent_full_change_precond;eeg_fr_sampent_full_change_precond;eeg_tright_halpha_mean_full_change_precond;eeg_fl_hbeta_mean_full_change_precond;eeg_fm_sampent_full_change_precond;hr_heartrate_bpm_med_abs_full_change_precond;eeg_c_sampent_full_change_precond;eeg_fm_theta_mean_full_change_precond;eeg_c_specent_full_change_precond;eeg_ab_ratio_full_change_precond;eeg_pright_halpha_mean_full_change_precond;eeg_tleft_hbeta_mean_full_change_precond"
2025-11-26 18:27:19.790658,15,"stress_label",20,128,0.0078125,0.532051282051282,0.538461538461538,0.515384615384615,20,"top20","eeg_tleft_sampent_full_change_precond;gsr_skin_conductance_eda_tonic_mean_nk_full_change_precond;eeg_pright_sampent_full_change_precond;eeg_tleft_lalpha_mean_full_change_precond;eeg_tleft_halpha_mean_full_change_precond;eeg_c_theta_mean_full_change_precond;hrv_rmssd_full_change_precond;pupil_dilation_sd_full_change_precond;eeg_t_sampent_full_change_precond;eeg_fr_sampent_full_change_precond;eeg_tright_halpha_mean_full_change_precond;eeg_fl_hbeta_mean_full_change_precond;eeg_fm_sampent_full_change_precond;hr_heartrate_bpm_med_abs_full_change_precond;eeg_c_sampent_full_change_precond;eeg_fm_theta_mean_full_change_precond;eeg_c_specent_full_change_precond;eeg_ab_ratio_full_change_precond;eeg_pright_halpha_mean_full_change_precond;eeg_tleft_hbeta_mean_full_change_precond"
2025-11-26 18:27:21.348545,15,"stress_label",20,256,0.0078125,0.57051282051282,0.596153846153846,NA,20,"top20","eeg_tleft_sampent_full_change_precond;gsr_skin_conductance_eda_tonic_mean_nk_full_change_precond;eeg_pright_sampent_full_change_precond;eeg_tleft_lalpha_mean_full_change_precond;eeg_tleft_halpha_mean_full_change_precond;eeg_c_theta_mean_full_change_precond;hrv_rmssd_full_change_precond;pupil_dilation_sd_full_change_precond;eeg_t_sampent_full_change_precond;eeg_fr_sampent_full_change_precond;eeg_tright_halpha_mean_full_change_precond;eeg_fl_hbeta_mean_full_change_precond;eeg_fm_sampent_full_change_precond;hr_heartrate_bpm_med_abs_full_change_precond;eeg_c_sampent_full_change_precond;eeg_fm_theta_mean_full_change_precond;eeg_c_specent_full_change_precond;eeg_ab_ratio_full_change_precond;eeg_pright_halpha_mean_full_change_precond;eeg_tleft_hbeta_mean_full_change_precond"
2025-11-26 18:27:22.345322,15,"stress_label",20,2,0.015625,0.596153846153846,0.615384615384615,0.544444444444444,20,"top20","eeg_tleft_sampent_full_change_precond;gsr_skin_conductance_eda_tonic_mean_nk_full_change_precond;eeg_pright_sampent_full_change_precond;eeg_tleft_lalpha_mean_full_change_precond;eeg_tleft_halpha_mean_full_change_precond;eeg_c_theta_mean_full_change_precond;hrv_rmssd_full_change_precond;pupil_dilation_sd_full_change_precond;eeg_t_sampent_full_change_precond;eeg_fr_sampent_full_change_precond;eeg_tright_halpha_mean_full_change_precond;eeg_fl_hbeta_mean_full_change_precond;eeg_fm_sampent_full_change_precond;hr_heartrate_bpm_med_abs_full_change_precond;eeg_c_sampent_full_change_precond;eeg_fm_theta_mean_full_change_precond;eeg_c_specent_full_change_precond;eeg_ab_ratio_full_change_precond;eeg_pright_halpha_mean_full_change_precond;eeg_tleft_hbeta_mean_full_change_precond"
2025-11-26 18:27:23.407645,15,"stress_label",20,4,0.015625,0.576923076923077,0.615384615384615,0.535042735042735,20,"top20","eeg_tleft_sampent_full_change_precond;gsr_skin_conductance_eda_tonic_mean_nk_full_change_precond;eeg_pright_sampent_full_change_precond;eeg_tleft_lalpha_mean_full_change_precond;eeg_tleft_halpha_mean_full_change_precond;eeg_c_theta_mean_full_change_precond;hrv_rmssd_full_change_precond;pupil_dilation_sd_full_change_precond;eeg_t_sampent_full_change_precond;eeg_fr_sampent_full_change_precond;eeg_tright_halpha_mean_full_change_precond;eeg_fl_hbeta_mean_full_change_precond;eeg_fm_sampent_full_change_precond;hr_heartrate_bpm_med_abs_full_change_precond;eeg_c_sampent_full_change_precond;eeg_fm_theta_mean_full_change_precond;eeg_c_specent_full_change_precond;eeg_ab_ratio_full_change_precond;eeg_pright_halpha_mean_full_change_precond;eeg_tleft_hbeta_mean_full_change_precond"
2025-11-26 18:27:24.485361,15,"stress_label",20,8,0.015625,0.57051282051282,0.608974358974359,NA,20,"top20","eeg_tleft_sampent_full_change_precond;gsr_skin_conductance_eda_tonic_mean_nk_full_change_precond;eeg_pright_sampent_full_change_precond;eeg_tleft_lalpha_mean_full_change_precond;eeg_tleft_halpha_mean_full_change_precond;eeg_c_theta_mean_full_change_precond;hrv_rmssd_full_change_precond;pupil_dilation_sd_full_change_precond;eeg_t_sampent_full_change_precond;eeg_fr_sampent_full_change_precond;eeg_tright_halpha_mean_full_change_precond;eeg_fl_hbeta_mean_full_change_precond;eeg_fm_sampent_full_change_precond;hr_heartrate_bpm_med_abs_full_change_precond;eeg_c_sampent_full_change_precond;eeg_fm_theta_mean_full_change_precond;eeg_c_specent_full_change_precond;eeg_ab_ratio_full_change_precond;eeg_pright_halpha_mean_full_change_precond;eeg_tleft_hbeta_mean_full_change_precond"
2025-11-26 18:27:25.564999,15,"stress_label",20,16,0.015625,0.557692307692308,0.602564102564103,NA,20,"top20","eeg_tleft_sampent_full_change_precond;gsr_skin_conductance_eda_tonic_mean_nk_full_change_precond;eeg_pright_sampent_full_change_precond;eeg_tleft_lalpha_mean_full_change_precond;eeg_tleft_halpha_mean_full_change_precond;eeg_c_theta_mean_full_change_precond;hrv_rmssd_full_change_precond;pupil_dilation_sd_full_change_precond;eeg_t_sampent_full_change_precond;eeg_fr_sampent_full_change_precond;eeg_tright_halpha_mean_full_change_precond;eeg_fl_hbeta_mean_full_change_precond;eeg_fm_sampent_full_change_precond;hr_heartrate_bpm_med_abs_full_change_precond;eeg_c_sampent_full_change_precond;eeg_fm_theta_mean_full_change_precond;eeg_c_specent_full_change_precond;eeg_ab_ratio_full_change_precond;eeg_pright_halpha_mean_full_change_precond;eeg_tleft_hbeta_mean_full_change_precond"
2025-11-26 18:27:26.740538,15,"stress_label",20,32,0.015625,0.532051282051282,0.544871794871795,0.51025641025641,20,"top20","eeg_tleft_sampent_full_change_precond;gsr_skin_conductance_eda_tonic_mean_nk_full_change_precond;eeg_pright_sampent_full_change_precond;eeg_tleft_lalpha_mean_full_change_precond;eeg_tleft_halpha_mean_full_change_precond;eeg_c_theta_mean_full_change_precond;hrv_rmssd_full_change_precond;pupil_dilation_sd_full_change_precond;eeg_t_sampent_full_change_precond;eeg_fr_sampent_full_change_precond;eeg_tright_halpha_mean_full_change_precond;eeg_fl_hbeta_mean_full_change_precond;eeg_fm_sampent_full_change_precond;hr_heartrate_bpm_med_abs_full_change_precond;eeg_c_sampent_full_change_precond;eeg_fm_theta_mean_full_change_precond;eeg_c_specent_full_change_precond;eeg_ab_ratio_full_change_precond;eeg_pright_halpha_mean_full_change_precond;eeg_tleft_hbeta_mean_full_change_precond"
2025-11-26 18:27:28.071203,15,"stress_label",20,64,0.015625,0.583333333333333,0.564102564102564,NA,20,"top20","eeg_tleft_sampent_full_change_precond;gsr_skin_conductance_eda_tonic_mean_nk_full_change_precond;eeg_pright_sampent_full_change_precond;eeg_tleft_lalpha_mean_full_change_precond;eeg_tleft_halpha_mean_full_change_precond;eeg_c_theta_mean_full_change_precond;hrv_rmssd_full_change_precond;pupil_dilation_sd_full_change_precond;eeg_t_sampent_full_change_precond;eeg_fr_sampent_full_change_precond;eeg_tright_halpha_mean_full_change_precond;eeg_fl_hbeta_mean_full_change_precond;eeg_fm_sampent_full_change_precond;hr_heartrate_bpm_med_abs_full_change_precond;eeg_c_sampent_full_change_precond;eeg_fm_theta_mean_full_change_precond;eeg_c_specent_full_change_precond;eeg_ab_ratio_full_change_precond;eeg_pright_halpha_mean_full_change_precond;eeg_tleft_hbeta_mean_full_change_precond"
2025-11-26 18:27:29.469524,15,"stress_label",20,128,0.015625,0.57051282051282,0.576923076923077,NA,20,"top20","eeg_tleft_sampent_full_change_precond;gsr_skin_conductance_eda_tonic_mean_nk_full_change_precond;eeg_pright_sampent_full_change_precond;eeg_tleft_lalpha_mean_full_change_precond;eeg_tleft_halpha_mean_full_change_precond;eeg_c_theta_mean_full_change_precond;hrv_rmssd_full_change_precond;pupil_dilation_sd_full_change_precond;eeg_t_sampent_full_change_precond;eeg_fr_sampent_full_change_precond;eeg_tright_halpha_mean_full_change_precond;eeg_fl_hbeta_mean_full_change_precond;eeg_fm_sampent_full_change_precond;hr_heartrate_bpm_med_abs_full_change_precond;eeg_c_sampent_full_change_precond;eeg_fm_theta_mean_full_change_precond;eeg_c_specent_full_change_precond;eeg_ab_ratio_full_change_precond;eeg_pright_halpha_mean_full_change_precond;eeg_tleft_hbeta_mean_full_change_precond"
2025-11-26 18:27:30.903193,15,"stress_label",20,256,0.015625,0.544871794871795,0.583333333333333,NA,20,"top20","eeg_tleft_sampent_full_change_precond;gsr_skin_conductance_eda_tonic_mean_nk_full_change_precond;eeg_pright_sampent_full_change_precond;eeg_tleft_lalpha_mean_full_change_precond;eeg_tleft_halpha_mean_full_change_precond;eeg_c_theta_mean_full_change_precond;hrv_rmssd_full_change_precond;pupil_dilation_sd_full_change_precond;eeg_t_sampent_full_change_precond;eeg_fr_sampent_full_change_precond;eeg_tright_halpha_mean_full_change_precond;eeg_fl_hbeta_mean_full_change_precond;eeg_fm_sampent_full_change_precond;hr_heartrate_bpm_med_abs_full_change_precond;eeg_c_sampent_full_change_precond;eeg_fm_theta_mean_full_change_precond;eeg_c_specent_full_change_precond;eeg_ab_ratio_full_change_precond;eeg_pright_halpha_mean_full_change_precond;eeg_tleft_hbeta_mean_full_change_precond"
2025-11-26 18:27:31.90343,15,"stress_label",20,2,0.03125,0.557692307692308,0.615384615384615,NA,20,"top20","eeg_tleft_sampent_full_change_precond;gsr_skin_conductance_eda_tonic_mean_nk_full_change_precond;eeg_pright_sampent_full_change_precond;eeg_tleft_lalpha_mean_full_change_precond;eeg_tleft_halpha_mean_full_change_precond;eeg_c_theta_mean_full_change_precond;hrv_rmssd_full_change_precond;pupil_dilation_sd_full_change_precond;eeg_t_sampent_full_change_precond;eeg_fr_sampent_full_change_precond;eeg_tright_halpha_mean_full_change_precond;eeg_fl_hbeta_mean_full_change_precond;eeg_fm_sampent_full_change_precond;hr_heartrate_bpm_med_abs_full_change_precond;eeg_c_sampent_full_change_precond;eeg_fm_theta_mean_full_change_precond;eeg_c_specent_full_change_precond;eeg_ab_ratio_full_change_precond;eeg_pright_halpha_mean_full_change_precond;eeg_tleft_hbeta_mean_full_change_precond"
2025-11-26 18:27:32.965686,15,"stress_label",20,4,0.03125,0.583333333333333,0.602564102564103,NA,20,"top20","eeg_tleft_sampent_full_change_precond;gsr_skin_conductance_eda_tonic_mean_nk_full_change_precond;eeg_pright_sampent_full_change_precond;eeg_tleft_lalpha_mean_full_change_precond;eeg_tleft_halpha_mean_full_change_precond;eeg_c_theta_mean_full_change_precond;hrv_rmssd_full_change_precond;pupil_dilation_sd_full_change_precond;eeg_t_sampent_full_change_precond;eeg_fr_sampent_full_change_precond;eeg_tright_halpha_mean_full_change_precond;eeg_fl_hbeta_mean_full_change_precond;eeg_fm_sampent_full_change_precond;hr_heartrate_bpm_med_abs_full_change_precond;eeg_c_sampent_full_change_precond;eeg_fm_theta_mean_full_change_precond;eeg_c_specent_full_change_precond;eeg_ab_ratio_full_change_precond;eeg_pright_halpha_mean_full_change_precond;eeg_tleft_hbeta_mean_full_change_precond"
2025-11-26 18:27:34.066271,15,"stress_label",20,8,0.03125,0.532051282051282,0.557692307692308,0.514529914529914,20,"top20","eeg_tleft_sampent_full_change_precond;gsr_skin_conductance_eda_tonic_mean_nk_full_change_precond;eeg_pright_sampent_full_change_precond;eeg_tleft_lalpha_mean_full_change_precond;eeg_tleft_halpha_mean_full_change_precond;eeg_c_theta_mean_full_change_precond;hrv_rmssd_full_change_precond;pupil_dilation_sd_full_change_precond;eeg_t_sampent_full_change_precond;eeg_fr_sampent_full_change_precond;eeg_tright_halpha_mean_full_change_precond;eeg_fl_hbeta_mean_full_change_precond;eeg_fm_sampent_full_change_precond;hr_heartrate_bpm_med_abs_full_change_precond;eeg_c_sampent_full_change_precond;eeg_fm_theta_mean_full_change_precond;eeg_c_specent_full_change_precond;eeg_ab_ratio_full_change_precond;eeg_pright_halpha_mean_full_change_precond;eeg_tleft_hbeta_mean_full_change_precond"
2025-11-26 18:27:35.220998,15,"stress_label",20,16,0.03125,0.583333333333333,0.576923076923077,NA,20,"top20","eeg_tleft_sampent_full_change_precond;gsr_skin_conductance_eda_tonic_mean_nk_full_change_precond;eeg_pright_sampent_full_change_precond;eeg_tleft_lalpha_mean_full_change_precond;eeg_tleft_halpha_mean_full_change_precond;eeg_c_theta_mean_full_change_precond;hrv_rmssd_full_change_precond;pupil_dilation_sd_full_change_precond;eeg_t_sampent_full_change_precond;eeg_fr_sampent_full_change_precond;eeg_tright_halpha_mean_full_change_precond;eeg_fl_hbeta_mean_full_change_precond;eeg_fm_sampent_full_change_precond;hr_heartrate_bpm_med_abs_full_change_precond;eeg_c_sampent_full_change_precond;eeg_fm_theta_mean_full_change_precond;eeg_c_specent_full_change_precond;eeg_ab_ratio_full_change_precond;eeg_pright_halpha_mean_full_change_precond;eeg_tleft_hbeta_mean_full_change_precond"
2025-11-26 18:27:36.426982,15,"stress_label",20,32,0.03125,0.576923076923077,0.557692307692308,NA,20,"top20","eeg_tleft_sampent_full_change_precond;gsr_skin_conductance_eda_tonic_mean_nk_full_change_precond;eeg_pright_sampent_full_change_precond;eeg_tleft_lalpha_mean_full_change_precond;eeg_tleft_halpha_mean_full_change_precond;eeg_c_theta_mean_full_change_precond;hrv_rmssd_full_change_precond;pupil_dilation_sd_full_change_precond;eeg_t_sampent_full_change_precond;eeg_fr_sampent_full_change_precond;eeg_tright_halpha_mean_full_change_precond;eeg_fl_hbeta_mean_full_change_precond;eeg_fm_sampent_full_change_precond;hr_heartrate_bpm_med_abs_full_change_precond;eeg_c_sampent_full_change_precond;eeg_fm_theta_mean_full_change_precond;eeg_c_specent_full_change_precond;eeg_ab_ratio_full_change_precond;eeg_pright_halpha_mean_full_change_precond;eeg_tleft_hbeta_mean_full_change_precond"
2025-11-26 18:27:37.659182,15,"stress_label",20,64,0.03125,0.583333333333333,0.57051282051282,NA,20,"top20","eeg_tleft_sampent_full_change_precond;gsr_skin_conductance_eda_tonic_mean_nk_full_change_precond;eeg_pright_sampent_full_change_precond;eeg_tleft_lalpha_mean_full_change_precond;eeg_tleft_halpha_mean_full_change_precond;eeg_c_theta_mean_full_change_precond;hrv_rmssd_full_change_precond;pupil_dilation_sd_full_change_precond;eeg_t_sampent_full_change_precond;eeg_fr_sampent_full_change_precond;eeg_tright_halpha_mean_full_change_precond;eeg_fl_hbeta_mean_full_change_precond;eeg_fm_sampent_full_change_precond;hr_heartrate_bpm_med_abs_full_change_precond;eeg_c_sampent_full_change_precond;eeg_fm_theta_mean_full_change_precond;eeg_c_specent_full_change_precond;eeg_ab_ratio_full_change_precond;eeg_pright_halpha_mean_full_change_precond;eeg_tleft_hbeta_mean_full_change_precond"
2025-11-26 18:27:38.904018,15,"stress_label",20,128,0.03125,0.596153846153846,0.596153846153846,NA,20,"top20","eeg_tleft_sampent_full_change_precond;gsr_skin_conductance_eda_tonic_mean_nk_full_change_precond;eeg_pright_sampent_full_change_precond;eeg_tleft_lalpha_mean_full_change_precond;eeg_tleft_halpha_mean_full_change_precond;eeg_c_theta_mean_full_change_precond;hrv_rmssd_full_change_precond;pupil_dilation_sd_full_change_precond;eeg_t_sampent_full_change_precond;eeg_fr_sampent_full_change_precond;eeg_tright_halpha_mean_full_change_precond;eeg_fl_hbeta_mean_full_change_precond;eeg_fm_sampent_full_change_precond;hr_heartrate_bpm_med_abs_full_change_precond;eeg_c_sampent_full_change_precond;eeg_fm_theta_mean_full_change_precond;eeg_c_specent_full_change_precond;eeg_ab_ratio_full_change_precond;eeg_pright_halpha_mean_full_change_precond;eeg_tleft_hbeta_mean_full_change_precond"
2025-11-26 18:27:40.014531,15,"stress_label",20,256,0.03125,0.596153846153846,0.57051282051282,NA,20,"top20","eeg_tleft_sampent_full_change_precond;gsr_skin_conductance_eda_tonic_mean_nk_full_change_precond;eeg_pright_sampent_full_change_precond;eeg_tleft_lalpha_mean_full_change_precond;eeg_tleft_halpha_mean_full_change_precond;eeg_c_theta_mean_full_change_precond;hrv_rmssd_full_change_precond;pupil_dilation_sd_full_change_precond;eeg_t_sampent_full_change_precond;eeg_fr_sampent_full_change_precond;eeg_tright_halpha_mean_full_change_precond;eeg_fl_hbeta_mean_full_change_precond;eeg_fm_sampent_full_change_precond;hr_heartrate_bpm_med_abs_full_change_precond;eeg_c_sampent_full_change_precond;eeg_fm_theta_mean_full_change_precond;eeg_c_specent_full_change_precond;eeg_ab_ratio_full_change_precond;eeg_pright_halpha_mean_full_change_precond;eeg_tleft_hbeta_mean_full_change_precond"
2025-11-26 18:27:40.966138,15,"stress_label",20,2,0.0625,0.576923076923077,0.57051282051282,NA,20,"top20","eeg_tleft_sampent_full_change_precond;gsr_skin_conductance_eda_tonic_mean_nk_full_change_precond;eeg_pright_sampent_full_change_precond;eeg_tleft_lalpha_mean_full_change_precond;eeg_tleft_halpha_mean_full_change_precond;eeg_c_theta_mean_full_change_precond;hrv_rmssd_full_change_precond;pupil_dilation_sd_full_change_precond;eeg_t_sampent_full_change_precond;eeg_fr_sampent_full_change_precond;eeg_tright_halpha_mean_full_change_precond;eeg_fl_hbeta_mean_full_change_precond;eeg_fm_sampent_full_change_precond;hr_heartrate_bpm_med_abs_full_change_precond;eeg_c_sampent_full_change_precond;eeg_fm_theta_mean_full_change_precond;eeg_c_specent_full_change_precond;eeg_ab_ratio_full_change_precond;eeg_pright_halpha_mean_full_change_precond;eeg_tleft_hbeta_mean_full_change_precond"
2025-11-26 18:27:42.078546,15,"stress_label",20,4,0.0625,0.576923076923077,0.583333333333333,0.551282051282051,20,"top20","eeg_tleft_sampent_full_change_precond;gsr_skin_conductance_eda_tonic_mean_nk_full_change_precond;eeg_pright_sampent_full_change_precond;eeg_tleft_lalpha_mean_full_change_precond;eeg_tleft_halpha_mean_full_change_precond;eeg_c_theta_mean_full_change_precond;hrv_rmssd_full_change_precond;pupil_dilation_sd_full_change_precond;eeg_t_sampent_full_change_precond;eeg_fr_sampent_full_change_precond;eeg_tright_halpha_mean_full_change_precond;eeg_fl_hbeta_mean_full_change_precond;eeg_fm_sampent_full_change_precond;hr_heartrate_bpm_med_abs_full_change_precond;eeg_c_sampent_full_change_precond;eeg_fm_theta_mean_full_change_precond;eeg_c_specent_full_change_precond;eeg_ab_ratio_full_change_precond;eeg_pright_halpha_mean_full_change_precond;eeg_tleft_hbeta_mean_full_change_precond"
2025-11-26 18:27:43.028775,15,"stress_label",20,8,0.0625,0.608974358974359,0.583333333333333,NA,20,"top20","eeg_tleft_sampent_full_change_precond;gsr_skin_conductance_eda_tonic_mean_nk_full_change_precond;eeg_pright_sampent_full_change_precond;eeg_tleft_lalpha_mean_full_change_precond;eeg_tleft_halpha_mean_full_change_precond;eeg_c_theta_mean_full_change_precond;hrv_rmssd_full_change_precond;pupil_dilation_sd_full_change_precond;eeg_t_sampent_full_change_precond;eeg_fr_sampent_full_change_precond;eeg_tright_halpha_mean_full_change_precond;eeg_fl_hbeta_mean_full_change_precond;eeg_fm_sampent_full_change_precond;hr_heartrate_bpm_med_abs_full_change_precond;eeg_c_sampent_full_change_precond;eeg_fm_theta_mean_full_change_precond;eeg_c_specent_full_change_precond;eeg_ab_ratio_full_change_precond;eeg_pright_halpha_mean_full_change_precond;eeg_tleft_hbeta_mean_full_change_precond"
2025-11-26 18:27:44.154853,15,"stress_label",20,16,0.0625,0.557692307692308,0.58974358974359,NA,20,"top20","eeg_tleft_sampent_full_change_precond;gsr_skin_conductance_eda_tonic_mean_nk_full_change_precond;eeg_pright_sampent_full_change_precond;eeg_tleft_lalpha_mean_full_change_precond;eeg_tleft_halpha_mean_full_change_precond;eeg_c_theta_mean_full_change_precond;hrv_rmssd_full_change_precond;pupil_dilation_sd_full_change_precond;eeg_t_sampent_full_change_precond;eeg_fr_sampent_full_change_precond;eeg_tright_halpha_mean_full_change_precond;eeg_fl_hbeta_mean_full_change_precond;eeg_fm_sampent_full_change_precond;hr_heartrate_bpm_med_abs_full_change_precond;eeg_c_sampent_full_change_precond;eeg_fm_theta_mean_full_change_precond;eeg_c_specent_full_change_precond;eeg_ab_ratio_full_change_precond;eeg_pright_halpha_mean_full_change_precond;eeg_tleft_hbeta_mean_full_change_precond"
2025-11-26 18:27:45.234209,15,"stress_label",20,32,0.0625,0.551282051282051,0.57051282051282,NA,20,"top20","eeg_tleft_sampent_full_change_precond;gsr_skin_conductance_eda_tonic_mean_nk_full_change_precond;eeg_pright_sampent_full_change_precond;eeg_tleft_lalpha_mean_full_change_precond;eeg_tleft_halpha_mean_full_change_precond;eeg_c_theta_mean_full_change_precond;hrv_rmssd_full_change_precond;pupil_dilation_sd_full_change_precond;eeg_t_sampent_full_change_precond;eeg_fr_sampent_full_change_precond;eeg_tright_halpha_mean_full_change_precond;eeg_fl_hbeta_mean_full_change_precond;eeg_fm_sampent_full_change_precond;hr_heartrate_bpm_med_abs_full_change_precond;eeg_c_sampent_full_change_precond;eeg_fm_theta_mean_full_change_precond;eeg_c_specent_full_change_precond;eeg_ab_ratio_full_change_precond;eeg_pright_halpha_mean_full_change_precond;eeg_tleft_hbeta_mean_full_change_precond"
2025-11-26 18:27:46.412033,15,"stress_label",20,64,0.0625,0.551282051282051,0.583333333333333,NA,20,"top20","eeg_tleft_sampent_full_change_precond;gsr_skin_conductance_eda_tonic_mean_nk_full_change_precond;eeg_pright_sampent_full_change_precond;eeg_tleft_lalpha_mean_full_change_precond;eeg_tleft_halpha_mean_full_change_precond;eeg_c_theta_mean_full_change_precond;hrv_rmssd_full_change_precond;pupil_dilation_sd_full_change_precond;eeg_t_sampent_full_change_precond;eeg_fr_sampent_full_change_precond;eeg_tright_halpha_mean_full_change_precond;eeg_fl_hbeta_mean_full_change_precond;eeg_fm_sampent_full_change_precond;hr_heartrate_bpm_med_abs_full_change_precond;eeg_c_sampent_full_change_precond;eeg_fm_theta_mean_full_change_precond;eeg_c_specent_full_change_precond;eeg_ab_ratio_full_change_precond;eeg_pright_halpha_mean_full_change_precond;eeg_tleft_hbeta_mean_full_change_precond"
2025-11-26 18:27:47.404354,15,"stress_label",20,128,0.0625,0.551282051282051,0.583333333333333,NA,20,"top20","eeg_tleft_sampent_full_change_precond;gsr_skin_conductance_eda_tonic_mean_nk_full_change_precond;eeg_pright_sampent_full_change_precond;eeg_tleft_lalpha_mean_full_change_precond;eeg_tleft_halpha_mean_full_change_precond;eeg_c_theta_mean_full_change_precond;hrv_rmssd_full_change_precond;pupil_dilation_sd_full_change_precond;eeg_t_sampent_full_change_precond;eeg_fr_sampent_full_change_precond;eeg_tright_halpha_mean_full_change_precond;eeg_fl_hbeta_mean_full_change_precond;eeg_fm_sampent_full_change_precond;hr_heartrate_bpm_med_abs_full_change_precond;eeg_c_sampent_full_change_precond;eeg_fm_theta_mean_full_change_precond;eeg_c_specent_full_change_precond;eeg_ab_ratio_full_change_precond;eeg_pright_halpha_mean_full_change_precond;eeg_tleft_hbeta_mean_full_change_precond"
2025-11-26 18:27:48.52618,15,"stress_label",20,256,0.0625,0.551282051282051,0.557692307692308,NA,20,"top20","eeg_tleft_sampent_full_change_precond;gsr_skin_conductance_eda_tonic_mean_nk_full_change_precond;eeg_pright_sampent_full_change_precond;eeg_tleft_lalpha_mean_full_change_precond;eeg_tleft_halpha_mean_full_change_precond;eeg_c_theta_mean_full_change_precond;hrv_rmssd_full_change_precond;pupil_dilation_sd_full_change_precond;eeg_t_sampent_full_change_precond;eeg_fr_sampent_full_change_precond;eeg_tright_halpha_mean_full_change_precond;eeg_fl_hbeta_mean_full_change_precond;eeg_fm_sampent_full_change_precond;hr_heartrate_bpm_med_abs_full_change_precond;eeg_c_sampent_full_change_precond;eeg_fm_theta_mean_full_change_precond;eeg_c_specent_full_change_precond;eeg_ab_ratio_full_change_precond;eeg_pright_halpha_mean_full_change_precond;eeg_tleft_hbeta_mean_full_change_precond"
2025-11-26 18:27:49.5107,15,"stress_label",20,2,0.125,0.564102564102564,0.576923076923077,NA,20,"top20","eeg_tleft_sampent_full_change_precond;gsr_skin_conductance_eda_tonic_mean_nk_full_change_precond;eeg_pright_sampent_full_change_precond;eeg_tleft_lalpha_mean_full_change_precond;eeg_tleft_halpha_mean_full_change_precond;eeg_c_theta_mean_full_change_precond;hrv_rmssd_full_change_precond;pupil_dilation_sd_full_change_precond;eeg_t_sampent_full_change_precond;eeg_fr_sampent_full_change_precond;eeg_tright_halpha_mean_full_change_precond;eeg_fl_hbeta_mean_full_change_precond;eeg_fm_sampent_full_change_precond;hr_heartrate_bpm_med_abs_full_change_precond;eeg_c_sampent_full_change_precond;eeg_fm_theta_mean_full_change_precond;eeg_c_specent_full_change_precond;eeg_ab_ratio_full_change_precond;eeg_pright_halpha_mean_full_change_precond;eeg_tleft_hbeta_mean_full_change_precond"
2025-11-26 18:27:50.590832,15,"stress_label",20,4,0.125,0.57051282051282,0.583333333333333,NA,20,"top20","eeg_tleft_sampent_full_change_precond;gsr_skin_conductance_eda_tonic_mean_nk_full_change_precond;eeg_pright_sampent_full_change_precond;eeg_tleft_lalpha_mean_full_change_precond;eeg_tleft_halpha_mean_full_change_precond;eeg_c_theta_mean_full_change_precond;hrv_rmssd_full_change_precond;pupil_dilation_sd_full_change_precond;eeg_t_sampent_full_change_precond;eeg_fr_sampent_full_change_precond;eeg_tright_halpha_mean_full_change_precond;eeg_fl_hbeta_mean_full_change_precond;eeg_fm_sampent_full_change_precond;hr_heartrate_bpm_med_abs_full_change_precond;eeg_c_sampent_full_change_precond;eeg_fm_theta_mean_full_change_precond;eeg_c_specent_full_change_precond;eeg_ab_ratio_full_change_precond;eeg_pright_halpha_mean_full_change_precond;eeg_tleft_hbeta_mean_full_change_precond"
2025-11-26 18:27:51.694158,15,"stress_label",20,8,0.125,0.564102564102564,0.493589743589744,NA,20,"top20","eeg_tleft_sampent_full_change_precond;gsr_skin_conductance_eda_tonic_mean_nk_full_change_precond;eeg_pright_sampent_full_change_precond;eeg_tleft_lalpha_mean_full_change_precond;eeg_tleft_halpha_mean_full_change_precond;eeg_c_theta_mean_full_change_precond;hrv_rmssd_full_change_precond;pupil_dilation_sd_full_change_precond;eeg_t_sampent_full_change_precond;eeg_fr_sampent_full_change_precond;eeg_tright_halpha_mean_full_change_precond;eeg_fl_hbeta_mean_full_change_precond;eeg_fm_sampent_full_change_precond;hr_heartrate_bpm_med_abs_full_change_precond;eeg_c_sampent_full_change_precond;eeg_fm_theta_mean_full_change_precond;eeg_c_specent_full_change_precond;eeg_ab_ratio_full_change_precond;eeg_pright_halpha_mean_full_change_precond;eeg_tleft_hbeta_mean_full_change_precond"
2025-11-26 18:27:52.708842,15,"stress_label",20,16,0.125,0.564102564102564,0.532051282051282,NA,20,"top20","eeg_tleft_sampent_full_change_precond;gsr_skin_conductance_eda_tonic_mean_nk_full_change_precond;eeg_pright_sampent_full_change_precond;eeg_tleft_lalpha_mean_full_change_precond;eeg_tleft_halpha_mean_full_change_precond;eeg_c_theta_mean_full_change_precond;hrv_rmssd_full_change_precond;pupil_dilation_sd_full_change_precond;eeg_t_sampent_full_change_precond;eeg_fr_sampent_full_change_precond;eeg_tright_halpha_mean_full_change_precond;eeg_fl_hbeta_mean_full_change_precond;eeg_fm_sampent_full_change_precond;hr_heartrate_bpm_med_abs_full_change_precond;eeg_c_sampent_full_change_precond;eeg_fm_theta_mean_full_change_precond;eeg_c_specent_full_change_precond;eeg_ab_ratio_full_change_precond;eeg_pright_halpha_mean_full_change_precond;eeg_tleft_hbeta_mean_full_change_precond"
2025-11-26 18:27:53.686695,15,"stress_label",20,32,0.125,0.564102564102564,0.519230769230769,NA,20,"top20","eeg_tleft_sampent_full_change_precond;gsr_skin_conductance_eda_tonic_mean_nk_full_change_precond;eeg_pright_sampent_full_change_precond;eeg_tleft_lalpha_mean_full_change_precond;eeg_tleft_halpha_mean_full_change_precond;eeg_c_theta_mean_full_change_precond;hrv_rmssd_full_change_precond;pupil_dilation_sd_full_change_precond;eeg_t_sampent_full_change_precond;eeg_fr_sampent_full_change_precond;eeg_tright_halpha_mean_full_change_precond;eeg_fl_hbeta_mean_full_change_precond;eeg_fm_sampent_full_change_precond;hr_heartrate_bpm_med_abs_full_change_precond;eeg_c_sampent_full_change_precond;eeg_fm_theta_mean_full_change_precond;eeg_c_specent_full_change_precond;eeg_ab_ratio_full_change_precond;eeg_pright_halpha_mean_full_change_precond;eeg_tleft_hbeta_mean_full_change_precond"
2025-11-26 18:27:54.82872,15,"stress_label",20,64,0.125,0.564102564102564,0.532051282051282,NA,20,"top20","eeg_tleft_sampent_full_change_precond;gsr_skin_conductance_eda_tonic_mean_nk_full_change_precond;eeg_pright_sampent_full_change_precond;eeg_tleft_lalpha_mean_full_change_precond;eeg_tleft_halpha_mean_full_change_precond;eeg_c_theta_mean_full_change_precond;hrv_rmssd_full_change_precond;pupil_dilation_sd_full_change_precond;eeg_t_sampent_full_change_precond;eeg_fr_sampent_full_change_precond;eeg_tright_halpha_mean_full_change_precond;eeg_fl_hbeta_mean_full_change_precond;eeg_fm_sampent_full_change_precond;hr_heartrate_bpm_med_abs_full_change_precond;eeg_c_sampent_full_change_precond;eeg_fm_theta_mean_full_change_precond;eeg_c_specent_full_change_precond;eeg_ab_ratio_full_change_precond;eeg_pright_halpha_mean_full_change_precond;eeg_tleft_hbeta_mean_full_change_precond"
2025-11-26 18:27:55.966995,15,"stress_label",20,128,0.125,0.564102564102564,0.493589743589744,NA,20,"top20","eeg_tleft_sampent_full_change_precond;gsr_skin_conductance_eda_tonic_mean_nk_full_change_precond;eeg_pright_sampent_full_change_precond;eeg_tleft_lalpha_mean_full_change_precond;eeg_tleft_halpha_mean_full_change_precond;eeg_c_theta_mean_full_change_precond;hrv_rmssd_full_change_precond;pupil_dilation_sd_full_change_precond;eeg_t_sampent_full_change_precond;eeg_fr_sampent_full_change_precond;eeg_tright_halpha_mean_full_change_precond;eeg_fl_hbeta_mean_full_change_precond;eeg_fm_sampent_full_change_precond;hr_heartrate_bpm_med_abs_full_change_precond;eeg_c_sampent_full_change_precond;eeg_fm_theta_mean_full_change_precond;eeg_c_specent_full_change_precond;eeg_ab_ratio_full_change_precond;eeg_pright_halpha_mean_full_change_precond;eeg_tleft_hbeta_mean_full_change_precond"
2025-11-26 18:27:57.080307,15,"stress_label",20,256,0.125,0.564102564102564,0.544871794871795,NA,20,"top20","eeg_tleft_sampent_full_change_precond;gsr_skin_conductance_eda_tonic_mean_nk_full_change_precond;eeg_pright_sampent_full_change_precond;eeg_tleft_lalpha_mean_full_change_precond;eeg_tleft_halpha_mean_full_change_precond;eeg_c_theta_mean_full_change_precond;hrv_rmssd_full_change_precond;pupil_dilation_sd_full_change_precond;eeg_t_sampent_full_change_precond;eeg_fr_sampent_full_change_precond;eeg_tright_halpha_mean_full_change_precond;eeg_fl_hbeta_mean_full_change_precond;eeg_fm_sampent_full_change_precond;hr_heartrate_bpm_med_abs_full_change_precond;eeg_c_sampent_full_change_precond;eeg_fm_theta_mean_full_change_precond;eeg_c_specent_full_change_precond;eeg_ab_ratio_full_change_precond;eeg_pright_halpha_mean_full_change_precond;eeg_tleft_hbeta_mean_full_change_precond"
2025-11-26 18:27:58.129618,15,"stress_label",20,2,0.03,0.564102564102564,0.628205128205128,NA,20,"top20","eeg_tleft_sampent_full_change_precond;gsr_skin_conductance_eda_tonic_mean_nk_full_change_precond;eeg_pright_sampent_full_change_precond;eeg_tleft_lalpha_mean_full_change_precond;eeg_tleft_halpha_mean_full_change_precond;eeg_c_theta_mean_full_change_precond;hrv_rmssd_full_change_precond;pupil_dilation_sd_full_change_precond;eeg_t_sampent_full_change_precond;eeg_fr_sampent_full_change_precond;eeg_tright_halpha_mean_full_change_precond;eeg_fl_hbeta_mean_full_change_precond;eeg_fm_sampent_full_change_precond;hr_heartrate_bpm_med_abs_full_change_precond;eeg_c_sampent_full_change_precond;eeg_fm_theta_mean_full_change_precond;eeg_c_specent_full_change_precond;eeg_ab_ratio_full_change_precond;eeg_pright_halpha_mean_full_change_precond;eeg_tleft_hbeta_mean_full_change_precond"
2025-11-26 18:27:59.211915,15,"stress_label",20,4,0.03,0.583333333333333,0.615384615384615,NA,20,"top20","eeg_tleft_sampent_full_change_precond;gsr_skin_conductance_eda_tonic_mean_nk_full_change_precond;eeg_pright_sampent_full_change_precond;eeg_tleft_lalpha_mean_full_change_precond;eeg_tleft_halpha_mean_full_change_precond;eeg_c_theta_mean_full_change_precond;hrv_rmssd_full_change_precond;pupil_dilation_sd_full_change_precond;eeg_t_sampent_full_change_precond;eeg_fr_sampent_full_change_precond;eeg_tright_halpha_mean_full_change_precond;eeg_fl_hbeta_mean_full_change_precond;eeg_fm_sampent_full_change_precond;hr_heartrate_bpm_med_abs_full_change_precond;eeg_c_sampent_full_change_precond;eeg_fm_theta_mean_full_change_precond;eeg_c_specent_full_change_precond;eeg_ab_ratio_full_change_precond;eeg_pright_halpha_mean_full_change_precond;eeg_tleft_hbeta_mean_full_change_precond"
2025-11-26 18:28:00.33533,15,"stress_label",20,8,0.03,0.551282051282051,0.525641025641026,NA,20,"top20","eeg_tleft_sampent_full_change_precond;gsr_skin_conductance_eda_tonic_mean_nk_full_change_precond;eeg_pright_sampent_full_change_precond;eeg_tleft_lalpha_mean_full_change_precond;eeg_tleft_halpha_mean_full_change_precond;eeg_c_theta_mean_full_change_precond;hrv_rmssd_full_change_precond;pupil_dilation_sd_full_change_precond;eeg_t_sampent_full_change_precond;eeg_fr_sampent_full_change_precond;eeg_tright_halpha_mean_full_change_precond;eeg_fl_hbeta_mean_full_change_precond;eeg_fm_sampent_full_change_precond;hr_heartrate_bpm_med_abs_full_change_precond;eeg_c_sampent_full_change_precond;eeg_fm_theta_mean_full_change_precond;eeg_c_specent_full_change_precond;eeg_ab_ratio_full_change_precond;eeg_pright_halpha_mean_full_change_precond;eeg_tleft_hbeta_mean_full_change_precond"
2025-11-26 18:28:01.530644,15,"stress_label",20,16,0.03,0.583333333333333,0.57051282051282,NA,20,"top20","eeg_tleft_sampent_full_change_precond;gsr_skin_conductance_eda_tonic_mean_nk_full_change_precond;eeg_pright_sampent_full_change_precond;eeg_tleft_lalpha_mean_full_change_precond;eeg_tleft_halpha_mean_full_change_precond;eeg_c_theta_mean_full_change_precond;hrv_rmssd_full_change_precond;pupil_dilation_sd_full_change_precond;eeg_t_sampent_full_change_precond;eeg_fr_sampent_full_change_precond;eeg_tright_halpha_mean_full_change_precond;eeg_fl_hbeta_mean_full_change_precond;eeg_fm_sampent_full_change_precond;hr_heartrate_bpm_med_abs_full_change_precond;eeg_c_sampent_full_change_precond;eeg_fm_theta_mean_full_change_precond;eeg_c_specent_full_change_precond;eeg_ab_ratio_full_change_precond;eeg_pright_halpha_mean_full_change_precond;eeg_tleft_hbeta_mean_full_change_precond"
2025-11-26 18:28:02.714695,15,"stress_label",20,32,0.03,0.57051282051282,0.58974358974359,NA,20,"top20","eeg_tleft_sampent_full_change_precond;gsr_skin_conductance_eda_tonic_mean_nk_full_change_precond;eeg_pright_sampent_full_change_precond;eeg_tleft_lalpha_mean_full_change_precond;eeg_tleft_halpha_mean_full_change_precond;eeg_c_theta_mean_full_change_precond;hrv_rmssd_full_change_precond;pupil_dilation_sd_full_change_precond;eeg_t_sampent_full_change_precond;eeg_fr_sampent_full_change_precond;eeg_tright_halpha_mean_full_change_precond;eeg_fl_hbeta_mean_full_change_precond;eeg_fm_sampent_full_change_precond;hr_heartrate_bpm_med_abs_full_change_precond;eeg_c_sampent_full_change_precond;eeg_fm_theta_mean_full_change_precond;eeg_c_specent_full_change_precond;eeg_ab_ratio_full_change_precond;eeg_pright_halpha_mean_full_change_precond;eeg_tleft_hbeta_mean_full_change_precond"
2025-11-26 18:28:03.962249,15,"stress_label",20,64,0.03,0.57051282051282,0.596153846153846,NA,20,"top20","eeg_tleft_sampent_full_change_precond;gsr_skin_conductance_eda_tonic_mean_nk_full_change_precond;eeg_pright_sampent_full_change_precond;eeg_tleft_lalpha_mean_full_change_precond;eeg_tleft_halpha_mean_full_change_precond;eeg_c_theta_mean_full_change_precond;hrv_rmssd_full_change_precond;pupil_dilation_sd_full_change_precond;eeg_t_sampent_full_change_precond;eeg_fr_sampent_full_change_precond;eeg_tright_halpha_mean_full_change_precond;eeg_fl_hbeta_mean_full_change_precond;eeg_fm_sampent_full_change_precond;hr_heartrate_bpm_med_abs_full_change_precond;eeg_c_sampent_full_change_precond;eeg_fm_theta_mean_full_change_precond;eeg_c_specent_full_change_precond;eeg_ab_ratio_full_change_precond;eeg_pright_halpha_mean_full_change_precond;eeg_tleft_hbeta_mean_full_change_precond"
2025-11-26 18:28:05.057913,15,"stress_label",20,128,0.03,0.596153846153846,0.557692307692308,NA,20,"top20","eeg_tleft_sampent_full_change_precond;gsr_skin_conductance_eda_tonic_mean_nk_full_change_precond;eeg_pright_sampent_full_change_precond;eeg_tleft_lalpha_mean_full_change_precond;eeg_tleft_halpha_mean_full_change_precond;eeg_c_theta_mean_full_change_precond;hrv_rmssd_full_change_precond;pupil_dilation_sd_full_change_precond;eeg_t_sampent_full_change_precond;eeg_fr_sampent_full_change_precond;eeg_tright_halpha_mean_full_change_precond;eeg_fl_hbeta_mean_full_change_precond;eeg_fm_sampent_full_change_precond;hr_heartrate_bpm_med_abs_full_change_precond;eeg_c_sampent_full_change_precond;eeg_fm_theta_mean_full_change_precond;eeg_c_specent_full_change_precond;eeg_ab_ratio_full_change_precond;eeg_pright_halpha_mean_full_change_precond;eeg_tleft_hbeta_mean_full_change_precond"
2025-11-26 18:28:06.298456,15,"stress_label",20,256,0.03,0.596153846153846,0.596153846153846,NA,20,"top20","eeg_tleft_sampent_full_change_precond;gsr_skin_conductance_eda_tonic_mean_nk_full_change_precond;eeg_pright_sampent_full_change_precond;eeg_tleft_lalpha_mean_full_change_precond;eeg_tleft_halpha_mean_full_change_precond;eeg_c_theta_mean_full_change_precond;hrv_rmssd_full_change_precond;pupil_dilation_sd_full_change_precond;eeg_t_sampent_full_change_precond;eeg_fr_sampent_full_change_precond;eeg_tright_halpha_mean_full_change_precond;eeg_fl_hbeta_mean_full_change_precond;eeg_fm_sampent_full_change_precond;hr_heartrate_bpm_med_abs_full_change_precond;eeg_c_sampent_full_change_precond;eeg_fm_theta_mean_full_change_precond;eeg_c_specent_full_change_precond;eeg_ab_ratio_full_change_precond;eeg_pright_halpha_mean_full_change_precond;eeg_tleft_hbeta_mean_full_change_precond"
2025-11-26 18:28:07.371479,15,"stress_label",20,2,0.06,0.576923076923077,0.576923076923077,NA,20,"top20","eeg_tleft_sampent_full_change_precond;gsr_skin_conductance_eda_tonic_mean_nk_full_change_precond;eeg_pright_sampent_full_change_precond;eeg_tleft_lalpha_mean_full_change_precond;eeg_tleft_halpha_mean_full_change_precond;eeg_c_theta_mean_full_change_precond;hrv_rmssd_full_change_precond;pupil_dilation_sd_full_change_precond;eeg_t_sampent_full_change_precond;eeg_fr_sampent_full_change_precond;eeg_tright_halpha_mean_full_change_precond;eeg_fl_hbeta_mean_full_change_precond;eeg_fm_sampent_full_change_precond;hr_heartrate_bpm_med_abs_full_change_precond;eeg_c_sampent_full_change_precond;eeg_fm_theta_mean_full_change_precond;eeg_c_specent_full_change_precond;eeg_ab_ratio_full_change_precond;eeg_pright_halpha_mean_full_change_precond;eeg_tleft_hbeta_mean_full_change_precond"
2025-11-26 18:28:08.491468,15,"stress_label",20,4,0.06,0.564102564102564,0.58974358974359,0.542735042735043,20,"top20","eeg_tleft_sampent_full_change_precond;gsr_skin_conductance_eda_tonic_mean_nk_full_change_precond;eeg_pright_sampent_full_change_precond;eeg_tleft_lalpha_mean_full_change_precond;eeg_tleft_halpha_mean_full_change_precond;eeg_c_theta_mean_full_change_precond;hrv_rmssd_full_change_precond;pupil_dilation_sd_full_change_precond;eeg_t_sampent_full_change_precond;eeg_fr_sampent_full_change_precond;eeg_tright_halpha_mean_full_change_precond;eeg_fl_hbeta_mean_full_change_precond;eeg_fm_sampent_full_change_precond;hr_heartrate_bpm_med_abs_full_change_precond;eeg_c_sampent_full_change_precond;eeg_fm_theta_mean_full_change_precond;eeg_c_specent_full_change_precond;eeg_ab_ratio_full_change_precond;eeg_pright_halpha_mean_full_change_precond;eeg_tleft_hbeta_mean_full_change_precond"
2025-11-26 18:28:09.658655,15,"stress_label",20,8,0.06,0.608974358974359,0.564102564102564,NA,20,"top20","eeg_tleft_sampent_full_change_precond;gsr_skin_conductance_eda_tonic_mean_nk_full_change_precond;eeg_pright_sampent_full_change_precond;eeg_tleft_lalpha_mean_full_change_precond;eeg_tleft_halpha_mean_full_change_precond;eeg_c_theta_mean_full_change_precond;hrv_rmssd_full_change_precond;pupil_dilation_sd_full_change_precond;eeg_t_sampent_full_change_precond;eeg_fr_sampent_full_change_precond;eeg_tright_halpha_mean_full_change_precond;eeg_fl_hbeta_mean_full_change_precond;eeg_fm_sampent_full_change_precond;hr_heartrate_bpm_med_abs_full_change_precond;eeg_c_sampent_full_change_precond;eeg_fm_theta_mean_full_change_precond;eeg_c_specent_full_change_precond;eeg_ab_ratio_full_change_precond;eeg_pright_halpha_mean_full_change_precond;eeg_tleft_hbeta_mean_full_change_precond"
2025-11-26 18:28:10.677345,15,"stress_label",20,16,0.06,0.557692307692308,0.596153846153846,NA,20,"top20","eeg_tleft_sampent_full_change_precond;gsr_skin_conductance_eda_tonic_mean_nk_full_change_precond;eeg_pright_sampent_full_change_precond;eeg_tleft_lalpha_mean_full_change_precond;eeg_tleft_halpha_mean_full_change_precond;eeg_c_theta_mean_full_change_precond;hrv_rmssd_full_change_precond;pupil_dilation_sd_full_change_precond;eeg_t_sampent_full_change_precond;eeg_fr_sampent_full_change_precond;eeg_tright_halpha_mean_full_change_precond;eeg_fl_hbeta_mean_full_change_precond;eeg_fm_sampent_full_change_precond;hr_heartrate_bpm_med_abs_full_change_precond;eeg_c_sampent_full_change_precond;eeg_fm_theta_mean_full_change_precond;eeg_c_specent_full_change_precond;eeg_ab_ratio_full_change_precond;eeg_pright_halpha_mean_full_change_precond;eeg_tleft_hbeta_mean_full_change_precond"
2025-11-26 18:28:12.025376,15,"stress_label",20,32,0.06,0.557692307692308,0.583333333333333,NA,20,"top20","eeg_tleft_sampent_full_change_precond;gsr_skin_conductance_eda_tonic_mean_nk_full_change_precond;eeg_pright_sampent_full_change_precond;eeg_tleft_lalpha_mean_full_change_precond;eeg_tleft_halpha_mean_full_change_precond;eeg_c_theta_mean_full_change_precond;hrv_rmssd_full_change_precond;pupil_dilation_sd_full_change_precond;eeg_t_sampent_full_change_precond;eeg_fr_sampent_full_change_precond;eeg_tright_halpha_mean_full_change_precond;eeg_fl_hbeta_mean_full_change_precond;eeg_fm_sampent_full_change_precond;hr_heartrate_bpm_med_abs_full_change_precond;eeg_c_sampent_full_change_precond;eeg_fm_theta_mean_full_change_precond;eeg_c_specent_full_change_precond;eeg_ab_ratio_full_change_precond;eeg_pright_halpha_mean_full_change_precond;eeg_tleft_hbeta_mean_full_change_precond"
2025-11-26 18:28:13.192257,15,"stress_label",20,64,0.06,0.557692307692308,0.583333333333333,NA,20,"top20","eeg_tleft_sampent_full_change_precond;gsr_skin_conductance_eda_tonic_mean_nk_full_change_precond;eeg_pright_sampent_full_change_precond;eeg_tleft_lalpha_mean_full_change_precond;eeg_tleft_halpha_mean_full_change_precond;eeg_c_theta_mean_full_change_precond;hrv_rmssd_full_change_precond;pupil_dilation_sd_full_change_precond;eeg_t_sampent_full_change_precond;eeg_fr_sampent_full_change_precond;eeg_tright_halpha_mean_full_change_precond;eeg_fl_hbeta_mean_full_change_precond;eeg_fm_sampent_full_change_precond;hr_heartrate_bpm_med_abs_full_change_precond;eeg_c_sampent_full_change_precond;eeg_fm_theta_mean_full_change_precond;eeg_c_specent_full_change_precond;eeg_ab_ratio_full_change_precond;eeg_pright_halpha_mean_full_change_precond;eeg_tleft_hbeta_mean_full_change_precond"
2025-11-26 18:28:14.344992,15,"stress_label",20,128,0.06,0.557692307692308,0.557692307692308,NA,20,"top20","eeg_tleft_sampent_full_change_precond;gsr_skin_conductance_eda_tonic_mean_nk_full_change_precond;eeg_pright_sampent_full_change_precond;eeg_tleft_lalpha_mean_full_change_precond;eeg_tleft_halpha_mean_full_change_precond;eeg_c_theta_mean_full_change_precond;hrv_rmssd_full_change_precond;pupil_dilation_sd_full_change_precond;eeg_t_sampent_full_change_precond;eeg_fr_sampent_full_change_precond;eeg_tright_halpha_mean_full_change_precond;eeg_fl_hbeta_mean_full_change_precond;eeg_fm_sampent_full_change_precond;hr_heartrate_bpm_med_abs_full_change_precond;eeg_c_sampent_full_change_precond;eeg_fm_theta_mean_full_change_precond;eeg_c_specent_full_change_precond;eeg_ab_ratio_full_change_precond;eeg_pright_halpha_mean_full_change_precond;eeg_tleft_hbeta_mean_full_change_precond"
2025-11-26 18:28:15.505627,15,"stress_label",20,256,0.06,0.557692307692308,0.532051282051282,NA,20,"top20","eeg_tleft_sampent_full_change_precond;gsr_skin_conductance_eda_tonic_mean_nk_full_change_precond;eeg_pright_sampent_full_change_precond;eeg_tleft_lalpha_mean_full_change_precond;eeg_tleft_halpha_mean_full_change_precond;eeg_c_theta_mean_full_change_precond;hrv_rmssd_full_change_precond;pupil_dilation_sd_full_change_precond;eeg_t_sampent_full_change_precond;eeg_fr_sampent_full_change_precond;eeg_tright_halpha_mean_full_change_precond;eeg_fl_hbeta_mean_full_change_precond;eeg_fm_sampent_full_change_precond;hr_heartrate_bpm_med_abs_full_change_precond;eeg_c_sampent_full_change_precond;eeg_fm_theta_mean_full_change_precond;eeg_c_specent_full_change_precond;eeg_ab_ratio_full_change_precond;eeg_pright_halpha_mean_full_change_precond;eeg_tleft_hbeta_mean_full_change_precond"
2025-11-26 18:28:16.635854,15,"stress_label",20,2,0.1,0.576923076923077,0.596153846153846,NA,20,"top20","eeg_tleft_sampent_full_change_precond;gsr_skin_conductance_eda_tonic_mean_nk_full_change_precond;eeg_pright_sampent_full_change_precond;eeg_tleft_lalpha_mean_full_change_precond;eeg_tleft_halpha_mean_full_change_precond;eeg_c_theta_mean_full_change_precond;hrv_rmssd_full_change_precond;pupil_dilation_sd_full_change_precond;eeg_t_sampent_full_change_precond;eeg_fr_sampent_full_change_precond;eeg_tright_halpha_mean_full_change_precond;eeg_fl_hbeta_mean_full_change_precond;eeg_fm_sampent_full_change_precond;hr_heartrate_bpm_med_abs_full_change_precond;eeg_c_sampent_full_change_precond;eeg_fm_theta_mean_full_change_precond;eeg_c_specent_full_change_precond;eeg_ab_ratio_full_change_precond;eeg_pright_halpha_mean_full_change_precond;eeg_tleft_hbeta_mean_full_change_precond"
2025-11-26 18:28:17.704279,15,"stress_label",20,4,0.1,0.58974358974359,0.58974358974359,NA,20,"top20","eeg_tleft_sampent_full_change_precond;gsr_skin_conductance_eda_tonic_mean_nk_full_change_precond;eeg_pright_sampent_full_change_precond;eeg_tleft_lalpha_mean_full_change_precond;eeg_tleft_halpha_mean_full_change_precond;eeg_c_theta_mean_full_change_precond;hrv_rmssd_full_change_precond;pupil_dilation_sd_full_change_precond;eeg_t_sampent_full_change_precond;eeg_fr_sampent_full_change_precond;eeg_tright_halpha_mean_full_change_precond;eeg_fl_hbeta_mean_full_change_precond;eeg_fm_sampent_full_change_precond;hr_heartrate_bpm_med_abs_full_change_precond;eeg_c_sampent_full_change_precond;eeg_fm_theta_mean_full_change_precond;eeg_c_specent_full_change_precond;eeg_ab_ratio_full_change_precond;eeg_pright_halpha_mean_full_change_precond;eeg_tleft_hbeta_mean_full_change_precond"
2025-11-26 18:28:18.806982,15,"stress_label",20,8,0.1,0.551282051282051,0.576923076923077,NA,20,"top20","eeg_tleft_sampent_full_change_precond;gsr_skin_conductance_eda_tonic_mean_nk_full_change_precond;eeg_pright_sampent_full_change_precond;eeg_tleft_lalpha_mean_full_change_precond;eeg_tleft_halpha_mean_full_change_precond;eeg_c_theta_mean_full_change_precond;hrv_rmssd_full_change_precond;pupil_dilation_sd_full_change_precond;eeg_t_sampent_full_change_precond;eeg_fr_sampent_full_change_precond;eeg_tright_halpha_mean_full_change_precond;eeg_fl_hbeta_mean_full_change_precond;eeg_fm_sampent_full_change_precond;hr_heartrate_bpm_med_abs_full_change_precond;eeg_c_sampent_full_change_precond;eeg_fm_theta_mean_full_change_precond;eeg_c_specent_full_change_precond;eeg_ab_ratio_full_change_precond;eeg_pright_halpha_mean_full_change_precond;eeg_tleft_hbeta_mean_full_change_precond"
2025-11-26 18:28:19.836121,15,"stress_label",20,16,0.1,0.551282051282051,0.583333333333333,NA,20,"top20","eeg_tleft_sampent_full_change_precond;gsr_skin_conductance_eda_tonic_mean_nk_full_change_precond;eeg_pright_sampent_full_change_precond;eeg_tleft_lalpha_mean_full_change_precond;eeg_tleft_halpha_mean_full_change_precond;eeg_c_theta_mean_full_change_precond;hrv_rmssd_full_change_precond;pupil_dilation_sd_full_change_precond;eeg_t_sampent_full_change_precond;eeg_fr_sampent_full_change_precond;eeg_tright_halpha_mean_full_change_precond;eeg_fl_hbeta_mean_full_change_precond;eeg_fm_sampent_full_change_precond;hr_heartrate_bpm_med_abs_full_change_precond;eeg_c_sampent_full_change_precond;eeg_fm_theta_mean_full_change_precond;eeg_c_specent_full_change_precond;eeg_ab_ratio_full_change_precond;eeg_pright_halpha_mean_full_change_precond;eeg_tleft_hbeta_mean_full_change_precond"
2025-11-26 18:28:20.963576,15,"stress_label",20,32,0.1,0.551282051282051,0.583333333333333,NA,20,"top20","eeg_tleft_sampent_full_change_precond;gsr_skin_conductance_eda_tonic_mean_nk_full_change_precond;eeg_pright_sampent_full_change_precond;eeg_tleft_lalpha_mean_full_change_precond;eeg_tleft_halpha_mean_full_change_precond;eeg_c_theta_mean_full_change_precond;hrv_rmssd_full_change_precond;pupil_dilation_sd_full_change_precond;eeg_t_sampent_full_change_precond;eeg_fr_sampent_full_change_precond;eeg_tright_halpha_mean_full_change_precond;eeg_fl_hbeta_mean_full_change_precond;eeg_fm_sampent_full_change_precond;hr_heartrate_bpm_med_abs_full_change_precond;eeg_c_sampent_full_change_precond;eeg_fm_theta_mean_full_change_precond;eeg_c_specent_full_change_precond;eeg_ab_ratio_full_change_precond;eeg_pright_halpha_mean_full_change_precond;eeg_tleft_hbeta_mean_full_change_precond"
2025-11-26 18:28:22.091847,15,"stress_label",20,64,0.1,0.551282051282051,0.583333333333333,NA,20,"top20","eeg_tleft_sampent_full_change_precond;gsr_skin_conductance_eda_tonic_mean_nk_full_change_precond;eeg_pright_sampent_full_change_precond;eeg_tleft_lalpha_mean_full_change_precond;eeg_tleft_halpha_mean_full_change_precond;eeg_c_theta_mean_full_change_precond;hrv_rmssd_full_change_precond;pupil_dilation_sd_full_change_precond;eeg_t_sampent_full_change_precond;eeg_fr_sampent_full_change_precond;eeg_tright_halpha_mean_full_change_precond;eeg_fl_hbeta_mean_full_change_precond;eeg_fm_sampent_full_change_precond;hr_heartrate_bpm_med_abs_full_change_precond;eeg_c_sampent_full_change_precond;eeg_fm_theta_mean_full_change_precond;eeg_c_specent_full_change_precond;eeg_ab_ratio_full_change_precond;eeg_pright_halpha_mean_full_change_precond;eeg_tleft_hbeta_mean_full_change_precond"
2025-11-26 18:28:23.06771,15,"stress_label",20,128,0.1,0.551282051282051,0.557692307692308,NA,20,"top20","eeg_tleft_sampent_full_change_precond;gsr_skin_conductance_eda_tonic_mean_nk_full_change_precond;eeg_pright_sampent_full_change_precond;eeg_tleft_lalpha_mean_full_change_precond;eeg_tleft_halpha_mean_full_change_precond;eeg_c_theta_mean_full_change_precond;hrv_rmssd_full_change_precond;pupil_dilation_sd_full_change_precond;eeg_t_sampent_full_change_precond;eeg_fr_sampent_full_change_precond;eeg_tright_halpha_mean_full_change_precond;eeg_fl_hbeta_mean_full_change_precond;eeg_fm_sampent_full_change_precond;hr_heartrate_bpm_med_abs_full_change_precond;eeg_c_sampent_full_change_precond;eeg_fm_theta_mean_full_change_precond;eeg_c_specent_full_change_precond;eeg_ab_ratio_full_change_precond;eeg_pright_halpha_mean_full_change_precond;eeg_tleft_hbeta_mean_full_change_precond"
2025-11-26 18:28:24.189961,15,"stress_label",20,256,0.1,0.551282051282051,0.557692307692308,NA,20,"top20","eeg_tleft_sampent_full_change_precond;gsr_skin_conductance_eda_tonic_mean_nk_full_change_precond;eeg_pright_sampent_full_change_precond;eeg_tleft_lalpha_mean_full_change_precond;eeg_tleft_halpha_mean_full_change_precond;eeg_c_theta_mean_full_change_precond;hrv_rmssd_full_change_precond;pupil_dilation_sd_full_change_precond;eeg_t_sampent_full_change_precond;eeg_fr_sampent_full_change_precond;eeg_tright_halpha_mean_full_change_precond;eeg_fl_hbeta_mean_full_change_precond;eeg_fm_sampent_full_change_precond;hr_heartrate_bpm_med_abs_full_change_precond;eeg_c_sampent_full_change_precond;eeg_fm_theta_mean_full_change_precond;eeg_c_specent_full_change_precond;eeg_ab_ratio_full_change_precond;eeg_pright_halpha_mean_full_change_precond;eeg_tleft_hbeta_mean_full_change_precond"
2025-11-26 18:28:25.112476,15,"stress_label",10,2,0.0078125,0.576923076923077,0.647435897435897,0.538461538461538,10,"top10","eeg_tleft_sampent_full_change_precond;gsr_skin_conductance_eda_tonic_mean_nk_full_change_precond;eeg_pright_sampent_full_change_precond;eeg_tleft_lalpha_mean_full_change_precond;eeg_tleft_halpha_mean_full_change_precond;eeg_c_theta_mean_full_change_precond;hrv_rmssd_full_change_precond;pupil_dilation_sd_full_change_precond;eeg_t_sampent_full_change_precond;eeg_fr_sampent_full_change_precond"
2025-11-26 18:28:25.975939,15,"stress_label",10,4,0.0078125,0.564102564102564,0.621794871794872,0.535042735042735,10,"top10","eeg_tleft_sampent_full_change_precond;gsr_skin_conductance_eda_tonic_mean_nk_full_change_precond;eeg_pright_sampent_full_change_precond;eeg_tleft_lalpha_mean_full_change_precond;eeg_tleft_halpha_mean_full_change_precond;eeg_c_theta_mean_full_change_precond;hrv_rmssd_full_change_precond;pupil_dilation_sd_full_change_precond;eeg_t_sampent_full_change_precond;eeg_fr_sampent_full_change_precond"
2025-11-26 18:28:26.825931,15,"stress_label",10,8,0.0078125,0.576923076923077,0.653846153846154,0.54017094017094,10,"top10","eeg_tleft_sampent_full_change_precond;gsr_skin_conductance_eda_tonic_mean_nk_full_change_precond;eeg_pright_sampent_full_change_precond;eeg_tleft_lalpha_mean_full_change_precond;eeg_tleft_halpha_mean_full_change_precond;eeg_c_theta_mean_full_change_precond;hrv_rmssd_full_change_precond;pupil_dilation_sd_full_change_precond;eeg_t_sampent_full_change_precond;eeg_fr_sampent_full_change_precond"
2025-11-26 18:28:27.504182,15,"stress_label",10,16,0.0078125,0.551282051282051,0.641025641025641,0.522222222222222,10,"top10","eeg_tleft_sampent_full_change_precond;gsr_skin_conductance_eda_tonic_mean_nk_full_change_precond;eeg_pright_sampent_full_change_precond;eeg_tleft_lalpha_mean_full_change_precond;eeg_tleft_halpha_mean_full_change_precond;eeg_c_theta_mean_full_change_precond;hrv_rmssd_full_change_precond;pupil_dilation_sd_full_change_precond;eeg_t_sampent_full_change_precond;eeg_fr_sampent_full_change_precond"
2025-11-26 18:28:28.281506,15,"stress_label",10,32,0.0078125,0.557692307692308,0.615384615384615,0.52991452991453,10,"top10","eeg_tleft_sampent_full_change_precond;gsr_skin_conductance_eda_tonic_mean_nk_full_change_precond;eeg_pright_sampent_full_change_precond;eeg_tleft_lalpha_mean_full_change_precond;eeg_tleft_halpha_mean_full_change_precond;eeg_c_theta_mean_full_change_precond;hrv_rmssd_full_change_precond;pupil_dilation_sd_full_change_precond;eeg_t_sampent_full_change_precond;eeg_fr_sampent_full_change_precond"
2025-11-26 18:28:29.177585,15,"stress_label",10,64,0.0078125,0.564102564102564,0.621794871794872,0.542735042735043,10,"top10","eeg_tleft_sampent_full_change_precond;gsr_skin_conductance_eda_tonic_mean_nk_full_change_precond;eeg_pright_sampent_full_change_precond;eeg_tleft_lalpha_mean_full_change_precond;eeg_tleft_halpha_mean_full_change_precond;eeg_c_theta_mean_full_change_precond;hrv_rmssd_full_change_precond;pupil_dilation_sd_full_change_precond;eeg_t_sampent_full_change_precond;eeg_fr_sampent_full_change_precond"
2025-11-26 18:28:30.080496,15,"stress_label",10,128,0.0078125,0.576923076923077,0.641025641025641,0.560683760683761,10,"top10","eeg_tleft_sampent_full_change_precond;gsr_skin_conductance_eda_tonic_mean_nk_full_change_precond;eeg_pright_sampent_full_change_precond;eeg_tleft_lalpha_mean_full_change_precond;eeg_tleft_halpha_mean_full_change_precond;eeg_c_theta_mean_full_change_precond;hrv_rmssd_full_change_precond;pupil_dilation_sd_full_change_precond;eeg_t_sampent_full_change_precond;eeg_fr_sampent_full_change_precond"
2025-11-26 18:28:31.145776,15,"stress_label",10,256,0.0078125,0.583333333333333,0.608974358974359,0.558974358974359,10,"top10","eeg_tleft_sampent_full_change_precond;gsr_skin_conductance_eda_tonic_mean_nk_full_change_precond;eeg_pright_sampent_full_change_precond;eeg_tleft_lalpha_mean_full_change_precond;eeg_tleft_halpha_mean_full_change_precond;eeg_c_theta_mean_full_change_precond;hrv_rmssd_full_change_precond;pupil_dilation_sd_full_change_precond;eeg_t_sampent_full_change_precond;eeg_fr_sampent_full_change_precond"
2025-11-26 18:28:31.989202,15,"stress_label",10,2,0.015625,0.564102564102564,0.641025641025641,0.531623931623932,10,"top10","eeg_tleft_sampent_full_change_precond;gsr_skin_conductance_eda_tonic_mean_nk_full_change_precond;eeg_pright_sampent_full_change_precond;eeg_tleft_lalpha_mean_full_change_precond;eeg_tleft_halpha_mean_full_change_precond;eeg_c_theta_mean_full_change_precond;hrv_rmssd_full_change_precond;pupil_dilation_sd_full_change_precond;eeg_t_sampent_full_change_precond;eeg_fr_sampent_full_change_precond"
2025-11-26 18:28:32.654881,15,"stress_label",10,4,0.015625,0.57051282051282,0.653846153846154,0.537606837606838,10,"top10","eeg_tleft_sampent_full_change_precond;gsr_skin_conductance_eda_tonic_mean_nk_full_change_precond;eeg_pright_sampent_full_change_precond;eeg_tleft_lalpha_mean_full_change_precond;eeg_tleft_halpha_mean_full_change_precond;eeg_c_theta_mean_full_change_precond;hrv_rmssd_full_change_precond;pupil_dilation_sd_full_change_precond;eeg_t_sampent_full_change_precond;eeg_fr_sampent_full_change_precond"
2025-11-26 18:28:33.502054,15,"stress_label",10,8,0.015625,0.57051282051282,0.634615384615385,0.524786324786325,10,"top10","eeg_tleft_sampent_full_change_precond;gsr_skin_conductance_eda_tonic_mean_nk_full_change_precond;eeg_pright_sampent_full_change_precond;eeg_tleft_lalpha_mean_full_change_precond;eeg_tleft_halpha_mean_full_change_precond;eeg_c_theta_mean_full_change_precond;hrv_rmssd_full_change_precond;pupil_dilation_sd_full_change_precond;eeg_t_sampent_full_change_precond;eeg_fr_sampent_full_change_precond"
2025-11-26 18:28:34.384901,15,"stress_label",10,16,0.015625,0.544871794871795,0.615384615384615,0.51965811965812,10,"top10","eeg_tleft_sampent_full_change_precond;gsr_skin_conductance_eda_tonic_mean_nk_full_change_precond;eeg_pright_sampent_full_change_precond;eeg_tleft_lalpha_mean_full_change_precond;eeg_tleft_halpha_mean_full_change_precond;eeg_c_theta_mean_full_change_precond;hrv_rmssd_full_change_precond;pupil_dilation_sd_full_change_precond;eeg_t_sampent_full_change_precond;eeg_fr_sampent_full_change_precond"
2025-11-26 18:28:35.262427,15,"stress_label",10,32,0.015625,0.576923076923077,0.647435897435897,0.560683760683761,10,"top10","eeg_tleft_sampent_full_change_precond;gsr_skin_conductance_eda_tonic_mean_nk_full_change_precond;eeg_pright_sampent_full_change_precond;eeg_tleft_lalpha_mean_full_change_precond;eeg_tleft_halpha_mean_full_change_precond;eeg_c_theta_mean_full_change_precond;hrv_rmssd_full_change_precond;pupil_dilation_sd_full_change_precond;eeg_t_sampent_full_change_precond;eeg_fr_sampent_full_change_precond"
2025-11-26 18:28:36.217555,15,"stress_label",10,64,0.015625,0.583333333333333,0.647435897435897,0.560683760683761,10,"top10","eeg_tleft_sampent_full_change_precond;gsr_skin_conductance_eda_tonic_mean_nk_full_change_precond;eeg_pright_sampent_full_change_precond;eeg_tleft_lalpha_mean_full_change_precond;eeg_tleft_halpha_mean_full_change_precond;eeg_c_theta_mean_full_change_precond;hrv_rmssd_full_change_precond;pupil_dilation_sd_full_change_precond;eeg_t_sampent_full_change_precond;eeg_fr_sampent_full_change_precond"
2025-11-26 18:28:36.968106,15,"stress_label",10,128,0.015625,0.564102564102564,0.602564102564103,NA,10,"top10","eeg_tleft_sampent_full_change_precond;gsr_skin_conductance_eda_tonic_mean_nk_full_change_precond;eeg_pright_sampent_full_change_precond;eeg_tleft_lalpha_mean_full_change_precond;eeg_tleft_halpha_mean_full_change_precond;eeg_c_theta_mean_full_change_precond;hrv_rmssd_full_change_precond;pupil_dilation_sd_full_change_precond;eeg_t_sampent_full_change_precond;eeg_fr_sampent_full_change_precond"
2025-11-26 18:28:38.284715,15,"stress_label",10,256,0.015625,0.58974358974359,0.621794871794872,NA,10,"top10","eeg_tleft_sampent_full_change_precond;gsr_skin_conductance_eda_tonic_mean_nk_full_change_precond;eeg_pright_sampent_full_change_precond;eeg_tleft_lalpha_mean_full_change_precond;eeg_tleft_halpha_mean_full_change_precond;eeg_c_theta_mean_full_change_precond;hrv_rmssd_full_change_precond;pupil_dilation_sd_full_change_precond;eeg_t_sampent_full_change_precond;eeg_fr_sampent_full_change_precond"
2025-11-26 18:28:39.068963,15,"stress_label",10,2,0.03125,0.564102564102564,0.647435897435897,0.520512820512821,10,"top10","eeg_tleft_sampent_full_change_precond;gsr_skin_conductance_eda_tonic_mean_nk_full_change_precond;eeg_pright_sampent_full_change_precond;eeg_tleft_lalpha_mean_full_change_precond;eeg_tleft_halpha_mean_full_change_precond;eeg_c_theta_mean_full_change_precond;hrv_rmssd_full_change_precond;pupil_dilation_sd_full_change_precond;eeg_t_sampent_full_change_precond;eeg_fr_sampent_full_change_precond"
2025-11-26 18:28:39.902406,15,"stress_label",10,4,0.03125,0.557692307692308,0.621794871794872,0.51965811965812,10,"top10","eeg_tleft_sampent_full_change_precond;gsr_skin_conductance_eda_tonic_mean_nk_full_change_precond;eeg_pright_sampent_full_change_precond;eeg_tleft_lalpha_mean_full_change_precond;eeg_tleft_halpha_mean_full_change_precond;eeg_c_theta_mean_full_change_precond;hrv_rmssd_full_change_precond;pupil_dilation_sd_full_change_precond;eeg_t_sampent_full_change_precond;eeg_fr_sampent_full_change_precond"
2025-11-26 18:28:40.760065,15,"stress_label",10,8,0.03125,0.583333333333333,0.647435897435897,0.561538461538462,10,"top10","eeg_tleft_sampent_full_change_precond;gsr_skin_conductance_eda_tonic_mean_nk_full_change_precond;eeg_pright_sampent_full_change_precond;eeg_tleft_lalpha_mean_full_change_precond;eeg_tleft_halpha_mean_full_change_precond;eeg_c_theta_mean_full_change_precond;hrv_rmssd_full_change_precond;pupil_dilation_sd_full_change_precond;eeg_t_sampent_full_change_precond;eeg_fr_sampent_full_change_precond"
2025-11-26 18:28:41.553127,15,"stress_label",10,16,0.03125,0.602564102564103,0.647435897435897,0.572649572649573,10,"top10","eeg_tleft_sampent_full_change_precond;gsr_skin_conductance_eda_tonic_mean_nk_full_change_precond;eeg_pright_sampent_full_change_precond;eeg_tleft_lalpha_mean_full_change_precond;eeg_tleft_halpha_mean_full_change_precond;eeg_c_theta_mean_full_change_precond;hrv_rmssd_full_change_precond;pupil_dilation_sd_full_change_precond;eeg_t_sampent_full_change_precond;eeg_fr_sampent_full_change_precond"
2025-11-26 18:28:42.50299,15,"stress_label",10,32,0.03125,0.58974358974359,0.615384615384615,NA,10,"top10","eeg_tleft_sampent_full_change_precond;gsr_skin_conductance_eda_tonic_mean_nk_full_change_precond;eeg_pright_sampent_full_change_precond;eeg_tleft_lalpha_mean_full_change_precond;eeg_tleft_halpha_mean_full_change_precond;eeg_c_theta_mean_full_change_precond;hrv_rmssd_full_change_precond;pupil_dilation_sd_full_change_precond;eeg_t_sampent_full_change_precond;eeg_fr_sampent_full_change_precond"
2025-11-26 18:28:43.573561,15,"stress_label",10,64,0.03125,0.576923076923077,0.596153846153846,NA,10,"top10","eeg_tleft_sampent_full_change_precond;gsr_skin_conductance_eda_tonic_mean_nk_full_change_precond;eeg_pright_sampent_full_change_precond;eeg_tleft_lalpha_mean_full_change_precond;eeg_tleft_halpha_mean_full_change_precond;eeg_c_theta_mean_full_change_precond;hrv_rmssd_full_change_precond;pupil_dilation_sd_full_change_precond;eeg_t_sampent_full_change_precond;eeg_fr_sampent_full_change_precond"
2025-11-26 18:28:44.742391,15,"stress_label",10,128,0.03125,0.557692307692308,0.615384615384615,NA,10,"top10","eeg_tleft_sampent_full_change_precond;gsr_skin_conductance_eda_tonic_mean_nk_full_change_precond;eeg_pright_sampent_full_change_precond;eeg_tleft_lalpha_mean_full_change_precond;eeg_tleft_halpha_mean_full_change_precond;eeg_c_theta_mean_full_change_precond;hrv_rmssd_full_change_precond;pupil_dilation_sd_full_change_precond;eeg_t_sampent_full_change_precond;eeg_fr_sampent_full_change_precond"
2025-11-26 18:28:46.157757,15,"stress_label",10,256,0.03125,0.583333333333333,0.634615384615385,NA,10,"top10","eeg_tleft_sampent_full_change_precond;gsr_skin_conductance_eda_tonic_mean_nk_full_change_precond;eeg_pright_sampent_full_change_precond;eeg_tleft_lalpha_mean_full_change_precond;eeg_tleft_halpha_mean_full_change_precond;eeg_c_theta_mean_full_change_precond;hrv_rmssd_full_change_precond;pupil_dilation_sd_full_change_precond;eeg_t_sampent_full_change_precond;eeg_fr_sampent_full_change_precond"
2025-11-26 18:28:47.01512,15,"stress_label",10,2,0.0625,0.576923076923077,0.634615384615385,0.535897435897436,10,"top10","eeg_tleft_sampent_full_change_precond;gsr_skin_conductance_eda_tonic_mean_nk_full_change_precond;eeg_pright_sampent_full_change_precond;eeg_tleft_lalpha_mean_full_change_precond;eeg_tleft_halpha_mean_full_change_precond;eeg_c_theta_mean_full_change_precond;hrv_rmssd_full_change_precond;pupil_dilation_sd_full_change_precond;eeg_t_sampent_full_change_precond;eeg_fr_sampent_full_change_precond"
2025-11-26 18:28:47.847958,15,"stress_label",10,4,0.0625,0.634615384615385,0.673076923076923,0.603418803418803,10,"top10","eeg_tleft_sampent_full_change_precond;gsr_skin_conductance_eda_tonic_mean_nk_full_change_precond;eeg_pright_sampent_full_change_precond;eeg_tleft_lalpha_mean_full_change_precond;eeg_tleft_halpha_mean_full_change_precond;eeg_c_theta_mean_full_change_precond;hrv_rmssd_full_change_precond;pupil_dilation_sd_full_change_precond;eeg_t_sampent_full_change_precond;eeg_fr_sampent_full_change_precond"
2025-11-26 18:28:48.739807,15,"stress_label",10,8,0.0625,0.596153846153846,0.621794871794872,NA,10,"top10","eeg_tleft_sampent_full_change_precond;gsr_skin_conductance_eda_tonic_mean_nk_full_change_precond;eeg_pright_sampent_full_change_precond;eeg_tleft_lalpha_mean_full_change_precond;eeg_tleft_halpha_mean_full_change_precond;eeg_c_theta_mean_full_change_precond;hrv_rmssd_full_change_precond;pupil_dilation_sd_full_change_precond;eeg_t_sampent_full_change_precond;eeg_fr_sampent_full_change_precond"
2025-11-26 18:28:49.659586,15,"stress_label",10,16,0.0625,0.57051282051282,0.596153846153846,NA,10,"top10","eeg_tleft_sampent_full_change_precond;gsr_skin_conductance_eda_tonic_mean_nk_full_change_precond;eeg_pright_sampent_full_change_precond;eeg_tleft_lalpha_mean_full_change_precond;eeg_tleft_halpha_mean_full_change_precond;eeg_c_theta_mean_full_change_precond;hrv_rmssd_full_change_precond;pupil_dilation_sd_full_change_precond;eeg_t_sampent_full_change_precond;eeg_fr_sampent_full_change_precond"
2025-11-26 18:28:50.472871,15,"stress_label",10,32,0.0625,0.58974358974359,0.621794871794872,NA,10,"top10","eeg_tleft_sampent_full_change_precond;gsr_skin_conductance_eda_tonic_mean_nk_full_change_precond;eeg_pright_sampent_full_change_precond;eeg_tleft_lalpha_mean_full_change_precond;eeg_tleft_halpha_mean_full_change_precond;eeg_c_theta_mean_full_change_precond;hrv_rmssd_full_change_precond;pupil_dilation_sd_full_change_precond;eeg_t_sampent_full_change_precond;eeg_fr_sampent_full_change_precond"
2025-11-26 18:28:51.515089,15,"stress_label",10,64,0.0625,0.583333333333333,0.641025641025641,NA,10,"top10","eeg_tleft_sampent_full_change_precond;gsr_skin_conductance_eda_tonic_mean_nk_full_change_precond;eeg_pright_sampent_full_change_precond;eeg_tleft_lalpha_mean_full_change_precond;eeg_tleft_halpha_mean_full_change_precond;eeg_c_theta_mean_full_change_precond;hrv_rmssd_full_change_precond;pupil_dilation_sd_full_change_precond;eeg_t_sampent_full_change_precond;eeg_fr_sampent_full_change_precond"
2025-11-26 18:28:52.688492,15,"stress_label",10,128,0.0625,0.58974358974359,0.67948717948718,NA,10,"top10","eeg_tleft_sampent_full_change_precond;gsr_skin_conductance_eda_tonic_mean_nk_full_change_precond;eeg_pright_sampent_full_change_precond;eeg_tleft_lalpha_mean_full_change_precond;eeg_tleft_halpha_mean_full_change_precond;eeg_c_theta_mean_full_change_precond;hrv_rmssd_full_change_precond;pupil_dilation_sd_full_change_precond;eeg_t_sampent_full_change_precond;eeg_fr_sampent_full_change_precond"
2025-11-26 18:28:53.858149,15,"stress_label",10,256,0.0625,0.596153846153846,0.634615384615385,0.600854700854701,10,"top10","eeg_tleft_sampent_full_change_precond;gsr_skin_conductance_eda_tonic_mean_nk_full_change_precond;eeg_pright_sampent_full_change_precond;eeg_tleft_lalpha_mean_full_change_precond;eeg_tleft_halpha_mean_full_change_precond;eeg_c_theta_mean_full_change_precond;hrv_rmssd_full_change_precond;pupil_dilation_sd_full_change_precond;eeg_t_sampent_full_change_precond;eeg_fr_sampent_full_change_precond"
2025-11-26 18:28:54.668603,15,"stress_label",10,2,0.125,0.608974358974359,0.673076923076923,0.583760683760684,10,"top10","eeg_tleft_sampent_full_change_precond;gsr_skin_conductance_eda_tonic_mean_nk_full_change_precond;eeg_pright_sampent_full_change_precond;eeg_tleft_lalpha_mean_full_change_precond;eeg_tleft_halpha_mean_full_change_precond;eeg_c_theta_mean_full_change_precond;hrv_rmssd_full_change_precond;pupil_dilation_sd_full_change_precond;eeg_t_sampent_full_change_precond;eeg_fr_sampent_full_change_precond"
2025-11-26 18:28:55.605409,15,"stress_label",10,4,0.125,0.564102564102564,0.615384615384615,NA,10,"top10","eeg_tleft_sampent_full_change_precond;gsr_skin_conductance_eda_tonic_mean_nk_full_change_precond;eeg_pright_sampent_full_change_precond;eeg_tleft_lalpha_mean_full_change_precond;eeg_tleft_halpha_mean_full_change_precond;eeg_c_theta_mean_full_change_precond;hrv_rmssd_full_change_precond;pupil_dilation_sd_full_change_precond;eeg_t_sampent_full_change_precond;eeg_fr_sampent_full_change_precond"
2025-11-26 18:28:56.511944,15,"stress_label",10,8,0.125,0.615384615384615,0.634615384615385,NA,10,"top10","eeg_tleft_sampent_full_change_precond;gsr_skin_conductance_eda_tonic_mean_nk_full_change_precond;eeg_pright_sampent_full_change_precond;eeg_tleft_lalpha_mean_full_change_precond;eeg_tleft_halpha_mean_full_change_precond;eeg_c_theta_mean_full_change_precond;hrv_rmssd_full_change_precond;pupil_dilation_sd_full_change_precond;eeg_t_sampent_full_change_precond;eeg_fr_sampent_full_change_precond"
2025-11-26 18:28:57.481356,15,"stress_label",10,16,0.125,0.576923076923077,0.634615384615385,NA,10,"top10","eeg_tleft_sampent_full_change_precond;gsr_skin_conductance_eda_tonic_mean_nk_full_change_precond;eeg_pright_sampent_full_change_precond;eeg_tleft_lalpha_mean_full_change_precond;eeg_tleft_halpha_mean_full_change_precond;eeg_c_theta_mean_full_change_precond;hrv_rmssd_full_change_precond;pupil_dilation_sd_full_change_precond;eeg_t_sampent_full_change_precond;eeg_fr_sampent_full_change_precond"
2025-11-26 18:28:58.416528,15,"stress_label",10,32,0.125,0.576923076923077,0.634615384615385,NA,10,"top10","eeg_tleft_sampent_full_change_precond;gsr_skin_conductance_eda_tonic_mean_nk_full_change_precond;eeg_pright_sampent_full_change_precond;eeg_tleft_lalpha_mean_full_change_precond;eeg_tleft_halpha_mean_full_change_precond;eeg_c_theta_mean_full_change_precond;hrv_rmssd_full_change_precond;pupil_dilation_sd_full_change_precond;eeg_t_sampent_full_change_precond;eeg_fr_sampent_full_change_precond"
2025-11-26 18:28:59.272053,15,"stress_label",10,64,0.125,0.576923076923077,0.634615384615385,NA,10,"top10","eeg_tleft_sampent_full_change_precond;gsr_skin_conductance_eda_tonic_mean_nk_full_change_precond;eeg_pright_sampent_full_change_precond;eeg_tleft_lalpha_mean_full_change_precond;eeg_tleft_halpha_mean_full_change_precond;eeg_c_theta_mean_full_change_precond;hrv_rmssd_full_change_precond;pupil_dilation_sd_full_change_precond;eeg_t_sampent_full_change_precond;eeg_fr_sampent_full_change_precond"
2025-11-26 18:29:00.241334,15,"stress_label",10,128,0.125,0.576923076923077,0.634615384615385,NA,10,"top10","eeg_tleft_sampent_full_change_precond;gsr_skin_conductance_eda_tonic_mean_nk_full_change_precond;eeg_pright_sampent_full_change_precond;eeg_tleft_lalpha_mean_full_change_precond;eeg_tleft_halpha_mean_full_change_precond;eeg_c_theta_mean_full_change_precond;hrv_rmssd_full_change_precond;pupil_dilation_sd_full_change_precond;eeg_t_sampent_full_change_precond;eeg_fr_sampent_full_change_precond"
2025-11-26 18:29:01.205025,15,"stress_label",10,256,0.125,0.576923076923077,0.634615384615385,NA,10,"top10","eeg_tleft_sampent_full_change_precond;gsr_skin_conductance_eda_tonic_mean_nk_full_change_precond;eeg_pright_sampent_full_change_precond;eeg_tleft_lalpha_mean_full_change_precond;eeg_tleft_halpha_mean_full_change_precond;eeg_c_theta_mean_full_change_precond;hrv_rmssd_full_change_precond;pupil_dilation_sd_full_change_precond;eeg_t_sampent_full_change_precond;eeg_fr_sampent_full_change_precond"
2025-11-26 18:29:02.038856,15,"stress_label",10,2,0.03,0.576923076923077,0.647435897435897,0.535897435897436,10,"top10","eeg_tleft_sampent_full_change_precond;gsr_skin_conductance_eda_tonic_mean_nk_full_change_precond;eeg_pright_sampent_full_change_precond;eeg_tleft_lalpha_mean_full_change_precond;eeg_tleft_halpha_mean_full_change_precond;eeg_c_theta_mean_full_change_precond;hrv_rmssd_full_change_precond;pupil_dilation_sd_full_change_precond;eeg_t_sampent_full_change_precond;eeg_fr_sampent_full_change_precond"
2025-11-26 18:29:02.885473,15,"stress_label",10,4,0.03,0.557692307692308,0.621794871794872,0.51965811965812,10,"top10","eeg_tleft_sampent_full_change_precond;gsr_skin_conductance_eda_tonic_mean_nk_full_change_precond;eeg_pright_sampent_full_change_precond;eeg_tleft_lalpha_mean_full_change_precond;eeg_tleft_halpha_mean_full_change_precond;eeg_c_theta_mean_full_change_precond;hrv_rmssd_full_change_precond;pupil_dilation_sd_full_change_precond;eeg_t_sampent_full_change_precond;eeg_fr_sampent_full_change_precond"
2025-11-26 18:29:03.732715,15,"stress_label",10,8,0.03,0.583333333333333,0.653846153846154,0.563247863247863,10,"top10","eeg_tleft_sampent_full_change_precond;gsr_skin_conductance_eda_tonic_mean_nk_full_change_precond;eeg_pright_sampent_full_change_precond;eeg_tleft_lalpha_mean_full_change_precond;eeg_tleft_halpha_mean_full_change_precond;eeg_c_theta_mean_full_change_precond;hrv_rmssd_full_change_precond;pupil_dilation_sd_full_change_precond;eeg_t_sampent_full_change_precond;eeg_fr_sampent_full_change_precond"
2025-11-26 18:29:04.591526,15,"stress_label",10,16,0.03,0.58974358974359,0.647435897435897,0.568376068376068,10,"top10","eeg_tleft_sampent_full_change_precond;gsr_skin_conductance_eda_tonic_mean_nk_full_change_precond;eeg_pright_sampent_full_change_precond;eeg_tleft_lalpha_mean_full_change_precond;eeg_tleft_halpha_mean_full_change_precond;eeg_c_theta_mean_full_change_precond;hrv_rmssd_full_change_precond;pupil_dilation_sd_full_change_precond;eeg_t_sampent_full_change_precond;eeg_fr_sampent_full_change_precond"
2025-11-26 18:29:05.572737,15,"stress_label",10,32,0.03,0.58974358974359,0.621794871794872,0.561538461538462,10,"top10","eeg_tleft_sampent_full_change_precond;gsr_skin_conductance_eda_tonic_mean_nk_full_change_precond;eeg_pright_sampent_full_change_precond;eeg_tleft_lalpha_mean_full_change_precond;eeg_tleft_halpha_mean_full_change_precond;eeg_c_theta_mean_full_change_precond;hrv_rmssd_full_change_precond;pupil_dilation_sd_full_change_precond;eeg_t_sampent_full_change_precond;eeg_fr_sampent_full_change_precond"
2025-11-26 18:29:06.634392,15,"stress_label",10,64,0.03,0.583333333333333,0.58974358974359,NA,10,"top10","eeg_tleft_sampent_full_change_precond;gsr_skin_conductance_eda_tonic_mean_nk_full_change_precond;eeg_pright_sampent_full_change_precond;eeg_tleft_lalpha_mean_full_change_precond;eeg_tleft_halpha_mean_full_change_precond;eeg_c_theta_mean_full_change_precond;hrv_rmssd_full_change_precond;pupil_dilation_sd_full_change_precond;eeg_t_sampent_full_change_precond;eeg_fr_sampent_full_change_precond"
2025-11-26 18:29:07.854655,15,"stress_label",10,128,0.03,0.557692307692308,0.615384615384615,NA,10,"top10","eeg_tleft_sampent_full_change_precond;gsr_skin_conductance_eda_tonic_mean_nk_full_change_precond;eeg_pright_sampent_full_change_precond;eeg_tleft_lalpha_mean_full_change_precond;eeg_tleft_halpha_mean_full_change_precond;eeg_c_theta_mean_full_change_precond;hrv_rmssd_full_change_precond;pupil_dilation_sd_full_change_precond;eeg_t_sampent_full_change_precond;eeg_fr_sampent_full_change_precond"
2025-11-26 18:29:09.28797,15,"stress_label",10,256,0.03,0.576923076923077,0.628205128205128,NA,10,"top10","eeg_tleft_sampent_full_change_precond;gsr_skin_conductance_eda_tonic_mean_nk_full_change_precond;eeg_pright_sampent_full_change_precond;eeg_tleft_lalpha_mean_full_change_precond;eeg_tleft_halpha_mean_full_change_precond;eeg_c_theta_mean_full_change_precond;hrv_rmssd_full_change_precond;pupil_dilation_sd_full_change_precond;eeg_t_sampent_full_change_precond;eeg_fr_sampent_full_change_precond"
2025-11-26 18:29:10.149255,15,"stress_label",10,2,0.06,0.57051282051282,0.634615384615385,0.528205128205128,10,"top10","eeg_tleft_sampent_full_change_precond;gsr_skin_conductance_eda_tonic_mean_nk_full_change_precond;eeg_pright_sampent_full_change_precond;eeg_tleft_lalpha_mean_full_change_precond;eeg_tleft_halpha_mean_full_change_precond;eeg_c_theta_mean_full_change_precond;hrv_rmssd_full_change_precond;pupil_dilation_sd_full_change_precond;eeg_t_sampent_full_change_precond;eeg_fr_sampent_full_change_precond"
2025-11-26 18:29:10.932414,15,"stress_label",10,4,0.06,0.634615384615385,0.66025641025641,0.603418803418803,10,"top10","eeg_tleft_sampent_full_change_precond;gsr_skin_conductance_eda_tonic_mean_nk_full_change_precond;eeg_pright_sampent_full_change_precond;eeg_tleft_lalpha_mean_full_change_precond;eeg_tleft_halpha_mean_full_change_precond;eeg_c_theta_mean_full_change_precond;hrv_rmssd_full_change_precond;pupil_dilation_sd_full_change_precond;eeg_t_sampent_full_change_precond;eeg_fr_sampent_full_change_precond"
2025-11-26 18:29:11.667274,15,"stress_label",10,8,0.06,0.602564102564103,0.634615384615385,0.573504273504273,10,"top10","eeg_tleft_sampent_full_change_precond;gsr_skin_conductance_eda_tonic_mean_nk_full_change_precond;eeg_pright_sampent_full_change_precond;eeg_tleft_lalpha_mean_full_change_precond;eeg_tleft_halpha_mean_full_change_precond;eeg_c_theta_mean_full_change_precond;hrv_rmssd_full_change_precond;pupil_dilation_sd_full_change_precond;eeg_t_sampent_full_change_precond;eeg_fr_sampent_full_change_precond"
2025-11-26 18:29:12.568041,15,"stress_label",10,16,0.06,0.564102564102564,0.58974358974359,NA,10,"top10","eeg_tleft_sampent_full_change_precond;gsr_skin_conductance_eda_tonic_mean_nk_full_change_precond;eeg_pright_sampent_full_change_precond;eeg_tleft_lalpha_mean_full_change_precond;eeg_tleft_halpha_mean_full_change_precond;eeg_c_theta_mean_full_change_precond;hrv_rmssd_full_change_precond;pupil_dilation_sd_full_change_precond;eeg_t_sampent_full_change_precond;eeg_fr_sampent_full_change_precond"
2025-11-26 18:29:13.392646,15,"stress_label",10,32,0.06,0.58974358974359,0.621794871794872,NA,10,"top10","eeg_tleft_sampent_full_change_precond;gsr_skin_conductance_eda_tonic_mean_nk_full_change_precond;eeg_pright_sampent_full_change_precond;eeg_tleft_lalpha_mean_full_change_precond;eeg_tleft_halpha_mean_full_change_precond;eeg_c_theta_mean_full_change_precond;hrv_rmssd_full_change_precond;pupil_dilation_sd_full_change_precond;eeg_t_sampent_full_change_precond;eeg_fr_sampent_full_change_precond"
2025-11-26 18:29:14.517826,15,"stress_label",10,64,0.06,0.57051282051282,0.634615384615385,0.554700854700855,10,"top10","eeg_tleft_sampent_full_change_precond;gsr_skin_conductance_eda_tonic_mean_nk_full_change_precond;eeg_pright_sampent_full_change_precond;eeg_tleft_lalpha_mean_full_change_precond;eeg_tleft_halpha_mean_full_change_precond;eeg_c_theta_mean_full_change_precond;hrv_rmssd_full_change_precond;pupil_dilation_sd_full_change_precond;eeg_t_sampent_full_change_precond;eeg_fr_sampent_full_change_precond"
2025-11-26 18:29:15.701017,15,"stress_label",10,128,0.06,0.58974358974359,0.673076923076923,NA,10,"top10","eeg_tleft_sampent_full_change_precond;gsr_skin_conductance_eda_tonic_mean_nk_full_change_precond;eeg_pright_sampent_full_change_precond;eeg_tleft_lalpha_mean_full_change_precond;eeg_tleft_halpha_mean_full_change_precond;eeg_c_theta_mean_full_change_precond;hrv_rmssd_full_change_precond;pupil_dilation_sd_full_change_precond;eeg_t_sampent_full_change_precond;eeg_fr_sampent_full_change_precond"
2025-11-26 18:29:16.611905,15,"stress_label",10,256,0.06,0.58974358974359,0.634615384615385,0.588034188034188,10,"top10","eeg_tleft_sampent_full_change_precond;gsr_skin_conductance_eda_tonic_mean_nk_full_change_precond;eeg_pright_sampent_full_change_precond;eeg_tleft_lalpha_mean_full_change_precond;eeg_tleft_halpha_mean_full_change_precond;eeg_c_theta_mean_full_change_precond;hrv_rmssd_full_change_precond;pupil_dilation_sd_full_change_precond;eeg_t_sampent_full_change_precond;eeg_fr_sampent_full_change_precond"
2025-11-26 18:29:17.493875,15,"stress_label",10,2,0.1,0.628205128205128,0.666666666666667,0.604273504273504,10,"top10","eeg_tleft_sampent_full_change_precond;gsr_skin_conductance_eda_tonic_mean_nk_full_change_precond;eeg_pright_sampent_full_change_precond;eeg_tleft_lalpha_mean_full_change_precond;eeg_tleft_halpha_mean_full_change_precond;eeg_c_theta_mean_full_change_precond;hrv_rmssd_full_change_precond;pupil_dilation_sd_full_change_precond;eeg_t_sampent_full_change_precond;eeg_fr_sampent_full_change_precond"
2025-11-26 18:29:18.226609,15,"stress_label",10,4,0.1,0.57051282051282,0.621794871794872,NA,10,"top10","eeg_tleft_sampent_full_change_precond;gsr_skin_conductance_eda_tonic_mean_nk_full_change_precond;eeg_pright_sampent_full_change_precond;eeg_tleft_lalpha_mean_full_change_precond;eeg_tleft_halpha_mean_full_change_precond;eeg_c_theta_mean_full_change_precond;hrv_rmssd_full_change_precond;pupil_dilation_sd_full_change_precond;eeg_t_sampent_full_change_precond;eeg_fr_sampent_full_change_precond"
2025-11-26 18:29:18.948377,15,"stress_label",10,8,0.1,0.596153846153846,0.615384615384615,NA,10,"top10","eeg_tleft_sampent_full_change_precond;gsr_skin_conductance_eda_tonic_mean_nk_full_change_precond;eeg_pright_sampent_full_change_precond;eeg_tleft_lalpha_mean_full_change_precond;eeg_tleft_halpha_mean_full_change_precond;eeg_c_theta_mean_full_change_precond;hrv_rmssd_full_change_precond;pupil_dilation_sd_full_change_precond;eeg_t_sampent_full_change_precond;eeg_fr_sampent_full_change_precond"
2025-11-26 18:29:19.738519,15,"stress_label",10,16,0.1,0.557692307692308,0.615384615384615,NA,10,"top10","eeg_tleft_sampent_full_change_precond;gsr_skin_conductance_eda_tonic_mean_nk_full_change_precond;eeg_pright_sampent_full_change_precond;eeg_tleft_lalpha_mean_full_change_precond;eeg_tleft_halpha_mean_full_change_precond;eeg_c_theta_mean_full_change_precond;hrv_rmssd_full_change_precond;pupil_dilation_sd_full_change_precond;eeg_t_sampent_full_change_precond;eeg_fr_sampent_full_change_precond"
2025-11-26 18:29:20.752759,15,"stress_label",10,32,0.1,0.57051282051282,0.666666666666667,NA,10,"top10","eeg_tleft_sampent_full_change_precond;gsr_skin_conductance_eda_tonic_mean_nk_full_change_precond;eeg_pright_sampent_full_change_precond;eeg_tleft_lalpha_mean_full_change_precond;eeg_tleft_halpha_mean_full_change_precond;eeg_c_theta_mean_full_change_precond;hrv_rmssd_full_change_precond;pupil_dilation_sd_full_change_precond;eeg_t_sampent_full_change_precond;eeg_fr_sampent_full_change_precond"
2025-11-26 18:29:21.678515,15,"stress_label",10,64,0.1,0.583333333333333,0.647435897435897,NA,10,"top10","eeg_tleft_sampent_full_change_precond;gsr_skin_conductance_eda_tonic_mean_nk_full_change_precond;eeg_pright_sampent_full_change_precond;eeg_tleft_lalpha_mean_full_change_precond;eeg_tleft_halpha_mean_full_change_precond;eeg_c_theta_mean_full_change_precond;hrv_rmssd_full_change_precond;pupil_dilation_sd_full_change_precond;eeg_t_sampent_full_change_precond;eeg_fr_sampent_full_change_precond"
2025-11-26 18:29:22.691565,15,"stress_label",10,128,0.1,0.583333333333333,0.647435897435897,NA,10,"top10","eeg_tleft_sampent_full_change_precond;gsr_skin_conductance_eda_tonic_mean_nk_full_change_precond;eeg_pright_sampent_full_change_precond;eeg_tleft_lalpha_mean_full_change_precond;eeg_tleft_halpha_mean_full_change_precond;eeg_c_theta_mean_full_change_precond;hrv_rmssd_full_change_precond;pupil_dilation_sd_full_change_precond;eeg_t_sampent_full_change_precond;eeg_fr_sampent_full_change_precond"
2025-11-26 18:29:23.500285,15,"stress_label",10,256,0.1,0.583333333333333,0.647435897435897,NA,10,"top10","eeg_tleft_sampent_full_change_precond;gsr_skin_conductance_eda_tonic_mean_nk_full_change_precond;eeg_pright_sampent_full_change_precond;eeg_tleft_lalpha_mean_full_change_precond;eeg_tleft_halpha_mean_full_change_precond;eeg_c_theta_mean_full_change_precond;hrv_rmssd_full_change_precond;pupil_dilation_sd_full_change_precond;eeg_t_sampent_full_change_precond;eeg_fr_sampent_full_change_precond"
2025-11-26 18:29:24.284798,15,"stress_label",5,2,0.0078125,0.628205128205128,0.58974358974359,NA,5,"top5","eeg_tleft_sampent_full_change_precond;gsr_skin_conductance_eda_tonic_mean_nk_full_change_precond;eeg_pright_sampent_full_change_precond;eeg_tleft_lalpha_mean_full_change_precond;eeg_tleft_halpha_mean_full_change_precond"
2025-11-26 18:29:25.019416,15,"stress_label",5,4,0.0078125,0.628205128205128,0.596153846153846,0.584615384615385,5,"top5","eeg_tleft_sampent_full_change_precond;gsr_skin_conductance_eda_tonic_mean_nk_full_change_precond;eeg_pright_sampent_full_change_precond;eeg_tleft_lalpha_mean_full_change_precond;eeg_tleft_halpha_mean_full_change_precond"
2025-11-26 18:29:25.793214,15,"stress_label",5,8,0.0078125,0.634615384615385,0.608974358974359,NA,5,"top5","eeg_tleft_sampent_full_change_precond;gsr_skin_conductance_eda_tonic_mean_nk_full_change_precond;eeg_pright_sampent_full_change_precond;eeg_tleft_lalpha_mean_full_change_precond;eeg_tleft_halpha_mean_full_change_precond"
2025-11-26 18:29:26.523556,15,"stress_label",5,16,0.0078125,0.628205128205128,0.621794871794872,NA,5,"top5","eeg_tleft_sampent_full_change_precond;gsr_skin_conductance_eda_tonic_mean_nk_full_change_precond;eeg_pright_sampent_full_change_precond;eeg_tleft_lalpha_mean_full_change_precond;eeg_tleft_halpha_mean_full_change_precond"
2025-11-26 18:29:27.306747,15,"stress_label",5,32,0.0078125,0.628205128205128,0.634615384615385,NA,5,"top5","eeg_tleft_sampent_full_change_precond;gsr_skin_conductance_eda_tonic_mean_nk_full_change_precond;eeg_pright_sampent_full_change_precond;eeg_tleft_lalpha_mean_full_change_precond;eeg_tleft_halpha_mean_full_change_precond"
2025-11-26 18:29:28.116639,15,"stress_label",5,64,0.0078125,0.634615384615385,0.634615384615385,NA,5,"top5","eeg_tleft_sampent_full_change_precond;gsr_skin_conductance_eda_tonic_mean_nk_full_change_precond;eeg_pright_sampent_full_change_precond;eeg_tleft_lalpha_mean_full_change_precond;eeg_tleft_halpha_mean_full_change_precond"
2025-11-26 18:29:28.925692,15,"stress_label",5,128,0.0078125,0.641025641025641,0.653846153846154,0.598290598290598,5,"top5","eeg_tleft_sampent_full_change_precond;gsr_skin_conductance_eda_tonic_mean_nk_full_change_precond;eeg_pright_sampent_full_change_precond;eeg_tleft_lalpha_mean_full_change_precond;eeg_tleft_halpha_mean_full_change_precond"
2025-11-26 18:29:29.830187,15,"stress_label",5,256,0.0078125,0.608974358974359,0.653846153846154,0.583760683760684,5,"top5","eeg_tleft_sampent_full_change_precond;gsr_skin_conductance_eda_tonic_mean_nk_full_change_precond;eeg_pright_sampent_full_change_precond;eeg_tleft_lalpha_mean_full_change_precond;eeg_tleft_halpha_mean_full_change_precond"
2025-11-26 18:29:30.610416,15,"stress_label",5,2,0.015625,0.628205128205128,0.596153846153846,0.584615384615385,5,"top5","eeg_tleft_sampent_full_change_precond;gsr_skin_conductance_eda_tonic_mean_nk_full_change_precond;eeg_pright_sampent_full_change_precond;eeg_tleft_lalpha_mean_full_change_precond;eeg_tleft_halpha_mean_full_change_precond"
2025-11-26 18:29:31.399904,15,"stress_label",5,4,0.015625,0.634615384615385,0.608974358974359,NA,5,"top5","eeg_tleft_sampent_full_change_precond;gsr_skin_conductance_eda_tonic_mean_nk_full_change_precond;eeg_pright_sampent_full_change_precond;eeg_tleft_lalpha_mean_full_change_precond;eeg_tleft_halpha_mean_full_change_precond"
2025-11-26 18:29:32.181983,15,"stress_label",5,8,0.015625,0.628205128205128,0.621794871794872,NA,5,"top5","eeg_tleft_sampent_full_change_precond;gsr_skin_conductance_eda_tonic_mean_nk_full_change_precond;eeg_pright_sampent_full_change_precond;eeg_tleft_lalpha_mean_full_change_precond;eeg_tleft_halpha_mean_full_change_precond"
2025-11-26 18:29:32.969937,15,"stress_label",5,16,0.015625,0.634615384615385,0.641025641025641,NA,5,"top5","eeg_tleft_sampent_full_change_precond;gsr_skin_conductance_eda_tonic_mean_nk_full_change_precond;eeg_pright_sampent_full_change_precond;eeg_tleft_lalpha_mean_full_change_precond;eeg_tleft_halpha_mean_full_change_precond"
2025-11-26 18:29:33.756091,15,"stress_label",5,32,0.015625,0.628205128205128,0.653846153846154,0.576923076923077,5,"top5","eeg_tleft_sampent_full_change_precond;gsr_skin_conductance_eda_tonic_mean_nk_full_change_precond;eeg_pright_sampent_full_change_precond;eeg_tleft_lalpha_mean_full_change_precond;eeg_tleft_halpha_mean_full_change_precond"
2025-11-26 18:29:34.530009,15,"stress_label",5,64,0.015625,0.608974358974359,0.66025641025641,0.583760683760684,5,"top5","eeg_tleft_sampent_full_change_precond;gsr_skin_conductance_eda_tonic_mean_nk_full_change_precond;eeg_pright_sampent_full_change_precond;eeg_tleft_lalpha_mean_full_change_precond;eeg_tleft_halpha_mean_full_change_precond"
2025-11-26 18:29:35.371062,15,"stress_label",5,128,0.015625,0.583333333333333,0.596153846153846,0.55982905982906,5,"top5","eeg_tleft_sampent_full_change_precond;gsr_skin_conductance_eda_tonic_mean_nk_full_change_precond;eeg_pright_sampent_full_change_precond;eeg_tleft_lalpha_mean_full_change_precond;eeg_tleft_halpha_mean_full_change_precond"
2025-11-26 18:29:36.23125,15,"stress_label",5,256,0.015625,0.58974358974359,0.544871794871795,0.568376068376068,5,"top5","eeg_tleft_sampent_full_change_precond;gsr_skin_conductance_eda_tonic_mean_nk_full_change_precond;eeg_pright_sampent_full_change_precond;eeg_tleft_lalpha_mean_full_change_precond;eeg_tleft_halpha_mean_full_change_precond"
2025-11-26 18:29:37.027078,15,"stress_label",5,2,0.03125,0.634615384615385,0.615384615384615,NA,5,"top5","eeg_tleft_sampent_full_change_precond;gsr_skin_conductance_eda_tonic_mean_nk_full_change_precond;eeg_pright_sampent_full_change_precond;eeg_tleft_lalpha_mean_full_change_precond;eeg_tleft_halpha_mean_full_change_precond"
2025-11-26 18:29:37.810405,15,"stress_label",5,4,0.03125,0.628205128205128,0.634615384615385,NA,5,"top5","eeg_tleft_sampent_full_change_precond;gsr_skin_conductance_eda_tonic_mean_nk_full_change_precond;eeg_pright_sampent_full_change_precond;eeg_tleft_lalpha_mean_full_change_precond;eeg_tleft_halpha_mean_full_change_precond"
2025-11-26 18:29:38.614997,15,"stress_label",5,8,0.03125,0.615384615384615,0.647435897435897,NA,5,"top5","eeg_tleft_sampent_full_change_precond;gsr_skin_conductance_eda_tonic_mean_nk_full_change_precond;eeg_pright_sampent_full_change_precond;eeg_tleft_lalpha_mean_full_change_precond;eeg_tleft_halpha_mean_full_change_precond"
2025-11-26 18:29:39.37455,15,"stress_label",5,16,0.03125,0.596153846153846,0.66025641025641,0.572649572649573,5,"top5","eeg_tleft_sampent_full_change_precond;gsr_skin_conductance_eda_tonic_mean_nk_full_change_precond;eeg_pright_sampent_full_change_precond;eeg_tleft_lalpha_mean_full_change_precond;eeg_tleft_halpha_mean_full_change_precond"
2025-11-26 18:29:40.080678,15,"stress_label",5,32,0.03125,0.58974358974359,0.583333333333333,0.562393162393162,5,"top5","eeg_tleft_sampent_full_change_precond;gsr_skin_conductance_eda_tonic_mean_nk_full_change_precond;eeg_pright_sampent_full_change_precond;eeg_tleft_lalpha_mean_full_change_precond;eeg_tleft_halpha_mean_full_change_precond"
2025-11-26 18:29:40.910036,15,"stress_label",5,64,0.03125,0.583333333333333,0.564102564102564,0.55982905982906,5,"top5","eeg_tleft_sampent_full_change_precond;gsr_skin_conductance_eda_tonic_mean_nk_full_change_precond;eeg_pright_sampent_full_change_precond;eeg_tleft_lalpha_mean_full_change_precond;eeg_tleft_halpha_mean_full_change_precond"
2025-11-26 18:29:41.86097,15,"stress_label",5,128,0.03125,0.57051282051282,0.557692307692308,NA,5,"top5","eeg_tleft_sampent_full_change_precond;gsr_skin_conductance_eda_tonic_mean_nk_full_change_precond;eeg_pright_sampent_full_change_precond;eeg_tleft_lalpha_mean_full_change_precond;eeg_tleft_halpha_mean_full_change_precond"
2025-11-26 18:29:42.934686,15,"stress_label",5,256,0.03125,0.544871794871795,0.455128205128205,0.529059829059829,5,"top5","eeg_tleft_sampent_full_change_precond;gsr_skin_conductance_eda_tonic_mean_nk_full_change_precond;eeg_pright_sampent_full_change_precond;eeg_tleft_lalpha_mean_full_change_precond;eeg_tleft_halpha_mean_full_change_precond"
2025-11-26 18:29:43.737807,15,"stress_label",5,2,0.0625,0.615384615384615,0.621794871794872,NA,5,"top5","eeg_tleft_sampent_full_change_precond;gsr_skin_conductance_eda_tonic_mean_nk_full_change_precond;eeg_pright_sampent_full_change_precond;eeg_tleft_lalpha_mean_full_change_precond;eeg_tleft_halpha_mean_full_change_precond"
2025-11-26 18:29:44.496517,15,"stress_label",5,4,0.0625,0.602564102564103,0.628205128205128,0.554700854700855,5,"top5","eeg_tleft_sampent_full_change_precond;gsr_skin_conductance_eda_tonic_mean_nk_full_change_precond;eeg_pright_sampent_full_change_precond;eeg_tleft_lalpha_mean_full_change_precond;eeg_tleft_halpha_mean_full_change_precond"
2025-11-26 18:29:45.274325,15,"stress_label",5,8,0.0625,0.58974358974359,0.583333333333333,0.562393162393162,5,"top5","eeg_tleft_sampent_full_change_precond;gsr_skin_conductance_eda_tonic_mean_nk_full_change_precond;eeg_pright_sampent_full_change_precond;eeg_tleft_lalpha_mean_full_change_precond;eeg_tleft_halpha_mean_full_change_precond"
2025-11-26 18:29:45.970394,15,"stress_label",5,16,0.0625,0.576923076923077,0.564102564102564,0.548717948717949,5,"top5","eeg_tleft_sampent_full_change_precond;gsr_skin_conductance_eda_tonic_mean_nk_full_change_precond;eeg_pright_sampent_full_change_precond;eeg_tleft_lalpha_mean_full_change_precond;eeg_tleft_halpha_mean_full_change_precond"
2025-11-26 18:29:46.819953,15,"stress_label",5,32,0.0625,0.564102564102564,0.5,0.546153846153846,5,"top5","eeg_tleft_sampent_full_change_precond;gsr_skin_conductance_eda_tonic_mean_nk_full_change_precond;eeg_pright_sampent_full_change_precond;eeg_tleft_lalpha_mean_full_change_precond;eeg_tleft_halpha_mean_full_change_precond"
2025-11-26 18:29:47.727552,15,"stress_label",5,64,0.0625,0.544871794871795,0.448717948717949,0.537606837606838,5,"top5","eeg_tleft_sampent_full_change_precond;gsr_skin_conductance_eda_tonic_mean_nk_full_change_precond;eeg_pright_sampent_full_change_precond;eeg_tleft_lalpha_mean_full_change_precond;eeg_tleft_halpha_mean_full_change_precond"
2025-11-26 18:29:48.797718,15,"stress_label",5,128,0.0625,0.551282051282051,0.480769230769231,NA,5,"top5","eeg_tleft_sampent_full_change_precond;gsr_skin_conductance_eda_tonic_mean_nk_full_change_precond;eeg_pright_sampent_full_change_precond;eeg_tleft_lalpha_mean_full_change_precond;eeg_tleft_halpha_mean_full_change_precond"
2025-11-26 18:29:49.762779,15,"stress_label",5,256,0.0625,0.551282051282051,0.416666666666667,NA,5,"top5","eeg_tleft_sampent_full_change_precond;gsr_skin_conductance_eda_tonic_mean_nk_full_change_precond;eeg_pright_sampent_full_change_precond;eeg_tleft_lalpha_mean_full_change_precond;eeg_tleft_halpha_mean_full_change_precond"
2025-11-26 18:29:50.52354,15,"stress_label",5,2,0.125,0.58974358974359,0.557692307692308,0.55042735042735,5,"top5","eeg_tleft_sampent_full_change_precond;gsr_skin_conductance_eda_tonic_mean_nk_full_change_precond;eeg_pright_sampent_full_change_precond;eeg_tleft_lalpha_mean_full_change_precond;eeg_tleft_halpha_mean_full_change_precond"
2025-11-26 18:29:51.29628,15,"stress_label",5,4,0.125,0.583333333333333,0.532051282051282,0.553846153846154,5,"top5","eeg_tleft_sampent_full_change_precond;gsr_skin_conductance_eda_tonic_mean_nk_full_change_precond;eeg_pright_sampent_full_change_precond;eeg_tleft_lalpha_mean_full_change_precond;eeg_tleft_halpha_mean_full_change_precond"
2025-11-26 18:29:52.007863,15,"stress_label",5,8,0.125,0.557692307692308,0.57051282051282,0.543589743589744,5,"top5","eeg_tleft_sampent_full_change_precond;gsr_skin_conductance_eda_tonic_mean_nk_full_change_precond;eeg_pright_sampent_full_change_precond;eeg_tleft_lalpha_mean_full_change_precond;eeg_tleft_halpha_mean_full_change_precond"
2025-11-26 18:29:52.754759,15,"stress_label",5,16,0.125,0.532051282051282,0.455128205128205,0.522222222222222,5,"top5","eeg_tleft_sampent_full_change_precond;gsr_skin_conductance_eda_tonic_mean_nk_full_change_precond;eeg_pright_sampent_full_change_precond;eeg_tleft_lalpha_mean_full_change_precond;eeg_tleft_halpha_mean_full_change_precond"
2025-11-26 18:29:53.662514,15,"stress_label",5,32,0.125,0.519230769230769,0.416666666666667,NA,5,"top5","eeg_tleft_sampent_full_change_precond;gsr_skin_conductance_eda_tonic_mean_nk_full_change_precond;eeg_pright_sampent_full_change_precond;eeg_tleft_lalpha_mean_full_change_precond;eeg_tleft_halpha_mean_full_change_precond"
2025-11-26 18:29:54.635759,15,"stress_label",5,64,0.125,0.493589743589744,0.551282051282051,NA,5,"top5","eeg_tleft_sampent_full_change_precond;gsr_skin_conductance_eda_tonic_mean_nk_full_change_precond;eeg_pright_sampent_full_change_precond;eeg_tleft_lalpha_mean_full_change_precond;eeg_tleft_halpha_mean_full_change_precond"
2025-11-26 18:29:55.887221,15,"stress_label",5,128,0.125,0.474358974358974,0.5,NA,5,"top5","eeg_tleft_sampent_full_change_precond;gsr_skin_conductance_eda_tonic_mean_nk_full_change_precond;eeg_pright_sampent_full_change_precond;eeg_tleft_lalpha_mean_full_change_precond;eeg_tleft_halpha_mean_full_change_precond"
2025-11-26 18:29:57.462838,15,"stress_label",5,256,0.125,0.467948717948718,0.5,NA,5,"top5","eeg_tleft_sampent_full_change_precond;gsr_skin_conductance_eda_tonic_mean_nk_full_change_precond;eeg_pright_sampent_full_change_precond;eeg_tleft_lalpha_mean_full_change_precond;eeg_tleft_halpha_mean_full_change_precond"
2025-11-26 18:29:58.223756,15,"stress_label",5,2,0.03,0.634615384615385,0.615384615384615,NA,5,"top5","eeg_tleft_sampent_full_change_precond;gsr_skin_conductance_eda_tonic_mean_nk_full_change_precond;eeg_pright_sampent_full_change_precond;eeg_tleft_lalpha_mean_full_change_precond;eeg_tleft_halpha_mean_full_change_precond"
2025-11-26 18:29:58.94613,15,"stress_label",5,4,0.03,0.628205128205128,0.634615384615385,NA,5,"top5","eeg_tleft_sampent_full_change_precond;gsr_skin_conductance_eda_tonic_mean_nk_full_change_precond;eeg_pright_sampent_full_change_precond;eeg_tleft_lalpha_mean_full_change_precond;eeg_tleft_halpha_mean_full_change_precond"
2025-11-26 18:29:59.773355,15,"stress_label",5,8,0.03,0.634615384615385,0.647435897435897,NA,5,"top5","eeg_tleft_sampent_full_change_precond;gsr_skin_conductance_eda_tonic_mean_nk_full_change_precond;eeg_pright_sampent_full_change_precond;eeg_tleft_lalpha_mean_full_change_precond;eeg_tleft_halpha_mean_full_change_precond"
2025-11-26 18:30:00.480252,15,"stress_label",5,16,0.03,0.608974358974359,0.66025641025641,0.577777777777778,5,"top5","eeg_tleft_sampent_full_change_precond;gsr_skin_conductance_eda_tonic_mean_nk_full_change_precond;eeg_pright_sampent_full_change_precond;eeg_tleft_lalpha_mean_full_change_precond;eeg_tleft_halpha_mean_full_change_precond"
2025-11-26 18:30:01.304293,15,"stress_label",5,32,0.03,0.596153846153846,0.602564102564103,0.572649572649573,5,"top5","eeg_tleft_sampent_full_change_precond;gsr_skin_conductance_eda_tonic_mean_nk_full_change_precond;eeg_pright_sampent_full_change_precond;eeg_tleft_lalpha_mean_full_change_precond;eeg_tleft_halpha_mean_full_change_precond"
2025-11-26 18:30:02.142331,15,"stress_label",5,64,0.03,0.583333333333333,0.544871794871795,0.55982905982906,5,"top5","eeg_tleft_sampent_full_change_precond;gsr_skin_conductance_eda_tonic_mean_nk_full_change_precond;eeg_pright_sampent_full_change_precond;eeg_tleft_lalpha_mean_full_change_precond;eeg_tleft_halpha_mean_full_change_precond"
2025-11-26 18:30:03.037949,15,"stress_label",5,128,0.03,0.583333333333333,0.532051282051282,NA,5,"top5","eeg_tleft_sampent_full_change_precond;gsr_skin_conductance_eda_tonic_mean_nk_full_change_precond;eeg_pright_sampent_full_change_precond;eeg_tleft_lalpha_mean_full_change_precond;eeg_tleft_halpha_mean_full_change_precond"
2025-11-26 18:30:04.050895,15,"stress_label",5,256,0.03,0.544871794871795,0.538461538461538,0.529059829059829,5,"top5","eeg_tleft_sampent_full_change_precond;gsr_skin_conductance_eda_tonic_mean_nk_full_change_precond;eeg_pright_sampent_full_change_precond;eeg_tleft_lalpha_mean_full_change_precond;eeg_tleft_halpha_mean_full_change_precond"
2025-11-26 18:30:04.858355,15,"stress_label",5,2,0.06,0.621794871794872,0.621794871794872,NA,5,"top5","eeg_tleft_sampent_full_change_precond;gsr_skin_conductance_eda_tonic_mean_nk_full_change_precond;eeg_pright_sampent_full_change_precond;eeg_tleft_lalpha_mean_full_change_precond;eeg_tleft_halpha_mean_full_change_precond"
2025-11-26 18:30:05.646859,15,"stress_label",5,4,0.06,0.602564102564103,0.628205128205128,0.554700854700855,5,"top5","eeg_tleft_sampent_full_change_precond;gsr_skin_conductance_eda_tonic_mean_nk_full_change_precond;eeg_pright_sampent_full_change_precond;eeg_tleft_lalpha_mean_full_change_precond;eeg_tleft_halpha_mean_full_change_precond"
2025-11-26 18:30:06.361394,15,"stress_label",5,8,0.06,0.596153846153846,0.583333333333333,0.570940170940171,5,"top5","eeg_tleft_sampent_full_change_precond;gsr_skin_conductance_eda_tonic_mean_nk_full_change_precond;eeg_pright_sampent_full_change_precond;eeg_tleft_lalpha_mean_full_change_precond;eeg_tleft_halpha_mean_full_change_precond"
2025-11-26 18:30:06.9571,15,"stress_label",5,16,0.06,0.58974358974359,0.538461538461538,0.561538461538462,5,"top5","eeg_tleft_sampent_full_change_precond;gsr_skin_conductance_eda_tonic_mean_nk_full_change_precond;eeg_pright_sampent_full_change_precond;eeg_tleft_lalpha_mean_full_change_precond;eeg_tleft_halpha_mean_full_change_precond"
2025-11-26 18:30:07.71257,15,"stress_label",5,32,0.06,0.564102564102564,0.551282051282051,0.546153846153846,5,"top5","eeg_tleft_sampent_full_change_precond;gsr_skin_conductance_eda_tonic_mean_nk_full_change_precond;eeg_pright_sampent_full_change_precond;eeg_tleft_lalpha_mean_full_change_precond;eeg_tleft_halpha_mean_full_change_precond"
2025-11-26 18:30:08.519325,15,"stress_label",5,64,0.06,0.544871794871795,0.429487179487179,0.529059829059829,5,"top5","eeg_tleft_sampent_full_change_precond;gsr_skin_conductance_eda_tonic_mean_nk_full_change_precond;eeg_pright_sampent_full_change_precond;eeg_tleft_lalpha_mean_full_change_precond;eeg_tleft_halpha_mean_full_change_precond"
2025-11-26 18:30:09.575133,15,"stress_label",5,128,0.06,0.551282051282051,0.474358974358974,NA,5,"top5","eeg_tleft_sampent_full_change_precond;gsr_skin_conductance_eda_tonic_mean_nk_full_change_precond;eeg_pright_sampent_full_change_precond;eeg_tleft_lalpha_mean_full_change_precond;eeg_tleft_halpha_mean_full_change_precond"
2025-11-26 18:30:10.867167,15,"stress_label",5,256,0.06,0.544871794871795,0.448717948717949,NA,5,"top5","eeg_tleft_sampent_full_change_precond;gsr_skin_conductance_eda_tonic_mean_nk_full_change_precond;eeg_pright_sampent_full_change_precond;eeg_tleft_lalpha_mean_full_change_precond;eeg_tleft_halpha_mean_full_change_precond"
2025-11-26 18:30:11.559322,15,"stress_label",5,2,0.1,0.602564102564103,0.602564102564103,0.557264957264957,5,"top5","eeg_tleft_sampent_full_change_precond;gsr_skin_conductance_eda_tonic_mean_nk_full_change_precond;eeg_pright_sampent_full_change_precond;eeg_tleft_lalpha_mean_full_change_precond;eeg_tleft_halpha_mean_full_change_precond"
2025-11-26 18:30:12.321839,15,"stress_label",5,4,0.1,0.583333333333333,0.532051282051282,0.55982905982906,5,"top5","eeg_tleft_sampent_full_change_precond;gsr_skin_conductance_eda_tonic_mean_nk_full_change_precond;eeg_pright_sampent_full_change_precond;eeg_tleft_lalpha_mean_full_change_precond;eeg_tleft_halpha_mean_full_change_precond"
2025-11-26 18:30:13.114847,15,"stress_label",5,8,0.1,0.583333333333333,0.551282051282051,0.561538461538462,5,"top5","eeg_tleft_sampent_full_change_precond;gsr_skin_conductance_eda_tonic_mean_nk_full_change_precond;eeg_pright_sampent_full_change_precond;eeg_tleft_lalpha_mean_full_change_precond;eeg_tleft_halpha_mean_full_change_precond"
2025-11-26 18:30:13.949333,15,"stress_label",5,16,0.1,0.551282051282051,0.448717948717949,NA,5,"top5","eeg_tleft_sampent_full_change_precond;gsr_skin_conductance_eda_tonic_mean_nk_full_change_precond;eeg_pright_sampent_full_change_precond;eeg_tleft_lalpha_mean_full_change_precond;eeg_tleft_halpha_mean_full_change_precond"
2025-11-26 18:30:14.888186,15,"stress_label",5,32,0.1,0.538461538461538,0.41025641025641,NA,5,"top5","eeg_tleft_sampent_full_change_precond;gsr_skin_conductance_eda_tonic_mean_nk_full_change_precond;eeg_pright_sampent_full_change_precond;eeg_tleft_lalpha_mean_full_change_precond;eeg_tleft_halpha_mean_full_change_precond"
2025-11-26 18:30:15.875728,15,"stress_label",5,64,0.1,0.525641025641026,0.41025641025641,NA,5,"top5","eeg_tleft_sampent_full_change_precond;gsr_skin_conductance_eda_tonic_mean_nk_full_change_precond;eeg_pright_sampent_full_change_precond;eeg_tleft_lalpha_mean_full_change_precond;eeg_tleft_halpha_mean_full_change_precond"
2025-11-26 18:30:16.912283,15,"stress_label",5,128,0.1,0.512820512820513,0.5,NA,5,"top5","eeg_tleft_sampent_full_change_precond;gsr_skin_conductance_eda_tonic_mean_nk_full_change_precond;eeg_pright_sampent_full_change_precond;eeg_tleft_lalpha_mean_full_change_precond;eeg_tleft_halpha_mean_full_change_precond"
2025-11-26 18:30:18.443928,15,"stress_label",5,256,0.1,0.480769230769231,0.512820512820513,NA,5,"top5","eeg_tleft_sampent_full_change_precond;gsr_skin_conductance_eda_tonic_mean_nk_full_change_precond;eeg_pright_sampent_full_change_precond;eeg_tleft_lalpha_mean_full_change_precond;eeg_tleft_halpha_mean_full_change_precond"
2025-11-26 18:30:19.715559,16,"stress_label",20,2,0.0078125,0.551282051282051,0.628205128205128,0.527350427350427,20,"top20","eeg_tleft_sampent_full_change_precond;eeg_tleft_halpha_mean_full_change_precond;pupil_dilation_sd_full_change_precond;eeg_c_theta_mean_full_change_precond;hrv_rmssd_full_change_precond;eeg_tleft_lalpha_mean_full_change_precond;eeg_pright_sampent_full_change_precond;eeg_t_sampent_full_change_precond;gsr_skin_conductance_eda_tonic_mean_nk_full_change_precond;eeg_fm_theta_mean_full_change_precond;eeg_fl_hbeta_mean_full_change_precond;eeg_pleft_halpha_mean_full_change_precond;eeg_c_specent_full_change_precond;eeg_pleft_lbeta_mean_full_change_precond;eeg_fr_sampent_full_change_precond;hr_heartrate_bpm_med_abs_full_change_precond;eeg_tright_halpha_mean_full_change_precond;eeg_pright_halpha_mean_full_change_precond;eeg_tleft_theta_mean_full_change_precond;eeg_c_sampent_full_change_precond"
2025-11-26 18:30:20.750338,16,"stress_label",20,4,0.0078125,0.551282051282051,0.628205128205128,0.527350427350427,20,"top20","eeg_tleft_sampent_full_change_precond;eeg_tleft_halpha_mean_full_change_precond;pupil_dilation_sd_full_change_precond;eeg_c_theta_mean_full_change_precond;hrv_rmssd_full_change_precond;eeg_tleft_lalpha_mean_full_change_precond;eeg_pright_sampent_full_change_precond;eeg_t_sampent_full_change_precond;gsr_skin_conductance_eda_tonic_mean_nk_full_change_precond;eeg_fm_theta_mean_full_change_precond;eeg_fl_hbeta_mean_full_change_precond;eeg_pleft_halpha_mean_full_change_precond;eeg_c_specent_full_change_precond;eeg_pleft_lbeta_mean_full_change_precond;eeg_fr_sampent_full_change_precond;hr_heartrate_bpm_med_abs_full_change_precond;eeg_tright_halpha_mean_full_change_precond;eeg_pright_halpha_mean_full_change_precond;eeg_tleft_theta_mean_full_change_precond;eeg_c_sampent_full_change_precond"
2025-11-26 18:30:21.802336,16,"stress_label",20,8,0.0078125,0.525641025641026,0.628205128205128,0.527350427350427,20,"top20","eeg_tleft_sampent_full_change_precond;eeg_tleft_halpha_mean_full_change_precond;pupil_dilation_sd_full_change_precond;eeg_c_theta_mean_full_change_precond;hrv_rmssd_full_change_precond;eeg_tleft_lalpha_mean_full_change_precond;eeg_pright_sampent_full_change_precond;eeg_t_sampent_full_change_precond;gsr_skin_conductance_eda_tonic_mean_nk_full_change_precond;eeg_fm_theta_mean_full_change_precond;eeg_fl_hbeta_mean_full_change_precond;eeg_pleft_halpha_mean_full_change_precond;eeg_c_specent_full_change_precond;eeg_pleft_lbeta_mean_full_change_precond;eeg_fr_sampent_full_change_precond;hr_heartrate_bpm_med_abs_full_change_precond;eeg_tright_halpha_mean_full_change_precond;eeg_pright_halpha_mean_full_change_precond;eeg_tleft_theta_mean_full_change_precond;eeg_c_sampent_full_change_precond"
2025-11-26 18:30:22.86026,16,"stress_label",20,16,0.0078125,0.538461538461538,0.544871794871795,0.529059829059829,20,"top20","eeg_tleft_sampent_full_change_precond;eeg_tleft_halpha_mean_full_change_precond;pupil_dilation_sd_full_change_precond;eeg_c_theta_mean_full_change_precond;hrv_rmssd_full_change_precond;eeg_tleft_lalpha_mean_full_change_precond;eeg_pright_sampent_full_change_precond;eeg_t_sampent_full_change_precond;gsr_skin_conductance_eda_tonic_mean_nk_full_change_precond;eeg_fm_theta_mean_full_change_precond;eeg_fl_hbeta_mean_full_change_precond;eeg_pleft_halpha_mean_full_change_precond;eeg_c_specent_full_change_precond;eeg_pleft_lbeta_mean_full_change_precond;eeg_fr_sampent_full_change_precond;hr_heartrate_bpm_med_abs_full_change_precond;eeg_tright_halpha_mean_full_change_precond;eeg_pright_halpha_mean_full_change_precond;eeg_tleft_theta_mean_full_change_precond;eeg_c_sampent_full_change_precond"
2025-11-26 18:30:23.94303,16,"stress_label",20,32,0.0078125,0.525641025641026,0.557692307692308,0.512820512820513,20,"top20","eeg_tleft_sampent_full_change_precond;eeg_tleft_halpha_mean_full_change_precond;pupil_dilation_sd_full_change_precond;eeg_c_theta_mean_full_change_precond;hrv_rmssd_full_change_precond;eeg_tleft_lalpha_mean_full_change_precond;eeg_pright_sampent_full_change_precond;eeg_t_sampent_full_change_precond;gsr_skin_conductance_eda_tonic_mean_nk_full_change_precond;eeg_fm_theta_mean_full_change_precond;eeg_fl_hbeta_mean_full_change_precond;eeg_pleft_halpha_mean_full_change_precond;eeg_c_specent_full_change_precond;eeg_pleft_lbeta_mean_full_change_precond;eeg_fr_sampent_full_change_precond;hr_heartrate_bpm_med_abs_full_change_precond;eeg_tright_halpha_mean_full_change_precond;eeg_pright_halpha_mean_full_change_precond;eeg_tleft_theta_mean_full_change_precond;eeg_c_sampent_full_change_precond"
2025-11-26 18:30:25.03085,16,"stress_label",20,64,0.0078125,0.5,0.532051282051282,NA,20,"top20","eeg_tleft_sampent_full_change_precond;eeg_tleft_halpha_mean_full_change_precond;pupil_dilation_sd_full_change_precond;eeg_c_theta_mean_full_change_precond;hrv_rmssd_full_change_precond;eeg_tleft_lalpha_mean_full_change_precond;eeg_pright_sampent_full_change_precond;eeg_t_sampent_full_change_precond;gsr_skin_conductance_eda_tonic_mean_nk_full_change_precond;eeg_fm_theta_mean_full_change_precond;eeg_fl_hbeta_mean_full_change_precond;eeg_pleft_halpha_mean_full_change_precond;eeg_c_specent_full_change_precond;eeg_pleft_lbeta_mean_full_change_precond;eeg_fr_sampent_full_change_precond;hr_heartrate_bpm_med_abs_full_change_precond;eeg_tright_halpha_mean_full_change_precond;eeg_pright_halpha_mean_full_change_precond;eeg_tleft_theta_mean_full_change_precond;eeg_c_sampent_full_change_precond"
2025-11-26 18:30:26.349524,16,"stress_label",20,128,0.0078125,0.557692307692308,0.57051282051282,NA,20,"top20","eeg_tleft_sampent_full_change_precond;eeg_tleft_halpha_mean_full_change_precond;pupil_dilation_sd_full_change_precond;eeg_c_theta_mean_full_change_precond;hrv_rmssd_full_change_precond;eeg_tleft_lalpha_mean_full_change_precond;eeg_pright_sampent_full_change_precond;eeg_t_sampent_full_change_precond;gsr_skin_conductance_eda_tonic_mean_nk_full_change_precond;eeg_fm_theta_mean_full_change_precond;eeg_fl_hbeta_mean_full_change_precond;eeg_pleft_halpha_mean_full_change_precond;eeg_c_specent_full_change_precond;eeg_pleft_lbeta_mean_full_change_precond;eeg_fr_sampent_full_change_precond;hr_heartrate_bpm_med_abs_full_change_precond;eeg_tright_halpha_mean_full_change_precond;eeg_pright_halpha_mean_full_change_precond;eeg_tleft_theta_mean_full_change_precond;eeg_c_sampent_full_change_precond"
2025-11-26 18:30:27.896,16,"stress_label",20,256,0.0078125,0.544871794871795,0.557692307692308,NA,20,"top20","eeg_tleft_sampent_full_change_precond;eeg_tleft_halpha_mean_full_change_precond;pupil_dilation_sd_full_change_precond;eeg_c_theta_mean_full_change_precond;hrv_rmssd_full_change_precond;eeg_tleft_lalpha_mean_full_change_precond;eeg_pright_sampent_full_change_precond;eeg_t_sampent_full_change_precond;gsr_skin_conductance_eda_tonic_mean_nk_full_change_precond;eeg_fm_theta_mean_full_change_precond;eeg_fl_hbeta_mean_full_change_precond;eeg_pleft_halpha_mean_full_change_precond;eeg_c_specent_full_change_precond;eeg_pleft_lbeta_mean_full_change_precond;eeg_fr_sampent_full_change_precond;hr_heartrate_bpm_med_abs_full_change_precond;eeg_tright_halpha_mean_full_change_precond;eeg_pright_halpha_mean_full_change_precond;eeg_tleft_theta_mean_full_change_precond;eeg_c_sampent_full_change_precond"
2025-11-26 18:30:28.831116,16,"stress_label",20,2,0.015625,0.551282051282051,0.628205128205128,0.534188034188034,20,"top20","eeg_tleft_sampent_full_change_precond;eeg_tleft_halpha_mean_full_change_precond;pupil_dilation_sd_full_change_precond;eeg_c_theta_mean_full_change_precond;hrv_rmssd_full_change_precond;eeg_tleft_lalpha_mean_full_change_precond;eeg_pright_sampent_full_change_precond;eeg_t_sampent_full_change_precond;gsr_skin_conductance_eda_tonic_mean_nk_full_change_precond;eeg_fm_theta_mean_full_change_precond;eeg_fl_hbeta_mean_full_change_precond;eeg_pleft_halpha_mean_full_change_precond;eeg_c_specent_full_change_precond;eeg_pleft_lbeta_mean_full_change_precond;eeg_fr_sampent_full_change_precond;hr_heartrate_bpm_med_abs_full_change_precond;eeg_tright_halpha_mean_full_change_precond;eeg_pright_halpha_mean_full_change_precond;eeg_tleft_theta_mean_full_change_precond;eeg_c_sampent_full_change_precond"
2025-11-26 18:30:29.842084,16,"stress_label",20,4,0.015625,0.544871794871795,0.615384615384615,0.542735042735043,20,"top20","eeg_tleft_sampent_full_change_precond;eeg_tleft_halpha_mean_full_change_precond;pupil_dilation_sd_full_change_precond;eeg_c_theta_mean_full_change_precond;hrv_rmssd_full_change_precond;eeg_tleft_lalpha_mean_full_change_precond;eeg_pright_sampent_full_change_precond;eeg_t_sampent_full_change_precond;gsr_skin_conductance_eda_tonic_mean_nk_full_change_precond;eeg_fm_theta_mean_full_change_precond;eeg_fl_hbeta_mean_full_change_precond;eeg_pleft_halpha_mean_full_change_precond;eeg_c_specent_full_change_precond;eeg_pleft_lbeta_mean_full_change_precond;eeg_fr_sampent_full_change_precond;hr_heartrate_bpm_med_abs_full_change_precond;eeg_tright_halpha_mean_full_change_precond;eeg_pright_halpha_mean_full_change_precond;eeg_tleft_theta_mean_full_change_precond;eeg_c_sampent_full_change_precond"
2025-11-26 18:30:30.721688,16,"stress_label",20,8,0.015625,0.519230769230769,0.557692307692308,0.498290598290598,20,"top20","eeg_tleft_sampent_full_change_precond;eeg_tleft_halpha_mean_full_change_precond;pupil_dilation_sd_full_change_precond;eeg_c_theta_mean_full_change_precond;hrv_rmssd_full_change_precond;eeg_tleft_lalpha_mean_full_change_precond;eeg_pright_sampent_full_change_precond;eeg_t_sampent_full_change_precond;gsr_skin_conductance_eda_tonic_mean_nk_full_change_precond;eeg_fm_theta_mean_full_change_precond;eeg_fl_hbeta_mean_full_change_precond;eeg_pleft_halpha_mean_full_change_precond;eeg_c_specent_full_change_precond;eeg_pleft_lbeta_mean_full_change_precond;eeg_fr_sampent_full_change_precond;hr_heartrate_bpm_med_abs_full_change_precond;eeg_tright_halpha_mean_full_change_precond;eeg_pright_halpha_mean_full_change_precond;eeg_tleft_theta_mean_full_change_precond;eeg_c_sampent_full_change_precond"
2025-11-26 18:30:31.795983,16,"stress_label",20,16,0.015625,0.506410256410256,0.519230769230769,NA,20,"top20","eeg_tleft_sampent_full_change_precond;eeg_tleft_halpha_mean_full_change_precond;pupil_dilation_sd_full_change_precond;eeg_c_theta_mean_full_change_precond;hrv_rmssd_full_change_precond;eeg_tleft_lalpha_mean_full_change_precond;eeg_pright_sampent_full_change_precond;eeg_t_sampent_full_change_precond;gsr_skin_conductance_eda_tonic_mean_nk_full_change_precond;eeg_fm_theta_mean_full_change_precond;eeg_fl_hbeta_mean_full_change_precond;eeg_pleft_halpha_mean_full_change_precond;eeg_c_specent_full_change_precond;eeg_pleft_lbeta_mean_full_change_precond;eeg_fr_sampent_full_change_precond;hr_heartrate_bpm_med_abs_full_change_precond;eeg_tright_halpha_mean_full_change_precond;eeg_pright_halpha_mean_full_change_precond;eeg_tleft_theta_mean_full_change_precond;eeg_c_sampent_full_change_precond"
2025-11-26 18:30:32.923522,16,"stress_label",20,32,0.015625,0.525641025641026,0.551282051282051,NA,20,"top20","eeg_tleft_sampent_full_change_precond;eeg_tleft_halpha_mean_full_change_precond;pupil_dilation_sd_full_change_precond;eeg_c_theta_mean_full_change_precond;hrv_rmssd_full_change_precond;eeg_tleft_lalpha_mean_full_change_precond;eeg_pright_sampent_full_change_precond;eeg_t_sampent_full_change_precond;gsr_skin_conductance_eda_tonic_mean_nk_full_change_precond;eeg_fm_theta_mean_full_change_precond;eeg_fl_hbeta_mean_full_change_precond;eeg_pleft_halpha_mean_full_change_precond;eeg_c_specent_full_change_precond;eeg_pleft_lbeta_mean_full_change_precond;eeg_fr_sampent_full_change_precond;hr_heartrate_bpm_med_abs_full_change_precond;eeg_tright_halpha_mean_full_change_precond;eeg_pright_halpha_mean_full_change_precond;eeg_tleft_theta_mean_full_change_precond;eeg_c_sampent_full_change_precond"
2025-11-26 18:30:34.148567,16,"stress_label",20,64,0.015625,0.544871794871795,0.512820512820513,NA,20,"top20","eeg_tleft_sampent_full_change_precond;eeg_tleft_halpha_mean_full_change_precond;pupil_dilation_sd_full_change_precond;eeg_c_theta_mean_full_change_precond;hrv_rmssd_full_change_precond;eeg_tleft_lalpha_mean_full_change_precond;eeg_pright_sampent_full_change_precond;eeg_t_sampent_full_change_precond;gsr_skin_conductance_eda_tonic_mean_nk_full_change_precond;eeg_fm_theta_mean_full_change_precond;eeg_fl_hbeta_mean_full_change_precond;eeg_pleft_halpha_mean_full_change_precond;eeg_c_specent_full_change_precond;eeg_pleft_lbeta_mean_full_change_precond;eeg_fr_sampent_full_change_precond;hr_heartrate_bpm_med_abs_full_change_precond;eeg_tright_halpha_mean_full_change_precond;eeg_pright_halpha_mean_full_change_precond;eeg_tleft_theta_mean_full_change_precond;eeg_c_sampent_full_change_precond"
2025-11-26 18:30:35.715949,16,"stress_label",20,128,0.015625,0.525641025641026,0.506410256410256,NA,20,"top20","eeg_tleft_sampent_full_change_precond;eeg_tleft_halpha_mean_full_change_precond;pupil_dilation_sd_full_change_precond;eeg_c_theta_mean_full_change_precond;hrv_rmssd_full_change_precond;eeg_tleft_lalpha_mean_full_change_precond;eeg_pright_sampent_full_change_precond;eeg_t_sampent_full_change_precond;gsr_skin_conductance_eda_tonic_mean_nk_full_change_precond;eeg_fm_theta_mean_full_change_precond;eeg_fl_hbeta_mean_full_change_precond;eeg_pleft_halpha_mean_full_change_precond;eeg_c_specent_full_change_precond;eeg_pleft_lbeta_mean_full_change_precond;eeg_fr_sampent_full_change_precond;hr_heartrate_bpm_med_abs_full_change_precond;eeg_tright_halpha_mean_full_change_precond;eeg_pright_halpha_mean_full_change_precond;eeg_tleft_theta_mean_full_change_precond;eeg_c_sampent_full_change_precond"
2025-11-26 18:30:36.889579,16,"stress_label",20,256,0.015625,0.532051282051282,0.576923076923077,NA,20,"top20","eeg_tleft_sampent_full_change_precond;eeg_tleft_halpha_mean_full_change_precond;pupil_dilation_sd_full_change_precond;eeg_c_theta_mean_full_change_precond;hrv_rmssd_full_change_precond;eeg_tleft_lalpha_mean_full_change_precond;eeg_pright_sampent_full_change_precond;eeg_t_sampent_full_change_precond;gsr_skin_conductance_eda_tonic_mean_nk_full_change_precond;eeg_fm_theta_mean_full_change_precond;eeg_fl_hbeta_mean_full_change_precond;eeg_pleft_halpha_mean_full_change_precond;eeg_c_specent_full_change_precond;eeg_pleft_lbeta_mean_full_change_precond;eeg_fr_sampent_full_change_precond;hr_heartrate_bpm_med_abs_full_change_precond;eeg_tright_halpha_mean_full_change_precond;eeg_pright_halpha_mean_full_change_precond;eeg_tleft_theta_mean_full_change_precond;eeg_c_sampent_full_change_precond"
2025-11-26 18:30:37.894809,16,"stress_label",20,2,0.03125,0.538461538461538,0.576923076923077,0.527350427350427,20,"top20","eeg_tleft_sampent_full_change_precond;eeg_tleft_halpha_mean_full_change_precond;pupil_dilation_sd_full_change_precond;eeg_c_theta_mean_full_change_precond;hrv_rmssd_full_change_precond;eeg_tleft_lalpha_mean_full_change_precond;eeg_pright_sampent_full_change_precond;eeg_t_sampent_full_change_precond;gsr_skin_conductance_eda_tonic_mean_nk_full_change_precond;eeg_fm_theta_mean_full_change_precond;eeg_fl_hbeta_mean_full_change_precond;eeg_pleft_halpha_mean_full_change_precond;eeg_c_specent_full_change_precond;eeg_pleft_lbeta_mean_full_change_precond;eeg_fr_sampent_full_change_precond;hr_heartrate_bpm_med_abs_full_change_precond;eeg_tright_halpha_mean_full_change_precond;eeg_pright_halpha_mean_full_change_precond;eeg_tleft_theta_mean_full_change_precond;eeg_c_sampent_full_change_precond"
2025-11-26 18:30:38.764512,16,"stress_label",20,4,0.03125,0.551282051282051,0.551282051282051,0.533333333333333,20,"top20","eeg_tleft_sampent_full_change_precond;eeg_tleft_halpha_mean_full_change_precond;pupil_dilation_sd_full_change_precond;eeg_c_theta_mean_full_change_precond;hrv_rmssd_full_change_precond;eeg_tleft_lalpha_mean_full_change_precond;eeg_pright_sampent_full_change_precond;eeg_t_sampent_full_change_precond;gsr_skin_conductance_eda_tonic_mean_nk_full_change_precond;eeg_fm_theta_mean_full_change_precond;eeg_fl_hbeta_mean_full_change_precond;eeg_pleft_halpha_mean_full_change_precond;eeg_c_specent_full_change_precond;eeg_pleft_lbeta_mean_full_change_precond;eeg_fr_sampent_full_change_precond;hr_heartrate_bpm_med_abs_full_change_precond;eeg_tright_halpha_mean_full_change_precond;eeg_pright_halpha_mean_full_change_precond;eeg_tleft_theta_mean_full_change_precond;eeg_c_sampent_full_change_precond"
2025-11-26 18:30:39.855053,16,"stress_label",20,8,0.03125,0.519230769230769,0.525641025641026,NA,20,"top20","eeg_tleft_sampent_full_change_precond;eeg_tleft_halpha_mean_full_change_precond;pupil_dilation_sd_full_change_precond;eeg_c_theta_mean_full_change_precond;hrv_rmssd_full_change_precond;eeg_tleft_lalpha_mean_full_change_precond;eeg_pright_sampent_full_change_precond;eeg_t_sampent_full_change_precond;gsr_skin_conductance_eda_tonic_mean_nk_full_change_precond;eeg_fm_theta_mean_full_change_precond;eeg_fl_hbeta_mean_full_change_precond;eeg_pleft_halpha_mean_full_change_precond;eeg_c_specent_full_change_precond;eeg_pleft_lbeta_mean_full_change_precond;eeg_fr_sampent_full_change_precond;hr_heartrate_bpm_med_abs_full_change_precond;eeg_tright_halpha_mean_full_change_precond;eeg_pright_halpha_mean_full_change_precond;eeg_tleft_theta_mean_full_change_precond;eeg_c_sampent_full_change_precond"
2025-11-26 18:30:40.976753,16,"stress_label",20,16,0.03125,0.544871794871795,0.525641025641026,NA,20,"top20","eeg_tleft_sampent_full_change_precond;eeg_tleft_halpha_mean_full_change_precond;pupil_dilation_sd_full_change_precond;eeg_c_theta_mean_full_change_precond;hrv_rmssd_full_change_precond;eeg_tleft_lalpha_mean_full_change_precond;eeg_pright_sampent_full_change_precond;eeg_t_sampent_full_change_precond;gsr_skin_conductance_eda_tonic_mean_nk_full_change_precond;eeg_fm_theta_mean_full_change_precond;eeg_fl_hbeta_mean_full_change_precond;eeg_pleft_halpha_mean_full_change_precond;eeg_c_specent_full_change_precond;eeg_pleft_lbeta_mean_full_change_precond;eeg_fr_sampent_full_change_precond;hr_heartrate_bpm_med_abs_full_change_precond;eeg_tright_halpha_mean_full_change_precond;eeg_pright_halpha_mean_full_change_precond;eeg_tleft_theta_mean_full_change_precond;eeg_c_sampent_full_change_precond"
2025-11-26 18:30:42.197056,16,"stress_label",20,32,0.03125,0.544871794871795,0.532051282051282,NA,20,"top20","eeg_tleft_sampent_full_change_precond;eeg_tleft_halpha_mean_full_change_precond;pupil_dilation_sd_full_change_precond;eeg_c_theta_mean_full_change_precond;hrv_rmssd_full_change_precond;eeg_tleft_lalpha_mean_full_change_precond;eeg_pright_sampent_full_change_precond;eeg_t_sampent_full_change_precond;gsr_skin_conductance_eda_tonic_mean_nk_full_change_precond;eeg_fm_theta_mean_full_change_precond;eeg_fl_hbeta_mean_full_change_precond;eeg_pleft_halpha_mean_full_change_precond;eeg_c_specent_full_change_precond;eeg_pleft_lbeta_mean_full_change_precond;eeg_fr_sampent_full_change_precond;hr_heartrate_bpm_med_abs_full_change_precond;eeg_tright_halpha_mean_full_change_precond;eeg_pright_halpha_mean_full_change_precond;eeg_tleft_theta_mean_full_change_precond;eeg_c_sampent_full_change_precond"
2025-11-26 18:30:43.377895,16,"stress_label",20,64,0.03125,0.538461538461538,0.461538461538462,NA,20,"top20","eeg_tleft_sampent_full_change_precond;eeg_tleft_halpha_mean_full_change_precond;pupil_dilation_sd_full_change_precond;eeg_c_theta_mean_full_change_precond;hrv_rmssd_full_change_precond;eeg_tleft_lalpha_mean_full_change_precond;eeg_pright_sampent_full_change_precond;eeg_t_sampent_full_change_precond;gsr_skin_conductance_eda_tonic_mean_nk_full_change_precond;eeg_fm_theta_mean_full_change_precond;eeg_fl_hbeta_mean_full_change_precond;eeg_pleft_halpha_mean_full_change_precond;eeg_c_specent_full_change_precond;eeg_pleft_lbeta_mean_full_change_precond;eeg_fr_sampent_full_change_precond;hr_heartrate_bpm_med_abs_full_change_precond;eeg_tright_halpha_mean_full_change_precond;eeg_pright_halpha_mean_full_change_precond;eeg_tleft_theta_mean_full_change_precond;eeg_c_sampent_full_change_precond"
2025-11-26 18:30:44.634449,16,"stress_label",20,128,0.03125,0.544871794871795,0.551282051282051,NA,20,"top20","eeg_tleft_sampent_full_change_precond;eeg_tleft_halpha_mean_full_change_precond;pupil_dilation_sd_full_change_precond;eeg_c_theta_mean_full_change_precond;hrv_rmssd_full_change_precond;eeg_tleft_lalpha_mean_full_change_precond;eeg_pright_sampent_full_change_precond;eeg_t_sampent_full_change_precond;gsr_skin_conductance_eda_tonic_mean_nk_full_change_precond;eeg_fm_theta_mean_full_change_precond;eeg_fl_hbeta_mean_full_change_precond;eeg_pleft_halpha_mean_full_change_precond;eeg_c_specent_full_change_precond;eeg_pleft_lbeta_mean_full_change_precond;eeg_fr_sampent_full_change_precond;hr_heartrate_bpm_med_abs_full_change_precond;eeg_tright_halpha_mean_full_change_precond;eeg_pright_halpha_mean_full_change_precond;eeg_tleft_theta_mean_full_change_precond;eeg_c_sampent_full_change_precond"
2025-11-26 18:30:45.894333,16,"stress_label",20,256,0.03125,0.544871794871795,0.551282051282051,NA,20,"top20","eeg_tleft_sampent_full_change_precond;eeg_tleft_halpha_mean_full_change_precond;pupil_dilation_sd_full_change_precond;eeg_c_theta_mean_full_change_precond;hrv_rmssd_full_change_precond;eeg_tleft_lalpha_mean_full_change_precond;eeg_pright_sampent_full_change_precond;eeg_t_sampent_full_change_precond;gsr_skin_conductance_eda_tonic_mean_nk_full_change_precond;eeg_fm_theta_mean_full_change_precond;eeg_fl_hbeta_mean_full_change_precond;eeg_pleft_halpha_mean_full_change_precond;eeg_c_specent_full_change_precond;eeg_pleft_lbeta_mean_full_change_precond;eeg_fr_sampent_full_change_precond;hr_heartrate_bpm_med_abs_full_change_precond;eeg_tright_halpha_mean_full_change_precond;eeg_pright_halpha_mean_full_change_precond;eeg_tleft_theta_mean_full_change_precond;eeg_c_sampent_full_change_precond"
2025-11-26 18:30:46.874681,16,"stress_label",20,2,0.0625,0.564102564102564,0.474358974358974,0.552136752136752,20,"top20","eeg_tleft_sampent_full_change_precond;eeg_tleft_halpha_mean_full_change_precond;pupil_dilation_sd_full_change_precond;eeg_c_theta_mean_full_change_precond;hrv_rmssd_full_change_precond;eeg_tleft_lalpha_mean_full_change_precond;eeg_pright_sampent_full_change_precond;eeg_t_sampent_full_change_precond;gsr_skin_conductance_eda_tonic_mean_nk_full_change_precond;eeg_fm_theta_mean_full_change_precond;eeg_fl_hbeta_mean_full_change_precond;eeg_pleft_halpha_mean_full_change_precond;eeg_c_specent_full_change_precond;eeg_pleft_lbeta_mean_full_change_precond;eeg_fr_sampent_full_change_precond;hr_heartrate_bpm_med_abs_full_change_precond;eeg_tright_halpha_mean_full_change_precond;eeg_pright_halpha_mean_full_change_precond;eeg_tleft_theta_mean_full_change_precond;eeg_c_sampent_full_change_precond"
2025-11-26 18:30:47.870925,16,"stress_label",20,4,0.0625,0.544871794871795,0.544871794871795,NA,20,"top20","eeg_tleft_sampent_full_change_precond;eeg_tleft_halpha_mean_full_change_precond;pupil_dilation_sd_full_change_precond;eeg_c_theta_mean_full_change_precond;hrv_rmssd_full_change_precond;eeg_tleft_lalpha_mean_full_change_precond;eeg_pright_sampent_full_change_precond;eeg_t_sampent_full_change_precond;gsr_skin_conductance_eda_tonic_mean_nk_full_change_precond;eeg_fm_theta_mean_full_change_precond;eeg_fl_hbeta_mean_full_change_precond;eeg_pleft_halpha_mean_full_change_precond;eeg_c_specent_full_change_precond;eeg_pleft_lbeta_mean_full_change_precond;eeg_fr_sampent_full_change_precond;hr_heartrate_bpm_med_abs_full_change_precond;eeg_tright_halpha_mean_full_change_precond;eeg_pright_halpha_mean_full_change_precond;eeg_tleft_theta_mean_full_change_precond;eeg_c_sampent_full_change_precond"
2025-11-26 18:30:49.0094,16,"stress_label",20,8,0.0625,0.538461538461538,0.551282051282051,NA,20,"top20","eeg_tleft_sampent_full_change_precond;eeg_tleft_halpha_mean_full_change_precond;pupil_dilation_sd_full_change_precond;eeg_c_theta_mean_full_change_precond;hrv_rmssd_full_change_precond;eeg_tleft_lalpha_mean_full_change_precond;eeg_pright_sampent_full_change_precond;eeg_t_sampent_full_change_precond;gsr_skin_conductance_eda_tonic_mean_nk_full_change_precond;eeg_fm_theta_mean_full_change_precond;eeg_fl_hbeta_mean_full_change_precond;eeg_pleft_halpha_mean_full_change_precond;eeg_c_specent_full_change_precond;eeg_pleft_lbeta_mean_full_change_precond;eeg_fr_sampent_full_change_precond;hr_heartrate_bpm_med_abs_full_change_precond;eeg_tright_halpha_mean_full_change_precond;eeg_pright_halpha_mean_full_change_precond;eeg_tleft_theta_mean_full_change_precond;eeg_c_sampent_full_change_precond"
2025-11-26 18:30:50.186022,16,"stress_label",20,16,0.0625,0.532051282051282,0.551282051282051,NA,20,"top20","eeg_tleft_sampent_full_change_precond;eeg_tleft_halpha_mean_full_change_precond;pupil_dilation_sd_full_change_precond;eeg_c_theta_mean_full_change_precond;hrv_rmssd_full_change_precond;eeg_tleft_lalpha_mean_full_change_precond;eeg_pright_sampent_full_change_precond;eeg_t_sampent_full_change_precond;gsr_skin_conductance_eda_tonic_mean_nk_full_change_precond;eeg_fm_theta_mean_full_change_precond;eeg_fl_hbeta_mean_full_change_precond;eeg_pleft_halpha_mean_full_change_precond;eeg_c_specent_full_change_precond;eeg_pleft_lbeta_mean_full_change_precond;eeg_fr_sampent_full_change_precond;hr_heartrate_bpm_med_abs_full_change_precond;eeg_tright_halpha_mean_full_change_precond;eeg_pright_halpha_mean_full_change_precond;eeg_tleft_theta_mean_full_change_precond;eeg_c_sampent_full_change_precond"
2025-11-26 18:30:51.166953,16,"stress_label",20,32,0.0625,0.519230769230769,0.551282051282051,NA,20,"top20","eeg_tleft_sampent_full_change_precond;eeg_tleft_halpha_mean_full_change_precond;pupil_dilation_sd_full_change_precond;eeg_c_theta_mean_full_change_precond;hrv_rmssd_full_change_precond;eeg_tleft_lalpha_mean_full_change_precond;eeg_pright_sampent_full_change_precond;eeg_t_sampent_full_change_precond;gsr_skin_conductance_eda_tonic_mean_nk_full_change_precond;eeg_fm_theta_mean_full_change_precond;eeg_fl_hbeta_mean_full_change_precond;eeg_pleft_halpha_mean_full_change_precond;eeg_c_specent_full_change_precond;eeg_pleft_lbeta_mean_full_change_precond;eeg_fr_sampent_full_change_precond;hr_heartrate_bpm_med_abs_full_change_precond;eeg_tright_halpha_mean_full_change_precond;eeg_pright_halpha_mean_full_change_precond;eeg_tleft_theta_mean_full_change_precond;eeg_c_sampent_full_change_precond"
2025-11-26 18:30:52.100698,16,"stress_label",20,64,0.0625,0.519230769230769,0.551282051282051,NA,20,"top20","eeg_tleft_sampent_full_change_precond;eeg_tleft_halpha_mean_full_change_precond;pupil_dilation_sd_full_change_precond;eeg_c_theta_mean_full_change_precond;hrv_rmssd_full_change_precond;eeg_tleft_lalpha_mean_full_change_precond;eeg_pright_sampent_full_change_precond;eeg_t_sampent_full_change_precond;gsr_skin_conductance_eda_tonic_mean_nk_full_change_precond;eeg_fm_theta_mean_full_change_precond;eeg_fl_hbeta_mean_full_change_precond;eeg_pleft_halpha_mean_full_change_precond;eeg_c_specent_full_change_precond;eeg_pleft_lbeta_mean_full_change_precond;eeg_fr_sampent_full_change_precond;hr_heartrate_bpm_med_abs_full_change_precond;eeg_tright_halpha_mean_full_change_precond;eeg_pright_halpha_mean_full_change_precond;eeg_tleft_theta_mean_full_change_precond;eeg_c_sampent_full_change_precond"
2025-11-26 18:30:53.14678,16,"stress_label",20,128,0.0625,0.519230769230769,0.551282051282051,NA,20,"top20","eeg_tleft_sampent_full_change_precond;eeg_tleft_halpha_mean_full_change_precond;pupil_dilation_sd_full_change_precond;eeg_c_theta_mean_full_change_precond;hrv_rmssd_full_change_precond;eeg_tleft_lalpha_mean_full_change_precond;eeg_pright_sampent_full_change_precond;eeg_t_sampent_full_change_precond;gsr_skin_conductance_eda_tonic_mean_nk_full_change_precond;eeg_fm_theta_mean_full_change_precond;eeg_fl_hbeta_mean_full_change_precond;eeg_pleft_halpha_mean_full_change_precond;eeg_c_specent_full_change_precond;eeg_pleft_lbeta_mean_full_change_precond;eeg_fr_sampent_full_change_precond;hr_heartrate_bpm_med_abs_full_change_precond;eeg_tright_halpha_mean_full_change_precond;eeg_pright_halpha_mean_full_change_precond;eeg_tleft_theta_mean_full_change_precond;eeg_c_sampent_full_change_precond"
2025-11-26 18:30:54.296608,16,"stress_label",20,256,0.0625,0.519230769230769,0.551282051282051,NA,20,"top20","eeg_tleft_sampent_full_change_precond;eeg_tleft_halpha_mean_full_change_precond;pupil_dilation_sd_full_change_precond;eeg_c_theta_mean_full_change_precond;hrv_rmssd_full_change_precond;eeg_tleft_lalpha_mean_full_change_precond;eeg_pright_sampent_full_change_precond;eeg_t_sampent_full_change_precond;gsr_skin_conductance_eda_tonic_mean_nk_full_change_precond;eeg_fm_theta_mean_full_change_precond;eeg_fl_hbeta_mean_full_change_precond;eeg_pleft_halpha_mean_full_change_precond;eeg_c_specent_full_change_precond;eeg_pleft_lbeta_mean_full_change_precond;eeg_fr_sampent_full_change_precond;hr_heartrate_bpm_med_abs_full_change_precond;eeg_tright_halpha_mean_full_change_precond;eeg_pright_halpha_mean_full_change_precond;eeg_tleft_theta_mean_full_change_precond;eeg_c_sampent_full_change_precond"
2025-11-26 18:30:55.395377,16,"stress_label",20,2,0.125,0.532051282051282,0.512820512820513,NA,20,"top20","eeg_tleft_sampent_full_change_precond;eeg_tleft_halpha_mean_full_change_precond;pupil_dilation_sd_full_change_precond;eeg_c_theta_mean_full_change_precond;hrv_rmssd_full_change_precond;eeg_tleft_lalpha_mean_full_change_precond;eeg_pright_sampent_full_change_precond;eeg_t_sampent_full_change_precond;gsr_skin_conductance_eda_tonic_mean_nk_full_change_precond;eeg_fm_theta_mean_full_change_precond;eeg_fl_hbeta_mean_full_change_precond;eeg_pleft_halpha_mean_full_change_precond;eeg_c_specent_full_change_precond;eeg_pleft_lbeta_mean_full_change_precond;eeg_fr_sampent_full_change_precond;hr_heartrate_bpm_med_abs_full_change_precond;eeg_tright_halpha_mean_full_change_precond;eeg_pright_halpha_mean_full_change_precond;eeg_tleft_theta_mean_full_change_precond;eeg_c_sampent_full_change_precond"
2025-11-26 18:30:56.511886,16,"stress_label",20,4,0.125,0.519230769230769,0.615384615384615,NA,20,"top20","eeg_tleft_sampent_full_change_precond;eeg_tleft_halpha_mean_full_change_precond;pupil_dilation_sd_full_change_precond;eeg_c_theta_mean_full_change_precond;hrv_rmssd_full_change_precond;eeg_tleft_lalpha_mean_full_change_precond;eeg_pright_sampent_full_change_precond;eeg_t_sampent_full_change_precond;gsr_skin_conductance_eda_tonic_mean_nk_full_change_precond;eeg_fm_theta_mean_full_change_precond;eeg_fl_hbeta_mean_full_change_precond;eeg_pleft_halpha_mean_full_change_precond;eeg_c_specent_full_change_precond;eeg_pleft_lbeta_mean_full_change_precond;eeg_fr_sampent_full_change_precond;hr_heartrate_bpm_med_abs_full_change_precond;eeg_tright_halpha_mean_full_change_precond;eeg_pright_halpha_mean_full_change_precond;eeg_tleft_theta_mean_full_change_precond;eeg_c_sampent_full_change_precond"
2025-11-26 18:30:57.659724,16,"stress_label",20,8,0.125,0.519230769230769,0.564102564102564,NA,20,"top20","eeg_tleft_sampent_full_change_precond;eeg_tleft_halpha_mean_full_change_precond;pupil_dilation_sd_full_change_precond;eeg_c_theta_mean_full_change_precond;hrv_rmssd_full_change_precond;eeg_tleft_lalpha_mean_full_change_precond;eeg_pright_sampent_full_change_precond;eeg_t_sampent_full_change_precond;gsr_skin_conductance_eda_tonic_mean_nk_full_change_precond;eeg_fm_theta_mean_full_change_precond;eeg_fl_hbeta_mean_full_change_precond;eeg_pleft_halpha_mean_full_change_precond;eeg_c_specent_full_change_precond;eeg_pleft_lbeta_mean_full_change_precond;eeg_fr_sampent_full_change_precond;hr_heartrate_bpm_med_abs_full_change_precond;eeg_tright_halpha_mean_full_change_precond;eeg_pright_halpha_mean_full_change_precond;eeg_tleft_theta_mean_full_change_precond;eeg_c_sampent_full_change_precond"
2025-11-26 18:30:58.796662,16,"stress_label",20,16,0.125,0.519230769230769,0.615384615384615,NA,20,"top20","eeg_tleft_sampent_full_change_precond;eeg_tleft_halpha_mean_full_change_precond;pupil_dilation_sd_full_change_precond;eeg_c_theta_mean_full_change_precond;hrv_rmssd_full_change_precond;eeg_tleft_lalpha_mean_full_change_precond;eeg_pright_sampent_full_change_precond;eeg_t_sampent_full_change_precond;gsr_skin_conductance_eda_tonic_mean_nk_full_change_precond;eeg_fm_theta_mean_full_change_precond;eeg_fl_hbeta_mean_full_change_precond;eeg_pleft_halpha_mean_full_change_precond;eeg_c_specent_full_change_precond;eeg_pleft_lbeta_mean_full_change_precond;eeg_fr_sampent_full_change_precond;hr_heartrate_bpm_med_abs_full_change_precond;eeg_tright_halpha_mean_full_change_precond;eeg_pright_halpha_mean_full_change_precond;eeg_tleft_theta_mean_full_change_precond;eeg_c_sampent_full_change_precond"
2025-11-26 18:30:59.863142,16,"stress_label",20,32,0.125,0.519230769230769,0.551282051282051,NA,20,"top20","eeg_tleft_sampent_full_change_precond;eeg_tleft_halpha_mean_full_change_precond;pupil_dilation_sd_full_change_precond;eeg_c_theta_mean_full_change_precond;hrv_rmssd_full_change_precond;eeg_tleft_lalpha_mean_full_change_precond;eeg_pright_sampent_full_change_precond;eeg_t_sampent_full_change_precond;gsr_skin_conductance_eda_tonic_mean_nk_full_change_precond;eeg_fm_theta_mean_full_change_precond;eeg_fl_hbeta_mean_full_change_precond;eeg_pleft_halpha_mean_full_change_precond;eeg_c_specent_full_change_precond;eeg_pleft_lbeta_mean_full_change_precond;eeg_fr_sampent_full_change_precond;hr_heartrate_bpm_med_abs_full_change_precond;eeg_tright_halpha_mean_full_change_precond;eeg_pright_halpha_mean_full_change_precond;eeg_tleft_theta_mean_full_change_precond;eeg_c_sampent_full_change_precond"
2025-11-26 18:31:00.863294,16,"stress_label",20,64,0.125,0.519230769230769,0.564102564102564,NA,20,"top20","eeg_tleft_sampent_full_change_precond;eeg_tleft_halpha_mean_full_change_precond;pupil_dilation_sd_full_change_precond;eeg_c_theta_mean_full_change_precond;hrv_rmssd_full_change_precond;eeg_tleft_lalpha_mean_full_change_precond;eeg_pright_sampent_full_change_precond;eeg_t_sampent_full_change_precond;gsr_skin_conductance_eda_tonic_mean_nk_full_change_precond;eeg_fm_theta_mean_full_change_precond;eeg_fl_hbeta_mean_full_change_precond;eeg_pleft_halpha_mean_full_change_precond;eeg_c_specent_full_change_precond;eeg_pleft_lbeta_mean_full_change_precond;eeg_fr_sampent_full_change_precond;hr_heartrate_bpm_med_abs_full_change_precond;eeg_tright_halpha_mean_full_change_precond;eeg_pright_halpha_mean_full_change_precond;eeg_tleft_theta_mean_full_change_precond;eeg_c_sampent_full_change_precond"
2025-11-26 18:31:01.777371,16,"stress_label",20,128,0.125,0.519230769230769,0.58974358974359,NA,20,"top20","eeg_tleft_sampent_full_change_precond;eeg_tleft_halpha_mean_full_change_precond;pupil_dilation_sd_full_change_precond;eeg_c_theta_mean_full_change_precond;hrv_rmssd_full_change_precond;eeg_tleft_lalpha_mean_full_change_precond;eeg_pright_sampent_full_change_precond;eeg_t_sampent_full_change_precond;gsr_skin_conductance_eda_tonic_mean_nk_full_change_precond;eeg_fm_theta_mean_full_change_precond;eeg_fl_hbeta_mean_full_change_precond;eeg_pleft_halpha_mean_full_change_precond;eeg_c_specent_full_change_precond;eeg_pleft_lbeta_mean_full_change_precond;eeg_fr_sampent_full_change_precond;hr_heartrate_bpm_med_abs_full_change_precond;eeg_tright_halpha_mean_full_change_precond;eeg_pright_halpha_mean_full_change_precond;eeg_tleft_theta_mean_full_change_precond;eeg_c_sampent_full_change_precond"
2025-11-26 18:31:02.64887,16,"stress_label",20,256,0.125,0.519230769230769,0.564102564102564,NA,20,"top20","eeg_tleft_sampent_full_change_precond;eeg_tleft_halpha_mean_full_change_precond;pupil_dilation_sd_full_change_precond;eeg_c_theta_mean_full_change_precond;hrv_rmssd_full_change_precond;eeg_tleft_lalpha_mean_full_change_precond;eeg_pright_sampent_full_change_precond;eeg_t_sampent_full_change_precond;gsr_skin_conductance_eda_tonic_mean_nk_full_change_precond;eeg_fm_theta_mean_full_change_precond;eeg_fl_hbeta_mean_full_change_precond;eeg_pleft_halpha_mean_full_change_precond;eeg_c_specent_full_change_precond;eeg_pleft_lbeta_mean_full_change_precond;eeg_fr_sampent_full_change_precond;hr_heartrate_bpm_med_abs_full_change_precond;eeg_tright_halpha_mean_full_change_precond;eeg_pright_halpha_mean_full_change_precond;eeg_tleft_theta_mean_full_change_precond;eeg_c_sampent_full_change_precond"
2025-11-26 18:31:03.467779,16,"stress_label",20,2,0.03,0.551282051282051,0.583333333333333,0.543589743589744,20,"top20","eeg_tleft_sampent_full_change_precond;eeg_tleft_halpha_mean_full_change_precond;pupil_dilation_sd_full_change_precond;eeg_c_theta_mean_full_change_precond;hrv_rmssd_full_change_precond;eeg_tleft_lalpha_mean_full_change_precond;eeg_pright_sampent_full_change_precond;eeg_t_sampent_full_change_precond;gsr_skin_conductance_eda_tonic_mean_nk_full_change_precond;eeg_fm_theta_mean_full_change_precond;eeg_fl_hbeta_mean_full_change_precond;eeg_pleft_halpha_mean_full_change_precond;eeg_c_specent_full_change_precond;eeg_pleft_lbeta_mean_full_change_precond;eeg_fr_sampent_full_change_precond;hr_heartrate_bpm_med_abs_full_change_precond;eeg_tright_halpha_mean_full_change_precond;eeg_pright_halpha_mean_full_change_precond;eeg_tleft_theta_mean_full_change_precond;eeg_c_sampent_full_change_precond"
2025-11-26 18:31:04.274184,16,"stress_label",20,4,0.03,0.544871794871795,0.551282051282051,0.530769230769231,20,"top20","eeg_tleft_sampent_full_change_precond;eeg_tleft_halpha_mean_full_change_precond;pupil_dilation_sd_full_change_precond;eeg_c_theta_mean_full_change_precond;hrv_rmssd_full_change_precond;eeg_tleft_lalpha_mean_full_change_precond;eeg_pright_sampent_full_change_precond;eeg_t_sampent_full_change_precond;gsr_skin_conductance_eda_tonic_mean_nk_full_change_precond;eeg_fm_theta_mean_full_change_precond;eeg_fl_hbeta_mean_full_change_precond;eeg_pleft_halpha_mean_full_change_precond;eeg_c_specent_full_change_precond;eeg_pleft_lbeta_mean_full_change_precond;eeg_fr_sampent_full_change_precond;hr_heartrate_bpm_med_abs_full_change_precond;eeg_tright_halpha_mean_full_change_precond;eeg_pright_halpha_mean_full_change_precond;eeg_tleft_theta_mean_full_change_precond;eeg_c_sampent_full_change_precond"
2025-11-26 18:31:05.182053,16,"stress_label",20,8,0.03,0.519230769230769,0.455128205128205,NA,20,"top20","eeg_tleft_sampent_full_change_precond;eeg_tleft_halpha_mean_full_change_precond;pupil_dilation_sd_full_change_precond;eeg_c_theta_mean_full_change_precond;hrv_rmssd_full_change_precond;eeg_tleft_lalpha_mean_full_change_precond;eeg_pright_sampent_full_change_precond;eeg_t_sampent_full_change_precond;gsr_skin_conductance_eda_tonic_mean_nk_full_change_precond;eeg_fm_theta_mean_full_change_precond;eeg_fl_hbeta_mean_full_change_precond;eeg_pleft_halpha_mean_full_change_precond;eeg_c_specent_full_change_precond;eeg_pleft_lbeta_mean_full_change_precond;eeg_fr_sampent_full_change_precond;hr_heartrate_bpm_med_abs_full_change_precond;eeg_tright_halpha_mean_full_change_precond;eeg_pright_halpha_mean_full_change_precond;eeg_tleft_theta_mean_full_change_precond;eeg_c_sampent_full_change_precond"
2025-11-26 18:31:06.354783,16,"stress_label",20,16,0.03,0.544871794871795,0.525641025641026,NA,20,"top20","eeg_tleft_sampent_full_change_precond;eeg_tleft_halpha_mean_full_change_precond;pupil_dilation_sd_full_change_precond;eeg_c_theta_mean_full_change_precond;hrv_rmssd_full_change_precond;eeg_tleft_lalpha_mean_full_change_precond;eeg_pright_sampent_full_change_precond;eeg_t_sampent_full_change_precond;gsr_skin_conductance_eda_tonic_mean_nk_full_change_precond;eeg_fm_theta_mean_full_change_precond;eeg_fl_hbeta_mean_full_change_precond;eeg_pleft_halpha_mean_full_change_precond;eeg_c_specent_full_change_precond;eeg_pleft_lbeta_mean_full_change_precond;eeg_fr_sampent_full_change_precond;hr_heartrate_bpm_med_abs_full_change_precond;eeg_tright_halpha_mean_full_change_precond;eeg_pright_halpha_mean_full_change_precond;eeg_tleft_theta_mean_full_change_precond;eeg_c_sampent_full_change_precond"
2025-11-26 18:31:07.605872,16,"stress_label",20,32,0.03,0.551282051282051,0.538461538461538,NA,20,"top20","eeg_tleft_sampent_full_change_precond;eeg_tleft_halpha_mean_full_change_precond;pupil_dilation_sd_full_change_precond;eeg_c_theta_mean_full_change_precond;hrv_rmssd_full_change_precond;eeg_tleft_lalpha_mean_full_change_precond;eeg_pright_sampent_full_change_precond;eeg_t_sampent_full_change_precond;gsr_skin_conductance_eda_tonic_mean_nk_full_change_precond;eeg_fm_theta_mean_full_change_precond;eeg_fl_hbeta_mean_full_change_precond;eeg_pleft_halpha_mean_full_change_precond;eeg_c_specent_full_change_precond;eeg_pleft_lbeta_mean_full_change_precond;eeg_fr_sampent_full_change_precond;hr_heartrate_bpm_med_abs_full_change_precond;eeg_tright_halpha_mean_full_change_precond;eeg_pright_halpha_mean_full_change_precond;eeg_tleft_theta_mean_full_change_precond;eeg_c_sampent_full_change_precond"
2025-11-26 18:31:08.865778,16,"stress_label",20,64,0.03,0.538461538461538,0.532051282051282,NA,20,"top20","eeg_tleft_sampent_full_change_precond;eeg_tleft_halpha_mean_full_change_precond;pupil_dilation_sd_full_change_precond;eeg_c_theta_mean_full_change_precond;hrv_rmssd_full_change_precond;eeg_tleft_lalpha_mean_full_change_precond;eeg_pright_sampent_full_change_precond;eeg_t_sampent_full_change_precond;gsr_skin_conductance_eda_tonic_mean_nk_full_change_precond;eeg_fm_theta_mean_full_change_precond;eeg_fl_hbeta_mean_full_change_precond;eeg_pleft_halpha_mean_full_change_precond;eeg_c_specent_full_change_precond;eeg_pleft_lbeta_mean_full_change_precond;eeg_fr_sampent_full_change_precond;hr_heartrate_bpm_med_abs_full_change_precond;eeg_tright_halpha_mean_full_change_precond;eeg_pright_halpha_mean_full_change_precond;eeg_tleft_theta_mean_full_change_precond;eeg_c_sampent_full_change_precond"
2025-11-26 18:31:10.085719,16,"stress_label",20,128,0.03,0.551282051282051,0.557692307692308,NA,20,"top20","eeg_tleft_sampent_full_change_precond;eeg_tleft_halpha_mean_full_change_precond;pupil_dilation_sd_full_change_precond;eeg_c_theta_mean_full_change_precond;hrv_rmssd_full_change_precond;eeg_tleft_lalpha_mean_full_change_precond;eeg_pright_sampent_full_change_precond;eeg_t_sampent_full_change_precond;gsr_skin_conductance_eda_tonic_mean_nk_full_change_precond;eeg_fm_theta_mean_full_change_precond;eeg_fl_hbeta_mean_full_change_precond;eeg_pleft_halpha_mean_full_change_precond;eeg_c_specent_full_change_precond;eeg_pleft_lbeta_mean_full_change_precond;eeg_fr_sampent_full_change_precond;hr_heartrate_bpm_med_abs_full_change_precond;eeg_tright_halpha_mean_full_change_precond;eeg_pright_halpha_mean_full_change_precond;eeg_tleft_theta_mean_full_change_precond;eeg_c_sampent_full_change_precond"
2025-11-26 18:31:11.305029,16,"stress_label",20,256,0.03,0.551282051282051,0.532051282051282,NA,20,"top20","eeg_tleft_sampent_full_change_precond;eeg_tleft_halpha_mean_full_change_precond;pupil_dilation_sd_full_change_precond;eeg_c_theta_mean_full_change_precond;hrv_rmssd_full_change_precond;eeg_tleft_lalpha_mean_full_change_precond;eeg_pright_sampent_full_change_precond;eeg_t_sampent_full_change_precond;gsr_skin_conductance_eda_tonic_mean_nk_full_change_precond;eeg_fm_theta_mean_full_change_precond;eeg_fl_hbeta_mean_full_change_precond;eeg_pleft_halpha_mean_full_change_precond;eeg_c_specent_full_change_precond;eeg_pleft_lbeta_mean_full_change_precond;eeg_fr_sampent_full_change_precond;hr_heartrate_bpm_med_abs_full_change_precond;eeg_tright_halpha_mean_full_change_precond;eeg_pright_halpha_mean_full_change_precond;eeg_tleft_theta_mean_full_change_precond;eeg_c_sampent_full_change_precond"
2025-11-26 18:31:12.359636,16,"stress_label",20,2,0.06,0.564102564102564,0.538461538461538,0.552136752136752,20,"top20","eeg_tleft_sampent_full_change_precond;eeg_tleft_halpha_mean_full_change_precond;pupil_dilation_sd_full_change_precond;eeg_c_theta_mean_full_change_precond;hrv_rmssd_full_change_precond;eeg_tleft_lalpha_mean_full_change_precond;eeg_pright_sampent_full_change_precond;eeg_t_sampent_full_change_precond;gsr_skin_conductance_eda_tonic_mean_nk_full_change_precond;eeg_fm_theta_mean_full_change_precond;eeg_fl_hbeta_mean_full_change_precond;eeg_pleft_halpha_mean_full_change_precond;eeg_c_specent_full_change_precond;eeg_pleft_lbeta_mean_full_change_precond;eeg_fr_sampent_full_change_precond;hr_heartrate_bpm_med_abs_full_change_precond;eeg_tright_halpha_mean_full_change_precond;eeg_pright_halpha_mean_full_change_precond;eeg_tleft_theta_mean_full_change_precond;eeg_c_sampent_full_change_precond"
2025-11-26 18:31:13.474293,16,"stress_label",20,4,0.06,0.538461538461538,0.564102564102564,NA,20,"top20","eeg_tleft_sampent_full_change_precond;eeg_tleft_halpha_mean_full_change_precond;pupil_dilation_sd_full_change_precond;eeg_c_theta_mean_full_change_precond;hrv_rmssd_full_change_precond;eeg_tleft_lalpha_mean_full_change_precond;eeg_pright_sampent_full_change_precond;eeg_t_sampent_full_change_precond;gsr_skin_conductance_eda_tonic_mean_nk_full_change_precond;eeg_fm_theta_mean_full_change_precond;eeg_fl_hbeta_mean_full_change_precond;eeg_pleft_halpha_mean_full_change_precond;eeg_c_specent_full_change_precond;eeg_pleft_lbeta_mean_full_change_precond;eeg_fr_sampent_full_change_precond;hr_heartrate_bpm_med_abs_full_change_precond;eeg_tright_halpha_mean_full_change_precond;eeg_pright_halpha_mean_full_change_precond;eeg_tleft_theta_mean_full_change_precond;eeg_c_sampent_full_change_precond"
2025-11-26 18:31:14.598803,16,"stress_label",20,8,0.06,0.538461538461538,0.557692307692308,NA,20,"top20","eeg_tleft_sampent_full_change_precond;eeg_tleft_halpha_mean_full_change_precond;pupil_dilation_sd_full_change_precond;eeg_c_theta_mean_full_change_precond;hrv_rmssd_full_change_precond;eeg_tleft_lalpha_mean_full_change_precond;eeg_pright_sampent_full_change_precond;eeg_t_sampent_full_change_precond;gsr_skin_conductance_eda_tonic_mean_nk_full_change_precond;eeg_fm_theta_mean_full_change_precond;eeg_fl_hbeta_mean_full_change_precond;eeg_pleft_halpha_mean_full_change_precond;eeg_c_specent_full_change_precond;eeg_pleft_lbeta_mean_full_change_precond;eeg_fr_sampent_full_change_precond;hr_heartrate_bpm_med_abs_full_change_precond;eeg_tright_halpha_mean_full_change_precond;eeg_pright_halpha_mean_full_change_precond;eeg_tleft_theta_mean_full_change_precond;eeg_c_sampent_full_change_precond"
2025-11-26 18:31:15.661225,16,"stress_label",20,16,0.06,0.538461538461538,0.525641025641026,NA,20,"top20","eeg_tleft_sampent_full_change_precond;eeg_tleft_halpha_mean_full_change_precond;pupil_dilation_sd_full_change_precond;eeg_c_theta_mean_full_change_precond;hrv_rmssd_full_change_precond;eeg_tleft_lalpha_mean_full_change_precond;eeg_pright_sampent_full_change_precond;eeg_t_sampent_full_change_precond;gsr_skin_conductance_eda_tonic_mean_nk_full_change_precond;eeg_fm_theta_mean_full_change_precond;eeg_fl_hbeta_mean_full_change_precond;eeg_pleft_halpha_mean_full_change_precond;eeg_c_specent_full_change_precond;eeg_pleft_lbeta_mean_full_change_precond;eeg_fr_sampent_full_change_precond;hr_heartrate_bpm_med_abs_full_change_precond;eeg_tright_halpha_mean_full_change_precond;eeg_pright_halpha_mean_full_change_precond;eeg_tleft_theta_mean_full_change_precond;eeg_c_sampent_full_change_precond"
2025-11-26 18:31:16.874938,16,"stress_label",20,32,0.06,0.525641025641026,0.551282051282051,NA,20,"top20","eeg_tleft_sampent_full_change_precond;eeg_tleft_halpha_mean_full_change_precond;pupil_dilation_sd_full_change_precond;eeg_c_theta_mean_full_change_precond;hrv_rmssd_full_change_precond;eeg_tleft_lalpha_mean_full_change_precond;eeg_pright_sampent_full_change_precond;eeg_t_sampent_full_change_precond;gsr_skin_conductance_eda_tonic_mean_nk_full_change_precond;eeg_fm_theta_mean_full_change_precond;eeg_fl_hbeta_mean_full_change_precond;eeg_pleft_halpha_mean_full_change_precond;eeg_c_specent_full_change_precond;eeg_pleft_lbeta_mean_full_change_precond;eeg_fr_sampent_full_change_precond;hr_heartrate_bpm_med_abs_full_change_precond;eeg_tright_halpha_mean_full_change_precond;eeg_pright_halpha_mean_full_change_precond;eeg_tleft_theta_mean_full_change_precond;eeg_c_sampent_full_change_precond"
2025-11-26 18:31:18.028374,16,"stress_label",20,64,0.06,0.525641025641026,0.551282051282051,NA,20,"top20","eeg_tleft_sampent_full_change_precond;eeg_tleft_halpha_mean_full_change_precond;pupil_dilation_sd_full_change_precond;eeg_c_theta_mean_full_change_precond;hrv_rmssd_full_change_precond;eeg_tleft_lalpha_mean_full_change_precond;eeg_pright_sampent_full_change_precond;eeg_t_sampent_full_change_precond;gsr_skin_conductance_eda_tonic_mean_nk_full_change_precond;eeg_fm_theta_mean_full_change_precond;eeg_fl_hbeta_mean_full_change_precond;eeg_pleft_halpha_mean_full_change_precond;eeg_c_specent_full_change_precond;eeg_pleft_lbeta_mean_full_change_precond;eeg_fr_sampent_full_change_precond;hr_heartrate_bpm_med_abs_full_change_precond;eeg_tright_halpha_mean_full_change_precond;eeg_pright_halpha_mean_full_change_precond;eeg_tleft_theta_mean_full_change_precond;eeg_c_sampent_full_change_precond"
2025-11-26 18:31:19.186819,16,"stress_label",20,128,0.06,0.525641025641026,0.525641025641026,NA,20,"top20","eeg_tleft_sampent_full_change_precond;eeg_tleft_halpha_mean_full_change_precond;pupil_dilation_sd_full_change_precond;eeg_c_theta_mean_full_change_precond;hrv_rmssd_full_change_precond;eeg_tleft_lalpha_mean_full_change_precond;eeg_pright_sampent_full_change_precond;eeg_t_sampent_full_change_precond;gsr_skin_conductance_eda_tonic_mean_nk_full_change_precond;eeg_fm_theta_mean_full_change_precond;eeg_fl_hbeta_mean_full_change_precond;eeg_pleft_halpha_mean_full_change_precond;eeg_c_specent_full_change_precond;eeg_pleft_lbeta_mean_full_change_precond;eeg_fr_sampent_full_change_precond;hr_heartrate_bpm_med_abs_full_change_precond;eeg_tright_halpha_mean_full_change_precond;eeg_pright_halpha_mean_full_change_precond;eeg_tleft_theta_mean_full_change_precond;eeg_c_sampent_full_change_precond"
2025-11-26 18:31:20.378516,16,"stress_label",20,256,0.06,0.525641025641026,0.512820512820513,NA,20,"top20","eeg_tleft_sampent_full_change_precond;eeg_tleft_halpha_mean_full_change_precond;pupil_dilation_sd_full_change_precond;eeg_c_theta_mean_full_change_precond;hrv_rmssd_full_change_precond;eeg_tleft_lalpha_mean_full_change_precond;eeg_pright_sampent_full_change_precond;eeg_t_sampent_full_change_precond;gsr_skin_conductance_eda_tonic_mean_nk_full_change_precond;eeg_fm_theta_mean_full_change_precond;eeg_fl_hbeta_mean_full_change_precond;eeg_pleft_halpha_mean_full_change_precond;eeg_c_specent_full_change_precond;eeg_pleft_lbeta_mean_full_change_precond;eeg_fr_sampent_full_change_precond;hr_heartrate_bpm_med_abs_full_change_precond;eeg_tright_halpha_mean_full_change_precond;eeg_pright_halpha_mean_full_change_precond;eeg_tleft_theta_mean_full_change_precond;eeg_c_sampent_full_change_precond"
2025-11-26 18:31:21.474152,16,"stress_label",20,2,0.1,0.532051282051282,0.525641025641026,NA,20,"top20","eeg_tleft_sampent_full_change_precond;eeg_tleft_halpha_mean_full_change_precond;pupil_dilation_sd_full_change_precond;eeg_c_theta_mean_full_change_precond;hrv_rmssd_full_change_precond;eeg_tleft_lalpha_mean_full_change_precond;eeg_pright_sampent_full_change_precond;eeg_t_sampent_full_change_precond;gsr_skin_conductance_eda_tonic_mean_nk_full_change_precond;eeg_fm_theta_mean_full_change_precond;eeg_fl_hbeta_mean_full_change_precond;eeg_pleft_halpha_mean_full_change_precond;eeg_c_specent_full_change_precond;eeg_pleft_lbeta_mean_full_change_precond;eeg_fr_sampent_full_change_precond;hr_heartrate_bpm_med_abs_full_change_precond;eeg_tright_halpha_mean_full_change_precond;eeg_pright_halpha_mean_full_change_precond;eeg_tleft_theta_mean_full_change_precond;eeg_c_sampent_full_change_precond"
2025-11-26 18:31:22.613733,16,"stress_label",20,4,0.1,0.538461538461538,0.583333333333333,NA,20,"top20","eeg_tleft_sampent_full_change_precond;eeg_tleft_halpha_mean_full_change_precond;pupil_dilation_sd_full_change_precond;eeg_c_theta_mean_full_change_precond;hrv_rmssd_full_change_precond;eeg_tleft_lalpha_mean_full_change_precond;eeg_pright_sampent_full_change_precond;eeg_t_sampent_full_change_precond;gsr_skin_conductance_eda_tonic_mean_nk_full_change_precond;eeg_fm_theta_mean_full_change_precond;eeg_fl_hbeta_mean_full_change_precond;eeg_pleft_halpha_mean_full_change_precond;eeg_c_specent_full_change_precond;eeg_pleft_lbeta_mean_full_change_precond;eeg_fr_sampent_full_change_precond;hr_heartrate_bpm_med_abs_full_change_precond;eeg_tright_halpha_mean_full_change_precond;eeg_pright_halpha_mean_full_change_precond;eeg_tleft_theta_mean_full_change_precond;eeg_c_sampent_full_change_precond"
2025-11-26 18:31:23.690091,16,"stress_label",20,8,0.1,0.525641025641026,0.596153846153846,NA,20,"top20","eeg_tleft_sampent_full_change_precond;eeg_tleft_halpha_mean_full_change_precond;pupil_dilation_sd_full_change_precond;eeg_c_theta_mean_full_change_precond;hrv_rmssd_full_change_precond;eeg_tleft_lalpha_mean_full_change_precond;eeg_pright_sampent_full_change_precond;eeg_t_sampent_full_change_precond;gsr_skin_conductance_eda_tonic_mean_nk_full_change_precond;eeg_fm_theta_mean_full_change_precond;eeg_fl_hbeta_mean_full_change_precond;eeg_pleft_halpha_mean_full_change_precond;eeg_c_specent_full_change_precond;eeg_pleft_lbeta_mean_full_change_precond;eeg_fr_sampent_full_change_precond;hr_heartrate_bpm_med_abs_full_change_precond;eeg_tright_halpha_mean_full_change_precond;eeg_pright_halpha_mean_full_change_precond;eeg_tleft_theta_mean_full_change_precond;eeg_c_sampent_full_change_precond"
2025-11-26 18:31:24.833139,16,"stress_label",20,16,0.1,0.525641025641026,0.57051282051282,NA,20,"top20","eeg_tleft_sampent_full_change_precond;eeg_tleft_halpha_mean_full_change_precond;pupil_dilation_sd_full_change_precond;eeg_c_theta_mean_full_change_precond;hrv_rmssd_full_change_precond;eeg_tleft_lalpha_mean_full_change_precond;eeg_pright_sampent_full_change_precond;eeg_t_sampent_full_change_precond;gsr_skin_conductance_eda_tonic_mean_nk_full_change_precond;eeg_fm_theta_mean_full_change_precond;eeg_fl_hbeta_mean_full_change_precond;eeg_pleft_halpha_mean_full_change_precond;eeg_c_specent_full_change_precond;eeg_pleft_lbeta_mean_full_change_precond;eeg_fr_sampent_full_change_precond;hr_heartrate_bpm_med_abs_full_change_precond;eeg_tright_halpha_mean_full_change_precond;eeg_pright_halpha_mean_full_change_precond;eeg_tleft_theta_mean_full_change_precond;eeg_c_sampent_full_change_precond"
2025-11-26 18:31:25.986084,16,"stress_label",20,32,0.1,0.525641025641026,0.596153846153846,NA,20,"top20","eeg_tleft_sampent_full_change_precond;eeg_tleft_halpha_mean_full_change_precond;pupil_dilation_sd_full_change_precond;eeg_c_theta_mean_full_change_precond;hrv_rmssd_full_change_precond;eeg_tleft_lalpha_mean_full_change_precond;eeg_pright_sampent_full_change_precond;eeg_t_sampent_full_change_precond;gsr_skin_conductance_eda_tonic_mean_nk_full_change_precond;eeg_fm_theta_mean_full_change_precond;eeg_fl_hbeta_mean_full_change_precond;eeg_pleft_halpha_mean_full_change_precond;eeg_c_specent_full_change_precond;eeg_pleft_lbeta_mean_full_change_precond;eeg_fr_sampent_full_change_precond;hr_heartrate_bpm_med_abs_full_change_precond;eeg_tright_halpha_mean_full_change_precond;eeg_pright_halpha_mean_full_change_precond;eeg_tleft_theta_mean_full_change_precond;eeg_c_sampent_full_change_precond"
2025-11-26 18:31:27.111197,16,"stress_label",20,64,0.1,0.525641025641026,0.596153846153846,NA,20,"top20","eeg_tleft_sampent_full_change_precond;eeg_tleft_halpha_mean_full_change_precond;pupil_dilation_sd_full_change_precond;eeg_c_theta_mean_full_change_precond;hrv_rmssd_full_change_precond;eeg_tleft_lalpha_mean_full_change_precond;eeg_pright_sampent_full_change_precond;eeg_t_sampent_full_change_precond;gsr_skin_conductance_eda_tonic_mean_nk_full_change_precond;eeg_fm_theta_mean_full_change_precond;eeg_fl_hbeta_mean_full_change_precond;eeg_pleft_halpha_mean_full_change_precond;eeg_c_specent_full_change_precond;eeg_pleft_lbeta_mean_full_change_precond;eeg_fr_sampent_full_change_precond;hr_heartrate_bpm_med_abs_full_change_precond;eeg_tright_halpha_mean_full_change_precond;eeg_pright_halpha_mean_full_change_precond;eeg_tleft_theta_mean_full_change_precond;eeg_c_sampent_full_change_precond"
2025-11-26 18:31:28.12796,16,"stress_label",20,128,0.1,0.525641025641026,0.596153846153846,NA,20,"top20","eeg_tleft_sampent_full_change_precond;eeg_tleft_halpha_mean_full_change_precond;pupil_dilation_sd_full_change_precond;eeg_c_theta_mean_full_change_precond;hrv_rmssd_full_change_precond;eeg_tleft_lalpha_mean_full_change_precond;eeg_pright_sampent_full_change_precond;eeg_t_sampent_full_change_precond;gsr_skin_conductance_eda_tonic_mean_nk_full_change_precond;eeg_fm_theta_mean_full_change_precond;eeg_fl_hbeta_mean_full_change_precond;eeg_pleft_halpha_mean_full_change_precond;eeg_c_specent_full_change_precond;eeg_pleft_lbeta_mean_full_change_precond;eeg_fr_sampent_full_change_precond;hr_heartrate_bpm_med_abs_full_change_precond;eeg_tright_halpha_mean_full_change_precond;eeg_pright_halpha_mean_full_change_precond;eeg_tleft_theta_mean_full_change_precond;eeg_c_sampent_full_change_precond"
2025-11-26 18:31:29.270126,16,"stress_label",20,256,0.1,0.525641025641026,0.596153846153846,NA,20,"top20","eeg_tleft_sampent_full_change_precond;eeg_tleft_halpha_mean_full_change_precond;pupil_dilation_sd_full_change_precond;eeg_c_theta_mean_full_change_precond;hrv_rmssd_full_change_precond;eeg_tleft_lalpha_mean_full_change_precond;eeg_pright_sampent_full_change_precond;eeg_t_sampent_full_change_precond;gsr_skin_conductance_eda_tonic_mean_nk_full_change_precond;eeg_fm_theta_mean_full_change_precond;eeg_fl_hbeta_mean_full_change_precond;eeg_pleft_halpha_mean_full_change_precond;eeg_c_specent_full_change_precond;eeg_pleft_lbeta_mean_full_change_precond;eeg_fr_sampent_full_change_precond;hr_heartrate_bpm_med_abs_full_change_precond;eeg_tright_halpha_mean_full_change_precond;eeg_pright_halpha_mean_full_change_precond;eeg_tleft_theta_mean_full_change_precond;eeg_c_sampent_full_change_precond"
2025-11-26 18:31:30.10814,16,"stress_label",10,2,0.0078125,0.596153846153846,0.621794871794872,0.563247863247863,10,"top10","eeg_tleft_sampent_full_change_precond;eeg_tleft_halpha_mean_full_change_precond;pupil_dilation_sd_full_change_precond;eeg_c_theta_mean_full_change_precond;hrv_rmssd_full_change_precond;eeg_tleft_lalpha_mean_full_change_precond;eeg_pright_sampent_full_change_precond;eeg_t_sampent_full_change_precond;gsr_skin_conductance_eda_tonic_mean_nk_full_change_precond;eeg_fm_theta_mean_full_change_precond"
2025-11-26 18:31:30.957991,16,"stress_label",10,4,0.0078125,0.557692307692308,0.596153846153846,0.509401709401709,10,"top10","eeg_tleft_sampent_full_change_precond;eeg_tleft_halpha_mean_full_change_precond;pupil_dilation_sd_full_change_precond;eeg_c_theta_mean_full_change_precond;hrv_rmssd_full_change_precond;eeg_tleft_lalpha_mean_full_change_precond;eeg_pright_sampent_full_change_precond;eeg_t_sampent_full_change_precond;gsr_skin_conductance_eda_tonic_mean_nk_full_change_precond;eeg_fm_theta_mean_full_change_precond"
2025-11-26 18:31:31.689592,16,"stress_label",10,8,0.0078125,0.544871794871795,0.576923076923077,0.522222222222222,10,"top10","eeg_tleft_sampent_full_change_precond;eeg_tleft_halpha_mean_full_change_precond;pupil_dilation_sd_full_change_precond;eeg_c_theta_mean_full_change_precond;hrv_rmssd_full_change_precond;eeg_tleft_lalpha_mean_full_change_precond;eeg_pright_sampent_full_change_precond;eeg_t_sampent_full_change_precond;gsr_skin_conductance_eda_tonic_mean_nk_full_change_precond;eeg_fm_theta_mean_full_change_precond"
2025-11-26 18:31:32.464604,16,"stress_label",10,16,0.0078125,0.538461538461538,0.557692307692308,0.524786324786325,10,"top10","eeg_tleft_sampent_full_change_precond;eeg_tleft_halpha_mean_full_change_precond;pupil_dilation_sd_full_change_precond;eeg_c_theta_mean_full_change_precond;hrv_rmssd_full_change_precond;eeg_tleft_lalpha_mean_full_change_precond;eeg_pright_sampent_full_change_precond;eeg_t_sampent_full_change_precond;gsr_skin_conductance_eda_tonic_mean_nk_full_change_precond;eeg_fm_theta_mean_full_change_precond"
2025-11-26 18:31:33.175368,16,"stress_label",10,32,0.0078125,0.544871794871795,0.557692307692308,0.52991452991453,10,"top10","eeg_tleft_sampent_full_change_precond;eeg_tleft_halpha_mean_full_change_precond;pupil_dilation_sd_full_change_precond;eeg_c_theta_mean_full_change_precond;hrv_rmssd_full_change_precond;eeg_tleft_lalpha_mean_full_change_precond;eeg_pright_sampent_full_change_precond;eeg_t_sampent_full_change_precond;gsr_skin_conductance_eda_tonic_mean_nk_full_change_precond;eeg_fm_theta_mean_full_change_precond"
2025-11-26 18:31:34.071971,16,"stress_label",10,64,0.0078125,0.564102564102564,0.576923076923077,0.545299145299145,10,"top10","eeg_tleft_sampent_full_change_precond;eeg_tleft_halpha_mean_full_change_precond;pupil_dilation_sd_full_change_precond;eeg_c_theta_mean_full_change_precond;hrv_rmssd_full_change_precond;eeg_tleft_lalpha_mean_full_change_precond;eeg_pright_sampent_full_change_precond;eeg_t_sampent_full_change_precond;gsr_skin_conductance_eda_tonic_mean_nk_full_change_precond;eeg_fm_theta_mean_full_change_precond"
2025-11-26 18:31:34.979945,16,"stress_label",10,128,0.0078125,0.57051282051282,0.608974358974359,0.564957264957265,10,"top10","eeg_tleft_sampent_full_change_precond;eeg_tleft_halpha_mean_full_change_precond;pupil_dilation_sd_full_change_precond;eeg_c_theta_mean_full_change_precond;hrv_rmssd_full_change_precond;eeg_tleft_lalpha_mean_full_change_precond;eeg_pright_sampent_full_change_precond;eeg_t_sampent_full_change_precond;gsr_skin_conductance_eda_tonic_mean_nk_full_change_precond;eeg_fm_theta_mean_full_change_precond"
2025-11-26 18:31:35.985481,16,"stress_label",10,256,0.0078125,0.57051282051282,0.576923076923077,0.54957264957265,10,"top10","eeg_tleft_sampent_full_change_precond;eeg_tleft_halpha_mean_full_change_precond;pupil_dilation_sd_full_change_precond;eeg_c_theta_mean_full_change_precond;hrv_rmssd_full_change_precond;eeg_tleft_lalpha_mean_full_change_precond;eeg_pright_sampent_full_change_precond;eeg_t_sampent_full_change_precond;gsr_skin_conductance_eda_tonic_mean_nk_full_change_precond;eeg_fm_theta_mean_full_change_precond"
2025-11-26 18:31:36.828775,16,"stress_label",10,2,0.015625,0.557692307692308,0.615384615384615,0.507692307692308,10,"top10","eeg_tleft_sampent_full_change_precond;eeg_tleft_halpha_mean_full_change_precond;pupil_dilation_sd_full_change_precond;eeg_c_theta_mean_full_change_precond;hrv_rmssd_full_change_precond;eeg_tleft_lalpha_mean_full_change_precond;eeg_pright_sampent_full_change_precond;eeg_t_sampent_full_change_precond;gsr_skin_conductance_eda_tonic_mean_nk_full_change_precond;eeg_fm_theta_mean_full_change_precond"
2025-11-26 18:31:37.69587,16,"stress_label",10,4,0.015625,0.525641025641026,0.583333333333333,0.499145299145299,10,"top10","eeg_tleft_sampent_full_change_precond;eeg_tleft_halpha_mean_full_change_precond;pupil_dilation_sd_full_change_precond;eeg_c_theta_mean_full_change_precond;hrv_rmssd_full_change_precond;eeg_tleft_lalpha_mean_full_change_precond;eeg_pright_sampent_full_change_precond;eeg_t_sampent_full_change_precond;gsr_skin_conductance_eda_tonic_mean_nk_full_change_precond;eeg_fm_theta_mean_full_change_precond"
2025-11-26 18:31:38.531309,16,"stress_label",10,8,0.015625,0.506410256410256,0.564102564102564,0.488034188034188,10,"top10","eeg_tleft_sampent_full_change_precond;eeg_tleft_halpha_mean_full_change_precond;pupil_dilation_sd_full_change_precond;eeg_c_theta_mean_full_change_precond;hrv_rmssd_full_change_precond;eeg_tleft_lalpha_mean_full_change_precond;eeg_pright_sampent_full_change_precond;eeg_t_sampent_full_change_precond;gsr_skin_conductance_eda_tonic_mean_nk_full_change_precond;eeg_fm_theta_mean_full_change_precond"
2025-11-26 18:31:39.188945,16,"stress_label",10,16,0.015625,0.551282051282051,0.57051282051282,0.534188034188034,10,"top10","eeg_tleft_sampent_full_change_precond;eeg_tleft_halpha_mean_full_change_precond;pupil_dilation_sd_full_change_precond;eeg_c_theta_mean_full_change_precond;hrv_rmssd_full_change_precond;eeg_tleft_lalpha_mean_full_change_precond;eeg_pright_sampent_full_change_precond;eeg_t_sampent_full_change_precond;gsr_skin_conductance_eda_tonic_mean_nk_full_change_precond;eeg_fm_theta_mean_full_change_precond"
2025-11-26 18:31:40.032272,16,"stress_label",10,32,0.015625,0.57051282051282,0.596153846153846,0.558974358974359,10,"top10","eeg_tleft_sampent_full_change_precond;eeg_tleft_halpha_mean_full_change_precond;pupil_dilation_sd_full_change_precond;eeg_c_theta_mean_full_change_precond;hrv_rmssd_full_change_precond;eeg_tleft_lalpha_mean_full_change_precond;eeg_pright_sampent_full_change_precond;eeg_t_sampent_full_change_precond;gsr_skin_conductance_eda_tonic_mean_nk_full_change_precond;eeg_fm_theta_mean_full_change_precond"
2025-11-26 18:31:40.850692,16,"stress_label",10,64,0.015625,0.576923076923077,0.596153846153846,0.558119658119658,10,"top10","eeg_tleft_sampent_full_change_precond;eeg_tleft_halpha_mean_full_change_precond;pupil_dilation_sd_full_change_precond;eeg_c_theta_mean_full_change_precond;hrv_rmssd_full_change_precond;eeg_tleft_lalpha_mean_full_change_precond;eeg_pright_sampent_full_change_precond;eeg_t_sampent_full_change_precond;gsr_skin_conductance_eda_tonic_mean_nk_full_change_precond;eeg_fm_theta_mean_full_change_precond"
2025-11-26 18:31:41.901934,16,"stress_label",10,128,0.015625,0.58974358974359,0.596153846153846,NA,10,"top10","eeg_tleft_sampent_full_change_precond;eeg_tleft_halpha_mean_full_change_precond;pupil_dilation_sd_full_change_precond;eeg_c_theta_mean_full_change_precond;hrv_rmssd_full_change_precond;eeg_tleft_lalpha_mean_full_change_precond;eeg_pright_sampent_full_change_precond;eeg_t_sampent_full_change_precond;gsr_skin_conductance_eda_tonic_mean_nk_full_change_precond;eeg_fm_theta_mean_full_change_precond"
2025-11-26 18:31:43.24128,16,"stress_label",10,256,0.015625,0.641025641025641,0.647435897435897,NA,10,"top10","eeg_tleft_sampent_full_change_precond;eeg_tleft_halpha_mean_full_change_precond;pupil_dilation_sd_full_change_precond;eeg_c_theta_mean_full_change_precond;hrv_rmssd_full_change_precond;eeg_tleft_lalpha_mean_full_change_precond;eeg_pright_sampent_full_change_precond;eeg_t_sampent_full_change_precond;gsr_skin_conductance_eda_tonic_mean_nk_full_change_precond;eeg_fm_theta_mean_full_change_precond"
2025-11-26 18:31:43.955513,16,"stress_label",10,2,0.03125,0.551282051282051,0.58974358974359,0.512820512820513,10,"top10","eeg_tleft_sampent_full_change_precond;eeg_tleft_halpha_mean_full_change_precond;pupil_dilation_sd_full_change_precond;eeg_c_theta_mean_full_change_precond;hrv_rmssd_full_change_precond;eeg_tleft_lalpha_mean_full_change_precond;eeg_pright_sampent_full_change_precond;eeg_t_sampent_full_change_precond;gsr_skin_conductance_eda_tonic_mean_nk_full_change_precond;eeg_fm_theta_mean_full_change_precond"
2025-11-26 18:31:44.932533,16,"stress_label",10,4,0.03125,0.532051282051282,0.564102564102564,0.508547008547009,10,"top10","eeg_tleft_sampent_full_change_precond;eeg_tleft_halpha_mean_full_change_precond;pupil_dilation_sd_full_change_precond;eeg_c_theta_mean_full_change_precond;hrv_rmssd_full_change_precond;eeg_tleft_lalpha_mean_full_change_precond;eeg_pright_sampent_full_change_precond;eeg_t_sampent_full_change_precond;gsr_skin_conductance_eda_tonic_mean_nk_full_change_precond;eeg_fm_theta_mean_full_change_precond"
2025-11-26 18:31:45.782919,16,"stress_label",10,8,0.03125,0.551282051282051,0.576923076923077,0.532478632478632,10,"top10","eeg_tleft_sampent_full_change_precond;eeg_tleft_halpha_mean_full_change_precond;pupil_dilation_sd_full_change_precond;eeg_c_theta_mean_full_change_precond;hrv_rmssd_full_change_precond;eeg_tleft_lalpha_mean_full_change_precond;eeg_pright_sampent_full_change_precond;eeg_t_sampent_full_change_precond;gsr_skin_conductance_eda_tonic_mean_nk_full_change_precond;eeg_fm_theta_mean_full_change_precond"
2025-11-26 18:31:46.642448,16,"stress_label",10,16,0.03125,0.583333333333333,0.583333333333333,0.567521367521368,10,"top10","eeg_tleft_sampent_full_change_precond;eeg_tleft_halpha_mean_full_change_precond;pupil_dilation_sd_full_change_precond;eeg_c_theta_mean_full_change_precond;hrv_rmssd_full_change_precond;eeg_tleft_lalpha_mean_full_change_precond;eeg_pright_sampent_full_change_precond;eeg_t_sampent_full_change_precond;gsr_skin_conductance_eda_tonic_mean_nk_full_change_precond;eeg_fm_theta_mean_full_change_precond"
2025-11-26 18:31:47.603221,16,"stress_label",10,32,0.03125,0.602564102564103,0.583333333333333,NA,10,"top10","eeg_tleft_sampent_full_change_precond;eeg_tleft_halpha_mean_full_change_precond;pupil_dilation_sd_full_change_precond;eeg_c_theta_mean_full_change_precond;hrv_rmssd_full_change_precond;eeg_tleft_lalpha_mean_full_change_precond;eeg_pright_sampent_full_change_precond;eeg_t_sampent_full_change_precond;gsr_skin_conductance_eda_tonic_mean_nk_full_change_precond;eeg_fm_theta_mean_full_change_precond"
2025-11-26 18:31:48.723671,16,"stress_label",10,64,0.03125,0.641025641025641,0.66025641025641,NA,10,"top10","eeg_tleft_sampent_full_change_precond;eeg_tleft_halpha_mean_full_change_precond;pupil_dilation_sd_full_change_precond;eeg_c_theta_mean_full_change_precond;hrv_rmssd_full_change_precond;eeg_tleft_lalpha_mean_full_change_precond;eeg_pright_sampent_full_change_precond;eeg_t_sampent_full_change_precond;gsr_skin_conductance_eda_tonic_mean_nk_full_change_precond;eeg_fm_theta_mean_full_change_precond"
2025-11-26 18:31:49.890196,16,"stress_label",10,128,0.03125,0.596153846153846,0.58974358974359,NA,10,"top10","eeg_tleft_sampent_full_change_precond;eeg_tleft_halpha_mean_full_change_precond;pupil_dilation_sd_full_change_precond;eeg_c_theta_mean_full_change_precond;hrv_rmssd_full_change_precond;eeg_tleft_lalpha_mean_full_change_precond;eeg_pright_sampent_full_change_precond;eeg_t_sampent_full_change_precond;gsr_skin_conductance_eda_tonic_mean_nk_full_change_precond;eeg_fm_theta_mean_full_change_precond"
2025-11-26 18:31:51.315836,16,"stress_label",10,256,0.03125,0.602564102564103,0.57051282051282,NA,10,"top10","eeg_tleft_sampent_full_change_precond;eeg_tleft_halpha_mean_full_change_precond;pupil_dilation_sd_full_change_precond;eeg_c_theta_mean_full_change_precond;hrv_rmssd_full_change_precond;eeg_tleft_lalpha_mean_full_change_precond;eeg_pright_sampent_full_change_precond;eeg_t_sampent_full_change_precond;gsr_skin_conductance_eda_tonic_mean_nk_full_change_precond;eeg_fm_theta_mean_full_change_precond"
2025-11-26 18:31:52.183789,16,"stress_label",10,2,0.0625,0.564102564102564,0.596153846153846,0.535897435897436,10,"top10","eeg_tleft_sampent_full_change_precond;eeg_tleft_halpha_mean_full_change_precond;pupil_dilation_sd_full_change_precond;eeg_c_theta_mean_full_change_precond;hrv_rmssd_full_change_precond;eeg_tleft_lalpha_mean_full_change_precond;eeg_pright_sampent_full_change_precond;eeg_t_sampent_full_change_precond;gsr_skin_conductance_eda_tonic_mean_nk_full_change_precond;eeg_fm_theta_mean_full_change_precond"
2025-11-26 18:31:53.02992,16,"stress_label",10,4,0.0625,0.551282051282051,0.58974358974359,0.534188034188034,10,"top10","eeg_tleft_sampent_full_change_precond;eeg_tleft_halpha_mean_full_change_precond;pupil_dilation_sd_full_change_precond;eeg_c_theta_mean_full_change_precond;hrv_rmssd_full_change_precond;eeg_tleft_lalpha_mean_full_change_precond;eeg_pright_sampent_full_change_precond;eeg_t_sampent_full_change_precond;gsr_skin_conductance_eda_tonic_mean_nk_full_change_precond;eeg_fm_theta_mean_full_change_precond"
2025-11-26 18:31:53.938332,16,"stress_label",10,8,0.0625,0.57051282051282,0.58974358974359,NA,10,"top10","eeg_tleft_sampent_full_change_precond;eeg_tleft_halpha_mean_full_change_precond;pupil_dilation_sd_full_change_precond;eeg_c_theta_mean_full_change_precond;hrv_rmssd_full_change_precond;eeg_tleft_lalpha_mean_full_change_precond;eeg_pright_sampent_full_change_precond;eeg_t_sampent_full_change_precond;gsr_skin_conductance_eda_tonic_mean_nk_full_change_precond;eeg_fm_theta_mean_full_change_precond"
2025-11-26 18:31:54.763289,16,"stress_label",10,16,0.0625,0.641025641025641,0.634615384615385,NA,10,"top10","eeg_tleft_sampent_full_change_precond;eeg_tleft_halpha_mean_full_change_precond;pupil_dilation_sd_full_change_precond;eeg_c_theta_mean_full_change_precond;hrv_rmssd_full_change_precond;eeg_tleft_lalpha_mean_full_change_precond;eeg_pright_sampent_full_change_precond;eeg_t_sampent_full_change_precond;gsr_skin_conductance_eda_tonic_mean_nk_full_change_precond;eeg_fm_theta_mean_full_change_precond"
2025-11-26 18:31:55.835024,16,"stress_label",10,32,0.0625,0.621794871794872,0.596153846153846,NA,10,"top10","eeg_tleft_sampent_full_change_precond;eeg_tleft_halpha_mean_full_change_precond;pupil_dilation_sd_full_change_precond;eeg_c_theta_mean_full_change_precond;hrv_rmssd_full_change_precond;eeg_tleft_lalpha_mean_full_change_precond;eeg_pright_sampent_full_change_precond;eeg_t_sampent_full_change_precond;gsr_skin_conductance_eda_tonic_mean_nk_full_change_precond;eeg_fm_theta_mean_full_change_precond"
2025-11-26 18:31:56.98788,16,"stress_label",10,64,0.0625,0.57051282051282,0.557692307692308,NA,10,"top10","eeg_tleft_sampent_full_change_precond;eeg_tleft_halpha_mean_full_change_precond;pupil_dilation_sd_full_change_precond;eeg_c_theta_mean_full_change_precond;hrv_rmssd_full_change_precond;eeg_tleft_lalpha_mean_full_change_precond;eeg_pright_sampent_full_change_precond;eeg_t_sampent_full_change_precond;gsr_skin_conductance_eda_tonic_mean_nk_full_change_precond;eeg_fm_theta_mean_full_change_precond"
2025-11-26 18:31:58.07592,16,"stress_label",10,128,0.0625,0.551282051282051,0.608974358974359,NA,10,"top10","eeg_tleft_sampent_full_change_precond;eeg_tleft_halpha_mean_full_change_precond;pupil_dilation_sd_full_change_precond;eeg_c_theta_mean_full_change_precond;hrv_rmssd_full_change_precond;eeg_tleft_lalpha_mean_full_change_precond;eeg_pright_sampent_full_change_precond;eeg_t_sampent_full_change_precond;gsr_skin_conductance_eda_tonic_mean_nk_full_change_precond;eeg_fm_theta_mean_full_change_precond"
2025-11-26 18:31:58.977339,16,"stress_label",10,256,0.0625,0.551282051282051,0.608974358974359,NA,10,"top10","eeg_tleft_sampent_full_change_precond;eeg_tleft_halpha_mean_full_change_precond;pupil_dilation_sd_full_change_precond;eeg_c_theta_mean_full_change_precond;hrv_rmssd_full_change_precond;eeg_tleft_lalpha_mean_full_change_precond;eeg_pright_sampent_full_change_precond;eeg_t_sampent_full_change_precond;gsr_skin_conductance_eda_tonic_mean_nk_full_change_precond;eeg_fm_theta_mean_full_change_precond"
2025-11-26 18:31:59.720636,16,"stress_label",10,2,0.125,0.551282051282051,0.602564102564103,NA,10,"top10","eeg_tleft_sampent_full_change_precond;eeg_tleft_halpha_mean_full_change_precond;pupil_dilation_sd_full_change_precond;eeg_c_theta_mean_full_change_precond;hrv_rmssd_full_change_precond;eeg_tleft_lalpha_mean_full_change_precond;eeg_pright_sampent_full_change_precond;eeg_t_sampent_full_change_precond;gsr_skin_conductance_eda_tonic_mean_nk_full_change_precond;eeg_fm_theta_mean_full_change_precond"
2025-11-26 18:32:00.488126,16,"stress_label",10,4,0.125,0.596153846153846,0.621794871794872,NA,10,"top10","eeg_tleft_sampent_full_change_precond;eeg_tleft_halpha_mean_full_change_precond;pupil_dilation_sd_full_change_precond;eeg_c_theta_mean_full_change_precond;hrv_rmssd_full_change_precond;eeg_tleft_lalpha_mean_full_change_precond;eeg_pright_sampent_full_change_precond;eeg_t_sampent_full_change_precond;gsr_skin_conductance_eda_tonic_mean_nk_full_change_precond;eeg_fm_theta_mean_full_change_precond"
2025-11-26 18:32:01.478174,16,"stress_label",10,8,0.125,0.602564102564103,0.596153846153846,NA,10,"top10","eeg_tleft_sampent_full_change_precond;eeg_tleft_halpha_mean_full_change_precond;pupil_dilation_sd_full_change_precond;eeg_c_theta_mean_full_change_precond;hrv_rmssd_full_change_precond;eeg_tleft_lalpha_mean_full_change_precond;eeg_pright_sampent_full_change_precond;eeg_t_sampent_full_change_precond;gsr_skin_conductance_eda_tonic_mean_nk_full_change_precond;eeg_fm_theta_mean_full_change_precond"
2025-11-26 18:32:02.504665,16,"stress_label",10,16,0.125,0.576923076923077,0.615384615384615,NA,10,"top10","eeg_tleft_sampent_full_change_precond;eeg_tleft_halpha_mean_full_change_precond;pupil_dilation_sd_full_change_precond;eeg_c_theta_mean_full_change_precond;hrv_rmssd_full_change_precond;eeg_tleft_lalpha_mean_full_change_precond;eeg_pright_sampent_full_change_precond;eeg_t_sampent_full_change_precond;gsr_skin_conductance_eda_tonic_mean_nk_full_change_precond;eeg_fm_theta_mean_full_change_precond"
2025-11-26 18:32:03.508607,16,"stress_label",10,32,0.125,0.557692307692308,0.634615384615385,NA,10,"top10","eeg_tleft_sampent_full_change_precond;eeg_tleft_halpha_mean_full_change_precond;pupil_dilation_sd_full_change_precond;eeg_c_theta_mean_full_change_precond;hrv_rmssd_full_change_precond;eeg_tleft_lalpha_mean_full_change_precond;eeg_pright_sampent_full_change_precond;eeg_t_sampent_full_change_precond;gsr_skin_conductance_eda_tonic_mean_nk_full_change_precond;eeg_fm_theta_mean_full_change_precond"
2025-11-26 18:32:04.437336,16,"stress_label",10,64,0.125,0.557692307692308,0.634615384615385,NA,10,"top10","eeg_tleft_sampent_full_change_precond;eeg_tleft_halpha_mean_full_change_precond;pupil_dilation_sd_full_change_precond;eeg_c_theta_mean_full_change_precond;hrv_rmssd_full_change_precond;eeg_tleft_lalpha_mean_full_change_precond;eeg_pright_sampent_full_change_precond;eeg_t_sampent_full_change_precond;gsr_skin_conductance_eda_tonic_mean_nk_full_change_precond;eeg_fm_theta_mean_full_change_precond"
2025-11-26 18:32:05.253026,16,"stress_label",10,128,0.125,0.557692307692308,0.634615384615385,NA,10,"top10","eeg_tleft_sampent_full_change_precond;eeg_tleft_halpha_mean_full_change_precond;pupil_dilation_sd_full_change_precond;eeg_c_theta_mean_full_change_precond;hrv_rmssd_full_change_precond;eeg_tleft_lalpha_mean_full_change_precond;eeg_pright_sampent_full_change_precond;eeg_t_sampent_full_change_precond;gsr_skin_conductance_eda_tonic_mean_nk_full_change_precond;eeg_fm_theta_mean_full_change_precond"
2025-11-26 18:32:06.152904,16,"stress_label",10,256,0.125,0.557692307692308,0.634615384615385,NA,10,"top10","eeg_tleft_sampent_full_change_precond;eeg_tleft_halpha_mean_full_change_precond;pupil_dilation_sd_full_change_precond;eeg_c_theta_mean_full_change_precond;hrv_rmssd_full_change_precond;eeg_tleft_lalpha_mean_full_change_precond;eeg_pright_sampent_full_change_precond;eeg_t_sampent_full_change_precond;gsr_skin_conductance_eda_tonic_mean_nk_full_change_precond;eeg_fm_theta_mean_full_change_precond"
2025-11-26 18:32:06.997126,16,"stress_label",10,2,0.03,0.551282051282051,0.596153846153846,0.509401709401709,10,"top10","eeg_tleft_sampent_full_change_precond;eeg_tleft_halpha_mean_full_change_precond;pupil_dilation_sd_full_change_precond;eeg_c_theta_mean_full_change_precond;hrv_rmssd_full_change_precond;eeg_tleft_lalpha_mean_full_change_precond;eeg_pright_sampent_full_change_precond;eeg_t_sampent_full_change_precond;gsr_skin_conductance_eda_tonic_mean_nk_full_change_precond;eeg_fm_theta_mean_full_change_precond"
2025-11-26 18:32:07.829178,16,"stress_label",10,4,0.03,0.532051282051282,0.57051282051282,0.508547008547009,10,"top10","eeg_tleft_sampent_full_change_precond;eeg_tleft_halpha_mean_full_change_precond;pupil_dilation_sd_full_change_precond;eeg_c_theta_mean_full_change_precond;hrv_rmssd_full_change_precond;eeg_tleft_lalpha_mean_full_change_precond;eeg_pright_sampent_full_change_precond;eeg_t_sampent_full_change_precond;gsr_skin_conductance_eda_tonic_mean_nk_full_change_precond;eeg_fm_theta_mean_full_change_precond"
2025-11-26 18:32:08.703475,16,"stress_label",10,8,0.03,0.551282051282051,0.576923076923077,0.532478632478632,10,"top10","eeg_tleft_sampent_full_change_precond;eeg_tleft_halpha_mean_full_change_precond;pupil_dilation_sd_full_change_precond;eeg_c_theta_mean_full_change_precond;hrv_rmssd_full_change_precond;eeg_tleft_lalpha_mean_full_change_precond;eeg_pright_sampent_full_change_precond;eeg_t_sampent_full_change_precond;gsr_skin_conductance_eda_tonic_mean_nk_full_change_precond;eeg_fm_theta_mean_full_change_precond"
2025-11-26 18:32:09.432209,16,"stress_label",10,16,0.03,0.576923076923077,0.583333333333333,0.568376068376068,10,"top10","eeg_tleft_sampent_full_change_precond;eeg_tleft_halpha_mean_full_change_precond;pupil_dilation_sd_full_change_precond;eeg_c_theta_mean_full_change_precond;hrv_rmssd_full_change_precond;eeg_tleft_lalpha_mean_full_change_precond;eeg_pright_sampent_full_change_precond;eeg_t_sampent_full_change_precond;gsr_skin_conductance_eda_tonic_mean_nk_full_change_precond;eeg_fm_theta_mean_full_change_precond"
2025-11-26 18:32:10.259487,16,"stress_label",10,32,0.03,0.576923076923077,0.576923076923077,NA,10,"top10","eeg_tleft_sampent_full_change_precond;eeg_tleft_halpha_mean_full_change_precond;pupil_dilation_sd_full_change_precond;eeg_c_theta_mean_full_change_precond;hrv_rmssd_full_change_precond;eeg_tleft_lalpha_mean_full_change_precond;eeg_pright_sampent_full_change_precond;eeg_t_sampent_full_change_precond;gsr_skin_conductance_eda_tonic_mean_nk_full_change_precond;eeg_fm_theta_mean_full_change_precond"
2025-11-26 18:32:11.155365,16,"stress_label",10,64,0.03,0.628205128205128,0.66025641025641,NA,10,"top10","eeg_tleft_sampent_full_change_precond;eeg_tleft_halpha_mean_full_change_precond;pupil_dilation_sd_full_change_precond;eeg_c_theta_mean_full_change_precond;hrv_rmssd_full_change_precond;eeg_tleft_lalpha_mean_full_change_precond;eeg_pright_sampent_full_change_precond;eeg_t_sampent_full_change_precond;gsr_skin_conductance_eda_tonic_mean_nk_full_change_precond;eeg_fm_theta_mean_full_change_precond"
2025-11-26 18:32:12.12599,16,"stress_label",10,128,0.03,0.608974358974359,0.58974358974359,NA,10,"top10","eeg_tleft_sampent_full_change_precond;eeg_tleft_halpha_mean_full_change_precond;pupil_dilation_sd_full_change_precond;eeg_c_theta_mean_full_change_precond;hrv_rmssd_full_change_precond;eeg_tleft_lalpha_mean_full_change_precond;eeg_pright_sampent_full_change_precond;eeg_t_sampent_full_change_precond;gsr_skin_conductance_eda_tonic_mean_nk_full_change_precond;eeg_fm_theta_mean_full_change_precond"
2025-11-26 18:32:13.549427,16,"stress_label",10,256,0.03,0.608974358974359,0.583333333333333,NA,10,"top10","eeg_tleft_sampent_full_change_precond;eeg_tleft_halpha_mean_full_change_precond;pupil_dilation_sd_full_change_precond;eeg_c_theta_mean_full_change_precond;hrv_rmssd_full_change_precond;eeg_tleft_lalpha_mean_full_change_precond;eeg_pright_sampent_full_change_precond;eeg_t_sampent_full_change_precond;gsr_skin_conductance_eda_tonic_mean_nk_full_change_precond;eeg_fm_theta_mean_full_change_precond"
2025-11-26 18:32:14.437781,16,"stress_label",10,2,0.06,0.564102564102564,0.596153846153846,0.537606837606838,10,"top10","eeg_tleft_sampent_full_change_precond;eeg_tleft_halpha_mean_full_change_precond;pupil_dilation_sd_full_change_precond;eeg_c_theta_mean_full_change_precond;hrv_rmssd_full_change_precond;eeg_tleft_lalpha_mean_full_change_precond;eeg_pright_sampent_full_change_precond;eeg_t_sampent_full_change_precond;gsr_skin_conductance_eda_tonic_mean_nk_full_change_precond;eeg_fm_theta_mean_full_change_precond"
2025-11-26 18:32:15.223626,16,"stress_label",10,4,0.06,0.557692307692308,0.58974358974359,0.538461538461538,10,"top10","eeg_tleft_sampent_full_change_precond;eeg_tleft_halpha_mean_full_change_precond;pupil_dilation_sd_full_change_precond;eeg_c_theta_mean_full_change_precond;hrv_rmssd_full_change_precond;eeg_tleft_lalpha_mean_full_change_precond;eeg_pright_sampent_full_change_precond;eeg_t_sampent_full_change_precond;gsr_skin_conductance_eda_tonic_mean_nk_full_change_precond;eeg_fm_theta_mean_full_change_precond"
2025-11-26 18:32:16.104734,16,"stress_label",10,8,0.06,0.57051282051282,0.58974358974359,NA,10,"top10","eeg_tleft_sampent_full_change_precond;eeg_tleft_halpha_mean_full_change_precond;pupil_dilation_sd_full_change_precond;eeg_c_theta_mean_full_change_precond;hrv_rmssd_full_change_precond;eeg_tleft_lalpha_mean_full_change_precond;eeg_pright_sampent_full_change_precond;eeg_t_sampent_full_change_precond;gsr_skin_conductance_eda_tonic_mean_nk_full_change_precond;eeg_fm_theta_mean_full_change_precond"
2025-11-26 18:32:17.068788,16,"stress_label",10,16,0.06,0.641025641025641,0.641025641025641,NA,10,"top10","eeg_tleft_sampent_full_change_precond;eeg_tleft_halpha_mean_full_change_precond;pupil_dilation_sd_full_change_precond;eeg_c_theta_mean_full_change_precond;hrv_rmssd_full_change_precond;eeg_tleft_lalpha_mean_full_change_precond;eeg_pright_sampent_full_change_precond;eeg_t_sampent_full_change_precond;gsr_skin_conductance_eda_tonic_mean_nk_full_change_precond;eeg_fm_theta_mean_full_change_precond"
2025-11-26 18:32:17.837402,16,"stress_label",10,32,0.06,0.628205128205128,0.602564102564103,NA,10,"top10","eeg_tleft_sampent_full_change_precond;eeg_tleft_halpha_mean_full_change_precond;pupil_dilation_sd_full_change_precond;eeg_c_theta_mean_full_change_precond;hrv_rmssd_full_change_precond;eeg_tleft_lalpha_mean_full_change_precond;eeg_pright_sampent_full_change_precond;eeg_t_sampent_full_change_precond;gsr_skin_conductance_eda_tonic_mean_nk_full_change_precond;eeg_fm_theta_mean_full_change_precond"
2025-11-26 18:32:19.003389,16,"stress_label",10,64,0.06,0.57051282051282,0.564102564102564,NA,10,"top10","eeg_tleft_sampent_full_change_precond;eeg_tleft_halpha_mean_full_change_precond;pupil_dilation_sd_full_change_precond;eeg_c_theta_mean_full_change_precond;hrv_rmssd_full_change_precond;eeg_tleft_lalpha_mean_full_change_precond;eeg_pright_sampent_full_change_precond;eeg_t_sampent_full_change_precond;gsr_skin_conductance_eda_tonic_mean_nk_full_change_precond;eeg_fm_theta_mean_full_change_precond"
2025-11-26 18:32:20.260877,16,"stress_label",10,128,0.06,0.544871794871795,0.608974358974359,NA,10,"top10","eeg_tleft_sampent_full_change_precond;eeg_tleft_halpha_mean_full_change_precond;pupil_dilation_sd_full_change_precond;eeg_c_theta_mean_full_change_precond;hrv_rmssd_full_change_precond;eeg_tleft_lalpha_mean_full_change_precond;eeg_pright_sampent_full_change_precond;eeg_t_sampent_full_change_precond;gsr_skin_conductance_eda_tonic_mean_nk_full_change_precond;eeg_fm_theta_mean_full_change_precond"
2025-11-26 18:32:21.434678,16,"stress_label",10,256,0.06,0.544871794871795,0.608974358974359,NA,10,"top10","eeg_tleft_sampent_full_change_precond;eeg_tleft_halpha_mean_full_change_precond;pupil_dilation_sd_full_change_precond;eeg_c_theta_mean_full_change_precond;hrv_rmssd_full_change_precond;eeg_tleft_lalpha_mean_full_change_precond;eeg_pright_sampent_full_change_precond;eeg_t_sampent_full_change_precond;gsr_skin_conductance_eda_tonic_mean_nk_full_change_precond;eeg_fm_theta_mean_full_change_precond"
2025-11-26 18:32:22.265027,16,"stress_label",10,2,0.1,0.551282051282051,0.602564102564103,NA,10,"top10","eeg_tleft_sampent_full_change_precond;eeg_tleft_halpha_mean_full_change_precond;pupil_dilation_sd_full_change_precond;eeg_c_theta_mean_full_change_precond;hrv_rmssd_full_change_precond;eeg_tleft_lalpha_mean_full_change_precond;eeg_pright_sampent_full_change_precond;eeg_t_sampent_full_change_precond;gsr_skin_conductance_eda_tonic_mean_nk_full_change_precond;eeg_fm_theta_mean_full_change_precond"
2025-11-26 18:32:23.155303,16,"stress_label",10,4,0.1,0.557692307692308,0.596153846153846,NA,10,"top10","eeg_tleft_sampent_full_change_precond;eeg_tleft_halpha_mean_full_change_precond;pupil_dilation_sd_full_change_precond;eeg_c_theta_mean_full_change_precond;hrv_rmssd_full_change_precond;eeg_tleft_lalpha_mean_full_change_precond;eeg_pright_sampent_full_change_precond;eeg_t_sampent_full_change_precond;gsr_skin_conductance_eda_tonic_mean_nk_full_change_precond;eeg_fm_theta_mean_full_change_precond"
2025-11-26 18:32:24.152496,16,"stress_label",10,8,0.1,0.641025641025641,0.621794871794872,NA,10,"top10","eeg_tleft_sampent_full_change_precond;eeg_tleft_halpha_mean_full_change_precond;pupil_dilation_sd_full_change_precond;eeg_c_theta_mean_full_change_precond;hrv_rmssd_full_change_precond;eeg_tleft_lalpha_mean_full_change_precond;eeg_pright_sampent_full_change_precond;eeg_t_sampent_full_change_precond;gsr_skin_conductance_eda_tonic_mean_nk_full_change_precond;eeg_fm_theta_mean_full_change_precond"
2025-11-26 18:32:25.172209,16,"stress_label",10,16,0.1,0.58974358974359,0.583333333333333,NA,10,"top10","eeg_tleft_sampent_full_change_precond;eeg_tleft_halpha_mean_full_change_precond;pupil_dilation_sd_full_change_precond;eeg_c_theta_mean_full_change_precond;hrv_rmssd_full_change_precond;eeg_tleft_lalpha_mean_full_change_precond;eeg_pright_sampent_full_change_precond;eeg_t_sampent_full_change_precond;gsr_skin_conductance_eda_tonic_mean_nk_full_change_precond;eeg_fm_theta_mean_full_change_precond"
2025-11-26 18:32:26.195655,16,"stress_label",10,32,0.1,0.557692307692308,0.615384615384615,NA,10,"top10","eeg_tleft_sampent_full_change_precond;eeg_tleft_halpha_mean_full_change_precond;pupil_dilation_sd_full_change_precond;eeg_c_theta_mean_full_change_precond;hrv_rmssd_full_change_precond;eeg_tleft_lalpha_mean_full_change_precond;eeg_pright_sampent_full_change_precond;eeg_t_sampent_full_change_precond;gsr_skin_conductance_eda_tonic_mean_nk_full_change_precond;eeg_fm_theta_mean_full_change_precond"
2025-11-26 18:32:27.27847,16,"stress_label",10,64,0.1,0.557692307692308,0.615384615384615,NA,10,"top10","eeg_tleft_sampent_full_change_precond;eeg_tleft_halpha_mean_full_change_precond;pupil_dilation_sd_full_change_precond;eeg_c_theta_mean_full_change_precond;hrv_rmssd_full_change_precond;eeg_tleft_lalpha_mean_full_change_precond;eeg_pright_sampent_full_change_precond;eeg_t_sampent_full_change_precond;gsr_skin_conductance_eda_tonic_mean_nk_full_change_precond;eeg_fm_theta_mean_full_change_precond"
2025-11-26 18:32:28.383385,16,"stress_label",10,128,0.1,0.557692307692308,0.615384615384615,NA,10,"top10","eeg_tleft_sampent_full_change_precond;eeg_tleft_halpha_mean_full_change_precond;pupil_dilation_sd_full_change_precond;eeg_c_theta_mean_full_change_precond;hrv_rmssd_full_change_precond;eeg_tleft_lalpha_mean_full_change_precond;eeg_pright_sampent_full_change_precond;eeg_t_sampent_full_change_precond;gsr_skin_conductance_eda_tonic_mean_nk_full_change_precond;eeg_fm_theta_mean_full_change_precond"
2025-11-26 18:32:29.470928,16,"stress_label",10,256,0.1,0.557692307692308,0.615384615384615,NA,10,"top10","eeg_tleft_sampent_full_change_precond;eeg_tleft_halpha_mean_full_change_precond;pupil_dilation_sd_full_change_precond;eeg_c_theta_mean_full_change_precond;hrv_rmssd_full_change_precond;eeg_tleft_lalpha_mean_full_change_precond;eeg_pright_sampent_full_change_precond;eeg_t_sampent_full_change_precond;gsr_skin_conductance_eda_tonic_mean_nk_full_change_precond;eeg_fm_theta_mean_full_change_precond"
2025-11-26 18:32:30.259864,16,"stress_label",5,2,0.0078125,0.576923076923077,0.666666666666667,0.582051282051282,5,"top5","eeg_tleft_sampent_full_change_precond;eeg_tleft_halpha_mean_full_change_precond;pupil_dilation_sd_full_change_precond;eeg_c_theta_mean_full_change_precond;hrv_rmssd_full_change_precond"
2025-11-26 18:32:31.034916,16,"stress_label",5,4,0.0078125,0.583333333333333,0.666666666666667,0.590598290598291,5,"top5","eeg_tleft_sampent_full_change_precond;eeg_tleft_halpha_mean_full_change_precond;pupil_dilation_sd_full_change_precond;eeg_c_theta_mean_full_change_precond;hrv_rmssd_full_change_precond"
2025-11-26 18:32:31.787429,16,"stress_label",5,8,0.0078125,0.583333333333333,0.653846153846154,0.588888888888889,5,"top5","eeg_tleft_sampent_full_change_precond;eeg_tleft_halpha_mean_full_change_precond;pupil_dilation_sd_full_change_precond;eeg_c_theta_mean_full_change_precond;hrv_rmssd_full_change_precond"
2025-11-26 18:32:32.590631,16,"stress_label",5,16,0.0078125,0.583333333333333,0.653846153846154,0.588888888888889,5,"top5","eeg_tleft_sampent_full_change_precond;eeg_tleft_halpha_mean_full_change_precond;pupil_dilation_sd_full_change_precond;eeg_c_theta_mean_full_change_precond;hrv_rmssd_full_change_precond"
2025-11-26 18:32:33.352018,16,"stress_label",5,32,0.0078125,0.596153846153846,0.647435897435897,0.593162393162393,5,"top5","eeg_tleft_sampent_full_change_precond;eeg_tleft_halpha_mean_full_change_precond;pupil_dilation_sd_full_change_precond;eeg_c_theta_mean_full_change_precond;hrv_rmssd_full_change_precond"
2025-11-26 18:32:33.990685,16,"stress_label",5,64,0.0078125,0.58974358974359,0.653846153846154,0.585470085470085,5,"top5","eeg_tleft_sampent_full_change_precond;eeg_tleft_halpha_mean_full_change_precond;pupil_dilation_sd_full_change_precond;eeg_c_theta_mean_full_change_precond;hrv_rmssd_full_change_precond"
2025-11-26 18:32:34.696912,16,"stress_label",5,128,0.0078125,0.583333333333333,0.666666666666667,0.576068376068376,5,"top5","eeg_tleft_sampent_full_change_precond;eeg_tleft_halpha_mean_full_change_precond;pupil_dilation_sd_full_change_precond;eeg_c_theta_mean_full_change_precond;hrv_rmssd_full_change_precond"
2025-11-26 18:32:35.516568,16,"stress_label",5,256,0.0078125,0.57051282051282,0.673076923076923,0.558974358974359,5,"top5","eeg_tleft_sampent_full_change_precond;eeg_tleft_halpha_mean_full_change_precond;pupil_dilation_sd_full_change_precond;eeg_c_theta_mean_full_change_precond;hrv_rmssd_full_change_precond"
2025-11-26 18:32:36.300403,16,"stress_label",5,2,0.015625,0.58974358974359,0.66025641025641,0.599145299145299,5,"top5","eeg_tleft_sampent_full_change_precond;eeg_tleft_halpha_mean_full_change_precond;pupil_dilation_sd_full_change_precond;eeg_c_theta_mean_full_change_precond;hrv_rmssd_full_change_precond"
2025-11-26 18:32:37.078034,16,"stress_label",5,4,0.015625,0.57051282051282,0.653846153846154,0.572649572649573,5,"top5","eeg_tleft_sampent_full_change_precond;eeg_tleft_halpha_mean_full_change_precond;pupil_dilation_sd_full_change_precond;eeg_c_theta_mean_full_change_precond;hrv_rmssd_full_change_precond"
2025-11-26 18:32:37.859561,16,"stress_label",5,8,0.015625,0.58974358974359,0.653846153846154,0.594017094017094,5,"top5","eeg_tleft_sampent_full_change_precond;eeg_tleft_halpha_mean_full_change_precond;pupil_dilation_sd_full_change_precond;eeg_c_theta_mean_full_change_precond;hrv_rmssd_full_change_precond"
2025-11-26 18:32:38.59374,16,"stress_label",5,16,0.015625,0.58974358974359,0.653846153846154,0.585470085470085,5,"top5","eeg_tleft_sampent_full_change_precond;eeg_tleft_halpha_mean_full_change_precond;pupil_dilation_sd_full_change_precond;eeg_c_theta_mean_full_change_precond;hrv_rmssd_full_change_precond"
2025-11-26 18:32:39.232054,16,"stress_label",5,32,0.015625,0.576923076923077,0.653846153846154,0.568376068376068,5,"top5","eeg_tleft_sampent_full_change_precond;eeg_tleft_halpha_mean_full_change_precond;pupil_dilation_sd_full_change_precond;eeg_c_theta_mean_full_change_precond;hrv_rmssd_full_change_precond"
2025-11-26 18:32:40.013811,16,"stress_label",5,64,0.015625,0.564102564102564,0.673076923076923,0.547008547008547,5,"top5","eeg_tleft_sampent_full_change_precond;eeg_tleft_halpha_mean_full_change_precond;pupil_dilation_sd_full_change_precond;eeg_c_theta_mean_full_change_precond;hrv_rmssd_full_change_precond"
2025-11-26 18:32:40.876052,16,"stress_label",5,128,0.015625,0.602564102564103,0.653846153846154,0.575213675213675,5,"top5","eeg_tleft_sampent_full_change_precond;eeg_tleft_halpha_mean_full_change_precond;pupil_dilation_sd_full_change_precond;eeg_c_theta_mean_full_change_precond;hrv_rmssd_full_change_precond"
2025-11-26 18:32:41.826732,16,"stress_label",5,256,0.015625,0.621794871794872,0.653846153846154,0.600854700854701,5,"top5","eeg_tleft_sampent_full_change_precond;eeg_tleft_halpha_mean_full_change_precond;pupil_dilation_sd_full_change_precond;eeg_c_theta_mean_full_change_precond;hrv_rmssd_full_change_precond"
2025-11-26 18:32:42.605673,16,"stress_label",5,2,0.03125,0.564102564102564,0.647435897435897,0.564957264957265,5,"top5","eeg_tleft_sampent_full_change_precond;eeg_tleft_halpha_mean_full_change_precond;pupil_dilation_sd_full_change_precond;eeg_c_theta_mean_full_change_precond;hrv_rmssd_full_change_precond"
2025-11-26 18:32:43.37324,16,"stress_label",5,4,0.03125,0.596153846153846,0.673076923076923,0.598290598290598,5,"top5","eeg_tleft_sampent_full_change_precond;eeg_tleft_halpha_mean_full_change_precond;pupil_dilation_sd_full_change_precond;eeg_c_theta_mean_full_change_precond;hrv_rmssd_full_change_precond"
2025-11-26 18:32:44.138572,16,"stress_label",5,8,0.03125,0.576923076923077,0.653846153846154,0.564957264957265,5,"top5","eeg_tleft_sampent_full_change_precond;eeg_tleft_halpha_mean_full_change_precond;pupil_dilation_sd_full_change_precond;eeg_c_theta_mean_full_change_precond;hrv_rmssd_full_change_precond"
2025-11-26 18:32:44.911534,16,"stress_label",5,16,0.03125,0.557692307692308,0.653846153846154,0.541880341880342,5,"top5","eeg_tleft_sampent_full_change_precond;eeg_tleft_halpha_mean_full_change_precond;pupil_dilation_sd_full_change_precond;eeg_c_theta_mean_full_change_precond;hrv_rmssd_full_change_precond"
2025-11-26 18:32:45.719824,16,"stress_label",5,32,0.03125,0.58974358974359,0.647435897435897,0.558974358974359,5,"top5","eeg_tleft_sampent_full_change_precond;eeg_tleft_halpha_mean_full_change_precond;pupil_dilation_sd_full_change_precond;eeg_c_theta_mean_full_change_precond;hrv_rmssd_full_change_precond"
2025-11-26 18:32:46.536953,16,"stress_label",5,64,0.03125,0.602564102564103,0.628205128205128,0.578632478632479,5,"top5","eeg_tleft_sampent_full_change_precond;eeg_tleft_halpha_mean_full_change_precond;pupil_dilation_sd_full_change_precond;eeg_c_theta_mean_full_change_precond;hrv_rmssd_full_change_precond"
2025-11-26 18:32:47.444433,16,"stress_label",5,128,0.03125,0.583333333333333,0.634615384615385,0.564957264957265,5,"top5","eeg_tleft_sampent_full_change_precond;eeg_tleft_halpha_mean_full_change_precond;pupil_dilation_sd_full_change_precond;eeg_c_theta_mean_full_change_precond;hrv_rmssd_full_change_precond"
2025-11-26 18:32:48.289648,16,"stress_label",5,256,0.03125,0.532051282051282,0.583333333333333,0.517094017094017,5,"top5","eeg_tleft_sampent_full_change_precond;eeg_tleft_halpha_mean_full_change_precond;pupil_dilation_sd_full_change_precond;eeg_c_theta_mean_full_change_precond;hrv_rmssd_full_change_precond"
2025-11-26 18:32:48.978583,16,"stress_label",5,2,0.0625,0.596153846153846,0.666666666666667,0.593162393162393,5,"top5","eeg_tleft_sampent_full_change_precond;eeg_tleft_halpha_mean_full_change_precond;pupil_dilation_sd_full_change_precond;eeg_c_theta_mean_full_change_precond;hrv_rmssd_full_change_precond"
2025-11-26 18:32:49.648954,16,"stress_label",5,4,0.0625,0.57051282051282,0.647435897435897,0.561538461538462,5,"top5","eeg_tleft_sampent_full_change_precond;eeg_tleft_halpha_mean_full_change_precond;pupil_dilation_sd_full_change_precond;eeg_c_theta_mean_full_change_precond;hrv_rmssd_full_change_precond"
2025-11-26 18:32:50.281382,16,"stress_label",5,8,0.0625,0.583333333333333,0.641025641025641,0.568376068376068,5,"top5","eeg_tleft_sampent_full_change_precond;eeg_tleft_halpha_mean_full_change_precond;pupil_dilation_sd_full_change_precond;eeg_c_theta_mean_full_change_precond;hrv_rmssd_full_change_precond"
2025-11-26 18:32:50.984309,16,"stress_label",5,16,0.0625,0.602564102564103,0.634615384615385,0.576923076923077,5,"top5","eeg_tleft_sampent_full_change_precond;eeg_tleft_halpha_mean_full_change_precond;pupil_dilation_sd_full_change_precond;eeg_c_theta_mean_full_change_precond;hrv_rmssd_full_change_precond"
2025-11-26 18:32:51.752586,16,"stress_label",5,32,0.0625,0.544871794871795,0.621794871794872,0.531623931623932,5,"top5","eeg_tleft_sampent_full_change_precond;eeg_tleft_halpha_mean_full_change_precond;pupil_dilation_sd_full_change_precond;eeg_c_theta_mean_full_change_precond;hrv_rmssd_full_change_precond"
2025-11-26 18:32:52.667012,16,"stress_label",5,64,0.0625,0.551282051282051,0.615384615384615,0.531623931623932,5,"top5","eeg_tleft_sampent_full_change_precond;eeg_tleft_halpha_mean_full_change_precond;pupil_dilation_sd_full_change_precond;eeg_c_theta_mean_full_change_precond;hrv_rmssd_full_change_precond"
2025-11-26 18:32:53.679241,16,"stress_label",5,128,0.0625,0.576923076923077,0.58974358974359,0.55042735042735,5,"top5","eeg_tleft_sampent_full_change_precond;eeg_tleft_halpha_mean_full_change_precond;pupil_dilation_sd_full_change_precond;eeg_c_theta_mean_full_change_precond;hrv_rmssd_full_change_precond"
2025-11-26 18:32:55.155129,16,"stress_label",5,256,0.0625,0.544871794871795,0.596153846153846,0.501709401709402,5,"top5","eeg_tleft_sampent_full_change_precond;eeg_tleft_halpha_mean_full_change_precond;pupil_dilation_sd_full_change_precond;eeg_c_theta_mean_full_change_precond;hrv_rmssd_full_change_precond"
2025-11-26 18:32:55.929595,16,"stress_label",5,2,0.125,0.583333333333333,0.634615384615385,0.571794871794872,5,"top5","eeg_tleft_sampent_full_change_precond;eeg_tleft_halpha_mean_full_change_precond;pupil_dilation_sd_full_change_precond;eeg_c_theta_mean_full_change_precond;hrv_rmssd_full_change_precond"
2025-11-26 18:32:56.644051,16,"stress_label",5,4,0.125,0.58974358974359,0.653846153846154,0.585470085470085,5,"top5","eeg_tleft_sampent_full_change_precond;eeg_tleft_halpha_mean_full_change_precond;pupil_dilation_sd_full_change_precond;eeg_c_theta_mean_full_change_precond;hrv_rmssd_full_change_precond"
2025-11-26 18:32:57.38006,16,"stress_label",5,8,0.125,0.583333333333333,0.666666666666667,0.58034188034188,5,"top5","eeg_tleft_sampent_full_change_precond;eeg_tleft_halpha_mean_full_change_precond;pupil_dilation_sd_full_change_precond;eeg_c_theta_mean_full_change_precond;hrv_rmssd_full_change_precond"
2025-11-26 18:32:58.103326,16,"stress_label",5,16,0.125,0.557692307692308,0.608974358974359,0.532478632478632,5,"top5","eeg_tleft_sampent_full_change_precond;eeg_tleft_halpha_mean_full_change_precond;pupil_dilation_sd_full_change_precond;eeg_c_theta_mean_full_change_precond;hrv_rmssd_full_change_precond"
2025-11-26 18:32:58.94733,16,"stress_label",5,32,0.125,0.544871794871795,0.602564102564103,0.523931623931624,5,"top5","eeg_tleft_sampent_full_change_precond;eeg_tleft_halpha_mean_full_change_precond;pupil_dilation_sd_full_change_precond;eeg_c_theta_mean_full_change_precond;hrv_rmssd_full_change_precond"
2025-11-26 18:32:59.924983,16,"stress_label",5,64,0.125,0.557692307692308,0.634615384615385,NA,5,"top5","eeg_tleft_sampent_full_change_precond;eeg_tleft_halpha_mean_full_change_precond;pupil_dilation_sd_full_change_precond;eeg_c_theta_mean_full_change_precond;hrv_rmssd_full_change_precond"
2025-11-26 18:33:01.032377,16,"stress_label",5,128,0.125,0.576923076923077,0.621794871794872,NA,5,"top5","eeg_tleft_sampent_full_change_precond;eeg_tleft_halpha_mean_full_change_precond;pupil_dilation_sd_full_change_precond;eeg_c_theta_mean_full_change_precond;hrv_rmssd_full_change_precond"
2025-11-26 18:33:02.420263,16,"stress_label",5,256,0.125,0.512820512820513,0.532051282051282,NA,5,"top5","eeg_tleft_sampent_full_change_precond;eeg_tleft_halpha_mean_full_change_precond;pupil_dilation_sd_full_change_precond;eeg_c_theta_mean_full_change_precond;hrv_rmssd_full_change_precond"
2025-11-26 18:33:03.191372,16,"stress_label",5,2,0.03,0.564102564102564,0.647435897435897,0.564957264957265,5,"top5","eeg_tleft_sampent_full_change_precond;eeg_tleft_halpha_mean_full_change_precond;pupil_dilation_sd_full_change_precond;eeg_c_theta_mean_full_change_precond;hrv_rmssd_full_change_precond"
2025-11-26 18:33:03.957281,16,"stress_label",5,4,0.03,0.596153846153846,0.673076923076923,0.598290598290598,5,"top5","eeg_tleft_sampent_full_change_precond;eeg_tleft_halpha_mean_full_change_precond;pupil_dilation_sd_full_change_precond;eeg_c_theta_mean_full_change_precond;hrv_rmssd_full_change_precond"
2025-11-26 18:33:04.718691,16,"stress_label",5,8,0.03,0.583333333333333,0.653846153846154,0.577777777777778,5,"top5","eeg_tleft_sampent_full_change_precond;eeg_tleft_halpha_mean_full_change_precond;pupil_dilation_sd_full_change_precond;eeg_c_theta_mean_full_change_precond;hrv_rmssd_full_change_precond"
2025-11-26 18:33:05.470386,16,"stress_label",5,16,0.03,0.551282051282051,0.653846153846154,0.539316239316239,5,"top5","eeg_tleft_sampent_full_change_precond;eeg_tleft_halpha_mean_full_change_precond;pupil_dilation_sd_full_change_precond;eeg_c_theta_mean_full_change_precond;hrv_rmssd_full_change_precond"
2025-11-26 18:33:06.226332,16,"stress_label",5,32,0.03,0.58974358974359,0.66025641025641,0.564102564102564,5,"top5","eeg_tleft_sampent_full_change_precond;eeg_tleft_halpha_mean_full_change_precond;pupil_dilation_sd_full_change_precond;eeg_c_theta_mean_full_change_precond;hrv_rmssd_full_change_precond"
2025-11-26 18:33:07.017498,16,"stress_label",5,64,0.03,0.602564102564103,0.628205128205128,0.578632478632479,5,"top5","eeg_tleft_sampent_full_change_precond;eeg_tleft_halpha_mean_full_change_precond;pupil_dilation_sd_full_change_precond;eeg_c_theta_mean_full_change_precond;hrv_rmssd_full_change_precond"
2025-11-26 18:33:07.916848,16,"stress_label",5,128,0.03,0.583333333333333,0.628205128205128,0.560683760683761,5,"top5","eeg_tleft_sampent_full_change_precond;eeg_tleft_halpha_mean_full_change_precond;pupil_dilation_sd_full_change_precond;eeg_c_theta_mean_full_change_precond;hrv_rmssd_full_change_precond"
2025-11-26 18:33:09.023695,16,"stress_label",5,256,0.03,0.538461538461538,0.596153846153846,0.523076923076923,5,"top5","eeg_tleft_sampent_full_change_precond;eeg_tleft_halpha_mean_full_change_precond;pupil_dilation_sd_full_change_precond;eeg_c_theta_mean_full_change_precond;hrv_rmssd_full_change_precond"
2025-11-26 18:33:09.792598,16,"stress_label",5,2,0.06,0.596153846153846,0.666666666666667,0.593162393162393,5,"top5","eeg_tleft_sampent_full_change_precond;eeg_tleft_halpha_mean_full_change_precond;pupil_dilation_sd_full_change_precond;eeg_c_theta_mean_full_change_precond;hrv_rmssd_full_change_precond"
2025-11-26 18:33:10.548261,16,"stress_label",5,4,0.06,0.57051282051282,0.641025641025641,0.561538461538462,5,"top5","eeg_tleft_sampent_full_change_precond;eeg_tleft_halpha_mean_full_change_precond;pupil_dilation_sd_full_change_precond;eeg_c_theta_mean_full_change_precond;hrv_rmssd_full_change_precond"
2025-11-26 18:33:11.337569,16,"stress_label",5,8,0.06,0.576923076923077,0.634615384615385,0.560683760683761,5,"top5","eeg_tleft_sampent_full_change_precond;eeg_tleft_halpha_mean_full_change_precond;pupil_dilation_sd_full_change_precond;eeg_c_theta_mean_full_change_precond;hrv_rmssd_full_change_precond"
2025-11-26 18:33:12.060614,16,"stress_label",5,16,0.06,0.596153846153846,0.628205128205128,0.568376068376068,5,"top5","eeg_tleft_sampent_full_change_precond;eeg_tleft_halpha_mean_full_change_precond;pupil_dilation_sd_full_change_precond;eeg_c_theta_mean_full_change_precond;hrv_rmssd_full_change_precond"
2025-11-26 18:33:12.800639,16,"stress_label",5,32,0.06,0.557692307692308,0.628205128205128,0.544444444444444,5,"top5","eeg_tleft_sampent_full_change_precond;eeg_tleft_halpha_mean_full_change_precond;pupil_dilation_sd_full_change_precond;eeg_c_theta_mean_full_change_precond;hrv_rmssd_full_change_precond"
2025-11-26 18:33:13.633955,16,"stress_label",5,64,0.06,0.557692307692308,0.596153846153846,0.552991452991453,5,"top5","eeg_tleft_sampent_full_change_precond;eeg_tleft_halpha_mean_full_change_precond;pupil_dilation_sd_full_change_precond;eeg_c_theta_mean_full_change_precond;hrv_rmssd_full_change_precond"
2025-11-26 18:33:14.633503,16,"stress_label",5,128,0.06,0.564102564102564,0.615384615384615,0.539316239316239,5,"top5","eeg_tleft_sampent_full_change_precond;eeg_tleft_halpha_mean_full_change_precond;pupil_dilation_sd_full_change_precond;eeg_c_theta_mean_full_change_precond;hrv_rmssd_full_change_precond"
2025-11-26 18:33:15.860291,16,"stress_label",5,256,0.06,0.538461538461538,0.58974358974359,0.499145299145299,5,"top5","eeg_tleft_sampent_full_change_precond;eeg_tleft_halpha_mean_full_change_precond;pupil_dilation_sd_full_change_precond;eeg_c_theta_mean_full_change_precond;hrv_rmssd_full_change_precond"
2025-11-26 18:33:16.618146,16,"stress_label",5,2,0.1,0.576923076923077,0.641025641025641,0.569230769230769,5,"top5","eeg_tleft_sampent_full_change_precond;eeg_tleft_halpha_mean_full_change_precond;pupil_dilation_sd_full_change_precond;eeg_c_theta_mean_full_change_precond;hrv_rmssd_full_change_precond"
2025-11-26 18:33:17.402819,16,"stress_label",5,4,0.1,0.583333333333333,0.641025641025641,0.572649572649573,5,"top5","eeg_tleft_sampent_full_change_precond;eeg_tleft_halpha_mean_full_change_precond;pupil_dilation_sd_full_change_precond;eeg_c_theta_mean_full_change_precond;hrv_rmssd_full_change_precond"
2025-11-26 18:33:18.193731,16,"stress_label",5,8,0.1,0.583333333333333,0.653846153846154,0.57948717948718,5,"top5","eeg_tleft_sampent_full_change_precond;eeg_tleft_halpha_mean_full_change_precond;pupil_dilation_sd_full_change_precond;eeg_c_theta_mean_full_change_precond;hrv_rmssd_full_change_precond"
2025-11-26 18:33:18.997016,16,"stress_label",5,16,0.1,0.58974358974359,0.621794871794872,0.578632478632479,5,"top5","eeg_tleft_sampent_full_change_precond;eeg_tleft_halpha_mean_full_change_precond;pupil_dilation_sd_full_change_precond;eeg_c_theta_mean_full_change_precond;hrv_rmssd_full_change_precond"
2025-11-26 18:33:19.869911,16,"stress_label",5,32,0.1,0.551282051282051,0.621794871794872,0.528205128205128,5,"top5","eeg_tleft_sampent_full_change_precond;eeg_tleft_halpha_mean_full_change_precond;pupil_dilation_sd_full_change_precond;eeg_c_theta_mean_full_change_precond;hrv_rmssd_full_change_precond"
2025-11-26 18:33:20.75117,16,"stress_label",5,64,0.1,0.538461538461538,0.576923076923077,0.506837606837607,5,"top5","eeg_tleft_sampent_full_change_precond;eeg_tleft_halpha_mean_full_change_precond;pupil_dilation_sd_full_change_precond;eeg_c_theta_mean_full_change_precond;hrv_rmssd_full_change_precond"
2025-11-26 18:33:21.879857,16,"stress_label",5,128,0.1,0.564102564102564,0.628205128205128,NA,5,"top5","eeg_tleft_sampent_full_change_precond;eeg_tleft_halpha_mean_full_change_precond;pupil_dilation_sd_full_change_precond;eeg_c_theta_mean_full_change_precond;hrv_rmssd_full_change_precond"
2025-11-26 18:33:23.115057,16,"stress_label",5,256,0.1,0.583333333333333,0.628205128205128,NA,5,"top5","eeg_tleft_sampent_full_change_precond;eeg_tleft_halpha_mean_full_change_precond;pupil_dilation_sd_full_change_precond;eeg_c_theta_mean_full_change_precond;hrv_rmssd_full_change_precond"
2025-11-26 18:33:24.247768,17,"stress_label",20,2,0.0078125,0.576923076923077,0.608974358974359,0.547863247863248,20,"top20","eeg_tleft_sampent_full_change_precond;eeg_tleft_halpha_mean_full_change_precond;eeg_tleft_lalpha_mean_full_change_precond;gsr_skin_conductance_eda_tonic_mean_nk_full_change_precond;eeg_pright_sampent_full_change_precond;eeg_t_sampent_full_change_precond;pupil_dilation_sd_full_change_precond;eeg_c_theta_mean_full_change_precond;eeg_fr_sampent_full_change_precond;eeg_tright_halpha_mean_full_change_precond;eeg_fl_hbeta_mean_full_change_precond;hrv_rmssd_full_change_precond;eeg_c_sampent_full_change_precond;eeg_fm_sampent_full_change_precond;hr_heartrate_bpm_med_abs_full_change_precond;eeg_fm_theta_mean_full_change_precond;pupil_asymmetry_full_change_precond;eeg_pleft_lbeta_mean_full_change_precond;eeg_pright_halpha_mean_full_change_precond;eeg_c_specent_full_change_precond"
2025-11-26 18:33:25.208849,17,"stress_label",20,4,0.0078125,0.564102564102564,0.615384615384615,0.544444444444444,20,"top20","eeg_tleft_sampent_full_change_precond;eeg_tleft_halpha_mean_full_change_precond;eeg_tleft_lalpha_mean_full_change_precond;gsr_skin_conductance_eda_tonic_mean_nk_full_change_precond;eeg_pright_sampent_full_change_precond;eeg_t_sampent_full_change_precond;pupil_dilation_sd_full_change_precond;eeg_c_theta_mean_full_change_precond;eeg_fr_sampent_full_change_precond;eeg_tright_halpha_mean_full_change_precond;eeg_fl_hbeta_mean_full_change_precond;hrv_rmssd_full_change_precond;eeg_c_sampent_full_change_precond;eeg_fm_sampent_full_change_precond;hr_heartrate_bpm_med_abs_full_change_precond;eeg_fm_theta_mean_full_change_precond;pupil_asymmetry_full_change_precond;eeg_pleft_lbeta_mean_full_change_precond;eeg_pright_halpha_mean_full_change_precond;eeg_c_specent_full_change_precond"
2025-11-26 18:33:26.185355,17,"stress_label",20,8,0.0078125,0.551282051282051,0.602564102564103,0.527350427350427,20,"top20","eeg_tleft_sampent_full_change_precond;eeg_tleft_halpha_mean_full_change_precond;eeg_tleft_lalpha_mean_full_change_precond;gsr_skin_conductance_eda_tonic_mean_nk_full_change_precond;eeg_pright_sampent_full_change_precond;eeg_t_sampent_full_change_precond;pupil_dilation_sd_full_change_precond;eeg_c_theta_mean_full_change_precond;eeg_fr_sampent_full_change_precond;eeg_tright_halpha_mean_full_change_precond;eeg_fl_hbeta_mean_full_change_precond;hrv_rmssd_full_change_precond;eeg_c_sampent_full_change_precond;eeg_fm_sampent_full_change_precond;hr_heartrate_bpm_med_abs_full_change_precond;eeg_fm_theta_mean_full_change_precond;pupil_asymmetry_full_change_precond;eeg_pleft_lbeta_mean_full_change_precond;eeg_pright_halpha_mean_full_change_precond;eeg_c_specent_full_change_precond"
2025-11-26 18:33:27.220086,17,"stress_label",20,16,0.0078125,0.564102564102564,0.615384615384615,0.542735042735043,20,"top20","eeg_tleft_sampent_full_change_precond;eeg_tleft_halpha_mean_full_change_precond;eeg_tleft_lalpha_mean_full_change_precond;gsr_skin_conductance_eda_tonic_mean_nk_full_change_precond;eeg_pright_sampent_full_change_precond;eeg_t_sampent_full_change_precond;pupil_dilation_sd_full_change_precond;eeg_c_theta_mean_full_change_precond;eeg_fr_sampent_full_change_precond;eeg_tright_halpha_mean_full_change_precond;eeg_fl_hbeta_mean_full_change_precond;hrv_rmssd_full_change_precond;eeg_c_sampent_full_change_precond;eeg_fm_sampent_full_change_precond;hr_heartrate_bpm_med_abs_full_change_precond;eeg_fm_theta_mean_full_change_precond;pupil_asymmetry_full_change_precond;eeg_pleft_lbeta_mean_full_change_precond;eeg_pright_halpha_mean_full_change_precond;eeg_c_specent_full_change_precond"
2025-11-26 18:33:28.209471,17,"stress_label",20,32,0.0078125,0.621794871794872,0.628205128205128,0.611111111111111,20,"top20","eeg_tleft_sampent_full_change_precond;eeg_tleft_halpha_mean_full_change_precond;eeg_tleft_lalpha_mean_full_change_precond;gsr_skin_conductance_eda_tonic_mean_nk_full_change_precond;eeg_pright_sampent_full_change_precond;eeg_t_sampent_full_change_precond;pupil_dilation_sd_full_change_precond;eeg_c_theta_mean_full_change_precond;eeg_fr_sampent_full_change_precond;eeg_tright_halpha_mean_full_change_precond;eeg_fl_hbeta_mean_full_change_precond;hrv_rmssd_full_change_precond;eeg_c_sampent_full_change_precond;eeg_fm_sampent_full_change_precond;hr_heartrate_bpm_med_abs_full_change_precond;eeg_fm_theta_mean_full_change_precond;pupil_asymmetry_full_change_precond;eeg_pleft_lbeta_mean_full_change_precond;eeg_pright_halpha_mean_full_change_precond;eeg_c_specent_full_change_precond"
2025-11-26 18:33:29.288781,17,"stress_label",20,64,0.0078125,0.564102564102564,0.544871794871795,NA,20,"top20","eeg_tleft_sampent_full_change_precond;eeg_tleft_halpha_mean_full_change_precond;eeg_tleft_lalpha_mean_full_change_precond;gsr_skin_conductance_eda_tonic_mean_nk_full_change_precond;eeg_pright_sampent_full_change_precond;eeg_t_sampent_full_change_precond;pupil_dilation_sd_full_change_precond;eeg_c_theta_mean_full_change_precond;eeg_fr_sampent_full_change_precond;eeg_tright_halpha_mean_full_change_precond;eeg_fl_hbeta_mean_full_change_precond;hrv_rmssd_full_change_precond;eeg_c_sampent_full_change_precond;eeg_fm_sampent_full_change_precond;hr_heartrate_bpm_med_abs_full_change_precond;eeg_fm_theta_mean_full_change_precond;pupil_asymmetry_full_change_precond;eeg_pleft_lbeta_mean_full_change_precond;eeg_pright_halpha_mean_full_change_precond;eeg_c_specent_full_change_precond"
2025-11-26 18:33:30.573907,17,"stress_label",20,128,0.0078125,0.525641025641026,0.512820512820513,NA,20,"top20","eeg_tleft_sampent_full_change_precond;eeg_tleft_halpha_mean_full_change_precond;eeg_tleft_lalpha_mean_full_change_precond;gsr_skin_conductance_eda_tonic_mean_nk_full_change_precond;eeg_pright_sampent_full_change_precond;eeg_t_sampent_full_change_precond;pupil_dilation_sd_full_change_precond;eeg_c_theta_mean_full_change_precond;eeg_fr_sampent_full_change_precond;eeg_tright_halpha_mean_full_change_precond;eeg_fl_hbeta_mean_full_change_precond;hrv_rmssd_full_change_precond;eeg_c_sampent_full_change_precond;eeg_fm_sampent_full_change_precond;hr_heartrate_bpm_med_abs_full_change_precond;eeg_fm_theta_mean_full_change_precond;pupil_asymmetry_full_change_precond;eeg_pleft_lbeta_mean_full_change_precond;eeg_pright_halpha_mean_full_change_precond;eeg_c_specent_full_change_precond"
2025-11-26 18:33:32.125937,17,"stress_label",20,256,0.0078125,0.551282051282051,0.532051282051282,0.504273504273504,20,"top20","eeg_tleft_sampent_full_change_precond;eeg_tleft_halpha_mean_full_change_precond;eeg_tleft_lalpha_mean_full_change_precond;gsr_skin_conductance_eda_tonic_mean_nk_full_change_precond;eeg_pright_sampent_full_change_precond;eeg_t_sampent_full_change_precond;pupil_dilation_sd_full_change_precond;eeg_c_theta_mean_full_change_precond;eeg_fr_sampent_full_change_precond;eeg_tright_halpha_mean_full_change_precond;eeg_fl_hbeta_mean_full_change_precond;hrv_rmssd_full_change_precond;eeg_c_sampent_full_change_precond;eeg_fm_sampent_full_change_precond;hr_heartrate_bpm_med_abs_full_change_precond;eeg_fm_theta_mean_full_change_precond;pupil_asymmetry_full_change_precond;eeg_pleft_lbeta_mean_full_change_precond;eeg_pright_halpha_mean_full_change_precond;eeg_c_specent_full_change_precond"
2025-11-26 18:33:33.148323,17,"stress_label",20,2,0.015625,0.576923076923077,0.596153846153846,0.547863247863248,20,"top20","eeg_tleft_sampent_full_change_precond;eeg_tleft_halpha_mean_full_change_precond;eeg_tleft_lalpha_mean_full_change_precond;gsr_skin_conductance_eda_tonic_mean_nk_full_change_precond;eeg_pright_sampent_full_change_precond;eeg_t_sampent_full_change_precond;pupil_dilation_sd_full_change_precond;eeg_c_theta_mean_full_change_precond;eeg_fr_sampent_full_change_precond;eeg_tright_halpha_mean_full_change_precond;eeg_fl_hbeta_mean_full_change_precond;hrv_rmssd_full_change_precond;eeg_c_sampent_full_change_precond;eeg_fm_sampent_full_change_precond;hr_heartrate_bpm_med_abs_full_change_precond;eeg_fm_theta_mean_full_change_precond;pupil_asymmetry_full_change_precond;eeg_pleft_lbeta_mean_full_change_precond;eeg_pright_halpha_mean_full_change_precond;eeg_c_specent_full_change_precond"
2025-11-26 18:33:34.154349,17,"stress_label",20,4,0.015625,0.564102564102564,0.602564102564103,0.54017094017094,20,"top20","eeg_tleft_sampent_full_change_precond;eeg_tleft_halpha_mean_full_change_precond;eeg_tleft_lalpha_mean_full_change_precond;gsr_skin_conductance_eda_tonic_mean_nk_full_change_precond;eeg_pright_sampent_full_change_precond;eeg_t_sampent_full_change_precond;pupil_dilation_sd_full_change_precond;eeg_c_theta_mean_full_change_precond;eeg_fr_sampent_full_change_precond;eeg_tright_halpha_mean_full_change_precond;eeg_fl_hbeta_mean_full_change_precond;hrv_rmssd_full_change_precond;eeg_c_sampent_full_change_precond;eeg_fm_sampent_full_change_precond;hr_heartrate_bpm_med_abs_full_change_precond;eeg_fm_theta_mean_full_change_precond;pupil_asymmetry_full_change_precond;eeg_pleft_lbeta_mean_full_change_precond;eeg_pright_halpha_mean_full_change_precond;eeg_c_specent_full_change_precond"
2025-11-26 18:33:35.199987,17,"stress_label",20,8,0.015625,0.583333333333333,0.608974358974359,0.563247863247863,20,"top20","eeg_tleft_sampent_full_change_precond;eeg_tleft_halpha_mean_full_change_precond;eeg_tleft_lalpha_mean_full_change_precond;gsr_skin_conductance_eda_tonic_mean_nk_full_change_precond;eeg_pright_sampent_full_change_precond;eeg_t_sampent_full_change_precond;pupil_dilation_sd_full_change_precond;eeg_c_theta_mean_full_change_precond;eeg_fr_sampent_full_change_precond;eeg_tright_halpha_mean_full_change_precond;eeg_fl_hbeta_mean_full_change_precond;hrv_rmssd_full_change_precond;eeg_c_sampent_full_change_precond;eeg_fm_sampent_full_change_precond;hr_heartrate_bpm_med_abs_full_change_precond;eeg_fm_theta_mean_full_change_precond;pupil_asymmetry_full_change_precond;eeg_pleft_lbeta_mean_full_change_precond;eeg_pright_halpha_mean_full_change_precond;eeg_c_specent_full_change_precond"
2025-11-26 18:33:36.297324,17,"stress_label",20,16,0.015625,0.58974358974359,0.596153846153846,NA,20,"top20","eeg_tleft_sampent_full_change_precond;eeg_tleft_halpha_mean_full_change_precond;eeg_tleft_lalpha_mean_full_change_precond;gsr_skin_conductance_eda_tonic_mean_nk_full_change_precond;eeg_pright_sampent_full_change_precond;eeg_t_sampent_full_change_precond;pupil_dilation_sd_full_change_precond;eeg_c_theta_mean_full_change_precond;eeg_fr_sampent_full_change_precond;eeg_tright_halpha_mean_full_change_precond;eeg_fl_hbeta_mean_full_change_precond;hrv_rmssd_full_change_precond;eeg_c_sampent_full_change_precond;eeg_fm_sampent_full_change_precond;hr_heartrate_bpm_med_abs_full_change_precond;eeg_fm_theta_mean_full_change_precond;pupil_asymmetry_full_change_precond;eeg_pleft_lbeta_mean_full_change_precond;eeg_pright_halpha_mean_full_change_precond;eeg_c_specent_full_change_precond"
2025-11-26 18:33:37.42108,17,"stress_label",20,32,0.015625,0.538461538461538,0.519230769230769,NA,20,"top20","eeg_tleft_sampent_full_change_precond;eeg_tleft_halpha_mean_full_change_precond;eeg_tleft_lalpha_mean_full_change_precond;gsr_skin_conductance_eda_tonic_mean_nk_full_change_precond;eeg_pright_sampent_full_change_precond;eeg_t_sampent_full_change_precond;pupil_dilation_sd_full_change_precond;eeg_c_theta_mean_full_change_precond;eeg_fr_sampent_full_change_precond;eeg_tright_halpha_mean_full_change_precond;eeg_fl_hbeta_mean_full_change_precond;hrv_rmssd_full_change_precond;eeg_c_sampent_full_change_precond;eeg_fm_sampent_full_change_precond;hr_heartrate_bpm_med_abs_full_change_precond;eeg_fm_theta_mean_full_change_precond;pupil_asymmetry_full_change_precond;eeg_pleft_lbeta_mean_full_change_precond;eeg_pright_halpha_mean_full_change_precond;eeg_c_specent_full_change_precond"
2025-11-26 18:33:38.703767,17,"stress_label",20,64,0.015625,0.557692307692308,0.532051282051282,0.512820512820513,20,"top20","eeg_tleft_sampent_full_change_precond;eeg_tleft_halpha_mean_full_change_precond;eeg_tleft_lalpha_mean_full_change_precond;gsr_skin_conductance_eda_tonic_mean_nk_full_change_precond;eeg_pright_sampent_full_change_precond;eeg_t_sampent_full_change_precond;pupil_dilation_sd_full_change_precond;eeg_c_theta_mean_full_change_precond;eeg_fr_sampent_full_change_precond;eeg_tright_halpha_mean_full_change_precond;eeg_fl_hbeta_mean_full_change_precond;hrv_rmssd_full_change_precond;eeg_c_sampent_full_change_precond;eeg_fm_sampent_full_change_precond;hr_heartrate_bpm_med_abs_full_change_precond;eeg_fm_theta_mean_full_change_precond;pupil_asymmetry_full_change_precond;eeg_pleft_lbeta_mean_full_change_precond;eeg_pright_halpha_mean_full_change_precond;eeg_c_specent_full_change_precond"
2025-11-26 18:33:40.040993,17,"stress_label",20,128,0.015625,0.57051282051282,0.557692307692308,NA,20,"top20","eeg_tleft_sampent_full_change_precond;eeg_tleft_halpha_mean_full_change_precond;eeg_tleft_lalpha_mean_full_change_precond;gsr_skin_conductance_eda_tonic_mean_nk_full_change_precond;eeg_pright_sampent_full_change_precond;eeg_t_sampent_full_change_precond;pupil_dilation_sd_full_change_precond;eeg_c_theta_mean_full_change_precond;eeg_fr_sampent_full_change_precond;eeg_tright_halpha_mean_full_change_precond;eeg_fl_hbeta_mean_full_change_precond;hrv_rmssd_full_change_precond;eeg_c_sampent_full_change_precond;eeg_fm_sampent_full_change_precond;hr_heartrate_bpm_med_abs_full_change_precond;eeg_fm_theta_mean_full_change_precond;pupil_asymmetry_full_change_precond;eeg_pleft_lbeta_mean_full_change_precond;eeg_pright_halpha_mean_full_change_precond;eeg_c_specent_full_change_precond"
2025-11-26 18:33:41.152605,17,"stress_label",20,256,0.015625,0.583333333333333,0.576923076923077,NA,20,"top20","eeg_tleft_sampent_full_change_precond;eeg_tleft_halpha_mean_full_change_precond;eeg_tleft_lalpha_mean_full_change_precond;gsr_skin_conductance_eda_tonic_mean_nk_full_change_precond;eeg_pright_sampent_full_change_precond;eeg_t_sampent_full_change_precond;pupil_dilation_sd_full_change_precond;eeg_c_theta_mean_full_change_precond;eeg_fr_sampent_full_change_precond;eeg_tright_halpha_mean_full_change_precond;eeg_fl_hbeta_mean_full_change_precond;hrv_rmssd_full_change_precond;eeg_c_sampent_full_change_precond;eeg_fm_sampent_full_change_precond;hr_heartrate_bpm_med_abs_full_change_precond;eeg_fm_theta_mean_full_change_precond;pupil_asymmetry_full_change_precond;eeg_pleft_lbeta_mean_full_change_precond;eeg_pright_halpha_mean_full_change_precond;eeg_c_specent_full_change_precond"
2025-11-26 18:33:42.181133,17,"stress_label",20,2,0.03125,0.58974358974359,0.602564102564103,0.558974358974359,20,"top20","eeg_tleft_sampent_full_change_precond;eeg_tleft_halpha_mean_full_change_precond;eeg_tleft_lalpha_mean_full_change_precond;gsr_skin_conductance_eda_tonic_mean_nk_full_change_precond;eeg_pright_sampent_full_change_precond;eeg_t_sampent_full_change_precond;pupil_dilation_sd_full_change_precond;eeg_c_theta_mean_full_change_precond;eeg_fr_sampent_full_change_precond;eeg_tright_halpha_mean_full_change_precond;eeg_fl_hbeta_mean_full_change_precond;hrv_rmssd_full_change_precond;eeg_c_sampent_full_change_precond;eeg_fm_sampent_full_change_precond;hr_heartrate_bpm_med_abs_full_change_precond;eeg_fm_theta_mean_full_change_precond;pupil_asymmetry_full_change_precond;eeg_pleft_lbeta_mean_full_change_precond;eeg_pright_halpha_mean_full_change_precond;eeg_c_specent_full_change_precond"
2025-11-26 18:33:43.252031,17,"stress_label",20,4,0.03125,0.608974358974359,0.634615384615385,NA,20,"top20","eeg_tleft_sampent_full_change_precond;eeg_tleft_halpha_mean_full_change_precond;eeg_tleft_lalpha_mean_full_change_precond;gsr_skin_conductance_eda_tonic_mean_nk_full_change_precond;eeg_pright_sampent_full_change_precond;eeg_t_sampent_full_change_precond;pupil_dilation_sd_full_change_precond;eeg_c_theta_mean_full_change_precond;eeg_fr_sampent_full_change_precond;eeg_tright_halpha_mean_full_change_precond;eeg_fl_hbeta_mean_full_change_precond;hrv_rmssd_full_change_precond;eeg_c_sampent_full_change_precond;eeg_fm_sampent_full_change_precond;hr_heartrate_bpm_med_abs_full_change_precond;eeg_fm_theta_mean_full_change_precond;pupil_asymmetry_full_change_precond;eeg_pleft_lbeta_mean_full_change_precond;eeg_pright_halpha_mean_full_change_precond;eeg_c_specent_full_change_precond"
2025-11-26 18:33:44.394811,17,"stress_label",20,8,0.03125,0.583333333333333,0.576923076923077,NA,20,"top20","eeg_tleft_sampent_full_change_precond;eeg_tleft_halpha_mean_full_change_precond;eeg_tleft_lalpha_mean_full_change_precond;gsr_skin_conductance_eda_tonic_mean_nk_full_change_precond;eeg_pright_sampent_full_change_precond;eeg_t_sampent_full_change_precond;pupil_dilation_sd_full_change_precond;eeg_c_theta_mean_full_change_precond;eeg_fr_sampent_full_change_precond;eeg_tright_halpha_mean_full_change_precond;eeg_fl_hbeta_mean_full_change_precond;hrv_rmssd_full_change_precond;eeg_c_sampent_full_change_precond;eeg_fm_sampent_full_change_precond;hr_heartrate_bpm_med_abs_full_change_precond;eeg_fm_theta_mean_full_change_precond;pupil_asymmetry_full_change_precond;eeg_pleft_lbeta_mean_full_change_precond;eeg_pright_halpha_mean_full_change_precond;eeg_c_specent_full_change_precond"
2025-11-26 18:33:45.530295,17,"stress_label",20,16,0.03125,0.583333333333333,0.57051282051282,NA,20,"top20","eeg_tleft_sampent_full_change_precond;eeg_tleft_halpha_mean_full_change_precond;eeg_tleft_lalpha_mean_full_change_precond;gsr_skin_conductance_eda_tonic_mean_nk_full_change_precond;eeg_pright_sampent_full_change_precond;eeg_t_sampent_full_change_precond;pupil_dilation_sd_full_change_precond;eeg_c_theta_mean_full_change_precond;eeg_fr_sampent_full_change_precond;eeg_tright_halpha_mean_full_change_precond;eeg_fl_hbeta_mean_full_change_precond;hrv_rmssd_full_change_precond;eeg_c_sampent_full_change_precond;eeg_fm_sampent_full_change_precond;hr_heartrate_bpm_med_abs_full_change_precond;eeg_fm_theta_mean_full_change_precond;pupil_asymmetry_full_change_precond;eeg_pleft_lbeta_mean_full_change_precond;eeg_pright_halpha_mean_full_change_precond;eeg_c_specent_full_change_precond"
2025-11-26 18:33:46.633514,17,"stress_label",20,32,0.03125,0.596153846153846,0.583333333333333,NA,20,"top20","eeg_tleft_sampent_full_change_precond;eeg_tleft_halpha_mean_full_change_precond;eeg_tleft_lalpha_mean_full_change_precond;gsr_skin_conductance_eda_tonic_mean_nk_full_change_precond;eeg_pright_sampent_full_change_precond;eeg_t_sampent_full_change_precond;pupil_dilation_sd_full_change_precond;eeg_c_theta_mean_full_change_precond;eeg_fr_sampent_full_change_precond;eeg_tright_halpha_mean_full_change_precond;eeg_fl_hbeta_mean_full_change_precond;hrv_rmssd_full_change_precond;eeg_c_sampent_full_change_precond;eeg_fm_sampent_full_change_precond;hr_heartrate_bpm_med_abs_full_change_precond;eeg_fm_theta_mean_full_change_precond;pupil_asymmetry_full_change_precond;eeg_pleft_lbeta_mean_full_change_precond;eeg_pright_halpha_mean_full_change_precond;eeg_c_specent_full_change_precond"
2025-11-26 18:33:47.699276,17,"stress_label",20,64,0.03125,0.58974358974359,0.576923076923077,NA,20,"top20","eeg_tleft_sampent_full_change_precond;eeg_tleft_halpha_mean_full_change_precond;eeg_tleft_lalpha_mean_full_change_precond;gsr_skin_conductance_eda_tonic_mean_nk_full_change_precond;eeg_pright_sampent_full_change_precond;eeg_t_sampent_full_change_precond;pupil_dilation_sd_full_change_precond;eeg_c_theta_mean_full_change_precond;eeg_fr_sampent_full_change_precond;eeg_tright_halpha_mean_full_change_precond;eeg_fl_hbeta_mean_full_change_precond;hrv_rmssd_full_change_precond;eeg_c_sampent_full_change_precond;eeg_fm_sampent_full_change_precond;hr_heartrate_bpm_med_abs_full_change_precond;eeg_fm_theta_mean_full_change_precond;pupil_asymmetry_full_change_precond;eeg_pleft_lbeta_mean_full_change_precond;eeg_pright_halpha_mean_full_change_precond;eeg_c_specent_full_change_precond"
2025-11-26 18:33:48.900816,17,"stress_label",20,128,0.03125,0.58974358974359,0.576923076923077,NA,20,"top20","eeg_tleft_sampent_full_change_precond;eeg_tleft_halpha_mean_full_change_precond;eeg_tleft_lalpha_mean_full_change_precond;gsr_skin_conductance_eda_tonic_mean_nk_full_change_precond;eeg_pright_sampent_full_change_precond;eeg_t_sampent_full_change_precond;pupil_dilation_sd_full_change_precond;eeg_c_theta_mean_full_change_precond;eeg_fr_sampent_full_change_precond;eeg_tright_halpha_mean_full_change_precond;eeg_fl_hbeta_mean_full_change_precond;hrv_rmssd_full_change_precond;eeg_c_sampent_full_change_precond;eeg_fm_sampent_full_change_precond;hr_heartrate_bpm_med_abs_full_change_precond;eeg_fm_theta_mean_full_change_precond;pupil_asymmetry_full_change_precond;eeg_pleft_lbeta_mean_full_change_precond;eeg_pright_halpha_mean_full_change_precond;eeg_c_specent_full_change_precond"
2025-11-26 18:33:50.08161,17,"stress_label",20,256,0.03125,0.58974358974359,0.576923076923077,NA,20,"top20","eeg_tleft_sampent_full_change_precond;eeg_tleft_halpha_mean_full_change_precond;eeg_tleft_lalpha_mean_full_change_precond;gsr_skin_conductance_eda_tonic_mean_nk_full_change_precond;eeg_pright_sampent_full_change_precond;eeg_t_sampent_full_change_precond;pupil_dilation_sd_full_change_precond;eeg_c_theta_mean_full_change_precond;eeg_fr_sampent_full_change_precond;eeg_tright_halpha_mean_full_change_precond;eeg_fl_hbeta_mean_full_change_precond;hrv_rmssd_full_change_precond;eeg_c_sampent_full_change_precond;eeg_fm_sampent_full_change_precond;hr_heartrate_bpm_med_abs_full_change_precond;eeg_fm_theta_mean_full_change_precond;pupil_asymmetry_full_change_precond;eeg_pleft_lbeta_mean_full_change_precond;eeg_pright_halpha_mean_full_change_precond;eeg_c_specent_full_change_precond"
2025-11-26 18:33:51.007187,17,"stress_label",20,2,0.0625,0.608974358974359,0.621794871794872,NA,20,"top20","eeg_tleft_sampent_full_change_precond;eeg_tleft_halpha_mean_full_change_precond;eeg_tleft_lalpha_mean_full_change_precond;gsr_skin_conductance_eda_tonic_mean_nk_full_change_precond;eeg_pright_sampent_full_change_precond;eeg_t_sampent_full_change_precond;pupil_dilation_sd_full_change_precond;eeg_c_theta_mean_full_change_precond;eeg_fr_sampent_full_change_precond;eeg_tright_halpha_mean_full_change_precond;eeg_fl_hbeta_mean_full_change_precond;hrv_rmssd_full_change_precond;eeg_c_sampent_full_change_precond;eeg_fm_sampent_full_change_precond;hr_heartrate_bpm_med_abs_full_change_precond;eeg_fm_theta_mean_full_change_precond;pupil_asymmetry_full_change_precond;eeg_pleft_lbeta_mean_full_change_precond;eeg_pright_halpha_mean_full_change_precond;eeg_c_specent_full_change_precond"
2025-11-26 18:33:52.108884,17,"stress_label",20,4,0.0625,0.608974358974359,0.57051282051282,NA,20,"top20","eeg_tleft_sampent_full_change_precond;eeg_tleft_halpha_mean_full_change_precond;eeg_tleft_lalpha_mean_full_change_precond;gsr_skin_conductance_eda_tonic_mean_nk_full_change_precond;eeg_pright_sampent_full_change_precond;eeg_t_sampent_full_change_precond;pupil_dilation_sd_full_change_precond;eeg_c_theta_mean_full_change_precond;eeg_fr_sampent_full_change_precond;eeg_tright_halpha_mean_full_change_precond;eeg_fl_hbeta_mean_full_change_precond;hrv_rmssd_full_change_precond;eeg_c_sampent_full_change_precond;eeg_fm_sampent_full_change_precond;hr_heartrate_bpm_med_abs_full_change_precond;eeg_fm_theta_mean_full_change_precond;pupil_asymmetry_full_change_precond;eeg_pleft_lbeta_mean_full_change_precond;eeg_pright_halpha_mean_full_change_precond;eeg_c_specent_full_change_precond"
2025-11-26 18:33:53.263881,17,"stress_label",20,8,0.0625,0.58974358974359,0.602564102564103,NA,20,"top20","eeg_tleft_sampent_full_change_precond;eeg_tleft_halpha_mean_full_change_precond;eeg_tleft_lalpha_mean_full_change_precond;gsr_skin_conductance_eda_tonic_mean_nk_full_change_precond;eeg_pright_sampent_full_change_precond;eeg_t_sampent_full_change_precond;pupil_dilation_sd_full_change_precond;eeg_c_theta_mean_full_change_precond;eeg_fr_sampent_full_change_precond;eeg_tright_halpha_mean_full_change_precond;eeg_fl_hbeta_mean_full_change_precond;hrv_rmssd_full_change_precond;eeg_c_sampent_full_change_precond;eeg_fm_sampent_full_change_precond;hr_heartrate_bpm_med_abs_full_change_precond;eeg_fm_theta_mean_full_change_precond;pupil_asymmetry_full_change_precond;eeg_pleft_lbeta_mean_full_change_precond;eeg_pright_halpha_mean_full_change_precond;eeg_c_specent_full_change_precond"
2025-11-26 18:33:54.408729,17,"stress_label",20,16,0.0625,0.602564102564103,0.608974358974359,NA,20,"top20","eeg_tleft_sampent_full_change_precond;eeg_tleft_halpha_mean_full_change_precond;eeg_tleft_lalpha_mean_full_change_precond;gsr_skin_conductance_eda_tonic_mean_nk_full_change_precond;eeg_pright_sampent_full_change_precond;eeg_t_sampent_full_change_precond;pupil_dilation_sd_full_change_precond;eeg_c_theta_mean_full_change_precond;eeg_fr_sampent_full_change_precond;eeg_tright_halpha_mean_full_change_precond;eeg_fl_hbeta_mean_full_change_precond;hrv_rmssd_full_change_precond;eeg_c_sampent_full_change_precond;eeg_fm_sampent_full_change_precond;hr_heartrate_bpm_med_abs_full_change_precond;eeg_fm_theta_mean_full_change_precond;pupil_asymmetry_full_change_precond;eeg_pleft_lbeta_mean_full_change_precond;eeg_pright_halpha_mean_full_change_precond;eeg_c_specent_full_change_precond"
2025-11-26 18:33:55.491317,17,"stress_label",20,32,0.0625,0.602564102564103,0.608974358974359,NA,20,"top20","eeg_tleft_sampent_full_change_precond;eeg_tleft_halpha_mean_full_change_precond;eeg_tleft_lalpha_mean_full_change_precond;gsr_skin_conductance_eda_tonic_mean_nk_full_change_precond;eeg_pright_sampent_full_change_precond;eeg_t_sampent_full_change_precond;pupil_dilation_sd_full_change_precond;eeg_c_theta_mean_full_change_precond;eeg_fr_sampent_full_change_precond;eeg_tright_halpha_mean_full_change_precond;eeg_fl_hbeta_mean_full_change_precond;hrv_rmssd_full_change_precond;eeg_c_sampent_full_change_precond;eeg_fm_sampent_full_change_precond;hr_heartrate_bpm_med_abs_full_change_precond;eeg_fm_theta_mean_full_change_precond;pupil_asymmetry_full_change_precond;eeg_pleft_lbeta_mean_full_change_precond;eeg_pright_halpha_mean_full_change_precond;eeg_c_specent_full_change_precond"
2025-11-26 18:33:56.365656,17,"stress_label",20,64,0.0625,0.602564102564103,0.608974358974359,NA,20,"top20","eeg_tleft_sampent_full_change_precond;eeg_tleft_halpha_mean_full_change_precond;eeg_tleft_lalpha_mean_full_change_precond;gsr_skin_conductance_eda_tonic_mean_nk_full_change_precond;eeg_pright_sampent_full_change_precond;eeg_t_sampent_full_change_precond;pupil_dilation_sd_full_change_precond;eeg_c_theta_mean_full_change_precond;eeg_fr_sampent_full_change_precond;eeg_tright_halpha_mean_full_change_precond;eeg_fl_hbeta_mean_full_change_precond;hrv_rmssd_full_change_precond;eeg_c_sampent_full_change_precond;eeg_fm_sampent_full_change_precond;hr_heartrate_bpm_med_abs_full_change_precond;eeg_fm_theta_mean_full_change_precond;pupil_asymmetry_full_change_precond;eeg_pleft_lbeta_mean_full_change_precond;eeg_pright_halpha_mean_full_change_precond;eeg_c_specent_full_change_precond"
2025-11-26 18:33:57.537775,17,"stress_label",20,128,0.0625,0.602564102564103,0.608974358974359,NA,20,"top20","eeg_tleft_sampent_full_change_precond;eeg_tleft_halpha_mean_full_change_precond;eeg_tleft_lalpha_mean_full_change_precond;gsr_skin_conductance_eda_tonic_mean_nk_full_change_precond;eeg_pright_sampent_full_change_precond;eeg_t_sampent_full_change_precond;pupil_dilation_sd_full_change_precond;eeg_c_theta_mean_full_change_precond;eeg_fr_sampent_full_change_precond;eeg_tright_halpha_mean_full_change_precond;eeg_fl_hbeta_mean_full_change_precond;hrv_rmssd_full_change_precond;eeg_c_sampent_full_change_precond;eeg_fm_sampent_full_change_precond;hr_heartrate_bpm_med_abs_full_change_precond;eeg_fm_theta_mean_full_change_precond;pupil_asymmetry_full_change_precond;eeg_pleft_lbeta_mean_full_change_precond;eeg_pright_halpha_mean_full_change_precond;eeg_c_specent_full_change_precond"
2025-11-26 18:33:58.622677,17,"stress_label",20,256,0.0625,0.602564102564103,0.608974358974359,NA,20,"top20","eeg_tleft_sampent_full_change_precond;eeg_tleft_halpha_mean_full_change_precond;eeg_tleft_lalpha_mean_full_change_precond;gsr_skin_conductance_eda_tonic_mean_nk_full_change_precond;eeg_pright_sampent_full_change_precond;eeg_t_sampent_full_change_precond;pupil_dilation_sd_full_change_precond;eeg_c_theta_mean_full_change_precond;eeg_fr_sampent_full_change_precond;eeg_tright_halpha_mean_full_change_precond;eeg_fl_hbeta_mean_full_change_precond;hrv_rmssd_full_change_precond;eeg_c_sampent_full_change_precond;eeg_fm_sampent_full_change_precond;hr_heartrate_bpm_med_abs_full_change_precond;eeg_fm_theta_mean_full_change_precond;pupil_asymmetry_full_change_precond;eeg_pleft_lbeta_mean_full_change_precond;eeg_pright_halpha_mean_full_change_precond;eeg_c_specent_full_change_precond"
2025-11-26 18:33:59.744207,17,"stress_label",20,2,0.125,0.628205128205128,0.621794871794872,NA,20,"top20","eeg_tleft_sampent_full_change_precond;eeg_tleft_halpha_mean_full_change_precond;eeg_tleft_lalpha_mean_full_change_precond;gsr_skin_conductance_eda_tonic_mean_nk_full_change_precond;eeg_pright_sampent_full_change_precond;eeg_t_sampent_full_change_precond;pupil_dilation_sd_full_change_precond;eeg_c_theta_mean_full_change_precond;eeg_fr_sampent_full_change_precond;eeg_tright_halpha_mean_full_change_precond;eeg_fl_hbeta_mean_full_change_precond;hrv_rmssd_full_change_precond;eeg_c_sampent_full_change_precond;eeg_fm_sampent_full_change_precond;hr_heartrate_bpm_med_abs_full_change_precond;eeg_fm_theta_mean_full_change_precond;pupil_asymmetry_full_change_precond;eeg_pleft_lbeta_mean_full_change_precond;eeg_pright_halpha_mean_full_change_precond;eeg_c_specent_full_change_precond"
2025-11-26 18:34:00.831315,17,"stress_label",20,4,0.125,0.628205128205128,0.628205128205128,NA,20,"top20","eeg_tleft_sampent_full_change_precond;eeg_tleft_halpha_mean_full_change_precond;eeg_tleft_lalpha_mean_full_change_precond;gsr_skin_conductance_eda_tonic_mean_nk_full_change_precond;eeg_pright_sampent_full_change_precond;eeg_t_sampent_full_change_precond;pupil_dilation_sd_full_change_precond;eeg_c_theta_mean_full_change_precond;eeg_fr_sampent_full_change_precond;eeg_tright_halpha_mean_full_change_precond;eeg_fl_hbeta_mean_full_change_precond;hrv_rmssd_full_change_precond;eeg_c_sampent_full_change_precond;eeg_fm_sampent_full_change_precond;hr_heartrate_bpm_med_abs_full_change_precond;eeg_fm_theta_mean_full_change_precond;pupil_asymmetry_full_change_precond;eeg_pleft_lbeta_mean_full_change_precond;eeg_pright_halpha_mean_full_change_precond;eeg_c_specent_full_change_precond"
2025-11-26 18:34:01.958481,17,"stress_label",20,8,0.125,0.628205128205128,0.628205128205128,NA,20,"top20","eeg_tleft_sampent_full_change_precond;eeg_tleft_halpha_mean_full_change_precond;eeg_tleft_lalpha_mean_full_change_precond;gsr_skin_conductance_eda_tonic_mean_nk_full_change_precond;eeg_pright_sampent_full_change_precond;eeg_t_sampent_full_change_precond;pupil_dilation_sd_full_change_precond;eeg_c_theta_mean_full_change_precond;eeg_fr_sampent_full_change_precond;eeg_tright_halpha_mean_full_change_precond;eeg_fl_hbeta_mean_full_change_precond;hrv_rmssd_full_change_precond;eeg_c_sampent_full_change_precond;eeg_fm_sampent_full_change_precond;hr_heartrate_bpm_med_abs_full_change_precond;eeg_fm_theta_mean_full_change_precond;pupil_asymmetry_full_change_precond;eeg_pleft_lbeta_mean_full_change_precond;eeg_pright_halpha_mean_full_change_precond;eeg_c_specent_full_change_precond"
2025-11-26 18:34:03.030572,17,"stress_label",20,16,0.125,0.628205128205128,0.628205128205128,NA,20,"top20","eeg_tleft_sampent_full_change_precond;eeg_tleft_halpha_mean_full_change_precond;eeg_tleft_lalpha_mean_full_change_precond;gsr_skin_conductance_eda_tonic_mean_nk_full_change_precond;eeg_pright_sampent_full_change_precond;eeg_t_sampent_full_change_precond;pupil_dilation_sd_full_change_precond;eeg_c_theta_mean_full_change_precond;eeg_fr_sampent_full_change_precond;eeg_tright_halpha_mean_full_change_precond;eeg_fl_hbeta_mean_full_change_precond;hrv_rmssd_full_change_precond;eeg_c_sampent_full_change_precond;eeg_fm_sampent_full_change_precond;hr_heartrate_bpm_med_abs_full_change_precond;eeg_fm_theta_mean_full_change_precond;pupil_asymmetry_full_change_precond;eeg_pleft_lbeta_mean_full_change_precond;eeg_pright_halpha_mean_full_change_precond;eeg_c_specent_full_change_precond"
2025-11-26 18:34:04.060049,17,"stress_label",20,32,0.125,0.628205128205128,0.628205128205128,NA,20,"top20","eeg_tleft_sampent_full_change_precond;eeg_tleft_halpha_mean_full_change_precond;eeg_tleft_lalpha_mean_full_change_precond;gsr_skin_conductance_eda_tonic_mean_nk_full_change_precond;eeg_pright_sampent_full_change_precond;eeg_t_sampent_full_change_precond;pupil_dilation_sd_full_change_precond;eeg_c_theta_mean_full_change_precond;eeg_fr_sampent_full_change_precond;eeg_tright_halpha_mean_full_change_precond;eeg_fl_hbeta_mean_full_change_precond;hrv_rmssd_full_change_precond;eeg_c_sampent_full_change_precond;eeg_fm_sampent_full_change_precond;hr_heartrate_bpm_med_abs_full_change_precond;eeg_fm_theta_mean_full_change_precond;pupil_asymmetry_full_change_precond;eeg_pleft_lbeta_mean_full_change_precond;eeg_pright_halpha_mean_full_change_precond;eeg_c_specent_full_change_precond"
2025-11-26 18:34:04.987703,17,"stress_label",20,64,0.125,0.628205128205128,0.628205128205128,NA,20,"top20","eeg_tleft_sampent_full_change_precond;eeg_tleft_halpha_mean_full_change_precond;eeg_tleft_lalpha_mean_full_change_precond;gsr_skin_conductance_eda_tonic_mean_nk_full_change_precond;eeg_pright_sampent_full_change_precond;eeg_t_sampent_full_change_precond;pupil_dilation_sd_full_change_precond;eeg_c_theta_mean_full_change_precond;eeg_fr_sampent_full_change_precond;eeg_tright_halpha_mean_full_change_precond;eeg_fl_hbeta_mean_full_change_precond;hrv_rmssd_full_change_precond;eeg_c_sampent_full_change_precond;eeg_fm_sampent_full_change_precond;hr_heartrate_bpm_med_abs_full_change_precond;eeg_fm_theta_mean_full_change_precond;pupil_asymmetry_full_change_precond;eeg_pleft_lbeta_mean_full_change_precond;eeg_pright_halpha_mean_full_change_precond;eeg_c_specent_full_change_precond"
2025-11-26 18:34:06.114545,17,"stress_label",20,128,0.125,0.628205128205128,0.628205128205128,NA,20,"top20","eeg_tleft_sampent_full_change_precond;eeg_tleft_halpha_mean_full_change_precond;eeg_tleft_lalpha_mean_full_change_precond;gsr_skin_conductance_eda_tonic_mean_nk_full_change_precond;eeg_pright_sampent_full_change_precond;eeg_t_sampent_full_change_precond;pupil_dilation_sd_full_change_precond;eeg_c_theta_mean_full_change_precond;eeg_fr_sampent_full_change_precond;eeg_tright_halpha_mean_full_change_precond;eeg_fl_hbeta_mean_full_change_precond;hrv_rmssd_full_change_precond;eeg_c_sampent_full_change_precond;eeg_fm_sampent_full_change_precond;hr_heartrate_bpm_med_abs_full_change_precond;eeg_fm_theta_mean_full_change_precond;pupil_asymmetry_full_change_precond;eeg_pleft_lbeta_mean_full_change_precond;eeg_pright_halpha_mean_full_change_precond;eeg_c_specent_full_change_precond"
2025-11-26 18:34:07.248448,17,"stress_label",20,256,0.125,0.628205128205128,0.628205128205128,NA,20,"top20","eeg_tleft_sampent_full_change_precond;eeg_tleft_halpha_mean_full_change_precond;eeg_tleft_lalpha_mean_full_change_precond;gsr_skin_conductance_eda_tonic_mean_nk_full_change_precond;eeg_pright_sampent_full_change_precond;eeg_t_sampent_full_change_precond;pupil_dilation_sd_full_change_precond;eeg_c_theta_mean_full_change_precond;eeg_fr_sampent_full_change_precond;eeg_tright_halpha_mean_full_change_precond;eeg_fl_hbeta_mean_full_change_precond;hrv_rmssd_full_change_precond;eeg_c_sampent_full_change_precond;eeg_fm_sampent_full_change_precond;hr_heartrate_bpm_med_abs_full_change_precond;eeg_fm_theta_mean_full_change_precond;pupil_asymmetry_full_change_precond;eeg_pleft_lbeta_mean_full_change_precond;eeg_pright_halpha_mean_full_change_precond;eeg_c_specent_full_change_precond"
2025-11-26 18:34:08.395856,17,"stress_label",20,2,0.03,0.58974358974359,0.596153846153846,0.558974358974359,20,"top20","eeg_tleft_sampent_full_change_precond;eeg_tleft_halpha_mean_full_change_precond;eeg_tleft_lalpha_mean_full_change_precond;gsr_skin_conductance_eda_tonic_mean_nk_full_change_precond;eeg_pright_sampent_full_change_precond;eeg_t_sampent_full_change_precond;pupil_dilation_sd_full_change_precond;eeg_c_theta_mean_full_change_precond;eeg_fr_sampent_full_change_precond;eeg_tright_halpha_mean_full_change_precond;eeg_fl_hbeta_mean_full_change_precond;hrv_rmssd_full_change_precond;eeg_c_sampent_full_change_precond;eeg_fm_sampent_full_change_precond;hr_heartrate_bpm_med_abs_full_change_precond;eeg_fm_theta_mean_full_change_precond;pupil_asymmetry_full_change_precond;eeg_pleft_lbeta_mean_full_change_precond;eeg_pright_halpha_mean_full_change_precond;eeg_c_specent_full_change_precond"
2025-11-26 18:34:09.433131,17,"stress_label",20,4,0.03,0.608974358974359,0.634615384615385,NA,20,"top20","eeg_tleft_sampent_full_change_precond;eeg_tleft_halpha_mean_full_change_precond;eeg_tleft_lalpha_mean_full_change_precond;gsr_skin_conductance_eda_tonic_mean_nk_full_change_precond;eeg_pright_sampent_full_change_precond;eeg_t_sampent_full_change_precond;pupil_dilation_sd_full_change_precond;eeg_c_theta_mean_full_change_precond;eeg_fr_sampent_full_change_precond;eeg_tright_halpha_mean_full_change_precond;eeg_fl_hbeta_mean_full_change_precond;hrv_rmssd_full_change_precond;eeg_c_sampent_full_change_precond;eeg_fm_sampent_full_change_precond;hr_heartrate_bpm_med_abs_full_change_precond;eeg_fm_theta_mean_full_change_precond;pupil_asymmetry_full_change_precond;eeg_pleft_lbeta_mean_full_change_precond;eeg_pright_halpha_mean_full_change_precond;eeg_c_specent_full_change_precond"
2025-11-26 18:34:10.532557,17,"stress_label",20,8,0.03,0.583333333333333,0.57051282051282,NA,20,"top20","eeg_tleft_sampent_full_change_precond;eeg_tleft_halpha_mean_full_change_precond;eeg_tleft_lalpha_mean_full_change_precond;gsr_skin_conductance_eda_tonic_mean_nk_full_change_precond;eeg_pright_sampent_full_change_precond;eeg_t_sampent_full_change_precond;pupil_dilation_sd_full_change_precond;eeg_c_theta_mean_full_change_precond;eeg_fr_sampent_full_change_precond;eeg_tright_halpha_mean_full_change_precond;eeg_fl_hbeta_mean_full_change_precond;hrv_rmssd_full_change_precond;eeg_c_sampent_full_change_precond;eeg_fm_sampent_full_change_precond;hr_heartrate_bpm_med_abs_full_change_precond;eeg_fm_theta_mean_full_change_precond;pupil_asymmetry_full_change_precond;eeg_pleft_lbeta_mean_full_change_precond;eeg_pright_halpha_mean_full_change_precond;eeg_c_specent_full_change_precond"
2025-11-26 18:34:11.693551,17,"stress_label",20,16,0.03,0.583333333333333,0.557692307692308,NA,20,"top20","eeg_tleft_sampent_full_change_precond;eeg_tleft_halpha_mean_full_change_precond;eeg_tleft_lalpha_mean_full_change_precond;gsr_skin_conductance_eda_tonic_mean_nk_full_change_precond;eeg_pright_sampent_full_change_precond;eeg_t_sampent_full_change_precond;pupil_dilation_sd_full_change_precond;eeg_c_theta_mean_full_change_precond;eeg_fr_sampent_full_change_precond;eeg_tright_halpha_mean_full_change_precond;eeg_fl_hbeta_mean_full_change_precond;hrv_rmssd_full_change_precond;eeg_c_sampent_full_change_precond;eeg_fm_sampent_full_change_precond;hr_heartrate_bpm_med_abs_full_change_precond;eeg_fm_theta_mean_full_change_precond;pupil_asymmetry_full_change_precond;eeg_pleft_lbeta_mean_full_change_precond;eeg_pright_halpha_mean_full_change_precond;eeg_c_specent_full_change_precond"
2025-11-26 18:34:12.844624,17,"stress_label",20,32,0.03,0.602564102564103,0.58974358974359,NA,20,"top20","eeg_tleft_sampent_full_change_precond;eeg_tleft_halpha_mean_full_change_precond;eeg_tleft_lalpha_mean_full_change_precond;gsr_skin_conductance_eda_tonic_mean_nk_full_change_precond;eeg_pright_sampent_full_change_precond;eeg_t_sampent_full_change_precond;pupil_dilation_sd_full_change_precond;eeg_c_theta_mean_full_change_precond;eeg_fr_sampent_full_change_precond;eeg_tright_halpha_mean_full_change_precond;eeg_fl_hbeta_mean_full_change_precond;hrv_rmssd_full_change_precond;eeg_c_sampent_full_change_precond;eeg_fm_sampent_full_change_precond;hr_heartrate_bpm_med_abs_full_change_precond;eeg_fm_theta_mean_full_change_precond;pupil_asymmetry_full_change_precond;eeg_pleft_lbeta_mean_full_change_precond;eeg_pright_halpha_mean_full_change_precond;eeg_c_specent_full_change_precond"
2025-11-26 18:34:13.980158,17,"stress_label",20,64,0.03,0.58974358974359,0.576923076923077,NA,20,"top20","eeg_tleft_sampent_full_change_precond;eeg_tleft_halpha_mean_full_change_precond;eeg_tleft_lalpha_mean_full_change_precond;gsr_skin_conductance_eda_tonic_mean_nk_full_change_precond;eeg_pright_sampent_full_change_precond;eeg_t_sampent_full_change_precond;pupil_dilation_sd_full_change_precond;eeg_c_theta_mean_full_change_precond;eeg_fr_sampent_full_change_precond;eeg_tright_halpha_mean_full_change_precond;eeg_fl_hbeta_mean_full_change_precond;hrv_rmssd_full_change_precond;eeg_c_sampent_full_change_precond;eeg_fm_sampent_full_change_precond;hr_heartrate_bpm_med_abs_full_change_precond;eeg_fm_theta_mean_full_change_precond;pupil_asymmetry_full_change_precond;eeg_pleft_lbeta_mean_full_change_precond;eeg_pright_halpha_mean_full_change_precond;eeg_c_specent_full_change_precond"
2025-11-26 18:34:15.242755,17,"stress_label",20,128,0.03,0.58974358974359,0.576923076923077,NA,20,"top20","eeg_tleft_sampent_full_change_precond;eeg_tleft_halpha_mean_full_change_precond;eeg_tleft_lalpha_mean_full_change_precond;gsr_skin_conductance_eda_tonic_mean_nk_full_change_precond;eeg_pright_sampent_full_change_precond;eeg_t_sampent_full_change_precond;pupil_dilation_sd_full_change_precond;eeg_c_theta_mean_full_change_precond;eeg_fr_sampent_full_change_precond;eeg_tright_halpha_mean_full_change_precond;eeg_fl_hbeta_mean_full_change_precond;hrv_rmssd_full_change_precond;eeg_c_sampent_full_change_precond;eeg_fm_sampent_full_change_precond;hr_heartrate_bpm_med_abs_full_change_precond;eeg_fm_theta_mean_full_change_precond;pupil_asymmetry_full_change_precond;eeg_pleft_lbeta_mean_full_change_precond;eeg_pright_halpha_mean_full_change_precond;eeg_c_specent_full_change_precond"
2025-11-26 18:34:16.497435,17,"stress_label",20,256,0.03,0.58974358974359,0.576923076923077,NA,20,"top20","eeg_tleft_sampent_full_change_precond;eeg_tleft_halpha_mean_full_change_precond;eeg_tleft_lalpha_mean_full_change_precond;gsr_skin_conductance_eda_tonic_mean_nk_full_change_precond;eeg_pright_sampent_full_change_precond;eeg_t_sampent_full_change_precond;pupil_dilation_sd_full_change_precond;eeg_c_theta_mean_full_change_precond;eeg_fr_sampent_full_change_precond;eeg_tright_halpha_mean_full_change_precond;eeg_fl_hbeta_mean_full_change_precond;hrv_rmssd_full_change_precond;eeg_c_sampent_full_change_precond;eeg_fm_sampent_full_change_precond;hr_heartrate_bpm_med_abs_full_change_precond;eeg_fm_theta_mean_full_change_precond;pupil_asymmetry_full_change_precond;eeg_pleft_lbeta_mean_full_change_precond;eeg_pright_halpha_mean_full_change_precond;eeg_c_specent_full_change_precond"
2025-11-26 18:34:17.562045,17,"stress_label",20,2,0.06,0.615384615384615,0.621794871794872,NA,20,"top20","eeg_tleft_sampent_full_change_precond;eeg_tleft_halpha_mean_full_change_precond;eeg_tleft_lalpha_mean_full_change_precond;gsr_skin_conductance_eda_tonic_mean_nk_full_change_precond;eeg_pright_sampent_full_change_precond;eeg_t_sampent_full_change_precond;pupil_dilation_sd_full_change_precond;eeg_c_theta_mean_full_change_precond;eeg_fr_sampent_full_change_precond;eeg_tright_halpha_mean_full_change_precond;eeg_fl_hbeta_mean_full_change_precond;hrv_rmssd_full_change_precond;eeg_c_sampent_full_change_precond;eeg_fm_sampent_full_change_precond;hr_heartrate_bpm_med_abs_full_change_precond;eeg_fm_theta_mean_full_change_precond;pupil_asymmetry_full_change_precond;eeg_pleft_lbeta_mean_full_change_precond;eeg_pright_halpha_mean_full_change_precond;eeg_c_specent_full_change_precond"
2025-11-26 18:34:18.628994,17,"stress_label",20,4,0.06,0.602564102564103,0.57051282051282,NA,20,"top20","eeg_tleft_sampent_full_change_precond;eeg_tleft_halpha_mean_full_change_precond;eeg_tleft_lalpha_mean_full_change_precond;gsr_skin_conductance_eda_tonic_mean_nk_full_change_precond;eeg_pright_sampent_full_change_precond;eeg_t_sampent_full_change_precond;pupil_dilation_sd_full_change_precond;eeg_c_theta_mean_full_change_precond;eeg_fr_sampent_full_change_precond;eeg_tright_halpha_mean_full_change_precond;eeg_fl_hbeta_mean_full_change_precond;hrv_rmssd_full_change_precond;eeg_c_sampent_full_change_precond;eeg_fm_sampent_full_change_precond;hr_heartrate_bpm_med_abs_full_change_precond;eeg_fm_theta_mean_full_change_precond;pupil_asymmetry_full_change_precond;eeg_pleft_lbeta_mean_full_change_precond;eeg_pright_halpha_mean_full_change_precond;eeg_c_specent_full_change_precond"
2025-11-26 18:34:19.769747,17,"stress_label",20,8,0.06,0.596153846153846,0.596153846153846,NA,20,"top20","eeg_tleft_sampent_full_change_precond;eeg_tleft_halpha_mean_full_change_precond;eeg_tleft_lalpha_mean_full_change_precond;gsr_skin_conductance_eda_tonic_mean_nk_full_change_precond;eeg_pright_sampent_full_change_precond;eeg_t_sampent_full_change_precond;pupil_dilation_sd_full_change_precond;eeg_c_theta_mean_full_change_precond;eeg_fr_sampent_full_change_precond;eeg_tright_halpha_mean_full_change_precond;eeg_fl_hbeta_mean_full_change_precond;hrv_rmssd_full_change_precond;eeg_c_sampent_full_change_precond;eeg_fm_sampent_full_change_precond;hr_heartrate_bpm_med_abs_full_change_precond;eeg_fm_theta_mean_full_change_precond;pupil_asymmetry_full_change_precond;eeg_pleft_lbeta_mean_full_change_precond;eeg_pright_halpha_mean_full_change_precond;eeg_c_specent_full_change_precond"
2025-11-26 18:34:20.801444,17,"stress_label",20,16,0.06,0.596153846153846,0.608974358974359,NA,20,"top20","eeg_tleft_sampent_full_change_precond;eeg_tleft_halpha_mean_full_change_precond;eeg_tleft_lalpha_mean_full_change_precond;gsr_skin_conductance_eda_tonic_mean_nk_full_change_precond;eeg_pright_sampent_full_change_precond;eeg_t_sampent_full_change_precond;pupil_dilation_sd_full_change_precond;eeg_c_theta_mean_full_change_precond;eeg_fr_sampent_full_change_precond;eeg_tright_halpha_mean_full_change_precond;eeg_fl_hbeta_mean_full_change_precond;hrv_rmssd_full_change_precond;eeg_c_sampent_full_change_precond;eeg_fm_sampent_full_change_precond;hr_heartrate_bpm_med_abs_full_change_precond;eeg_fm_theta_mean_full_change_precond;pupil_asymmetry_full_change_precond;eeg_pleft_lbeta_mean_full_change_precond;eeg_pright_halpha_mean_full_change_precond;eeg_c_specent_full_change_precond"
2025-11-26 18:34:21.890416,17,"stress_label",20,32,0.06,0.602564102564103,0.615384615384615,NA,20,"top20","eeg_tleft_sampent_full_change_precond;eeg_tleft_halpha_mean_full_change_precond;eeg_tleft_lalpha_mean_full_change_precond;gsr_skin_conductance_eda_tonic_mean_nk_full_change_precond;eeg_pright_sampent_full_change_precond;eeg_t_sampent_full_change_precond;pupil_dilation_sd_full_change_precond;eeg_c_theta_mean_full_change_precond;eeg_fr_sampent_full_change_precond;eeg_tright_halpha_mean_full_change_precond;eeg_fl_hbeta_mean_full_change_precond;hrv_rmssd_full_change_precond;eeg_c_sampent_full_change_precond;eeg_fm_sampent_full_change_precond;hr_heartrate_bpm_med_abs_full_change_precond;eeg_fm_theta_mean_full_change_precond;pupil_asymmetry_full_change_precond;eeg_pleft_lbeta_mean_full_change_precond;eeg_pright_halpha_mean_full_change_precond;eeg_c_specent_full_change_precond"
2025-11-26 18:34:22.811402,17,"stress_label",20,64,0.06,0.602564102564103,0.615384615384615,NA,20,"top20","eeg_tleft_sampent_full_change_precond;eeg_tleft_halpha_mean_full_change_precond;eeg_tleft_lalpha_mean_full_change_precond;gsr_skin_conductance_eda_tonic_mean_nk_full_change_precond;eeg_pright_sampent_full_change_precond;eeg_t_sampent_full_change_precond;pupil_dilation_sd_full_change_precond;eeg_c_theta_mean_full_change_precond;eeg_fr_sampent_full_change_precond;eeg_tright_halpha_mean_full_change_precond;eeg_fl_hbeta_mean_full_change_precond;hrv_rmssd_full_change_precond;eeg_c_sampent_full_change_precond;eeg_fm_sampent_full_change_precond;hr_heartrate_bpm_med_abs_full_change_precond;eeg_fm_theta_mean_full_change_precond;pupil_asymmetry_full_change_precond;eeg_pleft_lbeta_mean_full_change_precond;eeg_pright_halpha_mean_full_change_precond;eeg_c_specent_full_change_precond"
2025-11-26 18:34:23.976498,17,"stress_label",20,128,0.06,0.602564102564103,0.615384615384615,NA,20,"top20","eeg_tleft_sampent_full_change_precond;eeg_tleft_halpha_mean_full_change_precond;eeg_tleft_lalpha_mean_full_change_precond;gsr_skin_conductance_eda_tonic_mean_nk_full_change_precond;eeg_pright_sampent_full_change_precond;eeg_t_sampent_full_change_precond;pupil_dilation_sd_full_change_precond;eeg_c_theta_mean_full_change_precond;eeg_fr_sampent_full_change_precond;eeg_tright_halpha_mean_full_change_precond;eeg_fl_hbeta_mean_full_change_precond;hrv_rmssd_full_change_precond;eeg_c_sampent_full_change_precond;eeg_fm_sampent_full_change_precond;hr_heartrate_bpm_med_abs_full_change_precond;eeg_fm_theta_mean_full_change_precond;pupil_asymmetry_full_change_precond;eeg_pleft_lbeta_mean_full_change_precond;eeg_pright_halpha_mean_full_change_precond;eeg_c_specent_full_change_precond"
2025-11-26 18:34:25.119997,17,"stress_label",20,256,0.06,0.602564102564103,0.615384615384615,NA,20,"top20","eeg_tleft_sampent_full_change_precond;eeg_tleft_halpha_mean_full_change_precond;eeg_tleft_lalpha_mean_full_change_precond;gsr_skin_conductance_eda_tonic_mean_nk_full_change_precond;eeg_pright_sampent_full_change_precond;eeg_t_sampent_full_change_precond;pupil_dilation_sd_full_change_precond;eeg_c_theta_mean_full_change_precond;eeg_fr_sampent_full_change_precond;eeg_tright_halpha_mean_full_change_precond;eeg_fl_hbeta_mean_full_change_precond;hrv_rmssd_full_change_precond;eeg_c_sampent_full_change_precond;eeg_fm_sampent_full_change_precond;hr_heartrate_bpm_med_abs_full_change_precond;eeg_fm_theta_mean_full_change_precond;pupil_asymmetry_full_change_precond;eeg_pleft_lbeta_mean_full_change_precond;eeg_pright_halpha_mean_full_change_precond;eeg_c_specent_full_change_precond"
2025-11-26 18:34:26.263764,17,"stress_label",20,2,0.1,0.608974358974359,0.58974358974359,NA,20,"top20","eeg_tleft_sampent_full_change_precond;eeg_tleft_halpha_mean_full_change_precond;eeg_tleft_lalpha_mean_full_change_precond;gsr_skin_conductance_eda_tonic_mean_nk_full_change_precond;eeg_pright_sampent_full_change_precond;eeg_t_sampent_full_change_precond;pupil_dilation_sd_full_change_precond;eeg_c_theta_mean_full_change_precond;eeg_fr_sampent_full_change_precond;eeg_tright_halpha_mean_full_change_precond;eeg_fl_hbeta_mean_full_change_precond;hrv_rmssd_full_change_precond;eeg_c_sampent_full_change_precond;eeg_fm_sampent_full_change_precond;hr_heartrate_bpm_med_abs_full_change_precond;eeg_fm_theta_mean_full_change_precond;pupil_asymmetry_full_change_precond;eeg_pleft_lbeta_mean_full_change_precond;eeg_pright_halpha_mean_full_change_precond;eeg_c_specent_full_change_precond"
2025-11-26 18:34:27.352035,17,"stress_label",20,4,0.1,0.602564102564103,0.621794871794872,NA,20,"top20","eeg_tleft_sampent_full_change_precond;eeg_tleft_halpha_mean_full_change_precond;eeg_tleft_lalpha_mean_full_change_precond;gsr_skin_conductance_eda_tonic_mean_nk_full_change_precond;eeg_pright_sampent_full_change_precond;eeg_t_sampent_full_change_precond;pupil_dilation_sd_full_change_precond;eeg_c_theta_mean_full_change_precond;eeg_fr_sampent_full_change_precond;eeg_tright_halpha_mean_full_change_precond;eeg_fl_hbeta_mean_full_change_precond;hrv_rmssd_full_change_precond;eeg_c_sampent_full_change_precond;eeg_fm_sampent_full_change_precond;hr_heartrate_bpm_med_abs_full_change_precond;eeg_fm_theta_mean_full_change_precond;pupil_asymmetry_full_change_precond;eeg_pleft_lbeta_mean_full_change_precond;eeg_pright_halpha_mean_full_change_precond;eeg_c_specent_full_change_precond"
2025-11-26 18:34:28.475055,17,"stress_label",20,8,0.1,0.602564102564103,0.621794871794872,NA,20,"top20","eeg_tleft_sampent_full_change_precond;eeg_tleft_halpha_mean_full_change_precond;eeg_tleft_lalpha_mean_full_change_precond;gsr_skin_conductance_eda_tonic_mean_nk_full_change_precond;eeg_pright_sampent_full_change_precond;eeg_t_sampent_full_change_precond;pupil_dilation_sd_full_change_precond;eeg_c_theta_mean_full_change_precond;eeg_fr_sampent_full_change_precond;eeg_tright_halpha_mean_full_change_precond;eeg_fl_hbeta_mean_full_change_precond;hrv_rmssd_full_change_precond;eeg_c_sampent_full_change_precond;eeg_fm_sampent_full_change_precond;hr_heartrate_bpm_med_abs_full_change_precond;eeg_fm_theta_mean_full_change_precond;pupil_asymmetry_full_change_precond;eeg_pleft_lbeta_mean_full_change_precond;eeg_pright_halpha_mean_full_change_precond;eeg_c_specent_full_change_precond"
2025-11-26 18:34:29.569755,17,"stress_label",20,16,0.1,0.602564102564103,0.621794871794872,NA,20,"top20","eeg_tleft_sampent_full_change_precond;eeg_tleft_halpha_mean_full_change_precond;eeg_tleft_lalpha_mean_full_change_precond;gsr_skin_conductance_eda_tonic_mean_nk_full_change_precond;eeg_pright_sampent_full_change_precond;eeg_t_sampent_full_change_precond;pupil_dilation_sd_full_change_precond;eeg_c_theta_mean_full_change_precond;eeg_fr_sampent_full_change_precond;eeg_tright_halpha_mean_full_change_precond;eeg_fl_hbeta_mean_full_change_precond;hrv_rmssd_full_change_precond;eeg_c_sampent_full_change_precond;eeg_fm_sampent_full_change_precond;hr_heartrate_bpm_med_abs_full_change_precond;eeg_fm_theta_mean_full_change_precond;pupil_asymmetry_full_change_precond;eeg_pleft_lbeta_mean_full_change_precond;eeg_pright_halpha_mean_full_change_precond;eeg_c_specent_full_change_precond"
2025-11-26 18:34:30.622337,17,"stress_label",20,32,0.1,0.602564102564103,0.621794871794872,NA,20,"top20","eeg_tleft_sampent_full_change_precond;eeg_tleft_halpha_mean_full_change_precond;eeg_tleft_lalpha_mean_full_change_precond;gsr_skin_conductance_eda_tonic_mean_nk_full_change_precond;eeg_pright_sampent_full_change_precond;eeg_t_sampent_full_change_precond;pupil_dilation_sd_full_change_precond;eeg_c_theta_mean_full_change_precond;eeg_fr_sampent_full_change_precond;eeg_tright_halpha_mean_full_change_precond;eeg_fl_hbeta_mean_full_change_precond;hrv_rmssd_full_change_precond;eeg_c_sampent_full_change_precond;eeg_fm_sampent_full_change_precond;hr_heartrate_bpm_med_abs_full_change_precond;eeg_fm_theta_mean_full_change_precond;pupil_asymmetry_full_change_precond;eeg_pleft_lbeta_mean_full_change_precond;eeg_pright_halpha_mean_full_change_precond;eeg_c_specent_full_change_precond"
2025-11-26 18:34:31.75515,17,"stress_label",20,64,0.1,0.602564102564103,0.621794871794872,NA,20,"top20","eeg_tleft_sampent_full_change_precond;eeg_tleft_halpha_mean_full_change_precond;eeg_tleft_lalpha_mean_full_change_precond;gsr_skin_conductance_eda_tonic_mean_nk_full_change_precond;eeg_pright_sampent_full_change_precond;eeg_t_sampent_full_change_precond;pupil_dilation_sd_full_change_precond;eeg_c_theta_mean_full_change_precond;eeg_fr_sampent_full_change_precond;eeg_tright_halpha_mean_full_change_precond;eeg_fl_hbeta_mean_full_change_precond;hrv_rmssd_full_change_precond;eeg_c_sampent_full_change_precond;eeg_fm_sampent_full_change_precond;hr_heartrate_bpm_med_abs_full_change_precond;eeg_fm_theta_mean_full_change_precond;pupil_asymmetry_full_change_precond;eeg_pleft_lbeta_mean_full_change_precond;eeg_pright_halpha_mean_full_change_precond;eeg_c_specent_full_change_precond"
2025-11-26 18:34:32.849247,17,"stress_label",20,128,0.1,0.602564102564103,0.621794871794872,NA,20,"top20","eeg_tleft_sampent_full_change_precond;eeg_tleft_halpha_mean_full_change_precond;eeg_tleft_lalpha_mean_full_change_precond;gsr_skin_conductance_eda_tonic_mean_nk_full_change_precond;eeg_pright_sampent_full_change_precond;eeg_t_sampent_full_change_precond;pupil_dilation_sd_full_change_precond;eeg_c_theta_mean_full_change_precond;eeg_fr_sampent_full_change_precond;eeg_tright_halpha_mean_full_change_precond;eeg_fl_hbeta_mean_full_change_precond;hrv_rmssd_full_change_precond;eeg_c_sampent_full_change_precond;eeg_fm_sampent_full_change_precond;hr_heartrate_bpm_med_abs_full_change_precond;eeg_fm_theta_mean_full_change_precond;pupil_asymmetry_full_change_precond;eeg_pleft_lbeta_mean_full_change_precond;eeg_pright_halpha_mean_full_change_precond;eeg_c_specent_full_change_precond"
2025-11-26 18:34:33.983257,17,"stress_label",20,256,0.1,0.602564102564103,0.621794871794872,NA,20,"top20","eeg_tleft_sampent_full_change_precond;eeg_tleft_halpha_mean_full_change_precond;eeg_tleft_lalpha_mean_full_change_precond;gsr_skin_conductance_eda_tonic_mean_nk_full_change_precond;eeg_pright_sampent_full_change_precond;eeg_t_sampent_full_change_precond;pupil_dilation_sd_full_change_precond;eeg_c_theta_mean_full_change_precond;eeg_fr_sampent_full_change_precond;eeg_tright_halpha_mean_full_change_precond;eeg_fl_hbeta_mean_full_change_precond;hrv_rmssd_full_change_precond;eeg_c_sampent_full_change_precond;eeg_fm_sampent_full_change_precond;hr_heartrate_bpm_med_abs_full_change_precond;eeg_fm_theta_mean_full_change_precond;pupil_asymmetry_full_change_precond;eeg_pleft_lbeta_mean_full_change_precond;eeg_pright_halpha_mean_full_change_precond;eeg_c_specent_full_change_precond"
2025-11-26 18:34:34.914651,17,"stress_label",10,2,0.0078125,0.628205128205128,0.628205128205128,NA,10,"top10","eeg_tleft_sampent_full_change_precond;eeg_tleft_halpha_mean_full_change_precond;eeg_tleft_lalpha_mean_full_change_precond;gsr_skin_conductance_eda_tonic_mean_nk_full_change_precond;eeg_pright_sampent_full_change_precond;eeg_t_sampent_full_change_precond;pupil_dilation_sd_full_change_precond;eeg_c_theta_mean_full_change_precond;eeg_fr_sampent_full_change_precond;eeg_tright_halpha_mean_full_change_precond"
2025-11-26 18:34:35.739955,17,"stress_label",10,4,0.0078125,0.615384615384615,0.666666666666667,0.586324786324786,10,"top10","eeg_tleft_sampent_full_change_precond;eeg_tleft_halpha_mean_full_change_precond;eeg_tleft_lalpha_mean_full_change_precond;gsr_skin_conductance_eda_tonic_mean_nk_full_change_precond;eeg_pright_sampent_full_change_precond;eeg_t_sampent_full_change_precond;pupil_dilation_sd_full_change_precond;eeg_c_theta_mean_full_change_precond;eeg_fr_sampent_full_change_precond;eeg_tright_halpha_mean_full_change_precond"
2025-11-26 18:34:36.41164,17,"stress_label",10,8,0.0078125,0.641025641025641,0.666666666666667,0.613675213675214,10,"top10","eeg_tleft_sampent_full_change_precond;eeg_tleft_halpha_mean_full_change_precond;eeg_tleft_lalpha_mean_full_change_precond;gsr_skin_conductance_eda_tonic_mean_nk_full_change_precond;eeg_pright_sampent_full_change_precond;eeg_t_sampent_full_change_precond;pupil_dilation_sd_full_change_precond;eeg_c_theta_mean_full_change_precond;eeg_fr_sampent_full_change_precond;eeg_tright_halpha_mean_full_change_precond"
2025-11-26 18:34:37.192795,17,"stress_label",10,16,0.0078125,0.634615384615385,0.673076923076923,0.609401709401709,10,"top10","eeg_tleft_sampent_full_change_precond;eeg_tleft_halpha_mean_full_change_precond;eeg_tleft_lalpha_mean_full_change_precond;gsr_skin_conductance_eda_tonic_mean_nk_full_change_precond;eeg_pright_sampent_full_change_precond;eeg_t_sampent_full_change_precond;pupil_dilation_sd_full_change_precond;eeg_c_theta_mean_full_change_precond;eeg_fr_sampent_full_change_precond;eeg_tright_halpha_mean_full_change_precond"
2025-11-26 18:34:38.045648,17,"stress_label",10,32,0.0078125,0.628205128205128,0.647435897435897,0.603418803418803,10,"top10","eeg_tleft_sampent_full_change_precond;eeg_tleft_halpha_mean_full_change_precond;eeg_tleft_lalpha_mean_full_change_precond;gsr_skin_conductance_eda_tonic_mean_nk_full_change_precond;eeg_pright_sampent_full_change_precond;eeg_t_sampent_full_change_precond;pupil_dilation_sd_full_change_precond;eeg_c_theta_mean_full_change_precond;eeg_fr_sampent_full_change_precond;eeg_tright_halpha_mean_full_change_precond"
2025-11-26 18:34:38.957468,17,"stress_label",10,64,0.0078125,0.608974358974359,0.66025641025641,0.581196581196581,10,"top10","eeg_tleft_sampent_full_change_precond;eeg_tleft_halpha_mean_full_change_precond;eeg_tleft_lalpha_mean_full_change_precond;gsr_skin_conductance_eda_tonic_mean_nk_full_change_precond;eeg_pright_sampent_full_change_precond;eeg_t_sampent_full_change_precond;pupil_dilation_sd_full_change_precond;eeg_c_theta_mean_full_change_precond;eeg_fr_sampent_full_change_precond;eeg_tright_halpha_mean_full_change_precond"
2025-11-26 18:34:39.922219,17,"stress_label",10,128,0.0078125,0.615384615384615,0.634615384615385,0.585470085470085,10,"top10","eeg_tleft_sampent_full_change_precond;eeg_tleft_halpha_mean_full_change_precond;eeg_tleft_lalpha_mean_full_change_precond;gsr_skin_conductance_eda_tonic_mean_nk_full_change_precond;eeg_pright_sampent_full_change_precond;eeg_t_sampent_full_change_precond;pupil_dilation_sd_full_change_precond;eeg_c_theta_mean_full_change_precond;eeg_fr_sampent_full_change_precond;eeg_tright_halpha_mean_full_change_precond"
2025-11-26 18:34:40.861487,17,"stress_label",10,256,0.0078125,0.596153846153846,0.621794871794872,0.570940170940171,10,"top10","eeg_tleft_sampent_full_change_precond;eeg_tleft_halpha_mean_full_change_precond;eeg_tleft_lalpha_mean_full_change_precond;gsr_skin_conductance_eda_tonic_mean_nk_full_change_precond;eeg_pright_sampent_full_change_precond;eeg_t_sampent_full_change_precond;pupil_dilation_sd_full_change_precond;eeg_c_theta_mean_full_change_precond;eeg_fr_sampent_full_change_precond;eeg_tright_halpha_mean_full_change_precond"
2025-11-26 18:34:41.734759,17,"stress_label",10,2,0.015625,0.621794871794872,0.641025641025641,NA,10,"top10","eeg_tleft_sampent_full_change_precond;eeg_tleft_halpha_mean_full_change_precond;eeg_tleft_lalpha_mean_full_change_precond;gsr_skin_conductance_eda_tonic_mean_nk_full_change_precond;eeg_pright_sampent_full_change_precond;eeg_t_sampent_full_change_precond;pupil_dilation_sd_full_change_precond;eeg_c_theta_mean_full_change_precond;eeg_fr_sampent_full_change_precond;eeg_tright_halpha_mean_full_change_precond"
2025-11-26 18:34:42.567535,17,"stress_label",10,4,0.015625,0.634615384615385,0.666666666666667,0.609401709401709,10,"top10","eeg_tleft_sampent_full_change_precond;eeg_tleft_halpha_mean_full_change_precond;eeg_tleft_lalpha_mean_full_change_precond;gsr_skin_conductance_eda_tonic_mean_nk_full_change_precond;eeg_pright_sampent_full_change_precond;eeg_t_sampent_full_change_precond;pupil_dilation_sd_full_change_precond;eeg_c_theta_mean_full_change_precond;eeg_fr_sampent_full_change_precond;eeg_tright_halpha_mean_full_change_precond"
2025-11-26 18:34:43.429839,17,"stress_label",10,8,0.015625,0.634615384615385,0.66025641025641,0.61965811965812,10,"top10","eeg_tleft_sampent_full_change_precond;eeg_tleft_halpha_mean_full_change_precond;eeg_tleft_lalpha_mean_full_change_precond;gsr_skin_conductance_eda_tonic_mean_nk_full_change_precond;eeg_pright_sampent_full_change_precond;eeg_t_sampent_full_change_precond;pupil_dilation_sd_full_change_precond;eeg_c_theta_mean_full_change_precond;eeg_fr_sampent_full_change_precond;eeg_tright_halpha_mean_full_change_precond"
2025-11-26 18:34:44.244806,17,"stress_label",10,16,0.015625,0.608974358974359,0.66025641025641,0.581196581196581,10,"top10","eeg_tleft_sampent_full_change_precond;eeg_tleft_halpha_mean_full_change_precond;eeg_tleft_lalpha_mean_full_change_precond;gsr_skin_conductance_eda_tonic_mean_nk_full_change_precond;eeg_pright_sampent_full_change_precond;eeg_t_sampent_full_change_precond;pupil_dilation_sd_full_change_precond;eeg_c_theta_mean_full_change_precond;eeg_fr_sampent_full_change_precond;eeg_tright_halpha_mean_full_change_precond"
2025-11-26 18:34:45.135796,17,"stress_label",10,32,0.015625,0.615384615384615,0.647435897435897,0.585470085470085,10,"top10","eeg_tleft_sampent_full_change_precond;eeg_tleft_halpha_mean_full_change_precond;eeg_tleft_lalpha_mean_full_change_precond;gsr_skin_conductance_eda_tonic_mean_nk_full_change_precond;eeg_pright_sampent_full_change_precond;eeg_t_sampent_full_change_precond;pupil_dilation_sd_full_change_precond;eeg_c_theta_mean_full_change_precond;eeg_fr_sampent_full_change_precond;eeg_tright_halpha_mean_full_change_precond"
2025-11-26 18:34:46.095187,17,"stress_label",10,64,0.015625,0.58974358974359,0.628205128205128,0.572649572649573,10,"top10","eeg_tleft_sampent_full_change_precond;eeg_tleft_halpha_mean_full_change_precond;eeg_tleft_lalpha_mean_full_change_precond;gsr_skin_conductance_eda_tonic_mean_nk_full_change_precond;eeg_pright_sampent_full_change_precond;eeg_t_sampent_full_change_precond;pupil_dilation_sd_full_change_precond;eeg_c_theta_mean_full_change_precond;eeg_fr_sampent_full_change_precond;eeg_tright_halpha_mean_full_change_precond"
2025-11-26 18:34:47.173187,17,"stress_label",10,128,0.015625,0.564102564102564,0.583333333333333,NA,10,"top10","eeg_tleft_sampent_full_change_precond;eeg_tleft_halpha_mean_full_change_precond;eeg_tleft_lalpha_mean_full_change_precond;gsr_skin_conductance_eda_tonic_mean_nk_full_change_precond;eeg_pright_sampent_full_change_precond;eeg_t_sampent_full_change_precond;pupil_dilation_sd_full_change_precond;eeg_c_theta_mean_full_change_precond;eeg_fr_sampent_full_change_precond;eeg_tright_halpha_mean_full_change_precond"
2025-11-26 18:34:48.420295,17,"stress_label",10,256,0.015625,0.538461538461538,0.576923076923077,NA,10,"top10","eeg_tleft_sampent_full_change_precond;eeg_tleft_halpha_mean_full_change_precond;eeg_tleft_lalpha_mean_full_change_precond;gsr_skin_conductance_eda_tonic_mean_nk_full_change_precond;eeg_pright_sampent_full_change_precond;eeg_t_sampent_full_change_precond;pupil_dilation_sd_full_change_precond;eeg_c_theta_mean_full_change_precond;eeg_fr_sampent_full_change_precond;eeg_tright_halpha_mean_full_change_precond"
2025-11-26 18:34:49.241057,17,"stress_label",10,2,0.03125,0.602564102564103,0.653846153846154,0.58034188034188,10,"top10","eeg_tleft_sampent_full_change_precond;eeg_tleft_halpha_mean_full_change_precond;eeg_tleft_lalpha_mean_full_change_precond;gsr_skin_conductance_eda_tonic_mean_nk_full_change_precond;eeg_pright_sampent_full_change_precond;eeg_t_sampent_full_change_precond;pupil_dilation_sd_full_change_precond;eeg_c_theta_mean_full_change_precond;eeg_fr_sampent_full_change_precond;eeg_tright_halpha_mean_full_change_precond"
2025-11-26 18:34:50.079191,17,"stress_label",10,4,0.03125,0.615384615384615,0.647435897435897,0.594017094017094,10,"top10","eeg_tleft_sampent_full_change_precond;eeg_tleft_halpha_mean_full_change_precond;eeg_tleft_lalpha_mean_full_change_precond;gsr_skin_conductance_eda_tonic_mean_nk_full_change_precond;eeg_pright_sampent_full_change_precond;eeg_t_sampent_full_change_precond;pupil_dilation_sd_full_change_precond;eeg_c_theta_mean_full_change_precond;eeg_fr_sampent_full_change_precond;eeg_tright_halpha_mean_full_change_precond"
2025-11-26 18:34:50.948293,17,"stress_label",10,8,0.03125,0.634615384615385,0.653846153846154,0.607692307692308,10,"top10","eeg_tleft_sampent_full_change_precond;eeg_tleft_halpha_mean_full_change_precond;eeg_tleft_lalpha_mean_full_change_precond;gsr_skin_conductance_eda_tonic_mean_nk_full_change_precond;eeg_pright_sampent_full_change_precond;eeg_t_sampent_full_change_precond;pupil_dilation_sd_full_change_precond;eeg_c_theta_mean_full_change_precond;eeg_fr_sampent_full_change_precond;eeg_tright_halpha_mean_full_change_precond"
2025-11-26 18:34:51.845359,17,"stress_label",10,16,0.03125,0.602564102564103,0.634615384615385,NA,10,"top10","eeg_tleft_sampent_full_change_precond;eeg_tleft_halpha_mean_full_change_precond;eeg_tleft_lalpha_mean_full_change_precond;gsr_skin_conductance_eda_tonic_mean_nk_full_change_precond;eeg_pright_sampent_full_change_precond;eeg_t_sampent_full_change_precond;pupil_dilation_sd_full_change_precond;eeg_c_theta_mean_full_change_precond;eeg_fr_sampent_full_change_precond;eeg_tright_halpha_mean_full_change_precond"
2025-11-26 18:34:52.605199,17,"stress_label",10,32,0.03125,0.564102564102564,0.602564102564103,NA,10,"top10","eeg_tleft_sampent_full_change_precond;eeg_tleft_halpha_mean_full_change_precond;eeg_tleft_lalpha_mean_full_change_precond;gsr_skin_conductance_eda_tonic_mean_nk_full_change_precond;eeg_pright_sampent_full_change_precond;eeg_t_sampent_full_change_precond;pupil_dilation_sd_full_change_precond;eeg_c_theta_mean_full_change_precond;eeg_fr_sampent_full_change_precond;eeg_tright_halpha_mean_full_change_precond"
2025-11-26 18:34:53.569759,17,"stress_label",10,64,0.03125,0.583333333333333,0.596153846153846,NA,10,"top10","eeg_tleft_sampent_full_change_precond;eeg_tleft_halpha_mean_full_change_precond;eeg_tleft_lalpha_mean_full_change_precond;gsr_skin_conductance_eda_tonic_mean_nk_full_change_precond;eeg_pright_sampent_full_change_precond;eeg_t_sampent_full_change_precond;pupil_dilation_sd_full_change_precond;eeg_c_theta_mean_full_change_precond;eeg_fr_sampent_full_change_precond;eeg_tright_halpha_mean_full_change_precond"
2025-11-26 18:34:54.625298,17,"stress_label",10,128,0.03125,0.564102564102564,0.576923076923077,NA,10,"top10","eeg_tleft_sampent_full_change_precond;eeg_tleft_halpha_mean_full_change_precond;eeg_tleft_lalpha_mean_full_change_precond;gsr_skin_conductance_eda_tonic_mean_nk_full_change_precond;eeg_pright_sampent_full_change_precond;eeg_t_sampent_full_change_precond;pupil_dilation_sd_full_change_precond;eeg_c_theta_mean_full_change_precond;eeg_fr_sampent_full_change_precond;eeg_tright_halpha_mean_full_change_precond"
2025-11-26 18:34:56.065456,17,"stress_label",10,256,0.03125,0.551282051282051,0.519230769230769,NA,10,"top10","eeg_tleft_sampent_full_change_precond;eeg_tleft_halpha_mean_full_change_precond;eeg_tleft_lalpha_mean_full_change_precond;gsr_skin_conductance_eda_tonic_mean_nk_full_change_precond;eeg_pright_sampent_full_change_precond;eeg_t_sampent_full_change_precond;pupil_dilation_sd_full_change_precond;eeg_c_theta_mean_full_change_precond;eeg_fr_sampent_full_change_precond;eeg_tright_halpha_mean_full_change_precond"
2025-11-26 18:34:56.954842,17,"stress_label",10,2,0.0625,0.628205128205128,0.634615384615385,NA,10,"top10","eeg_tleft_sampent_full_change_precond;eeg_tleft_halpha_mean_full_change_precond;eeg_tleft_lalpha_mean_full_change_precond;gsr_skin_conductance_eda_tonic_mean_nk_full_change_precond;eeg_pright_sampent_full_change_precond;eeg_t_sampent_full_change_precond;pupil_dilation_sd_full_change_precond;eeg_c_theta_mean_full_change_precond;eeg_fr_sampent_full_change_precond;eeg_tright_halpha_mean_full_change_precond"
2025-11-26 18:34:57.788482,17,"stress_label",10,4,0.0625,0.621794871794872,0.641025641025641,NA,10,"top10","eeg_tleft_sampent_full_change_precond;eeg_tleft_halpha_mean_full_change_precond;eeg_tleft_lalpha_mean_full_change_precond;gsr_skin_conductance_eda_tonic_mean_nk_full_change_precond;eeg_pright_sampent_full_change_precond;eeg_t_sampent_full_change_precond;pupil_dilation_sd_full_change_precond;eeg_c_theta_mean_full_change_precond;eeg_fr_sampent_full_change_precond;eeg_tright_halpha_mean_full_change_precond"
2025-11-26 18:34:58.667722,17,"stress_label",10,8,0.0625,0.576923076923077,0.634615384615385,NA,10,"top10","eeg_tleft_sampent_full_change_precond;eeg_tleft_halpha_mean_full_change_precond;eeg_tleft_lalpha_mean_full_change_precond;gsr_skin_conductance_eda_tonic_mean_nk_full_change_precond;eeg_pright_sampent_full_change_precond;eeg_t_sampent_full_change_precond;pupil_dilation_sd_full_change_precond;eeg_c_theta_mean_full_change_precond;eeg_fr_sampent_full_change_precond;eeg_tright_halpha_mean_full_change_precond"
2025-11-26 18:34:59.638237,17,"stress_label",10,16,0.0625,0.596153846153846,0.621794871794872,NA,10,"top10","eeg_tleft_sampent_full_change_precond;eeg_tleft_halpha_mean_full_change_precond;eeg_tleft_lalpha_mean_full_change_precond;gsr_skin_conductance_eda_tonic_mean_nk_full_change_precond;eeg_pright_sampent_full_change_precond;eeg_t_sampent_full_change_precond;pupil_dilation_sd_full_change_precond;eeg_c_theta_mean_full_change_precond;eeg_fr_sampent_full_change_precond;eeg_tright_halpha_mean_full_change_precond"
2025-11-26 18:35:00.643428,17,"stress_label",10,32,0.0625,0.557692307692308,0.557692307692308,NA,10,"top10","eeg_tleft_sampent_full_change_precond;eeg_tleft_halpha_mean_full_change_precond;eeg_tleft_lalpha_mean_full_change_precond;gsr_skin_conductance_eda_tonic_mean_nk_full_change_precond;eeg_pright_sampent_full_change_precond;eeg_t_sampent_full_change_precond;pupil_dilation_sd_full_change_precond;eeg_c_theta_mean_full_change_precond;eeg_fr_sampent_full_change_precond;eeg_tright_halpha_mean_full_change_precond"
2025-11-26 18:35:01.760824,17,"stress_label",10,64,0.0625,0.576923076923077,0.58974358974359,NA,10,"top10","eeg_tleft_sampent_full_change_precond;eeg_tleft_halpha_mean_full_change_precond;eeg_tleft_lalpha_mean_full_change_precond;gsr_skin_conductance_eda_tonic_mean_nk_full_change_precond;eeg_pright_sampent_full_change_precond;eeg_t_sampent_full_change_precond;pupil_dilation_sd_full_change_precond;eeg_c_theta_mean_full_change_precond;eeg_fr_sampent_full_change_precond;eeg_tright_halpha_mean_full_change_precond"
2025-11-26 18:35:02.766598,17,"stress_label",10,128,0.0625,0.544871794871795,0.538461538461538,NA,10,"top10","eeg_tleft_sampent_full_change_precond;eeg_tleft_halpha_mean_full_change_precond;eeg_tleft_lalpha_mean_full_change_precond;gsr_skin_conductance_eda_tonic_mean_nk_full_change_precond;eeg_pright_sampent_full_change_precond;eeg_t_sampent_full_change_precond;pupil_dilation_sd_full_change_precond;eeg_c_theta_mean_full_change_precond;eeg_fr_sampent_full_change_precond;eeg_tright_halpha_mean_full_change_precond"
2025-11-26 18:35:04.037864,17,"stress_label",10,256,0.0625,0.551282051282051,0.448717948717949,NA,10,"top10","eeg_tleft_sampent_full_change_precond;eeg_tleft_halpha_mean_full_change_precond;eeg_tleft_lalpha_mean_full_change_precond;gsr_skin_conductance_eda_tonic_mean_nk_full_change_precond;eeg_pright_sampent_full_change_precond;eeg_t_sampent_full_change_precond;pupil_dilation_sd_full_change_precond;eeg_c_theta_mean_full_change_precond;eeg_fr_sampent_full_change_precond;eeg_tright_halpha_mean_full_change_precond"
2025-11-26 18:35:04.811588,17,"stress_label",10,2,0.125,0.58974358974359,0.641025641025641,0.585470085470085,10,"top10","eeg_tleft_sampent_full_change_precond;eeg_tleft_halpha_mean_full_change_precond;eeg_tleft_lalpha_mean_full_change_precond;gsr_skin_conductance_eda_tonic_mean_nk_full_change_precond;eeg_pright_sampent_full_change_precond;eeg_t_sampent_full_change_precond;pupil_dilation_sd_full_change_precond;eeg_c_theta_mean_full_change_precond;eeg_fr_sampent_full_change_precond;eeg_tright_halpha_mean_full_change_precond"
2025-11-26 18:35:05.484178,17,"stress_label",10,4,0.125,0.608974358974359,0.615384615384615,0.604273504273504,10,"top10","eeg_tleft_sampent_full_change_precond;eeg_tleft_halpha_mean_full_change_precond;eeg_tleft_lalpha_mean_full_change_precond;gsr_skin_conductance_eda_tonic_mean_nk_full_change_precond;eeg_pright_sampent_full_change_precond;eeg_t_sampent_full_change_precond;pupil_dilation_sd_full_change_precond;eeg_c_theta_mean_full_change_precond;eeg_fr_sampent_full_change_precond;eeg_tright_halpha_mean_full_change_precond"
2025-11-26 18:35:06.297253,17,"stress_label",10,8,0.125,0.583333333333333,0.583333333333333,NA,10,"top10","eeg_tleft_sampent_full_change_precond;eeg_tleft_halpha_mean_full_change_precond;eeg_tleft_lalpha_mean_full_change_precond;gsr_skin_conductance_eda_tonic_mean_nk_full_change_precond;eeg_pright_sampent_full_change_precond;eeg_t_sampent_full_change_precond;pupil_dilation_sd_full_change_precond;eeg_c_theta_mean_full_change_precond;eeg_fr_sampent_full_change_precond;eeg_tright_halpha_mean_full_change_precond"
2025-11-26 18:35:07.261577,17,"stress_label",10,16,0.125,0.596153846153846,0.583333333333333,NA,10,"top10","eeg_tleft_sampent_full_change_precond;eeg_tleft_halpha_mean_full_change_precond;eeg_tleft_lalpha_mean_full_change_precond;gsr_skin_conductance_eda_tonic_mean_nk_full_change_precond;eeg_pright_sampent_full_change_precond;eeg_t_sampent_full_change_precond;pupil_dilation_sd_full_change_precond;eeg_c_theta_mean_full_change_precond;eeg_fr_sampent_full_change_precond;eeg_tright_halpha_mean_full_change_precond"
2025-11-26 18:35:08.285256,17,"stress_label",10,32,0.125,0.57051282051282,0.551282051282051,NA,10,"top10","eeg_tleft_sampent_full_change_precond;eeg_tleft_halpha_mean_full_change_precond;eeg_tleft_lalpha_mean_full_change_precond;gsr_skin_conductance_eda_tonic_mean_nk_full_change_precond;eeg_pright_sampent_full_change_precond;eeg_t_sampent_full_change_precond;pupil_dilation_sd_full_change_precond;eeg_c_theta_mean_full_change_precond;eeg_fr_sampent_full_change_precond;eeg_tright_halpha_mean_full_change_precond"
2025-11-26 18:35:09.331659,17,"stress_label",10,64,0.125,0.544871794871795,0.519230769230769,NA,10,"top10","eeg_tleft_sampent_full_change_precond;eeg_tleft_halpha_mean_full_change_precond;eeg_tleft_lalpha_mean_full_change_precond;gsr_skin_conductance_eda_tonic_mean_nk_full_change_precond;eeg_pright_sampent_full_change_precond;eeg_t_sampent_full_change_precond;pupil_dilation_sd_full_change_precond;eeg_c_theta_mean_full_change_precond;eeg_fr_sampent_full_change_precond;eeg_tright_halpha_mean_full_change_precond"
2025-11-26 18:35:10.331905,17,"stress_label",10,128,0.125,0.564102564102564,0.506410256410256,NA,10,"top10","eeg_tleft_sampent_full_change_precond;eeg_tleft_halpha_mean_full_change_precond;eeg_tleft_lalpha_mean_full_change_precond;gsr_skin_conductance_eda_tonic_mean_nk_full_change_precond;eeg_pright_sampent_full_change_precond;eeg_t_sampent_full_change_precond;pupil_dilation_sd_full_change_precond;eeg_c_theta_mean_full_change_precond;eeg_fr_sampent_full_change_precond;eeg_tright_halpha_mean_full_change_precond"
2025-11-26 18:35:11.258952,17,"stress_label",10,256,0.125,0.564102564102564,0.57051282051282,NA,10,"top10","eeg_tleft_sampent_full_change_precond;eeg_tleft_halpha_mean_full_change_precond;eeg_tleft_lalpha_mean_full_change_precond;gsr_skin_conductance_eda_tonic_mean_nk_full_change_precond;eeg_pright_sampent_full_change_precond;eeg_t_sampent_full_change_precond;pupil_dilation_sd_full_change_precond;eeg_c_theta_mean_full_change_precond;eeg_fr_sampent_full_change_precond;eeg_tright_halpha_mean_full_change_precond"
2025-11-26 18:35:12.12205,17,"stress_label",10,2,0.03,0.608974358974359,0.653846153846154,0.582905982905983,10,"top10","eeg_tleft_sampent_full_change_precond;eeg_tleft_halpha_mean_full_change_precond;eeg_tleft_lalpha_mean_full_change_precond;gsr_skin_conductance_eda_tonic_mean_nk_full_change_precond;eeg_pright_sampent_full_change_precond;eeg_t_sampent_full_change_precond;pupil_dilation_sd_full_change_precond;eeg_c_theta_mean_full_change_precond;eeg_fr_sampent_full_change_precond;eeg_tright_halpha_mean_full_change_precond"
2025-11-26 18:35:12.9765,17,"stress_label",10,4,0.03,0.615384615384615,0.641025641025641,0.594017094017094,10,"top10","eeg_tleft_sampent_full_change_precond;eeg_tleft_halpha_mean_full_change_precond;eeg_tleft_lalpha_mean_full_change_precond;gsr_skin_conductance_eda_tonic_mean_nk_full_change_precond;eeg_pright_sampent_full_change_precond;eeg_t_sampent_full_change_precond;pupil_dilation_sd_full_change_precond;eeg_c_theta_mean_full_change_precond;eeg_fr_sampent_full_change_precond;eeg_tright_halpha_mean_full_change_precond"
2025-11-26 18:35:13.83256,17,"stress_label",10,8,0.03,0.621794871794872,0.653846153846154,0.596581196581197,10,"top10","eeg_tleft_sampent_full_change_precond;eeg_tleft_halpha_mean_full_change_precond;eeg_tleft_lalpha_mean_full_change_precond;gsr_skin_conductance_eda_tonic_mean_nk_full_change_precond;eeg_pright_sampent_full_change_precond;eeg_t_sampent_full_change_precond;pupil_dilation_sd_full_change_precond;eeg_c_theta_mean_full_change_precond;eeg_fr_sampent_full_change_precond;eeg_tright_halpha_mean_full_change_precond"
2025-11-26 18:35:14.749136,17,"stress_label",10,16,0.03,0.602564102564103,0.634615384615385,NA,10,"top10","eeg_tleft_sampent_full_change_precond;eeg_tleft_halpha_mean_full_change_precond;eeg_tleft_lalpha_mean_full_change_precond;gsr_skin_conductance_eda_tonic_mean_nk_full_change_precond;eeg_pright_sampent_full_change_precond;eeg_t_sampent_full_change_precond;pupil_dilation_sd_full_change_precond;eeg_c_theta_mean_full_change_precond;eeg_fr_sampent_full_change_precond;eeg_tright_halpha_mean_full_change_precond"
2025-11-26 18:35:15.712674,17,"stress_label",10,32,0.03,0.564102564102564,0.615384615384615,NA,10,"top10","eeg_tleft_sampent_full_change_precond;eeg_tleft_halpha_mean_full_change_precond;eeg_tleft_lalpha_mean_full_change_precond;gsr_skin_conductance_eda_tonic_mean_nk_full_change_precond;eeg_pright_sampent_full_change_precond;eeg_t_sampent_full_change_precond;pupil_dilation_sd_full_change_precond;eeg_c_theta_mean_full_change_precond;eeg_fr_sampent_full_change_precond;eeg_tright_halpha_mean_full_change_precond"
2025-11-26 18:35:16.792323,17,"stress_label",10,64,0.03,0.57051282051282,0.596153846153846,NA,10,"top10","eeg_tleft_sampent_full_change_precond;eeg_tleft_halpha_mean_full_change_precond;eeg_tleft_lalpha_mean_full_change_precond;gsr_skin_conductance_eda_tonic_mean_nk_full_change_precond;eeg_pright_sampent_full_change_precond;eeg_t_sampent_full_change_precond;pupil_dilation_sd_full_change_precond;eeg_c_theta_mean_full_change_precond;eeg_fr_sampent_full_change_precond;eeg_tright_halpha_mean_full_change_precond"
2025-11-26 18:35:18.030966,17,"stress_label",10,128,0.03,0.564102564102564,0.58974358974359,NA,10,"top10","eeg_tleft_sampent_full_change_precond;eeg_tleft_halpha_mean_full_change_precond;eeg_tleft_lalpha_mean_full_change_precond;gsr_skin_conductance_eda_tonic_mean_nk_full_change_precond;eeg_pright_sampent_full_change_precond;eeg_t_sampent_full_change_precond;pupil_dilation_sd_full_change_precond;eeg_c_theta_mean_full_change_precond;eeg_fr_sampent_full_change_precond;eeg_tright_halpha_mean_full_change_precond"
2025-11-26 18:35:19.516097,17,"stress_label",10,256,0.03,0.576923076923077,0.5,NA,10,"top10","eeg_tleft_sampent_full_change_precond;eeg_tleft_halpha_mean_full_change_precond;eeg_tleft_lalpha_mean_full_change_precond;gsr_skin_conductance_eda_tonic_mean_nk_full_change_precond;eeg_pright_sampent_full_change_precond;eeg_t_sampent_full_change_precond;pupil_dilation_sd_full_change_precond;eeg_c_theta_mean_full_change_precond;eeg_fr_sampent_full_change_precond;eeg_tright_halpha_mean_full_change_precond"
2025-11-26 18:35:20.536147,17,"stress_label",10,2,0.06,0.621794871794872,0.641025641025641,NA,10,"top10","eeg_tleft_sampent_full_change_precond;eeg_tleft_halpha_mean_full_change_precond;eeg_tleft_lalpha_mean_full_change_precond;gsr_skin_conductance_eda_tonic_mean_nk_full_change_precond;eeg_pright_sampent_full_change_precond;eeg_t_sampent_full_change_precond;pupil_dilation_sd_full_change_precond;eeg_c_theta_mean_full_change_precond;eeg_fr_sampent_full_change_precond;eeg_tright_halpha_mean_full_change_precond"
2025-11-26 18:35:21.388574,17,"stress_label",10,4,0.06,0.621794871794872,0.647435897435897,NA,10,"top10","eeg_tleft_sampent_full_change_precond;eeg_tleft_halpha_mean_full_change_precond;eeg_tleft_lalpha_mean_full_change_precond;gsr_skin_conductance_eda_tonic_mean_nk_full_change_precond;eeg_pright_sampent_full_change_precond;eeg_t_sampent_full_change_precond;pupil_dilation_sd_full_change_precond;eeg_c_theta_mean_full_change_precond;eeg_fr_sampent_full_change_precond;eeg_tright_halpha_mean_full_change_precond"
2025-11-26 18:35:22.072242,17,"stress_label",10,8,0.06,0.57051282051282,0.621794871794872,NA,10,"top10","eeg_tleft_sampent_full_change_precond;eeg_tleft_halpha_mean_full_change_precond;eeg_tleft_lalpha_mean_full_change_precond;gsr_skin_conductance_eda_tonic_mean_nk_full_change_precond;eeg_pright_sampent_full_change_precond;eeg_t_sampent_full_change_precond;pupil_dilation_sd_full_change_precond;eeg_c_theta_mean_full_change_precond;eeg_fr_sampent_full_change_precond;eeg_tright_halpha_mean_full_change_precond"
2025-11-26 18:35:22.865603,17,"stress_label",10,16,0.06,0.583333333333333,0.621794871794872,NA,10,"top10","eeg_tleft_sampent_full_change_precond;eeg_tleft_halpha_mean_full_change_precond;eeg_tleft_lalpha_mean_full_change_precond;gsr_skin_conductance_eda_tonic_mean_nk_full_change_precond;eeg_pright_sampent_full_change_precond;eeg_t_sampent_full_change_precond;pupil_dilation_sd_full_change_precond;eeg_c_theta_mean_full_change_precond;eeg_fr_sampent_full_change_precond;eeg_tright_halpha_mean_full_change_precond"
2025-11-26 18:35:23.808671,17,"stress_label",10,32,0.06,0.557692307692308,0.532051282051282,NA,10,"top10","eeg_tleft_sampent_full_change_precond;eeg_tleft_halpha_mean_full_change_precond;eeg_tleft_lalpha_mean_full_change_precond;gsr_skin_conductance_eda_tonic_mean_nk_full_change_precond;eeg_pright_sampent_full_change_precond;eeg_t_sampent_full_change_precond;pupil_dilation_sd_full_change_precond;eeg_c_theta_mean_full_change_precond;eeg_fr_sampent_full_change_precond;eeg_tright_halpha_mean_full_change_precond"
2025-11-26 18:35:24.874873,17,"stress_label",10,64,0.06,0.557692307692308,0.583333333333333,NA,10,"top10","eeg_tleft_sampent_full_change_precond;eeg_tleft_halpha_mean_full_change_precond;eeg_tleft_lalpha_mean_full_change_precond;gsr_skin_conductance_eda_tonic_mean_nk_full_change_precond;eeg_pright_sampent_full_change_precond;eeg_t_sampent_full_change_precond;pupil_dilation_sd_full_change_precond;eeg_c_theta_mean_full_change_precond;eeg_fr_sampent_full_change_precond;eeg_tright_halpha_mean_full_change_precond"
2025-11-26 18:35:26.088176,17,"stress_label",10,128,0.06,0.551282051282051,0.512820512820513,NA,10,"top10","eeg_tleft_sampent_full_change_precond;eeg_tleft_halpha_mean_full_change_precond;eeg_tleft_lalpha_mean_full_change_precond;gsr_skin_conductance_eda_tonic_mean_nk_full_change_precond;eeg_pright_sampent_full_change_precond;eeg_t_sampent_full_change_precond;pupil_dilation_sd_full_change_precond;eeg_c_theta_mean_full_change_precond;eeg_fr_sampent_full_change_precond;eeg_tright_halpha_mean_full_change_precond"
2025-11-26 18:35:27.297533,17,"stress_label",10,256,0.06,0.557692307692308,0.525641025641026,NA,10,"top10","eeg_tleft_sampent_full_change_precond;eeg_tleft_halpha_mean_full_change_precond;eeg_tleft_lalpha_mean_full_change_precond;gsr_skin_conductance_eda_tonic_mean_nk_full_change_precond;eeg_pright_sampent_full_change_precond;eeg_t_sampent_full_change_precond;pupil_dilation_sd_full_change_precond;eeg_c_theta_mean_full_change_precond;eeg_fr_sampent_full_change_precond;eeg_tright_halpha_mean_full_change_precond"
2025-11-26 18:35:28.154089,17,"stress_label",10,2,0.1,0.608974358974359,0.621794871794872,0.601709401709402,10,"top10","eeg_tleft_sampent_full_change_precond;eeg_tleft_halpha_mean_full_change_precond;eeg_tleft_lalpha_mean_full_change_precond;gsr_skin_conductance_eda_tonic_mean_nk_full_change_precond;eeg_pright_sampent_full_change_precond;eeg_t_sampent_full_change_precond;pupil_dilation_sd_full_change_precond;eeg_c_theta_mean_full_change_precond;eeg_fr_sampent_full_change_precond;eeg_tright_halpha_mean_full_change_precond"
2025-11-26 18:35:29.031643,17,"stress_label",10,4,0.1,0.608974358974359,0.641025641025641,NA,10,"top10","eeg_tleft_sampent_full_change_precond;eeg_tleft_halpha_mean_full_change_precond;eeg_tleft_lalpha_mean_full_change_precond;gsr_skin_conductance_eda_tonic_mean_nk_full_change_precond;eeg_pright_sampent_full_change_precond;eeg_t_sampent_full_change_precond;pupil_dilation_sd_full_change_precond;eeg_c_theta_mean_full_change_precond;eeg_fr_sampent_full_change_precond;eeg_tright_halpha_mean_full_change_precond"
2025-11-26 18:35:29.954813,17,"stress_label",10,8,0.1,0.57051282051282,0.596153846153846,NA,10,"top10","eeg_tleft_sampent_full_change_precond;eeg_tleft_halpha_mean_full_change_precond;eeg_tleft_lalpha_mean_full_change_precond;gsr_skin_conductance_eda_tonic_mean_nk_full_change_precond;eeg_pright_sampent_full_change_precond;eeg_t_sampent_full_change_precond;pupil_dilation_sd_full_change_precond;eeg_c_theta_mean_full_change_precond;eeg_fr_sampent_full_change_precond;eeg_tright_halpha_mean_full_change_precond"
2025-11-26 18:35:30.946068,17,"stress_label",10,16,0.1,0.58974358974359,0.58974358974359,NA,10,"top10","eeg_tleft_sampent_full_change_precond;eeg_tleft_halpha_mean_full_change_precond;eeg_tleft_lalpha_mean_full_change_precond;gsr_skin_conductance_eda_tonic_mean_nk_full_change_precond;eeg_pright_sampent_full_change_precond;eeg_t_sampent_full_change_precond;pupil_dilation_sd_full_change_precond;eeg_c_theta_mean_full_change_precond;eeg_fr_sampent_full_change_precond;eeg_tright_halpha_mean_full_change_precond"
2025-11-26 18:35:32.005117,17,"stress_label",10,32,0.1,0.583333333333333,0.596153846153846,NA,10,"top10","eeg_tleft_sampent_full_change_precond;eeg_tleft_halpha_mean_full_change_precond;eeg_tleft_lalpha_mean_full_change_precond;gsr_skin_conductance_eda_tonic_mean_nk_full_change_precond;eeg_pright_sampent_full_change_precond;eeg_t_sampent_full_change_precond;pupil_dilation_sd_full_change_precond;eeg_c_theta_mean_full_change_precond;eeg_fr_sampent_full_change_precond;eeg_tright_halpha_mean_full_change_precond"
2025-11-26 18:35:32.954789,17,"stress_label",10,64,0.1,0.557692307692308,0.564102564102564,NA,10,"top10","eeg_tleft_sampent_full_change_precond;eeg_tleft_halpha_mean_full_change_precond;eeg_tleft_lalpha_mean_full_change_precond;gsr_skin_conductance_eda_tonic_mean_nk_full_change_precond;eeg_pright_sampent_full_change_precond;eeg_t_sampent_full_change_precond;pupil_dilation_sd_full_change_precond;eeg_c_theta_mean_full_change_precond;eeg_fr_sampent_full_change_precond;eeg_tright_halpha_mean_full_change_precond"
2025-11-26 18:35:33.894896,17,"stress_label",10,128,0.1,0.544871794871795,0.512820512820513,NA,10,"top10","eeg_tleft_sampent_full_change_precond;eeg_tleft_halpha_mean_full_change_precond;eeg_tleft_lalpha_mean_full_change_precond;gsr_skin_conductance_eda_tonic_mean_nk_full_change_precond;eeg_pright_sampent_full_change_precond;eeg_t_sampent_full_change_precond;pupil_dilation_sd_full_change_precond;eeg_c_theta_mean_full_change_precond;eeg_fr_sampent_full_change_precond;eeg_tright_halpha_mean_full_change_precond"
2025-11-26 18:35:34.78868,17,"stress_label",10,256,0.1,0.538461538461538,0.551282051282051,NA,10,"top10","eeg_tleft_sampent_full_change_precond;eeg_tleft_halpha_mean_full_change_precond;eeg_tleft_lalpha_mean_full_change_precond;gsr_skin_conductance_eda_tonic_mean_nk_full_change_precond;eeg_pright_sampent_full_change_precond;eeg_t_sampent_full_change_precond;pupil_dilation_sd_full_change_precond;eeg_c_theta_mean_full_change_precond;eeg_fr_sampent_full_change_precond;eeg_tright_halpha_mean_full_change_precond"
2025-11-26 18:35:35.614858,17,"stress_label",5,2,0.0078125,0.602564102564103,0.615384615384615,0.567521367521368,5,"top5","eeg_tleft_sampent_full_change_precond;eeg_tleft_halpha_mean_full_change_precond;eeg_tleft_lalpha_mean_full_change_precond;gsr_skin_conductance_eda_tonic_mean_nk_full_change_precond;eeg_pright_sampent_full_change_precond"
2025-11-26 18:35:36.388732,17,"stress_label",5,4,0.0078125,0.615384615384615,0.621794871794872,0.576068376068376,5,"top5","eeg_tleft_sampent_full_change_precond;eeg_tleft_halpha_mean_full_change_precond;eeg_tleft_lalpha_mean_full_change_precond;gsr_skin_conductance_eda_tonic_mean_nk_full_change_precond;eeg_pright_sampent_full_change_precond"
2025-11-26 18:35:37.08502,17,"stress_label",5,8,0.0078125,0.615384615384615,0.615384615384615,0.57008547008547,5,"top5","eeg_tleft_sampent_full_change_precond;eeg_tleft_halpha_mean_full_change_precond;eeg_tleft_lalpha_mean_full_change_precond;gsr_skin_conductance_eda_tonic_mean_nk_full_change_precond;eeg_pright_sampent_full_change_precond"
2025-11-26 18:35:37.692426,17,"stress_label",5,16,0.0078125,0.621794871794872,0.628205128205128,0.58034188034188,5,"top5","eeg_tleft_sampent_full_change_precond;eeg_tleft_halpha_mean_full_change_precond;eeg_tleft_lalpha_mean_full_change_precond;gsr_skin_conductance_eda_tonic_mean_nk_full_change_precond;eeg_pright_sampent_full_change_precond"
2025-11-26 18:35:38.385753,17,"stress_label",5,32,0.0078125,0.634615384615385,0.641025641025641,0.597435897435897,5,"top5","eeg_tleft_sampent_full_change_precond;eeg_tleft_halpha_mean_full_change_precond;eeg_tleft_lalpha_mean_full_change_precond;gsr_skin_conductance_eda_tonic_mean_nk_full_change_precond;eeg_pright_sampent_full_change_precond"
2025-11-26 18:35:39.120869,17,"stress_label",5,64,0.0078125,0.634615384615385,0.66025641025641,NA,5,"top5","eeg_tleft_sampent_full_change_precond;eeg_tleft_halpha_mean_full_change_precond;eeg_tleft_lalpha_mean_full_change_precond;gsr_skin_conductance_eda_tonic_mean_nk_full_change_precond;eeg_pright_sampent_full_change_precond"
2025-11-26 18:35:39.890863,17,"stress_label",5,128,0.0078125,0.634615384615385,0.66025641025641,0.588888888888889,5,"top5","eeg_tleft_sampent_full_change_precond;eeg_tleft_halpha_mean_full_change_precond;eeg_tleft_lalpha_mean_full_change_precond;gsr_skin_conductance_eda_tonic_mean_nk_full_change_precond;eeg_pright_sampent_full_change_precond"
2025-11-26 18:35:40.745065,17,"stress_label",5,256,0.0078125,0.621794871794872,0.66025641025641,0.582051282051282,5,"top5","eeg_tleft_sampent_full_change_precond;eeg_tleft_halpha_mean_full_change_precond;eeg_tleft_lalpha_mean_full_change_precond;gsr_skin_conductance_eda_tonic_mean_nk_full_change_precond;eeg_pright_sampent_full_change_precond"
2025-11-26 18:35:41.488405,17,"stress_label",5,2,0.015625,0.608974358974359,0.621794871794872,0.567521367521368,5,"top5","eeg_tleft_sampent_full_change_precond;eeg_tleft_halpha_mean_full_change_precond;eeg_tleft_lalpha_mean_full_change_precond;gsr_skin_conductance_eda_tonic_mean_nk_full_change_precond;eeg_pright_sampent_full_change_precond"
2025-11-26 18:35:42.22302,17,"stress_label",5,4,0.015625,0.615384615384615,0.621794871794872,0.57008547008547,5,"top5","eeg_tleft_sampent_full_change_precond;eeg_tleft_halpha_mean_full_change_precond;eeg_tleft_lalpha_mean_full_change_precond;gsr_skin_conductance_eda_tonic_mean_nk_full_change_precond;eeg_pright_sampent_full_change_precond"
2025-11-26 18:35:43.03249,17,"stress_label",5,8,0.015625,0.628205128205128,0.634615384615385,NA,5,"top5","eeg_tleft_sampent_full_change_precond;eeg_tleft_halpha_mean_full_change_precond;eeg_tleft_lalpha_mean_full_change_precond;gsr_skin_conductance_eda_tonic_mean_nk_full_change_precond;eeg_pright_sampent_full_change_precond"
2025-11-26 18:35:43.835908,17,"stress_label",5,16,0.015625,0.634615384615385,0.653846153846154,NA,5,"top5","eeg_tleft_sampent_full_change_precond;eeg_tleft_halpha_mean_full_change_precond;eeg_tleft_lalpha_mean_full_change_precond;gsr_skin_conductance_eda_tonic_mean_nk_full_change_precond;eeg_pright_sampent_full_change_precond"
2025-11-26 18:35:44.528051,17,"stress_label",5,32,0.015625,0.634615384615385,0.647435897435897,NA,5,"top5","eeg_tleft_sampent_full_change_precond;eeg_tleft_halpha_mean_full_change_precond;eeg_tleft_lalpha_mean_full_change_precond;gsr_skin_conductance_eda_tonic_mean_nk_full_change_precond;eeg_pright_sampent_full_change_precond"
2025-11-26 18:35:45.342583,17,"stress_label",5,64,0.015625,0.634615384615385,0.66025641025641,0.588888888888889,5,"top5","eeg_tleft_sampent_full_change_precond;eeg_tleft_halpha_mean_full_change_precond;eeg_tleft_lalpha_mean_full_change_precond;gsr_skin_conductance_eda_tonic_mean_nk_full_change_precond;eeg_pright_sampent_full_change_precond"
2025-11-26 18:35:46.099364,17,"stress_label",5,128,0.015625,0.621794871794872,0.653846153846154,0.588034188034188,5,"top5","eeg_tleft_sampent_full_change_precond;eeg_tleft_halpha_mean_full_change_precond;eeg_tleft_lalpha_mean_full_change_precond;gsr_skin_conductance_eda_tonic_mean_nk_full_change_precond;eeg_pright_sampent_full_change_precond"
2025-11-26 18:35:46.961362,17,"stress_label",5,256,0.015625,0.608974358974359,0.641025641025641,0.588888888888889,5,"top5","eeg_tleft_sampent_full_change_precond;eeg_tleft_halpha_mean_full_change_precond;eeg_tleft_lalpha_mean_full_change_precond;gsr_skin_conductance_eda_tonic_mean_nk_full_change_precond;eeg_pright_sampent_full_change_precond"
2025-11-26 18:35:47.743305,17,"stress_label",5,2,0.03125,0.634615384615385,0.628205128205128,NA,5,"top5","eeg_tleft_sampent_full_change_precond;eeg_tleft_halpha_mean_full_change_precond;eeg_tleft_lalpha_mean_full_change_precond;gsr_skin_conductance_eda_tonic_mean_nk_full_change_precond;eeg_pright_sampent_full_change_precond"
2025-11-26 18:35:48.557366,17,"stress_label",5,4,0.03125,0.647435897435897,0.653846153846154,NA,5,"top5","eeg_tleft_sampent_full_change_precond;eeg_tleft_halpha_mean_full_change_precond;eeg_tleft_lalpha_mean_full_change_precond;gsr_skin_conductance_eda_tonic_mean_nk_full_change_precond;eeg_pright_sampent_full_change_precond"
2025-11-26 18:35:49.341931,17,"stress_label",5,8,0.03125,0.628205128205128,0.647435897435897,NA,5,"top5","eeg_tleft_sampent_full_change_precond;eeg_tleft_halpha_mean_full_change_precond;eeg_tleft_lalpha_mean_full_change_precond;gsr_skin_conductance_eda_tonic_mean_nk_full_change_precond;eeg_pright_sampent_full_change_precond"
2025-11-26 18:35:50.096378,17,"stress_label",5,16,0.03125,0.634615384615385,0.673076923076923,0.588888888888889,5,"top5","eeg_tleft_sampent_full_change_precond;eeg_tleft_halpha_mean_full_change_precond;eeg_tleft_lalpha_mean_full_change_precond;gsr_skin_conductance_eda_tonic_mean_nk_full_change_precond;eeg_pright_sampent_full_change_precond"
2025-11-26 18:35:50.842053,17,"stress_label",5,32,0.03125,0.621794871794872,0.653846153846154,0.588034188034188,5,"top5","eeg_tleft_sampent_full_change_precond;eeg_tleft_halpha_mean_full_change_precond;eeg_tleft_lalpha_mean_full_change_precond;gsr_skin_conductance_eda_tonic_mean_nk_full_change_precond;eeg_pright_sampent_full_change_precond"
2025-11-26 18:35:51.692376,17,"stress_label",5,64,0.03125,0.615384615384615,0.608974358974359,0.58974358974359,5,"top5","eeg_tleft_sampent_full_change_precond;eeg_tleft_halpha_mean_full_change_precond;eeg_tleft_lalpha_mean_full_change_precond;gsr_skin_conductance_eda_tonic_mean_nk_full_change_precond;eeg_pright_sampent_full_change_precond"
2025-11-26 18:35:52.607795,17,"stress_label",5,128,0.03125,0.583333333333333,0.532051282051282,0.560683760683761,5,"top5","eeg_tleft_sampent_full_change_precond;eeg_tleft_halpha_mean_full_change_precond;eeg_tleft_lalpha_mean_full_change_precond;gsr_skin_conductance_eda_tonic_mean_nk_full_change_precond;eeg_pright_sampent_full_change_precond"
2025-11-26 18:35:53.66651,17,"stress_label",5,256,0.03125,0.564102564102564,0.493589743589744,0.557264957264957,5,"top5","eeg_tleft_sampent_full_change_precond;eeg_tleft_halpha_mean_full_change_precond;eeg_tleft_lalpha_mean_full_change_precond;gsr_skin_conductance_eda_tonic_mean_nk_full_change_precond;eeg_pright_sampent_full_change_precond"
2025-11-26 18:35:54.328149,17,"stress_label",5,2,0.0625,0.634615384615385,0.641025641025641,NA,5,"top5","eeg_tleft_sampent_full_change_precond;eeg_tleft_halpha_mean_full_change_precond;eeg_tleft_lalpha_mean_full_change_precond;gsr_skin_conductance_eda_tonic_mean_nk_full_change_precond;eeg_pright_sampent_full_change_precond"
2025-11-26 18:35:55.009646,17,"stress_label",5,4,0.0625,0.608974358974359,0.647435897435897,0.564957264957265,5,"top5","eeg_tleft_sampent_full_change_precond;eeg_tleft_halpha_mean_full_change_precond;eeg_tleft_lalpha_mean_full_change_precond;gsr_skin_conductance_eda_tonic_mean_nk_full_change_precond;eeg_pright_sampent_full_change_precond"
2025-11-26 18:35:55.634846,17,"stress_label",5,8,0.0625,0.602564102564103,0.641025641025641,0.567521367521368,5,"top5","eeg_tleft_sampent_full_change_precond;eeg_tleft_halpha_mean_full_change_precond;eeg_tleft_lalpha_mean_full_change_precond;gsr_skin_conductance_eda_tonic_mean_nk_full_change_precond;eeg_pright_sampent_full_change_precond"
2025-11-26 18:35:56.36375,17,"stress_label",5,16,0.0625,0.602564102564103,0.564102564102564,0.582905982905983,5,"top5","eeg_tleft_sampent_full_change_precond;eeg_tleft_halpha_mean_full_change_precond;eeg_tleft_lalpha_mean_full_change_precond;gsr_skin_conductance_eda_tonic_mean_nk_full_change_precond;eeg_pright_sampent_full_change_precond"
2025-11-26 18:35:57.227694,17,"stress_label",5,32,0.0625,0.564102564102564,0.525641025641026,NA,5,"top5","eeg_tleft_sampent_full_change_precond;eeg_tleft_halpha_mean_full_change_precond;eeg_tleft_lalpha_mean_full_change_precond;gsr_skin_conductance_eda_tonic_mean_nk_full_change_precond;eeg_pright_sampent_full_change_precond"
2025-11-26 18:35:58.110459,17,"stress_label",5,64,0.0625,0.544871794871795,0.455128205128205,0.535042735042735,5,"top5","eeg_tleft_sampent_full_change_precond;eeg_tleft_halpha_mean_full_change_precond;eeg_tleft_lalpha_mean_full_change_precond;gsr_skin_conductance_eda_tonic_mean_nk_full_change_precond;eeg_pright_sampent_full_change_precond"
2025-11-26 18:35:59.119058,17,"stress_label",5,128,0.0625,0.551282051282051,0.403846153846154,0.543589743589744,5,"top5","eeg_tleft_sampent_full_change_precond;eeg_tleft_halpha_mean_full_change_precond;eeg_tleft_lalpha_mean_full_change_precond;gsr_skin_conductance_eda_tonic_mean_nk_full_change_precond;eeg_pright_sampent_full_change_precond"
2025-11-26 18:36:00.391966,17,"stress_label",5,256,0.0625,0.544871794871795,0.461538461538462,NA,5,"top5","eeg_tleft_sampent_full_change_precond;eeg_tleft_halpha_mean_full_change_precond;eeg_tleft_lalpha_mean_full_change_precond;gsr_skin_conductance_eda_tonic_mean_nk_full_change_precond;eeg_pright_sampent_full_change_precond"
2025-11-26 18:36:01.181985,17,"stress_label",5,2,0.125,0.58974358974359,0.602564102564103,0.552991452991453,5,"top5","eeg_tleft_sampent_full_change_precond;eeg_tleft_halpha_mean_full_change_precond;eeg_tleft_lalpha_mean_full_change_precond;gsr_skin_conductance_eda_tonic_mean_nk_full_change_precond;eeg_pright_sampent_full_change_precond"
2025-11-26 18:36:01.856186,17,"stress_label",5,4,0.125,0.58974358974359,0.551282051282051,0.566666666666667,5,"top5","eeg_tleft_sampent_full_change_precond;eeg_tleft_halpha_mean_full_change_precond;eeg_tleft_lalpha_mean_full_change_precond;gsr_skin_conductance_eda_tonic_mean_nk_full_change_precond;eeg_pright_sampent_full_change_precond"
2025-11-26 18:36:02.51929,17,"stress_label",5,8,0.125,0.564102564102564,0.512820512820513,0.563247863247863,5,"top5","eeg_tleft_sampent_full_change_precond;eeg_tleft_halpha_mean_full_change_precond;eeg_tleft_lalpha_mean_full_change_precond;gsr_skin_conductance_eda_tonic_mean_nk_full_change_precond;eeg_pright_sampent_full_change_precond"
2025-11-26 18:36:03.229625,17,"stress_label",5,16,0.125,0.544871794871795,0.480769230769231,0.523931623931624,5,"top5","eeg_tleft_sampent_full_change_precond;eeg_tleft_halpha_mean_full_change_precond;eeg_tleft_lalpha_mean_full_change_precond;gsr_skin_conductance_eda_tonic_mean_nk_full_change_precond;eeg_pright_sampent_full_change_precond"
2025-11-26 18:36:04.07346,17,"stress_label",5,32,0.125,0.532051282051282,0.448717948717949,0.511111111111111,5,"top5","eeg_tleft_sampent_full_change_precond;eeg_tleft_halpha_mean_full_change_precond;eeg_tleft_lalpha_mean_full_change_precond;gsr_skin_conductance_eda_tonic_mean_nk_full_change_precond;eeg_pright_sampent_full_change_precond"
2025-11-26 18:36:05.077705,17,"stress_label",5,64,0.125,0.512820512820513,0.435897435897436,NA,5,"top5","eeg_tleft_sampent_full_change_precond;eeg_tleft_halpha_mean_full_change_precond;eeg_tleft_lalpha_mean_full_change_precond;gsr_skin_conductance_eda_tonic_mean_nk_full_change_precond;eeg_pright_sampent_full_change_precond"
2025-11-26 18:36:06.320127,17,"stress_label",5,128,0.125,0.538461538461538,0.435897435897436,NA,5,"top5","eeg_tleft_sampent_full_change_precond;eeg_tleft_halpha_mean_full_change_precond;eeg_tleft_lalpha_mean_full_change_precond;gsr_skin_conductance_eda_tonic_mean_nk_full_change_precond;eeg_pright_sampent_full_change_precond"
2025-11-26 18:36:07.907748,17,"stress_label",5,256,0.125,0.506410256410256,0.467948717948718,NA,5,"top5","eeg_tleft_sampent_full_change_precond;eeg_tleft_halpha_mean_full_change_precond;eeg_tleft_lalpha_mean_full_change_precond;gsr_skin_conductance_eda_tonic_mean_nk_full_change_precond;eeg_pright_sampent_full_change_precond"
2025-11-26 18:36:08.587505,17,"stress_label",5,2,0.03,0.634615384615385,0.628205128205128,NA,5,"top5","eeg_tleft_sampent_full_change_precond;eeg_tleft_halpha_mean_full_change_precond;eeg_tleft_lalpha_mean_full_change_precond;gsr_skin_conductance_eda_tonic_mean_nk_full_change_precond;eeg_pright_sampent_full_change_precond"
2025-11-26 18:36:09.381365,17,"stress_label",5,4,0.03,0.647435897435897,0.653846153846154,NA,5,"top5","eeg_tleft_sampent_full_change_precond;eeg_tleft_halpha_mean_full_change_precond;eeg_tleft_lalpha_mean_full_change_precond;gsr_skin_conductance_eda_tonic_mean_nk_full_change_precond;eeg_pright_sampent_full_change_precond"
2025-11-26 18:36:10.173994,17,"stress_label",5,8,0.03,0.628205128205128,0.647435897435897,NA,5,"top5","eeg_tleft_sampent_full_change_precond;eeg_tleft_halpha_mean_full_change_precond;eeg_tleft_lalpha_mean_full_change_precond;gsr_skin_conductance_eda_tonic_mean_nk_full_change_precond;eeg_pright_sampent_full_change_precond"
2025-11-26 18:36:10.916736,17,"stress_label",5,16,0.03,0.621794871794872,0.647435897435897,0.571794871794872,5,"top5","eeg_tleft_sampent_full_change_precond;eeg_tleft_halpha_mean_full_change_precond;eeg_tleft_lalpha_mean_full_change_precond;gsr_skin_conductance_eda_tonic_mean_nk_full_change_precond;eeg_pright_sampent_full_change_precond"
2025-11-26 18:36:11.646978,17,"stress_label",5,32,0.03,0.621794871794872,0.653846153846154,0.588034188034188,5,"top5","eeg_tleft_sampent_full_change_precond;eeg_tleft_halpha_mean_full_change_precond;eeg_tleft_lalpha_mean_full_change_precond;gsr_skin_conductance_eda_tonic_mean_nk_full_change_precond;eeg_pright_sampent_full_change_precond"
2025-11-26 18:36:12.462269,17,"stress_label",5,64,0.03,0.615384615384615,0.621794871794872,0.58974358974359,5,"top5","eeg_tleft_sampent_full_change_precond;eeg_tleft_halpha_mean_full_change_precond;eeg_tleft_lalpha_mean_full_change_precond;gsr_skin_conductance_eda_tonic_mean_nk_full_change_precond;eeg_pright_sampent_full_change_precond"
2025-11-26 18:36:13.355046,17,"stress_label",5,128,0.03,0.583333333333333,0.544871794871795,NA,5,"top5","eeg_tleft_sampent_full_change_precond;eeg_tleft_halpha_mean_full_change_precond;eeg_tleft_lalpha_mean_full_change_precond;gsr_skin_conductance_eda_tonic_mean_nk_full_change_precond;eeg_pright_sampent_full_change_precond"
2025-11-26 18:36:14.395314,17,"stress_label",5,256,0.03,0.576923076923077,0.519230769230769,NA,5,"top5","eeg_tleft_sampent_full_change_precond;eeg_tleft_halpha_mean_full_change_precond;eeg_tleft_lalpha_mean_full_change_precond;gsr_skin_conductance_eda_tonic_mean_nk_full_change_precond;eeg_pright_sampent_full_change_precond"
2025-11-26 18:36:15.192596,17,"stress_label",5,2,0.06,0.634615384615385,0.641025641025641,NA,5,"top5","eeg_tleft_sampent_full_change_precond;eeg_tleft_halpha_mean_full_change_precond;eeg_tleft_lalpha_mean_full_change_precond;gsr_skin_conductance_eda_tonic_mean_nk_full_change_precond;eeg_pright_sampent_full_change_precond"
2025-11-26 18:36:15.980783,17,"stress_label",5,4,0.06,0.608974358974359,0.653846153846154,0.565811965811966,5,"top5","eeg_tleft_sampent_full_change_precond;eeg_tleft_halpha_mean_full_change_precond;eeg_tleft_lalpha_mean_full_change_precond;gsr_skin_conductance_eda_tonic_mean_nk_full_change_precond;eeg_pright_sampent_full_change_precond"
2025-11-26 18:36:16.738125,17,"stress_label",5,8,0.06,0.608974358974359,0.634615384615385,0.575213675213675,5,"top5","eeg_tleft_sampent_full_change_precond;eeg_tleft_halpha_mean_full_change_precond;eeg_tleft_lalpha_mean_full_change_precond;gsr_skin_conductance_eda_tonic_mean_nk_full_change_precond;eeg_pright_sampent_full_change_precond"
2025-11-26 18:36:17.49787,17,"stress_label",5,16,0.06,0.615384615384615,0.583333333333333,0.58974358974359,5,"top5","eeg_tleft_sampent_full_change_precond;eeg_tleft_halpha_mean_full_change_precond;eeg_tleft_lalpha_mean_full_change_precond;gsr_skin_conductance_eda_tonic_mean_nk_full_change_precond;eeg_pright_sampent_full_change_precond"
2025-11-26 18:36:18.311952,17,"stress_label",5,32,0.06,0.57051282051282,0.532051282051282,NA,5,"top5","eeg_tleft_sampent_full_change_precond;eeg_tleft_halpha_mean_full_change_precond;eeg_tleft_lalpha_mean_full_change_precond;gsr_skin_conductance_eda_tonic_mean_nk_full_change_precond;eeg_pright_sampent_full_change_precond"
2025-11-26 18:36:19.184009,17,"stress_label",5,64,0.06,0.551282051282051,0.506410256410256,0.537606837606838,5,"top5","eeg_tleft_sampent_full_change_precond;eeg_tleft_halpha_mean_full_change_precond;eeg_tleft_lalpha_mean_full_change_precond;gsr_skin_conductance_eda_tonic_mean_nk_full_change_precond;eeg_pright_sampent_full_change_precond"
2025-11-26 18:36:20.202676,17,"stress_label",5,128,0.06,0.564102564102564,0.480769230769231,0.560683760683761,5,"top5","eeg_tleft_sampent_full_change_precond;eeg_tleft_halpha_mean_full_change_precond;eeg_tleft_lalpha_mean_full_change_precond;gsr_skin_conductance_eda_tonic_mean_nk_full_change_precond;eeg_pright_sampent_full_change_precond"
2025-11-26 18:36:21.449674,17,"stress_label",5,256,0.06,0.544871794871795,0.435897435897436,NA,5,"top5","eeg_tleft_sampent_full_change_precond;eeg_tleft_halpha_mean_full_change_precond;eeg_tleft_lalpha_mean_full_change_precond;gsr_skin_conductance_eda_tonic_mean_nk_full_change_precond;eeg_pright_sampent_full_change_precond"
2025-11-26 18:36:22.237501,17,"stress_label",5,2,0.1,0.608974358974359,0.628205128205128,0.565811965811966,5,"top5","eeg_tleft_sampent_full_change_precond;eeg_tleft_halpha_mean_full_change_precond;eeg_tleft_lalpha_mean_full_change_precond;gsr_skin_conductance_eda_tonic_mean_nk_full_change_precond;eeg_pright_sampent_full_change_precond"
2025-11-26 18:36:23.017962,17,"stress_label",5,4,0.1,0.583333333333333,0.596153846153846,0.558119658119658,5,"top5","eeg_tleft_sampent_full_change_precond;eeg_tleft_halpha_mean_full_change_precond;eeg_tleft_lalpha_mean_full_change_precond;gsr_skin_conductance_eda_tonic_mean_nk_full_change_precond;eeg_pright_sampent_full_change_precond"
2025-11-26 18:36:23.810704,17,"stress_label",5,8,0.1,0.58974358974359,0.525641025641026,0.575213675213675,5,"top5","eeg_tleft_sampent_full_change_precond;eeg_tleft_halpha_mean_full_change_precond;eeg_tleft_lalpha_mean_full_change_precond;gsr_skin_conductance_eda_tonic_mean_nk_full_change_precond;eeg_pright_sampent_full_change_precond"
2025-11-26 18:36:24.620274,17,"stress_label",5,16,0.1,0.538461538461538,0.493589743589744,0.529059829059829,5,"top5","eeg_tleft_sampent_full_change_precond;eeg_tleft_halpha_mean_full_change_precond;eeg_tleft_lalpha_mean_full_change_precond;gsr_skin_conductance_eda_tonic_mean_nk_full_change_precond;eeg_pright_sampent_full_change_precond"
2025-11-26 18:36:25.478362,17,"stress_label",5,32,0.1,0.557692307692308,0.455128205128205,NA,5,"top5","eeg_tleft_sampent_full_change_precond;eeg_tleft_halpha_mean_full_change_precond;eeg_tleft_lalpha_mean_full_change_precond;gsr_skin_conductance_eda_tonic_mean_nk_full_change_precond;eeg_pright_sampent_full_change_precond"
2025-11-26 18:36:26.4296,17,"stress_label",5,64,0.1,0.532051282051282,0.448717948717949,0.523931623931624,5,"top5","eeg_tleft_sampent_full_change_precond;eeg_tleft_halpha_mean_full_change_precond;eeg_tleft_lalpha_mean_full_change_precond;gsr_skin_conductance_eda_tonic_mean_nk_full_change_precond;eeg_pright_sampent_full_change_precond"
2025-11-26 18:36:27.630094,17,"stress_label",5,128,0.1,0.512820512820513,0.423076923076923,NA,5,"top5","eeg_tleft_sampent_full_change_precond;eeg_tleft_halpha_mean_full_change_precond;eeg_tleft_lalpha_mean_full_change_precond;gsr_skin_conductance_eda_tonic_mean_nk_full_change_precond;eeg_pright_sampent_full_change_precond"
2025-11-26 18:36:29.136926,17,"stress_label",5,256,0.1,0.538461538461538,0.429487179487179,NA,5,"top5","eeg_tleft_sampent_full_change_precond;eeg_tleft_halpha_mean_full_change_precond;eeg_tleft_lalpha_mean_full_change_precond;gsr_skin_conductance_eda_tonic_mean_nk_full_change_precond;eeg_pright_sampent_full_change_precond"
2025-11-26 18:36:30.107913,19,"stress_label",20,2,0.0078125,0.583333333333333,0.634615384615385,0.548717948717949,20,"top20","eeg_tleft_sampent_full_change_precond;eeg_tleft_halpha_mean_full_change_precond;gsr_skin_conductance_eda_tonic_mean_nk_full_change_precond;eeg_tleft_lalpha_mean_full_change_precond;hrv_rmssd_full_change_precond;eeg_pright_sampent_full_change_precond;eeg_t_sampent_full_change_precond;eeg_c_theta_mean_full_change_precond;pupil_dilation_sd_full_change_precond;eeg_tright_halpha_mean_full_change_precond;eeg_fl_hbeta_mean_full_change_precond;eeg_pleft_halpha_mean_full_change_precond;hr_heartrate_bpm_med_abs_full_change_precond;eeg_pleft_lbeta_mean_full_change_precond;eeg_c_sampent_full_change_precond;eeg_fr_sampent_full_change_precond;eeg_fm_theta_mean_full_change_precond;eeg_c_specent_full_change_precond;eeg_pright_halpha_mean_full_change_precond;eeg_fm_sampent_full_change_precond"
2025-11-26 18:36:31.321359,19,"stress_label",20,4,0.0078125,0.544871794871795,0.653846153846154,0.535042735042735,20,"top20","eeg_tleft_sampent_full_change_precond;eeg_tleft_halpha_mean_full_change_precond;gsr_skin_conductance_eda_tonic_mean_nk_full_change_precond;eeg_tleft_lalpha_mean_full_change_precond;hrv_rmssd_full_change_precond;eeg_pright_sampent_full_change_precond;eeg_t_sampent_full_change_precond;eeg_c_theta_mean_full_change_precond;pupil_dilation_sd_full_change_precond;eeg_tright_halpha_mean_full_change_precond;eeg_fl_hbeta_mean_full_change_precond;eeg_pleft_halpha_mean_full_change_precond;hr_heartrate_bpm_med_abs_full_change_precond;eeg_pleft_lbeta_mean_full_change_precond;eeg_c_sampent_full_change_precond;eeg_fr_sampent_full_change_precond;eeg_fm_theta_mean_full_change_precond;eeg_c_specent_full_change_precond;eeg_pright_halpha_mean_full_change_precond;eeg_fm_sampent_full_change_precond"
2025-11-26 18:36:32.324911,19,"stress_label",20,8,0.0078125,0.564102564102564,0.634615384615385,0.555555555555556,20,"top20","eeg_tleft_sampent_full_change_precond;eeg_tleft_halpha_mean_full_change_precond;gsr_skin_conductance_eda_tonic_mean_nk_full_change_precond;eeg_tleft_lalpha_mean_full_change_precond;hrv_rmssd_full_change_precond;eeg_pright_sampent_full_change_precond;eeg_t_sampent_full_change_precond;eeg_c_theta_mean_full_change_precond;pupil_dilation_sd_full_change_precond;eeg_tright_halpha_mean_full_change_precond;eeg_fl_hbeta_mean_full_change_precond;eeg_pleft_halpha_mean_full_change_precond;hr_heartrate_bpm_med_abs_full_change_precond;eeg_pleft_lbeta_mean_full_change_precond;eeg_c_sampent_full_change_precond;eeg_fr_sampent_full_change_precond;eeg_fm_theta_mean_full_change_precond;eeg_c_specent_full_change_precond;eeg_pright_halpha_mean_full_change_precond;eeg_fm_sampent_full_change_precond"
2025-11-26 18:36:33.198157,19,"stress_label",20,16,0.0078125,0.57051282051282,0.602564102564103,0.572649572649573,20,"top20","eeg_tleft_sampent_full_change_precond;eeg_tleft_halpha_mean_full_change_precond;gsr_skin_conductance_eda_tonic_mean_nk_full_change_precond;eeg_tleft_lalpha_mean_full_change_precond;hrv_rmssd_full_change_precond;eeg_pright_sampent_full_change_precond;eeg_t_sampent_full_change_precond;eeg_c_theta_mean_full_change_precond;pupil_dilation_sd_full_change_precond;eeg_tright_halpha_mean_full_change_precond;eeg_fl_hbeta_mean_full_change_precond;eeg_pleft_halpha_mean_full_change_precond;hr_heartrate_bpm_med_abs_full_change_precond;eeg_pleft_lbeta_mean_full_change_precond;eeg_c_sampent_full_change_precond;eeg_fr_sampent_full_change_precond;eeg_fm_theta_mean_full_change_precond;eeg_c_specent_full_change_precond;eeg_pright_halpha_mean_full_change_precond;eeg_fm_sampent_full_change_precond"
2025-11-26 18:36:34.050178,19,"stress_label",20,32,0.0078125,0.576923076923077,0.602564102564103,0.582905982905983,20,"top20","eeg_tleft_sampent_full_change_precond;eeg_tleft_halpha_mean_full_change_precond;gsr_skin_conductance_eda_tonic_mean_nk_full_change_precond;eeg_tleft_lalpha_mean_full_change_precond;hrv_rmssd_full_change_precond;eeg_pright_sampent_full_change_precond;eeg_t_sampent_full_change_precond;eeg_c_theta_mean_full_change_precond;pupil_dilation_sd_full_change_precond;eeg_tright_halpha_mean_full_change_precond;eeg_fl_hbeta_mean_full_change_precond;eeg_pleft_halpha_mean_full_change_precond;hr_heartrate_bpm_med_abs_full_change_precond;eeg_pleft_lbeta_mean_full_change_precond;eeg_c_sampent_full_change_precond;eeg_fr_sampent_full_change_precond;eeg_fm_theta_mean_full_change_precond;eeg_c_specent_full_change_precond;eeg_pright_halpha_mean_full_change_precond;eeg_fm_sampent_full_change_precond"
2025-11-26 18:36:34.99911,19,"stress_label",20,64,0.0078125,0.557692307692308,0.583333333333333,0.536752136752137,20,"top20","eeg_tleft_sampent_full_change_precond;eeg_tleft_halpha_mean_full_change_precond;gsr_skin_conductance_eda_tonic_mean_nk_full_change_precond;eeg_tleft_lalpha_mean_full_change_precond;hrv_rmssd_full_change_precond;eeg_pright_sampent_full_change_precond;eeg_t_sampent_full_change_precond;eeg_c_theta_mean_full_change_precond;pupil_dilation_sd_full_change_precond;eeg_tright_halpha_mean_full_change_precond;eeg_fl_hbeta_mean_full_change_precond;eeg_pleft_halpha_mean_full_change_precond;hr_heartrate_bpm_med_abs_full_change_precond;eeg_pleft_lbeta_mean_full_change_precond;eeg_c_sampent_full_change_precond;eeg_fr_sampent_full_change_precond;eeg_fm_theta_mean_full_change_precond;eeg_c_specent_full_change_precond;eeg_pright_halpha_mean_full_change_precond;eeg_fm_sampent_full_change_precond"
2025-11-26 18:36:36.309534,19,"stress_label",20,128,0.0078125,0.525641025641026,0.551282051282051,0.511111111111111,20,"top20","eeg_tleft_sampent_full_change_precond;eeg_tleft_halpha_mean_full_change_precond;gsr_skin_conductance_eda_tonic_mean_nk_full_change_precond;eeg_tleft_lalpha_mean_full_change_precond;hrv_rmssd_full_change_precond;eeg_pright_sampent_full_change_precond;eeg_t_sampent_full_change_precond;eeg_c_theta_mean_full_change_precond;pupil_dilation_sd_full_change_precond;eeg_tright_halpha_mean_full_change_precond;eeg_fl_hbeta_mean_full_change_precond;eeg_pleft_halpha_mean_full_change_precond;hr_heartrate_bpm_med_abs_full_change_precond;eeg_pleft_lbeta_mean_full_change_precond;eeg_c_sampent_full_change_precond;eeg_fr_sampent_full_change_precond;eeg_fm_theta_mean_full_change_precond;eeg_c_specent_full_change_precond;eeg_pright_halpha_mean_full_change_precond;eeg_fm_sampent_full_change_precond"
2025-11-26 18:36:37.580767,19,"stress_label",20,256,0.0078125,0.583333333333333,0.576923076923077,NA,20,"top20","eeg_tleft_sampent_full_change_precond;eeg_tleft_halpha_mean_full_change_precond;gsr_skin_conductance_eda_tonic_mean_nk_full_change_precond;eeg_tleft_lalpha_mean_full_change_precond;hrv_rmssd_full_change_precond;eeg_pright_sampent_full_change_precond;eeg_t_sampent_full_change_precond;eeg_c_theta_mean_full_change_precond;pupil_dilation_sd_full_change_precond;eeg_tright_halpha_mean_full_change_precond;eeg_fl_hbeta_mean_full_change_precond;eeg_pleft_halpha_mean_full_change_precond;hr_heartrate_bpm_med_abs_full_change_precond;eeg_pleft_lbeta_mean_full_change_precond;eeg_c_sampent_full_change_precond;eeg_fr_sampent_full_change_precond;eeg_fm_theta_mean_full_change_precond;eeg_c_specent_full_change_precond;eeg_pright_halpha_mean_full_change_precond;eeg_fm_sampent_full_change_precond"
2025-11-26 18:36:38.384229,19,"stress_label",20,2,0.015625,0.557692307692308,0.653846153846154,0.535897435897436,20,"top20","eeg_tleft_sampent_full_change_precond;eeg_tleft_halpha_mean_full_change_precond;gsr_skin_conductance_eda_tonic_mean_nk_full_change_precond;eeg_tleft_lalpha_mean_full_change_precond;hrv_rmssd_full_change_precond;eeg_pright_sampent_full_change_precond;eeg_t_sampent_full_change_precond;eeg_c_theta_mean_full_change_precond;pupil_dilation_sd_full_change_precond;eeg_tright_halpha_mean_full_change_precond;eeg_fl_hbeta_mean_full_change_precond;eeg_pleft_halpha_mean_full_change_precond;hr_heartrate_bpm_med_abs_full_change_precond;eeg_pleft_lbeta_mean_full_change_precond;eeg_c_sampent_full_change_precond;eeg_fr_sampent_full_change_precond;eeg_fm_theta_mean_full_change_precond;eeg_c_specent_full_change_precond;eeg_pright_halpha_mean_full_change_precond;eeg_fm_sampent_full_change_precond"
2025-11-26 18:36:39.379814,19,"stress_label",20,4,0.015625,0.557692307692308,0.634615384615385,0.548717948717949,20,"top20","eeg_tleft_sampent_full_change_precond;eeg_tleft_halpha_mean_full_change_precond;gsr_skin_conductance_eda_tonic_mean_nk_full_change_precond;eeg_tleft_lalpha_mean_full_change_precond;hrv_rmssd_full_change_precond;eeg_pright_sampent_full_change_precond;eeg_t_sampent_full_change_precond;eeg_c_theta_mean_full_change_precond;pupil_dilation_sd_full_change_precond;eeg_tright_halpha_mean_full_change_precond;eeg_fl_hbeta_mean_full_change_precond;eeg_pleft_halpha_mean_full_change_precond;hr_heartrate_bpm_med_abs_full_change_precond;eeg_pleft_lbeta_mean_full_change_precond;eeg_c_sampent_full_change_precond;eeg_fr_sampent_full_change_precond;eeg_fm_theta_mean_full_change_precond;eeg_c_specent_full_change_precond;eeg_pright_halpha_mean_full_change_precond;eeg_fm_sampent_full_change_precond"
2025-11-26 18:36:40.325835,19,"stress_label",20,8,0.015625,0.557692307692308,0.608974358974359,0.565811965811966,20,"top20","eeg_tleft_sampent_full_change_precond;eeg_tleft_halpha_mean_full_change_precond;gsr_skin_conductance_eda_tonic_mean_nk_full_change_precond;eeg_tleft_lalpha_mean_full_change_precond;hrv_rmssd_full_change_precond;eeg_pright_sampent_full_change_precond;eeg_t_sampent_full_change_precond;eeg_c_theta_mean_full_change_precond;pupil_dilation_sd_full_change_precond;eeg_tright_halpha_mean_full_change_precond;eeg_fl_hbeta_mean_full_change_precond;eeg_pleft_halpha_mean_full_change_precond;hr_heartrate_bpm_med_abs_full_change_precond;eeg_pleft_lbeta_mean_full_change_precond;eeg_c_sampent_full_change_precond;eeg_fr_sampent_full_change_precond;eeg_fm_theta_mean_full_change_precond;eeg_c_specent_full_change_precond;eeg_pright_halpha_mean_full_change_precond;eeg_fm_sampent_full_change_precond"
2025-11-26 18:36:41.217132,19,"stress_label",20,16,0.015625,0.57051282051282,0.583333333333333,0.566666666666667,20,"top20","eeg_tleft_sampent_full_change_precond;eeg_tleft_halpha_mean_full_change_precond;gsr_skin_conductance_eda_tonic_mean_nk_full_change_precond;eeg_tleft_lalpha_mean_full_change_precond;hrv_rmssd_full_change_precond;eeg_pright_sampent_full_change_precond;eeg_t_sampent_full_change_precond;eeg_c_theta_mean_full_change_precond;pupil_dilation_sd_full_change_precond;eeg_tright_halpha_mean_full_change_precond;eeg_fl_hbeta_mean_full_change_precond;eeg_pleft_halpha_mean_full_change_precond;hr_heartrate_bpm_med_abs_full_change_precond;eeg_pleft_lbeta_mean_full_change_precond;eeg_c_sampent_full_change_precond;eeg_fr_sampent_full_change_precond;eeg_fm_theta_mean_full_change_precond;eeg_c_specent_full_change_precond;eeg_pright_halpha_mean_full_change_precond;eeg_fm_sampent_full_change_precond"
2025-11-26 18:36:42.17069,19,"stress_label",20,32,0.015625,0.538461538461538,0.576923076923077,NA,20,"top20","eeg_tleft_sampent_full_change_precond;eeg_tleft_halpha_mean_full_change_precond;gsr_skin_conductance_eda_tonic_mean_nk_full_change_precond;eeg_tleft_lalpha_mean_full_change_precond;hrv_rmssd_full_change_precond;eeg_pright_sampent_full_change_precond;eeg_t_sampent_full_change_precond;eeg_c_theta_mean_full_change_precond;pupil_dilation_sd_full_change_precond;eeg_tright_halpha_mean_full_change_precond;eeg_fl_hbeta_mean_full_change_precond;eeg_pleft_halpha_mean_full_change_precond;hr_heartrate_bpm_med_abs_full_change_precond;eeg_pleft_lbeta_mean_full_change_precond;eeg_c_sampent_full_change_precond;eeg_fr_sampent_full_change_precond;eeg_fm_theta_mean_full_change_precond;eeg_c_specent_full_change_precond;eeg_pright_halpha_mean_full_change_precond;eeg_fm_sampent_full_change_precond"
2025-11-26 18:36:43.474953,19,"stress_label",20,64,0.015625,0.596153846153846,0.576923076923077,NA,20,"top20","eeg_tleft_sampent_full_change_precond;eeg_tleft_halpha_mean_full_change_precond;gsr_skin_conductance_eda_tonic_mean_nk_full_change_precond;eeg_tleft_lalpha_mean_full_change_precond;hrv_rmssd_full_change_precond;eeg_pright_sampent_full_change_precond;eeg_t_sampent_full_change_precond;eeg_c_theta_mean_full_change_precond;pupil_dilation_sd_full_change_precond;eeg_tright_halpha_mean_full_change_precond;eeg_fl_hbeta_mean_full_change_precond;eeg_pleft_halpha_mean_full_change_precond;hr_heartrate_bpm_med_abs_full_change_precond;eeg_pleft_lbeta_mean_full_change_precond;eeg_c_sampent_full_change_precond;eeg_fr_sampent_full_change_precond;eeg_fm_theta_mean_full_change_precond;eeg_c_specent_full_change_precond;eeg_pright_halpha_mean_full_change_precond;eeg_fm_sampent_full_change_precond"
2025-11-26 18:36:44.826405,19,"stress_label",20,128,0.015625,0.564102564102564,0.57051282051282,NA,20,"top20","eeg_tleft_sampent_full_change_precond;eeg_tleft_halpha_mean_full_change_precond;gsr_skin_conductance_eda_tonic_mean_nk_full_change_precond;eeg_tleft_lalpha_mean_full_change_precond;hrv_rmssd_full_change_precond;eeg_pright_sampent_full_change_precond;eeg_t_sampent_full_change_precond;eeg_c_theta_mean_full_change_precond;pupil_dilation_sd_full_change_precond;eeg_tright_halpha_mean_full_change_precond;eeg_fl_hbeta_mean_full_change_precond;eeg_pleft_halpha_mean_full_change_precond;hr_heartrate_bpm_med_abs_full_change_precond;eeg_pleft_lbeta_mean_full_change_precond;eeg_c_sampent_full_change_precond;eeg_fr_sampent_full_change_precond;eeg_fm_theta_mean_full_change_precond;eeg_c_specent_full_change_precond;eeg_pright_halpha_mean_full_change_precond;eeg_fm_sampent_full_change_precond"
2025-11-26 18:36:46.194941,19,"stress_label",20,256,0.015625,0.57051282051282,0.583333333333333,NA,20,"top20","eeg_tleft_sampent_full_change_precond;eeg_tleft_halpha_mean_full_change_precond;gsr_skin_conductance_eda_tonic_mean_nk_full_change_precond;eeg_tleft_lalpha_mean_full_change_precond;hrv_rmssd_full_change_precond;eeg_pright_sampent_full_change_precond;eeg_t_sampent_full_change_precond;eeg_c_theta_mean_full_change_precond;pupil_dilation_sd_full_change_precond;eeg_tright_halpha_mean_full_change_precond;eeg_fl_hbeta_mean_full_change_precond;eeg_pleft_halpha_mean_full_change_precond;hr_heartrate_bpm_med_abs_full_change_precond;eeg_pleft_lbeta_mean_full_change_precond;eeg_c_sampent_full_change_precond;eeg_fr_sampent_full_change_precond;eeg_fm_theta_mean_full_change_precond;eeg_c_specent_full_change_precond;eeg_pright_halpha_mean_full_change_precond;eeg_fm_sampent_full_change_precond"
2025-11-26 18:36:47.179032,19,"stress_label",20,2,0.03125,0.551282051282051,0.596153846153846,NA,20,"top20","eeg_tleft_sampent_full_change_precond;eeg_tleft_halpha_mean_full_change_precond;gsr_skin_conductance_eda_tonic_mean_nk_full_change_precond;eeg_tleft_lalpha_mean_full_change_precond;hrv_rmssd_full_change_precond;eeg_pright_sampent_full_change_precond;eeg_t_sampent_full_change_precond;eeg_c_theta_mean_full_change_precond;pupil_dilation_sd_full_change_precond;eeg_tright_halpha_mean_full_change_precond;eeg_fl_hbeta_mean_full_change_precond;eeg_pleft_halpha_mean_full_change_precond;hr_heartrate_bpm_med_abs_full_change_precond;eeg_pleft_lbeta_mean_full_change_precond;eeg_c_sampent_full_change_precond;eeg_fr_sampent_full_change_precond;eeg_fm_theta_mean_full_change_precond;eeg_c_specent_full_change_precond;eeg_pright_halpha_mean_full_change_precond;eeg_fm_sampent_full_change_precond"
2025-11-26 18:36:48.174139,19,"stress_label",20,4,0.03125,0.57051282051282,0.583333333333333,NA,20,"top20","eeg_tleft_sampent_full_change_precond;eeg_tleft_halpha_mean_full_change_precond;gsr_skin_conductance_eda_tonic_mean_nk_full_change_precond;eeg_tleft_lalpha_mean_full_change_precond;hrv_rmssd_full_change_precond;eeg_pright_sampent_full_change_precond;eeg_t_sampent_full_change_precond;eeg_c_theta_mean_full_change_precond;pupil_dilation_sd_full_change_precond;eeg_tright_halpha_mean_full_change_precond;eeg_fl_hbeta_mean_full_change_precond;eeg_pleft_halpha_mean_full_change_precond;hr_heartrate_bpm_med_abs_full_change_precond;eeg_pleft_lbeta_mean_full_change_precond;eeg_c_sampent_full_change_precond;eeg_fr_sampent_full_change_precond;eeg_fm_theta_mean_full_change_precond;eeg_c_specent_full_change_precond;eeg_pright_halpha_mean_full_change_precond;eeg_fm_sampent_full_change_precond"
2025-11-26 18:36:49.236456,19,"stress_label",20,8,0.03125,0.57051282051282,0.551282051282051,NA,20,"top20","eeg_tleft_sampent_full_change_precond;eeg_tleft_halpha_mean_full_change_precond;gsr_skin_conductance_eda_tonic_mean_nk_full_change_precond;eeg_tleft_lalpha_mean_full_change_precond;hrv_rmssd_full_change_precond;eeg_pright_sampent_full_change_precond;eeg_t_sampent_full_change_precond;eeg_c_theta_mean_full_change_precond;pupil_dilation_sd_full_change_precond;eeg_tright_halpha_mean_full_change_precond;eeg_fl_hbeta_mean_full_change_precond;eeg_pleft_halpha_mean_full_change_precond;hr_heartrate_bpm_med_abs_full_change_precond;eeg_pleft_lbeta_mean_full_change_precond;eeg_c_sampent_full_change_precond;eeg_fr_sampent_full_change_precond;eeg_fm_theta_mean_full_change_precond;eeg_c_specent_full_change_precond;eeg_pright_halpha_mean_full_change_precond;eeg_fm_sampent_full_change_precond"
2025-11-26 18:36:50.392729,19,"stress_label",20,16,0.03125,0.615384615384615,0.58974358974359,NA,20,"top20","eeg_tleft_sampent_full_change_precond;eeg_tleft_halpha_mean_full_change_precond;gsr_skin_conductance_eda_tonic_mean_nk_full_change_precond;eeg_tleft_lalpha_mean_full_change_precond;hrv_rmssd_full_change_precond;eeg_pright_sampent_full_change_precond;eeg_t_sampent_full_change_precond;eeg_c_theta_mean_full_change_precond;pupil_dilation_sd_full_change_precond;eeg_tright_halpha_mean_full_change_precond;eeg_fl_hbeta_mean_full_change_precond;eeg_pleft_halpha_mean_full_change_precond;hr_heartrate_bpm_med_abs_full_change_precond;eeg_pleft_lbeta_mean_full_change_precond;eeg_c_sampent_full_change_precond;eeg_fr_sampent_full_change_precond;eeg_fm_theta_mean_full_change_precond;eeg_c_specent_full_change_precond;eeg_pright_halpha_mean_full_change_precond;eeg_fm_sampent_full_change_precond"
2025-11-26 18:36:51.433618,19,"stress_label",20,32,0.03125,0.583333333333333,0.57051282051282,NA,20,"top20","eeg_tleft_sampent_full_change_precond;eeg_tleft_halpha_mean_full_change_precond;gsr_skin_conductance_eda_tonic_mean_nk_full_change_precond;eeg_tleft_lalpha_mean_full_change_precond;hrv_rmssd_full_change_precond;eeg_pright_sampent_full_change_precond;eeg_t_sampent_full_change_precond;eeg_c_theta_mean_full_change_precond;pupil_dilation_sd_full_change_precond;eeg_tright_halpha_mean_full_change_precond;eeg_fl_hbeta_mean_full_change_precond;eeg_pleft_halpha_mean_full_change_precond;hr_heartrate_bpm_med_abs_full_change_precond;eeg_pleft_lbeta_mean_full_change_precond;eeg_c_sampent_full_change_precond;eeg_fr_sampent_full_change_precond;eeg_fm_theta_mean_full_change_precond;eeg_c_specent_full_change_precond;eeg_pright_halpha_mean_full_change_precond;eeg_fm_sampent_full_change_precond"
2025-11-26 18:36:52.542559,19,"stress_label",20,64,0.03125,0.57051282051282,0.583333333333333,NA,20,"top20","eeg_tleft_sampent_full_change_precond;eeg_tleft_halpha_mean_full_change_precond;gsr_skin_conductance_eda_tonic_mean_nk_full_change_precond;eeg_tleft_lalpha_mean_full_change_precond;hrv_rmssd_full_change_precond;eeg_pright_sampent_full_change_precond;eeg_t_sampent_full_change_precond;eeg_c_theta_mean_full_change_precond;pupil_dilation_sd_full_change_precond;eeg_tright_halpha_mean_full_change_precond;eeg_fl_hbeta_mean_full_change_precond;eeg_pleft_halpha_mean_full_change_precond;hr_heartrate_bpm_med_abs_full_change_precond;eeg_pleft_lbeta_mean_full_change_precond;eeg_c_sampent_full_change_precond;eeg_fr_sampent_full_change_precond;eeg_fm_theta_mean_full_change_precond;eeg_c_specent_full_change_precond;eeg_pright_halpha_mean_full_change_precond;eeg_fm_sampent_full_change_precond"
2025-11-26 18:36:53.727595,19,"stress_label",20,128,0.03125,0.576923076923077,0.58974358974359,0.569230769230769,20,"top20","eeg_tleft_sampent_full_change_precond;eeg_tleft_halpha_mean_full_change_precond;gsr_skin_conductance_eda_tonic_mean_nk_full_change_precond;eeg_tleft_lalpha_mean_full_change_precond;hrv_rmssd_full_change_precond;eeg_pright_sampent_full_change_precond;eeg_t_sampent_full_change_precond;eeg_c_theta_mean_full_change_precond;pupil_dilation_sd_full_change_precond;eeg_tright_halpha_mean_full_change_precond;eeg_fl_hbeta_mean_full_change_precond;eeg_pleft_halpha_mean_full_change_precond;hr_heartrate_bpm_med_abs_full_change_precond;eeg_pleft_lbeta_mean_full_change_precond;eeg_c_sampent_full_change_precond;eeg_fr_sampent_full_change_precond;eeg_fm_theta_mean_full_change_precond;eeg_c_specent_full_change_precond;eeg_pright_halpha_mean_full_change_precond;eeg_fm_sampent_full_change_precond"
2025-11-26 18:36:54.950625,19,"stress_label",20,256,0.03125,0.576923076923077,0.58974358974359,0.569230769230769,20,"top20","eeg_tleft_sampent_full_change_precond;eeg_tleft_halpha_mean_full_change_precond;gsr_skin_conductance_eda_tonic_mean_nk_full_change_precond;eeg_tleft_lalpha_mean_full_change_precond;hrv_rmssd_full_change_precond;eeg_pright_sampent_full_change_precond;eeg_t_sampent_full_change_precond;eeg_c_theta_mean_full_change_precond;pupil_dilation_sd_full_change_precond;eeg_tright_halpha_mean_full_change_precond;eeg_fl_hbeta_mean_full_change_precond;eeg_pleft_halpha_mean_full_change_precond;hr_heartrate_bpm_med_abs_full_change_precond;eeg_pleft_lbeta_mean_full_change_precond;eeg_c_sampent_full_change_precond;eeg_fr_sampent_full_change_precond;eeg_fm_theta_mean_full_change_precond;eeg_c_specent_full_change_precond;eeg_pright_halpha_mean_full_change_precond;eeg_fm_sampent_full_change_precond"
2025-11-26 18:36:56.037311,19,"stress_label",20,2,0.0625,0.583333333333333,0.583333333333333,NA,20,"top20","eeg_tleft_sampent_full_change_precond;eeg_tleft_halpha_mean_full_change_precond;gsr_skin_conductance_eda_tonic_mean_nk_full_change_precond;eeg_tleft_lalpha_mean_full_change_precond;hrv_rmssd_full_change_precond;eeg_pright_sampent_full_change_precond;eeg_t_sampent_full_change_precond;eeg_c_theta_mean_full_change_precond;pupil_dilation_sd_full_change_precond;eeg_tright_halpha_mean_full_change_precond;eeg_fl_hbeta_mean_full_change_precond;eeg_pleft_halpha_mean_full_change_precond;hr_heartrate_bpm_med_abs_full_change_precond;eeg_pleft_lbeta_mean_full_change_precond;eeg_c_sampent_full_change_precond;eeg_fr_sampent_full_change_precond;eeg_fm_theta_mean_full_change_precond;eeg_c_specent_full_change_precond;eeg_pright_halpha_mean_full_change_precond;eeg_fm_sampent_full_change_precond"
2025-11-26 18:36:57.04227,19,"stress_label",20,4,0.0625,0.58974358974359,0.621794871794872,NA,20,"top20","eeg_tleft_sampent_full_change_precond;eeg_tleft_halpha_mean_full_change_precond;gsr_skin_conductance_eda_tonic_mean_nk_full_change_precond;eeg_tleft_lalpha_mean_full_change_precond;hrv_rmssd_full_change_precond;eeg_pright_sampent_full_change_precond;eeg_t_sampent_full_change_precond;eeg_c_theta_mean_full_change_precond;pupil_dilation_sd_full_change_precond;eeg_tright_halpha_mean_full_change_precond;eeg_fl_hbeta_mean_full_change_precond;eeg_pleft_halpha_mean_full_change_precond;hr_heartrate_bpm_med_abs_full_change_precond;eeg_pleft_lbeta_mean_full_change_precond;eeg_c_sampent_full_change_precond;eeg_fr_sampent_full_change_precond;eeg_fm_theta_mean_full_change_precond;eeg_c_specent_full_change_precond;eeg_pright_halpha_mean_full_change_precond;eeg_fm_sampent_full_change_precond"
2025-11-26 18:36:58.196959,19,"stress_label",20,8,0.0625,0.583333333333333,0.58974358974359,NA,20,"top20","eeg_tleft_sampent_full_change_precond;eeg_tleft_halpha_mean_full_change_precond;gsr_skin_conductance_eda_tonic_mean_nk_full_change_precond;eeg_tleft_lalpha_mean_full_change_precond;hrv_rmssd_full_change_precond;eeg_pright_sampent_full_change_precond;eeg_t_sampent_full_change_precond;eeg_c_theta_mean_full_change_precond;pupil_dilation_sd_full_change_precond;eeg_tright_halpha_mean_full_change_precond;eeg_fl_hbeta_mean_full_change_precond;eeg_pleft_halpha_mean_full_change_precond;hr_heartrate_bpm_med_abs_full_change_precond;eeg_pleft_lbeta_mean_full_change_precond;eeg_c_sampent_full_change_precond;eeg_fr_sampent_full_change_precond;eeg_fm_theta_mean_full_change_precond;eeg_c_specent_full_change_precond;eeg_pright_halpha_mean_full_change_precond;eeg_fm_sampent_full_change_precond"
2025-11-26 18:36:59.367305,19,"stress_label",20,16,0.0625,0.602564102564103,0.583333333333333,NA,20,"top20","eeg_tleft_sampent_full_change_precond;eeg_tleft_halpha_mean_full_change_precond;gsr_skin_conductance_eda_tonic_mean_nk_full_change_precond;eeg_tleft_lalpha_mean_full_change_precond;hrv_rmssd_full_change_precond;eeg_pright_sampent_full_change_precond;eeg_t_sampent_full_change_precond;eeg_c_theta_mean_full_change_precond;pupil_dilation_sd_full_change_precond;eeg_tright_halpha_mean_full_change_precond;eeg_fl_hbeta_mean_full_change_precond;eeg_pleft_halpha_mean_full_change_precond;hr_heartrate_bpm_med_abs_full_change_precond;eeg_pleft_lbeta_mean_full_change_precond;eeg_c_sampent_full_change_precond;eeg_fr_sampent_full_change_precond;eeg_fm_theta_mean_full_change_precond;eeg_c_specent_full_change_precond;eeg_pright_halpha_mean_full_change_precond;eeg_fm_sampent_full_change_precond"
2025-11-26 18:37:00.553696,19,"stress_label",20,32,0.0625,0.602564102564103,0.564102564102564,NA,20,"top20","eeg_tleft_sampent_full_change_precond;eeg_tleft_halpha_mean_full_change_precond;gsr_skin_conductance_eda_tonic_mean_nk_full_change_precond;eeg_tleft_lalpha_mean_full_change_precond;hrv_rmssd_full_change_precond;eeg_pright_sampent_full_change_precond;eeg_t_sampent_full_change_precond;eeg_c_theta_mean_full_change_precond;pupil_dilation_sd_full_change_precond;eeg_tright_halpha_mean_full_change_precond;eeg_fl_hbeta_mean_full_change_precond;eeg_pleft_halpha_mean_full_change_precond;hr_heartrate_bpm_med_abs_full_change_precond;eeg_pleft_lbeta_mean_full_change_precond;eeg_c_sampent_full_change_precond;eeg_fr_sampent_full_change_precond;eeg_fm_theta_mean_full_change_precond;eeg_c_specent_full_change_precond;eeg_pright_halpha_mean_full_change_precond;eeg_fm_sampent_full_change_precond"
2025-11-26 18:37:01.651941,19,"stress_label",20,64,0.0625,0.602564102564103,0.58974358974359,NA,20,"top20","eeg_tleft_sampent_full_change_precond;eeg_tleft_halpha_mean_full_change_precond;gsr_skin_conductance_eda_tonic_mean_nk_full_change_precond;eeg_tleft_lalpha_mean_full_change_precond;hrv_rmssd_full_change_precond;eeg_pright_sampent_full_change_precond;eeg_t_sampent_full_change_precond;eeg_c_theta_mean_full_change_precond;pupil_dilation_sd_full_change_precond;eeg_tright_halpha_mean_full_change_precond;eeg_fl_hbeta_mean_full_change_precond;eeg_pleft_halpha_mean_full_change_precond;hr_heartrate_bpm_med_abs_full_change_precond;eeg_pleft_lbeta_mean_full_change_precond;eeg_c_sampent_full_change_precond;eeg_fr_sampent_full_change_precond;eeg_fm_theta_mean_full_change_precond;eeg_c_specent_full_change_precond;eeg_pright_halpha_mean_full_change_precond;eeg_fm_sampent_full_change_precond"
2025-11-26 18:37:02.788673,19,"stress_label",20,128,0.0625,0.602564102564103,0.58974358974359,NA,20,"top20","eeg_tleft_sampent_full_change_precond;eeg_tleft_halpha_mean_full_change_precond;gsr_skin_conductance_eda_tonic_mean_nk_full_change_precond;eeg_tleft_lalpha_mean_full_change_precond;hrv_rmssd_full_change_precond;eeg_pright_sampent_full_change_precond;eeg_t_sampent_full_change_precond;eeg_c_theta_mean_full_change_precond;pupil_dilation_sd_full_change_precond;eeg_tright_halpha_mean_full_change_precond;eeg_fl_hbeta_mean_full_change_precond;eeg_pleft_halpha_mean_full_change_precond;hr_heartrate_bpm_med_abs_full_change_precond;eeg_pleft_lbeta_mean_full_change_precond;eeg_c_sampent_full_change_precond;eeg_fr_sampent_full_change_precond;eeg_fm_theta_mean_full_change_precond;eeg_c_specent_full_change_precond;eeg_pright_halpha_mean_full_change_precond;eeg_fm_sampent_full_change_precond"
2025-11-26 18:37:03.936953,19,"stress_label",20,256,0.0625,0.602564102564103,0.58974358974359,NA,20,"top20","eeg_tleft_sampent_full_change_precond;eeg_tleft_halpha_mean_full_change_precond;gsr_skin_conductance_eda_tonic_mean_nk_full_change_precond;eeg_tleft_lalpha_mean_full_change_precond;hrv_rmssd_full_change_precond;eeg_pright_sampent_full_change_precond;eeg_t_sampent_full_change_precond;eeg_c_theta_mean_full_change_precond;pupil_dilation_sd_full_change_precond;eeg_tright_halpha_mean_full_change_precond;eeg_fl_hbeta_mean_full_change_precond;eeg_pleft_halpha_mean_full_change_precond;hr_heartrate_bpm_med_abs_full_change_precond;eeg_pleft_lbeta_mean_full_change_precond;eeg_c_sampent_full_change_precond;eeg_fr_sampent_full_change_precond;eeg_fm_theta_mean_full_change_precond;eeg_c_specent_full_change_precond;eeg_pright_halpha_mean_full_change_precond;eeg_fm_sampent_full_change_precond"
2025-11-26 18:37:05.072736,19,"stress_label",20,2,0.125,0.58974358974359,0.628205128205128,NA,20,"top20","eeg_tleft_sampent_full_change_precond;eeg_tleft_halpha_mean_full_change_precond;gsr_skin_conductance_eda_tonic_mean_nk_full_change_precond;eeg_tleft_lalpha_mean_full_change_precond;hrv_rmssd_full_change_precond;eeg_pright_sampent_full_change_precond;eeg_t_sampent_full_change_precond;eeg_c_theta_mean_full_change_precond;pupil_dilation_sd_full_change_precond;eeg_tright_halpha_mean_full_change_precond;eeg_fl_hbeta_mean_full_change_precond;eeg_pleft_halpha_mean_full_change_precond;hr_heartrate_bpm_med_abs_full_change_precond;eeg_pleft_lbeta_mean_full_change_precond;eeg_c_sampent_full_change_precond;eeg_fr_sampent_full_change_precond;eeg_fm_theta_mean_full_change_precond;eeg_c_specent_full_change_precond;eeg_pright_halpha_mean_full_change_precond;eeg_fm_sampent_full_change_precond"
2025-11-26 18:37:06.127227,19,"stress_label",20,4,0.125,0.583333333333333,0.647435897435897,NA,20,"top20","eeg_tleft_sampent_full_change_precond;eeg_tleft_halpha_mean_full_change_precond;gsr_skin_conductance_eda_tonic_mean_nk_full_change_precond;eeg_tleft_lalpha_mean_full_change_precond;hrv_rmssd_full_change_precond;eeg_pright_sampent_full_change_precond;eeg_t_sampent_full_change_precond;eeg_c_theta_mean_full_change_precond;pupil_dilation_sd_full_change_precond;eeg_tright_halpha_mean_full_change_precond;eeg_fl_hbeta_mean_full_change_precond;eeg_pleft_halpha_mean_full_change_precond;hr_heartrate_bpm_med_abs_full_change_precond;eeg_pleft_lbeta_mean_full_change_precond;eeg_c_sampent_full_change_precond;eeg_fr_sampent_full_change_precond;eeg_fm_theta_mean_full_change_precond;eeg_c_specent_full_change_precond;eeg_pright_halpha_mean_full_change_precond;eeg_fm_sampent_full_change_precond"
2025-11-26 18:37:07.203296,19,"stress_label",20,8,0.125,0.583333333333333,0.641025641025641,NA,20,"top20","eeg_tleft_sampent_full_change_precond;eeg_tleft_halpha_mean_full_change_precond;gsr_skin_conductance_eda_tonic_mean_nk_full_change_precond;eeg_tleft_lalpha_mean_full_change_precond;hrv_rmssd_full_change_precond;eeg_pright_sampent_full_change_precond;eeg_t_sampent_full_change_precond;eeg_c_theta_mean_full_change_precond;pupil_dilation_sd_full_change_precond;eeg_tright_halpha_mean_full_change_precond;eeg_fl_hbeta_mean_full_change_precond;eeg_pleft_halpha_mean_full_change_precond;hr_heartrate_bpm_med_abs_full_change_precond;eeg_pleft_lbeta_mean_full_change_precond;eeg_c_sampent_full_change_precond;eeg_fr_sampent_full_change_precond;eeg_fm_theta_mean_full_change_precond;eeg_c_specent_full_change_precond;eeg_pright_halpha_mean_full_change_precond;eeg_fm_sampent_full_change_precond"
2025-11-26 18:37:08.291392,19,"stress_label",20,16,0.125,0.583333333333333,0.641025641025641,NA,20,"top20","eeg_tleft_sampent_full_change_precond;eeg_tleft_halpha_mean_full_change_precond;gsr_skin_conductance_eda_tonic_mean_nk_full_change_precond;eeg_tleft_lalpha_mean_full_change_precond;hrv_rmssd_full_change_precond;eeg_pright_sampent_full_change_precond;eeg_t_sampent_full_change_precond;eeg_c_theta_mean_full_change_precond;pupil_dilation_sd_full_change_precond;eeg_tright_halpha_mean_full_change_precond;eeg_fl_hbeta_mean_full_change_precond;eeg_pleft_halpha_mean_full_change_precond;hr_heartrate_bpm_med_abs_full_change_precond;eeg_pleft_lbeta_mean_full_change_precond;eeg_c_sampent_full_change_precond;eeg_fr_sampent_full_change_precond;eeg_fm_theta_mean_full_change_precond;eeg_c_specent_full_change_precond;eeg_pright_halpha_mean_full_change_precond;eeg_fm_sampent_full_change_precond"
2025-11-26 18:37:09.44303,19,"stress_label",20,32,0.125,0.583333333333333,0.641025641025641,NA,20,"top20","eeg_tleft_sampent_full_change_precond;eeg_tleft_halpha_mean_full_change_precond;gsr_skin_conductance_eda_tonic_mean_nk_full_change_precond;eeg_tleft_lalpha_mean_full_change_precond;hrv_rmssd_full_change_precond;eeg_pright_sampent_full_change_precond;eeg_t_sampent_full_change_precond;eeg_c_theta_mean_full_change_precond;pupil_dilation_sd_full_change_precond;eeg_tright_halpha_mean_full_change_precond;eeg_fl_hbeta_mean_full_change_precond;eeg_pleft_halpha_mean_full_change_precond;hr_heartrate_bpm_med_abs_full_change_precond;eeg_pleft_lbeta_mean_full_change_precond;eeg_c_sampent_full_change_precond;eeg_fr_sampent_full_change_precond;eeg_fm_theta_mean_full_change_precond;eeg_c_specent_full_change_precond;eeg_pright_halpha_mean_full_change_precond;eeg_fm_sampent_full_change_precond"
2025-11-26 18:37:10.4064,19,"stress_label",20,64,0.125,0.583333333333333,0.641025641025641,NA,20,"top20","eeg_tleft_sampent_full_change_precond;eeg_tleft_halpha_mean_full_change_precond;gsr_skin_conductance_eda_tonic_mean_nk_full_change_precond;eeg_tleft_lalpha_mean_full_change_precond;hrv_rmssd_full_change_precond;eeg_pright_sampent_full_change_precond;eeg_t_sampent_full_change_precond;eeg_c_theta_mean_full_change_precond;pupil_dilation_sd_full_change_precond;eeg_tright_halpha_mean_full_change_precond;eeg_fl_hbeta_mean_full_change_precond;eeg_pleft_halpha_mean_full_change_precond;hr_heartrate_bpm_med_abs_full_change_precond;eeg_pleft_lbeta_mean_full_change_precond;eeg_c_sampent_full_change_precond;eeg_fr_sampent_full_change_precond;eeg_fm_theta_mean_full_change_precond;eeg_c_specent_full_change_precond;eeg_pright_halpha_mean_full_change_precond;eeg_fm_sampent_full_change_precond"
2025-11-26 18:37:11.528775,19,"stress_label",20,128,0.125,0.583333333333333,0.641025641025641,NA,20,"top20","eeg_tleft_sampent_full_change_precond;eeg_tleft_halpha_mean_full_change_precond;gsr_skin_conductance_eda_tonic_mean_nk_full_change_precond;eeg_tleft_lalpha_mean_full_change_precond;hrv_rmssd_full_change_precond;eeg_pright_sampent_full_change_precond;eeg_t_sampent_full_change_precond;eeg_c_theta_mean_full_change_precond;pupil_dilation_sd_full_change_precond;eeg_tright_halpha_mean_full_change_precond;eeg_fl_hbeta_mean_full_change_precond;eeg_pleft_halpha_mean_full_change_precond;hr_heartrate_bpm_med_abs_full_change_precond;eeg_pleft_lbeta_mean_full_change_precond;eeg_c_sampent_full_change_precond;eeg_fr_sampent_full_change_precond;eeg_fm_theta_mean_full_change_precond;eeg_c_specent_full_change_precond;eeg_pright_halpha_mean_full_change_precond;eeg_fm_sampent_full_change_precond"
2025-11-26 18:37:12.680401,19,"stress_label",20,256,0.125,0.583333333333333,0.641025641025641,NA,20,"top20","eeg_tleft_sampent_full_change_precond;eeg_tleft_halpha_mean_full_change_precond;gsr_skin_conductance_eda_tonic_mean_nk_full_change_precond;eeg_tleft_lalpha_mean_full_change_precond;hrv_rmssd_full_change_precond;eeg_pright_sampent_full_change_precond;eeg_t_sampent_full_change_precond;eeg_c_theta_mean_full_change_precond;pupil_dilation_sd_full_change_precond;eeg_tright_halpha_mean_full_change_precond;eeg_fl_hbeta_mean_full_change_precond;eeg_pleft_halpha_mean_full_change_precond;hr_heartrate_bpm_med_abs_full_change_precond;eeg_pleft_lbeta_mean_full_change_precond;eeg_c_sampent_full_change_precond;eeg_fr_sampent_full_change_precond;eeg_fm_theta_mean_full_change_precond;eeg_c_specent_full_change_precond;eeg_pright_halpha_mean_full_change_precond;eeg_fm_sampent_full_change_precond"
2025-11-26 18:37:13.683587,19,"stress_label",20,2,0.03,0.551282051282051,0.596153846153846,NA,20,"top20","eeg_tleft_sampent_full_change_precond;eeg_tleft_halpha_mean_full_change_precond;gsr_skin_conductance_eda_tonic_mean_nk_full_change_precond;eeg_tleft_lalpha_mean_full_change_precond;hrv_rmssd_full_change_precond;eeg_pright_sampent_full_change_precond;eeg_t_sampent_full_change_precond;eeg_c_theta_mean_full_change_precond;pupil_dilation_sd_full_change_precond;eeg_tright_halpha_mean_full_change_precond;eeg_fl_hbeta_mean_full_change_precond;eeg_pleft_halpha_mean_full_change_precond;hr_heartrate_bpm_med_abs_full_change_precond;eeg_pleft_lbeta_mean_full_change_precond;eeg_c_sampent_full_change_precond;eeg_fr_sampent_full_change_precond;eeg_fm_theta_mean_full_change_precond;eeg_c_specent_full_change_precond;eeg_pright_halpha_mean_full_change_precond;eeg_fm_sampent_full_change_precond"
2025-11-26 18:37:14.693791,19,"stress_label",20,4,0.03,0.57051282051282,0.596153846153846,NA,20,"top20","eeg_tleft_sampent_full_change_precond;eeg_tleft_halpha_mean_full_change_precond;gsr_skin_conductance_eda_tonic_mean_nk_full_change_precond;eeg_tleft_lalpha_mean_full_change_precond;hrv_rmssd_full_change_precond;eeg_pright_sampent_full_change_precond;eeg_t_sampent_full_change_precond;eeg_c_theta_mean_full_change_precond;pupil_dilation_sd_full_change_precond;eeg_tright_halpha_mean_full_change_precond;eeg_fl_hbeta_mean_full_change_precond;eeg_pleft_halpha_mean_full_change_precond;hr_heartrate_bpm_med_abs_full_change_precond;eeg_pleft_lbeta_mean_full_change_precond;eeg_c_sampent_full_change_precond;eeg_fr_sampent_full_change_precond;eeg_fm_theta_mean_full_change_precond;eeg_c_specent_full_change_precond;eeg_pright_halpha_mean_full_change_precond;eeg_fm_sampent_full_change_precond"
2025-11-26 18:37:15.641253,19,"stress_label",20,8,0.03,0.557692307692308,0.551282051282051,0.54017094017094,20,"top20","eeg_tleft_sampent_full_change_precond;eeg_tleft_halpha_mean_full_change_precond;gsr_skin_conductance_eda_tonic_mean_nk_full_change_precond;eeg_tleft_lalpha_mean_full_change_precond;hrv_rmssd_full_change_precond;eeg_pright_sampent_full_change_precond;eeg_t_sampent_full_change_precond;eeg_c_theta_mean_full_change_precond;pupil_dilation_sd_full_change_precond;eeg_tright_halpha_mean_full_change_precond;eeg_fl_hbeta_mean_full_change_precond;eeg_pleft_halpha_mean_full_change_precond;hr_heartrate_bpm_med_abs_full_change_precond;eeg_pleft_lbeta_mean_full_change_precond;eeg_c_sampent_full_change_precond;eeg_fr_sampent_full_change_precond;eeg_fm_theta_mean_full_change_precond;eeg_c_specent_full_change_precond;eeg_pright_halpha_mean_full_change_precond;eeg_fm_sampent_full_change_precond"
2025-11-26 18:37:16.820365,19,"stress_label",20,16,0.03,0.615384615384615,0.602564102564103,NA,20,"top20","eeg_tleft_sampent_full_change_precond;eeg_tleft_halpha_mean_full_change_precond;gsr_skin_conductance_eda_tonic_mean_nk_full_change_precond;eeg_tleft_lalpha_mean_full_change_precond;hrv_rmssd_full_change_precond;eeg_pright_sampent_full_change_precond;eeg_t_sampent_full_change_precond;eeg_c_theta_mean_full_change_precond;pupil_dilation_sd_full_change_precond;eeg_tright_halpha_mean_full_change_precond;eeg_fl_hbeta_mean_full_change_precond;eeg_pleft_halpha_mean_full_change_precond;hr_heartrate_bpm_med_abs_full_change_precond;eeg_pleft_lbeta_mean_full_change_precond;eeg_c_sampent_full_change_precond;eeg_fr_sampent_full_change_precond;eeg_fm_theta_mean_full_change_precond;eeg_c_specent_full_change_precond;eeg_pright_halpha_mean_full_change_precond;eeg_fm_sampent_full_change_precond"
2025-11-26 18:37:18.02445,19,"stress_label",20,32,0.03,0.58974358974359,0.583333333333333,NA,20,"top20","eeg_tleft_sampent_full_change_precond;eeg_tleft_halpha_mean_full_change_precond;gsr_skin_conductance_eda_tonic_mean_nk_full_change_precond;eeg_tleft_lalpha_mean_full_change_precond;hrv_rmssd_full_change_precond;eeg_pright_sampent_full_change_precond;eeg_t_sampent_full_change_precond;eeg_c_theta_mean_full_change_precond;pupil_dilation_sd_full_change_precond;eeg_tright_halpha_mean_full_change_precond;eeg_fl_hbeta_mean_full_change_precond;eeg_pleft_halpha_mean_full_change_precond;hr_heartrate_bpm_med_abs_full_change_precond;eeg_pleft_lbeta_mean_full_change_precond;eeg_c_sampent_full_change_precond;eeg_fr_sampent_full_change_precond;eeg_fm_theta_mean_full_change_precond;eeg_c_specent_full_change_precond;eeg_pright_halpha_mean_full_change_precond;eeg_fm_sampent_full_change_precond"
2025-11-26 18:37:19.103178,19,"stress_label",20,64,0.03,0.583333333333333,0.583333333333333,NA,20,"top20","eeg_tleft_sampent_full_change_precond;eeg_tleft_halpha_mean_full_change_precond;gsr_skin_conductance_eda_tonic_mean_nk_full_change_precond;eeg_tleft_lalpha_mean_full_change_precond;hrv_rmssd_full_change_precond;eeg_pright_sampent_full_change_precond;eeg_t_sampent_full_change_precond;eeg_c_theta_mean_full_change_precond;pupil_dilation_sd_full_change_precond;eeg_tright_halpha_mean_full_change_precond;eeg_fl_hbeta_mean_full_change_precond;eeg_pleft_halpha_mean_full_change_precond;hr_heartrate_bpm_med_abs_full_change_precond;eeg_pleft_lbeta_mean_full_change_precond;eeg_c_sampent_full_change_precond;eeg_fr_sampent_full_change_precond;eeg_fm_theta_mean_full_change_precond;eeg_c_specent_full_change_precond;eeg_pright_halpha_mean_full_change_precond;eeg_fm_sampent_full_change_precond"
2025-11-26 18:37:20.259201,19,"stress_label",20,128,0.03,0.58974358974359,0.58974358974359,0.576068376068376,20,"top20","eeg_tleft_sampent_full_change_precond;eeg_tleft_halpha_mean_full_change_precond;gsr_skin_conductance_eda_tonic_mean_nk_full_change_precond;eeg_tleft_lalpha_mean_full_change_precond;hrv_rmssd_full_change_precond;eeg_pright_sampent_full_change_precond;eeg_t_sampent_full_change_precond;eeg_c_theta_mean_full_change_precond;pupil_dilation_sd_full_change_precond;eeg_tright_halpha_mean_full_change_precond;eeg_fl_hbeta_mean_full_change_precond;eeg_pleft_halpha_mean_full_change_precond;hr_heartrate_bpm_med_abs_full_change_precond;eeg_pleft_lbeta_mean_full_change_precond;eeg_c_sampent_full_change_precond;eeg_fr_sampent_full_change_precond;eeg_fm_theta_mean_full_change_precond;eeg_c_specent_full_change_precond;eeg_pright_halpha_mean_full_change_precond;eeg_fm_sampent_full_change_precond"
2025-11-26 18:37:21.431631,19,"stress_label",20,256,0.03,0.58974358974359,0.58974358974359,0.576068376068376,20,"top20","eeg_tleft_sampent_full_change_precond;eeg_tleft_halpha_mean_full_change_precond;gsr_skin_conductance_eda_tonic_mean_nk_full_change_precond;eeg_tleft_lalpha_mean_full_change_precond;hrv_rmssd_full_change_precond;eeg_pright_sampent_full_change_precond;eeg_t_sampent_full_change_precond;eeg_c_theta_mean_full_change_precond;pupil_dilation_sd_full_change_precond;eeg_tright_halpha_mean_full_change_precond;eeg_fl_hbeta_mean_full_change_precond;eeg_pleft_halpha_mean_full_change_precond;hr_heartrate_bpm_med_abs_full_change_precond;eeg_pleft_lbeta_mean_full_change_precond;eeg_c_sampent_full_change_precond;eeg_fr_sampent_full_change_precond;eeg_fm_theta_mean_full_change_precond;eeg_c_specent_full_change_precond;eeg_pright_halpha_mean_full_change_precond;eeg_fm_sampent_full_change_precond"
2025-11-26 18:37:22.5023,19,"stress_label",20,2,0.06,0.58974358974359,0.583333333333333,NA,20,"top20","eeg_tleft_sampent_full_change_precond;eeg_tleft_halpha_mean_full_change_precond;gsr_skin_conductance_eda_tonic_mean_nk_full_change_precond;eeg_tleft_lalpha_mean_full_change_precond;hrv_rmssd_full_change_precond;eeg_pright_sampent_full_change_precond;eeg_t_sampent_full_change_precond;eeg_c_theta_mean_full_change_precond;pupil_dilation_sd_full_change_precond;eeg_tright_halpha_mean_full_change_precond;eeg_fl_hbeta_mean_full_change_precond;eeg_pleft_halpha_mean_full_change_precond;hr_heartrate_bpm_med_abs_full_change_precond;eeg_pleft_lbeta_mean_full_change_precond;eeg_c_sampent_full_change_precond;eeg_fr_sampent_full_change_precond;eeg_fm_theta_mean_full_change_precond;eeg_c_specent_full_change_precond;eeg_pright_halpha_mean_full_change_precond;eeg_fm_sampent_full_change_precond"
2025-11-26 18:37:23.551645,19,"stress_label",20,4,0.06,0.596153846153846,0.608974358974359,NA,20,"top20","eeg_tleft_sampent_full_change_precond;eeg_tleft_halpha_mean_full_change_precond;gsr_skin_conductance_eda_tonic_mean_nk_full_change_precond;eeg_tleft_lalpha_mean_full_change_precond;hrv_rmssd_full_change_precond;eeg_pright_sampent_full_change_precond;eeg_t_sampent_full_change_precond;eeg_c_theta_mean_full_change_precond;pupil_dilation_sd_full_change_precond;eeg_tright_halpha_mean_full_change_precond;eeg_fl_hbeta_mean_full_change_precond;eeg_pleft_halpha_mean_full_change_precond;hr_heartrate_bpm_med_abs_full_change_precond;eeg_pleft_lbeta_mean_full_change_precond;eeg_c_sampent_full_change_precond;eeg_fr_sampent_full_change_precond;eeg_fm_theta_mean_full_change_precond;eeg_c_specent_full_change_precond;eeg_pright_halpha_mean_full_change_precond;eeg_fm_sampent_full_change_precond"
2025-11-26 18:37:24.735549,19,"stress_label",20,8,0.06,0.596153846153846,0.602564102564103,NA,20,"top20","eeg_tleft_sampent_full_change_precond;eeg_tleft_halpha_mean_full_change_precond;gsr_skin_conductance_eda_tonic_mean_nk_full_change_precond;eeg_tleft_lalpha_mean_full_change_precond;hrv_rmssd_full_change_precond;eeg_pright_sampent_full_change_precond;eeg_t_sampent_full_change_precond;eeg_c_theta_mean_full_change_precond;pupil_dilation_sd_full_change_precond;eeg_tright_halpha_mean_full_change_precond;eeg_fl_hbeta_mean_full_change_precond;eeg_pleft_halpha_mean_full_change_precond;hr_heartrate_bpm_med_abs_full_change_precond;eeg_pleft_lbeta_mean_full_change_precond;eeg_c_sampent_full_change_precond;eeg_fr_sampent_full_change_precond;eeg_fm_theta_mean_full_change_precond;eeg_c_specent_full_change_precond;eeg_pright_halpha_mean_full_change_precond;eeg_fm_sampent_full_change_precond"
2025-11-26 18:37:25.877044,19,"stress_label",20,16,0.06,0.602564102564103,0.583333333333333,NA,20,"top20","eeg_tleft_sampent_full_change_precond;eeg_tleft_halpha_mean_full_change_precond;gsr_skin_conductance_eda_tonic_mean_nk_full_change_precond;eeg_tleft_lalpha_mean_full_change_precond;hrv_rmssd_full_change_precond;eeg_pright_sampent_full_change_precond;eeg_t_sampent_full_change_precond;eeg_c_theta_mean_full_change_precond;pupil_dilation_sd_full_change_precond;eeg_tright_halpha_mean_full_change_precond;eeg_fl_hbeta_mean_full_change_precond;eeg_pleft_halpha_mean_full_change_precond;hr_heartrate_bpm_med_abs_full_change_precond;eeg_pleft_lbeta_mean_full_change_precond;eeg_c_sampent_full_change_precond;eeg_fr_sampent_full_change_precond;eeg_fm_theta_mean_full_change_precond;eeg_c_specent_full_change_precond;eeg_pright_halpha_mean_full_change_precond;eeg_fm_sampent_full_change_precond"
2025-11-26 18:37:26.969267,19,"stress_label",20,32,0.06,0.608974358974359,0.58974358974359,NA,20,"top20","eeg_tleft_sampent_full_change_precond;eeg_tleft_halpha_mean_full_change_precond;gsr_skin_conductance_eda_tonic_mean_nk_full_change_precond;eeg_tleft_lalpha_mean_full_change_precond;hrv_rmssd_full_change_precond;eeg_pright_sampent_full_change_precond;eeg_t_sampent_full_change_precond;eeg_c_theta_mean_full_change_precond;pupil_dilation_sd_full_change_precond;eeg_tright_halpha_mean_full_change_precond;eeg_fl_hbeta_mean_full_change_precond;eeg_pleft_halpha_mean_full_change_precond;hr_heartrate_bpm_med_abs_full_change_precond;eeg_pleft_lbeta_mean_full_change_precond;eeg_c_sampent_full_change_precond;eeg_fr_sampent_full_change_precond;eeg_fm_theta_mean_full_change_precond;eeg_c_specent_full_change_precond;eeg_pright_halpha_mean_full_change_precond;eeg_fm_sampent_full_change_precond"
2025-11-26 18:37:27.935601,19,"stress_label",20,64,0.06,0.608974358974359,0.58974358974359,NA,20,"top20","eeg_tleft_sampent_full_change_precond;eeg_tleft_halpha_mean_full_change_precond;gsr_skin_conductance_eda_tonic_mean_nk_full_change_precond;eeg_tleft_lalpha_mean_full_change_precond;hrv_rmssd_full_change_precond;eeg_pright_sampent_full_change_precond;eeg_t_sampent_full_change_precond;eeg_c_theta_mean_full_change_precond;pupil_dilation_sd_full_change_precond;eeg_tright_halpha_mean_full_change_precond;eeg_fl_hbeta_mean_full_change_precond;eeg_pleft_halpha_mean_full_change_precond;hr_heartrate_bpm_med_abs_full_change_precond;eeg_pleft_lbeta_mean_full_change_precond;eeg_c_sampent_full_change_precond;eeg_fr_sampent_full_change_precond;eeg_fm_theta_mean_full_change_precond;eeg_c_specent_full_change_precond;eeg_pright_halpha_mean_full_change_precond;eeg_fm_sampent_full_change_precond"
2025-11-26 18:37:29.100494,19,"stress_label",20,128,0.06,0.608974358974359,0.58974358974359,NA,20,"top20","eeg_tleft_sampent_full_change_precond;eeg_tleft_halpha_mean_full_change_precond;gsr_skin_conductance_eda_tonic_mean_nk_full_change_precond;eeg_tleft_lalpha_mean_full_change_precond;hrv_rmssd_full_change_precond;eeg_pright_sampent_full_change_precond;eeg_t_sampent_full_change_precond;eeg_c_theta_mean_full_change_precond;pupil_dilation_sd_full_change_precond;eeg_tright_halpha_mean_full_change_precond;eeg_fl_hbeta_mean_full_change_precond;eeg_pleft_halpha_mean_full_change_precond;hr_heartrate_bpm_med_abs_full_change_precond;eeg_pleft_lbeta_mean_full_change_precond;eeg_c_sampent_full_change_precond;eeg_fr_sampent_full_change_precond;eeg_fm_theta_mean_full_change_precond;eeg_c_specent_full_change_precond;eeg_pright_halpha_mean_full_change_precond;eeg_fm_sampent_full_change_precond"
2025-11-26 18:37:30.258489,19,"stress_label",20,256,0.06,0.608974358974359,0.58974358974359,NA,20,"top20","eeg_tleft_sampent_full_change_precond;eeg_tleft_halpha_mean_full_change_precond;gsr_skin_conductance_eda_tonic_mean_nk_full_change_precond;eeg_tleft_lalpha_mean_full_change_precond;hrv_rmssd_full_change_precond;eeg_pright_sampent_full_change_precond;eeg_t_sampent_full_change_precond;eeg_c_theta_mean_full_change_precond;pupil_dilation_sd_full_change_precond;eeg_tright_halpha_mean_full_change_precond;eeg_fl_hbeta_mean_full_change_precond;eeg_pleft_halpha_mean_full_change_precond;hr_heartrate_bpm_med_abs_full_change_precond;eeg_pleft_lbeta_mean_full_change_precond;eeg_c_sampent_full_change_precond;eeg_fr_sampent_full_change_precond;eeg_fm_theta_mean_full_change_precond;eeg_c_specent_full_change_precond;eeg_pright_halpha_mean_full_change_precond;eeg_fm_sampent_full_change_precond"
2025-11-26 18:37:31.377534,19,"stress_label",20,2,0.1,0.583333333333333,0.602564102564103,NA,20,"top20","eeg_tleft_sampent_full_change_precond;eeg_tleft_halpha_mean_full_change_precond;gsr_skin_conductance_eda_tonic_mean_nk_full_change_precond;eeg_tleft_lalpha_mean_full_change_precond;hrv_rmssd_full_change_precond;eeg_pright_sampent_full_change_precond;eeg_t_sampent_full_change_precond;eeg_c_theta_mean_full_change_precond;pupil_dilation_sd_full_change_precond;eeg_tright_halpha_mean_full_change_precond;eeg_fl_hbeta_mean_full_change_precond;eeg_pleft_halpha_mean_full_change_precond;hr_heartrate_bpm_med_abs_full_change_precond;eeg_pleft_lbeta_mean_full_change_precond;eeg_c_sampent_full_change_precond;eeg_fr_sampent_full_change_precond;eeg_fm_theta_mean_full_change_precond;eeg_c_specent_full_change_precond;eeg_pright_halpha_mean_full_change_precond;eeg_fm_sampent_full_change_precond"
2025-11-26 18:37:32.517258,19,"stress_label",20,4,0.1,0.58974358974359,0.628205128205128,NA,20,"top20","eeg_tleft_sampent_full_change_precond;eeg_tleft_halpha_mean_full_change_precond;gsr_skin_conductance_eda_tonic_mean_nk_full_change_precond;eeg_tleft_lalpha_mean_full_change_precond;hrv_rmssd_full_change_precond;eeg_pright_sampent_full_change_precond;eeg_t_sampent_full_change_precond;eeg_c_theta_mean_full_change_precond;pupil_dilation_sd_full_change_precond;eeg_tright_halpha_mean_full_change_precond;eeg_fl_hbeta_mean_full_change_precond;eeg_pleft_halpha_mean_full_change_precond;hr_heartrate_bpm_med_abs_full_change_precond;eeg_pleft_lbeta_mean_full_change_precond;eeg_c_sampent_full_change_precond;eeg_fr_sampent_full_change_precond;eeg_fm_theta_mean_full_change_precond;eeg_c_specent_full_change_precond;eeg_pright_halpha_mean_full_change_precond;eeg_fm_sampent_full_change_precond"
2025-11-26 18:37:33.661484,19,"stress_label",20,8,0.1,0.57051282051282,0.608974358974359,NA,20,"top20","eeg_tleft_sampent_full_change_precond;eeg_tleft_halpha_mean_full_change_precond;gsr_skin_conductance_eda_tonic_mean_nk_full_change_precond;eeg_tleft_lalpha_mean_full_change_precond;hrv_rmssd_full_change_precond;eeg_pright_sampent_full_change_precond;eeg_t_sampent_full_change_precond;eeg_c_theta_mean_full_change_precond;pupil_dilation_sd_full_change_precond;eeg_tright_halpha_mean_full_change_precond;eeg_fl_hbeta_mean_full_change_precond;eeg_pleft_halpha_mean_full_change_precond;hr_heartrate_bpm_med_abs_full_change_precond;eeg_pleft_lbeta_mean_full_change_precond;eeg_c_sampent_full_change_precond;eeg_fr_sampent_full_change_precond;eeg_fm_theta_mean_full_change_precond;eeg_c_specent_full_change_precond;eeg_pright_halpha_mean_full_change_precond;eeg_fm_sampent_full_change_precond"
2025-11-26 18:37:34.810966,19,"stress_label",20,16,0.1,0.57051282051282,0.608974358974359,NA,20,"top20","eeg_tleft_sampent_full_change_precond;eeg_tleft_halpha_mean_full_change_precond;gsr_skin_conductance_eda_tonic_mean_nk_full_change_precond;eeg_tleft_lalpha_mean_full_change_precond;hrv_rmssd_full_change_precond;eeg_pright_sampent_full_change_precond;eeg_t_sampent_full_change_precond;eeg_c_theta_mean_full_change_precond;pupil_dilation_sd_full_change_precond;eeg_tright_halpha_mean_full_change_precond;eeg_fl_hbeta_mean_full_change_precond;eeg_pleft_halpha_mean_full_change_precond;hr_heartrate_bpm_med_abs_full_change_precond;eeg_pleft_lbeta_mean_full_change_precond;eeg_c_sampent_full_change_precond;eeg_fr_sampent_full_change_precond;eeg_fm_theta_mean_full_change_precond;eeg_c_specent_full_change_precond;eeg_pright_halpha_mean_full_change_precond;eeg_fm_sampent_full_change_precond"
2025-11-26 18:37:35.713059,19,"stress_label",20,32,0.1,0.57051282051282,0.608974358974359,NA,20,"top20","eeg_tleft_sampent_full_change_precond;eeg_tleft_halpha_mean_full_change_precond;gsr_skin_conductance_eda_tonic_mean_nk_full_change_precond;eeg_tleft_lalpha_mean_full_change_precond;hrv_rmssd_full_change_precond;eeg_pright_sampent_full_change_precond;eeg_t_sampent_full_change_precond;eeg_c_theta_mean_full_change_precond;pupil_dilation_sd_full_change_precond;eeg_tright_halpha_mean_full_change_precond;eeg_fl_hbeta_mean_full_change_precond;eeg_pleft_halpha_mean_full_change_precond;hr_heartrate_bpm_med_abs_full_change_precond;eeg_pleft_lbeta_mean_full_change_precond;eeg_c_sampent_full_change_precond;eeg_fr_sampent_full_change_precond;eeg_fm_theta_mean_full_change_precond;eeg_c_specent_full_change_precond;eeg_pright_halpha_mean_full_change_precond;eeg_fm_sampent_full_change_precond"
2025-11-26 18:37:36.722802,19,"stress_label",20,64,0.1,0.57051282051282,0.608974358974359,NA,20,"top20","eeg_tleft_sampent_full_change_precond;eeg_tleft_halpha_mean_full_change_precond;gsr_skin_conductance_eda_tonic_mean_nk_full_change_precond;eeg_tleft_lalpha_mean_full_change_precond;hrv_rmssd_full_change_precond;eeg_pright_sampent_full_change_precond;eeg_t_sampent_full_change_precond;eeg_c_theta_mean_full_change_precond;pupil_dilation_sd_full_change_precond;eeg_tright_halpha_mean_full_change_precond;eeg_fl_hbeta_mean_full_change_precond;eeg_pleft_halpha_mean_full_change_precond;hr_heartrate_bpm_med_abs_full_change_precond;eeg_pleft_lbeta_mean_full_change_precond;eeg_c_sampent_full_change_precond;eeg_fr_sampent_full_change_precond;eeg_fm_theta_mean_full_change_precond;eeg_c_specent_full_change_precond;eeg_pright_halpha_mean_full_change_precond;eeg_fm_sampent_full_change_precond"
2025-11-26 18:37:37.75692,19,"stress_label",20,128,0.1,0.57051282051282,0.608974358974359,NA,20,"top20","eeg_tleft_sampent_full_change_precond;eeg_tleft_halpha_mean_full_change_precond;gsr_skin_conductance_eda_tonic_mean_nk_full_change_precond;eeg_tleft_lalpha_mean_full_change_precond;hrv_rmssd_full_change_precond;eeg_pright_sampent_full_change_precond;eeg_t_sampent_full_change_precond;eeg_c_theta_mean_full_change_precond;pupil_dilation_sd_full_change_precond;eeg_tright_halpha_mean_full_change_precond;eeg_fl_hbeta_mean_full_change_precond;eeg_pleft_halpha_mean_full_change_precond;hr_heartrate_bpm_med_abs_full_change_precond;eeg_pleft_lbeta_mean_full_change_precond;eeg_c_sampent_full_change_precond;eeg_fr_sampent_full_change_precond;eeg_fm_theta_mean_full_change_precond;eeg_c_specent_full_change_precond;eeg_pright_halpha_mean_full_change_precond;eeg_fm_sampent_full_change_precond"
2025-11-26 18:37:38.870379,19,"stress_label",20,256,0.1,0.57051282051282,0.608974358974359,NA,20,"top20","eeg_tleft_sampent_full_change_precond;eeg_tleft_halpha_mean_full_change_precond;gsr_skin_conductance_eda_tonic_mean_nk_full_change_precond;eeg_tleft_lalpha_mean_full_change_precond;hrv_rmssd_full_change_precond;eeg_pright_sampent_full_change_precond;eeg_t_sampent_full_change_precond;eeg_c_theta_mean_full_change_precond;pupil_dilation_sd_full_change_precond;eeg_tright_halpha_mean_full_change_precond;eeg_fl_hbeta_mean_full_change_precond;eeg_pleft_halpha_mean_full_change_precond;hr_heartrate_bpm_med_abs_full_change_precond;eeg_pleft_lbeta_mean_full_change_precond;eeg_c_sampent_full_change_precond;eeg_fr_sampent_full_change_precond;eeg_fm_theta_mean_full_change_precond;eeg_c_specent_full_change_precond;eeg_pright_halpha_mean_full_change_precond;eeg_fm_sampent_full_change_precond"
2025-11-26 18:37:39.765324,19,"stress_label",10,2,0.0078125,0.576923076923077,0.634615384615385,0.547008547008547,10,"top10","eeg_tleft_sampent_full_change_precond;eeg_tleft_halpha_mean_full_change_precond;gsr_skin_conductance_eda_tonic_mean_nk_full_change_precond;eeg_tleft_lalpha_mean_full_change_precond;hrv_rmssd_full_change_precond;eeg_pright_sampent_full_change_precond;eeg_t_sampent_full_change_precond;eeg_c_theta_mean_full_change_precond;pupil_dilation_sd_full_change_precond;eeg_tright_halpha_mean_full_change_precond"
2025-11-26 18:37:40.610464,19,"stress_label",10,4,0.0078125,0.57051282051282,0.634615384615385,0.54017094017094,10,"top10","eeg_tleft_sampent_full_change_precond;eeg_tleft_halpha_mean_full_change_precond;gsr_skin_conductance_eda_tonic_mean_nk_full_change_precond;eeg_tleft_lalpha_mean_full_change_precond;hrv_rmssd_full_change_precond;eeg_pright_sampent_full_change_precond;eeg_t_sampent_full_change_precond;eeg_c_theta_mean_full_change_precond;pupil_dilation_sd_full_change_precond;eeg_tright_halpha_mean_full_change_precond"
2025-11-26 18:37:41.447325,19,"stress_label",10,8,0.0078125,0.596153846153846,0.647435897435897,0.569230769230769,10,"top10","eeg_tleft_sampent_full_change_precond;eeg_tleft_halpha_mean_full_change_precond;gsr_skin_conductance_eda_tonic_mean_nk_full_change_precond;eeg_tleft_lalpha_mean_full_change_precond;hrv_rmssd_full_change_precond;eeg_pright_sampent_full_change_precond;eeg_t_sampent_full_change_precond;eeg_c_theta_mean_full_change_precond;pupil_dilation_sd_full_change_precond;eeg_tright_halpha_mean_full_change_precond"
2025-11-26 18:37:42.314778,19,"stress_label",10,16,0.0078125,0.576923076923077,0.641025641025641,0.560683760683761,10,"top10","eeg_tleft_sampent_full_change_precond;eeg_tleft_halpha_mean_full_change_precond;gsr_skin_conductance_eda_tonic_mean_nk_full_change_precond;eeg_tleft_lalpha_mean_full_change_precond;hrv_rmssd_full_change_precond;eeg_pright_sampent_full_change_precond;eeg_t_sampent_full_change_precond;eeg_c_theta_mean_full_change_precond;pupil_dilation_sd_full_change_precond;eeg_tright_halpha_mean_full_change_precond"
2025-11-26 18:37:43.126549,19,"stress_label",10,32,0.0078125,0.583333333333333,0.647435897435897,0.582905982905983,10,"top10","eeg_tleft_sampent_full_change_precond;eeg_tleft_halpha_mean_full_change_precond;gsr_skin_conductance_eda_tonic_mean_nk_full_change_precond;eeg_tleft_lalpha_mean_full_change_precond;hrv_rmssd_full_change_precond;eeg_pright_sampent_full_change_precond;eeg_t_sampent_full_change_precond;eeg_c_theta_mean_full_change_precond;pupil_dilation_sd_full_change_precond;eeg_tright_halpha_mean_full_change_precond"
2025-11-26 18:37:44.035564,19,"stress_label",10,64,0.0078125,0.58974358974359,0.647435897435897,NA,10,"top10","eeg_tleft_sampent_full_change_precond;eeg_tleft_halpha_mean_full_change_precond;gsr_skin_conductance_eda_tonic_mean_nk_full_change_precond;eeg_tleft_lalpha_mean_full_change_precond;hrv_rmssd_full_change_precond;eeg_pright_sampent_full_change_precond;eeg_t_sampent_full_change_precond;eeg_c_theta_mean_full_change_precond;pupil_dilation_sd_full_change_precond;eeg_tright_halpha_mean_full_change_precond"
2025-11-26 18:37:44.778761,19,"stress_label",10,128,0.0078125,0.576923076923077,0.602564102564103,0.565811965811966,10,"top10","eeg_tleft_sampent_full_change_precond;eeg_tleft_halpha_mean_full_change_precond;gsr_skin_conductance_eda_tonic_mean_nk_full_change_precond;eeg_tleft_lalpha_mean_full_change_precond;hrv_rmssd_full_change_precond;eeg_pright_sampent_full_change_precond;eeg_t_sampent_full_change_precond;eeg_c_theta_mean_full_change_precond;pupil_dilation_sd_full_change_precond;eeg_tright_halpha_mean_full_change_precond"
2025-11-26 18:37:45.840336,19,"stress_label",10,256,0.0078125,0.583333333333333,0.602564102564103,0.562393162393162,10,"top10","eeg_tleft_sampent_full_change_precond;eeg_tleft_halpha_mean_full_change_precond;gsr_skin_conductance_eda_tonic_mean_nk_full_change_precond;eeg_tleft_lalpha_mean_full_change_precond;hrv_rmssd_full_change_precond;eeg_pright_sampent_full_change_precond;eeg_t_sampent_full_change_precond;eeg_c_theta_mean_full_change_precond;pupil_dilation_sd_full_change_precond;eeg_tright_halpha_mean_full_change_precond"
2025-11-26 18:37:46.695074,19,"stress_label",10,2,0.015625,0.57051282051282,0.634615384615385,0.54017094017094,10,"top10","eeg_tleft_sampent_full_change_precond;eeg_tleft_halpha_mean_full_change_precond;gsr_skin_conductance_eda_tonic_mean_nk_full_change_precond;eeg_tleft_lalpha_mean_full_change_precond;hrv_rmssd_full_change_precond;eeg_pright_sampent_full_change_precond;eeg_t_sampent_full_change_precond;eeg_c_theta_mean_full_change_precond;pupil_dilation_sd_full_change_precond;eeg_tright_halpha_mean_full_change_precond"
2025-11-26 18:37:47.550743,19,"stress_label",10,4,0.015625,0.596153846153846,0.647435897435897,0.569230769230769,10,"top10","eeg_tleft_sampent_full_change_precond;eeg_tleft_halpha_mean_full_change_precond;gsr_skin_conductance_eda_tonic_mean_nk_full_change_precond;eeg_tleft_lalpha_mean_full_change_precond;hrv_rmssd_full_change_precond;eeg_pright_sampent_full_change_precond;eeg_t_sampent_full_change_precond;eeg_c_theta_mean_full_change_precond;pupil_dilation_sd_full_change_precond;eeg_tright_halpha_mean_full_change_precond"
2025-11-26 18:37:48.389673,19,"stress_label",10,8,0.015625,0.57051282051282,0.647435897435897,0.564957264957265,10,"top10","eeg_tleft_sampent_full_change_precond;eeg_tleft_halpha_mean_full_change_precond;gsr_skin_conductance_eda_tonic_mean_nk_full_change_precond;eeg_tleft_lalpha_mean_full_change_precond;hrv_rmssd_full_change_precond;eeg_pright_sampent_full_change_precond;eeg_t_sampent_full_change_precond;eeg_c_theta_mean_full_change_precond;pupil_dilation_sd_full_change_precond;eeg_tright_halpha_mean_full_change_precond"
2025-11-26 18:37:49.196858,19,"stress_label",10,16,0.015625,0.583333333333333,0.641025641025641,NA,10,"top10","eeg_tleft_sampent_full_change_precond;eeg_tleft_halpha_mean_full_change_precond;gsr_skin_conductance_eda_tonic_mean_nk_full_change_precond;eeg_tleft_lalpha_mean_full_change_precond;hrv_rmssd_full_change_precond;eeg_pright_sampent_full_change_precond;eeg_t_sampent_full_change_precond;eeg_c_theta_mean_full_change_precond;pupil_dilation_sd_full_change_precond;eeg_tright_halpha_mean_full_change_precond"
2025-11-26 18:37:49.868223,19,"stress_label",10,32,0.015625,0.57051282051282,0.615384615384615,0.560683760683761,10,"top10","eeg_tleft_sampent_full_change_precond;eeg_tleft_halpha_mean_full_change_precond;gsr_skin_conductance_eda_tonic_mean_nk_full_change_precond;eeg_tleft_lalpha_mean_full_change_precond;hrv_rmssd_full_change_precond;eeg_pright_sampent_full_change_precond;eeg_t_sampent_full_change_precond;eeg_c_theta_mean_full_change_precond;pupil_dilation_sd_full_change_precond;eeg_tright_halpha_mean_full_change_precond"
2025-11-26 18:37:50.809455,19,"stress_label",10,64,0.015625,0.576923076923077,0.602564102564103,0.555555555555556,10,"top10","eeg_tleft_sampent_full_change_precond;eeg_tleft_halpha_mean_full_change_precond;gsr_skin_conductance_eda_tonic_mean_nk_full_change_precond;eeg_tleft_lalpha_mean_full_change_precond;hrv_rmssd_full_change_precond;eeg_pright_sampent_full_change_precond;eeg_t_sampent_full_change_precond;eeg_c_theta_mean_full_change_precond;pupil_dilation_sd_full_change_precond;eeg_tright_halpha_mean_full_change_precond"
2025-11-26 18:37:51.858129,19,"stress_label",10,128,0.015625,0.57051282051282,0.58974358974359,NA,10,"top10","eeg_tleft_sampent_full_change_precond;eeg_tleft_halpha_mean_full_change_precond;gsr_skin_conductance_eda_tonic_mean_nk_full_change_precond;eeg_tleft_lalpha_mean_full_change_precond;hrv_rmssd_full_change_precond;eeg_pright_sampent_full_change_precond;eeg_t_sampent_full_change_precond;eeg_c_theta_mean_full_change_precond;pupil_dilation_sd_full_change_precond;eeg_tright_halpha_mean_full_change_precond"
2025-11-26 18:37:52.966876,19,"stress_label",10,256,0.015625,0.596153846153846,0.602564102564103,NA,10,"top10","eeg_tleft_sampent_full_change_precond;eeg_tleft_halpha_mean_full_change_precond;gsr_skin_conductance_eda_tonic_mean_nk_full_change_precond;eeg_tleft_lalpha_mean_full_change_precond;hrv_rmssd_full_change_precond;eeg_pright_sampent_full_change_precond;eeg_t_sampent_full_change_precond;eeg_c_theta_mean_full_change_precond;pupil_dilation_sd_full_change_precond;eeg_tright_halpha_mean_full_change_precond"
2025-11-26 18:37:53.63423,19,"stress_label",10,2,0.03125,0.602564102564103,0.641025641025641,0.568376068376068,10,"top10","eeg_tleft_sampent_full_change_precond;eeg_tleft_halpha_mean_full_change_precond;gsr_skin_conductance_eda_tonic_mean_nk_full_change_precond;eeg_tleft_lalpha_mean_full_change_precond;hrv_rmssd_full_change_precond;eeg_pright_sampent_full_change_precond;eeg_t_sampent_full_change_precond;eeg_c_theta_mean_full_change_precond;pupil_dilation_sd_full_change_precond;eeg_tright_halpha_mean_full_change_precond"
2025-11-26 18:37:54.378063,19,"stress_label",10,4,0.03125,0.576923076923077,0.634615384615385,NA,10,"top10","eeg_tleft_sampent_full_change_precond;eeg_tleft_halpha_mean_full_change_precond;gsr_skin_conductance_eda_tonic_mean_nk_full_change_precond;eeg_tleft_lalpha_mean_full_change_precond;hrv_rmssd_full_change_precond;eeg_pright_sampent_full_change_precond;eeg_t_sampent_full_change_precond;eeg_c_theta_mean_full_change_precond;pupil_dilation_sd_full_change_precond;eeg_tright_halpha_mean_full_change_precond"
2025-11-26 18:37:55.215935,19,"stress_label",10,8,0.03125,0.583333333333333,0.615384615384615,0.57948717948718,10,"top10","eeg_tleft_sampent_full_change_precond;eeg_tleft_halpha_mean_full_change_precond;gsr_skin_conductance_eda_tonic_mean_nk_full_change_precond;eeg_tleft_lalpha_mean_full_change_precond;hrv_rmssd_full_change_precond;eeg_pright_sampent_full_change_precond;eeg_t_sampent_full_change_precond;eeg_c_theta_mean_full_change_precond;pupil_dilation_sd_full_change_precond;eeg_tright_halpha_mean_full_change_precond"
2025-11-26 18:37:56.106359,19,"stress_label",10,16,0.03125,0.596153846153846,0.621794871794872,0.569230769230769,10,"top10","eeg_tleft_sampent_full_change_precond;eeg_tleft_halpha_mean_full_change_precond;gsr_skin_conductance_eda_tonic_mean_nk_full_change_precond;eeg_tleft_lalpha_mean_full_change_precond;hrv_rmssd_full_change_precond;eeg_pright_sampent_full_change_precond;eeg_t_sampent_full_change_precond;eeg_c_theta_mean_full_change_precond;pupil_dilation_sd_full_change_precond;eeg_tright_halpha_mean_full_change_precond"
2025-11-26 18:37:57.07999,19,"stress_label",10,32,0.03125,0.583333333333333,0.615384615384615,NA,10,"top10","eeg_tleft_sampent_full_change_precond;eeg_tleft_halpha_mean_full_change_precond;gsr_skin_conductance_eda_tonic_mean_nk_full_change_precond;eeg_tleft_lalpha_mean_full_change_precond;hrv_rmssd_full_change_precond;eeg_pright_sampent_full_change_precond;eeg_t_sampent_full_change_precond;eeg_c_theta_mean_full_change_precond;pupil_dilation_sd_full_change_precond;eeg_tright_halpha_mean_full_change_precond"
2025-11-26 18:37:58.085734,19,"stress_label",10,64,0.03125,0.602564102564103,0.596153846153846,NA,10,"top10","eeg_tleft_sampent_full_change_precond;eeg_tleft_halpha_mean_full_change_precond;gsr_skin_conductance_eda_tonic_mean_nk_full_change_precond;eeg_tleft_lalpha_mean_full_change_precond;hrv_rmssd_full_change_precond;eeg_pright_sampent_full_change_precond;eeg_t_sampent_full_change_precond;eeg_c_theta_mean_full_change_precond;pupil_dilation_sd_full_change_precond;eeg_tright_halpha_mean_full_change_precond"
2025-11-26 18:37:59.317023,19,"stress_label",10,128,0.03125,0.576923076923077,0.564102564102564,NA,10,"top10","eeg_tleft_sampent_full_change_precond;eeg_tleft_halpha_mean_full_change_precond;gsr_skin_conductance_eda_tonic_mean_nk_full_change_precond;eeg_tleft_lalpha_mean_full_change_precond;hrv_rmssd_full_change_precond;eeg_pright_sampent_full_change_precond;eeg_t_sampent_full_change_precond;eeg_c_theta_mean_full_change_precond;pupil_dilation_sd_full_change_precond;eeg_tright_halpha_mean_full_change_precond"
2025-11-26 18:38:00.729151,19,"stress_label",10,256,0.03125,0.557692307692308,0.583333333333333,NA,10,"top10","eeg_tleft_sampent_full_change_precond;eeg_tleft_halpha_mean_full_change_precond;gsr_skin_conductance_eda_tonic_mean_nk_full_change_precond;eeg_tleft_lalpha_mean_full_change_precond;hrv_rmssd_full_change_precond;eeg_pright_sampent_full_change_precond;eeg_t_sampent_full_change_precond;eeg_c_theta_mean_full_change_precond;pupil_dilation_sd_full_change_precond;eeg_tright_halpha_mean_full_change_precond"
2025-11-26 18:38:01.600769,19,"stress_label",10,2,0.0625,0.557692307692308,0.641025641025641,NA,10,"top10","eeg_tleft_sampent_full_change_precond;eeg_tleft_halpha_mean_full_change_precond;gsr_skin_conductance_eda_tonic_mean_nk_full_change_precond;eeg_tleft_lalpha_mean_full_change_precond;hrv_rmssd_full_change_precond;eeg_pright_sampent_full_change_precond;eeg_t_sampent_full_change_precond;eeg_c_theta_mean_full_change_precond;pupil_dilation_sd_full_change_precond;eeg_tright_halpha_mean_full_change_precond"
2025-11-26 18:38:02.454924,19,"stress_label",10,4,0.0625,0.564102564102564,0.621794871794872,0.535042735042735,10,"top10","eeg_tleft_sampent_full_change_precond;eeg_tleft_halpha_mean_full_change_precond;gsr_skin_conductance_eda_tonic_mean_nk_full_change_precond;eeg_tleft_lalpha_mean_full_change_precond;hrv_rmssd_full_change_precond;eeg_pright_sampent_full_change_precond;eeg_t_sampent_full_change_precond;eeg_c_theta_mean_full_change_precond;pupil_dilation_sd_full_change_precond;eeg_tright_halpha_mean_full_change_precond"
2025-11-26 18:38:03.367777,19,"stress_label",10,8,0.0625,0.583333333333333,0.628205128205128,NA,10,"top10","eeg_tleft_sampent_full_change_precond;eeg_tleft_halpha_mean_full_change_precond;gsr_skin_conductance_eda_tonic_mean_nk_full_change_precond;eeg_tleft_lalpha_mean_full_change_precond;hrv_rmssd_full_change_precond;eeg_pright_sampent_full_change_precond;eeg_t_sampent_full_change_precond;eeg_c_theta_mean_full_change_precond;pupil_dilation_sd_full_change_precond;eeg_tright_halpha_mean_full_change_precond"
2025-11-26 18:38:04.315575,19,"stress_label",10,16,0.0625,0.602564102564103,0.628205128205128,NA,10,"top10","eeg_tleft_sampent_full_change_precond;eeg_tleft_halpha_mean_full_change_precond;gsr_skin_conductance_eda_tonic_mean_nk_full_change_precond;eeg_tleft_lalpha_mean_full_change_precond;hrv_rmssd_full_change_precond;eeg_pright_sampent_full_change_precond;eeg_t_sampent_full_change_precond;eeg_c_theta_mean_full_change_precond;pupil_dilation_sd_full_change_precond;eeg_tright_halpha_mean_full_change_precond"
2025-11-26 18:38:05.300124,19,"stress_label",10,32,0.0625,0.544871794871795,0.596153846153846,NA,10,"top10","eeg_tleft_sampent_full_change_precond;eeg_tleft_halpha_mean_full_change_precond;gsr_skin_conductance_eda_tonic_mean_nk_full_change_precond;eeg_tleft_lalpha_mean_full_change_precond;hrv_rmssd_full_change_precond;eeg_pright_sampent_full_change_precond;eeg_t_sampent_full_change_precond;eeg_c_theta_mean_full_change_precond;pupil_dilation_sd_full_change_precond;eeg_tright_halpha_mean_full_change_precond"
2025-11-26 18:38:06.350107,19,"stress_label",10,64,0.0625,0.57051282051282,0.564102564102564,NA,10,"top10","eeg_tleft_sampent_full_change_precond;eeg_tleft_halpha_mean_full_change_precond;gsr_skin_conductance_eda_tonic_mean_nk_full_change_precond;eeg_tleft_lalpha_mean_full_change_precond;hrv_rmssd_full_change_precond;eeg_pright_sampent_full_change_precond;eeg_t_sampent_full_change_precond;eeg_c_theta_mean_full_change_precond;pupil_dilation_sd_full_change_precond;eeg_tright_halpha_mean_full_change_precond"
2025-11-26 18:38:07.483843,19,"stress_label",10,128,0.0625,0.596153846153846,0.615384615384615,NA,10,"top10","eeg_tleft_sampent_full_change_precond;eeg_tleft_halpha_mean_full_change_precond;gsr_skin_conductance_eda_tonic_mean_nk_full_change_precond;eeg_tleft_lalpha_mean_full_change_precond;hrv_rmssd_full_change_precond;eeg_pright_sampent_full_change_precond;eeg_t_sampent_full_change_precond;eeg_c_theta_mean_full_change_precond;pupil_dilation_sd_full_change_precond;eeg_tright_halpha_mean_full_change_precond"
2025-11-26 18:38:08.63337,19,"stress_label",10,256,0.0625,0.58974358974359,0.621794871794872,NA,10,"top10","eeg_tleft_sampent_full_change_precond;eeg_tleft_halpha_mean_full_change_precond;gsr_skin_conductance_eda_tonic_mean_nk_full_change_precond;eeg_tleft_lalpha_mean_full_change_precond;hrv_rmssd_full_change_precond;eeg_pright_sampent_full_change_precond;eeg_t_sampent_full_change_precond;eeg_c_theta_mean_full_change_precond;pupil_dilation_sd_full_change_precond;eeg_tright_halpha_mean_full_change_precond"
2025-11-26 18:38:09.464584,19,"stress_label",10,2,0.125,0.576923076923077,0.634615384615385,0.560683760683761,10,"top10","eeg_tleft_sampent_full_change_precond;eeg_tleft_halpha_mean_full_change_precond;gsr_skin_conductance_eda_tonic_mean_nk_full_change_precond;eeg_tleft_lalpha_mean_full_change_precond;hrv_rmssd_full_change_precond;eeg_pright_sampent_full_change_precond;eeg_t_sampent_full_change_precond;eeg_c_theta_mean_full_change_precond;pupil_dilation_sd_full_change_precond;eeg_tright_halpha_mean_full_change_precond"
2025-11-26 18:38:10.236181,19,"stress_label",10,4,0.125,0.608974358974359,0.647435897435897,0.591452991452991,10,"top10","eeg_tleft_sampent_full_change_precond;eeg_tleft_halpha_mean_full_change_precond;gsr_skin_conductance_eda_tonic_mean_nk_full_change_precond;eeg_tleft_lalpha_mean_full_change_precond;hrv_rmssd_full_change_precond;eeg_pright_sampent_full_change_precond;eeg_t_sampent_full_change_precond;eeg_c_theta_mean_full_change_precond;pupil_dilation_sd_full_change_precond;eeg_tright_halpha_mean_full_change_precond"
2025-11-26 18:38:11.064248,19,"stress_label",10,8,0.125,0.58974358974359,0.621794871794872,NA,10,"top10","eeg_tleft_sampent_full_change_precond;eeg_tleft_halpha_mean_full_change_precond;gsr_skin_conductance_eda_tonic_mean_nk_full_change_precond;eeg_tleft_lalpha_mean_full_change_precond;hrv_rmssd_full_change_precond;eeg_pright_sampent_full_change_precond;eeg_t_sampent_full_change_precond;eeg_c_theta_mean_full_change_precond;pupil_dilation_sd_full_change_precond;eeg_tright_halpha_mean_full_change_precond"
2025-11-26 18:38:11.800622,19,"stress_label",10,16,0.125,0.576923076923077,0.653846153846154,0.581196581196581,10,"top10","eeg_tleft_sampent_full_change_precond;eeg_tleft_halpha_mean_full_change_precond;gsr_skin_conductance_eda_tonic_mean_nk_full_change_precond;eeg_tleft_lalpha_mean_full_change_precond;hrv_rmssd_full_change_precond;eeg_pright_sampent_full_change_precond;eeg_t_sampent_full_change_precond;eeg_c_theta_mean_full_change_precond;pupil_dilation_sd_full_change_precond;eeg_tright_halpha_mean_full_change_precond"
2025-11-26 18:38:12.774187,19,"stress_label",10,32,0.125,0.608974358974359,0.628205128205128,0.613675213675214,10,"top10","eeg_tleft_sampent_full_change_precond;eeg_tleft_halpha_mean_full_change_precond;gsr_skin_conductance_eda_tonic_mean_nk_full_change_precond;eeg_tleft_lalpha_mean_full_change_precond;hrv_rmssd_full_change_precond;eeg_pright_sampent_full_change_precond;eeg_t_sampent_full_change_precond;eeg_c_theta_mean_full_change_precond;pupil_dilation_sd_full_change_precond;eeg_tright_halpha_mean_full_change_precond"
2025-11-26 18:38:13.698082,19,"stress_label",10,64,0.125,0.583333333333333,0.628205128205128,NA,10,"top10","eeg_tleft_sampent_full_change_precond;eeg_tleft_halpha_mean_full_change_precond;gsr_skin_conductance_eda_tonic_mean_nk_full_change_precond;eeg_tleft_lalpha_mean_full_change_precond;hrv_rmssd_full_change_precond;eeg_pright_sampent_full_change_precond;eeg_t_sampent_full_change_precond;eeg_c_theta_mean_full_change_precond;pupil_dilation_sd_full_change_precond;eeg_tright_halpha_mean_full_change_precond"
2025-11-26 18:38:14.701732,19,"stress_label",10,128,0.125,0.583333333333333,0.628205128205128,NA,10,"top10","eeg_tleft_sampent_full_change_precond;eeg_tleft_halpha_mean_full_change_precond;gsr_skin_conductance_eda_tonic_mean_nk_full_change_precond;eeg_tleft_lalpha_mean_full_change_precond;hrv_rmssd_full_change_precond;eeg_pright_sampent_full_change_precond;eeg_t_sampent_full_change_precond;eeg_c_theta_mean_full_change_precond;pupil_dilation_sd_full_change_precond;eeg_tright_halpha_mean_full_change_precond"
2025-11-26 18:38:15.605598,19,"stress_label",10,256,0.125,0.583333333333333,0.628205128205128,NA,10,"top10","eeg_tleft_sampent_full_change_precond;eeg_tleft_halpha_mean_full_change_precond;gsr_skin_conductance_eda_tonic_mean_nk_full_change_precond;eeg_tleft_lalpha_mean_full_change_precond;hrv_rmssd_full_change_precond;eeg_pright_sampent_full_change_precond;eeg_t_sampent_full_change_precond;eeg_c_theta_mean_full_change_precond;pupil_dilation_sd_full_change_precond;eeg_tright_halpha_mean_full_change_precond"
2025-11-26 18:38:16.411314,19,"stress_label",10,2,0.03,0.596153846153846,0.641025641025641,0.55982905982906,10,"top10","eeg_tleft_sampent_full_change_precond;eeg_tleft_halpha_mean_full_change_precond;gsr_skin_conductance_eda_tonic_mean_nk_full_change_precond;eeg_tleft_lalpha_mean_full_change_precond;hrv_rmssd_full_change_precond;eeg_pright_sampent_full_change_precond;eeg_t_sampent_full_change_precond;eeg_c_theta_mean_full_change_precond;pupil_dilation_sd_full_change_precond;eeg_tright_halpha_mean_full_change_precond"
2025-11-26 18:38:17.228871,19,"stress_label",10,4,0.03,0.583333333333333,0.641025641025641,0.586324786324786,10,"top10","eeg_tleft_sampent_full_change_precond;eeg_tleft_halpha_mean_full_change_precond;gsr_skin_conductance_eda_tonic_mean_nk_full_change_precond;eeg_tleft_lalpha_mean_full_change_precond;hrv_rmssd_full_change_precond;eeg_pright_sampent_full_change_precond;eeg_t_sampent_full_change_precond;eeg_c_theta_mean_full_change_precond;pupil_dilation_sd_full_change_precond;eeg_tright_halpha_mean_full_change_precond"
2025-11-26 18:38:18.084431,19,"stress_label",10,8,0.03,0.583333333333333,0.615384615384615,0.57948717948718,10,"top10","eeg_tleft_sampent_full_change_precond;eeg_tleft_halpha_mean_full_change_precond;gsr_skin_conductance_eda_tonic_mean_nk_full_change_precond;eeg_tleft_lalpha_mean_full_change_precond;hrv_rmssd_full_change_precond;eeg_pright_sampent_full_change_precond;eeg_t_sampent_full_change_precond;eeg_c_theta_mean_full_change_precond;pupil_dilation_sd_full_change_precond;eeg_tright_halpha_mean_full_change_precond"
2025-11-26 18:38:18.842719,19,"stress_label",10,16,0.03,0.576923076923077,0.615384615384615,0.542735042735043,10,"top10","eeg_tleft_sampent_full_change_precond;eeg_tleft_halpha_mean_full_change_precond;gsr_skin_conductance_eda_tonic_mean_nk_full_change_precond;eeg_tleft_lalpha_mean_full_change_precond;hrv_rmssd_full_change_precond;eeg_pright_sampent_full_change_precond;eeg_t_sampent_full_change_precond;eeg_c_theta_mean_full_change_precond;pupil_dilation_sd_full_change_precond;eeg_tright_halpha_mean_full_change_precond"
2025-11-26 18:38:19.55262,19,"stress_label",10,32,0.03,0.58974358974359,0.602564102564103,NA,10,"top10","eeg_tleft_sampent_full_change_precond;eeg_tleft_halpha_mean_full_change_precond;gsr_skin_conductance_eda_tonic_mean_nk_full_change_precond;eeg_tleft_lalpha_mean_full_change_precond;hrv_rmssd_full_change_precond;eeg_pright_sampent_full_change_precond;eeg_t_sampent_full_change_precond;eeg_c_theta_mean_full_change_precond;pupil_dilation_sd_full_change_precond;eeg_tright_halpha_mean_full_change_precond"
2025-11-26 18:38:20.35032,19,"stress_label",10,64,0.03,0.596153846153846,0.596153846153846,NA,10,"top10","eeg_tleft_sampent_full_change_precond;eeg_tleft_halpha_mean_full_change_precond;gsr_skin_conductance_eda_tonic_mean_nk_full_change_precond;eeg_tleft_lalpha_mean_full_change_precond;hrv_rmssd_full_change_precond;eeg_pright_sampent_full_change_precond;eeg_t_sampent_full_change_precond;eeg_c_theta_mean_full_change_precond;pupil_dilation_sd_full_change_precond;eeg_tright_halpha_mean_full_change_precond"
2025-11-26 18:38:21.353803,19,"stress_label",10,128,0.03,0.57051282051282,0.576923076923077,NA,10,"top10","eeg_tleft_sampent_full_change_precond;eeg_tleft_halpha_mean_full_change_precond;gsr_skin_conductance_eda_tonic_mean_nk_full_change_precond;eeg_tleft_lalpha_mean_full_change_precond;hrv_rmssd_full_change_precond;eeg_pright_sampent_full_change_precond;eeg_t_sampent_full_change_precond;eeg_c_theta_mean_full_change_precond;pupil_dilation_sd_full_change_precond;eeg_tright_halpha_mean_full_change_precond"
2025-11-26 18:38:22.75582,19,"stress_label",10,256,0.03,0.551282051282051,0.58974358974359,NA,10,"top10","eeg_tleft_sampent_full_change_precond;eeg_tleft_halpha_mean_full_change_precond;gsr_skin_conductance_eda_tonic_mean_nk_full_change_precond;eeg_tleft_lalpha_mean_full_change_precond;hrv_rmssd_full_change_precond;eeg_pright_sampent_full_change_precond;eeg_t_sampent_full_change_precond;eeg_c_theta_mean_full_change_precond;pupil_dilation_sd_full_change_precond;eeg_tright_halpha_mean_full_change_precond"
2025-11-26 18:38:23.632825,19,"stress_label",10,2,0.06,0.557692307692308,0.628205128205128,NA,10,"top10","eeg_tleft_sampent_full_change_precond;eeg_tleft_halpha_mean_full_change_precond;gsr_skin_conductance_eda_tonic_mean_nk_full_change_precond;eeg_tleft_lalpha_mean_full_change_precond;hrv_rmssd_full_change_precond;eeg_pright_sampent_full_change_precond;eeg_t_sampent_full_change_precond;eeg_c_theta_mean_full_change_precond;pupil_dilation_sd_full_change_precond;eeg_tright_halpha_mean_full_change_precond"
2025-11-26 18:38:24.498885,19,"stress_label",10,4,0.06,0.564102564102564,0.615384615384615,0.544444444444444,10,"top10","eeg_tleft_sampent_full_change_precond;eeg_tleft_halpha_mean_full_change_precond;gsr_skin_conductance_eda_tonic_mean_nk_full_change_precond;eeg_tleft_lalpha_mean_full_change_precond;hrv_rmssd_full_change_precond;eeg_pright_sampent_full_change_precond;eeg_t_sampent_full_change_precond;eeg_c_theta_mean_full_change_precond;pupil_dilation_sd_full_change_precond;eeg_tright_halpha_mean_full_change_precond"
2025-11-26 18:38:25.367173,19,"stress_label",10,8,0.06,0.58974358974359,0.634615384615385,NA,10,"top10","eeg_tleft_sampent_full_change_precond;eeg_tleft_halpha_mean_full_change_precond;gsr_skin_conductance_eda_tonic_mean_nk_full_change_precond;eeg_tleft_lalpha_mean_full_change_precond;hrv_rmssd_full_change_precond;eeg_pright_sampent_full_change_precond;eeg_t_sampent_full_change_precond;eeg_c_theta_mean_full_change_precond;pupil_dilation_sd_full_change_precond;eeg_tright_halpha_mean_full_change_precond"
2025-11-26 18:38:26.391849,19,"stress_label",10,16,0.06,0.596153846153846,0.628205128205128,NA,10,"top10","eeg_tleft_sampent_full_change_precond;eeg_tleft_halpha_mean_full_change_precond;gsr_skin_conductance_eda_tonic_mean_nk_full_change_precond;eeg_tleft_lalpha_mean_full_change_precond;hrv_rmssd_full_change_precond;eeg_pright_sampent_full_change_precond;eeg_t_sampent_full_change_precond;eeg_c_theta_mean_full_change_precond;pupil_dilation_sd_full_change_precond;eeg_tright_halpha_mean_full_change_precond"
2025-11-26 18:38:27.40074,19,"stress_label",10,32,0.06,0.538461538461538,0.576923076923077,NA,10,"top10","eeg_tleft_sampent_full_change_precond;eeg_tleft_halpha_mean_full_change_precond;gsr_skin_conductance_eda_tonic_mean_nk_full_change_precond;eeg_tleft_lalpha_mean_full_change_precond;hrv_rmssd_full_change_precond;eeg_pright_sampent_full_change_precond;eeg_t_sampent_full_change_precond;eeg_c_theta_mean_full_change_precond;pupil_dilation_sd_full_change_precond;eeg_tright_halpha_mean_full_change_precond"
2025-11-26 18:38:28.465852,19,"stress_label",10,64,0.06,0.557692307692308,0.58974358974359,NA,10,"top10","eeg_tleft_sampent_full_change_precond;eeg_tleft_halpha_mean_full_change_precond;gsr_skin_conductance_eda_tonic_mean_nk_full_change_precond;eeg_tleft_lalpha_mean_full_change_precond;hrv_rmssd_full_change_precond;eeg_pright_sampent_full_change_precond;eeg_t_sampent_full_change_precond;eeg_c_theta_mean_full_change_precond;pupil_dilation_sd_full_change_precond;eeg_tright_halpha_mean_full_change_precond"
2025-11-26 18:38:29.634748,19,"stress_label",10,128,0.06,0.58974358974359,0.621794871794872,NA,10,"top10","eeg_tleft_sampent_full_change_precond;eeg_tleft_halpha_mean_full_change_precond;gsr_skin_conductance_eda_tonic_mean_nk_full_change_precond;eeg_tleft_lalpha_mean_full_change_precond;hrv_rmssd_full_change_precond;eeg_pright_sampent_full_change_precond;eeg_t_sampent_full_change_precond;eeg_c_theta_mean_full_change_precond;pupil_dilation_sd_full_change_precond;eeg_tright_halpha_mean_full_change_precond"
2025-11-26 18:38:30.81165,19,"stress_label",10,256,0.06,0.583333333333333,0.628205128205128,NA,10,"top10","eeg_tleft_sampent_full_change_precond;eeg_tleft_halpha_mean_full_change_precond;gsr_skin_conductance_eda_tonic_mean_nk_full_change_precond;eeg_tleft_lalpha_mean_full_change_precond;hrv_rmssd_full_change_precond;eeg_pright_sampent_full_change_precond;eeg_t_sampent_full_change_precond;eeg_c_theta_mean_full_change_precond;pupil_dilation_sd_full_change_precond;eeg_tright_halpha_mean_full_change_precond"
2025-11-26 18:38:31.660752,19,"stress_label",10,2,0.1,0.564102564102564,0.621794871794872,0.547863247863248,10,"top10","eeg_tleft_sampent_full_change_precond;eeg_tleft_halpha_mean_full_change_precond;gsr_skin_conductance_eda_tonic_mean_nk_full_change_precond;eeg_tleft_lalpha_mean_full_change_precond;hrv_rmssd_full_change_precond;eeg_pright_sampent_full_change_precond;eeg_t_sampent_full_change_precond;eeg_c_theta_mean_full_change_precond;pupil_dilation_sd_full_change_precond;eeg_tright_halpha_mean_full_change_precond"
2025-11-26 18:38:32.485669,19,"stress_label",10,4,0.1,0.583333333333333,0.641025641025641,NA,10,"top10","eeg_tleft_sampent_full_change_precond;eeg_tleft_halpha_mean_full_change_precond;gsr_skin_conductance_eda_tonic_mean_nk_full_change_precond;eeg_tleft_lalpha_mean_full_change_precond;hrv_rmssd_full_change_precond;eeg_pright_sampent_full_change_precond;eeg_t_sampent_full_change_precond;eeg_c_theta_mean_full_change_precond;pupil_dilation_sd_full_change_precond;eeg_tright_halpha_mean_full_change_precond"
2025-11-26 18:38:33.449038,19,"stress_label",10,8,0.1,0.57051282051282,0.608974358974359,NA,10,"top10","eeg_tleft_sampent_full_change_precond;eeg_tleft_halpha_mean_full_change_precond;gsr_skin_conductance_eda_tonic_mean_nk_full_change_precond;eeg_tleft_lalpha_mean_full_change_precond;hrv_rmssd_full_change_precond;eeg_pright_sampent_full_change_precond;eeg_t_sampent_full_change_precond;eeg_c_theta_mean_full_change_precond;pupil_dilation_sd_full_change_precond;eeg_tright_halpha_mean_full_change_precond"
2025-11-26 18:38:34.397988,19,"stress_label",10,16,0.1,0.551282051282051,0.628205128205128,NA,10,"top10","eeg_tleft_sampent_full_change_precond;eeg_tleft_halpha_mean_full_change_precond;gsr_skin_conductance_eda_tonic_mean_nk_full_change_precond;eeg_tleft_lalpha_mean_full_change_precond;hrv_rmssd_full_change_precond;eeg_pright_sampent_full_change_precond;eeg_t_sampent_full_change_precond;eeg_c_theta_mean_full_change_precond;pupil_dilation_sd_full_change_precond;eeg_tright_halpha_mean_full_change_precond"
2025-11-26 18:38:35.402701,19,"stress_label",10,32,0.1,0.602564102564103,0.621794871794872,0.598290598290598,10,"top10","eeg_tleft_sampent_full_change_precond;eeg_tleft_halpha_mean_full_change_precond;gsr_skin_conductance_eda_tonic_mean_nk_full_change_precond;eeg_tleft_lalpha_mean_full_change_precond;hrv_rmssd_full_change_precond;eeg_pright_sampent_full_change_precond;eeg_t_sampent_full_change_precond;eeg_c_theta_mean_full_change_precond;pupil_dilation_sd_full_change_precond;eeg_tright_halpha_mean_full_change_precond"
2025-11-26 18:38:36.433322,19,"stress_label",10,64,0.1,0.58974358974359,0.621794871794872,NA,10,"top10","eeg_tleft_sampent_full_change_precond;eeg_tleft_halpha_mean_full_change_precond;gsr_skin_conductance_eda_tonic_mean_nk_full_change_precond;eeg_tleft_lalpha_mean_full_change_precond;hrv_rmssd_full_change_precond;eeg_pright_sampent_full_change_precond;eeg_t_sampent_full_change_precond;eeg_c_theta_mean_full_change_precond;pupil_dilation_sd_full_change_precond;eeg_tright_halpha_mean_full_change_precond"
2025-11-26 18:38:37.454538,19,"stress_label",10,128,0.1,0.596153846153846,0.628205128205128,NA,10,"top10","eeg_tleft_sampent_full_change_precond;eeg_tleft_halpha_mean_full_change_precond;gsr_skin_conductance_eda_tonic_mean_nk_full_change_precond;eeg_tleft_lalpha_mean_full_change_precond;hrv_rmssd_full_change_precond;eeg_pright_sampent_full_change_precond;eeg_t_sampent_full_change_precond;eeg_c_theta_mean_full_change_precond;pupil_dilation_sd_full_change_precond;eeg_tright_halpha_mean_full_change_precond"
2025-11-26 18:38:38.488014,19,"stress_label",10,256,0.1,0.596153846153846,0.628205128205128,NA,10,"top10","eeg_tleft_sampent_full_change_precond;eeg_tleft_halpha_mean_full_change_precond;gsr_skin_conductance_eda_tonic_mean_nk_full_change_precond;eeg_tleft_lalpha_mean_full_change_precond;hrv_rmssd_full_change_precond;eeg_pright_sampent_full_change_precond;eeg_t_sampent_full_change_precond;eeg_c_theta_mean_full_change_precond;pupil_dilation_sd_full_change_precond;eeg_tright_halpha_mean_full_change_precond"
2025-11-26 18:38:39.34318,19,"stress_label",5,2,0.0078125,0.628205128205128,0.66025641025641,0.582051282051282,5,"top5","eeg_tleft_sampent_full_change_precond;eeg_tleft_halpha_mean_full_change_precond;gsr_skin_conductance_eda_tonic_mean_nk_full_change_precond;eeg_tleft_lalpha_mean_full_change_precond;hrv_rmssd_full_change_precond"
2025-11-26 18:38:40.083655,19,"stress_label",5,4,0.0078125,0.628205128205128,0.647435897435897,0.586324786324786,5,"top5","eeg_tleft_sampent_full_change_precond;eeg_tleft_halpha_mean_full_change_precond;gsr_skin_conductance_eda_tonic_mean_nk_full_change_precond;eeg_tleft_lalpha_mean_full_change_precond;hrv_rmssd_full_change_precond"
2025-11-26 18:38:40.865485,19,"stress_label",5,8,0.0078125,0.615384615384615,0.653846153846154,0.578632478632479,5,"top5","eeg_tleft_sampent_full_change_precond;eeg_tleft_halpha_mean_full_change_precond;gsr_skin_conductance_eda_tonic_mean_nk_full_change_precond;eeg_tleft_lalpha_mean_full_change_precond;hrv_rmssd_full_change_precond"
2025-11-26 18:38:41.640166,19,"stress_label",5,16,0.0078125,0.602564102564103,0.653846153846154,0.563247863247863,5,"top5","eeg_tleft_sampent_full_change_precond;eeg_tleft_halpha_mean_full_change_precond;gsr_skin_conductance_eda_tonic_mean_nk_full_change_precond;eeg_tleft_lalpha_mean_full_change_precond;hrv_rmssd_full_change_precond"
2025-11-26 18:38:42.355673,19,"stress_label",5,32,0.0078125,0.596153846153846,0.641025641025641,0.551282051282051,5,"top5","eeg_tleft_sampent_full_change_precond;eeg_tleft_halpha_mean_full_change_precond;gsr_skin_conductance_eda_tonic_mean_nk_full_change_precond;eeg_tleft_lalpha_mean_full_change_precond;hrv_rmssd_full_change_precond"
2025-11-26 18:38:42.982645,19,"stress_label",5,64,0.0078125,0.576923076923077,0.641025641025641,0.535897435897436,5,"top5","eeg_tleft_sampent_full_change_precond;eeg_tleft_halpha_mean_full_change_precond;gsr_skin_conductance_eda_tonic_mean_nk_full_change_precond;eeg_tleft_lalpha_mean_full_change_precond;hrv_rmssd_full_change_precond"
2025-11-26 18:38:43.674613,19,"stress_label",5,128,0.0078125,0.58974358974359,0.628205128205128,0.547008547008547,5,"top5","eeg_tleft_sampent_full_change_precond;eeg_tleft_halpha_mean_full_change_precond;gsr_skin_conductance_eda_tonic_mean_nk_full_change_precond;eeg_tleft_lalpha_mean_full_change_precond;hrv_rmssd_full_change_precond"
2025-11-26 18:38:44.532814,19,"stress_label",5,256,0.0078125,0.596153846153846,0.66025641025641,0.555555555555556,5,"top5","eeg_tleft_sampent_full_change_precond;eeg_tleft_halpha_mean_full_change_precond;gsr_skin_conductance_eda_tonic_mean_nk_full_change_precond;eeg_tleft_lalpha_mean_full_change_precond;hrv_rmssd_full_change_precond"
2025-11-26 18:38:45.24762,19,"stress_label",5,2,0.015625,0.628205128205128,0.647435897435897,0.586324786324786,5,"top5","eeg_tleft_sampent_full_change_precond;eeg_tleft_halpha_mean_full_change_precond;gsr_skin_conductance_eda_tonic_mean_nk_full_change_precond;eeg_tleft_lalpha_mean_full_change_precond;hrv_rmssd_full_change_precond"
2025-11-26 18:38:45.997753,19,"stress_label",5,4,0.015625,0.615384615384615,0.653846153846154,0.564102564102564,5,"top5","eeg_tleft_sampent_full_change_precond;eeg_tleft_halpha_mean_full_change_precond;gsr_skin_conductance_eda_tonic_mean_nk_full_change_precond;eeg_tleft_lalpha_mean_full_change_precond;hrv_rmssd_full_change_precond"
2025-11-26 18:38:46.763883,19,"stress_label",5,8,0.015625,0.602564102564103,0.66025641025641,0.547008547008547,5,"top5","eeg_tleft_sampent_full_change_precond;eeg_tleft_halpha_mean_full_change_precond;gsr_skin_conductance_eda_tonic_mean_nk_full_change_precond;eeg_tleft_lalpha_mean_full_change_precond;hrv_rmssd_full_change_precond"
2025-11-26 18:38:47.514335,19,"stress_label",5,16,0.015625,0.583333333333333,0.641025641025641,0.54017094017094,5,"top5","eeg_tleft_sampent_full_change_precond;eeg_tleft_halpha_mean_full_change_precond;gsr_skin_conductance_eda_tonic_mean_nk_full_change_precond;eeg_tleft_lalpha_mean_full_change_precond;hrv_rmssd_full_change_precond"
2025-11-26 18:38:48.260952,19,"stress_label",5,32,0.015625,0.576923076923077,0.628205128205128,0.535897435897436,5,"top5","eeg_tleft_sampent_full_change_precond;eeg_tleft_halpha_mean_full_change_precond;gsr_skin_conductance_eda_tonic_mean_nk_full_change_precond;eeg_tleft_lalpha_mean_full_change_precond;hrv_rmssd_full_change_precond"
2025-11-26 18:38:49.073143,19,"stress_label",5,64,0.015625,0.596153846153846,0.666666666666667,0.555555555555556,5,"top5","eeg_tleft_sampent_full_change_precond;eeg_tleft_halpha_mean_full_change_precond;gsr_skin_conductance_eda_tonic_mean_nk_full_change_precond;eeg_tleft_lalpha_mean_full_change_precond;hrv_rmssd_full_change_precond"
2025-11-26 18:38:49.920934,19,"stress_label",5,128,0.015625,0.58974358974359,0.628205128205128,0.564102564102564,5,"top5","eeg_tleft_sampent_full_change_precond;eeg_tleft_halpha_mean_full_change_precond;gsr_skin_conductance_eda_tonic_mean_nk_full_change_precond;eeg_tleft_lalpha_mean_full_change_precond;hrv_rmssd_full_change_precond"
2025-11-26 18:38:50.892447,19,"stress_label",5,256,0.015625,0.576923076923077,0.621794871794872,NA,5,"top5","eeg_tleft_sampent_full_change_precond;eeg_tleft_halpha_mean_full_change_precond;gsr_skin_conductance_eda_tonic_mean_nk_full_change_precond;eeg_tleft_lalpha_mean_full_change_precond;hrv_rmssd_full_change_precond"
2025-11-26 18:38:51.585989,19,"stress_label",5,2,0.03125,0.628205128205128,0.653846153846154,0.563247863247863,5,"top5","eeg_tleft_sampent_full_change_precond;eeg_tleft_halpha_mean_full_change_precond;gsr_skin_conductance_eda_tonic_mean_nk_full_change_precond;eeg_tleft_lalpha_mean_full_change_precond;hrv_rmssd_full_change_precond"
2025-11-26 18:38:52.361782,19,"stress_label",5,4,0.03125,0.602564102564103,0.641025641025641,0.547008547008547,5,"top5","eeg_tleft_sampent_full_change_precond;eeg_tleft_halpha_mean_full_change_precond;gsr_skin_conductance_eda_tonic_mean_nk_full_change_precond;eeg_tleft_lalpha_mean_full_change_precond;hrv_rmssd_full_change_precond"
2025-11-26 18:38:53.11971,19,"stress_label",5,8,0.03125,0.57051282051282,0.621794871794872,0.531623931623932,5,"top5","eeg_tleft_sampent_full_change_precond;eeg_tleft_halpha_mean_full_change_precond;gsr_skin_conductance_eda_tonic_mean_nk_full_change_precond;eeg_tleft_lalpha_mean_full_change_precond;hrv_rmssd_full_change_precond"
2025-11-26 18:38:53.775538,19,"stress_label",5,16,0.03125,0.602564102564103,0.653846153846154,0.57008547008547,5,"top5","eeg_tleft_sampent_full_change_precond;eeg_tleft_halpha_mean_full_change_precond;gsr_skin_conductance_eda_tonic_mean_nk_full_change_precond;eeg_tleft_lalpha_mean_full_change_precond;hrv_rmssd_full_change_precond"
2025-11-26 18:38:54.410283,19,"stress_label",5,32,0.03125,0.602564102564103,0.628205128205128,0.581196581196581,5,"top5","eeg_tleft_sampent_full_change_precond;eeg_tleft_halpha_mean_full_change_precond;gsr_skin_conductance_eda_tonic_mean_nk_full_change_precond;eeg_tleft_lalpha_mean_full_change_precond;hrv_rmssd_full_change_precond"
2025-11-26 18:38:55.210586,19,"stress_label",5,64,0.03125,0.576923076923077,0.608974358974359,NA,5,"top5","eeg_tleft_sampent_full_change_precond;eeg_tleft_halpha_mean_full_change_precond;gsr_skin_conductance_eda_tonic_mean_nk_full_change_precond;eeg_tleft_lalpha_mean_full_change_precond;hrv_rmssd_full_change_precond"
2025-11-26 18:38:56.150574,19,"stress_label",5,128,0.03125,0.58974358974359,0.602564102564103,NA,5,"top5","eeg_tleft_sampent_full_change_precond;eeg_tleft_halpha_mean_full_change_precond;gsr_skin_conductance_eda_tonic_mean_nk_full_change_precond;eeg_tleft_lalpha_mean_full_change_precond;hrv_rmssd_full_change_precond"
2025-11-26 18:38:57.217984,19,"stress_label",5,256,0.03125,0.596153846153846,0.544871794871795,0.591452991452991,5,"top5","eeg_tleft_sampent_full_change_precond;eeg_tleft_halpha_mean_full_change_precond;gsr_skin_conductance_eda_tonic_mean_nk_full_change_precond;eeg_tleft_lalpha_mean_full_change_precond;hrv_rmssd_full_change_precond"
2025-11-26 18:38:57.956534,19,"stress_label",5,2,0.0625,0.58974358974359,0.634615384615385,0.541025641025641,5,"top5","eeg_tleft_sampent_full_change_precond;eeg_tleft_halpha_mean_full_change_precond;gsr_skin_conductance_eda_tonic_mean_nk_full_change_precond;eeg_tleft_lalpha_mean_full_change_precond;hrv_rmssd_full_change_precond"
2025-11-26 18:38:58.731226,19,"stress_label",5,4,0.0625,0.621794871794872,0.641025641025641,0.58974358974359,5,"top5","eeg_tleft_sampent_full_change_precond;eeg_tleft_halpha_mean_full_change_precond;gsr_skin_conductance_eda_tonic_mean_nk_full_change_precond;eeg_tleft_lalpha_mean_full_change_precond;hrv_rmssd_full_change_precond"
2025-11-26 18:38:59.510545,19,"stress_label",5,8,0.0625,0.621794871794872,0.641025641025641,0.6,5,"top5","eeg_tleft_sampent_full_change_precond;eeg_tleft_halpha_mean_full_change_precond;gsr_skin_conductance_eda_tonic_mean_nk_full_change_precond;eeg_tleft_lalpha_mean_full_change_precond;hrv_rmssd_full_change_precond"
2025-11-26 18:39:00.32689,19,"stress_label",5,16,0.0625,0.596153846153846,0.608974358974359,0.578632478632479,5,"top5","eeg_tleft_sampent_full_change_precond;eeg_tleft_halpha_mean_full_change_precond;gsr_skin_conductance_eda_tonic_mean_nk_full_change_precond;eeg_tleft_lalpha_mean_full_change_precond;hrv_rmssd_full_change_precond"
2025-11-26 18:39:01.151729,19,"stress_label",5,32,0.0625,0.608974358974359,0.564102564102564,0.604273504273504,5,"top5","eeg_tleft_sampent_full_change_precond;eeg_tleft_halpha_mean_full_change_precond;gsr_skin_conductance_eda_tonic_mean_nk_full_change_precond;eeg_tleft_lalpha_mean_full_change_precond;hrv_rmssd_full_change_precond"
2025-11-26 18:39:02.034965,19,"stress_label",5,64,0.0625,0.602564102564103,0.576923076923077,0.604273504273504,5,"top5","eeg_tleft_sampent_full_change_precond;eeg_tleft_halpha_mean_full_change_precond;gsr_skin_conductance_eda_tonic_mean_nk_full_change_precond;eeg_tleft_lalpha_mean_full_change_precond;hrv_rmssd_full_change_precond"
2025-11-26 18:39:03.121848,19,"stress_label",5,128,0.0625,0.57051282051282,0.564102564102564,NA,5,"top5","eeg_tleft_sampent_full_change_precond;eeg_tleft_halpha_mean_full_change_precond;gsr_skin_conductance_eda_tonic_mean_nk_full_change_precond;eeg_tleft_lalpha_mean_full_change_precond;hrv_rmssd_full_change_precond"
2025-11-26 18:39:04.412655,19,"stress_label",5,256,0.0625,0.519230769230769,0.525641025641026,NA,5,"top5","eeg_tleft_sampent_full_change_precond;eeg_tleft_halpha_mean_full_change_precond;gsr_skin_conductance_eda_tonic_mean_nk_full_change_precond;eeg_tleft_lalpha_mean_full_change_precond;hrv_rmssd_full_change_precond"
2025-11-26 18:39:05.227034,19,"stress_label",5,2,0.125,0.615384615384615,0.647435897435897,0.582051282051282,5,"top5","eeg_tleft_sampent_full_change_precond;eeg_tleft_halpha_mean_full_change_precond;gsr_skin_conductance_eda_tonic_mean_nk_full_change_precond;eeg_tleft_lalpha_mean_full_change_precond;hrv_rmssd_full_change_precond"
2025-11-26 18:39:05.931219,19,"stress_label",5,4,0.125,0.621794871794872,0.621794871794872,0.604273504273504,5,"top5","eeg_tleft_sampent_full_change_precond;eeg_tleft_halpha_mean_full_change_precond;gsr_skin_conductance_eda_tonic_mean_nk_full_change_precond;eeg_tleft_lalpha_mean_full_change_precond;hrv_rmssd_full_change_precond"
2025-11-26 18:39:06.710455,19,"stress_label",5,8,0.125,0.621794871794872,0.615384615384615,0.61965811965812,5,"top5","eeg_tleft_sampent_full_change_precond;eeg_tleft_halpha_mean_full_change_precond;gsr_skin_conductance_eda_tonic_mean_nk_full_change_precond;eeg_tleft_lalpha_mean_full_change_precond;hrv_rmssd_full_change_precond"
2025-11-26 18:39:07.534221,19,"stress_label",5,16,0.125,0.576923076923077,0.576923076923077,0.567521367521368,5,"top5","eeg_tleft_sampent_full_change_precond;eeg_tleft_halpha_mean_full_change_precond;gsr_skin_conductance_eda_tonic_mean_nk_full_change_precond;eeg_tleft_lalpha_mean_full_change_precond;hrv_rmssd_full_change_precond"
2025-11-26 18:39:08.437456,19,"stress_label",5,32,0.125,0.538461538461538,0.474358974358974,NA,5,"top5","eeg_tleft_sampent_full_change_precond;eeg_tleft_halpha_mean_full_change_precond;gsr_skin_conductance_eda_tonic_mean_nk_full_change_precond;eeg_tleft_lalpha_mean_full_change_precond;hrv_rmssd_full_change_precond"
2025-11-26 18:39:09.447106,19,"stress_label",5,64,0.125,0.493589743589744,0.429487179487179,NA,5,"top5","eeg_tleft_sampent_full_change_precond;eeg_tleft_halpha_mean_full_change_precond;gsr_skin_conductance_eda_tonic_mean_nk_full_change_precond;eeg_tleft_lalpha_mean_full_change_precond;hrv_rmssd_full_change_precond"
2025-11-26 18:39:10.494973,19,"stress_label",5,128,0.125,0.480769230769231,0.448717948717949,NA,5,"top5","eeg_tleft_sampent_full_change_precond;eeg_tleft_halpha_mean_full_change_precond;gsr_skin_conductance_eda_tonic_mean_nk_full_change_precond;eeg_tleft_lalpha_mean_full_change_precond;hrv_rmssd_full_change_precond"
2025-11-26 18:39:11.962603,19,"stress_label",5,256,0.125,0.493589743589744,0.435897435897436,NA,5,"top5","eeg_tleft_sampent_full_change_precond;eeg_tleft_halpha_mean_full_change_precond;gsr_skin_conductance_eda_tonic_mean_nk_full_change_precond;eeg_tleft_lalpha_mean_full_change_precond;hrv_rmssd_full_change_precond"
2025-11-26 18:39:12.720749,19,"stress_label",5,2,0.03,0.615384615384615,0.653846153846154,0.554700854700855,5,"top5","eeg_tleft_sampent_full_change_precond;eeg_tleft_halpha_mean_full_change_precond;gsr_skin_conductance_eda_tonic_mean_nk_full_change_precond;eeg_tleft_lalpha_mean_full_change_precond;hrv_rmssd_full_change_precond"
2025-11-26 18:39:13.489675,19,"stress_label",5,4,0.03,0.602564102564103,0.641025641025641,0.547008547008547,5,"top5","eeg_tleft_sampent_full_change_precond;eeg_tleft_halpha_mean_full_change_precond;gsr_skin_conductance_eda_tonic_mean_nk_full_change_precond;eeg_tleft_lalpha_mean_full_change_precond;hrv_rmssd_full_change_precond"
2025-11-26 18:39:14.258607,19,"stress_label",5,8,0.03,0.576923076923077,0.621794871794872,0.535897435897436,5,"top5","eeg_tleft_sampent_full_change_precond;eeg_tleft_halpha_mean_full_change_precond;gsr_skin_conductance_eda_tonic_mean_nk_full_change_precond;eeg_tleft_lalpha_mean_full_change_precond;hrv_rmssd_full_change_precond"
2025-11-26 18:39:15.032533,19,"stress_label",5,16,0.03,0.596153846153846,0.653846153846154,0.55982905982906,5,"top5","eeg_tleft_sampent_full_change_precond;eeg_tleft_halpha_mean_full_change_precond;gsr_skin_conductance_eda_tonic_mean_nk_full_change_precond;eeg_tleft_lalpha_mean_full_change_precond;hrv_rmssd_full_change_precond"
2025-11-26 18:39:15.786921,19,"stress_label",5,32,0.03,0.602564102564103,0.628205128205128,0.581196581196581,5,"top5","eeg_tleft_sampent_full_change_precond;eeg_tleft_halpha_mean_full_change_precond;gsr_skin_conductance_eda_tonic_mean_nk_full_change_precond;eeg_tleft_lalpha_mean_full_change_precond;hrv_rmssd_full_change_precond"
2025-11-26 18:39:16.479765,19,"stress_label",5,64,0.03,0.576923076923077,0.615384615384615,0.542735042735043,5,"top5","eeg_tleft_sampent_full_change_precond;eeg_tleft_halpha_mean_full_change_precond;gsr_skin_conductance_eda_tonic_mean_nk_full_change_precond;eeg_tleft_lalpha_mean_full_change_precond;hrv_rmssd_full_change_precond"
2025-11-26 18:39:17.407017,19,"stress_label",5,128,0.03,0.596153846153846,0.596153846153846,NA,5,"top5","eeg_tleft_sampent_full_change_precond;eeg_tleft_halpha_mean_full_change_precond;gsr_skin_conductance_eda_tonic_mean_nk_full_change_precond;eeg_tleft_lalpha_mean_full_change_precond;hrv_rmssd_full_change_precond"
2025-11-26 18:39:18.339845,19,"stress_label",5,256,0.03,0.602564102564103,0.57051282051282,0.595726495726496,5,"top5","eeg_tleft_sampent_full_change_precond;eeg_tleft_halpha_mean_full_change_precond;gsr_skin_conductance_eda_tonic_mean_nk_full_change_precond;eeg_tleft_lalpha_mean_full_change_precond;hrv_rmssd_full_change_precond"
2025-11-26 18:39:18.980459,19,"stress_label",5,2,0.06,0.58974358974359,0.634615384615385,0.533333333333333,5,"top5","eeg_tleft_sampent_full_change_precond;eeg_tleft_halpha_mean_full_change_precond;gsr_skin_conductance_eda_tonic_mean_nk_full_change_precond;eeg_tleft_lalpha_mean_full_change_precond;hrv_rmssd_full_change_precond"
2025-11-26 18:39:19.739967,19,"stress_label",5,4,0.06,0.621794871794872,0.634615384615385,0.58974358974359,5,"top5","eeg_tleft_sampent_full_change_precond;eeg_tleft_halpha_mean_full_change_precond;gsr_skin_conductance_eda_tonic_mean_nk_full_change_precond;eeg_tleft_lalpha_mean_full_change_precond;hrv_rmssd_full_change_precond"
2025-11-26 18:39:20.525683,19,"stress_label",5,8,0.06,0.621794871794872,0.66025641025641,0.6,5,"top5","eeg_tleft_sampent_full_change_precond;eeg_tleft_halpha_mean_full_change_precond;gsr_skin_conductance_eda_tonic_mean_nk_full_change_precond;eeg_tleft_lalpha_mean_full_change_precond;hrv_rmssd_full_change_precond"
2025-11-26 18:39:21.32283,19,"stress_label",5,16,0.06,0.602564102564103,0.608974358974359,0.581196581196581,5,"top5","eeg_tleft_sampent_full_change_precond;eeg_tleft_halpha_mean_full_change_precond;gsr_skin_conductance_eda_tonic_mean_nk_full_change_precond;eeg_tleft_lalpha_mean_full_change_precond;hrv_rmssd_full_change_precond"
2025-11-26 18:39:22.068088,19,"stress_label",5,32,0.06,0.608974358974359,0.58974358974359,0.604273504273504,5,"top5","eeg_tleft_sampent_full_change_precond;eeg_tleft_halpha_mean_full_change_precond;gsr_skin_conductance_eda_tonic_mean_nk_full_change_precond;eeg_tleft_lalpha_mean_full_change_precond;hrv_rmssd_full_change_precond"
2025-11-26 18:39:22.888068,19,"stress_label",5,64,0.06,0.608974358974359,0.583333333333333,0.611965811965812,5,"top5","eeg_tleft_sampent_full_change_precond;eeg_tleft_halpha_mean_full_change_precond;gsr_skin_conductance_eda_tonic_mean_nk_full_change_precond;eeg_tleft_lalpha_mean_full_change_precond;hrv_rmssd_full_change_precond"
2025-11-26 18:39:23.872728,19,"stress_label",5,128,0.06,0.596153846153846,0.551282051282051,0.596581196581197,5,"top5","eeg_tleft_sampent_full_change_precond;eeg_tleft_halpha_mean_full_change_precond;gsr_skin_conductance_eda_tonic_mean_nk_full_change_precond;eeg_tleft_lalpha_mean_full_change_precond;hrv_rmssd_full_change_precond"
2025-11-26 18:39:25.081928,19,"stress_label",5,256,0.06,0.525641025641026,0.544871794871795,NA,5,"top5","eeg_tleft_sampent_full_change_precond;eeg_tleft_halpha_mean_full_change_precond;gsr_skin_conductance_eda_tonic_mean_nk_full_change_precond;eeg_tleft_lalpha_mean_full_change_precond;hrv_rmssd_full_change_precond"
2025-11-26 18:39:25.840397,19,"stress_label",5,2,0.1,0.615384615384615,0.641025641025641,0.582051282051282,5,"top5","eeg_tleft_sampent_full_change_precond;eeg_tleft_halpha_mean_full_change_precond;gsr_skin_conductance_eda_tonic_mean_nk_full_change_precond;eeg_tleft_lalpha_mean_full_change_precond;hrv_rmssd_full_change_precond"
2025-11-26 18:39:26.586324,19,"stress_label",5,4,0.1,0.621794871794872,0.634615384615385,0.604273504273504,5,"top5","eeg_tleft_sampent_full_change_precond;eeg_tleft_halpha_mean_full_change_precond;gsr_skin_conductance_eda_tonic_mean_nk_full_change_precond;eeg_tleft_lalpha_mean_full_change_precond;hrv_rmssd_full_change_precond"
2025-11-26 18:39:27.381188,19,"stress_label",5,8,0.1,0.602564102564103,0.602564102564103,0.595726495726496,5,"top5","eeg_tleft_sampent_full_change_precond;eeg_tleft_halpha_mean_full_change_precond;gsr_skin_conductance_eda_tonic_mean_nk_full_change_precond;eeg_tleft_lalpha_mean_full_change_precond;hrv_rmssd_full_change_precond"
2025-11-26 18:39:28.072209,19,"stress_label",5,16,0.1,0.615384615384615,0.602564102564103,0.615384615384615,5,"top5","eeg_tleft_sampent_full_change_precond;eeg_tleft_halpha_mean_full_change_precond;gsr_skin_conductance_eda_tonic_mean_nk_full_change_precond;eeg_tleft_lalpha_mean_full_change_precond;hrv_rmssd_full_change_precond"
2025-11-26 18:39:28.818689,19,"stress_label",5,32,0.1,0.58974358974359,0.538461538461538,0.583760683760684,5,"top5","eeg_tleft_sampent_full_change_precond;eeg_tleft_halpha_mean_full_change_precond;gsr_skin_conductance_eda_tonic_mean_nk_full_change_precond;eeg_tleft_lalpha_mean_full_change_precond;hrv_rmssd_full_change_precond"
2025-11-26 18:39:29.718484,19,"stress_label",5,64,0.1,0.512820512820513,0.506410256410256,NA,5,"top5","eeg_tleft_sampent_full_change_precond;eeg_tleft_halpha_mean_full_change_precond;gsr_skin_conductance_eda_tonic_mean_nk_full_change_precond;eeg_tleft_lalpha_mean_full_change_precond;hrv_rmssd_full_change_precond"
2025-11-26 18:39:30.867838,19,"stress_label",5,128,0.1,0.493589743589744,0.5,NA,5,"top5","eeg_tleft_sampent_full_change_precond;eeg_tleft_halpha_mean_full_change_precond;gsr_skin_conductance_eda_tonic_mean_nk_full_change_precond;eeg_tleft_lalpha_mean_full_change_precond;hrv_rmssd_full_change_precond"
2025-11-26 18:39:32.288527,19,"stress_label",5,256,0.1,0.474358974358974,0.391025641025641,NA,5,"top5","eeg_tleft_sampent_full_change_precond;eeg_tleft_halpha_mean_full_change_precond;gsr_skin_conductance_eda_tonic_mean_nk_full_change_precond;eeg_tleft_lalpha_mean_full_change_precond;hrv_rmssd_full_change_precond"
2025-11-26 18:39:33.504889,23,"stress_label",20,2,0.0078125,0.557692307692308,0.621794871794872,0.533333333333333,20,"top20","eeg_tleft_sampent_full_change_precond;eeg_tleft_halpha_mean_full_change_precond;eeg_t_sampent_full_change_precond;eeg_c_theta_mean_full_change_precond;eeg_pright_sampent_full_change_precond;pupil_dilation_sd_full_change_precond;hrv_rmssd_full_change_precond;gsr_skin_conductance_eda_tonic_mean_nk_full_change_precond;eeg_tleft_lalpha_mean_full_change_precond;eeg_fl_hbeta_mean_full_change_precond;eeg_fr_sampent_full_change_precond;eeg_fm_theta_mean_full_change_precond;eeg_c_sampent_full_change_precond;hr_heartrate_bpm_med_abs_full_change_precond;eeg_tleft_hbeta_mean_full_change_precond;pupil_asymmetry_full_change_precond;eeg_c_specent_full_change_precond;eeg_fm_sampent_full_change_precond;eeg_pleft_halpha_mean_full_change_precond;eeg_pleft_lbeta_mean_full_change_precond"
2025-11-26 18:39:34.5559,23,"stress_label",20,4,0.0078125,0.551282051282051,0.608974358974359,0.534188034188034,20,"top20","eeg_tleft_sampent_full_change_precond;eeg_tleft_halpha_mean_full_change_precond;eeg_t_sampent_full_change_precond;eeg_c_theta_mean_full_change_precond;eeg_pright_sampent_full_change_precond;pupil_dilation_sd_full_change_precond;hrv_rmssd_full_change_precond;gsr_skin_conductance_eda_tonic_mean_nk_full_change_precond;eeg_tleft_lalpha_mean_full_change_precond;eeg_fl_hbeta_mean_full_change_precond;eeg_fr_sampent_full_change_precond;eeg_fm_theta_mean_full_change_precond;eeg_c_sampent_full_change_precond;hr_heartrate_bpm_med_abs_full_change_precond;eeg_tleft_hbeta_mean_full_change_precond;pupil_asymmetry_full_change_precond;eeg_c_specent_full_change_precond;eeg_fm_sampent_full_change_precond;eeg_pleft_halpha_mean_full_change_precond;eeg_pleft_lbeta_mean_full_change_precond"
2025-11-26 18:39:35.570146,23,"stress_label",20,8,0.0078125,0.557692307692308,0.57051282051282,0.548717948717949,20,"top20","eeg_tleft_sampent_full_change_precond;eeg_tleft_halpha_mean_full_change_precond;eeg_t_sampent_full_change_precond;eeg_c_theta_mean_full_change_precond;eeg_pright_sampent_full_change_precond;pupil_dilation_sd_full_change_precond;hrv_rmssd_full_change_precond;gsr_skin_conductance_eda_tonic_mean_nk_full_change_precond;eeg_tleft_lalpha_mean_full_change_precond;eeg_fl_hbeta_mean_full_change_precond;eeg_fr_sampent_full_change_precond;eeg_fm_theta_mean_full_change_precond;eeg_c_sampent_full_change_precond;hr_heartrate_bpm_med_abs_full_change_precond;eeg_tleft_hbeta_mean_full_change_precond;pupil_asymmetry_full_change_precond;eeg_c_specent_full_change_precond;eeg_fm_sampent_full_change_precond;eeg_pleft_halpha_mean_full_change_precond;eeg_pleft_lbeta_mean_full_change_precond"
2025-11-26 18:39:36.603386,23,"stress_label",20,16,0.0078125,0.602564102564103,0.602564102564103,0.596581196581197,20,"top20","eeg_tleft_sampent_full_change_precond;eeg_tleft_halpha_mean_full_change_precond;eeg_t_sampent_full_change_precond;eeg_c_theta_mean_full_change_precond;eeg_pright_sampent_full_change_precond;pupil_dilation_sd_full_change_precond;hrv_rmssd_full_change_precond;gsr_skin_conductance_eda_tonic_mean_nk_full_change_precond;eeg_tleft_lalpha_mean_full_change_precond;eeg_fl_hbeta_mean_full_change_precond;eeg_fr_sampent_full_change_precond;eeg_fm_theta_mean_full_change_precond;eeg_c_sampent_full_change_precond;hr_heartrate_bpm_med_abs_full_change_precond;eeg_tleft_hbeta_mean_full_change_precond;pupil_asymmetry_full_change_precond;eeg_c_specent_full_change_precond;eeg_fm_sampent_full_change_precond;eeg_pleft_halpha_mean_full_change_precond;eeg_pleft_lbeta_mean_full_change_precond"
2025-11-26 18:39:37.659811,23,"stress_label",20,32,0.0078125,0.608974358974359,0.628205128205128,0.605982905982906,20,"top20","eeg_tleft_sampent_full_change_precond;eeg_tleft_halpha_mean_full_change_precond;eeg_t_sampent_full_change_precond;eeg_c_theta_mean_full_change_precond;eeg_pright_sampent_full_change_precond;pupil_dilation_sd_full_change_precond;hrv_rmssd_full_change_precond;gsr_skin_conductance_eda_tonic_mean_nk_full_change_precond;eeg_tleft_lalpha_mean_full_change_precond;eeg_fl_hbeta_mean_full_change_precond;eeg_fr_sampent_full_change_precond;eeg_fm_theta_mean_full_change_precond;eeg_c_sampent_full_change_precond;hr_heartrate_bpm_med_abs_full_change_precond;eeg_tleft_hbeta_mean_full_change_precond;pupil_asymmetry_full_change_precond;eeg_c_specent_full_change_precond;eeg_fm_sampent_full_change_precond;eeg_pleft_halpha_mean_full_change_precond;eeg_pleft_lbeta_mean_full_change_precond"
2025-11-26 18:39:38.805832,23,"stress_label",20,64,0.0078125,0.576923076923077,0.628205128205128,0.568376068376068,20,"top20","eeg_tleft_sampent_full_change_precond;eeg_tleft_halpha_mean_full_change_precond;eeg_t_sampent_full_change_precond;eeg_c_theta_mean_full_change_precond;eeg_pright_sampent_full_change_precond;pupil_dilation_sd_full_change_precond;hrv_rmssd_full_change_precond;gsr_skin_conductance_eda_tonic_mean_nk_full_change_precond;eeg_tleft_lalpha_mean_full_change_precond;eeg_fl_hbeta_mean_full_change_precond;eeg_fr_sampent_full_change_precond;eeg_fm_theta_mean_full_change_precond;eeg_c_sampent_full_change_precond;hr_heartrate_bpm_med_abs_full_change_precond;eeg_tleft_hbeta_mean_full_change_precond;pupil_asymmetry_full_change_precond;eeg_c_specent_full_change_precond;eeg_fm_sampent_full_change_precond;eeg_pleft_halpha_mean_full_change_precond;eeg_pleft_lbeta_mean_full_change_precond"
2025-11-26 18:39:40.056102,23,"stress_label",20,128,0.0078125,0.557692307692308,0.583333333333333,0.55982905982906,20,"top20","eeg_tleft_sampent_full_change_precond;eeg_tleft_halpha_mean_full_change_precond;eeg_t_sampent_full_change_precond;eeg_c_theta_mean_full_change_precond;eeg_pright_sampent_full_change_precond;pupil_dilation_sd_full_change_precond;hrv_rmssd_full_change_precond;gsr_skin_conductance_eda_tonic_mean_nk_full_change_precond;eeg_tleft_lalpha_mean_full_change_precond;eeg_fl_hbeta_mean_full_change_precond;eeg_fr_sampent_full_change_precond;eeg_fm_theta_mean_full_change_precond;eeg_c_sampent_full_change_precond;hr_heartrate_bpm_med_abs_full_change_precond;eeg_tleft_hbeta_mean_full_change_precond;pupil_asymmetry_full_change_precond;eeg_c_specent_full_change_precond;eeg_fm_sampent_full_change_precond;eeg_pleft_halpha_mean_full_change_precond;eeg_pleft_lbeta_mean_full_change_precond"
2025-11-26 18:39:41.406154,23,"stress_label",20,256,0.0078125,0.564102564102564,0.608974358974359,0.551282051282051,20,"top20","eeg_tleft_sampent_full_change_precond;eeg_tleft_halpha_mean_full_change_precond;eeg_t_sampent_full_change_precond;eeg_c_theta_mean_full_change_precond;eeg_pright_sampent_full_change_precond;pupil_dilation_sd_full_change_precond;hrv_rmssd_full_change_precond;gsr_skin_conductance_eda_tonic_mean_nk_full_change_precond;eeg_tleft_lalpha_mean_full_change_precond;eeg_fl_hbeta_mean_full_change_precond;eeg_fr_sampent_full_change_precond;eeg_fm_theta_mean_full_change_precond;eeg_c_sampent_full_change_precond;hr_heartrate_bpm_med_abs_full_change_precond;eeg_tleft_hbeta_mean_full_change_precond;pupil_asymmetry_full_change_precond;eeg_c_specent_full_change_precond;eeg_fm_sampent_full_change_precond;eeg_pleft_halpha_mean_full_change_precond;eeg_pleft_lbeta_mean_full_change_precond"
2025-11-26 18:39:42.39282,23,"stress_label",20,2,0.015625,0.557692307692308,0.615384615384615,0.545299145299145,20,"top20","eeg_tleft_sampent_full_change_precond;eeg_tleft_halpha_mean_full_change_precond;eeg_t_sampent_full_change_precond;eeg_c_theta_mean_full_change_precond;eeg_pright_sampent_full_change_precond;pupil_dilation_sd_full_change_precond;hrv_rmssd_full_change_precond;gsr_skin_conductance_eda_tonic_mean_nk_full_change_precond;eeg_tleft_lalpha_mean_full_change_precond;eeg_fl_hbeta_mean_full_change_precond;eeg_fr_sampent_full_change_precond;eeg_fm_theta_mean_full_change_precond;eeg_c_sampent_full_change_precond;hr_heartrate_bpm_med_abs_full_change_precond;eeg_tleft_hbeta_mean_full_change_precond;pupil_asymmetry_full_change_precond;eeg_c_specent_full_change_precond;eeg_fm_sampent_full_change_precond;eeg_pleft_halpha_mean_full_change_precond;eeg_pleft_lbeta_mean_full_change_precond"
2025-11-26 18:39:43.428835,23,"stress_label",20,4,0.015625,0.564102564102564,0.608974358974359,0.552136752136752,20,"top20","eeg_tleft_sampent_full_change_precond;eeg_tleft_halpha_mean_full_change_precond;eeg_t_sampent_full_change_precond;eeg_c_theta_mean_full_change_precond;eeg_pright_sampent_full_change_precond;pupil_dilation_sd_full_change_precond;hrv_rmssd_full_change_precond;gsr_skin_conductance_eda_tonic_mean_nk_full_change_precond;eeg_tleft_lalpha_mean_full_change_precond;eeg_fl_hbeta_mean_full_change_precond;eeg_fr_sampent_full_change_precond;eeg_fm_theta_mean_full_change_precond;eeg_c_sampent_full_change_precond;hr_heartrate_bpm_med_abs_full_change_precond;eeg_tleft_hbeta_mean_full_change_precond;pupil_asymmetry_full_change_precond;eeg_c_specent_full_change_precond;eeg_fm_sampent_full_change_precond;eeg_pleft_halpha_mean_full_change_precond;eeg_pleft_lbeta_mean_full_change_precond"
2025-11-26 18:39:44.469046,23,"stress_label",20,8,0.015625,0.615384615384615,0.628205128205128,0.606837606837607,20,"top20","eeg_tleft_sampent_full_change_precond;eeg_tleft_halpha_mean_full_change_precond;eeg_t_sampent_full_change_precond;eeg_c_theta_mean_full_change_precond;eeg_pright_sampent_full_change_precond;pupil_dilation_sd_full_change_precond;hrv_rmssd_full_change_precond;gsr_skin_conductance_eda_tonic_mean_nk_full_change_precond;eeg_tleft_lalpha_mean_full_change_precond;eeg_fl_hbeta_mean_full_change_precond;eeg_fr_sampent_full_change_precond;eeg_fm_theta_mean_full_change_precond;eeg_c_sampent_full_change_precond;hr_heartrate_bpm_med_abs_full_change_precond;eeg_tleft_hbeta_mean_full_change_precond;pupil_asymmetry_full_change_precond;eeg_c_specent_full_change_precond;eeg_fm_sampent_full_change_precond;eeg_pleft_halpha_mean_full_change_precond;eeg_pleft_lbeta_mean_full_change_precond"
2025-11-26 18:39:45.526735,23,"stress_label",20,16,0.015625,0.596153846153846,0.621794871794872,0.584615384615385,20,"top20","eeg_tleft_sampent_full_change_precond;eeg_tleft_halpha_mean_full_change_precond;eeg_t_sampent_full_change_precond;eeg_c_theta_mean_full_change_precond;eeg_pright_sampent_full_change_precond;pupil_dilation_sd_full_change_precond;hrv_rmssd_full_change_precond;gsr_skin_conductance_eda_tonic_mean_nk_full_change_precond;eeg_tleft_lalpha_mean_full_change_precond;eeg_fl_hbeta_mean_full_change_precond;eeg_fr_sampent_full_change_precond;eeg_fm_theta_mean_full_change_precond;eeg_c_sampent_full_change_precond;hr_heartrate_bpm_med_abs_full_change_precond;eeg_tleft_hbeta_mean_full_change_precond;pupil_asymmetry_full_change_precond;eeg_c_specent_full_change_precond;eeg_fm_sampent_full_change_precond;eeg_pleft_halpha_mean_full_change_precond;eeg_pleft_lbeta_mean_full_change_precond"
2025-11-26 18:39:46.686631,23,"stress_label",20,32,0.015625,0.557692307692308,0.58974358974359,0.552136752136752,20,"top20","eeg_tleft_sampent_full_change_precond;eeg_tleft_halpha_mean_full_change_precond;eeg_t_sampent_full_change_precond;eeg_c_theta_mean_full_change_precond;eeg_pright_sampent_full_change_precond;pupil_dilation_sd_full_change_precond;hrv_rmssd_full_change_precond;gsr_skin_conductance_eda_tonic_mean_nk_full_change_precond;eeg_tleft_lalpha_mean_full_change_precond;eeg_fl_hbeta_mean_full_change_precond;eeg_fr_sampent_full_change_precond;eeg_fm_theta_mean_full_change_precond;eeg_c_sampent_full_change_precond;hr_heartrate_bpm_med_abs_full_change_precond;eeg_tleft_hbeta_mean_full_change_precond;pupil_asymmetry_full_change_precond;eeg_c_specent_full_change_precond;eeg_fm_sampent_full_change_precond;eeg_pleft_halpha_mean_full_change_precond;eeg_pleft_lbeta_mean_full_change_precond"
2025-11-26 18:39:47.961818,23,"stress_label",20,64,0.015625,0.564102564102564,0.576923076923077,0.555555555555556,20,"top20","eeg_tleft_sampent_full_change_precond;eeg_tleft_halpha_mean_full_change_precond;eeg_t_sampent_full_change_precond;eeg_c_theta_mean_full_change_precond;eeg_pright_sampent_full_change_precond;pupil_dilation_sd_full_change_precond;hrv_rmssd_full_change_precond;gsr_skin_conductance_eda_tonic_mean_nk_full_change_precond;eeg_tleft_lalpha_mean_full_change_precond;eeg_fl_hbeta_mean_full_change_precond;eeg_fr_sampent_full_change_precond;eeg_fm_theta_mean_full_change_precond;eeg_c_sampent_full_change_precond;hr_heartrate_bpm_med_abs_full_change_precond;eeg_tleft_hbeta_mean_full_change_precond;pupil_asymmetry_full_change_precond;eeg_c_specent_full_change_precond;eeg_fm_sampent_full_change_precond;eeg_pleft_halpha_mean_full_change_precond;eeg_pleft_lbeta_mean_full_change_precond"
2025-11-26 18:39:49.267334,23,"stress_label",20,128,0.015625,0.557692307692308,0.596153846153846,NA,20,"top20","eeg_tleft_sampent_full_change_precond;eeg_tleft_halpha_mean_full_change_precond;eeg_t_sampent_full_change_precond;eeg_c_theta_mean_full_change_precond;eeg_pright_sampent_full_change_precond;pupil_dilation_sd_full_change_precond;hrv_rmssd_full_change_precond;gsr_skin_conductance_eda_tonic_mean_nk_full_change_precond;eeg_tleft_lalpha_mean_full_change_precond;eeg_fl_hbeta_mean_full_change_precond;eeg_fr_sampent_full_change_precond;eeg_fm_theta_mean_full_change_precond;eeg_c_sampent_full_change_precond;hr_heartrate_bpm_med_abs_full_change_precond;eeg_tleft_hbeta_mean_full_change_precond;pupil_asymmetry_full_change_precond;eeg_c_specent_full_change_precond;eeg_fm_sampent_full_change_precond;eeg_pleft_halpha_mean_full_change_precond;eeg_pleft_lbeta_mean_full_change_precond"
2025-11-26 18:39:50.382415,23,"stress_label",20,256,0.015625,0.557692307692308,0.58974358974359,NA,20,"top20","eeg_tleft_sampent_full_change_precond;eeg_tleft_halpha_mean_full_change_precond;eeg_t_sampent_full_change_precond;eeg_c_theta_mean_full_change_precond;eeg_pright_sampent_full_change_precond;pupil_dilation_sd_full_change_precond;hrv_rmssd_full_change_precond;gsr_skin_conductance_eda_tonic_mean_nk_full_change_precond;eeg_tleft_lalpha_mean_full_change_precond;eeg_fl_hbeta_mean_full_change_precond;eeg_fr_sampent_full_change_precond;eeg_fm_theta_mean_full_change_precond;eeg_c_sampent_full_change_precond;hr_heartrate_bpm_med_abs_full_change_precond;eeg_tleft_hbeta_mean_full_change_precond;pupil_asymmetry_full_change_precond;eeg_c_specent_full_change_precond;eeg_fm_sampent_full_change_precond;eeg_pleft_halpha_mean_full_change_precond;eeg_pleft_lbeta_mean_full_change_precond"
2025-11-26 18:39:51.357177,23,"stress_label",20,2,0.03125,0.602564102564103,0.621794871794872,0.590598290598291,20,"top20","eeg_tleft_sampent_full_change_precond;eeg_tleft_halpha_mean_full_change_precond;eeg_t_sampent_full_change_precond;eeg_c_theta_mean_full_change_precond;eeg_pright_sampent_full_change_precond;pupil_dilation_sd_full_change_precond;hrv_rmssd_full_change_precond;gsr_skin_conductance_eda_tonic_mean_nk_full_change_precond;eeg_tleft_lalpha_mean_full_change_precond;eeg_fl_hbeta_mean_full_change_precond;eeg_fr_sampent_full_change_precond;eeg_fm_theta_mean_full_change_precond;eeg_c_sampent_full_change_precond;hr_heartrate_bpm_med_abs_full_change_precond;eeg_tleft_hbeta_mean_full_change_precond;pupil_asymmetry_full_change_precond;eeg_c_specent_full_change_precond;eeg_fm_sampent_full_change_precond;eeg_pleft_halpha_mean_full_change_precond;eeg_pleft_lbeta_mean_full_change_precond"
2025-11-26 18:39:52.429874,23,"stress_label",20,4,0.03125,0.615384615384615,0.634615384615385,0.603418803418803,20,"top20","eeg_tleft_sampent_full_change_precond;eeg_tleft_halpha_mean_full_change_precond;eeg_t_sampent_full_change_precond;eeg_c_theta_mean_full_change_precond;eeg_pright_sampent_full_change_precond;pupil_dilation_sd_full_change_precond;hrv_rmssd_full_change_precond;gsr_skin_conductance_eda_tonic_mean_nk_full_change_precond;eeg_tleft_lalpha_mean_full_change_precond;eeg_fl_hbeta_mean_full_change_precond;eeg_fr_sampent_full_change_precond;eeg_fm_theta_mean_full_change_precond;eeg_c_sampent_full_change_precond;hr_heartrate_bpm_med_abs_full_change_precond;eeg_tleft_hbeta_mean_full_change_precond;pupil_asymmetry_full_change_precond;eeg_c_specent_full_change_precond;eeg_fm_sampent_full_change_precond;eeg_pleft_halpha_mean_full_change_precond;eeg_pleft_lbeta_mean_full_change_precond"
2025-11-26 18:39:53.486168,23,"stress_label",20,8,0.03125,0.58974358974359,0.596153846153846,0.57008547008547,20,"top20","eeg_tleft_sampent_full_change_precond;eeg_tleft_halpha_mean_full_change_precond;eeg_t_sampent_full_change_precond;eeg_c_theta_mean_full_change_precond;eeg_pright_sampent_full_change_precond;pupil_dilation_sd_full_change_precond;hrv_rmssd_full_change_precond;gsr_skin_conductance_eda_tonic_mean_nk_full_change_precond;eeg_tleft_lalpha_mean_full_change_precond;eeg_fl_hbeta_mean_full_change_precond;eeg_fr_sampent_full_change_precond;eeg_fm_theta_mean_full_change_precond;eeg_c_sampent_full_change_precond;hr_heartrate_bpm_med_abs_full_change_precond;eeg_tleft_hbeta_mean_full_change_precond;pupil_asymmetry_full_change_precond;eeg_c_specent_full_change_precond;eeg_fm_sampent_full_change_precond;eeg_pleft_halpha_mean_full_change_precond;eeg_pleft_lbeta_mean_full_change_precond"
2025-11-26 18:39:54.435665,23,"stress_label",20,16,0.03125,0.583333333333333,0.58974358974359,0.570940170940171,20,"top20","eeg_tleft_sampent_full_change_precond;eeg_tleft_halpha_mean_full_change_precond;eeg_t_sampent_full_change_precond;eeg_c_theta_mean_full_change_precond;eeg_pright_sampent_full_change_precond;pupil_dilation_sd_full_change_precond;hrv_rmssd_full_change_precond;gsr_skin_conductance_eda_tonic_mean_nk_full_change_precond;eeg_tleft_lalpha_mean_full_change_precond;eeg_fl_hbeta_mean_full_change_precond;eeg_fr_sampent_full_change_precond;eeg_fm_theta_mean_full_change_precond;eeg_c_sampent_full_change_precond;hr_heartrate_bpm_med_abs_full_change_precond;eeg_tleft_hbeta_mean_full_change_precond;pupil_asymmetry_full_change_precond;eeg_c_specent_full_change_precond;eeg_fm_sampent_full_change_precond;eeg_pleft_halpha_mean_full_change_precond;eeg_pleft_lbeta_mean_full_change_precond"
2025-11-26 18:39:55.64222,23,"stress_label",20,32,0.03125,0.576923076923077,0.596153846153846,NA,20,"top20","eeg_tleft_sampent_full_change_precond;eeg_tleft_halpha_mean_full_change_precond;eeg_t_sampent_full_change_precond;eeg_c_theta_mean_full_change_precond;eeg_pright_sampent_full_change_precond;pupil_dilation_sd_full_change_precond;hrv_rmssd_full_change_precond;gsr_skin_conductance_eda_tonic_mean_nk_full_change_precond;eeg_tleft_lalpha_mean_full_change_precond;eeg_fl_hbeta_mean_full_change_precond;eeg_fr_sampent_full_change_precond;eeg_fm_theta_mean_full_change_precond;eeg_c_sampent_full_change_precond;hr_heartrate_bpm_med_abs_full_change_precond;eeg_tleft_hbeta_mean_full_change_precond;pupil_asymmetry_full_change_precond;eeg_c_specent_full_change_precond;eeg_fm_sampent_full_change_precond;eeg_pleft_halpha_mean_full_change_precond;eeg_pleft_lbeta_mean_full_change_precond"
2025-11-26 18:39:56.64022,23,"stress_label",20,64,0.03125,0.576923076923077,0.583333333333333,0.564957264957265,20,"top20","eeg_tleft_sampent_full_change_precond;eeg_tleft_halpha_mean_full_change_precond;eeg_t_sampent_full_change_precond;eeg_c_theta_mean_full_change_precond;eeg_pright_sampent_full_change_precond;pupil_dilation_sd_full_change_precond;hrv_rmssd_full_change_precond;gsr_skin_conductance_eda_tonic_mean_nk_full_change_precond;eeg_tleft_lalpha_mean_full_change_precond;eeg_fl_hbeta_mean_full_change_precond;eeg_fr_sampent_full_change_precond;eeg_fm_theta_mean_full_change_precond;eeg_c_sampent_full_change_precond;hr_heartrate_bpm_med_abs_full_change_precond;eeg_tleft_hbeta_mean_full_change_precond;pupil_asymmetry_full_change_precond;eeg_c_specent_full_change_precond;eeg_fm_sampent_full_change_precond;eeg_pleft_halpha_mean_full_change_precond;eeg_pleft_lbeta_mean_full_change_precond"
2025-11-26 18:39:57.603085,23,"stress_label",20,128,0.03125,0.576923076923077,0.583333333333333,0.564957264957265,20,"top20","eeg_tleft_sampent_full_change_precond;eeg_tleft_halpha_mean_full_change_precond;eeg_t_sampent_full_change_precond;eeg_c_theta_mean_full_change_precond;eeg_pright_sampent_full_change_precond;pupil_dilation_sd_full_change_precond;hrv_rmssd_full_change_precond;gsr_skin_conductance_eda_tonic_mean_nk_full_change_precond;eeg_tleft_lalpha_mean_full_change_precond;eeg_fl_hbeta_mean_full_change_precond;eeg_fr_sampent_full_change_precond;eeg_fm_theta_mean_full_change_precond;eeg_c_sampent_full_change_precond;hr_heartrate_bpm_med_abs_full_change_precond;eeg_tleft_hbeta_mean_full_change_precond;pupil_asymmetry_full_change_precond;eeg_c_specent_full_change_precond;eeg_fm_sampent_full_change_precond;eeg_pleft_halpha_mean_full_change_precond;eeg_pleft_lbeta_mean_full_change_precond"
2025-11-26 18:39:58.663645,23,"stress_label",20,256,0.03125,0.576923076923077,0.583333333333333,0.564957264957265,20,"top20","eeg_tleft_sampent_full_change_precond;eeg_tleft_halpha_mean_full_change_precond;eeg_t_sampent_full_change_precond;eeg_c_theta_mean_full_change_precond;eeg_pright_sampent_full_change_precond;pupil_dilation_sd_full_change_precond;hrv_rmssd_full_change_precond;gsr_skin_conductance_eda_tonic_mean_nk_full_change_precond;eeg_tleft_lalpha_mean_full_change_precond;eeg_fl_hbeta_mean_full_change_precond;eeg_fr_sampent_full_change_precond;eeg_fm_theta_mean_full_change_precond;eeg_c_sampent_full_change_precond;hr_heartrate_bpm_med_abs_full_change_precond;eeg_tleft_hbeta_mean_full_change_precond;pupil_asymmetry_full_change_precond;eeg_c_specent_full_change_precond;eeg_fm_sampent_full_change_precond;eeg_pleft_halpha_mean_full_change_precond;eeg_pleft_lbeta_mean_full_change_precond"
2025-11-26 18:39:59.608679,23,"stress_label",20,2,0.0625,0.596153846153846,0.641025641025641,0.572649572649573,20,"top20","eeg_tleft_sampent_full_change_precond;eeg_tleft_halpha_mean_full_change_precond;eeg_t_sampent_full_change_precond;eeg_c_theta_mean_full_change_precond;eeg_pright_sampent_full_change_precond;pupil_dilation_sd_full_change_precond;hrv_rmssd_full_change_precond;gsr_skin_conductance_eda_tonic_mean_nk_full_change_precond;eeg_tleft_lalpha_mean_full_change_precond;eeg_fl_hbeta_mean_full_change_precond;eeg_fr_sampent_full_change_precond;eeg_fm_theta_mean_full_change_precond;eeg_c_sampent_full_change_precond;hr_heartrate_bpm_med_abs_full_change_precond;eeg_tleft_hbeta_mean_full_change_precond;pupil_asymmetry_full_change_precond;eeg_c_specent_full_change_precond;eeg_fm_sampent_full_change_precond;eeg_pleft_halpha_mean_full_change_precond;eeg_pleft_lbeta_mean_full_change_precond"
2025-11-26 18:40:00.583737,23,"stress_label",20,4,0.0625,0.564102564102564,0.615384615384615,0.552991452991453,20,"top20","eeg_tleft_sampent_full_change_precond;eeg_tleft_halpha_mean_full_change_precond;eeg_t_sampent_full_change_precond;eeg_c_theta_mean_full_change_precond;eeg_pright_sampent_full_change_precond;pupil_dilation_sd_full_change_precond;hrv_rmssd_full_change_precond;gsr_skin_conductance_eda_tonic_mean_nk_full_change_precond;eeg_tleft_lalpha_mean_full_change_precond;eeg_fl_hbeta_mean_full_change_precond;eeg_fr_sampent_full_change_precond;eeg_fm_theta_mean_full_change_precond;eeg_c_sampent_full_change_precond;hr_heartrate_bpm_med_abs_full_change_precond;eeg_tleft_hbeta_mean_full_change_precond;pupil_asymmetry_full_change_precond;eeg_c_specent_full_change_precond;eeg_fm_sampent_full_change_precond;eeg_pleft_halpha_mean_full_change_precond;eeg_pleft_lbeta_mean_full_change_precond"
2025-11-26 18:40:01.467031,23,"stress_label",20,8,0.0625,0.58974358974359,0.628205128205128,0.57008547008547,20,"top20","eeg_tleft_sampent_full_change_precond;eeg_tleft_halpha_mean_full_change_precond;eeg_t_sampent_full_change_precond;eeg_c_theta_mean_full_change_precond;eeg_pright_sampent_full_change_precond;pupil_dilation_sd_full_change_precond;hrv_rmssd_full_change_precond;gsr_skin_conductance_eda_tonic_mean_nk_full_change_precond;eeg_tleft_lalpha_mean_full_change_precond;eeg_fl_hbeta_mean_full_change_precond;eeg_fr_sampent_full_change_precond;eeg_fm_theta_mean_full_change_precond;eeg_c_sampent_full_change_precond;hr_heartrate_bpm_med_abs_full_change_precond;eeg_tleft_hbeta_mean_full_change_precond;pupil_asymmetry_full_change_precond;eeg_c_specent_full_change_precond;eeg_fm_sampent_full_change_precond;eeg_pleft_halpha_mean_full_change_precond;eeg_pleft_lbeta_mean_full_change_precond"
2025-11-26 18:40:02.446355,23,"stress_label",20,16,0.0625,0.58974358974359,0.602564102564103,0.57008547008547,20,"top20","eeg_tleft_sampent_full_change_precond;eeg_tleft_halpha_mean_full_change_precond;eeg_t_sampent_full_change_precond;eeg_c_theta_mean_full_change_precond;eeg_pright_sampent_full_change_precond;pupil_dilation_sd_full_change_precond;hrv_rmssd_full_change_precond;gsr_skin_conductance_eda_tonic_mean_nk_full_change_precond;eeg_tleft_lalpha_mean_full_change_precond;eeg_fl_hbeta_mean_full_change_precond;eeg_fr_sampent_full_change_precond;eeg_fm_theta_mean_full_change_precond;eeg_c_sampent_full_change_precond;hr_heartrate_bpm_med_abs_full_change_precond;eeg_tleft_hbeta_mean_full_change_precond;pupil_asymmetry_full_change_precond;eeg_c_specent_full_change_precond;eeg_fm_sampent_full_change_precond;eeg_pleft_halpha_mean_full_change_precond;eeg_pleft_lbeta_mean_full_change_precond"
2025-11-26 18:40:03.443388,23,"stress_label",20,32,0.0625,0.58974358974359,0.602564102564103,0.57008547008547,20,"top20","eeg_tleft_sampent_full_change_precond;eeg_tleft_halpha_mean_full_change_precond;eeg_t_sampent_full_change_precond;eeg_c_theta_mean_full_change_precond;eeg_pright_sampent_full_change_precond;pupil_dilation_sd_full_change_precond;hrv_rmssd_full_change_precond;gsr_skin_conductance_eda_tonic_mean_nk_full_change_precond;eeg_tleft_lalpha_mean_full_change_precond;eeg_fl_hbeta_mean_full_change_precond;eeg_fr_sampent_full_change_precond;eeg_fm_theta_mean_full_change_precond;eeg_c_sampent_full_change_precond;hr_heartrate_bpm_med_abs_full_change_precond;eeg_tleft_hbeta_mean_full_change_precond;pupil_asymmetry_full_change_precond;eeg_c_specent_full_change_precond;eeg_fm_sampent_full_change_precond;eeg_pleft_halpha_mean_full_change_precond;eeg_pleft_lbeta_mean_full_change_precond"
2025-11-26 18:40:04.786522,23,"stress_label",20,64,0.0625,0.58974358974359,0.602564102564103,0.57008547008547,20,"top20","eeg_tleft_sampent_full_change_precond;eeg_tleft_halpha_mean_full_change_precond;eeg_t_sampent_full_change_precond;eeg_c_theta_mean_full_change_precond;eeg_pright_sampent_full_change_precond;pupil_dilation_sd_full_change_precond;hrv_rmssd_full_change_precond;gsr_skin_conductance_eda_tonic_mean_nk_full_change_precond;eeg_tleft_lalpha_mean_full_change_precond;eeg_fl_hbeta_mean_full_change_precond;eeg_fr_sampent_full_change_precond;eeg_fm_theta_mean_full_change_precond;eeg_c_sampent_full_change_precond;hr_heartrate_bpm_med_abs_full_change_precond;eeg_tleft_hbeta_mean_full_change_precond;pupil_asymmetry_full_change_precond;eeg_c_specent_full_change_precond;eeg_fm_sampent_full_change_precond;eeg_pleft_halpha_mean_full_change_precond;eeg_pleft_lbeta_mean_full_change_precond"
2025-11-26 18:40:05.907191,23,"stress_label",20,128,0.0625,0.58974358974359,0.602564102564103,0.57008547008547,20,"top20","eeg_tleft_sampent_full_change_precond;eeg_tleft_halpha_mean_full_change_precond;eeg_t_sampent_full_change_precond;eeg_c_theta_mean_full_change_precond;eeg_pright_sampent_full_change_precond;pupil_dilation_sd_full_change_precond;hrv_rmssd_full_change_precond;gsr_skin_conductance_eda_tonic_mean_nk_full_change_precond;eeg_tleft_lalpha_mean_full_change_precond;eeg_fl_hbeta_mean_full_change_precond;eeg_fr_sampent_full_change_precond;eeg_fm_theta_mean_full_change_precond;eeg_c_sampent_full_change_precond;hr_heartrate_bpm_med_abs_full_change_precond;eeg_tleft_hbeta_mean_full_change_precond;pupil_asymmetry_full_change_precond;eeg_c_specent_full_change_precond;eeg_fm_sampent_full_change_precond;eeg_pleft_halpha_mean_full_change_precond;eeg_pleft_lbeta_mean_full_change_precond"
2025-11-26 18:40:07.046699,23,"stress_label",20,256,0.0625,0.58974358974359,0.602564102564103,0.57008547008547,20,"top20","eeg_tleft_sampent_full_change_precond;eeg_tleft_halpha_mean_full_change_precond;eeg_t_sampent_full_change_precond;eeg_c_theta_mean_full_change_precond;eeg_pright_sampent_full_change_precond;pupil_dilation_sd_full_change_precond;hrv_rmssd_full_change_precond;gsr_skin_conductance_eda_tonic_mean_nk_full_change_precond;eeg_tleft_lalpha_mean_full_change_precond;eeg_fl_hbeta_mean_full_change_precond;eeg_fr_sampent_full_change_precond;eeg_fm_theta_mean_full_change_precond;eeg_c_sampent_full_change_precond;hr_heartrate_bpm_med_abs_full_change_precond;eeg_tleft_hbeta_mean_full_change_precond;pupil_asymmetry_full_change_precond;eeg_c_specent_full_change_precond;eeg_fm_sampent_full_change_precond;eeg_pleft_halpha_mean_full_change_precond;eeg_pleft_lbeta_mean_full_change_precond"
2025-11-26 18:40:08.095394,23,"stress_label",20,2,0.125,0.557692307692308,0.615384615384615,0.536752136752137,20,"top20","eeg_tleft_sampent_full_change_precond;eeg_tleft_halpha_mean_full_change_precond;eeg_t_sampent_full_change_precond;eeg_c_theta_mean_full_change_precond;eeg_pright_sampent_full_change_precond;pupil_dilation_sd_full_change_precond;hrv_rmssd_full_change_precond;gsr_skin_conductance_eda_tonic_mean_nk_full_change_precond;eeg_tleft_lalpha_mean_full_change_precond;eeg_fl_hbeta_mean_full_change_precond;eeg_fr_sampent_full_change_precond;eeg_fm_theta_mean_full_change_precond;eeg_c_sampent_full_change_precond;hr_heartrate_bpm_med_abs_full_change_precond;eeg_tleft_hbeta_mean_full_change_precond;pupil_asymmetry_full_change_precond;eeg_c_specent_full_change_precond;eeg_fm_sampent_full_change_precond;eeg_pleft_halpha_mean_full_change_precond;eeg_pleft_lbeta_mean_full_change_precond"
2025-11-26 18:40:09.188789,23,"stress_label",20,4,0.125,0.57051282051282,0.628205128205128,0.561538461538462,20,"top20","eeg_tleft_sampent_full_change_precond;eeg_tleft_halpha_mean_full_change_precond;eeg_t_sampent_full_change_precond;eeg_c_theta_mean_full_change_precond;eeg_pright_sampent_full_change_precond;pupil_dilation_sd_full_change_precond;hrv_rmssd_full_change_precond;gsr_skin_conductance_eda_tonic_mean_nk_full_change_precond;eeg_tleft_lalpha_mean_full_change_precond;eeg_fl_hbeta_mean_full_change_precond;eeg_fr_sampent_full_change_precond;eeg_fm_theta_mean_full_change_precond;eeg_c_sampent_full_change_precond;hr_heartrate_bpm_med_abs_full_change_precond;eeg_tleft_hbeta_mean_full_change_precond;pupil_asymmetry_full_change_precond;eeg_c_specent_full_change_precond;eeg_fm_sampent_full_change_precond;eeg_pleft_halpha_mean_full_change_precond;eeg_pleft_lbeta_mean_full_change_precond"
2025-11-26 18:40:10.296461,23,"stress_label",20,8,0.125,0.57051282051282,0.628205128205128,0.561538461538462,20,"top20","eeg_tleft_sampent_full_change_precond;eeg_tleft_halpha_mean_full_change_precond;eeg_t_sampent_full_change_precond;eeg_c_theta_mean_full_change_precond;eeg_pright_sampent_full_change_precond;pupil_dilation_sd_full_change_precond;hrv_rmssd_full_change_precond;gsr_skin_conductance_eda_tonic_mean_nk_full_change_precond;eeg_tleft_lalpha_mean_full_change_precond;eeg_fl_hbeta_mean_full_change_precond;eeg_fr_sampent_full_change_precond;eeg_fm_theta_mean_full_change_precond;eeg_c_sampent_full_change_precond;hr_heartrate_bpm_med_abs_full_change_precond;eeg_tleft_hbeta_mean_full_change_precond;pupil_asymmetry_full_change_precond;eeg_c_specent_full_change_precond;eeg_fm_sampent_full_change_precond;eeg_pleft_halpha_mean_full_change_precond;eeg_pleft_lbeta_mean_full_change_precond"
2025-11-26 18:40:11.361427,23,"stress_label",20,16,0.125,0.57051282051282,0.628205128205128,0.561538461538462,20,"top20","eeg_tleft_sampent_full_change_precond;eeg_tleft_halpha_mean_full_change_precond;eeg_t_sampent_full_change_precond;eeg_c_theta_mean_full_change_precond;eeg_pright_sampent_full_change_precond;pupil_dilation_sd_full_change_precond;hrv_rmssd_full_change_precond;gsr_skin_conductance_eda_tonic_mean_nk_full_change_precond;eeg_tleft_lalpha_mean_full_change_precond;eeg_fl_hbeta_mean_full_change_precond;eeg_fr_sampent_full_change_precond;eeg_fm_theta_mean_full_change_precond;eeg_c_sampent_full_change_precond;hr_heartrate_bpm_med_abs_full_change_precond;eeg_tleft_hbeta_mean_full_change_precond;pupil_asymmetry_full_change_precond;eeg_c_specent_full_change_precond;eeg_fm_sampent_full_change_precond;eeg_pleft_halpha_mean_full_change_precond;eeg_pleft_lbeta_mean_full_change_precond"
2025-11-26 18:40:12.434531,23,"stress_label",20,32,0.125,0.57051282051282,0.628205128205128,0.561538461538462,20,"top20","eeg_tleft_sampent_full_change_precond;eeg_tleft_halpha_mean_full_change_precond;eeg_t_sampent_full_change_precond;eeg_c_theta_mean_full_change_precond;eeg_pright_sampent_full_change_precond;pupil_dilation_sd_full_change_precond;hrv_rmssd_full_change_precond;gsr_skin_conductance_eda_tonic_mean_nk_full_change_precond;eeg_tleft_lalpha_mean_full_change_precond;eeg_fl_hbeta_mean_full_change_precond;eeg_fr_sampent_full_change_precond;eeg_fm_theta_mean_full_change_precond;eeg_c_sampent_full_change_precond;hr_heartrate_bpm_med_abs_full_change_precond;eeg_tleft_hbeta_mean_full_change_precond;pupil_asymmetry_full_change_precond;eeg_c_specent_full_change_precond;eeg_fm_sampent_full_change_precond;eeg_pleft_halpha_mean_full_change_precond;eeg_pleft_lbeta_mean_full_change_precond"
2025-11-26 18:40:13.542747,23,"stress_label",20,64,0.125,0.57051282051282,0.628205128205128,0.561538461538462,20,"top20","eeg_tleft_sampent_full_change_precond;eeg_tleft_halpha_mean_full_change_precond;eeg_t_sampent_full_change_precond;eeg_c_theta_mean_full_change_precond;eeg_pright_sampent_full_change_precond;pupil_dilation_sd_full_change_precond;hrv_rmssd_full_change_precond;gsr_skin_conductance_eda_tonic_mean_nk_full_change_precond;eeg_tleft_lalpha_mean_full_change_precond;eeg_fl_hbeta_mean_full_change_precond;eeg_fr_sampent_full_change_precond;eeg_fm_theta_mean_full_change_precond;eeg_c_sampent_full_change_precond;hr_heartrate_bpm_med_abs_full_change_precond;eeg_tleft_hbeta_mean_full_change_precond;pupil_asymmetry_full_change_precond;eeg_c_specent_full_change_precond;eeg_fm_sampent_full_change_precond;eeg_pleft_halpha_mean_full_change_precond;eeg_pleft_lbeta_mean_full_change_precond"
2025-11-26 18:40:14.686284,23,"stress_label",20,128,0.125,0.57051282051282,0.628205128205128,0.561538461538462,20,"top20","eeg_tleft_sampent_full_change_precond;eeg_tleft_halpha_mean_full_change_precond;eeg_t_sampent_full_change_precond;eeg_c_theta_mean_full_change_precond;eeg_pright_sampent_full_change_precond;pupil_dilation_sd_full_change_precond;hrv_rmssd_full_change_precond;gsr_skin_conductance_eda_tonic_mean_nk_full_change_precond;eeg_tleft_lalpha_mean_full_change_precond;eeg_fl_hbeta_mean_full_change_precond;eeg_fr_sampent_full_change_precond;eeg_fm_theta_mean_full_change_precond;eeg_c_sampent_full_change_precond;hr_heartrate_bpm_med_abs_full_change_precond;eeg_tleft_hbeta_mean_full_change_precond;pupil_asymmetry_full_change_precond;eeg_c_specent_full_change_precond;eeg_fm_sampent_full_change_precond;eeg_pleft_halpha_mean_full_change_precond;eeg_pleft_lbeta_mean_full_change_precond"
2025-11-26 18:40:15.829975,23,"stress_label",20,256,0.125,0.57051282051282,0.628205128205128,0.561538461538462,20,"top20","eeg_tleft_sampent_full_change_precond;eeg_tleft_halpha_mean_full_change_precond;eeg_t_sampent_full_change_precond;eeg_c_theta_mean_full_change_precond;eeg_pright_sampent_full_change_precond;pupil_dilation_sd_full_change_precond;hrv_rmssd_full_change_precond;gsr_skin_conductance_eda_tonic_mean_nk_full_change_precond;eeg_tleft_lalpha_mean_full_change_precond;eeg_fl_hbeta_mean_full_change_precond;eeg_fr_sampent_full_change_precond;eeg_fm_theta_mean_full_change_precond;eeg_c_sampent_full_change_precond;hr_heartrate_bpm_med_abs_full_change_precond;eeg_tleft_hbeta_mean_full_change_precond;pupil_asymmetry_full_change_precond;eeg_c_specent_full_change_precond;eeg_fm_sampent_full_change_precond;eeg_pleft_halpha_mean_full_change_precond;eeg_pleft_lbeta_mean_full_change_precond"
2025-11-26 18:40:16.86779,23,"stress_label",20,2,0.03,0.602564102564103,0.621794871794872,0.582051282051282,20,"top20","eeg_tleft_sampent_full_change_precond;eeg_tleft_halpha_mean_full_change_precond;eeg_t_sampent_full_change_precond;eeg_c_theta_mean_full_change_precond;eeg_pright_sampent_full_change_precond;pupil_dilation_sd_full_change_precond;hrv_rmssd_full_change_precond;gsr_skin_conductance_eda_tonic_mean_nk_full_change_precond;eeg_tleft_lalpha_mean_full_change_precond;eeg_fl_hbeta_mean_full_change_precond;eeg_fr_sampent_full_change_precond;eeg_fm_theta_mean_full_change_precond;eeg_c_sampent_full_change_precond;hr_heartrate_bpm_med_abs_full_change_precond;eeg_tleft_hbeta_mean_full_change_precond;pupil_asymmetry_full_change_precond;eeg_c_specent_full_change_precond;eeg_fm_sampent_full_change_precond;eeg_pleft_halpha_mean_full_change_precond;eeg_pleft_lbeta_mean_full_change_precond"
2025-11-26 18:40:17.911017,23,"stress_label",20,4,0.03,0.608974358974359,0.641025641025641,0.603418803418803,20,"top20","eeg_tleft_sampent_full_change_precond;eeg_tleft_halpha_mean_full_change_precond;eeg_t_sampent_full_change_precond;eeg_c_theta_mean_full_change_precond;eeg_pright_sampent_full_change_precond;pupil_dilation_sd_full_change_precond;hrv_rmssd_full_change_precond;gsr_skin_conductance_eda_tonic_mean_nk_full_change_precond;eeg_tleft_lalpha_mean_full_change_precond;eeg_fl_hbeta_mean_full_change_precond;eeg_fr_sampent_full_change_precond;eeg_fm_theta_mean_full_change_precond;eeg_c_sampent_full_change_precond;hr_heartrate_bpm_med_abs_full_change_precond;eeg_tleft_hbeta_mean_full_change_precond;pupil_asymmetry_full_change_precond;eeg_c_specent_full_change_precond;eeg_fm_sampent_full_change_precond;eeg_pleft_halpha_mean_full_change_precond;eeg_pleft_lbeta_mean_full_change_precond"
2025-11-26 18:40:18.941354,23,"stress_label",20,8,0.03,0.58974358974359,0.596153846153846,0.565811965811966,20,"top20","eeg_tleft_sampent_full_change_precond;eeg_tleft_halpha_mean_full_change_precond;eeg_t_sampent_full_change_precond;eeg_c_theta_mean_full_change_precond;eeg_pright_sampent_full_change_precond;pupil_dilation_sd_full_change_precond;hrv_rmssd_full_change_precond;gsr_skin_conductance_eda_tonic_mean_nk_full_change_precond;eeg_tleft_lalpha_mean_full_change_precond;eeg_fl_hbeta_mean_full_change_precond;eeg_fr_sampent_full_change_precond;eeg_fm_theta_mean_full_change_precond;eeg_c_sampent_full_change_precond;hr_heartrate_bpm_med_abs_full_change_precond;eeg_tleft_hbeta_mean_full_change_precond;pupil_asymmetry_full_change_precond;eeg_c_specent_full_change_precond;eeg_fm_sampent_full_change_precond;eeg_pleft_halpha_mean_full_change_precond;eeg_pleft_lbeta_mean_full_change_precond"
2025-11-26 18:40:20.081975,23,"stress_label",20,16,0.03,0.583333333333333,0.596153846153846,0.570940170940171,20,"top20","eeg_tleft_sampent_full_change_precond;eeg_tleft_halpha_mean_full_change_precond;eeg_t_sampent_full_change_precond;eeg_c_theta_mean_full_change_precond;eeg_pright_sampent_full_change_precond;pupil_dilation_sd_full_change_precond;hrv_rmssd_full_change_precond;gsr_skin_conductance_eda_tonic_mean_nk_full_change_precond;eeg_tleft_lalpha_mean_full_change_precond;eeg_fl_hbeta_mean_full_change_precond;eeg_fr_sampent_full_change_precond;eeg_fm_theta_mean_full_change_precond;eeg_c_sampent_full_change_precond;hr_heartrate_bpm_med_abs_full_change_precond;eeg_tleft_hbeta_mean_full_change_precond;pupil_asymmetry_full_change_precond;eeg_c_specent_full_change_precond;eeg_fm_sampent_full_change_precond;eeg_pleft_halpha_mean_full_change_precond;eeg_pleft_lbeta_mean_full_change_precond"
2025-11-26 18:40:21.253742,23,"stress_label",20,32,0.03,0.57051282051282,0.58974358974359,NA,20,"top20","eeg_tleft_sampent_full_change_precond;eeg_tleft_halpha_mean_full_change_precond;eeg_t_sampent_full_change_precond;eeg_c_theta_mean_full_change_precond;eeg_pright_sampent_full_change_precond;pupil_dilation_sd_full_change_precond;hrv_rmssd_full_change_precond;gsr_skin_conductance_eda_tonic_mean_nk_full_change_precond;eeg_tleft_lalpha_mean_full_change_precond;eeg_fl_hbeta_mean_full_change_precond;eeg_fr_sampent_full_change_precond;eeg_fm_theta_mean_full_change_precond;eeg_c_sampent_full_change_precond;hr_heartrate_bpm_med_abs_full_change_precond;eeg_tleft_hbeta_mean_full_change_precond;pupil_asymmetry_full_change_precond;eeg_c_specent_full_change_precond;eeg_fm_sampent_full_change_precond;eeg_pleft_halpha_mean_full_change_precond;eeg_pleft_lbeta_mean_full_change_precond"
2025-11-26 18:40:22.452662,23,"stress_label",20,64,0.03,0.564102564102564,0.583333333333333,NA,20,"top20","eeg_tleft_sampent_full_change_precond;eeg_tleft_halpha_mean_full_change_precond;eeg_t_sampent_full_change_precond;eeg_c_theta_mean_full_change_precond;eeg_pright_sampent_full_change_precond;pupil_dilation_sd_full_change_precond;hrv_rmssd_full_change_precond;gsr_skin_conductance_eda_tonic_mean_nk_full_change_precond;eeg_tleft_lalpha_mean_full_change_precond;eeg_fl_hbeta_mean_full_change_precond;eeg_fr_sampent_full_change_precond;eeg_fm_theta_mean_full_change_precond;eeg_c_sampent_full_change_precond;hr_heartrate_bpm_med_abs_full_change_precond;eeg_tleft_hbeta_mean_full_change_precond;pupil_asymmetry_full_change_precond;eeg_c_specent_full_change_precond;eeg_fm_sampent_full_change_precond;eeg_pleft_halpha_mean_full_change_precond;eeg_pleft_lbeta_mean_full_change_precond"
2025-11-26 18:40:23.661267,23,"stress_label",20,128,0.03,0.564102564102564,0.583333333333333,NA,20,"top20","eeg_tleft_sampent_full_change_precond;eeg_tleft_halpha_mean_full_change_precond;eeg_t_sampent_full_change_precond;eeg_c_theta_mean_full_change_precond;eeg_pright_sampent_full_change_precond;pupil_dilation_sd_full_change_precond;hrv_rmssd_full_change_precond;gsr_skin_conductance_eda_tonic_mean_nk_full_change_precond;eeg_tleft_lalpha_mean_full_change_precond;eeg_fl_hbeta_mean_full_change_precond;eeg_fr_sampent_full_change_precond;eeg_fm_theta_mean_full_change_precond;eeg_c_sampent_full_change_precond;hr_heartrate_bpm_med_abs_full_change_precond;eeg_tleft_hbeta_mean_full_change_precond;pupil_asymmetry_full_change_precond;eeg_c_specent_full_change_precond;eeg_fm_sampent_full_change_precond;eeg_pleft_halpha_mean_full_change_precond;eeg_pleft_lbeta_mean_full_change_precond"
2025-11-26 18:40:24.853458,23,"stress_label",20,256,0.03,0.564102564102564,0.583333333333333,NA,20,"top20","eeg_tleft_sampent_full_change_precond;eeg_tleft_halpha_mean_full_change_precond;eeg_t_sampent_full_change_precond;eeg_c_theta_mean_full_change_precond;eeg_pright_sampent_full_change_precond;pupil_dilation_sd_full_change_precond;hrv_rmssd_full_change_precond;gsr_skin_conductance_eda_tonic_mean_nk_full_change_precond;eeg_tleft_lalpha_mean_full_change_precond;eeg_fl_hbeta_mean_full_change_precond;eeg_fr_sampent_full_change_precond;eeg_fm_theta_mean_full_change_precond;eeg_c_sampent_full_change_precond;hr_heartrate_bpm_med_abs_full_change_precond;eeg_tleft_hbeta_mean_full_change_precond;pupil_asymmetry_full_change_precond;eeg_c_specent_full_change_precond;eeg_fm_sampent_full_change_precond;eeg_pleft_halpha_mean_full_change_precond;eeg_pleft_lbeta_mean_full_change_precond"
2025-11-26 18:40:25.920289,23,"stress_label",20,2,0.06,0.596153846153846,0.653846153846154,0.572649572649573,20,"top20","eeg_tleft_sampent_full_change_precond;eeg_tleft_halpha_mean_full_change_precond;eeg_t_sampent_full_change_precond;eeg_c_theta_mean_full_change_precond;eeg_pright_sampent_full_change_precond;pupil_dilation_sd_full_change_precond;hrv_rmssd_full_change_precond;gsr_skin_conductance_eda_tonic_mean_nk_full_change_precond;eeg_tleft_lalpha_mean_full_change_precond;eeg_fl_hbeta_mean_full_change_precond;eeg_fr_sampent_full_change_precond;eeg_fm_theta_mean_full_change_precond;eeg_c_sampent_full_change_precond;hr_heartrate_bpm_med_abs_full_change_precond;eeg_tleft_hbeta_mean_full_change_precond;pupil_asymmetry_full_change_precond;eeg_c_specent_full_change_precond;eeg_fm_sampent_full_change_precond;eeg_pleft_halpha_mean_full_change_precond;eeg_pleft_lbeta_mean_full_change_precond"
2025-11-26 18:40:27.026277,23,"stress_label",20,4,0.06,0.57051282051282,0.615384615384615,0.551282051282051,20,"top20","eeg_tleft_sampent_full_change_precond;eeg_tleft_halpha_mean_full_change_precond;eeg_t_sampent_full_change_precond;eeg_c_theta_mean_full_change_precond;eeg_pright_sampent_full_change_precond;pupil_dilation_sd_full_change_precond;hrv_rmssd_full_change_precond;gsr_skin_conductance_eda_tonic_mean_nk_full_change_precond;eeg_tleft_lalpha_mean_full_change_precond;eeg_fl_hbeta_mean_full_change_precond;eeg_fr_sampent_full_change_precond;eeg_fm_theta_mean_full_change_precond;eeg_c_sampent_full_change_precond;hr_heartrate_bpm_med_abs_full_change_precond;eeg_tleft_hbeta_mean_full_change_precond;pupil_asymmetry_full_change_precond;eeg_c_specent_full_change_precond;eeg_fm_sampent_full_change_precond;eeg_pleft_halpha_mean_full_change_precond;eeg_pleft_lbeta_mean_full_change_precond"
2025-11-26 18:40:28.180152,23,"stress_label",20,8,0.06,0.596153846153846,0.621794871794872,0.577777777777778,20,"top20","eeg_tleft_sampent_full_change_precond;eeg_tleft_halpha_mean_full_change_precond;eeg_t_sampent_full_change_precond;eeg_c_theta_mean_full_change_precond;eeg_pright_sampent_full_change_precond;pupil_dilation_sd_full_change_precond;hrv_rmssd_full_change_precond;gsr_skin_conductance_eda_tonic_mean_nk_full_change_precond;eeg_tleft_lalpha_mean_full_change_precond;eeg_fl_hbeta_mean_full_change_precond;eeg_fr_sampent_full_change_precond;eeg_fm_theta_mean_full_change_precond;eeg_c_sampent_full_change_precond;hr_heartrate_bpm_med_abs_full_change_precond;eeg_tleft_hbeta_mean_full_change_precond;pupil_asymmetry_full_change_precond;eeg_c_specent_full_change_precond;eeg_fm_sampent_full_change_precond;eeg_pleft_halpha_mean_full_change_precond;eeg_pleft_lbeta_mean_full_change_precond"
2025-11-26 18:40:29.264136,23,"stress_label",20,16,0.06,0.58974358974359,0.596153846153846,0.57008547008547,20,"top20","eeg_tleft_sampent_full_change_precond;eeg_tleft_halpha_mean_full_change_precond;eeg_t_sampent_full_change_precond;eeg_c_theta_mean_full_change_precond;eeg_pright_sampent_full_change_precond;pupil_dilation_sd_full_change_precond;hrv_rmssd_full_change_precond;gsr_skin_conductance_eda_tonic_mean_nk_full_change_precond;eeg_tleft_lalpha_mean_full_change_precond;eeg_fl_hbeta_mean_full_change_precond;eeg_fr_sampent_full_change_precond;eeg_fm_theta_mean_full_change_precond;eeg_c_sampent_full_change_precond;hr_heartrate_bpm_med_abs_full_change_precond;eeg_tleft_hbeta_mean_full_change_precond;pupil_asymmetry_full_change_precond;eeg_c_specent_full_change_precond;eeg_fm_sampent_full_change_precond;eeg_pleft_halpha_mean_full_change_precond;eeg_pleft_lbeta_mean_full_change_precond"
2025-11-26 18:40:30.374223,23,"stress_label",20,32,0.06,0.58974358974359,0.596153846153846,0.57008547008547,20,"top20","eeg_tleft_sampent_full_change_precond;eeg_tleft_halpha_mean_full_change_precond;eeg_t_sampent_full_change_precond;eeg_c_theta_mean_full_change_precond;eeg_pright_sampent_full_change_precond;pupil_dilation_sd_full_change_precond;hrv_rmssd_full_change_precond;gsr_skin_conductance_eda_tonic_mean_nk_full_change_precond;eeg_tleft_lalpha_mean_full_change_precond;eeg_fl_hbeta_mean_full_change_precond;eeg_fr_sampent_full_change_precond;eeg_fm_theta_mean_full_change_precond;eeg_c_sampent_full_change_precond;hr_heartrate_bpm_med_abs_full_change_precond;eeg_tleft_hbeta_mean_full_change_precond;pupil_asymmetry_full_change_precond;eeg_c_specent_full_change_precond;eeg_fm_sampent_full_change_precond;eeg_pleft_halpha_mean_full_change_precond;eeg_pleft_lbeta_mean_full_change_precond"
2025-11-26 18:40:31.454734,23,"stress_label",20,64,0.06,0.58974358974359,0.596153846153846,0.57008547008547,20,"top20","eeg_tleft_sampent_full_change_precond;eeg_tleft_halpha_mean_full_change_precond;eeg_t_sampent_full_change_precond;eeg_c_theta_mean_full_change_precond;eeg_pright_sampent_full_change_precond;pupil_dilation_sd_full_change_precond;hrv_rmssd_full_change_precond;gsr_skin_conductance_eda_tonic_mean_nk_full_change_precond;eeg_tleft_lalpha_mean_full_change_precond;eeg_fl_hbeta_mean_full_change_precond;eeg_fr_sampent_full_change_precond;eeg_fm_theta_mean_full_change_precond;eeg_c_sampent_full_change_precond;hr_heartrate_bpm_med_abs_full_change_precond;eeg_tleft_hbeta_mean_full_change_precond;pupil_asymmetry_full_change_precond;eeg_c_specent_full_change_precond;eeg_fm_sampent_full_change_precond;eeg_pleft_halpha_mean_full_change_precond;eeg_pleft_lbeta_mean_full_change_precond"
2025-11-26 18:40:32.565776,23,"stress_label",20,128,0.06,0.58974358974359,0.596153846153846,0.57008547008547,20,"top20","eeg_tleft_sampent_full_change_precond;eeg_tleft_halpha_mean_full_change_precond;eeg_t_sampent_full_change_precond;eeg_c_theta_mean_full_change_precond;eeg_pright_sampent_full_change_precond;pupil_dilation_sd_full_change_precond;hrv_rmssd_full_change_precond;gsr_skin_conductance_eda_tonic_mean_nk_full_change_precond;eeg_tleft_lalpha_mean_full_change_precond;eeg_fl_hbeta_mean_full_change_precond;eeg_fr_sampent_full_change_precond;eeg_fm_theta_mean_full_change_precond;eeg_c_sampent_full_change_precond;hr_heartrate_bpm_med_abs_full_change_precond;eeg_tleft_hbeta_mean_full_change_precond;pupil_asymmetry_full_change_precond;eeg_c_specent_full_change_precond;eeg_fm_sampent_full_change_precond;eeg_pleft_halpha_mean_full_change_precond;eeg_pleft_lbeta_mean_full_change_precond"
2025-11-26 18:40:33.68725,23,"stress_label",20,256,0.06,0.58974358974359,0.596153846153846,0.57008547008547,20,"top20","eeg_tleft_sampent_full_change_precond;eeg_tleft_halpha_mean_full_change_precond;eeg_t_sampent_full_change_precond;eeg_c_theta_mean_full_change_precond;eeg_pright_sampent_full_change_precond;pupil_dilation_sd_full_change_precond;hrv_rmssd_full_change_precond;gsr_skin_conductance_eda_tonic_mean_nk_full_change_precond;eeg_tleft_lalpha_mean_full_change_precond;eeg_fl_hbeta_mean_full_change_precond;eeg_fr_sampent_full_change_precond;eeg_fm_theta_mean_full_change_precond;eeg_c_sampent_full_change_precond;hr_heartrate_bpm_med_abs_full_change_precond;eeg_tleft_hbeta_mean_full_change_precond;pupil_asymmetry_full_change_precond;eeg_c_specent_full_change_precond;eeg_fm_sampent_full_change_precond;eeg_pleft_halpha_mean_full_change_precond;eeg_pleft_lbeta_mean_full_change_precond"
2025-11-26 18:40:34.761262,23,"stress_label",20,2,0.1,0.564102564102564,0.628205128205128,0.546153846153846,20,"top20","eeg_tleft_sampent_full_change_precond;eeg_tleft_halpha_mean_full_change_precond;eeg_t_sampent_full_change_precond;eeg_c_theta_mean_full_change_precond;eeg_pright_sampent_full_change_precond;pupil_dilation_sd_full_change_precond;hrv_rmssd_full_change_precond;gsr_skin_conductance_eda_tonic_mean_nk_full_change_precond;eeg_tleft_lalpha_mean_full_change_precond;eeg_fl_hbeta_mean_full_change_precond;eeg_fr_sampent_full_change_precond;eeg_fm_theta_mean_full_change_precond;eeg_c_sampent_full_change_precond;hr_heartrate_bpm_med_abs_full_change_precond;eeg_tleft_hbeta_mean_full_change_precond;pupil_asymmetry_full_change_precond;eeg_c_specent_full_change_precond;eeg_fm_sampent_full_change_precond;eeg_pleft_halpha_mean_full_change_precond;eeg_pleft_lbeta_mean_full_change_precond"
2025-11-26 18:40:35.856482,23,"stress_label",20,4,0.1,0.564102564102564,0.628205128205128,0.554700854700855,20,"top20","eeg_tleft_sampent_full_change_precond;eeg_tleft_halpha_mean_full_change_precond;eeg_t_sampent_full_change_precond;eeg_c_theta_mean_full_change_precond;eeg_pright_sampent_full_change_precond;pupil_dilation_sd_full_change_precond;hrv_rmssd_full_change_precond;gsr_skin_conductance_eda_tonic_mean_nk_full_change_precond;eeg_tleft_lalpha_mean_full_change_precond;eeg_fl_hbeta_mean_full_change_precond;eeg_fr_sampent_full_change_precond;eeg_fm_theta_mean_full_change_precond;eeg_c_sampent_full_change_precond;hr_heartrate_bpm_med_abs_full_change_precond;eeg_tleft_hbeta_mean_full_change_precond;pupil_asymmetry_full_change_precond;eeg_c_specent_full_change_precond;eeg_fm_sampent_full_change_precond;eeg_pleft_halpha_mean_full_change_precond;eeg_pleft_lbeta_mean_full_change_precond"
2025-11-26 18:40:36.969811,23,"stress_label",20,8,0.1,0.564102564102564,0.634615384615385,0.554700854700855,20,"top20","eeg_tleft_sampent_full_change_precond;eeg_tleft_halpha_mean_full_change_precond;eeg_t_sampent_full_change_precond;eeg_c_theta_mean_full_change_precond;eeg_pright_sampent_full_change_precond;pupil_dilation_sd_full_change_precond;hrv_rmssd_full_change_precond;gsr_skin_conductance_eda_tonic_mean_nk_full_change_precond;eeg_tleft_lalpha_mean_full_change_precond;eeg_fl_hbeta_mean_full_change_precond;eeg_fr_sampent_full_change_precond;eeg_fm_theta_mean_full_change_precond;eeg_c_sampent_full_change_precond;hr_heartrate_bpm_med_abs_full_change_precond;eeg_tleft_hbeta_mean_full_change_precond;pupil_asymmetry_full_change_precond;eeg_c_specent_full_change_precond;eeg_fm_sampent_full_change_precond;eeg_pleft_halpha_mean_full_change_precond;eeg_pleft_lbeta_mean_full_change_precond"
2025-11-26 18:40:38.01137,23,"stress_label",20,16,0.1,0.564102564102564,0.634615384615385,0.554700854700855,20,"top20","eeg_tleft_sampent_full_change_precond;eeg_tleft_halpha_mean_full_change_precond;eeg_t_sampent_full_change_precond;eeg_c_theta_mean_full_change_precond;eeg_pright_sampent_full_change_precond;pupil_dilation_sd_full_change_precond;hrv_rmssd_full_change_precond;gsr_skin_conductance_eda_tonic_mean_nk_full_change_precond;eeg_tleft_lalpha_mean_full_change_precond;eeg_fl_hbeta_mean_full_change_precond;eeg_fr_sampent_full_change_precond;eeg_fm_theta_mean_full_change_precond;eeg_c_sampent_full_change_precond;hr_heartrate_bpm_med_abs_full_change_precond;eeg_tleft_hbeta_mean_full_change_precond;pupil_asymmetry_full_change_precond;eeg_c_specent_full_change_precond;eeg_fm_sampent_full_change_precond;eeg_pleft_halpha_mean_full_change_precond;eeg_pleft_lbeta_mean_full_change_precond"
2025-11-26 18:40:39.124911,23,"stress_label",20,32,0.1,0.564102564102564,0.634615384615385,0.554700854700855,20,"top20","eeg_tleft_sampent_full_change_precond;eeg_tleft_halpha_mean_full_change_precond;eeg_t_sampent_full_change_precond;eeg_c_theta_mean_full_change_precond;eeg_pright_sampent_full_change_precond;pupil_dilation_sd_full_change_precond;hrv_rmssd_full_change_precond;gsr_skin_conductance_eda_tonic_mean_nk_full_change_precond;eeg_tleft_lalpha_mean_full_change_precond;eeg_fl_hbeta_mean_full_change_precond;eeg_fr_sampent_full_change_precond;eeg_fm_theta_mean_full_change_precond;eeg_c_sampent_full_change_precond;hr_heartrate_bpm_med_abs_full_change_precond;eeg_tleft_hbeta_mean_full_change_precond;pupil_asymmetry_full_change_precond;eeg_c_specent_full_change_precond;eeg_fm_sampent_full_change_precond;eeg_pleft_halpha_mean_full_change_precond;eeg_pleft_lbeta_mean_full_change_precond"
2025-11-26 18:40:40.251441,23,"stress_label",20,64,0.1,0.564102564102564,0.634615384615385,0.554700854700855,20,"top20","eeg_tleft_sampent_full_change_precond;eeg_tleft_halpha_mean_full_change_precond;eeg_t_sampent_full_change_precond;eeg_c_theta_mean_full_change_precond;eeg_pright_sampent_full_change_precond;pupil_dilation_sd_full_change_precond;hrv_rmssd_full_change_precond;gsr_skin_conductance_eda_tonic_mean_nk_full_change_precond;eeg_tleft_lalpha_mean_full_change_precond;eeg_fl_hbeta_mean_full_change_precond;eeg_fr_sampent_full_change_precond;eeg_fm_theta_mean_full_change_precond;eeg_c_sampent_full_change_precond;hr_heartrate_bpm_med_abs_full_change_precond;eeg_tleft_hbeta_mean_full_change_precond;pupil_asymmetry_full_change_precond;eeg_c_specent_full_change_precond;eeg_fm_sampent_full_change_precond;eeg_pleft_halpha_mean_full_change_precond;eeg_pleft_lbeta_mean_full_change_precond"
2025-11-26 18:40:41.256547,23,"stress_label",20,128,0.1,0.564102564102564,0.634615384615385,0.554700854700855,20,"top20","eeg_tleft_sampent_full_change_precond;eeg_tleft_halpha_mean_full_change_precond;eeg_t_sampent_full_change_precond;eeg_c_theta_mean_full_change_precond;eeg_pright_sampent_full_change_precond;pupil_dilation_sd_full_change_precond;hrv_rmssd_full_change_precond;gsr_skin_conductance_eda_tonic_mean_nk_full_change_precond;eeg_tleft_lalpha_mean_full_change_precond;eeg_fl_hbeta_mean_full_change_precond;eeg_fr_sampent_full_change_precond;eeg_fm_theta_mean_full_change_precond;eeg_c_sampent_full_change_precond;hr_heartrate_bpm_med_abs_full_change_precond;eeg_tleft_hbeta_mean_full_change_precond;pupil_asymmetry_full_change_precond;eeg_c_specent_full_change_precond;eeg_fm_sampent_full_change_precond;eeg_pleft_halpha_mean_full_change_precond;eeg_pleft_lbeta_mean_full_change_precond"
2025-11-26 18:40:42.28774,23,"stress_label",20,256,0.1,0.564102564102564,0.634615384615385,0.554700854700855,20,"top20","eeg_tleft_sampent_full_change_precond;eeg_tleft_halpha_mean_full_change_precond;eeg_t_sampent_full_change_precond;eeg_c_theta_mean_full_change_precond;eeg_pright_sampent_full_change_precond;pupil_dilation_sd_full_change_precond;hrv_rmssd_full_change_precond;gsr_skin_conductance_eda_tonic_mean_nk_full_change_precond;eeg_tleft_lalpha_mean_full_change_precond;eeg_fl_hbeta_mean_full_change_precond;eeg_fr_sampent_full_change_precond;eeg_fm_theta_mean_full_change_precond;eeg_c_sampent_full_change_precond;hr_heartrate_bpm_med_abs_full_change_precond;eeg_tleft_hbeta_mean_full_change_precond;pupil_asymmetry_full_change_precond;eeg_c_specent_full_change_precond;eeg_fm_sampent_full_change_precond;eeg_pleft_halpha_mean_full_change_precond;eeg_pleft_lbeta_mean_full_change_precond"
2025-11-26 18:40:43.136846,23,"stress_label",10,2,0.0078125,0.58974358974359,0.615384615384615,0.57008547008547,10,"top10","eeg_tleft_sampent_full_change_precond;eeg_tleft_halpha_mean_full_change_precond;eeg_t_sampent_full_change_precond;eeg_c_theta_mean_full_change_precond;eeg_pright_sampent_full_change_precond;pupil_dilation_sd_full_change_precond;hrv_rmssd_full_change_precond;gsr_skin_conductance_eda_tonic_mean_nk_full_change_precond;eeg_tleft_lalpha_mean_full_change_precond;eeg_fl_hbeta_mean_full_change_precond"
2025-11-26 18:40:43.99475,23,"stress_label",10,4,0.0078125,0.583333333333333,0.608974358974359,0.555555555555556,10,"top10","eeg_tleft_sampent_full_change_precond;eeg_tleft_halpha_mean_full_change_precond;eeg_t_sampent_full_change_precond;eeg_c_theta_mean_full_change_precond;eeg_pright_sampent_full_change_precond;pupil_dilation_sd_full_change_precond;hrv_rmssd_full_change_precond;gsr_skin_conductance_eda_tonic_mean_nk_full_change_precond;eeg_tleft_lalpha_mean_full_change_precond;eeg_fl_hbeta_mean_full_change_precond"
2025-11-26 18:40:44.810474,23,"stress_label",10,8,0.0078125,0.544871794871795,0.602564102564103,0.532478632478632,10,"top10","eeg_tleft_sampent_full_change_precond;eeg_tleft_halpha_mean_full_change_precond;eeg_t_sampent_full_change_precond;eeg_c_theta_mean_full_change_precond;eeg_pright_sampent_full_change_precond;pupil_dilation_sd_full_change_precond;hrv_rmssd_full_change_precond;gsr_skin_conductance_eda_tonic_mean_nk_full_change_precond;eeg_tleft_lalpha_mean_full_change_precond;eeg_fl_hbeta_mean_full_change_precond"
2025-11-26 18:40:45.662769,23,"stress_label",10,16,0.0078125,0.58974358974359,0.628205128205128,0.585470085470085,10,"top10","eeg_tleft_sampent_full_change_precond;eeg_tleft_halpha_mean_full_change_precond;eeg_t_sampent_full_change_precond;eeg_c_theta_mean_full_change_precond;eeg_pright_sampent_full_change_precond;pupil_dilation_sd_full_change_precond;hrv_rmssd_full_change_precond;gsr_skin_conductance_eda_tonic_mean_nk_full_change_precond;eeg_tleft_lalpha_mean_full_change_precond;eeg_fl_hbeta_mean_full_change_precond"
2025-11-26 18:40:46.521538,23,"stress_label",10,32,0.0078125,0.551282051282051,0.608974358974359,0.548717948717949,10,"top10","eeg_tleft_sampent_full_change_precond;eeg_tleft_halpha_mean_full_change_precond;eeg_t_sampent_full_change_precond;eeg_c_theta_mean_full_change_precond;eeg_pright_sampent_full_change_precond;pupil_dilation_sd_full_change_precond;hrv_rmssd_full_change_precond;gsr_skin_conductance_eda_tonic_mean_nk_full_change_precond;eeg_tleft_lalpha_mean_full_change_precond;eeg_fl_hbeta_mean_full_change_precond"
2025-11-26 18:40:47.251335,23,"stress_label",10,64,0.0078125,0.58974358974359,0.621794871794872,0.576068376068376,10,"top10","eeg_tleft_sampent_full_change_precond;eeg_tleft_halpha_mean_full_change_precond;eeg_t_sampent_full_change_precond;eeg_c_theta_mean_full_change_precond;eeg_pright_sampent_full_change_precond;pupil_dilation_sd_full_change_precond;hrv_rmssd_full_change_precond;gsr_skin_conductance_eda_tonic_mean_nk_full_change_precond;eeg_tleft_lalpha_mean_full_change_precond;eeg_fl_hbeta_mean_full_change_precond"
2025-11-26 18:40:48.133633,23,"stress_label",10,128,0.0078125,0.576923076923077,0.602564102564103,0.560683760683761,10,"top10","eeg_tleft_sampent_full_change_precond;eeg_tleft_halpha_mean_full_change_precond;eeg_t_sampent_full_change_precond;eeg_c_theta_mean_full_change_precond;eeg_pright_sampent_full_change_precond;pupil_dilation_sd_full_change_precond;hrv_rmssd_full_change_precond;gsr_skin_conductance_eda_tonic_mean_nk_full_change_precond;eeg_tleft_lalpha_mean_full_change_precond;eeg_fl_hbeta_mean_full_change_precond"
2025-11-26 18:40:49.233393,23,"stress_label",10,256,0.0078125,0.551282051282051,0.58974358974359,NA,10,"top10","eeg_tleft_sampent_full_change_precond;eeg_tleft_halpha_mean_full_change_precond;eeg_t_sampent_full_change_precond;eeg_c_theta_mean_full_change_precond;eeg_pright_sampent_full_change_precond;pupil_dilation_sd_full_change_precond;hrv_rmssd_full_change_precond;gsr_skin_conductance_eda_tonic_mean_nk_full_change_precond;eeg_tleft_lalpha_mean_full_change_precond;eeg_fl_hbeta_mean_full_change_precond"
2025-11-26 18:40:50.089418,23,"stress_label",10,2,0.015625,0.576923076923077,0.615384615384615,0.54957264957265,10,"top10","eeg_tleft_sampent_full_change_precond;eeg_tleft_halpha_mean_full_change_precond;eeg_t_sampent_full_change_precond;eeg_c_theta_mean_full_change_precond;eeg_pright_sampent_full_change_precond;pupil_dilation_sd_full_change_precond;hrv_rmssd_full_change_precond;gsr_skin_conductance_eda_tonic_mean_nk_full_change_precond;eeg_tleft_lalpha_mean_full_change_precond;eeg_fl_hbeta_mean_full_change_precond"
2025-11-26 18:40:50.704961,23,"stress_label",10,4,0.015625,0.544871794871795,0.58974358974359,0.542735042735043,10,"top10","eeg_tleft_sampent_full_change_precond;eeg_tleft_halpha_mean_full_change_precond;eeg_t_sampent_full_change_precond;eeg_c_theta_mean_full_change_precond;eeg_pright_sampent_full_change_precond;pupil_dilation_sd_full_change_precond;hrv_rmssd_full_change_precond;gsr_skin_conductance_eda_tonic_mean_nk_full_change_precond;eeg_tleft_lalpha_mean_full_change_precond;eeg_fl_hbeta_mean_full_change_precond"
2025-11-26 18:40:51.500244,23,"stress_label",10,8,0.015625,0.557692307692308,0.596153846153846,0.55042735042735,10,"top10","eeg_tleft_sampent_full_change_precond;eeg_tleft_halpha_mean_full_change_precond;eeg_t_sampent_full_change_precond;eeg_c_theta_mean_full_change_precond;eeg_pright_sampent_full_change_precond;pupil_dilation_sd_full_change_precond;hrv_rmssd_full_change_precond;gsr_skin_conductance_eda_tonic_mean_nk_full_change_precond;eeg_tleft_lalpha_mean_full_change_precond;eeg_fl_hbeta_mean_full_change_precond"
2025-11-26 18:40:52.379559,23,"stress_label",10,16,0.015625,0.602564102564103,0.621794871794872,0.588034188034188,10,"top10","eeg_tleft_sampent_full_change_precond;eeg_tleft_halpha_mean_full_change_precond;eeg_t_sampent_full_change_precond;eeg_c_theta_mean_full_change_precond;eeg_pright_sampent_full_change_precond;pupil_dilation_sd_full_change_precond;hrv_rmssd_full_change_precond;gsr_skin_conductance_eda_tonic_mean_nk_full_change_precond;eeg_tleft_lalpha_mean_full_change_precond;eeg_fl_hbeta_mean_full_change_precond"
2025-11-26 18:40:53.236348,23,"stress_label",10,32,0.015625,0.583333333333333,0.615384615384615,0.572649572649573,10,"top10","eeg_tleft_sampent_full_change_precond;eeg_tleft_halpha_mean_full_change_precond;eeg_t_sampent_full_change_precond;eeg_c_theta_mean_full_change_precond;eeg_pright_sampent_full_change_precond;pupil_dilation_sd_full_change_precond;hrv_rmssd_full_change_precond;gsr_skin_conductance_eda_tonic_mean_nk_full_change_precond;eeg_tleft_lalpha_mean_full_change_precond;eeg_fl_hbeta_mean_full_change_precond"
2025-11-26 18:40:54.168548,23,"stress_label",10,64,0.015625,0.564102564102564,0.596153846153846,NA,10,"top10","eeg_tleft_sampent_full_change_precond;eeg_tleft_halpha_mean_full_change_precond;eeg_t_sampent_full_change_precond;eeg_c_theta_mean_full_change_precond;eeg_pright_sampent_full_change_precond;pupil_dilation_sd_full_change_precond;hrv_rmssd_full_change_precond;gsr_skin_conductance_eda_tonic_mean_nk_full_change_precond;eeg_tleft_lalpha_mean_full_change_precond;eeg_fl_hbeta_mean_full_change_precond"
2025-11-26 18:40:55.255514,23,"stress_label",10,128,0.015625,0.608974358974359,0.58974358974359,NA,10,"top10","eeg_tleft_sampent_full_change_precond;eeg_tleft_halpha_mean_full_change_precond;eeg_t_sampent_full_change_precond;eeg_c_theta_mean_full_change_precond;eeg_pright_sampent_full_change_precond;pupil_dilation_sd_full_change_precond;hrv_rmssd_full_change_precond;gsr_skin_conductance_eda_tonic_mean_nk_full_change_precond;eeg_tleft_lalpha_mean_full_change_precond;eeg_fl_hbeta_mean_full_change_precond"
2025-11-26 18:40:56.613685,23,"stress_label",10,256,0.015625,0.634615384615385,0.641025641025641,NA,10,"top10","eeg_tleft_sampent_full_change_precond;eeg_tleft_halpha_mean_full_change_precond;eeg_t_sampent_full_change_precond;eeg_c_theta_mean_full_change_precond;eeg_pright_sampent_full_change_precond;pupil_dilation_sd_full_change_precond;hrv_rmssd_full_change_precond;gsr_skin_conductance_eda_tonic_mean_nk_full_change_precond;eeg_tleft_lalpha_mean_full_change_precond;eeg_fl_hbeta_mean_full_change_precond"
2025-11-26 18:40:57.474093,23,"stress_label",10,2,0.03125,0.532051282051282,0.58974358974359,0.515384615384615,10,"top10","eeg_tleft_sampent_full_change_precond;eeg_tleft_halpha_mean_full_change_precond;eeg_t_sampent_full_change_precond;eeg_c_theta_mean_full_change_precond;eeg_pright_sampent_full_change_precond;pupil_dilation_sd_full_change_precond;hrv_rmssd_full_change_precond;gsr_skin_conductance_eda_tonic_mean_nk_full_change_precond;eeg_tleft_lalpha_mean_full_change_precond;eeg_fl_hbeta_mean_full_change_precond"
2025-11-26 18:40:58.181921,23,"stress_label",10,4,0.03125,0.596153846153846,0.596153846153846,0.576068376068376,10,"top10","eeg_tleft_sampent_full_change_precond;eeg_tleft_halpha_mean_full_change_precond;eeg_t_sampent_full_change_precond;eeg_c_theta_mean_full_change_precond;eeg_pright_sampent_full_change_precond;pupil_dilation_sd_full_change_precond;hrv_rmssd_full_change_precond;gsr_skin_conductance_eda_tonic_mean_nk_full_change_precond;eeg_tleft_lalpha_mean_full_change_precond;eeg_fl_hbeta_mean_full_change_precond"
2025-11-26 18:40:58.933182,23,"stress_label",10,8,0.03125,0.615384615384615,0.628205128205128,0.600854700854701,10,"top10","eeg_tleft_sampent_full_change_precond;eeg_tleft_halpha_mean_full_change_precond;eeg_t_sampent_full_change_precond;eeg_c_theta_mean_full_change_precond;eeg_pright_sampent_full_change_precond;pupil_dilation_sd_full_change_precond;hrv_rmssd_full_change_precond;gsr_skin_conductance_eda_tonic_mean_nk_full_change_precond;eeg_tleft_lalpha_mean_full_change_precond;eeg_fl_hbeta_mean_full_change_precond"
2025-11-26 18:40:59.728945,23,"stress_label",10,16,0.03125,0.564102564102564,0.557692307692308,NA,10,"top10","eeg_tleft_sampent_full_change_precond;eeg_tleft_halpha_mean_full_change_precond;eeg_t_sampent_full_change_precond;eeg_c_theta_mean_full_change_precond;eeg_pright_sampent_full_change_precond;pupil_dilation_sd_full_change_precond;hrv_rmssd_full_change_precond;gsr_skin_conductance_eda_tonic_mean_nk_full_change_precond;eeg_tleft_lalpha_mean_full_change_precond;eeg_fl_hbeta_mean_full_change_precond"
2025-11-26 18:41:00.662566,23,"stress_label",10,32,0.03125,0.596153846153846,0.58974358974359,NA,10,"top10","eeg_tleft_sampent_full_change_precond;eeg_tleft_halpha_mean_full_change_precond;eeg_t_sampent_full_change_precond;eeg_c_theta_mean_full_change_precond;eeg_pright_sampent_full_change_precond;pupil_dilation_sd_full_change_precond;hrv_rmssd_full_change_precond;gsr_skin_conductance_eda_tonic_mean_nk_full_change_precond;eeg_tleft_lalpha_mean_full_change_precond;eeg_fl_hbeta_mean_full_change_precond"
2025-11-26 18:41:01.731824,23,"stress_label",10,64,0.03125,0.628205128205128,0.634615384615385,NA,10,"top10","eeg_tleft_sampent_full_change_precond;eeg_tleft_halpha_mean_full_change_precond;eeg_t_sampent_full_change_precond;eeg_c_theta_mean_full_change_precond;eeg_pright_sampent_full_change_precond;pupil_dilation_sd_full_change_precond;hrv_rmssd_full_change_precond;gsr_skin_conductance_eda_tonic_mean_nk_full_change_precond;eeg_tleft_lalpha_mean_full_change_precond;eeg_fl_hbeta_mean_full_change_precond"
2025-11-26 18:41:02.91365,23,"stress_label",10,128,0.03125,0.621794871794872,0.628205128205128,NA,10,"top10","eeg_tleft_sampent_full_change_precond;eeg_tleft_halpha_mean_full_change_precond;eeg_t_sampent_full_change_precond;eeg_c_theta_mean_full_change_precond;eeg_pright_sampent_full_change_precond;pupil_dilation_sd_full_change_precond;hrv_rmssd_full_change_precond;gsr_skin_conductance_eda_tonic_mean_nk_full_change_precond;eeg_tleft_lalpha_mean_full_change_precond;eeg_fl_hbeta_mean_full_change_precond"
2025-11-26 18:41:04.219771,23,"stress_label",10,256,0.03125,0.576923076923077,0.634615384615385,NA,10,"top10","eeg_tleft_sampent_full_change_precond;eeg_tleft_halpha_mean_full_change_precond;eeg_t_sampent_full_change_precond;eeg_c_theta_mean_full_change_precond;eeg_pright_sampent_full_change_precond;pupil_dilation_sd_full_change_precond;hrv_rmssd_full_change_precond;gsr_skin_conductance_eda_tonic_mean_nk_full_change_precond;eeg_tleft_lalpha_mean_full_change_precond;eeg_fl_hbeta_mean_full_change_precond"
2025-11-26 18:41:05.095273,23,"stress_label",10,2,0.0625,0.628205128205128,0.634615384615385,0.609401709401709,10,"top10","eeg_tleft_sampent_full_change_precond;eeg_tleft_halpha_mean_full_change_precond;eeg_t_sampent_full_change_precond;eeg_c_theta_mean_full_change_precond;eeg_pright_sampent_full_change_precond;pupil_dilation_sd_full_change_precond;hrv_rmssd_full_change_precond;gsr_skin_conductance_eda_tonic_mean_nk_full_change_precond;eeg_tleft_lalpha_mean_full_change_precond;eeg_fl_hbeta_mean_full_change_precond"
2025-11-26 18:41:05.97896,23,"stress_label",10,4,0.0625,0.583333333333333,0.576923076923077,NA,10,"top10","eeg_tleft_sampent_full_change_precond;eeg_tleft_halpha_mean_full_change_precond;eeg_t_sampent_full_change_precond;eeg_c_theta_mean_full_change_precond;eeg_pright_sampent_full_change_precond;pupil_dilation_sd_full_change_precond;hrv_rmssd_full_change_precond;gsr_skin_conductance_eda_tonic_mean_nk_full_change_precond;eeg_tleft_lalpha_mean_full_change_precond;eeg_fl_hbeta_mean_full_change_precond"
2025-11-26 18:41:06.895962,23,"stress_label",10,8,0.0625,0.58974358974359,0.57051282051282,NA,10,"top10","eeg_tleft_sampent_full_change_precond;eeg_tleft_halpha_mean_full_change_precond;eeg_t_sampent_full_change_precond;eeg_c_theta_mean_full_change_precond;eeg_pright_sampent_full_change_precond;pupil_dilation_sd_full_change_precond;hrv_rmssd_full_change_precond;gsr_skin_conductance_eda_tonic_mean_nk_full_change_precond;eeg_tleft_lalpha_mean_full_change_precond;eeg_fl_hbeta_mean_full_change_precond"
2025-11-26 18:41:07.894685,23,"stress_label",10,16,0.0625,0.621794871794872,0.615384615384615,NA,10,"top10","eeg_tleft_sampent_full_change_precond;eeg_tleft_halpha_mean_full_change_precond;eeg_t_sampent_full_change_precond;eeg_c_theta_mean_full_change_precond;eeg_pright_sampent_full_change_precond;pupil_dilation_sd_full_change_precond;hrv_rmssd_full_change_precond;gsr_skin_conductance_eda_tonic_mean_nk_full_change_precond;eeg_tleft_lalpha_mean_full_change_precond;eeg_fl_hbeta_mean_full_change_precond"
2025-11-26 18:41:08.933815,23,"stress_label",10,32,0.0625,0.641025641025641,0.653846153846154,NA,10,"top10","eeg_tleft_sampent_full_change_precond;eeg_tleft_halpha_mean_full_change_precond;eeg_t_sampent_full_change_precond;eeg_c_theta_mean_full_change_precond;eeg_pright_sampent_full_change_precond;pupil_dilation_sd_full_change_precond;hrv_rmssd_full_change_precond;gsr_skin_conductance_eda_tonic_mean_nk_full_change_precond;eeg_tleft_lalpha_mean_full_change_precond;eeg_fl_hbeta_mean_full_change_precond"
2025-11-26 18:41:09.970066,23,"stress_label",10,64,0.0625,0.58974358974359,0.615384615384615,NA,10,"top10","eeg_tleft_sampent_full_change_precond;eeg_tleft_halpha_mean_full_change_precond;eeg_t_sampent_full_change_precond;eeg_c_theta_mean_full_change_precond;eeg_pright_sampent_full_change_precond;pupil_dilation_sd_full_change_precond;hrv_rmssd_full_change_precond;gsr_skin_conductance_eda_tonic_mean_nk_full_change_precond;eeg_tleft_lalpha_mean_full_change_precond;eeg_fl_hbeta_mean_full_change_precond"
2025-11-26 18:41:11.091403,23,"stress_label",10,128,0.0625,0.602564102564103,0.628205128205128,NA,10,"top10","eeg_tleft_sampent_full_change_precond;eeg_tleft_halpha_mean_full_change_precond;eeg_t_sampent_full_change_precond;eeg_c_theta_mean_full_change_precond;eeg_pright_sampent_full_change_precond;pupil_dilation_sd_full_change_precond;hrv_rmssd_full_change_precond;gsr_skin_conductance_eda_tonic_mean_nk_full_change_precond;eeg_tleft_lalpha_mean_full_change_precond;eeg_fl_hbeta_mean_full_change_precond"
2025-11-26 18:41:12.297458,23,"stress_label",10,256,0.0625,0.57051282051282,0.602564102564103,NA,10,"top10","eeg_tleft_sampent_full_change_precond;eeg_tleft_halpha_mean_full_change_precond;eeg_t_sampent_full_change_precond;eeg_c_theta_mean_full_change_precond;eeg_pright_sampent_full_change_precond;pupil_dilation_sd_full_change_precond;hrv_rmssd_full_change_precond;gsr_skin_conductance_eda_tonic_mean_nk_full_change_precond;eeg_tleft_lalpha_mean_full_change_precond;eeg_fl_hbeta_mean_full_change_precond"
2025-11-26 18:41:13.13182,23,"stress_label",10,2,0.125,0.58974358974359,0.602564102564103,0.576923076923077,10,"top10","eeg_tleft_sampent_full_change_precond;eeg_tleft_halpha_mean_full_change_precond;eeg_t_sampent_full_change_precond;eeg_c_theta_mean_full_change_precond;eeg_pright_sampent_full_change_precond;pupil_dilation_sd_full_change_precond;hrv_rmssd_full_change_precond;gsr_skin_conductance_eda_tonic_mean_nk_full_change_precond;eeg_tleft_lalpha_mean_full_change_precond;eeg_fl_hbeta_mean_full_change_precond"
2025-11-26 18:41:14.050104,23,"stress_label",10,4,0.125,0.602564102564103,0.615384615384615,NA,10,"top10","eeg_tleft_sampent_full_change_precond;eeg_tleft_halpha_mean_full_change_precond;eeg_t_sampent_full_change_precond;eeg_c_theta_mean_full_change_precond;eeg_pright_sampent_full_change_precond;pupil_dilation_sd_full_change_precond;hrv_rmssd_full_change_precond;gsr_skin_conductance_eda_tonic_mean_nk_full_change_precond;eeg_tleft_lalpha_mean_full_change_precond;eeg_fl_hbeta_mean_full_change_precond"
2025-11-26 18:41:14.96904,23,"stress_label",10,8,0.125,0.602564102564103,0.647435897435897,NA,10,"top10","eeg_tleft_sampent_full_change_precond;eeg_tleft_halpha_mean_full_change_precond;eeg_t_sampent_full_change_precond;eeg_c_theta_mean_full_change_precond;eeg_pright_sampent_full_change_precond;pupil_dilation_sd_full_change_precond;hrv_rmssd_full_change_precond;gsr_skin_conductance_eda_tonic_mean_nk_full_change_precond;eeg_tleft_lalpha_mean_full_change_precond;eeg_fl_hbeta_mean_full_change_precond"
2025-11-26 18:41:15.978069,23,"stress_label",10,16,0.125,0.628205128205128,0.615384615384615,NA,10,"top10","eeg_tleft_sampent_full_change_precond;eeg_tleft_halpha_mean_full_change_precond;eeg_t_sampent_full_change_precond;eeg_c_theta_mean_full_change_precond;eeg_pright_sampent_full_change_precond;pupil_dilation_sd_full_change_precond;hrv_rmssd_full_change_precond;gsr_skin_conductance_eda_tonic_mean_nk_full_change_precond;eeg_tleft_lalpha_mean_full_change_precond;eeg_fl_hbeta_mean_full_change_precond"
2025-11-26 18:41:17.202629,23,"stress_label",10,32,0.125,0.634615384615385,0.641025641025641,NA,10,"top10","eeg_tleft_sampent_full_change_precond;eeg_tleft_halpha_mean_full_change_precond;eeg_t_sampent_full_change_precond;eeg_c_theta_mean_full_change_precond;eeg_pright_sampent_full_change_precond;pupil_dilation_sd_full_change_precond;hrv_rmssd_full_change_precond;gsr_skin_conductance_eda_tonic_mean_nk_full_change_precond;eeg_tleft_lalpha_mean_full_change_precond;eeg_fl_hbeta_mean_full_change_precond"
2025-11-26 18:41:18.187992,23,"stress_label",10,64,0.125,0.628205128205128,0.621794871794872,NA,10,"top10","eeg_tleft_sampent_full_change_precond;eeg_tleft_halpha_mean_full_change_precond;eeg_t_sampent_full_change_precond;eeg_c_theta_mean_full_change_precond;eeg_pright_sampent_full_change_precond;pupil_dilation_sd_full_change_precond;hrv_rmssd_full_change_precond;gsr_skin_conductance_eda_tonic_mean_nk_full_change_precond;eeg_tleft_lalpha_mean_full_change_precond;eeg_fl_hbeta_mean_full_change_precond"
2025-11-26 18:41:19.099124,23,"stress_label",10,128,0.125,0.628205128205128,0.621794871794872,NA,10,"top10","eeg_tleft_sampent_full_change_precond;eeg_tleft_halpha_mean_full_change_precond;eeg_t_sampent_full_change_precond;eeg_c_theta_mean_full_change_precond;eeg_pright_sampent_full_change_precond;pupil_dilation_sd_full_change_precond;hrv_rmssd_full_change_precond;gsr_skin_conductance_eda_tonic_mean_nk_full_change_precond;eeg_tleft_lalpha_mean_full_change_precond;eeg_fl_hbeta_mean_full_change_precond"
2025-11-26 18:41:20.106619,23,"stress_label",10,256,0.125,0.628205128205128,0.621794871794872,NA,10,"top10","eeg_tleft_sampent_full_change_precond;eeg_tleft_halpha_mean_full_change_precond;eeg_t_sampent_full_change_precond;eeg_c_theta_mean_full_change_precond;eeg_pright_sampent_full_change_precond;pupil_dilation_sd_full_change_precond;hrv_rmssd_full_change_precond;gsr_skin_conductance_eda_tonic_mean_nk_full_change_precond;eeg_tleft_lalpha_mean_full_change_precond;eeg_fl_hbeta_mean_full_change_precond"
2025-11-26 18:41:20.94856,23,"stress_label",10,2,0.03,0.532051282051282,0.58974358974359,0.515384615384615,10,"top10","eeg_tleft_sampent_full_change_precond;eeg_tleft_halpha_mean_full_change_precond;eeg_t_sampent_full_change_precond;eeg_c_theta_mean_full_change_precond;eeg_pright_sampent_full_change_precond;pupil_dilation_sd_full_change_precond;hrv_rmssd_full_change_precond;gsr_skin_conductance_eda_tonic_mean_nk_full_change_precond;eeg_tleft_lalpha_mean_full_change_precond;eeg_fl_hbeta_mean_full_change_precond"
2025-11-26 18:41:21.744415,23,"stress_label",10,4,0.03,0.58974358974359,0.58974358974359,0.573504273504273,10,"top10","eeg_tleft_sampent_full_change_precond;eeg_tleft_halpha_mean_full_change_precond;eeg_t_sampent_full_change_precond;eeg_c_theta_mean_full_change_precond;eeg_pright_sampent_full_change_precond;pupil_dilation_sd_full_change_precond;hrv_rmssd_full_change_precond;gsr_skin_conductance_eda_tonic_mean_nk_full_change_precond;eeg_tleft_lalpha_mean_full_change_precond;eeg_fl_hbeta_mean_full_change_precond"
2025-11-26 18:41:22.503342,23,"stress_label",10,8,0.03,0.615384615384615,0.621794871794872,0.600854700854701,10,"top10","eeg_tleft_sampent_full_change_precond;eeg_tleft_halpha_mean_full_change_precond;eeg_t_sampent_full_change_precond;eeg_c_theta_mean_full_change_precond;eeg_pright_sampent_full_change_precond;pupil_dilation_sd_full_change_precond;hrv_rmssd_full_change_precond;gsr_skin_conductance_eda_tonic_mean_nk_full_change_precond;eeg_tleft_lalpha_mean_full_change_precond;eeg_fl_hbeta_mean_full_change_precond"
2025-11-26 18:41:23.397402,23,"stress_label",10,16,0.03,0.557692307692308,0.57051282051282,NA,10,"top10","eeg_tleft_sampent_full_change_precond;eeg_tleft_halpha_mean_full_change_precond;eeg_t_sampent_full_change_precond;eeg_c_theta_mean_full_change_precond;eeg_pright_sampent_full_change_precond;pupil_dilation_sd_full_change_precond;hrv_rmssd_full_change_precond;gsr_skin_conductance_eda_tonic_mean_nk_full_change_precond;eeg_tleft_lalpha_mean_full_change_precond;eeg_fl_hbeta_mean_full_change_precond"
2025-11-26 18:41:24.347009,23,"stress_label",10,32,0.03,0.596153846153846,0.583333333333333,NA,10,"top10","eeg_tleft_sampent_full_change_precond;eeg_tleft_halpha_mean_full_change_precond;eeg_t_sampent_full_change_precond;eeg_c_theta_mean_full_change_precond;eeg_pright_sampent_full_change_precond;pupil_dilation_sd_full_change_precond;hrv_rmssd_full_change_precond;gsr_skin_conductance_eda_tonic_mean_nk_full_change_precond;eeg_tleft_lalpha_mean_full_change_precond;eeg_fl_hbeta_mean_full_change_precond"
2025-11-26 18:41:25.41274,23,"stress_label",10,64,0.03,0.621794871794872,0.634615384615385,NA,10,"top10","eeg_tleft_sampent_full_change_precond;eeg_tleft_halpha_mean_full_change_precond;eeg_t_sampent_full_change_precond;eeg_c_theta_mean_full_change_precond;eeg_pright_sampent_full_change_precond;pupil_dilation_sd_full_change_precond;hrv_rmssd_full_change_precond;gsr_skin_conductance_eda_tonic_mean_nk_full_change_precond;eeg_tleft_lalpha_mean_full_change_precond;eeg_fl_hbeta_mean_full_change_precond"
2025-11-26 18:41:26.489679,23,"stress_label",10,128,0.03,0.641025641025641,0.628205128205128,NA,10,"top10","eeg_tleft_sampent_full_change_precond;eeg_tleft_halpha_mean_full_change_precond;eeg_t_sampent_full_change_precond;eeg_c_theta_mean_full_change_precond;eeg_pright_sampent_full_change_precond;pupil_dilation_sd_full_change_precond;hrv_rmssd_full_change_precond;gsr_skin_conductance_eda_tonic_mean_nk_full_change_precond;eeg_tleft_lalpha_mean_full_change_precond;eeg_fl_hbeta_mean_full_change_precond"
2025-11-26 18:41:27.892567,23,"stress_label",10,256,0.03,0.58974358974359,0.621794871794872,NA,10,"top10","eeg_tleft_sampent_full_change_precond;eeg_tleft_halpha_mean_full_change_precond;eeg_t_sampent_full_change_precond;eeg_c_theta_mean_full_change_precond;eeg_pright_sampent_full_change_precond;pupil_dilation_sd_full_change_precond;hrv_rmssd_full_change_precond;gsr_skin_conductance_eda_tonic_mean_nk_full_change_precond;eeg_tleft_lalpha_mean_full_change_precond;eeg_fl_hbeta_mean_full_change_precond"
2025-11-26 18:41:28.75395,23,"stress_label",10,2,0.06,0.628205128205128,0.634615384615385,0.609401709401709,10,"top10","eeg_tleft_sampent_full_change_precond;eeg_tleft_halpha_mean_full_change_precond;eeg_t_sampent_full_change_precond;eeg_c_theta_mean_full_change_precond;eeg_pright_sampent_full_change_precond;pupil_dilation_sd_full_change_precond;hrv_rmssd_full_change_precond;gsr_skin_conductance_eda_tonic_mean_nk_full_change_precond;eeg_tleft_lalpha_mean_full_change_precond;eeg_fl_hbeta_mean_full_change_precond"
2025-11-26 18:41:29.618471,23,"stress_label",10,4,0.06,0.583333333333333,0.57051282051282,0.57008547008547,10,"top10","eeg_tleft_sampent_full_change_precond;eeg_tleft_halpha_mean_full_change_precond;eeg_t_sampent_full_change_precond;eeg_c_theta_mean_full_change_precond;eeg_pright_sampent_full_change_precond;pupil_dilation_sd_full_change_precond;hrv_rmssd_full_change_precond;gsr_skin_conductance_eda_tonic_mean_nk_full_change_precond;eeg_tleft_lalpha_mean_full_change_precond;eeg_fl_hbeta_mean_full_change_precond"
2025-11-26 18:41:30.362804,23,"stress_label",10,8,0.06,0.58974358974359,0.557692307692308,NA,10,"top10","eeg_tleft_sampent_full_change_precond;eeg_tleft_halpha_mean_full_change_precond;eeg_t_sampent_full_change_precond;eeg_c_theta_mean_full_change_precond;eeg_pright_sampent_full_change_precond;pupil_dilation_sd_full_change_precond;hrv_rmssd_full_change_precond;gsr_skin_conductance_eda_tonic_mean_nk_full_change_precond;eeg_tleft_lalpha_mean_full_change_precond;eeg_fl_hbeta_mean_full_change_precond"
2025-11-26 18:41:31.306887,23,"stress_label",10,16,0.06,0.621794871794872,0.615384615384615,NA,10,"top10","eeg_tleft_sampent_full_change_precond;eeg_tleft_halpha_mean_full_change_precond;eeg_t_sampent_full_change_precond;eeg_c_theta_mean_full_change_precond;eeg_pright_sampent_full_change_precond;pupil_dilation_sd_full_change_precond;hrv_rmssd_full_change_precond;gsr_skin_conductance_eda_tonic_mean_nk_full_change_precond;eeg_tleft_lalpha_mean_full_change_precond;eeg_fl_hbeta_mean_full_change_precond"
2025-11-26 18:41:32.33564,23,"stress_label",10,32,0.06,0.653846153846154,0.647435897435897,NA,10,"top10","eeg_tleft_sampent_full_change_precond;eeg_tleft_halpha_mean_full_change_precond;eeg_t_sampent_full_change_precond;eeg_c_theta_mean_full_change_precond;eeg_pright_sampent_full_change_precond;pupil_dilation_sd_full_change_precond;hrv_rmssd_full_change_precond;gsr_skin_conductance_eda_tonic_mean_nk_full_change_precond;eeg_tleft_lalpha_mean_full_change_precond;eeg_fl_hbeta_mean_full_change_precond"
2025-11-26 18:41:33.453243,23,"stress_label",10,64,0.06,0.583333333333333,0.602564102564103,NA,10,"top10","eeg_tleft_sampent_full_change_precond;eeg_tleft_halpha_mean_full_change_precond;eeg_t_sampent_full_change_precond;eeg_c_theta_mean_full_change_precond;eeg_pright_sampent_full_change_precond;pupil_dilation_sd_full_change_precond;hrv_rmssd_full_change_precond;gsr_skin_conductance_eda_tonic_mean_nk_full_change_precond;eeg_tleft_lalpha_mean_full_change_precond;eeg_fl_hbeta_mean_full_change_precond"
2025-11-26 18:41:34.59846,23,"stress_label",10,128,0.06,0.608974358974359,0.634615384615385,NA,10,"top10","eeg_tleft_sampent_full_change_precond;eeg_tleft_halpha_mean_full_change_precond;eeg_t_sampent_full_change_precond;eeg_c_theta_mean_full_change_precond;eeg_pright_sampent_full_change_precond;pupil_dilation_sd_full_change_precond;hrv_rmssd_full_change_precond;gsr_skin_conductance_eda_tonic_mean_nk_full_change_precond;eeg_tleft_lalpha_mean_full_change_precond;eeg_fl_hbeta_mean_full_change_precond"
2025-11-26 18:41:35.642911,23,"stress_label",10,256,0.06,0.576923076923077,0.602564102564103,NA,10,"top10","eeg_tleft_sampent_full_change_precond;eeg_tleft_halpha_mean_full_change_precond;eeg_t_sampent_full_change_precond;eeg_c_theta_mean_full_change_precond;eeg_pright_sampent_full_change_precond;pupil_dilation_sd_full_change_precond;hrv_rmssd_full_change_precond;gsr_skin_conductance_eda_tonic_mean_nk_full_change_precond;eeg_tleft_lalpha_mean_full_change_precond;eeg_fl_hbeta_mean_full_change_precond"
2025-11-26 18:41:36.548421,23,"stress_label",10,2,0.1,0.58974358974359,0.58974358974359,0.578632478632479,10,"top10","eeg_tleft_sampent_full_change_precond;eeg_tleft_halpha_mean_full_change_precond;eeg_t_sampent_full_change_precond;eeg_c_theta_mean_full_change_precond;eeg_pright_sampent_full_change_precond;pupil_dilation_sd_full_change_precond;hrv_rmssd_full_change_precond;gsr_skin_conductance_eda_tonic_mean_nk_full_change_precond;eeg_tleft_lalpha_mean_full_change_precond;eeg_fl_hbeta_mean_full_change_precond"
2025-11-26 18:41:37.290758,23,"stress_label",10,4,0.1,0.615384615384615,0.596153846153846,0.620512820512821,10,"top10","eeg_tleft_sampent_full_change_precond;eeg_tleft_halpha_mean_full_change_precond;eeg_t_sampent_full_change_precond;eeg_c_theta_mean_full_change_precond;eeg_pright_sampent_full_change_precond;pupil_dilation_sd_full_change_precond;hrv_rmssd_full_change_precond;gsr_skin_conductance_eda_tonic_mean_nk_full_change_precond;eeg_tleft_lalpha_mean_full_change_precond;eeg_fl_hbeta_mean_full_change_precond"
2025-11-26 18:41:38.237362,23,"stress_label",10,8,0.1,0.628205128205128,0.66025641025641,NA,10,"top10","eeg_tleft_sampent_full_change_precond;eeg_tleft_halpha_mean_full_change_precond;eeg_t_sampent_full_change_precond;eeg_c_theta_mean_full_change_precond;eeg_pright_sampent_full_change_precond;pupil_dilation_sd_full_change_precond;hrv_rmssd_full_change_precond;gsr_skin_conductance_eda_tonic_mean_nk_full_change_precond;eeg_tleft_lalpha_mean_full_change_precond;eeg_fl_hbeta_mean_full_change_precond"
2025-11-26 18:41:39.246016,23,"stress_label",10,16,0.1,0.641025641025641,0.621794871794872,NA,10,"top10","eeg_tleft_sampent_full_change_precond;eeg_tleft_halpha_mean_full_change_precond;eeg_t_sampent_full_change_precond;eeg_c_theta_mean_full_change_precond;eeg_pright_sampent_full_change_precond;pupil_dilation_sd_full_change_precond;hrv_rmssd_full_change_precond;gsr_skin_conductance_eda_tonic_mean_nk_full_change_precond;eeg_tleft_lalpha_mean_full_change_precond;eeg_fl_hbeta_mean_full_change_precond"
2025-11-26 18:41:40.199461,23,"stress_label",10,32,0.1,0.615384615384615,0.634615384615385,NA,10,"top10","eeg_tleft_sampent_full_change_precond;eeg_tleft_halpha_mean_full_change_precond;eeg_t_sampent_full_change_precond;eeg_c_theta_mean_full_change_precond;eeg_pright_sampent_full_change_precond;pupil_dilation_sd_full_change_precond;hrv_rmssd_full_change_precond;gsr_skin_conductance_eda_tonic_mean_nk_full_change_precond;eeg_tleft_lalpha_mean_full_change_precond;eeg_fl_hbeta_mean_full_change_precond"
2025-11-26 18:41:41.187264,23,"stress_label",10,64,0.1,0.608974358974359,0.621794871794872,NA,10,"top10","eeg_tleft_sampent_full_change_precond;eeg_tleft_halpha_mean_full_change_precond;eeg_t_sampent_full_change_precond;eeg_c_theta_mean_full_change_precond;eeg_pright_sampent_full_change_precond;pupil_dilation_sd_full_change_precond;hrv_rmssd_full_change_precond;gsr_skin_conductance_eda_tonic_mean_nk_full_change_precond;eeg_tleft_lalpha_mean_full_change_precond;eeg_fl_hbeta_mean_full_change_precond"
2025-11-26 18:41:42.283327,23,"stress_label",10,128,0.1,0.608974358974359,0.621794871794872,NA,10,"top10","eeg_tleft_sampent_full_change_precond;eeg_tleft_halpha_mean_full_change_precond;eeg_t_sampent_full_change_precond;eeg_c_theta_mean_full_change_precond;eeg_pright_sampent_full_change_precond;pupil_dilation_sd_full_change_precond;hrv_rmssd_full_change_precond;gsr_skin_conductance_eda_tonic_mean_nk_full_change_precond;eeg_tleft_lalpha_mean_full_change_precond;eeg_fl_hbeta_mean_full_change_precond"
2025-11-26 18:41:43.335279,23,"stress_label",10,256,0.1,0.608974358974359,0.621794871794872,NA,10,"top10","eeg_tleft_sampent_full_change_precond;eeg_tleft_halpha_mean_full_change_precond;eeg_t_sampent_full_change_precond;eeg_c_theta_mean_full_change_precond;eeg_pright_sampent_full_change_precond;pupil_dilation_sd_full_change_precond;hrv_rmssd_full_change_precond;gsr_skin_conductance_eda_tonic_mean_nk_full_change_precond;eeg_tleft_lalpha_mean_full_change_precond;eeg_fl_hbeta_mean_full_change_precond"
2025-11-26 18:41:44.16119,23,"stress_label",5,2,0.0078125,0.58974358974359,0.647435897435897,0.564957264957265,5,"top5","eeg_tleft_sampent_full_change_precond;eeg_tleft_halpha_mean_full_change_precond;eeg_t_sampent_full_change_precond;eeg_c_theta_mean_full_change_precond;eeg_pright_sampent_full_change_precond"
2025-11-26 18:41:44.94408,23,"stress_label",5,4,0.0078125,0.57051282051282,0.621794871794872,0.545299145299145,5,"top5","eeg_tleft_sampent_full_change_precond;eeg_tleft_halpha_mean_full_change_precond;eeg_t_sampent_full_change_precond;eeg_c_theta_mean_full_change_precond;eeg_pright_sampent_full_change_precond"
2025-11-26 18:41:45.731356,23,"stress_label",5,8,0.0078125,0.57051282051282,0.615384615384615,0.541880341880342,5,"top5","eeg_tleft_sampent_full_change_precond;eeg_tleft_halpha_mean_full_change_precond;eeg_t_sampent_full_change_precond;eeg_c_theta_mean_full_change_precond;eeg_pright_sampent_full_change_precond"
2025-11-26 18:41:46.518803,23,"stress_label",5,16,0.0078125,0.57051282051282,0.628205128205128,0.545299145299145,5,"top5","eeg_tleft_sampent_full_change_precond;eeg_tleft_halpha_mean_full_change_precond;eeg_t_sampent_full_change_precond;eeg_c_theta_mean_full_change_precond;eeg_pright_sampent_full_change_precond"
2025-11-26 18:41:47.287189,23,"stress_label",5,32,0.0078125,0.564102564102564,0.621794871794872,0.546153846153846,5,"top5","eeg_tleft_sampent_full_change_precond;eeg_tleft_halpha_mean_full_change_precond;eeg_t_sampent_full_change_precond;eeg_c_theta_mean_full_change_precond;eeg_pright_sampent_full_change_precond"
2025-11-26 18:41:47.98737,23,"stress_label",5,64,0.0078125,0.544871794871795,0.608974358974359,0.521367521367521,5,"top5","eeg_tleft_sampent_full_change_precond;eeg_tleft_halpha_mean_full_change_precond;eeg_t_sampent_full_change_precond;eeg_c_theta_mean_full_change_precond;eeg_pright_sampent_full_change_precond"
2025-11-26 18:41:48.742002,23,"stress_label",5,128,0.0078125,0.525641025641026,0.583333333333333,0.504273504273504,5,"top5","eeg_tleft_sampent_full_change_precond;eeg_tleft_halpha_mean_full_change_precond;eeg_t_sampent_full_change_precond;eeg_c_theta_mean_full_change_precond;eeg_pright_sampent_full_change_precond"
2025-11-26 18:41:49.564731,23,"stress_label",5,256,0.0078125,0.512820512820513,0.544871794871795,0.474358974358974,5,"top5","eeg_tleft_sampent_full_change_precond;eeg_tleft_halpha_mean_full_change_precond;eeg_t_sampent_full_change_precond;eeg_c_theta_mean_full_change_precond;eeg_pright_sampent_full_change_precond"
2025-11-26 18:41:50.329104,23,"stress_label",5,2,0.015625,0.596153846153846,0.634615384615385,0.567521367521368,5,"top5","eeg_tleft_sampent_full_change_precond;eeg_tleft_halpha_mean_full_change_precond;eeg_t_sampent_full_change_precond;eeg_c_theta_mean_full_change_precond;eeg_pright_sampent_full_change_precond"
2025-11-26 18:41:51.084499,23,"stress_label",5,4,0.015625,0.583333333333333,0.634615384615385,0.557264957264957,5,"top5","eeg_tleft_sampent_full_change_precond;eeg_tleft_halpha_mean_full_change_precond;eeg_t_sampent_full_change_precond;eeg_c_theta_mean_full_change_precond;eeg_pright_sampent_full_change_precond"
2025-11-26 18:41:51.865964,23,"stress_label",5,8,0.015625,0.57051282051282,0.628205128205128,0.54017094017094,5,"top5","eeg_tleft_sampent_full_change_precond;eeg_tleft_halpha_mean_full_change_precond;eeg_t_sampent_full_change_precond;eeg_c_theta_mean_full_change_precond;eeg_pright_sampent_full_change_precond"
2025-11-26 18:41:52.637153,23,"stress_label",5,16,0.015625,0.551282051282051,0.602564102564103,0.521367521367521,5,"top5","eeg_tleft_sampent_full_change_precond;eeg_tleft_halpha_mean_full_change_precond;eeg_t_sampent_full_change_precond;eeg_c_theta_mean_full_change_precond;eeg_pright_sampent_full_change_precond"
2025-11-26 18:41:53.426318,23,"stress_label",5,32,0.015625,0.5,0.58974358974359,0.477777777777778,5,"top5","eeg_tleft_sampent_full_change_precond;eeg_tleft_halpha_mean_full_change_precond;eeg_t_sampent_full_change_precond;eeg_c_theta_mean_full_change_precond;eeg_pright_sampent_full_change_precond"
2025-11-26 18:41:54.246427,23,"stress_label",5,64,0.015625,0.506410256410256,0.544871794871795,0.469230769230769,5,"top5","eeg_tleft_sampent_full_change_precond;eeg_tleft_halpha_mean_full_change_precond;eeg_t_sampent_full_change_precond;eeg_c_theta_mean_full_change_precond;eeg_pright_sampent_full_change_precond"
2025-11-26 18:41:55.08224,23,"stress_label",5,128,0.015625,0.480769230769231,0.525641025641026,NA,5,"top5","eeg_tleft_sampent_full_change_precond;eeg_tleft_halpha_mean_full_change_precond;eeg_t_sampent_full_change_precond;eeg_c_theta_mean_full_change_precond;eeg_pright_sampent_full_change_precond"
2025-11-26 18:41:56.008384,23,"stress_label",5,256,0.015625,0.506410256410256,0.455128205128205,0.451282051282051,5,"top5","eeg_tleft_sampent_full_change_precond;eeg_tleft_halpha_mean_full_change_precond;eeg_t_sampent_full_change_precond;eeg_c_theta_mean_full_change_precond;eeg_pright_sampent_full_change_precond"
2025-11-26 18:41:56.76912,23,"stress_label",5,2,0.03125,0.596153846153846,0.641025641025641,0.567521367521368,5,"top5","eeg_tleft_sampent_full_change_precond;eeg_tleft_halpha_mean_full_change_precond;eeg_t_sampent_full_change_precond;eeg_c_theta_mean_full_change_precond;eeg_pright_sampent_full_change_precond"
2025-11-26 18:41:57.525332,23,"stress_label",5,4,0.03125,0.551282051282051,0.615384615384615,0.521367521367521,5,"top5","eeg_tleft_sampent_full_change_precond;eeg_tleft_halpha_mean_full_change_precond;eeg_t_sampent_full_change_precond;eeg_c_theta_mean_full_change_precond;eeg_pright_sampent_full_change_precond"
2025-11-26 18:41:58.309478,23,"stress_label",5,8,0.03125,0.525641025641026,0.58974358974359,0.499145299145299,5,"top5","eeg_tleft_sampent_full_change_precond;eeg_tleft_halpha_mean_full_change_precond;eeg_t_sampent_full_change_precond;eeg_c_theta_mean_full_change_precond;eeg_pright_sampent_full_change_precond"
2025-11-26 18:41:59.016767,23,"stress_label",5,16,0.03125,0.5,0.557692307692308,0.469230769230769,5,"top5","eeg_tleft_sampent_full_change_precond;eeg_tleft_halpha_mean_full_change_precond;eeg_t_sampent_full_change_precond;eeg_c_theta_mean_full_change_precond;eeg_pright_sampent_full_change_precond"
2025-11-26 18:41:59.659147,23,"stress_label",5,32,0.03125,0.5,0.512820512820513,0.461538461538462,5,"top5","eeg_tleft_sampent_full_change_precond;eeg_tleft_halpha_mean_full_change_precond;eeg_t_sampent_full_change_precond;eeg_c_theta_mean_full_change_precond;eeg_pright_sampent_full_change_precond"
2025-11-26 18:42:00.474392,23,"stress_label",5,64,0.03125,0.538461538461538,0.525641025641026,0.483760683760684,5,"top5","eeg_tleft_sampent_full_change_precond;eeg_tleft_halpha_mean_full_change_precond;eeg_t_sampent_full_change_precond;eeg_c_theta_mean_full_change_precond;eeg_pright_sampent_full_change_precond"
2025-11-26 18:42:01.387415,23,"stress_label",5,128,0.03125,0.57051282051282,0.532051282051282,NA,5,"top5","eeg_tleft_sampent_full_change_precond;eeg_tleft_halpha_mean_full_change_precond;eeg_t_sampent_full_change_precond;eeg_c_theta_mean_full_change_precond;eeg_pright_sampent_full_change_precond"
2025-11-26 18:42:02.516929,23,"stress_label",5,256,0.03125,0.551282051282051,0.525641025641026,NA,5,"top5","eeg_tleft_sampent_full_change_precond;eeg_tleft_halpha_mean_full_change_precond;eeg_t_sampent_full_change_precond;eeg_c_theta_mean_full_change_precond;eeg_pright_sampent_full_change_precond"
2025-11-26 18:42:03.294335,23,"stress_label",5,2,0.0625,0.57051282051282,0.615384615384615,0.533333333333333,5,"top5","eeg_tleft_sampent_full_change_precond;eeg_tleft_halpha_mean_full_change_precond;eeg_t_sampent_full_change_precond;eeg_c_theta_mean_full_change_precond;eeg_pright_sampent_full_change_precond"
2025-11-26 18:42:04.055532,23,"stress_label",5,4,0.0625,0.512820512820513,0.576923076923077,0.494871794871795,5,"top5","eeg_tleft_sampent_full_change_precond;eeg_tleft_halpha_mean_full_change_precond;eeg_t_sampent_full_change_precond;eeg_c_theta_mean_full_change_precond;eeg_pright_sampent_full_change_precond"
2025-11-26 18:42:04.857843,23,"stress_label",5,8,0.0625,0.5,0.576923076923077,0.464957264957265,5,"top5","eeg_tleft_sampent_full_change_precond;eeg_tleft_halpha_mean_full_change_precond;eeg_t_sampent_full_change_precond;eeg_c_theta_mean_full_change_precond;eeg_pright_sampent_full_change_precond"
2025-11-26 18:42:05.673126,23,"stress_label",5,16,0.0625,0.551282051282051,0.57051282051282,NA,5,"top5","eeg_tleft_sampent_full_change_precond;eeg_tleft_halpha_mean_full_change_precond;eeg_t_sampent_full_change_precond;eeg_c_theta_mean_full_change_precond;eeg_pright_sampent_full_change_precond"
2025-11-26 18:42:06.409785,23,"stress_label",5,32,0.0625,0.557692307692308,0.583333333333333,NA,5,"top5","eeg_tleft_sampent_full_change_precond;eeg_tleft_halpha_mean_full_change_precond;eeg_t_sampent_full_change_precond;eeg_c_theta_mean_full_change_precond;eeg_pright_sampent_full_change_precond"
2025-11-26 18:42:07.244491,23,"stress_label",5,64,0.0625,0.551282051282051,0.583333333333333,NA,5,"top5","eeg_tleft_sampent_full_change_precond;eeg_tleft_halpha_mean_full_change_precond;eeg_t_sampent_full_change_precond;eeg_c_theta_mean_full_change_precond;eeg_pright_sampent_full_change_precond"
2025-11-26 18:42:08.191546,23,"stress_label",5,128,0.0625,0.576923076923077,0.583333333333333,NA,5,"top5","eeg_tleft_sampent_full_change_precond;eeg_tleft_halpha_mean_full_change_precond;eeg_t_sampent_full_change_precond;eeg_c_theta_mean_full_change_precond;eeg_pright_sampent_full_change_precond"
2025-11-26 18:42:09.450549,23,"stress_label",5,256,0.0625,0.557692307692308,0.583333333333333,NA,5,"top5","eeg_tleft_sampent_full_change_precond;eeg_tleft_halpha_mean_full_change_precond;eeg_t_sampent_full_change_precond;eeg_c_theta_mean_full_change_precond;eeg_pright_sampent_full_change_precond"
2025-11-26 18:42:10.214937,23,"stress_label",5,2,0.125,0.532051282051282,0.608974358974359,0.505128205128205,5,"top5","eeg_tleft_sampent_full_change_precond;eeg_tleft_halpha_mean_full_change_precond;eeg_t_sampent_full_change_precond;eeg_c_theta_mean_full_change_precond;eeg_pright_sampent_full_change_precond"
2025-11-26 18:42:10.984666,23,"stress_label",5,4,0.125,0.564102564102564,0.583333333333333,NA,5,"top5","eeg_tleft_sampent_full_change_precond;eeg_tleft_halpha_mean_full_change_precond;eeg_t_sampent_full_change_precond;eeg_c_theta_mean_full_change_precond;eeg_pright_sampent_full_change_precond"
2025-11-26 18:42:11.726105,23,"stress_label",5,8,0.125,0.538461538461538,0.551282051282051,NA,5,"top5","eeg_tleft_sampent_full_change_precond;eeg_tleft_halpha_mean_full_change_precond;eeg_t_sampent_full_change_precond;eeg_c_theta_mean_full_change_precond;eeg_pright_sampent_full_change_precond"
2025-11-26 18:42:12.571324,23,"stress_label",5,16,0.125,0.576923076923077,0.596153846153846,NA,5,"top5","eeg_tleft_sampent_full_change_precond;eeg_tleft_halpha_mean_full_change_precond;eeg_t_sampent_full_change_precond;eeg_c_theta_mean_full_change_precond;eeg_pright_sampent_full_change_precond"
2025-11-26 18:42:13.444334,23,"stress_label",5,32,0.125,0.602564102564103,0.58974358974359,NA,5,"top5","eeg_tleft_sampent_full_change_precond;eeg_tleft_halpha_mean_full_change_precond;eeg_t_sampent_full_change_precond;eeg_c_theta_mean_full_change_precond;eeg_pright_sampent_full_change_precond"
2025-11-26 18:42:14.449424,23,"stress_label",5,64,0.125,0.544871794871795,0.564102564102564,NA,5,"top5","eeg_tleft_sampent_full_change_precond;eeg_tleft_halpha_mean_full_change_precond;eeg_t_sampent_full_change_precond;eeg_c_theta_mean_full_change_precond;eeg_pright_sampent_full_change_precond"
2025-11-26 18:42:15.549173,23,"stress_label",5,128,0.125,0.538461538461538,0.544871794871795,0.529059829059829,5,"top5","eeg_tleft_sampent_full_change_precond;eeg_tleft_halpha_mean_full_change_precond;eeg_t_sampent_full_change_precond;eeg_c_theta_mean_full_change_precond;eeg_pright_sampent_full_change_precond"
2025-11-26 18:42:16.852056,23,"stress_label",5,256,0.125,0.576923076923077,0.57051282051282,NA,5,"top5","eeg_tleft_sampent_full_change_precond;eeg_tleft_halpha_mean_full_change_precond;eeg_t_sampent_full_change_precond;eeg_c_theta_mean_full_change_precond;eeg_pright_sampent_full_change_precond"
2025-11-26 18:42:17.53306,23,"stress_label",5,2,0.03,0.596153846153846,0.641025641025641,0.567521367521368,5,"top5","eeg_tleft_sampent_full_change_precond;eeg_tleft_halpha_mean_full_change_precond;eeg_t_sampent_full_change_precond;eeg_c_theta_mean_full_change_precond;eeg_pright_sampent_full_change_precond"
2025-11-26 18:42:18.274934,23,"stress_label",5,4,0.03,0.564102564102564,0.615384615384615,0.532478632478632,5,"top5","eeg_tleft_sampent_full_change_precond;eeg_tleft_halpha_mean_full_change_precond;eeg_t_sampent_full_change_precond;eeg_c_theta_mean_full_change_precond;eeg_pright_sampent_full_change_precond"
2025-11-26 18:42:19.064183,23,"stress_label",5,8,0.03,0.525641025641026,0.583333333333333,0.499145299145299,5,"top5","eeg_tleft_sampent_full_change_precond;eeg_tleft_halpha_mean_full_change_precond;eeg_t_sampent_full_change_precond;eeg_c_theta_mean_full_change_precond;eeg_pright_sampent_full_change_precond"
2025-11-26 18:42:19.838096,23,"stress_label",5,16,0.03,0.5,0.557692307692308,0.469230769230769,5,"top5","eeg_tleft_sampent_full_change_precond;eeg_tleft_halpha_mean_full_change_precond;eeg_t_sampent_full_change_precond;eeg_c_theta_mean_full_change_precond;eeg_pright_sampent_full_change_precond"
2025-11-26 18:42:20.594768,23,"stress_label",5,32,0.03,0.493589743589744,0.538461538461538,0.457264957264957,5,"top5","eeg_tleft_sampent_full_change_precond;eeg_tleft_halpha_mean_full_change_precond;eeg_t_sampent_full_change_precond;eeg_c_theta_mean_full_change_precond;eeg_pright_sampent_full_change_precond"
2025-11-26 18:42:21.441917,23,"stress_label",5,64,0.03,0.544871794871795,0.519230769230769,0.496581196581197,5,"top5","eeg_tleft_sampent_full_change_precond;eeg_tleft_halpha_mean_full_change_precond;eeg_t_sampent_full_change_precond;eeg_c_theta_mean_full_change_precond;eeg_pright_sampent_full_change_precond"
2025-11-26 18:42:22.407576,23,"stress_label",5,128,0.03,0.57051282051282,0.532051282051282,NA,5,"top5","eeg_tleft_sampent_full_change_precond;eeg_tleft_halpha_mean_full_change_precond;eeg_t_sampent_full_change_precond;eeg_c_theta_mean_full_change_precond;eeg_pright_sampent_full_change_precond"
2025-11-26 18:42:23.493339,23,"stress_label",5,256,0.03,0.564102564102564,0.564102564102564,NA,5,"top5","eeg_tleft_sampent_full_change_precond;eeg_tleft_halpha_mean_full_change_precond;eeg_t_sampent_full_change_precond;eeg_c_theta_mean_full_change_precond;eeg_pright_sampent_full_change_precond"
2025-11-26 18:42:24.193999,23,"stress_label",5,2,0.06,0.57051282051282,0.621794871794872,0.533333333333333,5,"top5","eeg_tleft_sampent_full_change_precond;eeg_tleft_halpha_mean_full_change_precond;eeg_t_sampent_full_change_precond;eeg_c_theta_mean_full_change_precond;eeg_pright_sampent_full_change_precond"
2025-11-26 18:42:24.933309,23,"stress_label",5,4,0.06,0.512820512820513,0.583333333333333,0.494871794871795,5,"top5","eeg_tleft_sampent_full_change_precond;eeg_tleft_halpha_mean_full_change_precond;eeg_t_sampent_full_change_precond;eeg_c_theta_mean_full_change_precond;eeg_pright_sampent_full_change_precond"
2025-11-26 18:42:25.70841,23,"stress_label",5,8,0.06,0.493589743589744,0.551282051282051,0.460683760683761,5,"top5","eeg_tleft_sampent_full_change_precond;eeg_tleft_halpha_mean_full_change_precond;eeg_t_sampent_full_change_precond;eeg_c_theta_mean_full_change_precond;eeg_pright_sampent_full_change_precond"
2025-11-26 18:42:26.504496,23,"stress_label",5,16,0.06,0.544871794871795,0.564102564102564,0.503418803418803,5,"top5","eeg_tleft_sampent_full_change_precond;eeg_tleft_halpha_mean_full_change_precond;eeg_t_sampent_full_change_precond;eeg_c_theta_mean_full_change_precond;eeg_pright_sampent_full_change_precond"
2025-11-26 18:42:27.373761,23,"stress_label",5,32,0.06,0.576923076923077,0.596153846153846,NA,5,"top5","eeg_tleft_sampent_full_change_precond;eeg_tleft_halpha_mean_full_change_precond;eeg_t_sampent_full_change_precond;eeg_c_theta_mean_full_change_precond;eeg_pright_sampent_full_change_precond"
2025-11-26 18:42:28.267715,23,"stress_label",5,64,0.06,0.544871794871795,0.583333333333333,NA,5,"top5","eeg_tleft_sampent_full_change_precond;eeg_tleft_halpha_mean_full_change_precond;eeg_t_sampent_full_change_precond;eeg_c_theta_mean_full_change_precond;eeg_pright_sampent_full_change_precond"
2025-11-26 18:42:29.501361,23,"stress_label",5,128,0.06,0.576923076923077,0.583333333333333,NA,5,"top5","eeg_tleft_sampent_full_change_precond;eeg_tleft_halpha_mean_full_change_precond;eeg_t_sampent_full_change_precond;eeg_c_theta_mean_full_change_precond;eeg_pright_sampent_full_change_precond"
2025-11-26 18:42:30.731172,23,"stress_label",5,256,0.06,0.551282051282051,0.57051282051282,NA,5,"top5","eeg_tleft_sampent_full_change_precond;eeg_tleft_halpha_mean_full_change_precond;eeg_t_sampent_full_change_precond;eeg_c_theta_mean_full_change_precond;eeg_pright_sampent_full_change_precond"
2025-11-26 18:42:31.489824,23,"stress_label",5,2,0.1,0.544871794871795,0.596153846153846,0.520512820512821,5,"top5","eeg_tleft_sampent_full_change_precond;eeg_tleft_halpha_mean_full_change_precond;eeg_t_sampent_full_change_precond;eeg_c_theta_mean_full_change_precond;eeg_pright_sampent_full_change_precond"
2025-11-26 18:42:32.192217,23,"stress_label",5,4,0.1,0.532051282051282,0.596153846153846,0.495726495726496,5,"top5","eeg_tleft_sampent_full_change_precond;eeg_tleft_halpha_mean_full_change_precond;eeg_t_sampent_full_change_precond;eeg_c_theta_mean_full_change_precond;eeg_pright_sampent_full_change_precond"
2025-11-26 18:42:32.911742,23,"stress_label",5,8,0.1,0.557692307692308,0.57051282051282,NA,5,"top5","eeg_tleft_sampent_full_change_precond;eeg_tleft_halpha_mean_full_change_precond;eeg_t_sampent_full_change_precond;eeg_c_theta_mean_full_change_precond;eeg_pright_sampent_full_change_precond"
2025-11-26 18:42:33.626749,23,"stress_label",5,16,0.1,0.532051282051282,0.576923076923077,NA,5,"top5","eeg_tleft_sampent_full_change_precond;eeg_tleft_halpha_mean_full_change_precond;eeg_t_sampent_full_change_precond;eeg_c_theta_mean_full_change_precond;eeg_pright_sampent_full_change_precond"
2025-11-26 18:42:34.519024,23,"stress_label",5,32,0.1,0.564102564102564,0.58974358974359,NA,5,"top5","eeg_tleft_sampent_full_change_precond;eeg_tleft_halpha_mean_full_change_precond;eeg_t_sampent_full_change_precond;eeg_c_theta_mean_full_change_precond;eeg_pright_sampent_full_change_precond"
2025-11-26 18:42:35.473776,23,"stress_label",5,64,0.1,0.583333333333333,0.596153846153846,NA,5,"top5","eeg_tleft_sampent_full_change_precond;eeg_tleft_halpha_mean_full_change_precond;eeg_t_sampent_full_change_precond;eeg_c_theta_mean_full_change_precond;eeg_pright_sampent_full_change_precond"
2025-11-26 18:42:36.589099,23,"stress_label",5,128,0.1,0.544871794871795,0.519230769230769,NA,5,"top5","eeg_tleft_sampent_full_change_precond;eeg_tleft_halpha_mean_full_change_precond;eeg_t_sampent_full_change_precond;eeg_c_theta_mean_full_change_precond;eeg_pright_sampent_full_change_precond"
2025-11-26 18:42:37.820794,23,"stress_label",5,256,0.1,0.557692307692308,0.525641025641026,0.54957264957265,5,"top5","eeg_tleft_sampent_full_change_precond;eeg_tleft_halpha_mean_full_change_precond;eeg_t_sampent_full_change_precond;eeg_c_theta_mean_full_change_precond;eeg_pright_sampent_full_change_precond"
2025-11-26 18:42:39.018411,24,"stress_label",20,2,0.0078125,0.544871794871795,0.634615384615385,0.520512820512821,20,"top20","eeg_tleft_sampent_full_change_precond;pupil_dilation_sd_full_change_precond;gsr_skin_conductance_eda_tonic_mean_nk_full_change_precond;eeg_tleft_halpha_mean_full_change_precond;eeg_c_theta_mean_full_change_precond;eeg_pright_sampent_full_change_precond;eeg_t_sampent_full_change_precond;eeg_fr_sampent_full_change_precond;eeg_tleft_lalpha_mean_full_change_precond;eeg_fl_hbeta_mean_full_change_precond;eeg_fm_sampent_full_change_precond;hrv_rmssd_full_change_precond;eeg_c_sampent_full_change_precond;eeg_fm_theta_mean_full_change_precond;eeg_tright_halpha_mean_full_change_precond;hr_heartrate_bpm_med_abs_full_change_precond;eeg_pleft_halpha_mean_full_change_precond;eeg_ab_ratio_full_change_precond;eeg_tleft_hbeta_mean_full_change_precond;eeg_pleft_lbeta_mean_full_change_precond"
2025-11-26 18:42:40.046214,24,"stress_label",20,4,0.0078125,0.525641025641026,0.615384615384615,0.502564102564103,20,"top20","eeg_tleft_sampent_full_change_precond;pupil_dilation_sd_full_change_precond;gsr_skin_conductance_eda_tonic_mean_nk_full_change_precond;eeg_tleft_halpha_mean_full_change_precond;eeg_c_theta_mean_full_change_precond;eeg_pright_sampent_full_change_precond;eeg_t_sampent_full_change_precond;eeg_fr_sampent_full_change_precond;eeg_tleft_lalpha_mean_full_change_precond;eeg_fl_hbeta_mean_full_change_precond;eeg_fm_sampent_full_change_precond;hrv_rmssd_full_change_precond;eeg_c_sampent_full_change_precond;eeg_fm_theta_mean_full_change_precond;eeg_tright_halpha_mean_full_change_precond;hr_heartrate_bpm_med_abs_full_change_precond;eeg_pleft_halpha_mean_full_change_precond;eeg_ab_ratio_full_change_precond;eeg_tleft_hbeta_mean_full_change_precond;eeg_pleft_lbeta_mean_full_change_precond"
2025-11-26 18:42:41.077215,24,"stress_label",20,8,0.0078125,0.538461538461538,0.596153846153846,0.518803418803419,20,"top20","eeg_tleft_sampent_full_change_precond;pupil_dilation_sd_full_change_precond;gsr_skin_conductance_eda_tonic_mean_nk_full_change_precond;eeg_tleft_halpha_mean_full_change_precond;eeg_c_theta_mean_full_change_precond;eeg_pright_sampent_full_change_precond;eeg_t_sampent_full_change_precond;eeg_fr_sampent_full_change_precond;eeg_tleft_lalpha_mean_full_change_precond;eeg_fl_hbeta_mean_full_change_precond;eeg_fm_sampent_full_change_precond;hrv_rmssd_full_change_precond;eeg_c_sampent_full_change_precond;eeg_fm_theta_mean_full_change_precond;eeg_tright_halpha_mean_full_change_precond;hr_heartrate_bpm_med_abs_full_change_precond;eeg_pleft_halpha_mean_full_change_precond;eeg_ab_ratio_full_change_precond;eeg_tleft_hbeta_mean_full_change_precond;eeg_pleft_lbeta_mean_full_change_precond"
2025-11-26 18:42:42.101211,24,"stress_label",20,16,0.0078125,0.564102564102564,0.602564102564103,0.552136752136752,20,"top20","eeg_tleft_sampent_full_change_precond;pupil_dilation_sd_full_change_precond;gsr_skin_conductance_eda_tonic_mean_nk_full_change_precond;eeg_tleft_halpha_mean_full_change_precond;eeg_c_theta_mean_full_change_precond;eeg_pright_sampent_full_change_precond;eeg_t_sampent_full_change_precond;eeg_fr_sampent_full_change_precond;eeg_tleft_lalpha_mean_full_change_precond;eeg_fl_hbeta_mean_full_change_precond;eeg_fm_sampent_full_change_precond;hrv_rmssd_full_change_precond;eeg_c_sampent_full_change_precond;eeg_fm_theta_mean_full_change_precond;eeg_tright_halpha_mean_full_change_precond;hr_heartrate_bpm_med_abs_full_change_precond;eeg_pleft_halpha_mean_full_change_precond;eeg_ab_ratio_full_change_precond;eeg_tleft_hbeta_mean_full_change_precond;eeg_pleft_lbeta_mean_full_change_precond"
2025-11-26 18:42:42.994118,24,"stress_label",20,32,0.0078125,0.57051282051282,0.58974358974359,0.562393162393162,20,"top20","eeg_tleft_sampent_full_change_precond;pupil_dilation_sd_full_change_precond;gsr_skin_conductance_eda_tonic_mean_nk_full_change_precond;eeg_tleft_halpha_mean_full_change_precond;eeg_c_theta_mean_full_change_precond;eeg_pright_sampent_full_change_precond;eeg_t_sampent_full_change_precond;eeg_fr_sampent_full_change_precond;eeg_tleft_lalpha_mean_full_change_precond;eeg_fl_hbeta_mean_full_change_precond;eeg_fm_sampent_full_change_precond;hrv_rmssd_full_change_precond;eeg_c_sampent_full_change_precond;eeg_fm_theta_mean_full_change_precond;eeg_tright_halpha_mean_full_change_precond;hr_heartrate_bpm_med_abs_full_change_precond;eeg_pleft_halpha_mean_full_change_precond;eeg_ab_ratio_full_change_precond;eeg_tleft_hbeta_mean_full_change_precond;eeg_pleft_lbeta_mean_full_change_precond"
2025-11-26 18:42:44.155091,24,"stress_label",20,64,0.0078125,0.596153846153846,0.557692307692308,NA,20,"top20","eeg_tleft_sampent_full_change_precond;pupil_dilation_sd_full_change_precond;gsr_skin_conductance_eda_tonic_mean_nk_full_change_precond;eeg_tleft_halpha_mean_full_change_precond;eeg_c_theta_mean_full_change_precond;eeg_pright_sampent_full_change_precond;eeg_t_sampent_full_change_precond;eeg_fr_sampent_full_change_precond;eeg_tleft_lalpha_mean_full_change_precond;eeg_fl_hbeta_mean_full_change_precond;eeg_fm_sampent_full_change_precond;hrv_rmssd_full_change_precond;eeg_c_sampent_full_change_precond;eeg_fm_theta_mean_full_change_precond;eeg_tright_halpha_mean_full_change_precond;hr_heartrate_bpm_med_abs_full_change_precond;eeg_pleft_halpha_mean_full_change_precond;eeg_ab_ratio_full_change_precond;eeg_tleft_hbeta_mean_full_change_precond;eeg_pleft_lbeta_mean_full_change_precond"
2025-11-26 18:42:45.261794,24,"stress_label",20,128,0.0078125,0.544871794871795,0.564102564102564,NA,20,"top20","eeg_tleft_sampent_full_change_precond;pupil_dilation_sd_full_change_precond;gsr_skin_conductance_eda_tonic_mean_nk_full_change_precond;eeg_tleft_halpha_mean_full_change_precond;eeg_c_theta_mean_full_change_precond;eeg_pright_sampent_full_change_precond;eeg_t_sampent_full_change_precond;eeg_fr_sampent_full_change_precond;eeg_tleft_lalpha_mean_full_change_precond;eeg_fl_hbeta_mean_full_change_precond;eeg_fm_sampent_full_change_precond;hrv_rmssd_full_change_precond;eeg_c_sampent_full_change_precond;eeg_fm_theta_mean_full_change_precond;eeg_tright_halpha_mean_full_change_precond;hr_heartrate_bpm_med_abs_full_change_precond;eeg_pleft_halpha_mean_full_change_precond;eeg_ab_ratio_full_change_precond;eeg_tleft_hbeta_mean_full_change_precond;eeg_pleft_lbeta_mean_full_change_precond"
2025-11-26 18:42:46.734169,24,"stress_label",20,256,0.0078125,0.551282051282051,0.608974358974359,NA,20,"top20","eeg_tleft_sampent_full_change_precond;pupil_dilation_sd_full_change_precond;gsr_skin_conductance_eda_tonic_mean_nk_full_change_precond;eeg_tleft_halpha_mean_full_change_precond;eeg_c_theta_mean_full_change_precond;eeg_pright_sampent_full_change_precond;eeg_t_sampent_full_change_precond;eeg_fr_sampent_full_change_precond;eeg_tleft_lalpha_mean_full_change_precond;eeg_fl_hbeta_mean_full_change_precond;eeg_fm_sampent_full_change_precond;hrv_rmssd_full_change_precond;eeg_c_sampent_full_change_precond;eeg_fm_theta_mean_full_change_precond;eeg_tright_halpha_mean_full_change_precond;hr_heartrate_bpm_med_abs_full_change_precond;eeg_pleft_halpha_mean_full_change_precond;eeg_ab_ratio_full_change_precond;eeg_tleft_hbeta_mean_full_change_precond;eeg_pleft_lbeta_mean_full_change_precond"
2025-11-26 18:42:47.759988,24,"stress_label",20,2,0.015625,0.519230769230769,0.608974358974359,0.496581196581197,20,"top20","eeg_tleft_sampent_full_change_precond;pupil_dilation_sd_full_change_precond;gsr_skin_conductance_eda_tonic_mean_nk_full_change_precond;eeg_tleft_halpha_mean_full_change_precond;eeg_c_theta_mean_full_change_precond;eeg_pright_sampent_full_change_precond;eeg_t_sampent_full_change_precond;eeg_fr_sampent_full_change_precond;eeg_tleft_lalpha_mean_full_change_precond;eeg_fl_hbeta_mean_full_change_precond;eeg_fm_sampent_full_change_precond;hrv_rmssd_full_change_precond;eeg_c_sampent_full_change_precond;eeg_fm_theta_mean_full_change_precond;eeg_tright_halpha_mean_full_change_precond;hr_heartrate_bpm_med_abs_full_change_precond;eeg_pleft_halpha_mean_full_change_precond;eeg_ab_ratio_full_change_precond;eeg_tleft_hbeta_mean_full_change_precond;eeg_pleft_lbeta_mean_full_change_precond"
2025-11-26 18:42:48.805306,24,"stress_label",20,4,0.015625,0.57051282051282,0.608974358974359,0.548717948717949,20,"top20","eeg_tleft_sampent_full_change_precond;pupil_dilation_sd_full_change_precond;gsr_skin_conductance_eda_tonic_mean_nk_full_change_precond;eeg_tleft_halpha_mean_full_change_precond;eeg_c_theta_mean_full_change_precond;eeg_pright_sampent_full_change_precond;eeg_t_sampent_full_change_precond;eeg_fr_sampent_full_change_precond;eeg_tleft_lalpha_mean_full_change_precond;eeg_fl_hbeta_mean_full_change_precond;eeg_fm_sampent_full_change_precond;hrv_rmssd_full_change_precond;eeg_c_sampent_full_change_precond;eeg_fm_theta_mean_full_change_precond;eeg_tright_halpha_mean_full_change_precond;hr_heartrate_bpm_med_abs_full_change_precond;eeg_pleft_halpha_mean_full_change_precond;eeg_ab_ratio_full_change_precond;eeg_tleft_hbeta_mean_full_change_precond;eeg_pleft_lbeta_mean_full_change_precond"
2025-11-26 18:42:49.724618,24,"stress_label",20,8,0.015625,0.583333333333333,0.628205128205128,0.568376068376068,20,"top20","eeg_tleft_sampent_full_change_precond;pupil_dilation_sd_full_change_precond;gsr_skin_conductance_eda_tonic_mean_nk_full_change_precond;eeg_tleft_halpha_mean_full_change_precond;eeg_c_theta_mean_full_change_precond;eeg_pright_sampent_full_change_precond;eeg_t_sampent_full_change_precond;eeg_fr_sampent_full_change_precond;eeg_tleft_lalpha_mean_full_change_precond;eeg_fl_hbeta_mean_full_change_precond;eeg_fm_sampent_full_change_precond;hrv_rmssd_full_change_precond;eeg_c_sampent_full_change_precond;eeg_fm_theta_mean_full_change_precond;eeg_tright_halpha_mean_full_change_precond;hr_heartrate_bpm_med_abs_full_change_precond;eeg_pleft_halpha_mean_full_change_precond;eeg_ab_ratio_full_change_precond;eeg_tleft_hbeta_mean_full_change_precond;eeg_pleft_lbeta_mean_full_change_precond"
2025-11-26 18:42:50.635681,24,"stress_label",20,16,0.015625,0.564102564102564,0.576923076923077,0.54957264957265,20,"top20","eeg_tleft_sampent_full_change_precond;pupil_dilation_sd_full_change_precond;gsr_skin_conductance_eda_tonic_mean_nk_full_change_precond;eeg_tleft_halpha_mean_full_change_precond;eeg_c_theta_mean_full_change_precond;eeg_pright_sampent_full_change_precond;eeg_t_sampent_full_change_precond;eeg_fr_sampent_full_change_precond;eeg_tleft_lalpha_mean_full_change_precond;eeg_fl_hbeta_mean_full_change_precond;eeg_fm_sampent_full_change_precond;hrv_rmssd_full_change_precond;eeg_c_sampent_full_change_precond;eeg_fm_theta_mean_full_change_precond;eeg_tright_halpha_mean_full_change_precond;hr_heartrate_bpm_med_abs_full_change_precond;eeg_pleft_halpha_mean_full_change_precond;eeg_ab_ratio_full_change_precond;eeg_tleft_hbeta_mean_full_change_precond;eeg_pleft_lbeta_mean_full_change_precond"
2025-11-26 18:42:51.779955,24,"stress_label",20,32,0.015625,0.538461538461538,0.538461538461538,NA,20,"top20","eeg_tleft_sampent_full_change_precond;pupil_dilation_sd_full_change_precond;gsr_skin_conductance_eda_tonic_mean_nk_full_change_precond;eeg_tleft_halpha_mean_full_change_precond;eeg_c_theta_mean_full_change_precond;eeg_pright_sampent_full_change_precond;eeg_t_sampent_full_change_precond;eeg_fr_sampent_full_change_precond;eeg_tleft_lalpha_mean_full_change_precond;eeg_fl_hbeta_mean_full_change_precond;eeg_fm_sampent_full_change_precond;hrv_rmssd_full_change_precond;eeg_c_sampent_full_change_precond;eeg_fm_theta_mean_full_change_precond;eeg_tright_halpha_mean_full_change_precond;hr_heartrate_bpm_med_abs_full_change_precond;eeg_pleft_halpha_mean_full_change_precond;eeg_ab_ratio_full_change_precond;eeg_tleft_hbeta_mean_full_change_precond;eeg_pleft_lbeta_mean_full_change_precond"
2025-11-26 18:42:53.070136,24,"stress_label",20,64,0.015625,0.557692307692308,0.576923076923077,NA,20,"top20","eeg_tleft_sampent_full_change_precond;pupil_dilation_sd_full_change_precond;gsr_skin_conductance_eda_tonic_mean_nk_full_change_precond;eeg_tleft_halpha_mean_full_change_precond;eeg_c_theta_mean_full_change_precond;eeg_pright_sampent_full_change_precond;eeg_t_sampent_full_change_precond;eeg_fr_sampent_full_change_precond;eeg_tleft_lalpha_mean_full_change_precond;eeg_fl_hbeta_mean_full_change_precond;eeg_fm_sampent_full_change_precond;hrv_rmssd_full_change_precond;eeg_c_sampent_full_change_precond;eeg_fm_theta_mean_full_change_precond;eeg_tright_halpha_mean_full_change_precond;hr_heartrate_bpm_med_abs_full_change_precond;eeg_pleft_halpha_mean_full_change_precond;eeg_ab_ratio_full_change_precond;eeg_tleft_hbeta_mean_full_change_precond;eeg_pleft_lbeta_mean_full_change_precond"
2025-11-26 18:42:54.4078,24,"stress_label",20,128,0.015625,0.58974358974359,0.596153846153846,NA,20,"top20","eeg_tleft_sampent_full_change_precond;pupil_dilation_sd_full_change_precond;gsr_skin_conductance_eda_tonic_mean_nk_full_change_precond;eeg_tleft_halpha_mean_full_change_precond;eeg_c_theta_mean_full_change_precond;eeg_pright_sampent_full_change_precond;eeg_t_sampent_full_change_precond;eeg_fr_sampent_full_change_precond;eeg_tleft_lalpha_mean_full_change_precond;eeg_fl_hbeta_mean_full_change_precond;eeg_fm_sampent_full_change_precond;hrv_rmssd_full_change_precond;eeg_c_sampent_full_change_precond;eeg_fm_theta_mean_full_change_precond;eeg_tright_halpha_mean_full_change_precond;hr_heartrate_bpm_med_abs_full_change_precond;eeg_pleft_halpha_mean_full_change_precond;eeg_ab_ratio_full_change_precond;eeg_tleft_hbeta_mean_full_change_precond;eeg_pleft_lbeta_mean_full_change_precond"
2025-11-26 18:42:55.826294,24,"stress_label",20,256,0.015625,0.583333333333333,0.621794871794872,NA,20,"top20","eeg_tleft_sampent_full_change_precond;pupil_dilation_sd_full_change_precond;gsr_skin_conductance_eda_tonic_mean_nk_full_change_precond;eeg_tleft_halpha_mean_full_change_precond;eeg_c_theta_mean_full_change_precond;eeg_pright_sampent_full_change_precond;eeg_t_sampent_full_change_precond;eeg_fr_sampent_full_change_precond;eeg_tleft_lalpha_mean_full_change_precond;eeg_fl_hbeta_mean_full_change_precond;eeg_fm_sampent_full_change_precond;hrv_rmssd_full_change_precond;eeg_c_sampent_full_change_precond;eeg_fm_theta_mean_full_change_precond;eeg_tright_halpha_mean_full_change_precond;hr_heartrate_bpm_med_abs_full_change_precond;eeg_pleft_halpha_mean_full_change_precond;eeg_ab_ratio_full_change_precond;eeg_tleft_hbeta_mean_full_change_precond;eeg_pleft_lbeta_mean_full_change_precond"
2025-11-26 18:42:56.875623,24,"stress_label",20,2,0.03125,0.57051282051282,0.621794871794872,NA,20,"top20","eeg_tleft_sampent_full_change_precond;pupil_dilation_sd_full_change_precond;gsr_skin_conductance_eda_tonic_mean_nk_full_change_precond;eeg_tleft_halpha_mean_full_change_precond;eeg_c_theta_mean_full_change_precond;eeg_pright_sampent_full_change_precond;eeg_t_sampent_full_change_precond;eeg_fr_sampent_full_change_precond;eeg_tleft_lalpha_mean_full_change_precond;eeg_fl_hbeta_mean_full_change_precond;eeg_fm_sampent_full_change_precond;hrv_rmssd_full_change_precond;eeg_c_sampent_full_change_precond;eeg_fm_theta_mean_full_change_precond;eeg_tright_halpha_mean_full_change_precond;hr_heartrate_bpm_med_abs_full_change_precond;eeg_pleft_halpha_mean_full_change_precond;eeg_ab_ratio_full_change_precond;eeg_tleft_hbeta_mean_full_change_precond;eeg_pleft_lbeta_mean_full_change_precond"
2025-11-26 18:42:57.9476,24,"stress_label",20,4,0.03125,0.551282051282051,0.602564102564103,NA,20,"top20","eeg_tleft_sampent_full_change_precond;pupil_dilation_sd_full_change_precond;gsr_skin_conductance_eda_tonic_mean_nk_full_change_precond;eeg_tleft_halpha_mean_full_change_precond;eeg_c_theta_mean_full_change_precond;eeg_pright_sampent_full_change_precond;eeg_t_sampent_full_change_precond;eeg_fr_sampent_full_change_precond;eeg_tleft_lalpha_mean_full_change_precond;eeg_fl_hbeta_mean_full_change_precond;eeg_fm_sampent_full_change_precond;hrv_rmssd_full_change_precond;eeg_c_sampent_full_change_precond;eeg_fm_theta_mean_full_change_precond;eeg_tright_halpha_mean_full_change_precond;hr_heartrate_bpm_med_abs_full_change_precond;eeg_pleft_halpha_mean_full_change_precond;eeg_ab_ratio_full_change_precond;eeg_tleft_hbeta_mean_full_change_precond;eeg_pleft_lbeta_mean_full_change_precond"
2025-11-26 18:42:59.046691,24,"stress_label",20,8,0.03125,0.557692307692308,0.576923076923077,NA,20,"top20","eeg_tleft_sampent_full_change_precond;pupil_dilation_sd_full_change_precond;gsr_skin_conductance_eda_tonic_mean_nk_full_change_precond;eeg_tleft_halpha_mean_full_change_precond;eeg_c_theta_mean_full_change_precond;eeg_pright_sampent_full_change_precond;eeg_t_sampent_full_change_precond;eeg_fr_sampent_full_change_precond;eeg_tleft_lalpha_mean_full_change_precond;eeg_fl_hbeta_mean_full_change_precond;eeg_fm_sampent_full_change_precond;hrv_rmssd_full_change_precond;eeg_c_sampent_full_change_precond;eeg_fm_theta_mean_full_change_precond;eeg_tright_halpha_mean_full_change_precond;hr_heartrate_bpm_med_abs_full_change_precond;eeg_pleft_halpha_mean_full_change_precond;eeg_ab_ratio_full_change_precond;eeg_tleft_hbeta_mean_full_change_precond;eeg_pleft_lbeta_mean_full_change_precond"
2025-11-26 18:43:00.240037,24,"stress_label",20,16,0.03125,0.557692307692308,0.583333333333333,NA,20,"top20","eeg_tleft_sampent_full_change_precond;pupil_dilation_sd_full_change_precond;gsr_skin_conductance_eda_tonic_mean_nk_full_change_precond;eeg_tleft_halpha_mean_full_change_precond;eeg_c_theta_mean_full_change_precond;eeg_pright_sampent_full_change_precond;eeg_t_sampent_full_change_precond;eeg_fr_sampent_full_change_precond;eeg_tleft_lalpha_mean_full_change_precond;eeg_fl_hbeta_mean_full_change_precond;eeg_fm_sampent_full_change_precond;hrv_rmssd_full_change_precond;eeg_c_sampent_full_change_precond;eeg_fm_theta_mean_full_change_precond;eeg_tright_halpha_mean_full_change_precond;hr_heartrate_bpm_med_abs_full_change_precond;eeg_pleft_halpha_mean_full_change_precond;eeg_ab_ratio_full_change_precond;eeg_tleft_hbeta_mean_full_change_precond;eeg_pleft_lbeta_mean_full_change_precond"
2025-11-26 18:43:01.44653,24,"stress_label",20,32,0.03125,0.564102564102564,0.583333333333333,NA,20,"top20","eeg_tleft_sampent_full_change_precond;pupil_dilation_sd_full_change_precond;gsr_skin_conductance_eda_tonic_mean_nk_full_change_precond;eeg_tleft_halpha_mean_full_change_precond;eeg_c_theta_mean_full_change_precond;eeg_pright_sampent_full_change_precond;eeg_t_sampent_full_change_precond;eeg_fr_sampent_full_change_precond;eeg_tleft_lalpha_mean_full_change_precond;eeg_fl_hbeta_mean_full_change_precond;eeg_fm_sampent_full_change_precond;hrv_rmssd_full_change_precond;eeg_c_sampent_full_change_precond;eeg_fm_theta_mean_full_change_precond;eeg_tright_halpha_mean_full_change_precond;hr_heartrate_bpm_med_abs_full_change_precond;eeg_pleft_halpha_mean_full_change_precond;eeg_ab_ratio_full_change_precond;eeg_tleft_hbeta_mean_full_change_precond;eeg_pleft_lbeta_mean_full_change_precond"
2025-11-26 18:43:02.655129,24,"stress_label",20,64,0.03125,0.583333333333333,0.602564102564103,NA,20,"top20","eeg_tleft_sampent_full_change_precond;pupil_dilation_sd_full_change_precond;gsr_skin_conductance_eda_tonic_mean_nk_full_change_precond;eeg_tleft_halpha_mean_full_change_precond;eeg_c_theta_mean_full_change_precond;eeg_pright_sampent_full_change_precond;eeg_t_sampent_full_change_precond;eeg_fr_sampent_full_change_precond;eeg_tleft_lalpha_mean_full_change_precond;eeg_fl_hbeta_mean_full_change_precond;eeg_fm_sampent_full_change_precond;hrv_rmssd_full_change_precond;eeg_c_sampent_full_change_precond;eeg_fm_theta_mean_full_change_precond;eeg_tright_halpha_mean_full_change_precond;hr_heartrate_bpm_med_abs_full_change_precond;eeg_pleft_halpha_mean_full_change_precond;eeg_ab_ratio_full_change_precond;eeg_tleft_hbeta_mean_full_change_precond;eeg_pleft_lbeta_mean_full_change_precond"
2025-11-26 18:43:03.84626,24,"stress_label",20,128,0.03125,0.583333333333333,0.602564102564103,NA,20,"top20","eeg_tleft_sampent_full_change_precond;pupil_dilation_sd_full_change_precond;gsr_skin_conductance_eda_tonic_mean_nk_full_change_precond;eeg_tleft_halpha_mean_full_change_precond;eeg_c_theta_mean_full_change_precond;eeg_pright_sampent_full_change_precond;eeg_t_sampent_full_change_precond;eeg_fr_sampent_full_change_precond;eeg_tleft_lalpha_mean_full_change_precond;eeg_fl_hbeta_mean_full_change_precond;eeg_fm_sampent_full_change_precond;hrv_rmssd_full_change_precond;eeg_c_sampent_full_change_precond;eeg_fm_theta_mean_full_change_precond;eeg_tright_halpha_mean_full_change_precond;hr_heartrate_bpm_med_abs_full_change_precond;eeg_pleft_halpha_mean_full_change_precond;eeg_ab_ratio_full_change_precond;eeg_tleft_hbeta_mean_full_change_precond;eeg_pleft_lbeta_mean_full_change_precond"
2025-11-26 18:43:05.117395,24,"stress_label",20,256,0.03125,0.583333333333333,0.602564102564103,NA,20,"top20","eeg_tleft_sampent_full_change_precond;pupil_dilation_sd_full_change_precond;gsr_skin_conductance_eda_tonic_mean_nk_full_change_precond;eeg_tleft_halpha_mean_full_change_precond;eeg_c_theta_mean_full_change_precond;eeg_pright_sampent_full_change_precond;eeg_t_sampent_full_change_precond;eeg_fr_sampent_full_change_precond;eeg_tleft_lalpha_mean_full_change_precond;eeg_fl_hbeta_mean_full_change_precond;eeg_fm_sampent_full_change_precond;hrv_rmssd_full_change_precond;eeg_c_sampent_full_change_precond;eeg_fm_theta_mean_full_change_precond;eeg_tright_halpha_mean_full_change_precond;hr_heartrate_bpm_med_abs_full_change_precond;eeg_pleft_halpha_mean_full_change_precond;eeg_ab_ratio_full_change_precond;eeg_tleft_hbeta_mean_full_change_precond;eeg_pleft_lbeta_mean_full_change_precond"
2025-11-26 18:43:06.226659,24,"stress_label",20,2,0.0625,0.576923076923077,0.596153846153846,NA,20,"top20","eeg_tleft_sampent_full_change_precond;pupil_dilation_sd_full_change_precond;gsr_skin_conductance_eda_tonic_mean_nk_full_change_precond;eeg_tleft_halpha_mean_full_change_precond;eeg_c_theta_mean_full_change_precond;eeg_pright_sampent_full_change_precond;eeg_t_sampent_full_change_precond;eeg_fr_sampent_full_change_precond;eeg_tleft_lalpha_mean_full_change_precond;eeg_fl_hbeta_mean_full_change_precond;eeg_fm_sampent_full_change_precond;hrv_rmssd_full_change_precond;eeg_c_sampent_full_change_precond;eeg_fm_theta_mean_full_change_precond;eeg_tright_halpha_mean_full_change_precond;hr_heartrate_bpm_med_abs_full_change_precond;eeg_pleft_halpha_mean_full_change_precond;eeg_ab_ratio_full_change_precond;eeg_tleft_hbeta_mean_full_change_precond;eeg_pleft_lbeta_mean_full_change_precond"
2025-11-26 18:43:07.350887,24,"stress_label",20,4,0.0625,0.57051282051282,0.596153846153846,NA,20,"top20","eeg_tleft_sampent_full_change_precond;pupil_dilation_sd_full_change_precond;gsr_skin_conductance_eda_tonic_mean_nk_full_change_precond;eeg_tleft_halpha_mean_full_change_precond;eeg_c_theta_mean_full_change_precond;eeg_pright_sampent_full_change_precond;eeg_t_sampent_full_change_precond;eeg_fr_sampent_full_change_precond;eeg_tleft_lalpha_mean_full_change_precond;eeg_fl_hbeta_mean_full_change_precond;eeg_fm_sampent_full_change_precond;hrv_rmssd_full_change_precond;eeg_c_sampent_full_change_precond;eeg_fm_theta_mean_full_change_precond;eeg_tright_halpha_mean_full_change_precond;hr_heartrate_bpm_med_abs_full_change_precond;eeg_pleft_halpha_mean_full_change_precond;eeg_ab_ratio_full_change_precond;eeg_tleft_hbeta_mean_full_change_precond;eeg_pleft_lbeta_mean_full_change_precond"
2025-11-26 18:43:08.533531,24,"stress_label",20,8,0.0625,0.583333333333333,0.602564102564103,NA,20,"top20","eeg_tleft_sampent_full_change_precond;pupil_dilation_sd_full_change_precond;gsr_skin_conductance_eda_tonic_mean_nk_full_change_precond;eeg_tleft_halpha_mean_full_change_precond;eeg_c_theta_mean_full_change_precond;eeg_pright_sampent_full_change_precond;eeg_t_sampent_full_change_precond;eeg_fr_sampent_full_change_precond;eeg_tleft_lalpha_mean_full_change_precond;eeg_fl_hbeta_mean_full_change_precond;eeg_fm_sampent_full_change_precond;hrv_rmssd_full_change_precond;eeg_c_sampent_full_change_precond;eeg_fm_theta_mean_full_change_precond;eeg_tright_halpha_mean_full_change_precond;hr_heartrate_bpm_med_abs_full_change_precond;eeg_pleft_halpha_mean_full_change_precond;eeg_ab_ratio_full_change_precond;eeg_tleft_hbeta_mean_full_change_precond;eeg_pleft_lbeta_mean_full_change_precond"
2025-11-26 18:43:09.709664,24,"stress_label",20,16,0.0625,0.576923076923077,0.628205128205128,NA,20,"top20","eeg_tleft_sampent_full_change_precond;pupil_dilation_sd_full_change_precond;gsr_skin_conductance_eda_tonic_mean_nk_full_change_precond;eeg_tleft_halpha_mean_full_change_precond;eeg_c_theta_mean_full_change_precond;eeg_pright_sampent_full_change_precond;eeg_t_sampent_full_change_precond;eeg_fr_sampent_full_change_precond;eeg_tleft_lalpha_mean_full_change_precond;eeg_fl_hbeta_mean_full_change_precond;eeg_fm_sampent_full_change_precond;hrv_rmssd_full_change_precond;eeg_c_sampent_full_change_precond;eeg_fm_theta_mean_full_change_precond;eeg_tright_halpha_mean_full_change_precond;hr_heartrate_bpm_med_abs_full_change_precond;eeg_pleft_halpha_mean_full_change_precond;eeg_ab_ratio_full_change_precond;eeg_tleft_hbeta_mean_full_change_precond;eeg_pleft_lbeta_mean_full_change_precond"
2025-11-26 18:43:10.841995,24,"stress_label",20,32,0.0625,0.576923076923077,0.628205128205128,NA,20,"top20","eeg_tleft_sampent_full_change_precond;pupil_dilation_sd_full_change_precond;gsr_skin_conductance_eda_tonic_mean_nk_full_change_precond;eeg_tleft_halpha_mean_full_change_precond;eeg_c_theta_mean_full_change_precond;eeg_pright_sampent_full_change_precond;eeg_t_sampent_full_change_precond;eeg_fr_sampent_full_change_precond;eeg_tleft_lalpha_mean_full_change_precond;eeg_fl_hbeta_mean_full_change_precond;eeg_fm_sampent_full_change_precond;hrv_rmssd_full_change_precond;eeg_c_sampent_full_change_precond;eeg_fm_theta_mean_full_change_precond;eeg_tright_halpha_mean_full_change_precond;hr_heartrate_bpm_med_abs_full_change_precond;eeg_pleft_halpha_mean_full_change_precond;eeg_ab_ratio_full_change_precond;eeg_tleft_hbeta_mean_full_change_precond;eeg_pleft_lbeta_mean_full_change_precond"
2025-11-26 18:43:11.861445,24,"stress_label",20,64,0.0625,0.576923076923077,0.628205128205128,NA,20,"top20","eeg_tleft_sampent_full_change_precond;pupil_dilation_sd_full_change_precond;gsr_skin_conductance_eda_tonic_mean_nk_full_change_precond;eeg_tleft_halpha_mean_full_change_precond;eeg_c_theta_mean_full_change_precond;eeg_pright_sampent_full_change_precond;eeg_t_sampent_full_change_precond;eeg_fr_sampent_full_change_precond;eeg_tleft_lalpha_mean_full_change_precond;eeg_fl_hbeta_mean_full_change_precond;eeg_fm_sampent_full_change_precond;hrv_rmssd_full_change_precond;eeg_c_sampent_full_change_precond;eeg_fm_theta_mean_full_change_precond;eeg_tright_halpha_mean_full_change_precond;hr_heartrate_bpm_med_abs_full_change_precond;eeg_pleft_halpha_mean_full_change_precond;eeg_ab_ratio_full_change_precond;eeg_tleft_hbeta_mean_full_change_precond;eeg_pleft_lbeta_mean_full_change_precond"
2025-11-26 18:43:13.02598,24,"stress_label",20,128,0.0625,0.576923076923077,0.628205128205128,NA,20,"top20","eeg_tleft_sampent_full_change_precond;pupil_dilation_sd_full_change_precond;gsr_skin_conductance_eda_tonic_mean_nk_full_change_precond;eeg_tleft_halpha_mean_full_change_precond;eeg_c_theta_mean_full_change_precond;eeg_pright_sampent_full_change_precond;eeg_t_sampent_full_change_precond;eeg_fr_sampent_full_change_precond;eeg_tleft_lalpha_mean_full_change_precond;eeg_fl_hbeta_mean_full_change_precond;eeg_fm_sampent_full_change_precond;hrv_rmssd_full_change_precond;eeg_c_sampent_full_change_precond;eeg_fm_theta_mean_full_change_precond;eeg_tright_halpha_mean_full_change_precond;hr_heartrate_bpm_med_abs_full_change_precond;eeg_pleft_halpha_mean_full_change_precond;eeg_ab_ratio_full_change_precond;eeg_tleft_hbeta_mean_full_change_precond;eeg_pleft_lbeta_mean_full_change_precond"
2025-11-26 18:43:14.091322,24,"stress_label",20,256,0.0625,0.576923076923077,0.628205128205128,NA,20,"top20","eeg_tleft_sampent_full_change_precond;pupil_dilation_sd_full_change_precond;gsr_skin_conductance_eda_tonic_mean_nk_full_change_precond;eeg_tleft_halpha_mean_full_change_precond;eeg_c_theta_mean_full_change_precond;eeg_pright_sampent_full_change_precond;eeg_t_sampent_full_change_precond;eeg_fr_sampent_full_change_precond;eeg_tleft_lalpha_mean_full_change_precond;eeg_fl_hbeta_mean_full_change_precond;eeg_fm_sampent_full_change_precond;hrv_rmssd_full_change_precond;eeg_c_sampent_full_change_precond;eeg_fm_theta_mean_full_change_precond;eeg_tright_halpha_mean_full_change_precond;hr_heartrate_bpm_med_abs_full_change_precond;eeg_pleft_halpha_mean_full_change_precond;eeg_ab_ratio_full_change_precond;eeg_tleft_hbeta_mean_full_change_precond;eeg_pleft_lbeta_mean_full_change_precond"
2025-11-26 18:43:15.237035,24,"stress_label",20,2,0.125,0.58974358974359,0.608974358974359,NA,20,"top20","eeg_tleft_sampent_full_change_precond;pupil_dilation_sd_full_change_precond;gsr_skin_conductance_eda_tonic_mean_nk_full_change_precond;eeg_tleft_halpha_mean_full_change_precond;eeg_c_theta_mean_full_change_precond;eeg_pright_sampent_full_change_precond;eeg_t_sampent_full_change_precond;eeg_fr_sampent_full_change_precond;eeg_tleft_lalpha_mean_full_change_precond;eeg_fl_hbeta_mean_full_change_precond;eeg_fm_sampent_full_change_precond;hrv_rmssd_full_change_precond;eeg_c_sampent_full_change_precond;eeg_fm_theta_mean_full_change_precond;eeg_tright_halpha_mean_full_change_precond;hr_heartrate_bpm_med_abs_full_change_precond;eeg_pleft_halpha_mean_full_change_precond;eeg_ab_ratio_full_change_precond;eeg_tleft_hbeta_mean_full_change_precond;eeg_pleft_lbeta_mean_full_change_precond"
2025-11-26 18:43:16.388747,24,"stress_label",20,4,0.125,0.615384615384615,0.615384615384615,NA,20,"top20","eeg_tleft_sampent_full_change_precond;pupil_dilation_sd_full_change_precond;gsr_skin_conductance_eda_tonic_mean_nk_full_change_precond;eeg_tleft_halpha_mean_full_change_precond;eeg_c_theta_mean_full_change_precond;eeg_pright_sampent_full_change_precond;eeg_t_sampent_full_change_precond;eeg_fr_sampent_full_change_precond;eeg_tleft_lalpha_mean_full_change_precond;eeg_fl_hbeta_mean_full_change_precond;eeg_fm_sampent_full_change_precond;hrv_rmssd_full_change_precond;eeg_c_sampent_full_change_precond;eeg_fm_theta_mean_full_change_precond;eeg_tright_halpha_mean_full_change_precond;hr_heartrate_bpm_med_abs_full_change_precond;eeg_pleft_halpha_mean_full_change_precond;eeg_ab_ratio_full_change_precond;eeg_tleft_hbeta_mean_full_change_precond;eeg_pleft_lbeta_mean_full_change_precond"
2025-11-26 18:43:17.573328,24,"stress_label",20,8,0.125,0.621794871794872,0.602564102564103,NA,20,"top20","eeg_tleft_sampent_full_change_precond;pupil_dilation_sd_full_change_precond;gsr_skin_conductance_eda_tonic_mean_nk_full_change_precond;eeg_tleft_halpha_mean_full_change_precond;eeg_c_theta_mean_full_change_precond;eeg_pright_sampent_full_change_precond;eeg_t_sampent_full_change_precond;eeg_fr_sampent_full_change_precond;eeg_tleft_lalpha_mean_full_change_precond;eeg_fl_hbeta_mean_full_change_precond;eeg_fm_sampent_full_change_precond;hrv_rmssd_full_change_precond;eeg_c_sampent_full_change_precond;eeg_fm_theta_mean_full_change_precond;eeg_tright_halpha_mean_full_change_precond;hr_heartrate_bpm_med_abs_full_change_precond;eeg_pleft_halpha_mean_full_change_precond;eeg_ab_ratio_full_change_precond;eeg_tleft_hbeta_mean_full_change_precond;eeg_pleft_lbeta_mean_full_change_precond"
2025-11-26 18:43:18.796152,24,"stress_label",20,16,0.125,0.621794871794872,0.602564102564103,NA,20,"top20","eeg_tleft_sampent_full_change_precond;pupil_dilation_sd_full_change_precond;gsr_skin_conductance_eda_tonic_mean_nk_full_change_precond;eeg_tleft_halpha_mean_full_change_precond;eeg_c_theta_mean_full_change_precond;eeg_pright_sampent_full_change_precond;eeg_t_sampent_full_change_precond;eeg_fr_sampent_full_change_precond;eeg_tleft_lalpha_mean_full_change_precond;eeg_fl_hbeta_mean_full_change_precond;eeg_fm_sampent_full_change_precond;hrv_rmssd_full_change_precond;eeg_c_sampent_full_change_precond;eeg_fm_theta_mean_full_change_precond;eeg_tright_halpha_mean_full_change_precond;hr_heartrate_bpm_med_abs_full_change_precond;eeg_pleft_halpha_mean_full_change_precond;eeg_ab_ratio_full_change_precond;eeg_tleft_hbeta_mean_full_change_precond;eeg_pleft_lbeta_mean_full_change_precond"
2025-11-26 18:43:19.756784,24,"stress_label",20,32,0.125,0.621794871794872,0.602564102564103,NA,20,"top20","eeg_tleft_sampent_full_change_precond;pupil_dilation_sd_full_change_precond;gsr_skin_conductance_eda_tonic_mean_nk_full_change_precond;eeg_tleft_halpha_mean_full_change_precond;eeg_c_theta_mean_full_change_precond;eeg_pright_sampent_full_change_precond;eeg_t_sampent_full_change_precond;eeg_fr_sampent_full_change_precond;eeg_tleft_lalpha_mean_full_change_precond;eeg_fl_hbeta_mean_full_change_precond;eeg_fm_sampent_full_change_precond;hrv_rmssd_full_change_precond;eeg_c_sampent_full_change_precond;eeg_fm_theta_mean_full_change_precond;eeg_tright_halpha_mean_full_change_precond;hr_heartrate_bpm_med_abs_full_change_precond;eeg_pleft_halpha_mean_full_change_precond;eeg_ab_ratio_full_change_precond;eeg_tleft_hbeta_mean_full_change_precond;eeg_pleft_lbeta_mean_full_change_precond"
2025-11-26 18:43:20.901627,24,"stress_label",20,64,0.125,0.621794871794872,0.602564102564103,NA,20,"top20","eeg_tleft_sampent_full_change_precond;pupil_dilation_sd_full_change_precond;gsr_skin_conductance_eda_tonic_mean_nk_full_change_precond;eeg_tleft_halpha_mean_full_change_precond;eeg_c_theta_mean_full_change_precond;eeg_pright_sampent_full_change_precond;eeg_t_sampent_full_change_precond;eeg_fr_sampent_full_change_precond;eeg_tleft_lalpha_mean_full_change_precond;eeg_fl_hbeta_mean_full_change_precond;eeg_fm_sampent_full_change_precond;hrv_rmssd_full_change_precond;eeg_c_sampent_full_change_precond;eeg_fm_theta_mean_full_change_precond;eeg_tright_halpha_mean_full_change_precond;hr_heartrate_bpm_med_abs_full_change_precond;eeg_pleft_halpha_mean_full_change_precond;eeg_ab_ratio_full_change_precond;eeg_tleft_hbeta_mean_full_change_precond;eeg_pleft_lbeta_mean_full_change_precond"
2025-11-26 18:43:22.067335,24,"stress_label",20,128,0.125,0.621794871794872,0.602564102564103,NA,20,"top20","eeg_tleft_sampent_full_change_precond;pupil_dilation_sd_full_change_precond;gsr_skin_conductance_eda_tonic_mean_nk_full_change_precond;eeg_tleft_halpha_mean_full_change_precond;eeg_c_theta_mean_full_change_precond;eeg_pright_sampent_full_change_precond;eeg_t_sampent_full_change_precond;eeg_fr_sampent_full_change_precond;eeg_tleft_lalpha_mean_full_change_precond;eeg_fl_hbeta_mean_full_change_precond;eeg_fm_sampent_full_change_precond;hrv_rmssd_full_change_precond;eeg_c_sampent_full_change_precond;eeg_fm_theta_mean_full_change_precond;eeg_tright_halpha_mean_full_change_precond;hr_heartrate_bpm_med_abs_full_change_precond;eeg_pleft_halpha_mean_full_change_precond;eeg_ab_ratio_full_change_precond;eeg_tleft_hbeta_mean_full_change_precond;eeg_pleft_lbeta_mean_full_change_precond"
2025-11-26 18:43:23.256815,24,"stress_label",20,256,0.125,0.621794871794872,0.602564102564103,NA,20,"top20","eeg_tleft_sampent_full_change_precond;pupil_dilation_sd_full_change_precond;gsr_skin_conductance_eda_tonic_mean_nk_full_change_precond;eeg_tleft_halpha_mean_full_change_precond;eeg_c_theta_mean_full_change_precond;eeg_pright_sampent_full_change_precond;eeg_t_sampent_full_change_precond;eeg_fr_sampent_full_change_precond;eeg_tleft_lalpha_mean_full_change_precond;eeg_fl_hbeta_mean_full_change_precond;eeg_fm_sampent_full_change_precond;hrv_rmssd_full_change_precond;eeg_c_sampent_full_change_precond;eeg_fm_theta_mean_full_change_precond;eeg_tright_halpha_mean_full_change_precond;hr_heartrate_bpm_med_abs_full_change_precond;eeg_pleft_halpha_mean_full_change_precond;eeg_ab_ratio_full_change_precond;eeg_tleft_hbeta_mean_full_change_precond;eeg_pleft_lbeta_mean_full_change_precond"
2025-11-26 18:43:24.237281,24,"stress_label",20,2,0.03,0.57051282051282,0.596153846153846,NA,20,"top20","eeg_tleft_sampent_full_change_precond;pupil_dilation_sd_full_change_precond;gsr_skin_conductance_eda_tonic_mean_nk_full_change_precond;eeg_tleft_halpha_mean_full_change_precond;eeg_c_theta_mean_full_change_precond;eeg_pright_sampent_full_change_precond;eeg_t_sampent_full_change_precond;eeg_fr_sampent_full_change_precond;eeg_tleft_lalpha_mean_full_change_precond;eeg_fl_hbeta_mean_full_change_precond;eeg_fm_sampent_full_change_precond;hrv_rmssd_full_change_precond;eeg_c_sampent_full_change_precond;eeg_fm_theta_mean_full_change_precond;eeg_tright_halpha_mean_full_change_precond;hr_heartrate_bpm_med_abs_full_change_precond;eeg_pleft_halpha_mean_full_change_precond;eeg_ab_ratio_full_change_precond;eeg_tleft_hbeta_mean_full_change_precond;eeg_pleft_lbeta_mean_full_change_precond"
2025-11-26 18:43:25.124124,24,"stress_label",20,4,0.03,0.564102564102564,0.608974358974359,NA,20,"top20","eeg_tleft_sampent_full_change_precond;pupil_dilation_sd_full_change_precond;gsr_skin_conductance_eda_tonic_mean_nk_full_change_precond;eeg_tleft_halpha_mean_full_change_precond;eeg_c_theta_mean_full_change_precond;eeg_pright_sampent_full_change_precond;eeg_t_sampent_full_change_precond;eeg_fr_sampent_full_change_precond;eeg_tleft_lalpha_mean_full_change_precond;eeg_fl_hbeta_mean_full_change_precond;eeg_fm_sampent_full_change_precond;hrv_rmssd_full_change_precond;eeg_c_sampent_full_change_precond;eeg_fm_theta_mean_full_change_precond;eeg_tright_halpha_mean_full_change_precond;hr_heartrate_bpm_med_abs_full_change_precond;eeg_pleft_halpha_mean_full_change_precond;eeg_ab_ratio_full_change_precond;eeg_tleft_hbeta_mean_full_change_precond;eeg_pleft_lbeta_mean_full_change_precond"
2025-11-26 18:43:26.232448,24,"stress_label",20,8,0.03,0.557692307692308,0.557692307692308,NA,20,"top20","eeg_tleft_sampent_full_change_precond;pupil_dilation_sd_full_change_precond;gsr_skin_conductance_eda_tonic_mean_nk_full_change_precond;eeg_tleft_halpha_mean_full_change_precond;eeg_c_theta_mean_full_change_precond;eeg_pright_sampent_full_change_precond;eeg_t_sampent_full_change_precond;eeg_fr_sampent_full_change_precond;eeg_tleft_lalpha_mean_full_change_precond;eeg_fl_hbeta_mean_full_change_precond;eeg_fm_sampent_full_change_precond;hrv_rmssd_full_change_precond;eeg_c_sampent_full_change_precond;eeg_fm_theta_mean_full_change_precond;eeg_tright_halpha_mean_full_change_precond;hr_heartrate_bpm_med_abs_full_change_precond;eeg_pleft_halpha_mean_full_change_precond;eeg_ab_ratio_full_change_precond;eeg_tleft_hbeta_mean_full_change_precond;eeg_pleft_lbeta_mean_full_change_precond"
2025-11-26 18:43:27.392367,24,"stress_label",20,16,0.03,0.544871794871795,0.564102564102564,NA,20,"top20","eeg_tleft_sampent_full_change_precond;pupil_dilation_sd_full_change_precond;gsr_skin_conductance_eda_tonic_mean_nk_full_change_precond;eeg_tleft_halpha_mean_full_change_precond;eeg_c_theta_mean_full_change_precond;eeg_pright_sampent_full_change_precond;eeg_t_sampent_full_change_precond;eeg_fr_sampent_full_change_precond;eeg_tleft_lalpha_mean_full_change_precond;eeg_fl_hbeta_mean_full_change_precond;eeg_fm_sampent_full_change_precond;hrv_rmssd_full_change_precond;eeg_c_sampent_full_change_precond;eeg_fm_theta_mean_full_change_precond;eeg_tright_halpha_mean_full_change_precond;hr_heartrate_bpm_med_abs_full_change_precond;eeg_pleft_halpha_mean_full_change_precond;eeg_ab_ratio_full_change_precond;eeg_tleft_hbeta_mean_full_change_precond;eeg_pleft_lbeta_mean_full_change_precond"
2025-11-26 18:43:28.589821,24,"stress_label",20,32,0.03,0.557692307692308,0.576923076923077,NA,20,"top20","eeg_tleft_sampent_full_change_precond;pupil_dilation_sd_full_change_precond;gsr_skin_conductance_eda_tonic_mean_nk_full_change_precond;eeg_tleft_halpha_mean_full_change_precond;eeg_c_theta_mean_full_change_precond;eeg_pright_sampent_full_change_precond;eeg_t_sampent_full_change_precond;eeg_fr_sampent_full_change_precond;eeg_tleft_lalpha_mean_full_change_precond;eeg_fl_hbeta_mean_full_change_precond;eeg_fm_sampent_full_change_precond;hrv_rmssd_full_change_precond;eeg_c_sampent_full_change_precond;eeg_fm_theta_mean_full_change_precond;eeg_tright_halpha_mean_full_change_precond;hr_heartrate_bpm_med_abs_full_change_precond;eeg_pleft_halpha_mean_full_change_precond;eeg_ab_ratio_full_change_precond;eeg_tleft_hbeta_mean_full_change_precond;eeg_pleft_lbeta_mean_full_change_precond"
2025-11-26 18:43:29.833749,24,"stress_label",20,64,0.03,0.583333333333333,0.602564102564103,NA,20,"top20","eeg_tleft_sampent_full_change_precond;pupil_dilation_sd_full_change_precond;gsr_skin_conductance_eda_tonic_mean_nk_full_change_precond;eeg_tleft_halpha_mean_full_change_precond;eeg_c_theta_mean_full_change_precond;eeg_pright_sampent_full_change_precond;eeg_t_sampent_full_change_precond;eeg_fr_sampent_full_change_precond;eeg_tleft_lalpha_mean_full_change_precond;eeg_fl_hbeta_mean_full_change_precond;eeg_fm_sampent_full_change_precond;hrv_rmssd_full_change_precond;eeg_c_sampent_full_change_precond;eeg_fm_theta_mean_full_change_precond;eeg_tright_halpha_mean_full_change_precond;hr_heartrate_bpm_med_abs_full_change_precond;eeg_pleft_halpha_mean_full_change_precond;eeg_ab_ratio_full_change_precond;eeg_tleft_hbeta_mean_full_change_precond;eeg_pleft_lbeta_mean_full_change_precond"
2025-11-26 18:43:31.081985,24,"stress_label",20,128,0.03,0.583333333333333,0.602564102564103,NA,20,"top20","eeg_tleft_sampent_full_change_precond;pupil_dilation_sd_full_change_precond;gsr_skin_conductance_eda_tonic_mean_nk_full_change_precond;eeg_tleft_halpha_mean_full_change_precond;eeg_c_theta_mean_full_change_precond;eeg_pright_sampent_full_change_precond;eeg_t_sampent_full_change_precond;eeg_fr_sampent_full_change_precond;eeg_tleft_lalpha_mean_full_change_precond;eeg_fl_hbeta_mean_full_change_precond;eeg_fm_sampent_full_change_precond;hrv_rmssd_full_change_precond;eeg_c_sampent_full_change_precond;eeg_fm_theta_mean_full_change_precond;eeg_tright_halpha_mean_full_change_precond;hr_heartrate_bpm_med_abs_full_change_precond;eeg_pleft_halpha_mean_full_change_precond;eeg_ab_ratio_full_change_precond;eeg_tleft_hbeta_mean_full_change_precond;eeg_pleft_lbeta_mean_full_change_precond"
2025-11-26 18:43:32.31872,24,"stress_label",20,256,0.03,0.583333333333333,0.602564102564103,NA,20,"top20","eeg_tleft_sampent_full_change_precond;pupil_dilation_sd_full_change_precond;gsr_skin_conductance_eda_tonic_mean_nk_full_change_precond;eeg_tleft_halpha_mean_full_change_precond;eeg_c_theta_mean_full_change_precond;eeg_pright_sampent_full_change_precond;eeg_t_sampent_full_change_precond;eeg_fr_sampent_full_change_precond;eeg_tleft_lalpha_mean_full_change_precond;eeg_fl_hbeta_mean_full_change_precond;eeg_fm_sampent_full_change_precond;hrv_rmssd_full_change_precond;eeg_c_sampent_full_change_precond;eeg_fm_theta_mean_full_change_precond;eeg_tright_halpha_mean_full_change_precond;hr_heartrate_bpm_med_abs_full_change_precond;eeg_pleft_halpha_mean_full_change_precond;eeg_ab_ratio_full_change_precond;eeg_tleft_hbeta_mean_full_change_precond;eeg_pleft_lbeta_mean_full_change_precond"
2025-11-26 18:43:33.312042,24,"stress_label",20,2,0.06,0.576923076923077,0.596153846153846,NA,20,"top20","eeg_tleft_sampent_full_change_precond;pupil_dilation_sd_full_change_precond;gsr_skin_conductance_eda_tonic_mean_nk_full_change_precond;eeg_tleft_halpha_mean_full_change_precond;eeg_c_theta_mean_full_change_precond;eeg_pright_sampent_full_change_precond;eeg_t_sampent_full_change_precond;eeg_fr_sampent_full_change_precond;eeg_tleft_lalpha_mean_full_change_precond;eeg_fl_hbeta_mean_full_change_precond;eeg_fm_sampent_full_change_precond;hrv_rmssd_full_change_precond;eeg_c_sampent_full_change_precond;eeg_fm_theta_mean_full_change_precond;eeg_tright_halpha_mean_full_change_precond;hr_heartrate_bpm_med_abs_full_change_precond;eeg_pleft_halpha_mean_full_change_precond;eeg_ab_ratio_full_change_precond;eeg_tleft_hbeta_mean_full_change_precond;eeg_pleft_lbeta_mean_full_change_precond"
2025-11-26 18:43:34.449339,24,"stress_label",20,4,0.06,0.557692307692308,0.596153846153846,NA,20,"top20","eeg_tleft_sampent_full_change_precond;pupil_dilation_sd_full_change_precond;gsr_skin_conductance_eda_tonic_mean_nk_full_change_precond;eeg_tleft_halpha_mean_full_change_precond;eeg_c_theta_mean_full_change_precond;eeg_pright_sampent_full_change_precond;eeg_t_sampent_full_change_precond;eeg_fr_sampent_full_change_precond;eeg_tleft_lalpha_mean_full_change_precond;eeg_fl_hbeta_mean_full_change_precond;eeg_fm_sampent_full_change_precond;hrv_rmssd_full_change_precond;eeg_c_sampent_full_change_precond;eeg_fm_theta_mean_full_change_precond;eeg_tright_halpha_mean_full_change_precond;hr_heartrate_bpm_med_abs_full_change_precond;eeg_pleft_halpha_mean_full_change_precond;eeg_ab_ratio_full_change_precond;eeg_tleft_hbeta_mean_full_change_precond;eeg_pleft_lbeta_mean_full_change_precond"
2025-11-26 18:43:35.618833,24,"stress_label",20,8,0.06,0.583333333333333,0.596153846153846,NA,20,"top20","eeg_tleft_sampent_full_change_precond;pupil_dilation_sd_full_change_precond;gsr_skin_conductance_eda_tonic_mean_nk_full_change_precond;eeg_tleft_halpha_mean_full_change_precond;eeg_c_theta_mean_full_change_precond;eeg_pright_sampent_full_change_precond;eeg_t_sampent_full_change_precond;eeg_fr_sampent_full_change_precond;eeg_tleft_lalpha_mean_full_change_precond;eeg_fl_hbeta_mean_full_change_precond;eeg_fm_sampent_full_change_precond;hrv_rmssd_full_change_precond;eeg_c_sampent_full_change_precond;eeg_fm_theta_mean_full_change_precond;eeg_tright_halpha_mean_full_change_precond;hr_heartrate_bpm_med_abs_full_change_precond;eeg_pleft_halpha_mean_full_change_precond;eeg_ab_ratio_full_change_precond;eeg_tleft_hbeta_mean_full_change_precond;eeg_pleft_lbeta_mean_full_change_precond"
2025-11-26 18:43:36.794346,24,"stress_label",20,16,0.06,0.583333333333333,0.634615384615385,NA,20,"top20","eeg_tleft_sampent_full_change_precond;pupil_dilation_sd_full_change_precond;gsr_skin_conductance_eda_tonic_mean_nk_full_change_precond;eeg_tleft_halpha_mean_full_change_precond;eeg_c_theta_mean_full_change_precond;eeg_pright_sampent_full_change_precond;eeg_t_sampent_full_change_precond;eeg_fr_sampent_full_change_precond;eeg_tleft_lalpha_mean_full_change_precond;eeg_fl_hbeta_mean_full_change_precond;eeg_fm_sampent_full_change_precond;hrv_rmssd_full_change_precond;eeg_c_sampent_full_change_precond;eeg_fm_theta_mean_full_change_precond;eeg_tright_halpha_mean_full_change_precond;hr_heartrate_bpm_med_abs_full_change_precond;eeg_pleft_halpha_mean_full_change_precond;eeg_ab_ratio_full_change_precond;eeg_tleft_hbeta_mean_full_change_precond;eeg_pleft_lbeta_mean_full_change_precond"
2025-11-26 18:43:37.935309,24,"stress_label",20,32,0.06,0.576923076923077,0.634615384615385,NA,20,"top20","eeg_tleft_sampent_full_change_precond;pupil_dilation_sd_full_change_precond;gsr_skin_conductance_eda_tonic_mean_nk_full_change_precond;eeg_tleft_halpha_mean_full_change_precond;eeg_c_theta_mean_full_change_precond;eeg_pright_sampent_full_change_precond;eeg_t_sampent_full_change_precond;eeg_fr_sampent_full_change_precond;eeg_tleft_lalpha_mean_full_change_precond;eeg_fl_hbeta_mean_full_change_precond;eeg_fm_sampent_full_change_precond;hrv_rmssd_full_change_precond;eeg_c_sampent_full_change_precond;eeg_fm_theta_mean_full_change_precond;eeg_tright_halpha_mean_full_change_precond;hr_heartrate_bpm_med_abs_full_change_precond;eeg_pleft_halpha_mean_full_change_precond;eeg_ab_ratio_full_change_precond;eeg_tleft_hbeta_mean_full_change_precond;eeg_pleft_lbeta_mean_full_change_precond"
2025-11-26 18:43:39.139332,24,"stress_label",20,64,0.06,0.576923076923077,0.634615384615385,NA,20,"top20","eeg_tleft_sampent_full_change_precond;pupil_dilation_sd_full_change_precond;gsr_skin_conductance_eda_tonic_mean_nk_full_change_precond;eeg_tleft_halpha_mean_full_change_precond;eeg_c_theta_mean_full_change_precond;eeg_pright_sampent_full_change_precond;eeg_t_sampent_full_change_precond;eeg_fr_sampent_full_change_precond;eeg_tleft_lalpha_mean_full_change_precond;eeg_fl_hbeta_mean_full_change_precond;eeg_fm_sampent_full_change_precond;hrv_rmssd_full_change_precond;eeg_c_sampent_full_change_precond;eeg_fm_theta_mean_full_change_precond;eeg_tright_halpha_mean_full_change_precond;hr_heartrate_bpm_med_abs_full_change_precond;eeg_pleft_halpha_mean_full_change_precond;eeg_ab_ratio_full_change_precond;eeg_tleft_hbeta_mean_full_change_precond;eeg_pleft_lbeta_mean_full_change_precond"
2025-11-26 18:43:40.21218,24,"stress_label",20,128,0.06,0.576923076923077,0.634615384615385,NA,20,"top20","eeg_tleft_sampent_full_change_precond;pupil_dilation_sd_full_change_precond;gsr_skin_conductance_eda_tonic_mean_nk_full_change_precond;eeg_tleft_halpha_mean_full_change_precond;eeg_c_theta_mean_full_change_precond;eeg_pright_sampent_full_change_precond;eeg_t_sampent_full_change_precond;eeg_fr_sampent_full_change_precond;eeg_tleft_lalpha_mean_full_change_precond;eeg_fl_hbeta_mean_full_change_precond;eeg_fm_sampent_full_change_precond;hrv_rmssd_full_change_precond;eeg_c_sampent_full_change_precond;eeg_fm_theta_mean_full_change_precond;eeg_tright_halpha_mean_full_change_precond;hr_heartrate_bpm_med_abs_full_change_precond;eeg_pleft_halpha_mean_full_change_precond;eeg_ab_ratio_full_change_precond;eeg_tleft_hbeta_mean_full_change_precond;eeg_pleft_lbeta_mean_full_change_precond"
2025-11-26 18:43:41.349932,24,"stress_label",20,256,0.06,0.576923076923077,0.634615384615385,NA,20,"top20","eeg_tleft_sampent_full_change_precond;pupil_dilation_sd_full_change_precond;gsr_skin_conductance_eda_tonic_mean_nk_full_change_precond;eeg_tleft_halpha_mean_full_change_precond;eeg_c_theta_mean_full_change_precond;eeg_pright_sampent_full_change_precond;eeg_t_sampent_full_change_precond;eeg_fr_sampent_full_change_precond;eeg_tleft_lalpha_mean_full_change_precond;eeg_fl_hbeta_mean_full_change_precond;eeg_fm_sampent_full_change_precond;hrv_rmssd_full_change_precond;eeg_c_sampent_full_change_precond;eeg_fm_theta_mean_full_change_precond;eeg_tright_halpha_mean_full_change_precond;hr_heartrate_bpm_med_abs_full_change_precond;eeg_pleft_halpha_mean_full_change_precond;eeg_ab_ratio_full_change_precond;eeg_tleft_hbeta_mean_full_change_precond;eeg_pleft_lbeta_mean_full_change_precond"
2025-11-26 18:43:42.652647,24,"stress_label",20,2,0.1,0.583333333333333,0.621794871794872,NA,20,"top20","eeg_tleft_sampent_full_change_precond;pupil_dilation_sd_full_change_precond;gsr_skin_conductance_eda_tonic_mean_nk_full_change_precond;eeg_tleft_halpha_mean_full_change_precond;eeg_c_theta_mean_full_change_precond;eeg_pright_sampent_full_change_precond;eeg_t_sampent_full_change_precond;eeg_fr_sampent_full_change_precond;eeg_tleft_lalpha_mean_full_change_precond;eeg_fl_hbeta_mean_full_change_precond;eeg_fm_sampent_full_change_precond;hrv_rmssd_full_change_precond;eeg_c_sampent_full_change_precond;eeg_fm_theta_mean_full_change_precond;eeg_tright_halpha_mean_full_change_precond;hr_heartrate_bpm_med_abs_full_change_precond;eeg_pleft_halpha_mean_full_change_precond;eeg_ab_ratio_full_change_precond;eeg_tleft_hbeta_mean_full_change_precond;eeg_pleft_lbeta_mean_full_change_precond"
2025-11-26 18:43:43.791151,24,"stress_label",20,4,0.1,0.576923076923077,0.608974358974359,NA,20,"top20","eeg_tleft_sampent_full_change_precond;pupil_dilation_sd_full_change_precond;gsr_skin_conductance_eda_tonic_mean_nk_full_change_precond;eeg_tleft_halpha_mean_full_change_precond;eeg_c_theta_mean_full_change_precond;eeg_pright_sampent_full_change_precond;eeg_t_sampent_full_change_precond;eeg_fr_sampent_full_change_precond;eeg_tleft_lalpha_mean_full_change_precond;eeg_fl_hbeta_mean_full_change_precond;eeg_fm_sampent_full_change_precond;hrv_rmssd_full_change_precond;eeg_c_sampent_full_change_precond;eeg_fm_theta_mean_full_change_precond;eeg_tright_halpha_mean_full_change_precond;hr_heartrate_bpm_med_abs_full_change_precond;eeg_pleft_halpha_mean_full_change_precond;eeg_ab_ratio_full_change_precond;eeg_tleft_hbeta_mean_full_change_precond;eeg_pleft_lbeta_mean_full_change_precond"
2025-11-26 18:43:44.908668,24,"stress_label",20,8,0.1,0.602564102564103,0.602564102564103,NA,20,"top20","eeg_tleft_sampent_full_change_precond;pupil_dilation_sd_full_change_precond;gsr_skin_conductance_eda_tonic_mean_nk_full_change_precond;eeg_tleft_halpha_mean_full_change_precond;eeg_c_theta_mean_full_change_precond;eeg_pright_sampent_full_change_precond;eeg_t_sampent_full_change_precond;eeg_fr_sampent_full_change_precond;eeg_tleft_lalpha_mean_full_change_precond;eeg_fl_hbeta_mean_full_change_precond;eeg_fm_sampent_full_change_precond;hrv_rmssd_full_change_precond;eeg_c_sampent_full_change_precond;eeg_fm_theta_mean_full_change_precond;eeg_tright_halpha_mean_full_change_precond;hr_heartrate_bpm_med_abs_full_change_precond;eeg_pleft_halpha_mean_full_change_precond;eeg_ab_ratio_full_change_precond;eeg_tleft_hbeta_mean_full_change_precond;eeg_pleft_lbeta_mean_full_change_precond"
2025-11-26 18:43:45.89382,24,"stress_label",20,16,0.1,0.602564102564103,0.602564102564103,NA,20,"top20","eeg_tleft_sampent_full_change_precond;pupil_dilation_sd_full_change_precond;gsr_skin_conductance_eda_tonic_mean_nk_full_change_precond;eeg_tleft_halpha_mean_full_change_precond;eeg_c_theta_mean_full_change_precond;eeg_pright_sampent_full_change_precond;eeg_t_sampent_full_change_precond;eeg_fr_sampent_full_change_precond;eeg_tleft_lalpha_mean_full_change_precond;eeg_fl_hbeta_mean_full_change_precond;eeg_fm_sampent_full_change_precond;hrv_rmssd_full_change_precond;eeg_c_sampent_full_change_precond;eeg_fm_theta_mean_full_change_precond;eeg_tright_halpha_mean_full_change_precond;hr_heartrate_bpm_med_abs_full_change_precond;eeg_pleft_halpha_mean_full_change_precond;eeg_ab_ratio_full_change_precond;eeg_tleft_hbeta_mean_full_change_precond;eeg_pleft_lbeta_mean_full_change_precond"
2025-11-26 18:43:47.034465,24,"stress_label",20,32,0.1,0.602564102564103,0.602564102564103,NA,20,"top20","eeg_tleft_sampent_full_change_precond;pupil_dilation_sd_full_change_precond;gsr_skin_conductance_eda_tonic_mean_nk_full_change_precond;eeg_tleft_halpha_mean_full_change_precond;eeg_c_theta_mean_full_change_precond;eeg_pright_sampent_full_change_precond;eeg_t_sampent_full_change_precond;eeg_fr_sampent_full_change_precond;eeg_tleft_lalpha_mean_full_change_precond;eeg_fl_hbeta_mean_full_change_precond;eeg_fm_sampent_full_change_precond;hrv_rmssd_full_change_precond;eeg_c_sampent_full_change_precond;eeg_fm_theta_mean_full_change_precond;eeg_tright_halpha_mean_full_change_precond;hr_heartrate_bpm_med_abs_full_change_precond;eeg_pleft_halpha_mean_full_change_precond;eeg_ab_ratio_full_change_precond;eeg_tleft_hbeta_mean_full_change_precond;eeg_pleft_lbeta_mean_full_change_precond"
2025-11-26 18:43:48.148721,24,"stress_label",20,64,0.1,0.602564102564103,0.602564102564103,NA,20,"top20","eeg_tleft_sampent_full_change_precond;pupil_dilation_sd_full_change_precond;gsr_skin_conductance_eda_tonic_mean_nk_full_change_precond;eeg_tleft_halpha_mean_full_change_precond;eeg_c_theta_mean_full_change_precond;eeg_pright_sampent_full_change_precond;eeg_t_sampent_full_change_precond;eeg_fr_sampent_full_change_precond;eeg_tleft_lalpha_mean_full_change_precond;eeg_fl_hbeta_mean_full_change_precond;eeg_fm_sampent_full_change_precond;hrv_rmssd_full_change_precond;eeg_c_sampent_full_change_precond;eeg_fm_theta_mean_full_change_precond;eeg_tright_halpha_mean_full_change_precond;hr_heartrate_bpm_med_abs_full_change_precond;eeg_pleft_halpha_mean_full_change_precond;eeg_ab_ratio_full_change_precond;eeg_tleft_hbeta_mean_full_change_precond;eeg_pleft_lbeta_mean_full_change_precond"
2025-11-26 18:43:49.240678,24,"stress_label",20,128,0.1,0.602564102564103,0.576923076923077,NA,20,"top20","eeg_tleft_sampent_full_change_precond;pupil_dilation_sd_full_change_precond;gsr_skin_conductance_eda_tonic_mean_nk_full_change_precond;eeg_tleft_halpha_mean_full_change_precond;eeg_c_theta_mean_full_change_precond;eeg_pright_sampent_full_change_precond;eeg_t_sampent_full_change_precond;eeg_fr_sampent_full_change_precond;eeg_tleft_lalpha_mean_full_change_precond;eeg_fl_hbeta_mean_full_change_precond;eeg_fm_sampent_full_change_precond;hrv_rmssd_full_change_precond;eeg_c_sampent_full_change_precond;eeg_fm_theta_mean_full_change_precond;eeg_tright_halpha_mean_full_change_precond;hr_heartrate_bpm_med_abs_full_change_precond;eeg_pleft_halpha_mean_full_change_precond;eeg_ab_ratio_full_change_precond;eeg_tleft_hbeta_mean_full_change_precond;eeg_pleft_lbeta_mean_full_change_precond"
2025-11-26 18:43:50.316546,24,"stress_label",20,256,0.1,0.602564102564103,0.602564102564103,NA,20,"top20","eeg_tleft_sampent_full_change_precond;pupil_dilation_sd_full_change_precond;gsr_skin_conductance_eda_tonic_mean_nk_full_change_precond;eeg_tleft_halpha_mean_full_change_precond;eeg_c_theta_mean_full_change_precond;eeg_pright_sampent_full_change_precond;eeg_t_sampent_full_change_precond;eeg_fr_sampent_full_change_precond;eeg_tleft_lalpha_mean_full_change_precond;eeg_fl_hbeta_mean_full_change_precond;eeg_fm_sampent_full_change_precond;hrv_rmssd_full_change_precond;eeg_c_sampent_full_change_precond;eeg_fm_theta_mean_full_change_precond;eeg_tright_halpha_mean_full_change_precond;hr_heartrate_bpm_med_abs_full_change_precond;eeg_pleft_halpha_mean_full_change_precond;eeg_ab_ratio_full_change_precond;eeg_tleft_hbeta_mean_full_change_precond;eeg_pleft_lbeta_mean_full_change_precond"
2025-11-26 18:43:51.181182,24,"stress_label",10,2,0.0078125,0.615384615384615,0.66025641025641,0.574358974358974,10,"top10","eeg_tleft_sampent_full_change_precond;pupil_dilation_sd_full_change_precond;gsr_skin_conductance_eda_tonic_mean_nk_full_change_precond;eeg_tleft_halpha_mean_full_change_precond;eeg_c_theta_mean_full_change_precond;eeg_pright_sampent_full_change_precond;eeg_t_sampent_full_change_precond;eeg_fr_sampent_full_change_precond;eeg_tleft_lalpha_mean_full_change_precond;eeg_fl_hbeta_mean_full_change_precond"
2025-11-26 18:43:51.889932,24,"stress_label",10,4,0.0078125,0.58974358974359,0.647435897435897,0.572649572649573,10,"top10","eeg_tleft_sampent_full_change_precond;pupil_dilation_sd_full_change_precond;gsr_skin_conductance_eda_tonic_mean_nk_full_change_precond;eeg_tleft_halpha_mean_full_change_precond;eeg_c_theta_mean_full_change_precond;eeg_pright_sampent_full_change_precond;eeg_t_sampent_full_change_precond;eeg_fr_sampent_full_change_precond;eeg_tleft_lalpha_mean_full_change_precond;eeg_fl_hbeta_mean_full_change_precond"
2025-11-26 18:43:52.779524,24,"stress_label",10,8,0.0078125,0.596153846153846,0.666666666666667,NA,10,"top10","eeg_tleft_sampent_full_change_precond;pupil_dilation_sd_full_change_precond;gsr_skin_conductance_eda_tonic_mean_nk_full_change_precond;eeg_tleft_halpha_mean_full_change_precond;eeg_c_theta_mean_full_change_precond;eeg_pright_sampent_full_change_precond;eeg_t_sampent_full_change_precond;eeg_fr_sampent_full_change_precond;eeg_tleft_lalpha_mean_full_change_precond;eeg_fl_hbeta_mean_full_change_precond"
2025-11-26 18:43:53.572514,24,"stress_label",10,16,0.0078125,0.608974358974359,0.666666666666667,0.565811965811966,10,"top10","eeg_tleft_sampent_full_change_precond;pupil_dilation_sd_full_change_precond;gsr_skin_conductance_eda_tonic_mean_nk_full_change_precond;eeg_tleft_halpha_mean_full_change_precond;eeg_c_theta_mean_full_change_precond;eeg_pright_sampent_full_change_precond;eeg_t_sampent_full_change_precond;eeg_fr_sampent_full_change_precond;eeg_tleft_lalpha_mean_full_change_precond;eeg_fl_hbeta_mean_full_change_precond"
2025-11-26 18:43:54.405958,24,"stress_label",10,32,0.0078125,0.615384615384615,0.673076923076923,0.573504273504273,10,"top10","eeg_tleft_sampent_full_change_precond;pupil_dilation_sd_full_change_precond;gsr_skin_conductance_eda_tonic_mean_nk_full_change_precond;eeg_tleft_halpha_mean_full_change_precond;eeg_c_theta_mean_full_change_precond;eeg_pright_sampent_full_change_precond;eeg_t_sampent_full_change_precond;eeg_fr_sampent_full_change_precond;eeg_tleft_lalpha_mean_full_change_precond;eeg_fl_hbeta_mean_full_change_precond"
2025-11-26 18:43:55.129779,24,"stress_label",10,64,0.0078125,0.596153846153846,0.621794871794872,0.565811965811966,10,"top10","eeg_tleft_sampent_full_change_precond;pupil_dilation_sd_full_change_precond;gsr_skin_conductance_eda_tonic_mean_nk_full_change_precond;eeg_tleft_halpha_mean_full_change_precond;eeg_c_theta_mean_full_change_precond;eeg_pright_sampent_full_change_precond;eeg_t_sampent_full_change_precond;eeg_fr_sampent_full_change_precond;eeg_tleft_lalpha_mean_full_change_precond;eeg_fl_hbeta_mean_full_change_precond"
2025-11-26 18:43:56.101292,24,"stress_label",10,128,0.0078125,0.602564102564103,0.615384615384615,0.581196581196581,10,"top10","eeg_tleft_sampent_full_change_precond;pupil_dilation_sd_full_change_precond;gsr_skin_conductance_eda_tonic_mean_nk_full_change_precond;eeg_tleft_halpha_mean_full_change_precond;eeg_c_theta_mean_full_change_precond;eeg_pright_sampent_full_change_precond;eeg_t_sampent_full_change_precond;eeg_fr_sampent_full_change_precond;eeg_tleft_lalpha_mean_full_change_precond;eeg_fl_hbeta_mean_full_change_precond"
2025-11-26 18:43:57.196996,24,"stress_label",10,256,0.0078125,0.564102564102564,0.576923076923077,0.537606837606838,10,"top10","eeg_tleft_sampent_full_change_precond;pupil_dilation_sd_full_change_precond;gsr_skin_conductance_eda_tonic_mean_nk_full_change_precond;eeg_tleft_halpha_mean_full_change_precond;eeg_c_theta_mean_full_change_precond;eeg_pright_sampent_full_change_precond;eeg_t_sampent_full_change_precond;eeg_fr_sampent_full_change_precond;eeg_tleft_lalpha_mean_full_change_precond;eeg_fl_hbeta_mean_full_change_precond"
2025-11-26 18:43:58.066946,24,"stress_label",10,2,0.015625,0.576923076923077,0.647435897435897,0.554700854700855,10,"top10","eeg_tleft_sampent_full_change_precond;pupil_dilation_sd_full_change_precond;gsr_skin_conductance_eda_tonic_mean_nk_full_change_precond;eeg_tleft_halpha_mean_full_change_precond;eeg_c_theta_mean_full_change_precond;eeg_pright_sampent_full_change_precond;eeg_t_sampent_full_change_precond;eeg_fr_sampent_full_change_precond;eeg_tleft_lalpha_mean_full_change_precond;eeg_fl_hbeta_mean_full_change_precond"
2025-11-26 18:43:58.910207,24,"stress_label",10,4,0.015625,0.602564102564103,0.66025641025641,0.567521367521368,10,"top10","eeg_tleft_sampent_full_change_precond;pupil_dilation_sd_full_change_precond;gsr_skin_conductance_eda_tonic_mean_nk_full_change_precond;eeg_tleft_halpha_mean_full_change_precond;eeg_c_theta_mean_full_change_precond;eeg_pright_sampent_full_change_precond;eeg_t_sampent_full_change_precond;eeg_fr_sampent_full_change_precond;eeg_tleft_lalpha_mean_full_change_precond;eeg_fl_hbeta_mean_full_change_precond"
2025-11-26 18:43:59.779772,24,"stress_label",10,8,0.015625,0.58974358974359,0.66025641025641,0.54017094017094,10,"top10","eeg_tleft_sampent_full_change_precond;pupil_dilation_sd_full_change_precond;gsr_skin_conductance_eda_tonic_mean_nk_full_change_precond;eeg_tleft_halpha_mean_full_change_precond;eeg_c_theta_mean_full_change_precond;eeg_pright_sampent_full_change_precond;eeg_t_sampent_full_change_precond;eeg_fr_sampent_full_change_precond;eeg_tleft_lalpha_mean_full_change_precond;eeg_fl_hbeta_mean_full_change_precond"
2025-11-26 18:44:00.637718,24,"stress_label",10,16,0.015625,0.583333333333333,0.615384615384615,0.542735042735043,10,"top10","eeg_tleft_sampent_full_change_precond;pupil_dilation_sd_full_change_precond;gsr_skin_conductance_eda_tonic_mean_nk_full_change_precond;eeg_tleft_halpha_mean_full_change_precond;eeg_c_theta_mean_full_change_precond;eeg_pright_sampent_full_change_precond;eeg_t_sampent_full_change_precond;eeg_fr_sampent_full_change_precond;eeg_tleft_lalpha_mean_full_change_precond;eeg_fl_hbeta_mean_full_change_precond"
2025-11-26 18:44:01.54958,24,"stress_label",10,32,0.015625,0.58974358974359,0.58974358974359,0.567521367521368,10,"top10","eeg_tleft_sampent_full_change_precond;pupil_dilation_sd_full_change_precond;gsr_skin_conductance_eda_tonic_mean_nk_full_change_precond;eeg_tleft_halpha_mean_full_change_precond;eeg_c_theta_mean_full_change_precond;eeg_pright_sampent_full_change_precond;eeg_t_sampent_full_change_precond;eeg_fr_sampent_full_change_precond;eeg_tleft_lalpha_mean_full_change_precond;eeg_fl_hbeta_mean_full_change_precond"
2025-11-26 18:44:02.455438,24,"stress_label",10,64,0.015625,0.551282051282051,0.57051282051282,0.530769230769231,10,"top10","eeg_tleft_sampent_full_change_precond;pupil_dilation_sd_full_change_precond;gsr_skin_conductance_eda_tonic_mean_nk_full_change_precond;eeg_tleft_halpha_mean_full_change_precond;eeg_c_theta_mean_full_change_precond;eeg_pright_sampent_full_change_precond;eeg_t_sampent_full_change_precond;eeg_fr_sampent_full_change_precond;eeg_tleft_lalpha_mean_full_change_precond;eeg_fl_hbeta_mean_full_change_precond"
2025-11-26 18:44:03.486908,24,"stress_label",10,128,0.015625,0.5,0.576923076923077,0.47008547008547,10,"top10","eeg_tleft_sampent_full_change_precond;pupil_dilation_sd_full_change_precond;gsr_skin_conductance_eda_tonic_mean_nk_full_change_precond;eeg_tleft_halpha_mean_full_change_precond;eeg_c_theta_mean_full_change_precond;eeg_pright_sampent_full_change_precond;eeg_t_sampent_full_change_precond;eeg_fr_sampent_full_change_precond;eeg_tleft_lalpha_mean_full_change_precond;eeg_fl_hbeta_mean_full_change_precond"
2025-11-26 18:44:04.792948,24,"stress_label",10,256,0.015625,0.532051282051282,0.576923076923077,NA,10,"top10","eeg_tleft_sampent_full_change_precond;pupil_dilation_sd_full_change_precond;gsr_skin_conductance_eda_tonic_mean_nk_full_change_precond;eeg_tleft_halpha_mean_full_change_precond;eeg_c_theta_mean_full_change_precond;eeg_pright_sampent_full_change_precond;eeg_t_sampent_full_change_precond;eeg_fr_sampent_full_change_precond;eeg_tleft_lalpha_mean_full_change_precond;eeg_fl_hbeta_mean_full_change_precond"
2025-11-26 18:44:05.69425,24,"stress_label",10,2,0.03125,0.596153846153846,0.641025641025641,0.560683760683761,10,"top10","eeg_tleft_sampent_full_change_precond;pupil_dilation_sd_full_change_precond;gsr_skin_conductance_eda_tonic_mean_nk_full_change_precond;eeg_tleft_halpha_mean_full_change_precond;eeg_c_theta_mean_full_change_precond;eeg_pright_sampent_full_change_precond;eeg_t_sampent_full_change_precond;eeg_fr_sampent_full_change_precond;eeg_tleft_lalpha_mean_full_change_precond;eeg_fl_hbeta_mean_full_change_precond"
2025-11-26 18:44:06.563514,24,"stress_label",10,4,0.03125,0.58974358974359,0.615384615384615,0.55042735042735,10,"top10","eeg_tleft_sampent_full_change_precond;pupil_dilation_sd_full_change_precond;gsr_skin_conductance_eda_tonic_mean_nk_full_change_precond;eeg_tleft_halpha_mean_full_change_precond;eeg_c_theta_mean_full_change_precond;eeg_pright_sampent_full_change_precond;eeg_t_sampent_full_change_precond;eeg_fr_sampent_full_change_precond;eeg_tleft_lalpha_mean_full_change_precond;eeg_fl_hbeta_mean_full_change_precond"
2025-11-26 18:44:07.197553,24,"stress_label",10,8,0.03125,0.58974358974359,0.58974358974359,0.55982905982906,10,"top10","eeg_tleft_sampent_full_change_precond;pupil_dilation_sd_full_change_precond;gsr_skin_conductance_eda_tonic_mean_nk_full_change_precond;eeg_tleft_halpha_mean_full_change_precond;eeg_c_theta_mean_full_change_precond;eeg_pright_sampent_full_change_precond;eeg_t_sampent_full_change_precond;eeg_fr_sampent_full_change_precond;eeg_tleft_lalpha_mean_full_change_precond;eeg_fl_hbeta_mean_full_change_precond"
2025-11-26 18:44:08.068319,24,"stress_label",10,16,0.03125,0.525641025641026,0.57051282051282,0.501709401709402,10,"top10","eeg_tleft_sampent_full_change_precond;pupil_dilation_sd_full_change_precond;gsr_skin_conductance_eda_tonic_mean_nk_full_change_precond;eeg_tleft_halpha_mean_full_change_precond;eeg_c_theta_mean_full_change_precond;eeg_pright_sampent_full_change_precond;eeg_t_sampent_full_change_precond;eeg_fr_sampent_full_change_precond;eeg_tleft_lalpha_mean_full_change_precond;eeg_fl_hbeta_mean_full_change_precond"
2025-11-26 18:44:09.023784,24,"stress_label",10,32,0.03125,0.512820512820513,0.551282051282051,NA,10,"top10","eeg_tleft_sampent_full_change_precond;pupil_dilation_sd_full_change_precond;gsr_skin_conductance_eda_tonic_mean_nk_full_change_precond;eeg_tleft_halpha_mean_full_change_precond;eeg_c_theta_mean_full_change_precond;eeg_pright_sampent_full_change_precond;eeg_t_sampent_full_change_precond;eeg_fr_sampent_full_change_precond;eeg_tleft_lalpha_mean_full_change_precond;eeg_fl_hbeta_mean_full_change_precond"
2025-11-26 18:44:10.016364,24,"stress_label",10,64,0.03125,0.538461538461538,0.583333333333333,NA,10,"top10","eeg_tleft_sampent_full_change_precond;pupil_dilation_sd_full_change_precond;gsr_skin_conductance_eda_tonic_mean_nk_full_change_precond;eeg_tleft_halpha_mean_full_change_precond;eeg_c_theta_mean_full_change_precond;eeg_pright_sampent_full_change_precond;eeg_t_sampent_full_change_precond;eeg_fr_sampent_full_change_precond;eeg_tleft_lalpha_mean_full_change_precond;eeg_fl_hbeta_mean_full_change_precond"
2025-11-26 18:44:11.05575,24,"stress_label",10,128,0.03125,0.564102564102564,0.615384615384615,NA,10,"top10","eeg_tleft_sampent_full_change_precond;pupil_dilation_sd_full_change_precond;gsr_skin_conductance_eda_tonic_mean_nk_full_change_precond;eeg_tleft_halpha_mean_full_change_precond;eeg_c_theta_mean_full_change_precond;eeg_pright_sampent_full_change_precond;eeg_t_sampent_full_change_precond;eeg_fr_sampent_full_change_precond;eeg_tleft_lalpha_mean_full_change_precond;eeg_fl_hbeta_mean_full_change_precond"
2025-11-26 18:44:12.38945,24,"stress_label",10,256,0.03125,0.564102564102564,0.615384615384615,NA,10,"top10","eeg_tleft_sampent_full_change_precond;pupil_dilation_sd_full_change_precond;gsr_skin_conductance_eda_tonic_mean_nk_full_change_precond;eeg_tleft_halpha_mean_full_change_precond;eeg_c_theta_mean_full_change_precond;eeg_pright_sampent_full_change_precond;eeg_t_sampent_full_change_precond;eeg_fr_sampent_full_change_precond;eeg_tleft_lalpha_mean_full_change_precond;eeg_fl_hbeta_mean_full_change_precond"
2025-11-26 18:44:13.246775,24,"stress_label",10,2,0.0625,0.583333333333333,0.641025641025641,0.541880341880342,10,"top10","eeg_tleft_sampent_full_change_precond;pupil_dilation_sd_full_change_precond;gsr_skin_conductance_eda_tonic_mean_nk_full_change_precond;eeg_tleft_halpha_mean_full_change_precond;eeg_c_theta_mean_full_change_precond;eeg_pright_sampent_full_change_precond;eeg_t_sampent_full_change_precond;eeg_fr_sampent_full_change_precond;eeg_tleft_lalpha_mean_full_change_precond;eeg_fl_hbeta_mean_full_change_precond"
2025-11-26 18:44:13.90966,24,"stress_label",10,4,0.0625,0.57051282051282,0.57051282051282,0.541025641025641,10,"top10","eeg_tleft_sampent_full_change_precond;pupil_dilation_sd_full_change_precond;gsr_skin_conductance_eda_tonic_mean_nk_full_change_precond;eeg_tleft_halpha_mean_full_change_precond;eeg_c_theta_mean_full_change_precond;eeg_pright_sampent_full_change_precond;eeg_t_sampent_full_change_precond;eeg_fr_sampent_full_change_precond;eeg_tleft_lalpha_mean_full_change_precond;eeg_fl_hbeta_mean_full_change_precond"
2025-11-26 18:44:14.819281,24,"stress_label",10,8,0.0625,0.525641025641026,0.544871794871795,NA,10,"top10","eeg_tleft_sampent_full_change_precond;pupil_dilation_sd_full_change_precond;gsr_skin_conductance_eda_tonic_mean_nk_full_change_precond;eeg_tleft_halpha_mean_full_change_precond;eeg_c_theta_mean_full_change_precond;eeg_pright_sampent_full_change_precond;eeg_t_sampent_full_change_precond;eeg_fr_sampent_full_change_precond;eeg_tleft_lalpha_mean_full_change_precond;eeg_fl_hbeta_mean_full_change_precond"
2025-11-26 18:44:15.740438,24,"stress_label",10,16,0.0625,0.532051282051282,0.58974358974359,NA,10,"top10","eeg_tleft_sampent_full_change_precond;pupil_dilation_sd_full_change_precond;gsr_skin_conductance_eda_tonic_mean_nk_full_change_precond;eeg_tleft_halpha_mean_full_change_precond;eeg_c_theta_mean_full_change_precond;eeg_pright_sampent_full_change_precond;eeg_t_sampent_full_change_precond;eeg_fr_sampent_full_change_precond;eeg_tleft_lalpha_mean_full_change_precond;eeg_fl_hbeta_mean_full_change_precond"
2025-11-26 18:44:16.584335,24,"stress_label",10,32,0.0625,0.557692307692308,0.615384615384615,0.547008547008547,10,"top10","eeg_tleft_sampent_full_change_precond;pupil_dilation_sd_full_change_precond;gsr_skin_conductance_eda_tonic_mean_nk_full_change_precond;eeg_tleft_halpha_mean_full_change_precond;eeg_c_theta_mean_full_change_precond;eeg_pright_sampent_full_change_precond;eeg_t_sampent_full_change_precond;eeg_fr_sampent_full_change_precond;eeg_tleft_lalpha_mean_full_change_precond;eeg_fl_hbeta_mean_full_change_precond"
2025-11-26 18:44:17.733595,24,"stress_label",10,64,0.0625,0.551282051282051,0.596153846153846,NA,10,"top10","eeg_tleft_sampent_full_change_precond;pupil_dilation_sd_full_change_precond;gsr_skin_conductance_eda_tonic_mean_nk_full_change_precond;eeg_tleft_halpha_mean_full_change_precond;eeg_c_theta_mean_full_change_precond;eeg_pright_sampent_full_change_precond;eeg_t_sampent_full_change_precond;eeg_fr_sampent_full_change_precond;eeg_tleft_lalpha_mean_full_change_precond;eeg_fl_hbeta_mean_full_change_precond"
2025-11-26 18:44:18.953645,24,"stress_label",10,128,0.0625,0.525641025641026,0.532051282051282,NA,10,"top10","eeg_tleft_sampent_full_change_precond;pupil_dilation_sd_full_change_precond;gsr_skin_conductance_eda_tonic_mean_nk_full_change_precond;eeg_tleft_halpha_mean_full_change_precond;eeg_c_theta_mean_full_change_precond;eeg_pright_sampent_full_change_precond;eeg_t_sampent_full_change_precond;eeg_fr_sampent_full_change_precond;eeg_tleft_lalpha_mean_full_change_precond;eeg_fl_hbeta_mean_full_change_precond"
2025-11-26 18:44:20.187994,24,"stress_label",10,256,0.0625,0.525641025641026,0.487179487179487,NA,10,"top10","eeg_tleft_sampent_full_change_precond;pupil_dilation_sd_full_change_precond;gsr_skin_conductance_eda_tonic_mean_nk_full_change_precond;eeg_tleft_halpha_mean_full_change_precond;eeg_c_theta_mean_full_change_precond;eeg_pright_sampent_full_change_precond;eeg_t_sampent_full_change_precond;eeg_fr_sampent_full_change_precond;eeg_tleft_lalpha_mean_full_change_precond;eeg_fl_hbeta_mean_full_change_precond"
2025-11-26 18:44:20.934429,24,"stress_label",10,2,0.125,0.576923076923077,0.615384615384615,NA,10,"top10","eeg_tleft_sampent_full_change_precond;pupil_dilation_sd_full_change_precond;gsr_skin_conductance_eda_tonic_mean_nk_full_change_precond;eeg_tleft_halpha_mean_full_change_precond;eeg_c_theta_mean_full_change_precond;eeg_pright_sampent_full_change_precond;eeg_t_sampent_full_change_precond;eeg_fr_sampent_full_change_precond;eeg_tleft_lalpha_mean_full_change_precond;eeg_fl_hbeta_mean_full_change_precond"
2025-11-26 18:44:21.81285,24,"stress_label",10,4,0.125,0.544871794871795,0.621794871794872,NA,10,"top10","eeg_tleft_sampent_full_change_precond;pupil_dilation_sd_full_change_precond;gsr_skin_conductance_eda_tonic_mean_nk_full_change_precond;eeg_tleft_halpha_mean_full_change_precond;eeg_c_theta_mean_full_change_precond;eeg_pright_sampent_full_change_precond;eeg_t_sampent_full_change_precond;eeg_fr_sampent_full_change_precond;eeg_tleft_lalpha_mean_full_change_precond;eeg_fl_hbeta_mean_full_change_precond"
2025-11-26 18:44:22.519582,24,"stress_label",10,8,0.125,0.576923076923077,0.608974358974359,NA,10,"top10","eeg_tleft_sampent_full_change_precond;pupil_dilation_sd_full_change_precond;gsr_skin_conductance_eda_tonic_mean_nk_full_change_precond;eeg_tleft_halpha_mean_full_change_precond;eeg_c_theta_mean_full_change_precond;eeg_pright_sampent_full_change_precond;eeg_t_sampent_full_change_precond;eeg_fr_sampent_full_change_precond;eeg_tleft_lalpha_mean_full_change_precond;eeg_fl_hbeta_mean_full_change_precond"
2025-11-26 18:44:23.452021,24,"stress_label",10,16,0.125,0.57051282051282,0.621794871794872,NA,10,"top10","eeg_tleft_sampent_full_change_precond;pupil_dilation_sd_full_change_precond;gsr_skin_conductance_eda_tonic_mean_nk_full_change_precond;eeg_tleft_halpha_mean_full_change_precond;eeg_c_theta_mean_full_change_precond;eeg_pright_sampent_full_change_precond;eeg_t_sampent_full_change_precond;eeg_fr_sampent_full_change_precond;eeg_tleft_lalpha_mean_full_change_precond;eeg_fl_hbeta_mean_full_change_precond"
2025-11-26 18:44:24.481464,24,"stress_label",10,32,0.125,0.564102564102564,0.583333333333333,NA,10,"top10","eeg_tleft_sampent_full_change_precond;pupil_dilation_sd_full_change_precond;gsr_skin_conductance_eda_tonic_mean_nk_full_change_precond;eeg_tleft_halpha_mean_full_change_precond;eeg_c_theta_mean_full_change_precond;eeg_pright_sampent_full_change_precond;eeg_t_sampent_full_change_precond;eeg_fr_sampent_full_change_precond;eeg_tleft_lalpha_mean_full_change_precond;eeg_fl_hbeta_mean_full_change_precond"
2025-11-26 18:44:25.524942,24,"stress_label",10,64,0.125,0.557692307692308,0.448717948717949,NA,10,"top10","eeg_tleft_sampent_full_change_precond;pupil_dilation_sd_full_change_precond;gsr_skin_conductance_eda_tonic_mean_nk_full_change_precond;eeg_tleft_halpha_mean_full_change_precond;eeg_c_theta_mean_full_change_precond;eeg_pright_sampent_full_change_precond;eeg_t_sampent_full_change_precond;eeg_fr_sampent_full_change_precond;eeg_tleft_lalpha_mean_full_change_precond;eeg_fl_hbeta_mean_full_change_precond"
2025-11-26 18:44:26.523685,24,"stress_label",10,128,0.125,0.551282051282051,0.525641025641026,NA,10,"top10","eeg_tleft_sampent_full_change_precond;pupil_dilation_sd_full_change_precond;gsr_skin_conductance_eda_tonic_mean_nk_full_change_precond;eeg_tleft_halpha_mean_full_change_precond;eeg_c_theta_mean_full_change_precond;eeg_pright_sampent_full_change_precond;eeg_t_sampent_full_change_precond;eeg_fr_sampent_full_change_precond;eeg_tleft_lalpha_mean_full_change_precond;eeg_fl_hbeta_mean_full_change_precond"
2025-11-26 18:44:27.442141,24,"stress_label",10,256,0.125,0.551282051282051,0.512820512820513,NA,10,"top10","eeg_tleft_sampent_full_change_precond;pupil_dilation_sd_full_change_precond;gsr_skin_conductance_eda_tonic_mean_nk_full_change_precond;eeg_tleft_halpha_mean_full_change_precond;eeg_c_theta_mean_full_change_precond;eeg_pright_sampent_full_change_precond;eeg_t_sampent_full_change_precond;eeg_fr_sampent_full_change_precond;eeg_tleft_lalpha_mean_full_change_precond;eeg_fl_hbeta_mean_full_change_precond"
2025-11-26 18:44:28.280094,24,"stress_label",10,2,0.03,0.596153846153846,0.647435897435897,0.560683760683761,10,"top10","eeg_tleft_sampent_full_change_precond;pupil_dilation_sd_full_change_precond;gsr_skin_conductance_eda_tonic_mean_nk_full_change_precond;eeg_tleft_halpha_mean_full_change_precond;eeg_c_theta_mean_full_change_precond;eeg_pright_sampent_full_change_precond;eeg_t_sampent_full_change_precond;eeg_fr_sampent_full_change_precond;eeg_tleft_lalpha_mean_full_change_precond;eeg_fl_hbeta_mean_full_change_precond"
2025-11-26 18:44:29.151878,24,"stress_label",10,4,0.03,0.58974358974359,0.628205128205128,0.55042735042735,10,"top10","eeg_tleft_sampent_full_change_precond;pupil_dilation_sd_full_change_precond;gsr_skin_conductance_eda_tonic_mean_nk_full_change_precond;eeg_tleft_halpha_mean_full_change_precond;eeg_c_theta_mean_full_change_precond;eeg_pright_sampent_full_change_precond;eeg_t_sampent_full_change_precond;eeg_fr_sampent_full_change_precond;eeg_tleft_lalpha_mean_full_change_precond;eeg_fl_hbeta_mean_full_change_precond"
2025-11-26 18:44:29.999175,24,"stress_label",10,8,0.03,0.58974358974359,0.596153846153846,0.55982905982906,10,"top10","eeg_tleft_sampent_full_change_precond;pupil_dilation_sd_full_change_precond;gsr_skin_conductance_eda_tonic_mean_nk_full_change_precond;eeg_tleft_halpha_mean_full_change_precond;eeg_c_theta_mean_full_change_precond;eeg_pright_sampent_full_change_precond;eeg_t_sampent_full_change_precond;eeg_fr_sampent_full_change_precond;eeg_tleft_lalpha_mean_full_change_precond;eeg_fl_hbeta_mean_full_change_precond"
2025-11-26 18:44:30.802753,24,"stress_label",10,16,0.03,0.544871794871795,0.57051282051282,0.513675213675214,10,"top10","eeg_tleft_sampent_full_change_precond;pupil_dilation_sd_full_change_precond;gsr_skin_conductance_eda_tonic_mean_nk_full_change_precond;eeg_tleft_halpha_mean_full_change_precond;eeg_c_theta_mean_full_change_precond;eeg_pright_sampent_full_change_precond;eeg_t_sampent_full_change_precond;eeg_fr_sampent_full_change_precond;eeg_tleft_lalpha_mean_full_change_precond;eeg_fl_hbeta_mean_full_change_precond"
2025-11-26 18:44:31.656641,24,"stress_label",10,32,0.03,0.512820512820513,0.557692307692308,NA,10,"top10","eeg_tleft_sampent_full_change_precond;pupil_dilation_sd_full_change_precond;gsr_skin_conductance_eda_tonic_mean_nk_full_change_precond;eeg_tleft_halpha_mean_full_change_precond;eeg_c_theta_mean_full_change_precond;eeg_pright_sampent_full_change_precond;eeg_t_sampent_full_change_precond;eeg_fr_sampent_full_change_precond;eeg_tleft_lalpha_mean_full_change_precond;eeg_fl_hbeta_mean_full_change_precond"
2025-11-26 18:44:32.47485,24,"stress_label",10,64,0.03,0.525641025641026,0.583333333333333,NA,10,"top10","eeg_tleft_sampent_full_change_precond;pupil_dilation_sd_full_change_precond;gsr_skin_conductance_eda_tonic_mean_nk_full_change_precond;eeg_tleft_halpha_mean_full_change_precond;eeg_c_theta_mean_full_change_precond;eeg_pright_sampent_full_change_precond;eeg_t_sampent_full_change_precond;eeg_fr_sampent_full_change_precond;eeg_tleft_lalpha_mean_full_change_precond;eeg_fl_hbeta_mean_full_change_precond"
2025-11-26 18:44:33.649785,24,"stress_label",10,128,0.03,0.564102564102564,0.615384615384615,NA,10,"top10","eeg_tleft_sampent_full_change_precond;pupil_dilation_sd_full_change_precond;gsr_skin_conductance_eda_tonic_mean_nk_full_change_precond;eeg_tleft_halpha_mean_full_change_precond;eeg_c_theta_mean_full_change_precond;eeg_pright_sampent_full_change_precond;eeg_t_sampent_full_change_precond;eeg_fr_sampent_full_change_precond;eeg_tleft_lalpha_mean_full_change_precond;eeg_fl_hbeta_mean_full_change_precond"
2025-11-26 18:44:35.056651,24,"stress_label",10,256,0.03,0.564102564102564,0.615384615384615,NA,10,"top10","eeg_tleft_sampent_full_change_precond;pupil_dilation_sd_full_change_precond;gsr_skin_conductance_eda_tonic_mean_nk_full_change_precond;eeg_tleft_halpha_mean_full_change_precond;eeg_c_theta_mean_full_change_precond;eeg_pright_sampent_full_change_precond;eeg_t_sampent_full_change_precond;eeg_fr_sampent_full_change_precond;eeg_tleft_lalpha_mean_full_change_precond;eeg_fl_hbeta_mean_full_change_precond"
2025-11-26 18:44:35.929918,24,"stress_label",10,2,0.06,0.58974358974359,0.641025641025641,0.546153846153846,10,"top10","eeg_tleft_sampent_full_change_precond;pupil_dilation_sd_full_change_precond;gsr_skin_conductance_eda_tonic_mean_nk_full_change_precond;eeg_tleft_halpha_mean_full_change_precond;eeg_c_theta_mean_full_change_precond;eeg_pright_sampent_full_change_precond;eeg_t_sampent_full_change_precond;eeg_fr_sampent_full_change_precond;eeg_tleft_lalpha_mean_full_change_precond;eeg_fl_hbeta_mean_full_change_precond"
2025-11-26 18:44:36.827147,24,"stress_label",10,4,0.06,0.583333333333333,0.58974358974359,0.55042735042735,10,"top10","eeg_tleft_sampent_full_change_precond;pupil_dilation_sd_full_change_precond;gsr_skin_conductance_eda_tonic_mean_nk_full_change_precond;eeg_tleft_halpha_mean_full_change_precond;eeg_c_theta_mean_full_change_precond;eeg_pright_sampent_full_change_precond;eeg_t_sampent_full_change_precond;eeg_fr_sampent_full_change_precond;eeg_tleft_lalpha_mean_full_change_precond;eeg_fl_hbeta_mean_full_change_precond"
2025-11-26 18:44:37.735185,24,"stress_label",10,8,0.06,0.525641025641026,0.538461538461538,NA,10,"top10","eeg_tleft_sampent_full_change_precond;pupil_dilation_sd_full_change_precond;gsr_skin_conductance_eda_tonic_mean_nk_full_change_precond;eeg_tleft_halpha_mean_full_change_precond;eeg_c_theta_mean_full_change_precond;eeg_pright_sampent_full_change_precond;eeg_t_sampent_full_change_precond;eeg_fr_sampent_full_change_precond;eeg_tleft_lalpha_mean_full_change_precond;eeg_fl_hbeta_mean_full_change_precond"
2025-11-26 18:44:38.627216,24,"stress_label",10,16,0.06,0.512820512820513,0.58974358974359,NA,10,"top10","eeg_tleft_sampent_full_change_precond;pupil_dilation_sd_full_change_precond;gsr_skin_conductance_eda_tonic_mean_nk_full_change_precond;eeg_tleft_halpha_mean_full_change_precond;eeg_c_theta_mean_full_change_precond;eeg_pright_sampent_full_change_precond;eeg_t_sampent_full_change_precond;eeg_fr_sampent_full_change_precond;eeg_tleft_lalpha_mean_full_change_precond;eeg_fl_hbeta_mean_full_change_precond"
2025-11-26 18:44:39.596085,24,"stress_label",10,32,0.06,0.564102564102564,0.621794871794872,0.55982905982906,10,"top10","eeg_tleft_sampent_full_change_precond;pupil_dilation_sd_full_change_precond;gsr_skin_conductance_eda_tonic_mean_nk_full_change_precond;eeg_tleft_halpha_mean_full_change_precond;eeg_c_theta_mean_full_change_precond;eeg_pright_sampent_full_change_precond;eeg_t_sampent_full_change_precond;eeg_fr_sampent_full_change_precond;eeg_tleft_lalpha_mean_full_change_precond;eeg_fl_hbeta_mean_full_change_precond"
2025-11-26 18:44:40.668315,24,"stress_label",10,64,0.06,0.544871794871795,0.628205128205128,NA,10,"top10","eeg_tleft_sampent_full_change_precond;pupil_dilation_sd_full_change_precond;gsr_skin_conductance_eda_tonic_mean_nk_full_change_precond;eeg_tleft_halpha_mean_full_change_precond;eeg_c_theta_mean_full_change_precond;eeg_pright_sampent_full_change_precond;eeg_t_sampent_full_change_precond;eeg_fr_sampent_full_change_precond;eeg_tleft_lalpha_mean_full_change_precond;eeg_fl_hbeta_mean_full_change_precond"
2025-11-26 18:44:41.894913,24,"stress_label",10,128,0.06,0.525641025641026,0.58974358974359,NA,10,"top10","eeg_tleft_sampent_full_change_precond;pupil_dilation_sd_full_change_precond;gsr_skin_conductance_eda_tonic_mean_nk_full_change_precond;eeg_tleft_halpha_mean_full_change_precond;eeg_c_theta_mean_full_change_precond;eeg_pright_sampent_full_change_precond;eeg_t_sampent_full_change_precond;eeg_fr_sampent_full_change_precond;eeg_tleft_lalpha_mean_full_change_precond;eeg_fl_hbeta_mean_full_change_precond"
2025-11-26 18:44:43.172206,24,"stress_label",10,256,0.06,0.525641025641026,0.544871794871795,NA,10,"top10","eeg_tleft_sampent_full_change_precond;pupil_dilation_sd_full_change_precond;gsr_skin_conductance_eda_tonic_mean_nk_full_change_precond;eeg_tleft_halpha_mean_full_change_precond;eeg_c_theta_mean_full_change_precond;eeg_pright_sampent_full_change_precond;eeg_t_sampent_full_change_precond;eeg_fr_sampent_full_change_precond;eeg_tleft_lalpha_mean_full_change_precond;eeg_fl_hbeta_mean_full_change_precond"
2025-11-26 18:44:44.006002,24,"stress_label",10,2,0.1,0.58974358974359,0.608974358974359,NA,10,"top10","eeg_tleft_sampent_full_change_precond;pupil_dilation_sd_full_change_precond;gsr_skin_conductance_eda_tonic_mean_nk_full_change_precond;eeg_tleft_halpha_mean_full_change_precond;eeg_c_theta_mean_full_change_precond;eeg_pright_sampent_full_change_precond;eeg_t_sampent_full_change_precond;eeg_fr_sampent_full_change_precond;eeg_tleft_lalpha_mean_full_change_precond;eeg_fl_hbeta_mean_full_change_precond"
2025-11-26 18:44:44.932044,24,"stress_label",10,4,0.1,0.557692307692308,0.576923076923077,NA,10,"top10","eeg_tleft_sampent_full_change_precond;pupil_dilation_sd_full_change_precond;gsr_skin_conductance_eda_tonic_mean_nk_full_change_precond;eeg_tleft_halpha_mean_full_change_precond;eeg_c_theta_mean_full_change_precond;eeg_pright_sampent_full_change_precond;eeg_t_sampent_full_change_precond;eeg_fr_sampent_full_change_precond;eeg_tleft_lalpha_mean_full_change_precond;eeg_fl_hbeta_mean_full_change_precond"
2025-11-26 18:44:45.852783,24,"stress_label",10,8,0.1,0.538461538461538,0.602564102564103,0.530769230769231,10,"top10","eeg_tleft_sampent_full_change_precond;pupil_dilation_sd_full_change_precond;gsr_skin_conductance_eda_tonic_mean_nk_full_change_precond;eeg_tleft_halpha_mean_full_change_precond;eeg_c_theta_mean_full_change_precond;eeg_pright_sampent_full_change_precond;eeg_t_sampent_full_change_precond;eeg_fr_sampent_full_change_precond;eeg_tleft_lalpha_mean_full_change_precond;eeg_fl_hbeta_mean_full_change_precond"
2025-11-26 18:44:46.850844,24,"stress_label",10,16,0.1,0.557692307692308,0.621794871794872,NA,10,"top10","eeg_tleft_sampent_full_change_precond;pupil_dilation_sd_full_change_precond;gsr_skin_conductance_eda_tonic_mean_nk_full_change_precond;eeg_tleft_halpha_mean_full_change_precond;eeg_c_theta_mean_full_change_precond;eeg_pright_sampent_full_change_precond;eeg_t_sampent_full_change_precond;eeg_fr_sampent_full_change_precond;eeg_tleft_lalpha_mean_full_change_precond;eeg_fl_hbeta_mean_full_change_precond"
2025-11-26 18:44:47.757217,24,"stress_label",10,32,0.1,0.57051282051282,0.602564102564103,NA,10,"top10","eeg_tleft_sampent_full_change_precond;pupil_dilation_sd_full_change_precond;gsr_skin_conductance_eda_tonic_mean_nk_full_change_precond;eeg_tleft_halpha_mean_full_change_precond;eeg_c_theta_mean_full_change_precond;eeg_pright_sampent_full_change_precond;eeg_t_sampent_full_change_precond;eeg_fr_sampent_full_change_precond;eeg_tleft_lalpha_mean_full_change_precond;eeg_fl_hbeta_mean_full_change_precond"
2025-11-26 18:44:48.734813,24,"stress_label",10,64,0.1,0.544871794871795,0.564102564102564,NA,10,"top10","eeg_tleft_sampent_full_change_precond;pupil_dilation_sd_full_change_precond;gsr_skin_conductance_eda_tonic_mean_nk_full_change_precond;eeg_tleft_halpha_mean_full_change_precond;eeg_c_theta_mean_full_change_precond;eeg_pright_sampent_full_change_precond;eeg_t_sampent_full_change_precond;eeg_fr_sampent_full_change_precond;eeg_tleft_lalpha_mean_full_change_precond;eeg_fl_hbeta_mean_full_change_precond"
2025-11-26 18:44:49.772762,24,"stress_label",10,128,0.1,0.551282051282051,0.506410256410256,NA,10,"top10","eeg_tleft_sampent_full_change_precond;pupil_dilation_sd_full_change_precond;gsr_skin_conductance_eda_tonic_mean_nk_full_change_precond;eeg_tleft_halpha_mean_full_change_precond;eeg_c_theta_mean_full_change_precond;eeg_pright_sampent_full_change_precond;eeg_t_sampent_full_change_precond;eeg_fr_sampent_full_change_precond;eeg_tleft_lalpha_mean_full_change_precond;eeg_fl_hbeta_mean_full_change_precond"
2025-11-26 18:44:50.632962,24,"stress_label",10,256,0.1,0.544871794871795,0.564102564102564,NA,10,"top10","eeg_tleft_sampent_full_change_precond;pupil_dilation_sd_full_change_precond;gsr_skin_conductance_eda_tonic_mean_nk_full_change_precond;eeg_tleft_halpha_mean_full_change_precond;eeg_c_theta_mean_full_change_precond;eeg_pright_sampent_full_change_precond;eeg_t_sampent_full_change_precond;eeg_fr_sampent_full_change_precond;eeg_tleft_lalpha_mean_full_change_precond;eeg_fl_hbeta_mean_full_change_precond"
2025-11-26 18:44:51.402687,24,"stress_label",5,2,0.0078125,0.641025641025641,0.698717948717949,0.641880341880342,5,"top5","eeg_tleft_sampent_full_change_precond;pupil_dilation_sd_full_change_precond;gsr_skin_conductance_eda_tonic_mean_nk_full_change_precond;eeg_tleft_halpha_mean_full_change_precond;eeg_c_theta_mean_full_change_precond"
2025-11-26 18:44:52.138452,24,"stress_label",5,4,0.0078125,0.608974358974359,0.66025641025641,0.6,5,"top5","eeg_tleft_sampent_full_change_precond;pupil_dilation_sd_full_change_precond;gsr_skin_conductance_eda_tonic_mean_nk_full_change_precond;eeg_tleft_halpha_mean_full_change_precond;eeg_c_theta_mean_full_change_precond"
2025-11-26 18:44:53.063607,24,"stress_label",5,8,0.0078125,0.583333333333333,0.615384615384615,NA,5,"top5","eeg_tleft_sampent_full_change_precond;pupil_dilation_sd_full_change_precond;gsr_skin_conductance_eda_tonic_mean_nk_full_change_precond;eeg_tleft_halpha_mean_full_change_precond;eeg_c_theta_mean_full_change_precond"
2025-11-26 18:44:53.872389,24,"stress_label",5,16,0.0078125,0.615384615384615,0.621794871794872,NA,5,"top5","eeg_tleft_sampent_full_change_precond;pupil_dilation_sd_full_change_precond;gsr_skin_conductance_eda_tonic_mean_nk_full_change_precond;eeg_tleft_halpha_mean_full_change_precond;eeg_c_theta_mean_full_change_precond"
2025-11-26 18:44:54.653753,24,"stress_label",5,32,0.0078125,0.641025641025641,0.66025641025641,0.615384615384615,5,"top5","eeg_tleft_sampent_full_change_precond;pupil_dilation_sd_full_change_precond;gsr_skin_conductance_eda_tonic_mean_nk_full_change_precond;eeg_tleft_halpha_mean_full_change_precond;eeg_c_theta_mean_full_change_precond"
2025-11-26 18:44:55.445485,24,"stress_label",5,64,0.0078125,0.647435897435897,0.666666666666667,NA,5,"top5","eeg_tleft_sampent_full_change_precond;pupil_dilation_sd_full_change_precond;gsr_skin_conductance_eda_tonic_mean_nk_full_change_precond;eeg_tleft_halpha_mean_full_change_precond;eeg_c_theta_mean_full_change_precond"
2025-11-26 18:44:56.221405,24,"stress_label",5,128,0.0078125,0.67948717948718,0.666666666666667,0.644444444444444,5,"top5","eeg_tleft_sampent_full_change_precond;pupil_dilation_sd_full_change_precond;gsr_skin_conductance_eda_tonic_mean_nk_full_change_precond;eeg_tleft_halpha_mean_full_change_precond;eeg_c_theta_mean_full_change_precond"
2025-11-26 18:44:57.025312,24,"stress_label",5,256,0.0078125,0.66025641025641,0.666666666666667,0.627350427350427,5,"top5","eeg_tleft_sampent_full_change_precond;pupil_dilation_sd_full_change_precond;gsr_skin_conductance_eda_tonic_mean_nk_full_change_precond;eeg_tleft_halpha_mean_full_change_precond;eeg_c_theta_mean_full_change_precond"
2025-11-26 18:44:57.797987,24,"stress_label",5,2,0.015625,0.615384615384615,0.673076923076923,0.608547008547008,5,"top5","eeg_tleft_sampent_full_change_precond;pupil_dilation_sd_full_change_precond;gsr_skin_conductance_eda_tonic_mean_nk_full_change_precond;eeg_tleft_halpha_mean_full_change_precond;eeg_c_theta_mean_full_change_precond"
2025-11-26 18:44:58.573004,24,"stress_label",5,4,0.015625,0.58974358974359,0.615384615384615,NA,5,"top5","eeg_tleft_sampent_full_change_precond;pupil_dilation_sd_full_change_precond;gsr_skin_conductance_eda_tonic_mean_nk_full_change_precond;eeg_tleft_halpha_mean_full_change_precond;eeg_c_theta_mean_full_change_precond"
2025-11-26 18:44:59.21702,24,"stress_label",5,8,0.015625,0.628205128205128,0.634615384615385,0.597435897435897,5,"top5","eeg_tleft_sampent_full_change_precond;pupil_dilation_sd_full_change_precond;gsr_skin_conductance_eda_tonic_mean_nk_full_change_precond;eeg_tleft_halpha_mean_full_change_precond;eeg_c_theta_mean_full_change_precond"
2025-11-26 18:44:59.904622,24,"stress_label",5,16,0.015625,0.647435897435897,0.666666666666667,0.61965811965812,5,"top5","eeg_tleft_sampent_full_change_precond;pupil_dilation_sd_full_change_precond;gsr_skin_conductance_eda_tonic_mean_nk_full_change_precond;eeg_tleft_halpha_mean_full_change_precond;eeg_c_theta_mean_full_change_precond"
2025-11-26 18:45:00.614201,24,"stress_label",5,32,0.015625,0.673076923076923,0.666666666666667,0.64017094017094,5,"top5","eeg_tleft_sampent_full_change_precond;pupil_dilation_sd_full_change_precond;gsr_skin_conductance_eda_tonic_mean_nk_full_change_precond;eeg_tleft_halpha_mean_full_change_precond;eeg_c_theta_mean_full_change_precond"
2025-11-26 18:45:01.368953,24,"stress_label",5,64,0.015625,0.653846153846154,0.666666666666667,0.626495726495726,5,"top5","eeg_tleft_sampent_full_change_precond;pupil_dilation_sd_full_change_precond;gsr_skin_conductance_eda_tonic_mean_nk_full_change_precond;eeg_tleft_halpha_mean_full_change_precond;eeg_c_theta_mean_full_change_precond"
2025-11-26 18:45:02.171949,24,"stress_label",5,128,0.015625,0.628205128205128,0.66025641025641,0.592307692307692,5,"top5","eeg_tleft_sampent_full_change_precond;pupil_dilation_sd_full_change_precond;gsr_skin_conductance_eda_tonic_mean_nk_full_change_precond;eeg_tleft_halpha_mean_full_change_precond;eeg_c_theta_mean_full_change_precond"
2025-11-26 18:45:03.112112,24,"stress_label",5,256,0.015625,0.647435897435897,0.666666666666667,NA,5,"top5","eeg_tleft_sampent_full_change_precond;pupil_dilation_sd_full_change_precond;gsr_skin_conductance_eda_tonic_mean_nk_full_change_precond;eeg_tleft_halpha_mean_full_change_precond;eeg_c_theta_mean_full_change_precond"
2025-11-26 18:45:03.887649,24,"stress_label",5,2,0.03125,0.621794871794872,0.641025641025641,NA,5,"top5","eeg_tleft_sampent_full_change_precond;pupil_dilation_sd_full_change_precond;gsr_skin_conductance_eda_tonic_mean_nk_full_change_precond;eeg_tleft_halpha_mean_full_change_precond;eeg_c_theta_mean_full_change_precond"
2025-11-26 18:45:04.643021,24,"stress_label",5,4,0.03125,0.634615384615385,0.653846153846154,0.607692307692308,5,"top5","eeg_tleft_sampent_full_change_precond;pupil_dilation_sd_full_change_precond;gsr_skin_conductance_eda_tonic_mean_nk_full_change_precond;eeg_tleft_halpha_mean_full_change_precond;eeg_c_theta_mean_full_change_precond"
2025-11-26 18:45:05.401545,24,"stress_label",5,8,0.03125,0.653846153846154,0.67948717948718,0.617948717948718,5,"top5","eeg_tleft_sampent_full_change_precond;pupil_dilation_sd_full_change_precond;gsr_skin_conductance_eda_tonic_mean_nk_full_change_precond;eeg_tleft_halpha_mean_full_change_precond;eeg_c_theta_mean_full_change_precond"
2025-11-26 18:45:06.159271,24,"stress_label",5,16,0.03125,0.653846153846154,0.666666666666667,0.623076923076923,5,"top5","eeg_tleft_sampent_full_change_precond;pupil_dilation_sd_full_change_precond;gsr_skin_conductance_eda_tonic_mean_nk_full_change_precond;eeg_tleft_halpha_mean_full_change_precond;eeg_c_theta_mean_full_change_precond"
2025-11-26 18:45:06.940353,24,"stress_label",5,32,0.03125,0.653846153846154,0.653846153846154,0.605128205128205,5,"top5","eeg_tleft_sampent_full_change_precond;pupil_dilation_sd_full_change_precond;gsr_skin_conductance_eda_tonic_mean_nk_full_change_precond;eeg_tleft_halpha_mean_full_change_precond;eeg_c_theta_mean_full_change_precond"
2025-11-26 18:45:07.809298,24,"stress_label",5,64,0.03125,0.641025641025641,0.653846153846154,NA,5,"top5","eeg_tleft_sampent_full_change_precond;pupil_dilation_sd_full_change_precond;gsr_skin_conductance_eda_tonic_mean_nk_full_change_precond;eeg_tleft_halpha_mean_full_change_precond;eeg_c_theta_mean_full_change_precond"
2025-11-26 18:45:08.69362,24,"stress_label",5,128,0.03125,0.621794871794872,0.641025641025641,NA,5,"top5","eeg_tleft_sampent_full_change_precond;pupil_dilation_sd_full_change_precond;gsr_skin_conductance_eda_tonic_mean_nk_full_change_precond;eeg_tleft_halpha_mean_full_change_precond;eeg_c_theta_mean_full_change_precond"
2025-11-26 18:45:09.778254,24,"stress_label",5,256,0.03125,0.621794871794872,0.66025641025641,NA,5,"top5","eeg_tleft_sampent_full_change_precond;pupil_dilation_sd_full_change_precond;gsr_skin_conductance_eda_tonic_mean_nk_full_change_precond;eeg_tleft_halpha_mean_full_change_precond;eeg_c_theta_mean_full_change_precond"
2025-11-26 18:45:10.536519,24,"stress_label",5,2,0.0625,0.641025641025641,0.673076923076923,0.609401709401709,5,"top5","eeg_tleft_sampent_full_change_precond;pupil_dilation_sd_full_change_precond;gsr_skin_conductance_eda_tonic_mean_nk_full_change_precond;eeg_tleft_halpha_mean_full_change_precond;eeg_c_theta_mean_full_change_precond"
2025-11-26 18:45:11.303888,24,"stress_label",5,4,0.0625,0.641025641025641,0.67948717948718,0.609401709401709,5,"top5","eeg_tleft_sampent_full_change_precond;pupil_dilation_sd_full_change_precond;gsr_skin_conductance_eda_tonic_mean_nk_full_change_precond;eeg_tleft_halpha_mean_full_change_precond;eeg_c_theta_mean_full_change_precond"
2025-11-26 18:45:12.062009,24,"stress_label",5,8,0.0625,0.634615384615385,0.653846153846154,0.605128205128205,5,"top5","eeg_tleft_sampent_full_change_precond;pupil_dilation_sd_full_change_precond;gsr_skin_conductance_eda_tonic_mean_nk_full_change_precond;eeg_tleft_halpha_mean_full_change_precond;eeg_c_theta_mean_full_change_precond"
2025-11-26 18:45:12.785021,24,"stress_label",5,16,0.0625,0.583333333333333,0.647435897435897,NA,5,"top5","eeg_tleft_sampent_full_change_precond;pupil_dilation_sd_full_change_precond;gsr_skin_conductance_eda_tonic_mean_nk_full_change_precond;eeg_tleft_halpha_mean_full_change_precond;eeg_c_theta_mean_full_change_precond"
2025-11-26 18:45:13.602942,24,"stress_label",5,32,0.0625,0.608974358974359,0.666666666666667,NA,5,"top5","eeg_tleft_sampent_full_change_precond;pupil_dilation_sd_full_change_precond;gsr_skin_conductance_eda_tonic_mean_nk_full_change_precond;eeg_tleft_halpha_mean_full_change_precond;eeg_c_theta_mean_full_change_precond"
2025-11-26 18:45:14.546568,24,"stress_label",5,64,0.0625,0.58974358974359,0.66025641025641,NA,5,"top5","eeg_tleft_sampent_full_change_precond;pupil_dilation_sd_full_change_precond;gsr_skin_conductance_eda_tonic_mean_nk_full_change_precond;eeg_tleft_halpha_mean_full_change_precond;eeg_c_theta_mean_full_change_precond"
2025-11-26 18:45:15.656117,24,"stress_label",5,128,0.0625,0.583333333333333,0.628205128205128,NA,5,"top5","eeg_tleft_sampent_full_change_precond;pupil_dilation_sd_full_change_precond;gsr_skin_conductance_eda_tonic_mean_nk_full_change_precond;eeg_tleft_halpha_mean_full_change_precond;eeg_c_theta_mean_full_change_precond"
2025-11-26 18:45:16.941741,24,"stress_label",5,256,0.0625,0.596153846153846,0.615384615384615,NA,5,"top5","eeg_tleft_sampent_full_change_precond;pupil_dilation_sd_full_change_precond;gsr_skin_conductance_eda_tonic_mean_nk_full_change_precond;eeg_tleft_halpha_mean_full_change_precond;eeg_c_theta_mean_full_change_precond"
2025-11-26 18:45:17.694064,24,"stress_label",5,2,0.125,0.641025641025641,0.647435897435897,0.605982905982906,5,"top5","eeg_tleft_sampent_full_change_precond;pupil_dilation_sd_full_change_precond;gsr_skin_conductance_eda_tonic_mean_nk_full_change_precond;eeg_tleft_halpha_mean_full_change_precond;eeg_c_theta_mean_full_change_precond"
2025-11-26 18:45:18.437855,24,"stress_label",5,4,0.125,0.602564102564103,0.647435897435897,0.578632478632479,5,"top5","eeg_tleft_sampent_full_change_precond;pupil_dilation_sd_full_change_precond;gsr_skin_conductance_eda_tonic_mean_nk_full_change_precond;eeg_tleft_halpha_mean_full_change_precond;eeg_c_theta_mean_full_change_precond"
2025-11-26 18:45:19.157684,24,"stress_label",5,8,0.125,0.602564102564103,0.66025641025641,NA,5,"top5","eeg_tleft_sampent_full_change_precond;pupil_dilation_sd_full_change_precond;gsr_skin_conductance_eda_tonic_mean_nk_full_change_precond;eeg_tleft_halpha_mean_full_change_precond;eeg_c_theta_mean_full_change_precond"
2025-11-26 18:45:19.994458,24,"stress_label",5,16,0.125,0.564102564102564,0.666666666666667,NA,5,"top5","eeg_tleft_sampent_full_change_precond;pupil_dilation_sd_full_change_precond;gsr_skin_conductance_eda_tonic_mean_nk_full_change_precond;eeg_tleft_halpha_mean_full_change_precond;eeg_c_theta_mean_full_change_precond"
2025-11-26 18:45:20.924529,24,"stress_label",5,32,0.125,0.583333333333333,0.641025641025641,NA,5,"top5","eeg_tleft_sampent_full_change_precond;pupil_dilation_sd_full_change_precond;gsr_skin_conductance_eda_tonic_mean_nk_full_change_precond;eeg_tleft_halpha_mean_full_change_precond;eeg_c_theta_mean_full_change_precond"
2025-11-26 18:45:21.843088,24,"stress_label",5,64,0.125,0.58974358974359,0.666666666666667,NA,5,"top5","eeg_tleft_sampent_full_change_precond;pupil_dilation_sd_full_change_precond;gsr_skin_conductance_eda_tonic_mean_nk_full_change_precond;eeg_tleft_halpha_mean_full_change_precond;eeg_c_theta_mean_full_change_precond"
2025-11-26 18:45:22.834868,24,"stress_label",5,128,0.125,0.557692307692308,0.608974358974359,NA,5,"top5","eeg_tleft_sampent_full_change_precond;pupil_dilation_sd_full_change_precond;gsr_skin_conductance_eda_tonic_mean_nk_full_change_precond;eeg_tleft_halpha_mean_full_change_precond;eeg_c_theta_mean_full_change_precond"
2025-11-26 18:45:24.08661,24,"stress_label",5,256,0.125,0.544871794871795,0.615384615384615,NA,5,"top5","eeg_tleft_sampent_full_change_precond;pupil_dilation_sd_full_change_precond;gsr_skin_conductance_eda_tonic_mean_nk_full_change_precond;eeg_tleft_halpha_mean_full_change_precond;eeg_c_theta_mean_full_change_precond"
2025-11-26 18:45:24.78319,24,"stress_label",5,2,0.03,0.621794871794872,0.641025641025641,NA,5,"top5","eeg_tleft_sampent_full_change_precond;pupil_dilation_sd_full_change_precond;gsr_skin_conductance_eda_tonic_mean_nk_full_change_precond;eeg_tleft_halpha_mean_full_change_precond;eeg_c_theta_mean_full_change_precond"
2025-11-26 18:45:25.517351,24,"stress_label",5,4,0.03,0.628205128205128,0.653846153846154,0.599145299145299,5,"top5","eeg_tleft_sampent_full_change_precond;pupil_dilation_sd_full_change_precond;gsr_skin_conductance_eda_tonic_mean_nk_full_change_precond;eeg_tleft_halpha_mean_full_change_precond;eeg_c_theta_mean_full_change_precond"
2025-11-26 18:45:26.115997,24,"stress_label",5,8,0.03,0.653846153846154,0.67948717948718,0.617948717948718,5,"top5","eeg_tleft_sampent_full_change_precond;pupil_dilation_sd_full_change_precond;gsr_skin_conductance_eda_tonic_mean_nk_full_change_precond;eeg_tleft_halpha_mean_full_change_precond;eeg_c_theta_mean_full_change_precond"
2025-11-26 18:45:26.774483,24,"stress_label",5,16,0.03,0.66025641025641,0.66025641025641,0.631623931623932,5,"top5","eeg_tleft_sampent_full_change_precond;pupil_dilation_sd_full_change_precond;gsr_skin_conductance_eda_tonic_mean_nk_full_change_precond;eeg_tleft_halpha_mean_full_change_precond;eeg_c_theta_mean_full_change_precond"
2025-11-26 18:45:27.537717,24,"stress_label",5,32,0.03,0.653846153846154,0.66025641025641,0.605128205128205,5,"top5","eeg_tleft_sampent_full_change_precond;pupil_dilation_sd_full_change_precond;gsr_skin_conductance_eda_tonic_mean_nk_full_change_precond;eeg_tleft_halpha_mean_full_change_precond;eeg_c_theta_mean_full_change_precond"
2025-11-26 18:45:28.188453,24,"stress_label",5,64,0.03,0.647435897435897,0.653846153846154,NA,5,"top5","eeg_tleft_sampent_full_change_precond;pupil_dilation_sd_full_change_precond;gsr_skin_conductance_eda_tonic_mean_nk_full_change_precond;eeg_tleft_halpha_mean_full_change_precond;eeg_c_theta_mean_full_change_precond"
2025-11-26 18:45:29.007756,24,"stress_label",5,128,0.03,0.615384615384615,0.641025641025641,NA,5,"top5","eeg_tleft_sampent_full_change_precond;pupil_dilation_sd_full_change_precond;gsr_skin_conductance_eda_tonic_mean_nk_full_change_precond;eeg_tleft_halpha_mean_full_change_precond;eeg_c_theta_mean_full_change_precond"
2025-11-26 18:45:30.06398,24,"stress_label",5,256,0.03,0.615384615384615,0.666666666666667,NA,5,"top5","eeg_tleft_sampent_full_change_precond;pupil_dilation_sd_full_change_precond;gsr_skin_conductance_eda_tonic_mean_nk_full_change_precond;eeg_tleft_halpha_mean_full_change_precond;eeg_c_theta_mean_full_change_precond"
2025-11-26 18:45:30.843335,24,"stress_label",5,2,0.06,0.641025641025641,0.673076923076923,0.609401709401709,5,"top5","eeg_tleft_sampent_full_change_precond;pupil_dilation_sd_full_change_precond;gsr_skin_conductance_eda_tonic_mean_nk_full_change_precond;eeg_tleft_halpha_mean_full_change_precond;eeg_c_theta_mean_full_change_precond"
2025-11-26 18:45:31.59467,24,"stress_label",5,4,0.06,0.641025641025641,0.67948717948718,0.605128205128205,5,"top5","eeg_tleft_sampent_full_change_precond;pupil_dilation_sd_full_change_precond;gsr_skin_conductance_eda_tonic_mean_nk_full_change_precond;eeg_tleft_halpha_mean_full_change_precond;eeg_c_theta_mean_full_change_precond"
2025-11-26 18:45:32.31373,24,"stress_label",5,8,0.06,0.628205128205128,0.673076923076923,0.600854700854701,5,"top5","eeg_tleft_sampent_full_change_precond;pupil_dilation_sd_full_change_precond;gsr_skin_conductance_eda_tonic_mean_nk_full_change_precond;eeg_tleft_halpha_mean_full_change_precond;eeg_c_theta_mean_full_change_precond"
2025-11-26 18:45:33.128884,24,"stress_label",5,16,0.06,0.576923076923077,0.647435897435897,NA,5,"top5","eeg_tleft_sampent_full_change_precond;pupil_dilation_sd_full_change_precond;gsr_skin_conductance_eda_tonic_mean_nk_full_change_precond;eeg_tleft_halpha_mean_full_change_precond;eeg_c_theta_mean_full_change_precond"
2025-11-26 18:45:33.97328,24,"stress_label",5,32,0.06,0.621794871794872,0.66025641025641,NA,5,"top5","eeg_tleft_sampent_full_change_precond;pupil_dilation_sd_full_change_precond;gsr_skin_conductance_eda_tonic_mean_nk_full_change_precond;eeg_tleft_halpha_mean_full_change_precond;eeg_c_theta_mean_full_change_precond"
2025-11-26 18:45:34.770862,24,"stress_label",5,64,0.06,0.596153846153846,0.66025641025641,NA,5,"top5","eeg_tleft_sampent_full_change_precond;pupil_dilation_sd_full_change_precond;gsr_skin_conductance_eda_tonic_mean_nk_full_change_precond;eeg_tleft_halpha_mean_full_change_precond;eeg_c_theta_mean_full_change_precond"
2025-11-26 18:45:35.783382,24,"stress_label",5,128,0.06,0.576923076923077,0.628205128205128,NA,5,"top5","eeg_tleft_sampent_full_change_precond;pupil_dilation_sd_full_change_precond;gsr_skin_conductance_eda_tonic_mean_nk_full_change_precond;eeg_tleft_halpha_mean_full_change_precond;eeg_c_theta_mean_full_change_precond"
2025-11-26 18:45:37.100144,24,"stress_label",5,256,0.06,0.583333333333333,0.634615384615385,NA,5,"top5","eeg_tleft_sampent_full_change_precond;pupil_dilation_sd_full_change_precond;gsr_skin_conductance_eda_tonic_mean_nk_full_change_precond;eeg_tleft_halpha_mean_full_change_precond;eeg_c_theta_mean_full_change_precond"
2025-11-26 18:45:37.86419,24,"stress_label",5,2,0.1,0.641025641025641,0.653846153846154,0.615384615384615,5,"top5","eeg_tleft_sampent_full_change_precond;pupil_dilation_sd_full_change_precond;gsr_skin_conductance_eda_tonic_mean_nk_full_change_precond;eeg_tleft_halpha_mean_full_change_precond;eeg_c_theta_mean_full_change_precond"
2025-11-26 18:45:38.63642,24,"stress_label",5,4,0.1,0.621794871794872,0.66025641025641,0.588888888888889,5,"top5","eeg_tleft_sampent_full_change_precond;pupil_dilation_sd_full_change_precond;gsr_skin_conductance_eda_tonic_mean_nk_full_change_precond;eeg_tleft_halpha_mean_full_change_precond;eeg_c_theta_mean_full_change_precond"
2025-11-26 18:45:39.277383,24,"stress_label",5,8,0.1,0.57051282051282,0.653846153846154,0.541880341880342,5,"top5","eeg_tleft_sampent_full_change_precond;pupil_dilation_sd_full_change_precond;gsr_skin_conductance_eda_tonic_mean_nk_full_change_precond;eeg_tleft_halpha_mean_full_change_precond;eeg_c_theta_mean_full_change_precond"
2025-11-26 18:45:40.003953,24,"stress_label",5,16,0.1,0.608974358974359,0.653846153846154,NA,5,"top5","eeg_tleft_sampent_full_change_precond;pupil_dilation_sd_full_change_precond;gsr_skin_conductance_eda_tonic_mean_nk_full_change_precond;eeg_tleft_halpha_mean_full_change_precond;eeg_c_theta_mean_full_change_precond"
2025-11-26 18:45:40.774217,24,"stress_label",5,32,0.1,0.564102564102564,0.653846153846154,NA,5,"top5","eeg_tleft_sampent_full_change_precond;pupil_dilation_sd_full_change_precond;gsr_skin_conductance_eda_tonic_mean_nk_full_change_precond;eeg_tleft_halpha_mean_full_change_precond;eeg_c_theta_mean_full_change_precond"
2025-11-26 18:45:41.764705,24,"stress_label",5,64,0.1,0.58974358974359,0.641025641025641,NA,5,"top5","eeg_tleft_sampent_full_change_precond;pupil_dilation_sd_full_change_precond;gsr_skin_conductance_eda_tonic_mean_nk_full_change_precond;eeg_tleft_halpha_mean_full_change_precond;eeg_c_theta_mean_full_change_precond"
2025-11-26 18:45:42.936337,24,"stress_label",5,128,0.1,0.58974358974359,0.66025641025641,NA,5,"top5","eeg_tleft_sampent_full_change_precond;pupil_dilation_sd_full_change_precond;gsr_skin_conductance_eda_tonic_mean_nk_full_change_precond;eeg_tleft_halpha_mean_full_change_precond;eeg_c_theta_mean_full_change_precond"
2025-11-26 18:45:44.331956,24,"stress_label",5,256,0.1,0.564102564102564,0.628205128205128,NA,5,"top5","eeg_tleft_sampent_full_change_precond;pupil_dilation_sd_full_change_precond;gsr_skin_conductance_eda_tonic_mean_nk_full_change_precond;eeg_tleft_halpha_mean_full_change_precond;eeg_c_theta_mean_full_change_precond"
2025-11-26 18:45:45.433509,25,"stress_label",20,2,0.0078125,0.557692307692308,0.58974358974359,0.515384615384615,20,"top20","eeg_tleft_sampent_full_change_precond;pupil_dilation_sd_full_change_precond;eeg_tleft_halpha_mean_full_change_precond;eeg_t_sampent_full_change_precond;eeg_c_theta_mean_full_change_precond;eeg_tleft_lalpha_mean_full_change_precond;eeg_fl_hbeta_mean_full_change_precond;gsr_skin_conductance_eda_tonic_mean_nk_full_change_precond;eeg_fr_sampent_full_change_precond;eeg_fm_theta_mean_full_change_precond;eeg_c_sampent_full_change_precond;eeg_fm_sampent_full_change_precond;hrv_rmssd_full_change_precond;eeg_pleft_lbeta_mean_full_change_precond;eeg_tleft_hbeta_mean_full_change_precond;eeg_tright_halpha_mean_full_change_precond;hr_heartrate_bpm_med_abs_full_change_precond;eeg_pleft_halpha_mean_full_change_precond;pupil_asymmetry_full_change_precond;eeg_fl_specent_full_change_precond"
2025-11-26 18:45:46.46841,25,"stress_label",20,4,0.0078125,0.57051282051282,0.608974358974359,0.55042735042735,20,"top20","eeg_tleft_sampent_full_change_precond;pupil_dilation_sd_full_change_precond;eeg_tleft_halpha_mean_full_change_precond;eeg_t_sampent_full_change_precond;eeg_c_theta_mean_full_change_precond;eeg_tleft_lalpha_mean_full_change_precond;eeg_fl_hbeta_mean_full_change_precond;gsr_skin_conductance_eda_tonic_mean_nk_full_change_precond;eeg_fr_sampent_full_change_precond;eeg_fm_theta_mean_full_change_precond;eeg_c_sampent_full_change_precond;eeg_fm_sampent_full_change_precond;hrv_rmssd_full_change_precond;eeg_pleft_lbeta_mean_full_change_precond;eeg_tleft_hbeta_mean_full_change_precond;eeg_tright_halpha_mean_full_change_precond;hr_heartrate_bpm_med_abs_full_change_precond;eeg_pleft_halpha_mean_full_change_precond;pupil_asymmetry_full_change_precond;eeg_fl_specent_full_change_precond"
2025-11-26 18:45:47.503167,25,"stress_label",20,8,0.0078125,0.544871794871795,0.602564102564103,0.535042735042735,20,"top20","eeg_tleft_sampent_full_change_precond;pupil_dilation_sd_full_change_precond;eeg_tleft_halpha_mean_full_change_precond;eeg_t_sampent_full_change_precond;eeg_c_theta_mean_full_change_precond;eeg_tleft_lalpha_mean_full_change_precond;eeg_fl_hbeta_mean_full_change_precond;gsr_skin_conductance_eda_tonic_mean_nk_full_change_precond;eeg_fr_sampent_full_change_precond;eeg_fm_theta_mean_full_change_precond;eeg_c_sampent_full_change_precond;eeg_fm_sampent_full_change_precond;hrv_rmssd_full_change_precond;eeg_pleft_lbeta_mean_full_change_precond;eeg_tleft_hbeta_mean_full_change_precond;eeg_tright_halpha_mean_full_change_precond;hr_heartrate_bpm_med_abs_full_change_precond;eeg_pleft_halpha_mean_full_change_precond;pupil_asymmetry_full_change_precond;eeg_fl_specent_full_change_precond"
2025-11-26 18:45:48.520051,25,"stress_label",20,16,0.0078125,0.557692307692308,0.608974358974359,0.541880341880342,20,"top20","eeg_tleft_sampent_full_change_precond;pupil_dilation_sd_full_change_precond;eeg_tleft_halpha_mean_full_change_precond;eeg_t_sampent_full_change_precond;eeg_c_theta_mean_full_change_precond;eeg_tleft_lalpha_mean_full_change_precond;eeg_fl_hbeta_mean_full_change_precond;gsr_skin_conductance_eda_tonic_mean_nk_full_change_precond;eeg_fr_sampent_full_change_precond;eeg_fm_theta_mean_full_change_precond;eeg_c_sampent_full_change_precond;eeg_fm_sampent_full_change_precond;hrv_rmssd_full_change_precond;eeg_pleft_lbeta_mean_full_change_precond;eeg_tleft_hbeta_mean_full_change_precond;eeg_tright_halpha_mean_full_change_precond;hr_heartrate_bpm_med_abs_full_change_precond;eeg_pleft_halpha_mean_full_change_precond;pupil_asymmetry_full_change_precond;eeg_fl_specent_full_change_precond"
2025-11-26 18:45:49.513621,25,"stress_label",20,32,0.0078125,0.544871794871795,0.602564102564103,0.517094017094017,20,"top20","eeg_tleft_sampent_full_change_precond;pupil_dilation_sd_full_change_precond;eeg_tleft_halpha_mean_full_change_precond;eeg_t_sampent_full_change_precond;eeg_c_theta_mean_full_change_precond;eeg_tleft_lalpha_mean_full_change_precond;eeg_fl_hbeta_mean_full_change_precond;gsr_skin_conductance_eda_tonic_mean_nk_full_change_precond;eeg_fr_sampent_full_change_precond;eeg_fm_theta_mean_full_change_precond;eeg_c_sampent_full_change_precond;eeg_fm_sampent_full_change_precond;hrv_rmssd_full_change_precond;eeg_pleft_lbeta_mean_full_change_precond;eeg_tleft_hbeta_mean_full_change_precond;eeg_tright_halpha_mean_full_change_precond;hr_heartrate_bpm_med_abs_full_change_precond;eeg_pleft_halpha_mean_full_change_precond;pupil_asymmetry_full_change_precond;eeg_fl_specent_full_change_precond"
2025-11-26 18:45:50.643046,25,"stress_label",20,64,0.0078125,0.525641025641026,0.519230769230769,0.491452991452991,20,"top20","eeg_tleft_sampent_full_change_precond;pupil_dilation_sd_full_change_precond;eeg_tleft_halpha_mean_full_change_precond;eeg_t_sampent_full_change_precond;eeg_c_theta_mean_full_change_precond;eeg_tleft_lalpha_mean_full_change_precond;eeg_fl_hbeta_mean_full_change_precond;gsr_skin_conductance_eda_tonic_mean_nk_full_change_precond;eeg_fr_sampent_full_change_precond;eeg_fm_theta_mean_full_change_precond;eeg_c_sampent_full_change_precond;eeg_fm_sampent_full_change_precond;hrv_rmssd_full_change_precond;eeg_pleft_lbeta_mean_full_change_precond;eeg_tleft_hbeta_mean_full_change_precond;eeg_tright_halpha_mean_full_change_precond;hr_heartrate_bpm_med_abs_full_change_precond;eeg_pleft_halpha_mean_full_change_precond;pupil_asymmetry_full_change_precond;eeg_fl_specent_full_change_precond"
2025-11-26 18:45:51.913559,25,"stress_label",20,128,0.0078125,0.544871794871795,0.544871794871795,NA,20,"top20","eeg_tleft_sampent_full_change_precond;pupil_dilation_sd_full_change_precond;eeg_tleft_halpha_mean_full_change_precond;eeg_t_sampent_full_change_precond;eeg_c_theta_mean_full_change_precond;eeg_tleft_lalpha_mean_full_change_precond;eeg_fl_hbeta_mean_full_change_precond;gsr_skin_conductance_eda_tonic_mean_nk_full_change_precond;eeg_fr_sampent_full_change_precond;eeg_fm_theta_mean_full_change_precond;eeg_c_sampent_full_change_precond;eeg_fm_sampent_full_change_precond;hrv_rmssd_full_change_precond;eeg_pleft_lbeta_mean_full_change_precond;eeg_tleft_hbeta_mean_full_change_precond;eeg_tright_halpha_mean_full_change_precond;hr_heartrate_bpm_med_abs_full_change_precond;eeg_pleft_halpha_mean_full_change_precond;pupil_asymmetry_full_change_precond;eeg_fl_specent_full_change_precond"
2025-11-26 18:45:53.439155,25,"stress_label",20,256,0.0078125,0.57051282051282,0.564102564102564,NA,20,"top20","eeg_tleft_sampent_full_change_precond;pupil_dilation_sd_full_change_precond;eeg_tleft_halpha_mean_full_change_precond;eeg_t_sampent_full_change_precond;eeg_c_theta_mean_full_change_precond;eeg_tleft_lalpha_mean_full_change_precond;eeg_fl_hbeta_mean_full_change_precond;gsr_skin_conductance_eda_tonic_mean_nk_full_change_precond;eeg_fr_sampent_full_change_precond;eeg_fm_theta_mean_full_change_precond;eeg_c_sampent_full_change_precond;eeg_fm_sampent_full_change_precond;hrv_rmssd_full_change_precond;eeg_pleft_lbeta_mean_full_change_precond;eeg_tleft_hbeta_mean_full_change_precond;eeg_tright_halpha_mean_full_change_precond;hr_heartrate_bpm_med_abs_full_change_precond;eeg_pleft_halpha_mean_full_change_precond;pupil_asymmetry_full_change_precond;eeg_fl_specent_full_change_precond"
2025-11-26 18:45:54.490465,25,"stress_label",20,2,0.015625,0.564102564102564,0.615384615384615,NA,20,"top20","eeg_tleft_sampent_full_change_precond;pupil_dilation_sd_full_change_precond;eeg_tleft_halpha_mean_full_change_precond;eeg_t_sampent_full_change_precond;eeg_c_theta_mean_full_change_precond;eeg_tleft_lalpha_mean_full_change_precond;eeg_fl_hbeta_mean_full_change_precond;gsr_skin_conductance_eda_tonic_mean_nk_full_change_precond;eeg_fr_sampent_full_change_precond;eeg_fm_theta_mean_full_change_precond;eeg_c_sampent_full_change_precond;eeg_fm_sampent_full_change_precond;hrv_rmssd_full_change_precond;eeg_pleft_lbeta_mean_full_change_precond;eeg_tleft_hbeta_mean_full_change_precond;eeg_tright_halpha_mean_full_change_precond;hr_heartrate_bpm_med_abs_full_change_precond;eeg_pleft_halpha_mean_full_change_precond;pupil_asymmetry_full_change_precond;eeg_fl_specent_full_change_precond"
2025-11-26 18:45:55.401904,25,"stress_label",20,4,0.015625,0.57051282051282,0.621794871794872,0.55042735042735,20,"top20","eeg_tleft_sampent_full_change_precond;pupil_dilation_sd_full_change_precond;eeg_tleft_halpha_mean_full_change_precond;eeg_t_sampent_full_change_precond;eeg_c_theta_mean_full_change_precond;eeg_tleft_lalpha_mean_full_change_precond;eeg_fl_hbeta_mean_full_change_precond;gsr_skin_conductance_eda_tonic_mean_nk_full_change_precond;eeg_fr_sampent_full_change_precond;eeg_fm_theta_mean_full_change_precond;eeg_c_sampent_full_change_precond;eeg_fm_sampent_full_change_precond;hrv_rmssd_full_change_precond;eeg_pleft_lbeta_mean_full_change_precond;eeg_tleft_hbeta_mean_full_change_precond;eeg_tright_halpha_mean_full_change_precond;hr_heartrate_bpm_med_abs_full_change_precond;eeg_pleft_halpha_mean_full_change_precond;pupil_asymmetry_full_change_precond;eeg_fl_specent_full_change_precond"
2025-11-26 18:45:56.432756,25,"stress_label",20,8,0.015625,0.564102564102564,0.58974358974359,0.542735042735043,20,"top20","eeg_tleft_sampent_full_change_precond;pupil_dilation_sd_full_change_precond;eeg_tleft_halpha_mean_full_change_precond;eeg_t_sampent_full_change_precond;eeg_c_theta_mean_full_change_precond;eeg_tleft_lalpha_mean_full_change_precond;eeg_fl_hbeta_mean_full_change_precond;gsr_skin_conductance_eda_tonic_mean_nk_full_change_precond;eeg_fr_sampent_full_change_precond;eeg_fm_theta_mean_full_change_precond;eeg_c_sampent_full_change_precond;eeg_fm_sampent_full_change_precond;hrv_rmssd_full_change_precond;eeg_pleft_lbeta_mean_full_change_precond;eeg_tleft_hbeta_mean_full_change_precond;eeg_tright_halpha_mean_full_change_precond;hr_heartrate_bpm_med_abs_full_change_precond;eeg_pleft_halpha_mean_full_change_precond;pupil_asymmetry_full_change_precond;eeg_fl_specent_full_change_precond"
2025-11-26 18:45:57.456162,25,"stress_label",20,16,0.015625,0.538461538461538,0.551282051282051,0.507692307692308,20,"top20","eeg_tleft_sampent_full_change_precond;pupil_dilation_sd_full_change_precond;eeg_tleft_halpha_mean_full_change_precond;eeg_t_sampent_full_change_precond;eeg_c_theta_mean_full_change_precond;eeg_tleft_lalpha_mean_full_change_precond;eeg_fl_hbeta_mean_full_change_precond;gsr_skin_conductance_eda_tonic_mean_nk_full_change_precond;eeg_fr_sampent_full_change_precond;eeg_fm_theta_mean_full_change_precond;eeg_c_sampent_full_change_precond;eeg_fm_sampent_full_change_precond;hrv_rmssd_full_change_precond;eeg_pleft_lbeta_mean_full_change_precond;eeg_tleft_hbeta_mean_full_change_precond;eeg_tright_halpha_mean_full_change_precond;hr_heartrate_bpm_med_abs_full_change_precond;eeg_pleft_halpha_mean_full_change_precond;pupil_asymmetry_full_change_precond;eeg_fl_specent_full_change_precond"
2025-11-26 18:45:58.570168,25,"stress_label",20,32,0.015625,0.544871794871795,0.532051282051282,NA,20,"top20","eeg_tleft_sampent_full_change_precond;pupil_dilation_sd_full_change_precond;eeg_tleft_halpha_mean_full_change_precond;eeg_t_sampent_full_change_precond;eeg_c_theta_mean_full_change_precond;eeg_tleft_lalpha_mean_full_change_precond;eeg_fl_hbeta_mean_full_change_precond;gsr_skin_conductance_eda_tonic_mean_nk_full_change_precond;eeg_fr_sampent_full_change_precond;eeg_fm_theta_mean_full_change_precond;eeg_c_sampent_full_change_precond;eeg_fm_sampent_full_change_precond;hrv_rmssd_full_change_precond;eeg_pleft_lbeta_mean_full_change_precond;eeg_tleft_hbeta_mean_full_change_precond;eeg_tright_halpha_mean_full_change_precond;hr_heartrate_bpm_med_abs_full_change_precond;eeg_pleft_halpha_mean_full_change_precond;pupil_asymmetry_full_change_precond;eeg_fl_specent_full_change_precond"
2025-11-26 18:45:59.822023,25,"stress_label",20,64,0.015625,0.583333333333333,0.58974358974359,NA,20,"top20","eeg_tleft_sampent_full_change_precond;pupil_dilation_sd_full_change_precond;eeg_tleft_halpha_mean_full_change_precond;eeg_t_sampent_full_change_precond;eeg_c_theta_mean_full_change_precond;eeg_tleft_lalpha_mean_full_change_precond;eeg_fl_hbeta_mean_full_change_precond;gsr_skin_conductance_eda_tonic_mean_nk_full_change_precond;eeg_fr_sampent_full_change_precond;eeg_fm_theta_mean_full_change_precond;eeg_c_sampent_full_change_precond;eeg_fm_sampent_full_change_precond;hrv_rmssd_full_change_precond;eeg_pleft_lbeta_mean_full_change_precond;eeg_tleft_hbeta_mean_full_change_precond;eeg_tright_halpha_mean_full_change_precond;hr_heartrate_bpm_med_abs_full_change_precond;eeg_pleft_halpha_mean_full_change_precond;pupil_asymmetry_full_change_precond;eeg_fl_specent_full_change_precond"
2025-11-26 18:46:01.184268,25,"stress_label",20,128,0.015625,0.583333333333333,0.583333333333333,NA,20,"top20","eeg_tleft_sampent_full_change_precond;pupil_dilation_sd_full_change_precond;eeg_tleft_halpha_mean_full_change_precond;eeg_t_sampent_full_change_precond;eeg_c_theta_mean_full_change_precond;eeg_tleft_lalpha_mean_full_change_precond;eeg_fl_hbeta_mean_full_change_precond;gsr_skin_conductance_eda_tonic_mean_nk_full_change_precond;eeg_fr_sampent_full_change_precond;eeg_fm_theta_mean_full_change_precond;eeg_c_sampent_full_change_precond;eeg_fm_sampent_full_change_precond;hrv_rmssd_full_change_precond;eeg_pleft_lbeta_mean_full_change_precond;eeg_tleft_hbeta_mean_full_change_precond;eeg_tright_halpha_mean_full_change_precond;hr_heartrate_bpm_med_abs_full_change_precond;eeg_pleft_halpha_mean_full_change_precond;pupil_asymmetry_full_change_precond;eeg_fl_specent_full_change_precond"
2025-11-26 18:46:02.582756,25,"stress_label",20,256,0.015625,0.596153846153846,0.576923076923077,NA,20,"top20","eeg_tleft_sampent_full_change_precond;pupil_dilation_sd_full_change_precond;eeg_tleft_halpha_mean_full_change_precond;eeg_t_sampent_full_change_precond;eeg_c_theta_mean_full_change_precond;eeg_tleft_lalpha_mean_full_change_precond;eeg_fl_hbeta_mean_full_change_precond;gsr_skin_conductance_eda_tonic_mean_nk_full_change_precond;eeg_fr_sampent_full_change_precond;eeg_fm_theta_mean_full_change_precond;eeg_c_sampent_full_change_precond;eeg_fm_sampent_full_change_precond;hrv_rmssd_full_change_precond;eeg_pleft_lbeta_mean_full_change_precond;eeg_tleft_hbeta_mean_full_change_precond;eeg_tright_halpha_mean_full_change_precond;hr_heartrate_bpm_med_abs_full_change_precond;eeg_pleft_halpha_mean_full_change_precond;pupil_asymmetry_full_change_precond;eeg_fl_specent_full_change_precond"
2025-11-26 18:46:03.56324,25,"stress_label",20,2,0.03125,0.57051282051282,0.596153846153846,0.542735042735043,20,"top20","eeg_tleft_sampent_full_change_precond;pupil_dilation_sd_full_change_precond;eeg_tleft_halpha_mean_full_change_precond;eeg_t_sampent_full_change_precond;eeg_c_theta_mean_full_change_precond;eeg_tleft_lalpha_mean_full_change_precond;eeg_fl_hbeta_mean_full_change_precond;gsr_skin_conductance_eda_tonic_mean_nk_full_change_precond;eeg_fr_sampent_full_change_precond;eeg_fm_theta_mean_full_change_precond;eeg_c_sampent_full_change_precond;eeg_fm_sampent_full_change_precond;hrv_rmssd_full_change_precond;eeg_pleft_lbeta_mean_full_change_precond;eeg_tleft_hbeta_mean_full_change_precond;eeg_tright_halpha_mean_full_change_precond;hr_heartrate_bpm_med_abs_full_change_precond;eeg_pleft_halpha_mean_full_change_precond;pupil_asymmetry_full_change_precond;eeg_fl_specent_full_change_precond"
2025-11-26 18:46:04.84231,25,"stress_label",20,4,0.03125,0.583333333333333,0.583333333333333,0.558119658119658,20,"top20","eeg_tleft_sampent_full_change_precond;pupil_dilation_sd_full_change_precond;eeg_tleft_halpha_mean_full_change_precond;eeg_t_sampent_full_change_precond;eeg_c_theta_mean_full_change_precond;eeg_tleft_lalpha_mean_full_change_precond;eeg_fl_hbeta_mean_full_change_precond;gsr_skin_conductance_eda_tonic_mean_nk_full_change_precond;eeg_fr_sampent_full_change_precond;eeg_fm_theta_mean_full_change_precond;eeg_c_sampent_full_change_precond;eeg_fm_sampent_full_change_precond;hrv_rmssd_full_change_precond;eeg_pleft_lbeta_mean_full_change_precond;eeg_tleft_hbeta_mean_full_change_precond;eeg_tright_halpha_mean_full_change_precond;hr_heartrate_bpm_med_abs_full_change_precond;eeg_pleft_halpha_mean_full_change_precond;pupil_asymmetry_full_change_precond;eeg_fl_specent_full_change_precond"
2025-11-26 18:46:05.950829,25,"stress_label",20,8,0.03125,0.557692307692308,0.544871794871795,NA,20,"top20","eeg_tleft_sampent_full_change_precond;pupil_dilation_sd_full_change_precond;eeg_tleft_halpha_mean_full_change_precond;eeg_t_sampent_full_change_precond;eeg_c_theta_mean_full_change_precond;eeg_tleft_lalpha_mean_full_change_precond;eeg_fl_hbeta_mean_full_change_precond;gsr_skin_conductance_eda_tonic_mean_nk_full_change_precond;eeg_fr_sampent_full_change_precond;eeg_fm_theta_mean_full_change_precond;eeg_c_sampent_full_change_precond;eeg_fm_sampent_full_change_precond;hrv_rmssd_full_change_precond;eeg_pleft_lbeta_mean_full_change_precond;eeg_tleft_hbeta_mean_full_change_precond;eeg_tright_halpha_mean_full_change_precond;hr_heartrate_bpm_med_abs_full_change_precond;eeg_pleft_halpha_mean_full_change_precond;pupil_asymmetry_full_change_precond;eeg_fl_specent_full_change_precond"
2025-11-26 18:46:07.055198,25,"stress_label",20,16,0.03125,0.583333333333333,0.583333333333333,NA,20,"top20","eeg_tleft_sampent_full_change_precond;pupil_dilation_sd_full_change_precond;eeg_tleft_halpha_mean_full_change_precond;eeg_t_sampent_full_change_precond;eeg_c_theta_mean_full_change_precond;eeg_tleft_lalpha_mean_full_change_precond;eeg_fl_hbeta_mean_full_change_precond;gsr_skin_conductance_eda_tonic_mean_nk_full_change_precond;eeg_fr_sampent_full_change_precond;eeg_fm_theta_mean_full_change_precond;eeg_c_sampent_full_change_precond;eeg_fm_sampent_full_change_precond;hrv_rmssd_full_change_precond;eeg_pleft_lbeta_mean_full_change_precond;eeg_tleft_hbeta_mean_full_change_precond;eeg_tright_halpha_mean_full_change_precond;hr_heartrate_bpm_med_abs_full_change_precond;eeg_pleft_halpha_mean_full_change_precond;pupil_asymmetry_full_change_precond;eeg_fl_specent_full_change_precond"
2025-11-26 18:46:08.213863,25,"stress_label",20,32,0.03125,0.583333333333333,0.602564102564103,NA,20,"top20","eeg_tleft_sampent_full_change_precond;pupil_dilation_sd_full_change_precond;eeg_tleft_halpha_mean_full_change_precond;eeg_t_sampent_full_change_precond;eeg_c_theta_mean_full_change_precond;eeg_tleft_lalpha_mean_full_change_precond;eeg_fl_hbeta_mean_full_change_precond;gsr_skin_conductance_eda_tonic_mean_nk_full_change_precond;eeg_fr_sampent_full_change_precond;eeg_fm_theta_mean_full_change_precond;eeg_c_sampent_full_change_precond;eeg_fm_sampent_full_change_precond;hrv_rmssd_full_change_precond;eeg_pleft_lbeta_mean_full_change_precond;eeg_tleft_hbeta_mean_full_change_precond;eeg_tright_halpha_mean_full_change_precond;hr_heartrate_bpm_med_abs_full_change_precond;eeg_pleft_halpha_mean_full_change_precond;pupil_asymmetry_full_change_precond;eeg_fl_specent_full_change_precond"
2025-11-26 18:46:09.400308,25,"stress_label",20,64,0.03125,0.602564102564103,0.583333333333333,NA,20,"top20","eeg_tleft_sampent_full_change_precond;pupil_dilation_sd_full_change_precond;eeg_tleft_halpha_mean_full_change_precond;eeg_t_sampent_full_change_precond;eeg_c_theta_mean_full_change_precond;eeg_tleft_lalpha_mean_full_change_precond;eeg_fl_hbeta_mean_full_change_precond;gsr_skin_conductance_eda_tonic_mean_nk_full_change_precond;eeg_fr_sampent_full_change_precond;eeg_fm_theta_mean_full_change_precond;eeg_c_sampent_full_change_precond;eeg_fm_sampent_full_change_precond;hrv_rmssd_full_change_precond;eeg_pleft_lbeta_mean_full_change_precond;eeg_tleft_hbeta_mean_full_change_precond;eeg_tright_halpha_mean_full_change_precond;hr_heartrate_bpm_med_abs_full_change_precond;eeg_pleft_halpha_mean_full_change_precond;pupil_asymmetry_full_change_precond;eeg_fl_specent_full_change_precond"
2025-11-26 18:46:10.492485,25,"stress_label",20,128,0.03125,0.602564102564103,0.583333333333333,NA,20,"top20","eeg_tleft_sampent_full_change_precond;pupil_dilation_sd_full_change_precond;eeg_tleft_halpha_mean_full_change_precond;eeg_t_sampent_full_change_precond;eeg_c_theta_mean_full_change_precond;eeg_tleft_lalpha_mean_full_change_precond;eeg_fl_hbeta_mean_full_change_precond;gsr_skin_conductance_eda_tonic_mean_nk_full_change_precond;eeg_fr_sampent_full_change_precond;eeg_fm_theta_mean_full_change_precond;eeg_c_sampent_full_change_precond;eeg_fm_sampent_full_change_precond;hrv_rmssd_full_change_precond;eeg_pleft_lbeta_mean_full_change_precond;eeg_tleft_hbeta_mean_full_change_precond;eeg_tright_halpha_mean_full_change_precond;hr_heartrate_bpm_med_abs_full_change_precond;eeg_pleft_halpha_mean_full_change_precond;pupil_asymmetry_full_change_precond;eeg_fl_specent_full_change_precond"
2025-11-26 18:46:11.692537,25,"stress_label",20,256,0.03125,0.602564102564103,0.583333333333333,NA,20,"top20","eeg_tleft_sampent_full_change_precond;pupil_dilation_sd_full_change_precond;eeg_tleft_halpha_mean_full_change_precond;eeg_t_sampent_full_change_precond;eeg_c_theta_mean_full_change_precond;eeg_tleft_lalpha_mean_full_change_precond;eeg_fl_hbeta_mean_full_change_precond;gsr_skin_conductance_eda_tonic_mean_nk_full_change_precond;eeg_fr_sampent_full_change_precond;eeg_fm_theta_mean_full_change_precond;eeg_c_sampent_full_change_precond;eeg_fm_sampent_full_change_precond;hrv_rmssd_full_change_precond;eeg_pleft_lbeta_mean_full_change_precond;eeg_tleft_hbeta_mean_full_change_precond;eeg_tright_halpha_mean_full_change_precond;hr_heartrate_bpm_med_abs_full_change_precond;eeg_pleft_halpha_mean_full_change_precond;pupil_asymmetry_full_change_precond;eeg_fl_specent_full_change_precond"
2025-11-26 18:46:12.770012,25,"stress_label",20,2,0.0625,0.608974358974359,0.602564102564103,NA,20,"top20","eeg_tleft_sampent_full_change_precond;pupil_dilation_sd_full_change_precond;eeg_tleft_halpha_mean_full_change_precond;eeg_t_sampent_full_change_precond;eeg_c_theta_mean_full_change_precond;eeg_tleft_lalpha_mean_full_change_precond;eeg_fl_hbeta_mean_full_change_precond;gsr_skin_conductance_eda_tonic_mean_nk_full_change_precond;eeg_fr_sampent_full_change_precond;eeg_fm_theta_mean_full_change_precond;eeg_c_sampent_full_change_precond;eeg_fm_sampent_full_change_precond;hrv_rmssd_full_change_precond;eeg_pleft_lbeta_mean_full_change_precond;eeg_tleft_hbeta_mean_full_change_precond;eeg_tright_halpha_mean_full_change_precond;hr_heartrate_bpm_med_abs_full_change_precond;eeg_pleft_halpha_mean_full_change_precond;pupil_asymmetry_full_change_precond;eeg_fl_specent_full_change_precond"
2025-11-26 18:46:13.857274,25,"stress_label",20,4,0.0625,0.57051282051282,0.602564102564103,NA,20,"top20","eeg_tleft_sampent_full_change_precond;pupil_dilation_sd_full_change_precond;eeg_tleft_halpha_mean_full_change_precond;eeg_t_sampent_full_change_precond;eeg_c_theta_mean_full_change_precond;eeg_tleft_lalpha_mean_full_change_precond;eeg_fl_hbeta_mean_full_change_precond;gsr_skin_conductance_eda_tonic_mean_nk_full_change_precond;eeg_fr_sampent_full_change_precond;eeg_fm_theta_mean_full_change_precond;eeg_c_sampent_full_change_precond;eeg_fm_sampent_full_change_precond;hrv_rmssd_full_change_precond;eeg_pleft_lbeta_mean_full_change_precond;eeg_tleft_hbeta_mean_full_change_precond;eeg_tright_halpha_mean_full_change_precond;hr_heartrate_bpm_med_abs_full_change_precond;eeg_pleft_halpha_mean_full_change_precond;pupil_asymmetry_full_change_precond;eeg_fl_specent_full_change_precond"
2025-11-26 18:46:14.988089,25,"stress_label",20,8,0.0625,0.615384615384615,0.602564102564103,NA,20,"top20","eeg_tleft_sampent_full_change_precond;pupil_dilation_sd_full_change_precond;eeg_tleft_halpha_mean_full_change_precond;eeg_t_sampent_full_change_precond;eeg_c_theta_mean_full_change_precond;eeg_tleft_lalpha_mean_full_change_precond;eeg_fl_hbeta_mean_full_change_precond;gsr_skin_conductance_eda_tonic_mean_nk_full_change_precond;eeg_fr_sampent_full_change_precond;eeg_fm_theta_mean_full_change_precond;eeg_c_sampent_full_change_precond;eeg_fm_sampent_full_change_precond;hrv_rmssd_full_change_precond;eeg_pleft_lbeta_mean_full_change_precond;eeg_tleft_hbeta_mean_full_change_precond;eeg_tright_halpha_mean_full_change_precond;hr_heartrate_bpm_med_abs_full_change_precond;eeg_pleft_halpha_mean_full_change_precond;pupil_asymmetry_full_change_precond;eeg_fl_specent_full_change_precond"
2025-11-26 18:46:16.091677,25,"stress_label",20,16,0.0625,0.602564102564103,0.583333333333333,NA,20,"top20","eeg_tleft_sampent_full_change_precond;pupil_dilation_sd_full_change_precond;eeg_tleft_halpha_mean_full_change_precond;eeg_t_sampent_full_change_precond;eeg_c_theta_mean_full_change_precond;eeg_tleft_lalpha_mean_full_change_precond;eeg_fl_hbeta_mean_full_change_precond;gsr_skin_conductance_eda_tonic_mean_nk_full_change_precond;eeg_fr_sampent_full_change_precond;eeg_fm_theta_mean_full_change_precond;eeg_c_sampent_full_change_precond;eeg_fm_sampent_full_change_precond;hrv_rmssd_full_change_precond;eeg_pleft_lbeta_mean_full_change_precond;eeg_tleft_hbeta_mean_full_change_precond;eeg_tright_halpha_mean_full_change_precond;hr_heartrate_bpm_med_abs_full_change_precond;eeg_pleft_halpha_mean_full_change_precond;pupil_asymmetry_full_change_precond;eeg_fl_specent_full_change_precond"
2025-11-26 18:46:17.286626,25,"stress_label",20,32,0.0625,0.602564102564103,0.583333333333333,NA,20,"top20","eeg_tleft_sampent_full_change_precond;pupil_dilation_sd_full_change_precond;eeg_tleft_halpha_mean_full_change_precond;eeg_t_sampent_full_change_precond;eeg_c_theta_mean_full_change_precond;eeg_tleft_lalpha_mean_full_change_precond;eeg_fl_hbeta_mean_full_change_precond;gsr_skin_conductance_eda_tonic_mean_nk_full_change_precond;eeg_fr_sampent_full_change_precond;eeg_fm_theta_mean_full_change_precond;eeg_c_sampent_full_change_precond;eeg_fm_sampent_full_change_precond;hrv_rmssd_full_change_precond;eeg_pleft_lbeta_mean_full_change_precond;eeg_tleft_hbeta_mean_full_change_precond;eeg_tright_halpha_mean_full_change_precond;hr_heartrate_bpm_med_abs_full_change_precond;eeg_pleft_halpha_mean_full_change_precond;pupil_asymmetry_full_change_precond;eeg_fl_specent_full_change_precond"
2025-11-26 18:46:18.387427,25,"stress_label",20,64,0.0625,0.602564102564103,0.583333333333333,NA,20,"top20","eeg_tleft_sampent_full_change_precond;pupil_dilation_sd_full_change_precond;eeg_tleft_halpha_mean_full_change_precond;eeg_t_sampent_full_change_precond;eeg_c_theta_mean_full_change_precond;eeg_tleft_lalpha_mean_full_change_precond;eeg_fl_hbeta_mean_full_change_precond;gsr_skin_conductance_eda_tonic_mean_nk_full_change_precond;eeg_fr_sampent_full_change_precond;eeg_fm_theta_mean_full_change_precond;eeg_c_sampent_full_change_precond;eeg_fm_sampent_full_change_precond;hrv_rmssd_full_change_precond;eeg_pleft_lbeta_mean_full_change_precond;eeg_tleft_hbeta_mean_full_change_precond;eeg_tright_halpha_mean_full_change_precond;hr_heartrate_bpm_med_abs_full_change_precond;eeg_pleft_halpha_mean_full_change_precond;pupil_asymmetry_full_change_precond;eeg_fl_specent_full_change_precond"
2025-11-26 18:46:19.229713,25,"stress_label",20,128,0.0625,0.602564102564103,0.583333333333333,NA,20,"top20","eeg_tleft_sampent_full_change_precond;pupil_dilation_sd_full_change_precond;eeg_tleft_halpha_mean_full_change_precond;eeg_t_sampent_full_change_precond;eeg_c_theta_mean_full_change_precond;eeg_tleft_lalpha_mean_full_change_precond;eeg_fl_hbeta_mean_full_change_precond;gsr_skin_conductance_eda_tonic_mean_nk_full_change_precond;eeg_fr_sampent_full_change_precond;eeg_fm_theta_mean_full_change_precond;eeg_c_sampent_full_change_precond;eeg_fm_sampent_full_change_precond;hrv_rmssd_full_change_precond;eeg_pleft_lbeta_mean_full_change_precond;eeg_tleft_hbeta_mean_full_change_precond;eeg_tright_halpha_mean_full_change_precond;hr_heartrate_bpm_med_abs_full_change_precond;eeg_pleft_halpha_mean_full_change_precond;pupil_asymmetry_full_change_precond;eeg_fl_specent_full_change_precond"
2025-11-26 18:46:20.367213,25,"stress_label",20,256,0.0625,0.602564102564103,0.583333333333333,NA,20,"top20","eeg_tleft_sampent_full_change_precond;pupil_dilation_sd_full_change_precond;eeg_tleft_halpha_mean_full_change_precond;eeg_t_sampent_full_change_precond;eeg_c_theta_mean_full_change_precond;eeg_tleft_lalpha_mean_full_change_precond;eeg_fl_hbeta_mean_full_change_precond;gsr_skin_conductance_eda_tonic_mean_nk_full_change_precond;eeg_fr_sampent_full_change_precond;eeg_fm_theta_mean_full_change_precond;eeg_c_sampent_full_change_precond;eeg_fm_sampent_full_change_precond;hrv_rmssd_full_change_precond;eeg_pleft_lbeta_mean_full_change_precond;eeg_tleft_hbeta_mean_full_change_precond;eeg_tright_halpha_mean_full_change_precond;hr_heartrate_bpm_med_abs_full_change_precond;eeg_pleft_halpha_mean_full_change_precond;pupil_asymmetry_full_change_precond;eeg_fl_specent_full_change_precond"
2025-11-26 18:46:21.485509,25,"stress_label",20,2,0.125,0.576923076923077,0.628205128205128,NA,20,"top20","eeg_tleft_sampent_full_change_precond;pupil_dilation_sd_full_change_precond;eeg_tleft_halpha_mean_full_change_precond;eeg_t_sampent_full_change_precond;eeg_c_theta_mean_full_change_precond;eeg_tleft_lalpha_mean_full_change_precond;eeg_fl_hbeta_mean_full_change_precond;gsr_skin_conductance_eda_tonic_mean_nk_full_change_precond;eeg_fr_sampent_full_change_precond;eeg_fm_theta_mean_full_change_precond;eeg_c_sampent_full_change_precond;eeg_fm_sampent_full_change_precond;hrv_rmssd_full_change_precond;eeg_pleft_lbeta_mean_full_change_precond;eeg_tleft_hbeta_mean_full_change_precond;eeg_tright_halpha_mean_full_change_precond;hr_heartrate_bpm_med_abs_full_change_precond;eeg_pleft_halpha_mean_full_change_precond;pupil_asymmetry_full_change_precond;eeg_fl_specent_full_change_precond"
2025-11-26 18:46:22.621209,25,"stress_label",20,4,0.125,0.596153846153846,0.621794871794872,NA,20,"top20","eeg_tleft_sampent_full_change_precond;pupil_dilation_sd_full_change_precond;eeg_tleft_halpha_mean_full_change_precond;eeg_t_sampent_full_change_precond;eeg_c_theta_mean_full_change_precond;eeg_tleft_lalpha_mean_full_change_precond;eeg_fl_hbeta_mean_full_change_precond;gsr_skin_conductance_eda_tonic_mean_nk_full_change_precond;eeg_fr_sampent_full_change_precond;eeg_fm_theta_mean_full_change_precond;eeg_c_sampent_full_change_precond;eeg_fm_sampent_full_change_precond;hrv_rmssd_full_change_precond;eeg_pleft_lbeta_mean_full_change_precond;eeg_tleft_hbeta_mean_full_change_precond;eeg_tright_halpha_mean_full_change_precond;hr_heartrate_bpm_med_abs_full_change_precond;eeg_pleft_halpha_mean_full_change_precond;pupil_asymmetry_full_change_precond;eeg_fl_specent_full_change_precond"
2025-11-26 18:46:23.745011,25,"stress_label",20,8,0.125,0.596153846153846,0.621794871794872,NA,20,"top20","eeg_tleft_sampent_full_change_precond;pupil_dilation_sd_full_change_precond;eeg_tleft_halpha_mean_full_change_precond;eeg_t_sampent_full_change_precond;eeg_c_theta_mean_full_change_precond;eeg_tleft_lalpha_mean_full_change_precond;eeg_fl_hbeta_mean_full_change_precond;gsr_skin_conductance_eda_tonic_mean_nk_full_change_precond;eeg_fr_sampent_full_change_precond;eeg_fm_theta_mean_full_change_precond;eeg_c_sampent_full_change_precond;eeg_fm_sampent_full_change_precond;hrv_rmssd_full_change_precond;eeg_pleft_lbeta_mean_full_change_precond;eeg_tleft_hbeta_mean_full_change_precond;eeg_tright_halpha_mean_full_change_precond;hr_heartrate_bpm_med_abs_full_change_precond;eeg_pleft_halpha_mean_full_change_precond;pupil_asymmetry_full_change_precond;eeg_fl_specent_full_change_precond"
2025-11-26 18:46:24.741251,25,"stress_label",20,16,0.125,0.596153846153846,0.621794871794872,NA,20,"top20","eeg_tleft_sampent_full_change_precond;pupil_dilation_sd_full_change_precond;eeg_tleft_halpha_mean_full_change_precond;eeg_t_sampent_full_change_precond;eeg_c_theta_mean_full_change_precond;eeg_tleft_lalpha_mean_full_change_precond;eeg_fl_hbeta_mean_full_change_precond;gsr_skin_conductance_eda_tonic_mean_nk_full_change_precond;eeg_fr_sampent_full_change_precond;eeg_fm_theta_mean_full_change_precond;eeg_c_sampent_full_change_precond;eeg_fm_sampent_full_change_precond;hrv_rmssd_full_change_precond;eeg_pleft_lbeta_mean_full_change_precond;eeg_tleft_hbeta_mean_full_change_precond;eeg_tright_halpha_mean_full_change_precond;hr_heartrate_bpm_med_abs_full_change_precond;eeg_pleft_halpha_mean_full_change_precond;pupil_asymmetry_full_change_precond;eeg_fl_specent_full_change_precond"
2025-11-26 18:46:25.721594,25,"stress_label",20,32,0.125,0.596153846153846,0.621794871794872,NA,20,"top20","eeg_tleft_sampent_full_change_precond;pupil_dilation_sd_full_change_precond;eeg_tleft_halpha_mean_full_change_precond;eeg_t_sampent_full_change_precond;eeg_c_theta_mean_full_change_precond;eeg_tleft_lalpha_mean_full_change_precond;eeg_fl_hbeta_mean_full_change_precond;gsr_skin_conductance_eda_tonic_mean_nk_full_change_precond;eeg_fr_sampent_full_change_precond;eeg_fm_theta_mean_full_change_precond;eeg_c_sampent_full_change_precond;eeg_fm_sampent_full_change_precond;hrv_rmssd_full_change_precond;eeg_pleft_lbeta_mean_full_change_precond;eeg_tleft_hbeta_mean_full_change_precond;eeg_tright_halpha_mean_full_change_precond;hr_heartrate_bpm_med_abs_full_change_precond;eeg_pleft_halpha_mean_full_change_precond;pupil_asymmetry_full_change_precond;eeg_fl_specent_full_change_precond"
2025-11-26 18:46:26.764166,25,"stress_label",20,64,0.125,0.596153846153846,0.621794871794872,NA,20,"top20","eeg_tleft_sampent_full_change_precond;pupil_dilation_sd_full_change_precond;eeg_tleft_halpha_mean_full_change_precond;eeg_t_sampent_full_change_precond;eeg_c_theta_mean_full_change_precond;eeg_tleft_lalpha_mean_full_change_precond;eeg_fl_hbeta_mean_full_change_precond;gsr_skin_conductance_eda_tonic_mean_nk_full_change_precond;eeg_fr_sampent_full_change_precond;eeg_fm_theta_mean_full_change_precond;eeg_c_sampent_full_change_precond;eeg_fm_sampent_full_change_precond;hrv_rmssd_full_change_precond;eeg_pleft_lbeta_mean_full_change_precond;eeg_tleft_hbeta_mean_full_change_precond;eeg_tright_halpha_mean_full_change_precond;hr_heartrate_bpm_med_abs_full_change_precond;eeg_pleft_halpha_mean_full_change_precond;pupil_asymmetry_full_change_precond;eeg_fl_specent_full_change_precond"
2025-11-26 18:46:27.82972,25,"stress_label",20,128,0.125,0.596153846153846,0.621794871794872,NA,20,"top20","eeg_tleft_sampent_full_change_precond;pupil_dilation_sd_full_change_precond;eeg_tleft_halpha_mean_full_change_precond;eeg_t_sampent_full_change_precond;eeg_c_theta_mean_full_change_precond;eeg_tleft_lalpha_mean_full_change_precond;eeg_fl_hbeta_mean_full_change_precond;gsr_skin_conductance_eda_tonic_mean_nk_full_change_precond;eeg_fr_sampent_full_change_precond;eeg_fm_theta_mean_full_change_precond;eeg_c_sampent_full_change_precond;eeg_fm_sampent_full_change_precond;hrv_rmssd_full_change_precond;eeg_pleft_lbeta_mean_full_change_precond;eeg_tleft_hbeta_mean_full_change_precond;eeg_tright_halpha_mean_full_change_precond;hr_heartrate_bpm_med_abs_full_change_precond;eeg_pleft_halpha_mean_full_change_precond;pupil_asymmetry_full_change_precond;eeg_fl_specent_full_change_precond"
2025-11-26 18:46:28.944669,25,"stress_label",20,256,0.125,0.596153846153846,0.621794871794872,NA,20,"top20","eeg_tleft_sampent_full_change_precond;pupil_dilation_sd_full_change_precond;eeg_tleft_halpha_mean_full_change_precond;eeg_t_sampent_full_change_precond;eeg_c_theta_mean_full_change_precond;eeg_tleft_lalpha_mean_full_change_precond;eeg_fl_hbeta_mean_full_change_precond;gsr_skin_conductance_eda_tonic_mean_nk_full_change_precond;eeg_fr_sampent_full_change_precond;eeg_fm_theta_mean_full_change_precond;eeg_c_sampent_full_change_precond;eeg_fm_sampent_full_change_precond;hrv_rmssd_full_change_precond;eeg_pleft_lbeta_mean_full_change_precond;eeg_tleft_hbeta_mean_full_change_precond;eeg_tright_halpha_mean_full_change_precond;hr_heartrate_bpm_med_abs_full_change_precond;eeg_pleft_halpha_mean_full_change_precond;pupil_asymmetry_full_change_precond;eeg_fl_specent_full_change_precond"
2025-11-26 18:46:29.895414,25,"stress_label",20,2,0.03,0.564102564102564,0.596153846153846,0.535042735042735,20,"top20","eeg_tleft_sampent_full_change_precond;pupil_dilation_sd_full_change_precond;eeg_tleft_halpha_mean_full_change_precond;eeg_t_sampent_full_change_precond;eeg_c_theta_mean_full_change_precond;eeg_tleft_lalpha_mean_full_change_precond;eeg_fl_hbeta_mean_full_change_precond;gsr_skin_conductance_eda_tonic_mean_nk_full_change_precond;eeg_fr_sampent_full_change_precond;eeg_fm_theta_mean_full_change_precond;eeg_c_sampent_full_change_precond;eeg_fm_sampent_full_change_precond;hrv_rmssd_full_change_precond;eeg_pleft_lbeta_mean_full_change_precond;eeg_tleft_hbeta_mean_full_change_precond;eeg_tright_halpha_mean_full_change_precond;hr_heartrate_bpm_med_abs_full_change_precond;eeg_pleft_halpha_mean_full_change_precond;pupil_asymmetry_full_change_precond;eeg_fl_specent_full_change_precond"
2025-11-26 18:46:30.718324,25,"stress_label",20,4,0.03,0.583333333333333,0.58974358974359,0.558119658119658,20,"top20","eeg_tleft_sampent_full_change_precond;pupil_dilation_sd_full_change_precond;eeg_tleft_halpha_mean_full_change_precond;eeg_t_sampent_full_change_precond;eeg_c_theta_mean_full_change_precond;eeg_tleft_lalpha_mean_full_change_precond;eeg_fl_hbeta_mean_full_change_precond;gsr_skin_conductance_eda_tonic_mean_nk_full_change_precond;eeg_fr_sampent_full_change_precond;eeg_fm_theta_mean_full_change_precond;eeg_c_sampent_full_change_precond;eeg_fm_sampent_full_change_precond;hrv_rmssd_full_change_precond;eeg_pleft_lbeta_mean_full_change_precond;eeg_tleft_hbeta_mean_full_change_precond;eeg_tright_halpha_mean_full_change_precond;hr_heartrate_bpm_med_abs_full_change_precond;eeg_pleft_halpha_mean_full_change_precond;pupil_asymmetry_full_change_precond;eeg_fl_specent_full_change_precond"
2025-11-26 18:46:31.679318,25,"stress_label",20,8,0.03,0.557692307692308,0.551282051282051,NA,20,"top20","eeg_tleft_sampent_full_change_precond;pupil_dilation_sd_full_change_precond;eeg_tleft_halpha_mean_full_change_precond;eeg_t_sampent_full_change_precond;eeg_c_theta_mean_full_change_precond;eeg_tleft_lalpha_mean_full_change_precond;eeg_fl_hbeta_mean_full_change_precond;gsr_skin_conductance_eda_tonic_mean_nk_full_change_precond;eeg_fr_sampent_full_change_precond;eeg_fm_theta_mean_full_change_precond;eeg_c_sampent_full_change_precond;eeg_fm_sampent_full_change_precond;hrv_rmssd_full_change_precond;eeg_pleft_lbeta_mean_full_change_precond;eeg_tleft_hbeta_mean_full_change_precond;eeg_tright_halpha_mean_full_change_precond;hr_heartrate_bpm_med_abs_full_change_precond;eeg_pleft_halpha_mean_full_change_precond;pupil_asymmetry_full_change_precond;eeg_fl_specent_full_change_precond"
2025-11-26 18:46:32.817414,25,"stress_label",20,16,0.03,0.564102564102564,0.583333333333333,NA,20,"top20","eeg_tleft_sampent_full_change_precond;pupil_dilation_sd_full_change_precond;eeg_tleft_halpha_mean_full_change_precond;eeg_t_sampent_full_change_precond;eeg_c_theta_mean_full_change_precond;eeg_tleft_lalpha_mean_full_change_precond;eeg_fl_hbeta_mean_full_change_precond;gsr_skin_conductance_eda_tonic_mean_nk_full_change_precond;eeg_fr_sampent_full_change_precond;eeg_fm_theta_mean_full_change_precond;eeg_c_sampent_full_change_precond;eeg_fm_sampent_full_change_precond;hrv_rmssd_full_change_precond;eeg_pleft_lbeta_mean_full_change_precond;eeg_tleft_hbeta_mean_full_change_precond;eeg_tright_halpha_mean_full_change_precond;hr_heartrate_bpm_med_abs_full_change_precond;eeg_pleft_halpha_mean_full_change_precond;pupil_asymmetry_full_change_precond;eeg_fl_specent_full_change_precond"
2025-11-26 18:46:33.856318,25,"stress_label",20,32,0.03,0.58974358974359,0.615384615384615,NA,20,"top20","eeg_tleft_sampent_full_change_precond;pupil_dilation_sd_full_change_precond;eeg_tleft_halpha_mean_full_change_precond;eeg_t_sampent_full_change_precond;eeg_c_theta_mean_full_change_precond;eeg_tleft_lalpha_mean_full_change_precond;eeg_fl_hbeta_mean_full_change_precond;gsr_skin_conductance_eda_tonic_mean_nk_full_change_precond;eeg_fr_sampent_full_change_precond;eeg_fm_theta_mean_full_change_precond;eeg_c_sampent_full_change_precond;eeg_fm_sampent_full_change_precond;hrv_rmssd_full_change_precond;eeg_pleft_lbeta_mean_full_change_precond;eeg_tleft_hbeta_mean_full_change_precond;eeg_tright_halpha_mean_full_change_precond;hr_heartrate_bpm_med_abs_full_change_precond;eeg_pleft_halpha_mean_full_change_precond;pupil_asymmetry_full_change_precond;eeg_fl_specent_full_change_precond"
2025-11-26 18:46:34.993335,25,"stress_label",20,64,0.03,0.602564102564103,0.58974358974359,NA,20,"top20","eeg_tleft_sampent_full_change_precond;pupil_dilation_sd_full_change_precond;eeg_tleft_halpha_mean_full_change_precond;eeg_t_sampent_full_change_precond;eeg_c_theta_mean_full_change_precond;eeg_tleft_lalpha_mean_full_change_precond;eeg_fl_hbeta_mean_full_change_precond;gsr_skin_conductance_eda_tonic_mean_nk_full_change_precond;eeg_fr_sampent_full_change_precond;eeg_fm_theta_mean_full_change_precond;eeg_c_sampent_full_change_precond;eeg_fm_sampent_full_change_precond;hrv_rmssd_full_change_precond;eeg_pleft_lbeta_mean_full_change_precond;eeg_tleft_hbeta_mean_full_change_precond;eeg_tright_halpha_mean_full_change_precond;hr_heartrate_bpm_med_abs_full_change_precond;eeg_pleft_halpha_mean_full_change_precond;pupil_asymmetry_full_change_precond;eeg_fl_specent_full_change_precond"
2025-11-26 18:46:36.021196,25,"stress_label",20,128,0.03,0.602564102564103,0.58974358974359,NA,20,"top20","eeg_tleft_sampent_full_change_precond;pupil_dilation_sd_full_change_precond;eeg_tleft_halpha_mean_full_change_precond;eeg_t_sampent_full_change_precond;eeg_c_theta_mean_full_change_precond;eeg_tleft_lalpha_mean_full_change_precond;eeg_fl_hbeta_mean_full_change_precond;gsr_skin_conductance_eda_tonic_mean_nk_full_change_precond;eeg_fr_sampent_full_change_precond;eeg_fm_theta_mean_full_change_precond;eeg_c_sampent_full_change_precond;eeg_fm_sampent_full_change_precond;hrv_rmssd_full_change_precond;eeg_pleft_lbeta_mean_full_change_precond;eeg_tleft_hbeta_mean_full_change_precond;eeg_tright_halpha_mean_full_change_precond;hr_heartrate_bpm_med_abs_full_change_precond;eeg_pleft_halpha_mean_full_change_precond;pupil_asymmetry_full_change_precond;eeg_fl_specent_full_change_precond"
2025-11-26 18:46:37.085453,25,"stress_label",20,256,0.03,0.602564102564103,0.58974358974359,NA,20,"top20","eeg_tleft_sampent_full_change_precond;pupil_dilation_sd_full_change_precond;eeg_tleft_halpha_mean_full_change_precond;eeg_t_sampent_full_change_precond;eeg_c_theta_mean_full_change_precond;eeg_tleft_lalpha_mean_full_change_precond;eeg_fl_hbeta_mean_full_change_precond;gsr_skin_conductance_eda_tonic_mean_nk_full_change_precond;eeg_fr_sampent_full_change_precond;eeg_fm_theta_mean_full_change_precond;eeg_c_sampent_full_change_precond;eeg_fm_sampent_full_change_precond;hrv_rmssd_full_change_precond;eeg_pleft_lbeta_mean_full_change_precond;eeg_tleft_hbeta_mean_full_change_precond;eeg_tright_halpha_mean_full_change_precond;hr_heartrate_bpm_med_abs_full_change_precond;eeg_pleft_halpha_mean_full_change_precond;pupil_asymmetry_full_change_precond;eeg_fl_specent_full_change_precond"
2025-11-26 18:46:38.062088,25,"stress_label",20,2,0.06,0.615384615384615,0.608974358974359,NA,20,"top20","eeg_tleft_sampent_full_change_precond;pupil_dilation_sd_full_change_precond;eeg_tleft_halpha_mean_full_change_precond;eeg_t_sampent_full_change_precond;eeg_c_theta_mean_full_change_precond;eeg_tleft_lalpha_mean_full_change_precond;eeg_fl_hbeta_mean_full_change_precond;gsr_skin_conductance_eda_tonic_mean_nk_full_change_precond;eeg_fr_sampent_full_change_precond;eeg_fm_theta_mean_full_change_precond;eeg_c_sampent_full_change_precond;eeg_fm_sampent_full_change_precond;hrv_rmssd_full_change_precond;eeg_pleft_lbeta_mean_full_change_precond;eeg_tleft_hbeta_mean_full_change_precond;eeg_tright_halpha_mean_full_change_precond;hr_heartrate_bpm_med_abs_full_change_precond;eeg_pleft_halpha_mean_full_change_precond;pupil_asymmetry_full_change_precond;eeg_fl_specent_full_change_precond"
2025-11-26 18:46:39.19384,25,"stress_label",20,4,0.06,0.564102564102564,0.583333333333333,NA,20,"top20","eeg_tleft_sampent_full_change_precond;pupil_dilation_sd_full_change_precond;eeg_tleft_halpha_mean_full_change_precond;eeg_t_sampent_full_change_precond;eeg_c_theta_mean_full_change_precond;eeg_tleft_lalpha_mean_full_change_precond;eeg_fl_hbeta_mean_full_change_precond;gsr_skin_conductance_eda_tonic_mean_nk_full_change_precond;eeg_fr_sampent_full_change_precond;eeg_fm_theta_mean_full_change_precond;eeg_c_sampent_full_change_precond;eeg_fm_sampent_full_change_precond;hrv_rmssd_full_change_precond;eeg_pleft_lbeta_mean_full_change_precond;eeg_tleft_hbeta_mean_full_change_precond;eeg_tright_halpha_mean_full_change_precond;hr_heartrate_bpm_med_abs_full_change_precond;eeg_pleft_halpha_mean_full_change_precond;pupil_asymmetry_full_change_precond;eeg_fl_specent_full_change_precond"
2025-11-26 18:46:40.341184,25,"stress_label",20,8,0.06,0.615384615384615,0.608974358974359,NA,20,"top20","eeg_tleft_sampent_full_change_precond;pupil_dilation_sd_full_change_precond;eeg_tleft_halpha_mean_full_change_precond;eeg_t_sampent_full_change_precond;eeg_c_theta_mean_full_change_precond;eeg_tleft_lalpha_mean_full_change_precond;eeg_fl_hbeta_mean_full_change_precond;gsr_skin_conductance_eda_tonic_mean_nk_full_change_precond;eeg_fr_sampent_full_change_precond;eeg_fm_theta_mean_full_change_precond;eeg_c_sampent_full_change_precond;eeg_fm_sampent_full_change_precond;hrv_rmssd_full_change_precond;eeg_pleft_lbeta_mean_full_change_precond;eeg_tleft_hbeta_mean_full_change_precond;eeg_tright_halpha_mean_full_change_precond;hr_heartrate_bpm_med_abs_full_change_precond;eeg_pleft_halpha_mean_full_change_precond;pupil_asymmetry_full_change_precond;eeg_fl_specent_full_change_precond"
2025-11-26 18:46:41.491855,25,"stress_label",20,16,0.06,0.602564102564103,0.58974358974359,NA,20,"top20","eeg_tleft_sampent_full_change_precond;pupil_dilation_sd_full_change_precond;eeg_tleft_halpha_mean_full_change_precond;eeg_t_sampent_full_change_precond;eeg_c_theta_mean_full_change_precond;eeg_tleft_lalpha_mean_full_change_precond;eeg_fl_hbeta_mean_full_change_precond;gsr_skin_conductance_eda_tonic_mean_nk_full_change_precond;eeg_fr_sampent_full_change_precond;eeg_fm_theta_mean_full_change_precond;eeg_c_sampent_full_change_precond;eeg_fm_sampent_full_change_precond;hrv_rmssd_full_change_precond;eeg_pleft_lbeta_mean_full_change_precond;eeg_tleft_hbeta_mean_full_change_precond;eeg_tright_halpha_mean_full_change_precond;hr_heartrate_bpm_med_abs_full_change_precond;eeg_pleft_halpha_mean_full_change_precond;pupil_asymmetry_full_change_precond;eeg_fl_specent_full_change_precond"
2025-11-26 18:46:42.633959,25,"stress_label",20,32,0.06,0.602564102564103,0.58974358974359,NA,20,"top20","eeg_tleft_sampent_full_change_precond;pupil_dilation_sd_full_change_precond;eeg_tleft_halpha_mean_full_change_precond;eeg_t_sampent_full_change_precond;eeg_c_theta_mean_full_change_precond;eeg_tleft_lalpha_mean_full_change_precond;eeg_fl_hbeta_mean_full_change_precond;gsr_skin_conductance_eda_tonic_mean_nk_full_change_precond;eeg_fr_sampent_full_change_precond;eeg_fm_theta_mean_full_change_precond;eeg_c_sampent_full_change_precond;eeg_fm_sampent_full_change_precond;hrv_rmssd_full_change_precond;eeg_pleft_lbeta_mean_full_change_precond;eeg_tleft_hbeta_mean_full_change_precond;eeg_tright_halpha_mean_full_change_precond;hr_heartrate_bpm_med_abs_full_change_precond;eeg_pleft_halpha_mean_full_change_precond;pupil_asymmetry_full_change_precond;eeg_fl_specent_full_change_precond"
2025-11-26 18:46:43.783885,25,"stress_label",20,64,0.06,0.602564102564103,0.58974358974359,NA,20,"top20","eeg_tleft_sampent_full_change_precond;pupil_dilation_sd_full_change_precond;eeg_tleft_halpha_mean_full_change_precond;eeg_t_sampent_full_change_precond;eeg_c_theta_mean_full_change_precond;eeg_tleft_lalpha_mean_full_change_precond;eeg_fl_hbeta_mean_full_change_precond;gsr_skin_conductance_eda_tonic_mean_nk_full_change_precond;eeg_fr_sampent_full_change_precond;eeg_fm_theta_mean_full_change_precond;eeg_c_sampent_full_change_precond;eeg_fm_sampent_full_change_precond;hrv_rmssd_full_change_precond;eeg_pleft_lbeta_mean_full_change_precond;eeg_tleft_hbeta_mean_full_change_precond;eeg_tright_halpha_mean_full_change_precond;hr_heartrate_bpm_med_abs_full_change_precond;eeg_pleft_halpha_mean_full_change_precond;pupil_asymmetry_full_change_precond;eeg_fl_specent_full_change_precond"
2025-11-26 18:46:44.946171,25,"stress_label",20,128,0.06,0.602564102564103,0.58974358974359,NA,20,"top20","eeg_tleft_sampent_full_change_precond;pupil_dilation_sd_full_change_precond;eeg_tleft_halpha_mean_full_change_precond;eeg_t_sampent_full_change_precond;eeg_c_theta_mean_full_change_precond;eeg_tleft_lalpha_mean_full_change_precond;eeg_fl_hbeta_mean_full_change_precond;gsr_skin_conductance_eda_tonic_mean_nk_full_change_precond;eeg_fr_sampent_full_change_precond;eeg_fm_theta_mean_full_change_precond;eeg_c_sampent_full_change_precond;eeg_fm_sampent_full_change_precond;hrv_rmssd_full_change_precond;eeg_pleft_lbeta_mean_full_change_precond;eeg_tleft_hbeta_mean_full_change_precond;eeg_tright_halpha_mean_full_change_precond;hr_heartrate_bpm_med_abs_full_change_precond;eeg_pleft_halpha_mean_full_change_precond;pupil_asymmetry_full_change_precond;eeg_fl_specent_full_change_precond"
2025-11-26 18:46:46.049457,25,"stress_label",20,256,0.06,0.602564102564103,0.58974358974359,NA,20,"top20","eeg_tleft_sampent_full_change_precond;pupil_dilation_sd_full_change_precond;eeg_tleft_halpha_mean_full_change_precond;eeg_t_sampent_full_change_precond;eeg_c_theta_mean_full_change_precond;eeg_tleft_lalpha_mean_full_change_precond;eeg_fl_hbeta_mean_full_change_precond;gsr_skin_conductance_eda_tonic_mean_nk_full_change_precond;eeg_fr_sampent_full_change_precond;eeg_fm_theta_mean_full_change_precond;eeg_c_sampent_full_change_precond;eeg_fm_sampent_full_change_precond;hrv_rmssd_full_change_precond;eeg_pleft_lbeta_mean_full_change_precond;eeg_tleft_hbeta_mean_full_change_precond;eeg_tright_halpha_mean_full_change_precond;hr_heartrate_bpm_med_abs_full_change_precond;eeg_pleft_halpha_mean_full_change_precond;pupil_asymmetry_full_change_precond;eeg_fl_specent_full_change_precond"
2025-11-26 18:46:47.149726,25,"stress_label",20,2,0.1,0.58974358974359,0.628205128205128,NA,20,"top20","eeg_tleft_sampent_full_change_precond;pupil_dilation_sd_full_change_precond;eeg_tleft_halpha_mean_full_change_precond;eeg_t_sampent_full_change_precond;eeg_c_theta_mean_full_change_precond;eeg_tleft_lalpha_mean_full_change_precond;eeg_fl_hbeta_mean_full_change_precond;gsr_skin_conductance_eda_tonic_mean_nk_full_change_precond;eeg_fr_sampent_full_change_precond;eeg_fm_theta_mean_full_change_precond;eeg_c_sampent_full_change_precond;eeg_fm_sampent_full_change_precond;hrv_rmssd_full_change_precond;eeg_pleft_lbeta_mean_full_change_precond;eeg_tleft_hbeta_mean_full_change_precond;eeg_tright_halpha_mean_full_change_precond;hr_heartrate_bpm_med_abs_full_change_precond;eeg_pleft_halpha_mean_full_change_precond;pupil_asymmetry_full_change_precond;eeg_fl_specent_full_change_precond"
2025-11-26 18:46:48.282127,25,"stress_label",20,4,0.1,0.596153846153846,0.615384615384615,NA,20,"top20","eeg_tleft_sampent_full_change_precond;pupil_dilation_sd_full_change_precond;eeg_tleft_halpha_mean_full_change_precond;eeg_t_sampent_full_change_precond;eeg_c_theta_mean_full_change_precond;eeg_tleft_lalpha_mean_full_change_precond;eeg_fl_hbeta_mean_full_change_precond;gsr_skin_conductance_eda_tonic_mean_nk_full_change_precond;eeg_fr_sampent_full_change_precond;eeg_fm_theta_mean_full_change_precond;eeg_c_sampent_full_change_precond;eeg_fm_sampent_full_change_precond;hrv_rmssd_full_change_precond;eeg_pleft_lbeta_mean_full_change_precond;eeg_tleft_hbeta_mean_full_change_precond;eeg_tright_halpha_mean_full_change_precond;hr_heartrate_bpm_med_abs_full_change_precond;eeg_pleft_halpha_mean_full_change_precond;pupil_asymmetry_full_change_precond;eeg_fl_specent_full_change_precond"
2025-11-26 18:46:49.432562,25,"stress_label",20,8,0.1,0.596153846153846,0.608974358974359,NA,20,"top20","eeg_tleft_sampent_full_change_precond;pupil_dilation_sd_full_change_precond;eeg_tleft_halpha_mean_full_change_precond;eeg_t_sampent_full_change_precond;eeg_c_theta_mean_full_change_precond;eeg_tleft_lalpha_mean_full_change_precond;eeg_fl_hbeta_mean_full_change_precond;gsr_skin_conductance_eda_tonic_mean_nk_full_change_precond;eeg_fr_sampent_full_change_precond;eeg_fm_theta_mean_full_change_precond;eeg_c_sampent_full_change_precond;eeg_fm_sampent_full_change_precond;hrv_rmssd_full_change_precond;eeg_pleft_lbeta_mean_full_change_precond;eeg_tleft_hbeta_mean_full_change_precond;eeg_tright_halpha_mean_full_change_precond;hr_heartrate_bpm_med_abs_full_change_precond;eeg_pleft_halpha_mean_full_change_precond;pupil_asymmetry_full_change_precond;eeg_fl_specent_full_change_precond"
2025-11-26 18:46:50.514696,25,"stress_label",20,16,0.1,0.596153846153846,0.608974358974359,NA,20,"top20","eeg_tleft_sampent_full_change_precond;pupil_dilation_sd_full_change_precond;eeg_tleft_halpha_mean_full_change_precond;eeg_t_sampent_full_change_precond;eeg_c_theta_mean_full_change_precond;eeg_tleft_lalpha_mean_full_change_precond;eeg_fl_hbeta_mean_full_change_precond;gsr_skin_conductance_eda_tonic_mean_nk_full_change_precond;eeg_fr_sampent_full_change_precond;eeg_fm_theta_mean_full_change_precond;eeg_c_sampent_full_change_precond;eeg_fm_sampent_full_change_precond;hrv_rmssd_full_change_precond;eeg_pleft_lbeta_mean_full_change_precond;eeg_tleft_hbeta_mean_full_change_precond;eeg_tright_halpha_mean_full_change_precond;hr_heartrate_bpm_med_abs_full_change_precond;eeg_pleft_halpha_mean_full_change_precond;pupil_asymmetry_full_change_precond;eeg_fl_specent_full_change_precond"
2025-11-26 18:46:51.65915,25,"stress_label",20,32,0.1,0.596153846153846,0.608974358974359,NA,20,"top20","eeg_tleft_sampent_full_change_precond;pupil_dilation_sd_full_change_precond;eeg_tleft_halpha_mean_full_change_precond;eeg_t_sampent_full_change_precond;eeg_c_theta_mean_full_change_precond;eeg_tleft_lalpha_mean_full_change_precond;eeg_fl_hbeta_mean_full_change_precond;gsr_skin_conductance_eda_tonic_mean_nk_full_change_precond;eeg_fr_sampent_full_change_precond;eeg_fm_theta_mean_full_change_precond;eeg_c_sampent_full_change_precond;eeg_fm_sampent_full_change_precond;hrv_rmssd_full_change_precond;eeg_pleft_lbeta_mean_full_change_precond;eeg_tleft_hbeta_mean_full_change_precond;eeg_tright_halpha_mean_full_change_precond;hr_heartrate_bpm_med_abs_full_change_precond;eeg_pleft_halpha_mean_full_change_precond;pupil_asymmetry_full_change_precond;eeg_fl_specent_full_change_precond"
2025-11-26 18:46:52.707647,25,"stress_label",20,64,0.1,0.596153846153846,0.608974358974359,NA,20,"top20","eeg_tleft_sampent_full_change_precond;pupil_dilation_sd_full_change_precond;eeg_tleft_halpha_mean_full_change_precond;eeg_t_sampent_full_change_precond;eeg_c_theta_mean_full_change_precond;eeg_tleft_lalpha_mean_full_change_precond;eeg_fl_hbeta_mean_full_change_precond;gsr_skin_conductance_eda_tonic_mean_nk_full_change_precond;eeg_fr_sampent_full_change_precond;eeg_fm_theta_mean_full_change_precond;eeg_c_sampent_full_change_precond;eeg_fm_sampent_full_change_precond;hrv_rmssd_full_change_precond;eeg_pleft_lbeta_mean_full_change_precond;eeg_tleft_hbeta_mean_full_change_precond;eeg_tright_halpha_mean_full_change_precond;hr_heartrate_bpm_med_abs_full_change_precond;eeg_pleft_halpha_mean_full_change_precond;pupil_asymmetry_full_change_precond;eeg_fl_specent_full_change_precond"
2025-11-26 18:46:53.832068,25,"stress_label",20,128,0.1,0.596153846153846,0.608974358974359,NA,20,"top20","eeg_tleft_sampent_full_change_precond;pupil_dilation_sd_full_change_precond;eeg_tleft_halpha_mean_full_change_precond;eeg_t_sampent_full_change_precond;eeg_c_theta_mean_full_change_precond;eeg_tleft_lalpha_mean_full_change_precond;eeg_fl_hbeta_mean_full_change_precond;gsr_skin_conductance_eda_tonic_mean_nk_full_change_precond;eeg_fr_sampent_full_change_precond;eeg_fm_theta_mean_full_change_precond;eeg_c_sampent_full_change_precond;eeg_fm_sampent_full_change_precond;hrv_rmssd_full_change_precond;eeg_pleft_lbeta_mean_full_change_precond;eeg_tleft_hbeta_mean_full_change_precond;eeg_tright_halpha_mean_full_change_precond;hr_heartrate_bpm_med_abs_full_change_precond;eeg_pleft_halpha_mean_full_change_precond;pupil_asymmetry_full_change_precond;eeg_fl_specent_full_change_precond"
2025-11-26 18:46:54.875689,25,"stress_label",20,256,0.1,0.596153846153846,0.608974358974359,NA,20,"top20","eeg_tleft_sampent_full_change_precond;pupil_dilation_sd_full_change_precond;eeg_tleft_halpha_mean_full_change_precond;eeg_t_sampent_full_change_precond;eeg_c_theta_mean_full_change_precond;eeg_tleft_lalpha_mean_full_change_precond;eeg_fl_hbeta_mean_full_change_precond;gsr_skin_conductance_eda_tonic_mean_nk_full_change_precond;eeg_fr_sampent_full_change_precond;eeg_fm_theta_mean_full_change_precond;eeg_c_sampent_full_change_precond;eeg_fm_sampent_full_change_precond;hrv_rmssd_full_change_precond;eeg_pleft_lbeta_mean_full_change_precond;eeg_tleft_hbeta_mean_full_change_precond;eeg_tright_halpha_mean_full_change_precond;hr_heartrate_bpm_med_abs_full_change_precond;eeg_pleft_halpha_mean_full_change_precond;pupil_asymmetry_full_change_precond;eeg_fl_specent_full_change_precond"
2025-11-26 18:46:55.805426,25,"stress_label",10,2,0.0078125,0.621794871794872,0.673076923076923,0.609401709401709,10,"top10","eeg_tleft_sampent_full_change_precond;pupil_dilation_sd_full_change_precond;eeg_tleft_halpha_mean_full_change_precond;eeg_t_sampent_full_change_precond;eeg_c_theta_mean_full_change_precond;eeg_tleft_lalpha_mean_full_change_precond;eeg_fl_hbeta_mean_full_change_precond;gsr_skin_conductance_eda_tonic_mean_nk_full_change_precond;eeg_fr_sampent_full_change_precond;eeg_fm_theta_mean_full_change_precond"
2025-11-26 18:46:56.660445,25,"stress_label",10,4,0.0078125,0.602564102564103,0.647435897435897,0.566666666666667,10,"top10","eeg_tleft_sampent_full_change_precond;pupil_dilation_sd_full_change_precond;eeg_tleft_halpha_mean_full_change_precond;eeg_t_sampent_full_change_precond;eeg_c_theta_mean_full_change_precond;eeg_tleft_lalpha_mean_full_change_precond;eeg_fl_hbeta_mean_full_change_precond;gsr_skin_conductance_eda_tonic_mean_nk_full_change_precond;eeg_fr_sampent_full_change_precond;eeg_fm_theta_mean_full_change_precond"
2025-11-26 18:46:57.527116,25,"stress_label",10,8,0.0078125,0.583333333333333,0.66025641025641,0.541880341880342,10,"top10","eeg_tleft_sampent_full_change_precond;pupil_dilation_sd_full_change_precond;eeg_tleft_halpha_mean_full_change_precond;eeg_t_sampent_full_change_precond;eeg_c_theta_mean_full_change_precond;eeg_tleft_lalpha_mean_full_change_precond;eeg_fl_hbeta_mean_full_change_precond;gsr_skin_conductance_eda_tonic_mean_nk_full_change_precond;eeg_fr_sampent_full_change_precond;eeg_fm_theta_mean_full_change_precond"
2025-11-26 18:46:58.382014,25,"stress_label",10,16,0.0078125,0.608974358974359,0.673076923076923,0.561538461538462,10,"top10","eeg_tleft_sampent_full_change_precond;pupil_dilation_sd_full_change_precond;eeg_tleft_halpha_mean_full_change_precond;eeg_t_sampent_full_change_precond;eeg_c_theta_mean_full_change_precond;eeg_tleft_lalpha_mean_full_change_precond;eeg_fl_hbeta_mean_full_change_precond;gsr_skin_conductance_eda_tonic_mean_nk_full_change_precond;eeg_fr_sampent_full_change_precond;eeg_fm_theta_mean_full_change_precond"
2025-11-26 18:46:59.218639,25,"stress_label",10,32,0.0078125,0.57051282051282,0.641025641025641,0.54017094017094,10,"top10","eeg_tleft_sampent_full_change_precond;pupil_dilation_sd_full_change_precond;eeg_tleft_halpha_mean_full_change_precond;eeg_t_sampent_full_change_precond;eeg_c_theta_mean_full_change_precond;eeg_tleft_lalpha_mean_full_change_precond;eeg_fl_hbeta_mean_full_change_precond;gsr_skin_conductance_eda_tonic_mean_nk_full_change_precond;eeg_fr_sampent_full_change_precond;eeg_fm_theta_mean_full_change_precond"
2025-11-26 18:46:59.99608,25,"stress_label",10,64,0.0078125,0.58974358974359,0.647435897435897,0.573504273504273,10,"top10","eeg_tleft_sampent_full_change_precond;pupil_dilation_sd_full_change_precond;eeg_tleft_halpha_mean_full_change_precond;eeg_t_sampent_full_change_precond;eeg_c_theta_mean_full_change_precond;eeg_tleft_lalpha_mean_full_change_precond;eeg_fl_hbeta_mean_full_change_precond;gsr_skin_conductance_eda_tonic_mean_nk_full_change_precond;eeg_fr_sampent_full_change_precond;eeg_fm_theta_mean_full_change_precond"
2025-11-26 18:47:00.97685,25,"stress_label",10,128,0.0078125,0.608974358974359,0.647435897435897,0.587179487179487,10,"top10","eeg_tleft_sampent_full_change_precond;pupil_dilation_sd_full_change_precond;eeg_tleft_halpha_mean_full_change_precond;eeg_t_sampent_full_change_precond;eeg_c_theta_mean_full_change_precond;eeg_tleft_lalpha_mean_full_change_precond;eeg_fl_hbeta_mean_full_change_precond;gsr_skin_conductance_eda_tonic_mean_nk_full_change_precond;eeg_fr_sampent_full_change_precond;eeg_fm_theta_mean_full_change_precond"
2025-11-26 18:47:02.050369,25,"stress_label",10,256,0.0078125,0.602564102564103,0.615384615384615,0.586324786324786,10,"top10","eeg_tleft_sampent_full_change_precond;pupil_dilation_sd_full_change_precond;eeg_tleft_halpha_mean_full_change_precond;eeg_t_sampent_full_change_precond;eeg_c_theta_mean_full_change_precond;eeg_tleft_lalpha_mean_full_change_precond;eeg_fl_hbeta_mean_full_change_precond;gsr_skin_conductance_eda_tonic_mean_nk_full_change_precond;eeg_fr_sampent_full_change_precond;eeg_fm_theta_mean_full_change_precond"
2025-11-26 18:47:02.9027,25,"stress_label",10,2,0.015625,0.58974358974359,0.628205128205128,0.543589743589744,10,"top10","eeg_tleft_sampent_full_change_precond;pupil_dilation_sd_full_change_precond;eeg_tleft_halpha_mean_full_change_precond;eeg_t_sampent_full_change_precond;eeg_c_theta_mean_full_change_precond;eeg_tleft_lalpha_mean_full_change_precond;eeg_fl_hbeta_mean_full_change_precond;gsr_skin_conductance_eda_tonic_mean_nk_full_change_precond;eeg_fr_sampent_full_change_precond;eeg_fm_theta_mean_full_change_precond"
2025-11-26 18:47:03.622228,25,"stress_label",10,4,0.015625,0.564102564102564,0.641025641025641,0.515384615384615,10,"top10","eeg_tleft_sampent_full_change_precond;pupil_dilation_sd_full_change_precond;eeg_tleft_halpha_mean_full_change_precond;eeg_t_sampent_full_change_precond;eeg_c_theta_mean_full_change_precond;eeg_tleft_lalpha_mean_full_change_precond;eeg_fl_hbeta_mean_full_change_precond;gsr_skin_conductance_eda_tonic_mean_nk_full_change_precond;eeg_fr_sampent_full_change_precond;eeg_fm_theta_mean_full_change_precond"
2025-11-26 18:47:04.512429,25,"stress_label",10,8,0.015625,0.576923076923077,0.628205128205128,0.531623931623932,10,"top10","eeg_tleft_sampent_full_change_precond;pupil_dilation_sd_full_change_precond;eeg_tleft_halpha_mean_full_change_precond;eeg_t_sampent_full_change_precond;eeg_c_theta_mean_full_change_precond;eeg_tleft_lalpha_mean_full_change_precond;eeg_fl_hbeta_mean_full_change_precond;gsr_skin_conductance_eda_tonic_mean_nk_full_change_precond;eeg_fr_sampent_full_change_precond;eeg_fm_theta_mean_full_change_precond"
2025-11-26 18:47:05.382307,25,"stress_label",10,16,0.015625,0.58974358974359,0.634615384615385,0.561538461538462,10,"top10","eeg_tleft_sampent_full_change_precond;pupil_dilation_sd_full_change_precond;eeg_tleft_halpha_mean_full_change_precond;eeg_t_sampent_full_change_precond;eeg_c_theta_mean_full_change_precond;eeg_tleft_lalpha_mean_full_change_precond;eeg_fl_hbeta_mean_full_change_precond;gsr_skin_conductance_eda_tonic_mean_nk_full_change_precond;eeg_fr_sampent_full_change_precond;eeg_fm_theta_mean_full_change_precond"
2025-11-26 18:47:06.241165,25,"stress_label",10,32,0.015625,0.608974358974359,0.647435897435897,0.583760683760684,10,"top10","eeg_tleft_sampent_full_change_precond;pupil_dilation_sd_full_change_precond;eeg_tleft_halpha_mean_full_change_precond;eeg_t_sampent_full_change_precond;eeg_c_theta_mean_full_change_precond;eeg_tleft_lalpha_mean_full_change_precond;eeg_fl_hbeta_mean_full_change_precond;gsr_skin_conductance_eda_tonic_mean_nk_full_change_precond;eeg_fr_sampent_full_change_precond;eeg_fm_theta_mean_full_change_precond"
2025-11-26 18:47:07.201704,25,"stress_label",10,64,0.015625,0.602564102564103,0.576923076923077,0.586324786324786,10,"top10","eeg_tleft_sampent_full_change_precond;pupil_dilation_sd_full_change_precond;eeg_tleft_halpha_mean_full_change_precond;eeg_t_sampent_full_change_precond;eeg_c_theta_mean_full_change_precond;eeg_tleft_lalpha_mean_full_change_precond;eeg_fl_hbeta_mean_full_change_precond;gsr_skin_conductance_eda_tonic_mean_nk_full_change_precond;eeg_fr_sampent_full_change_precond;eeg_fm_theta_mean_full_change_precond"
2025-11-26 18:47:08.265944,25,"stress_label",10,128,0.015625,0.628205128205128,0.615384615384615,NA,10,"top10","eeg_tleft_sampent_full_change_precond;pupil_dilation_sd_full_change_precond;eeg_tleft_halpha_mean_full_change_precond;eeg_t_sampent_full_change_precond;eeg_c_theta_mean_full_change_precond;eeg_tleft_lalpha_mean_full_change_precond;eeg_fl_hbeta_mean_full_change_precond;gsr_skin_conductance_eda_tonic_mean_nk_full_change_precond;eeg_fr_sampent_full_change_precond;eeg_fm_theta_mean_full_change_precond"
2025-11-26 18:47:09.598319,25,"stress_label",10,256,0.015625,0.602564102564103,0.628205128205128,NA,10,"top10","eeg_tleft_sampent_full_change_precond;pupil_dilation_sd_full_change_precond;eeg_tleft_halpha_mean_full_change_precond;eeg_t_sampent_full_change_precond;eeg_c_theta_mean_full_change_precond;eeg_tleft_lalpha_mean_full_change_precond;eeg_fl_hbeta_mean_full_change_precond;gsr_skin_conductance_eda_tonic_mean_nk_full_change_precond;eeg_fr_sampent_full_change_precond;eeg_fm_theta_mean_full_change_precond"
2025-11-26 18:47:10.457737,25,"stress_label",10,2,0.03125,0.564102564102564,0.615384615384615,0.499145299145299,10,"top10","eeg_tleft_sampent_full_change_precond;pupil_dilation_sd_full_change_precond;eeg_tleft_halpha_mean_full_change_precond;eeg_t_sampent_full_change_precond;eeg_c_theta_mean_full_change_precond;eeg_tleft_lalpha_mean_full_change_precond;eeg_fl_hbeta_mean_full_change_precond;gsr_skin_conductance_eda_tonic_mean_nk_full_change_precond;eeg_fr_sampent_full_change_precond;eeg_fm_theta_mean_full_change_precond"
2025-11-26 18:47:11.284841,25,"stress_label",10,4,0.03125,0.583333333333333,0.608974358974359,0.535897435897436,10,"top10","eeg_tleft_sampent_full_change_precond;pupil_dilation_sd_full_change_precond;eeg_tleft_halpha_mean_full_change_precond;eeg_t_sampent_full_change_precond;eeg_c_theta_mean_full_change_precond;eeg_tleft_lalpha_mean_full_change_precond;eeg_fl_hbeta_mean_full_change_precond;gsr_skin_conductance_eda_tonic_mean_nk_full_change_precond;eeg_fr_sampent_full_change_precond;eeg_fm_theta_mean_full_change_precond"
2025-11-26 18:47:12.102518,25,"stress_label",10,8,0.03125,0.602564102564103,0.621794871794872,0.575213675213675,10,"top10","eeg_tleft_sampent_full_change_precond;pupil_dilation_sd_full_change_precond;eeg_tleft_halpha_mean_full_change_precond;eeg_t_sampent_full_change_precond;eeg_c_theta_mean_full_change_precond;eeg_tleft_lalpha_mean_full_change_precond;eeg_fl_hbeta_mean_full_change_precond;gsr_skin_conductance_eda_tonic_mean_nk_full_change_precond;eeg_fr_sampent_full_change_precond;eeg_fm_theta_mean_full_change_precond"
2025-11-26 18:47:12.991002,25,"stress_label",10,16,0.03125,0.602564102564103,0.57051282051282,0.574358974358974,10,"top10","eeg_tleft_sampent_full_change_precond;pupil_dilation_sd_full_change_precond;eeg_tleft_halpha_mean_full_change_precond;eeg_t_sampent_full_change_precond;eeg_c_theta_mean_full_change_precond;eeg_tleft_lalpha_mean_full_change_precond;eeg_fl_hbeta_mean_full_change_precond;gsr_skin_conductance_eda_tonic_mean_nk_full_change_precond;eeg_fr_sampent_full_change_precond;eeg_fm_theta_mean_full_change_precond"
2025-11-26 18:47:13.977645,25,"stress_label",10,32,0.03125,0.621794871794872,0.602564102564103,NA,10,"top10","eeg_tleft_sampent_full_change_precond;pupil_dilation_sd_full_change_precond;eeg_tleft_halpha_mean_full_change_precond;eeg_t_sampent_full_change_precond;eeg_c_theta_mean_full_change_precond;eeg_tleft_lalpha_mean_full_change_precond;eeg_fl_hbeta_mean_full_change_precond;gsr_skin_conductance_eda_tonic_mean_nk_full_change_precond;eeg_fr_sampent_full_change_precond;eeg_fm_theta_mean_full_change_precond"
2025-11-26 18:47:15.298732,25,"stress_label",10,64,0.03125,0.608974358974359,0.596153846153846,NA,10,"top10","eeg_tleft_sampent_full_change_precond;pupil_dilation_sd_full_change_precond;eeg_tleft_halpha_mean_full_change_precond;eeg_t_sampent_full_change_precond;eeg_c_theta_mean_full_change_precond;eeg_tleft_lalpha_mean_full_change_precond;eeg_fl_hbeta_mean_full_change_precond;gsr_skin_conductance_eda_tonic_mean_nk_full_change_precond;eeg_fr_sampent_full_change_precond;eeg_fm_theta_mean_full_change_precond"
2025-11-26 18:47:16.539874,25,"stress_label",10,128,0.03125,0.525641025641026,0.557692307692308,NA,10,"top10","eeg_tleft_sampent_full_change_precond;pupil_dilation_sd_full_change_precond;eeg_tleft_halpha_mean_full_change_precond;eeg_t_sampent_full_change_precond;eeg_c_theta_mean_full_change_precond;eeg_tleft_lalpha_mean_full_change_precond;eeg_fl_hbeta_mean_full_change_precond;gsr_skin_conductance_eda_tonic_mean_nk_full_change_precond;eeg_fr_sampent_full_change_precond;eeg_fm_theta_mean_full_change_precond"
2025-11-26 18:47:18.008321,25,"stress_label",10,256,0.03125,0.538461538461538,0.551282051282051,NA,10,"top10","eeg_tleft_sampent_full_change_precond;pupil_dilation_sd_full_change_precond;eeg_tleft_halpha_mean_full_change_precond;eeg_t_sampent_full_change_precond;eeg_c_theta_mean_full_change_precond;eeg_tleft_lalpha_mean_full_change_precond;eeg_fl_hbeta_mean_full_change_precond;gsr_skin_conductance_eda_tonic_mean_nk_full_change_precond;eeg_fr_sampent_full_change_precond;eeg_fm_theta_mean_full_change_precond"
2025-11-26 18:47:18.87032,25,"stress_label",10,2,0.0625,0.551282051282051,0.602564102564103,0.492307692307692,10,"top10","eeg_tleft_sampent_full_change_precond;pupil_dilation_sd_full_change_precond;eeg_tleft_halpha_mean_full_change_precond;eeg_t_sampent_full_change_precond;eeg_c_theta_mean_full_change_precond;eeg_tleft_lalpha_mean_full_change_precond;eeg_fl_hbeta_mean_full_change_precond;gsr_skin_conductance_eda_tonic_mean_nk_full_change_precond;eeg_fr_sampent_full_change_precond;eeg_fm_theta_mean_full_change_precond"
2025-11-26 18:47:19.742625,25,"stress_label",10,4,0.0625,0.583333333333333,0.58974358974359,NA,10,"top10","eeg_tleft_sampent_full_change_precond;pupil_dilation_sd_full_change_precond;eeg_tleft_halpha_mean_full_change_precond;eeg_t_sampent_full_change_precond;eeg_c_theta_mean_full_change_precond;eeg_tleft_lalpha_mean_full_change_precond;eeg_fl_hbeta_mean_full_change_precond;gsr_skin_conductance_eda_tonic_mean_nk_full_change_precond;eeg_fr_sampent_full_change_precond;eeg_fm_theta_mean_full_change_precond"
2025-11-26 18:47:20.585007,25,"stress_label",10,8,0.0625,0.576923076923077,0.58974358974359,NA,10,"top10","eeg_tleft_sampent_full_change_precond;pupil_dilation_sd_full_change_precond;eeg_tleft_halpha_mean_full_change_precond;eeg_t_sampent_full_change_precond;eeg_c_theta_mean_full_change_precond;eeg_tleft_lalpha_mean_full_change_precond;eeg_fl_hbeta_mean_full_change_precond;gsr_skin_conductance_eda_tonic_mean_nk_full_change_precond;eeg_fr_sampent_full_change_precond;eeg_fm_theta_mean_full_change_precond"
2025-11-26 18:47:21.454689,25,"stress_label",10,16,0.0625,0.57051282051282,0.596153846153846,NA,10,"top10","eeg_tleft_sampent_full_change_precond;pupil_dilation_sd_full_change_precond;eeg_tleft_halpha_mean_full_change_precond;eeg_t_sampent_full_change_precond;eeg_c_theta_mean_full_change_precond;eeg_tleft_lalpha_mean_full_change_precond;eeg_fl_hbeta_mean_full_change_precond;gsr_skin_conductance_eda_tonic_mean_nk_full_change_precond;eeg_fr_sampent_full_change_precond;eeg_fm_theta_mean_full_change_precond"
2025-11-26 18:47:22.482809,25,"stress_label",10,32,0.0625,0.519230769230769,0.576923076923077,NA,10,"top10","eeg_tleft_sampent_full_change_precond;pupil_dilation_sd_full_change_precond;eeg_tleft_halpha_mean_full_change_precond;eeg_t_sampent_full_change_precond;eeg_c_theta_mean_full_change_precond;eeg_tleft_lalpha_mean_full_change_precond;eeg_fl_hbeta_mean_full_change_precond;gsr_skin_conductance_eda_tonic_mean_nk_full_change_precond;eeg_fr_sampent_full_change_precond;eeg_fm_theta_mean_full_change_precond"
2025-11-26 18:47:23.6112,25,"stress_label",10,64,0.0625,0.551282051282051,0.583333333333333,NA,10,"top10","eeg_tleft_sampent_full_change_precond;pupil_dilation_sd_full_change_precond;eeg_tleft_halpha_mean_full_change_precond;eeg_t_sampent_full_change_precond;eeg_c_theta_mean_full_change_precond;eeg_tleft_lalpha_mean_full_change_precond;eeg_fl_hbeta_mean_full_change_precond;gsr_skin_conductance_eda_tonic_mean_nk_full_change_precond;eeg_fr_sampent_full_change_precond;eeg_fm_theta_mean_full_change_precond"
2025-11-26 18:47:24.615906,25,"stress_label",10,128,0.0625,0.564102564102564,0.596153846153846,NA,10,"top10","eeg_tleft_sampent_full_change_precond;pupil_dilation_sd_full_change_precond;eeg_tleft_halpha_mean_full_change_precond;eeg_t_sampent_full_change_precond;eeg_c_theta_mean_full_change_precond;eeg_tleft_lalpha_mean_full_change_precond;eeg_fl_hbeta_mean_full_change_precond;gsr_skin_conductance_eda_tonic_mean_nk_full_change_precond;eeg_fr_sampent_full_change_precond;eeg_fm_theta_mean_full_change_precond"
2025-11-26 18:47:25.724608,25,"stress_label",10,256,0.0625,0.58974358974359,0.557692307692308,NA,10,"top10","eeg_tleft_sampent_full_change_precond;pupil_dilation_sd_full_change_precond;eeg_tleft_halpha_mean_full_change_precond;eeg_t_sampent_full_change_precond;eeg_c_theta_mean_full_change_precond;eeg_tleft_lalpha_mean_full_change_precond;eeg_fl_hbeta_mean_full_change_precond;gsr_skin_conductance_eda_tonic_mean_nk_full_change_precond;eeg_fr_sampent_full_change_precond;eeg_fm_theta_mean_full_change_precond"
2025-11-26 18:47:26.633982,25,"stress_label",10,2,0.125,0.628205128205128,0.596153846153846,NA,10,"top10","eeg_tleft_sampent_full_change_precond;pupil_dilation_sd_full_change_precond;eeg_tleft_halpha_mean_full_change_precond;eeg_t_sampent_full_change_precond;eeg_c_theta_mean_full_change_precond;eeg_tleft_lalpha_mean_full_change_precond;eeg_fl_hbeta_mean_full_change_precond;gsr_skin_conductance_eda_tonic_mean_nk_full_change_precond;eeg_fr_sampent_full_change_precond;eeg_fm_theta_mean_full_change_precond"
2025-11-26 18:47:27.580857,25,"stress_label",10,4,0.125,0.576923076923077,0.596153846153846,NA,10,"top10","eeg_tleft_sampent_full_change_precond;pupil_dilation_sd_full_change_precond;eeg_tleft_halpha_mean_full_change_precond;eeg_t_sampent_full_change_precond;eeg_c_theta_mean_full_change_precond;eeg_tleft_lalpha_mean_full_change_precond;eeg_fl_hbeta_mean_full_change_precond;gsr_skin_conductance_eda_tonic_mean_nk_full_change_precond;eeg_fr_sampent_full_change_precond;eeg_fm_theta_mean_full_change_precond"
2025-11-26 18:47:28.524069,25,"stress_label",10,8,0.125,0.551282051282051,0.58974358974359,NA,10,"top10","eeg_tleft_sampent_full_change_precond;pupil_dilation_sd_full_change_precond;eeg_tleft_halpha_mean_full_change_precond;eeg_t_sampent_full_change_precond;eeg_c_theta_mean_full_change_precond;eeg_tleft_lalpha_mean_full_change_precond;eeg_fl_hbeta_mean_full_change_precond;gsr_skin_conductance_eda_tonic_mean_nk_full_change_precond;eeg_fr_sampent_full_change_precond;eeg_fm_theta_mean_full_change_precond"
2025-11-26 18:47:29.512947,25,"stress_label",10,16,0.125,0.564102564102564,0.58974358974359,NA,10,"top10","eeg_tleft_sampent_full_change_precond;pupil_dilation_sd_full_change_precond;eeg_tleft_halpha_mean_full_change_precond;eeg_t_sampent_full_change_precond;eeg_c_theta_mean_full_change_precond;eeg_tleft_lalpha_mean_full_change_precond;eeg_fl_hbeta_mean_full_change_precond;gsr_skin_conductance_eda_tonic_mean_nk_full_change_precond;eeg_fr_sampent_full_change_precond;eeg_fm_theta_mean_full_change_precond"
2025-11-26 18:47:30.480165,25,"stress_label",10,32,0.125,0.557692307692308,0.596153846153846,NA,10,"top10","eeg_tleft_sampent_full_change_precond;pupil_dilation_sd_full_change_precond;eeg_tleft_halpha_mean_full_change_precond;eeg_t_sampent_full_change_precond;eeg_c_theta_mean_full_change_precond;eeg_tleft_lalpha_mean_full_change_precond;eeg_fl_hbeta_mean_full_change_precond;gsr_skin_conductance_eda_tonic_mean_nk_full_change_precond;eeg_fr_sampent_full_change_precond;eeg_fm_theta_mean_full_change_precond"
2025-11-26 18:47:31.44119,25,"stress_label",10,64,0.125,0.576923076923077,0.602564102564103,NA,10,"top10","eeg_tleft_sampent_full_change_precond;pupil_dilation_sd_full_change_precond;eeg_tleft_halpha_mean_full_change_precond;eeg_t_sampent_full_change_precond;eeg_c_theta_mean_full_change_precond;eeg_tleft_lalpha_mean_full_change_precond;eeg_fl_hbeta_mean_full_change_precond;gsr_skin_conductance_eda_tonic_mean_nk_full_change_precond;eeg_fr_sampent_full_change_precond;eeg_fm_theta_mean_full_change_precond"
2025-11-26 18:47:32.261086,25,"stress_label",10,128,0.125,0.576923076923077,0.602564102564103,NA,10,"top10","eeg_tleft_sampent_full_change_precond;pupil_dilation_sd_full_change_precond;eeg_tleft_halpha_mean_full_change_precond;eeg_t_sampent_full_change_precond;eeg_c_theta_mean_full_change_precond;eeg_tleft_lalpha_mean_full_change_precond;eeg_fl_hbeta_mean_full_change_precond;gsr_skin_conductance_eda_tonic_mean_nk_full_change_precond;eeg_fr_sampent_full_change_precond;eeg_fm_theta_mean_full_change_precond"
2025-11-26 18:47:33.220986,25,"stress_label",10,256,0.125,0.576923076923077,0.602564102564103,NA,10,"top10","eeg_tleft_sampent_full_change_precond;pupil_dilation_sd_full_change_precond;eeg_tleft_halpha_mean_full_change_precond;eeg_t_sampent_full_change_precond;eeg_c_theta_mean_full_change_precond;eeg_tleft_lalpha_mean_full_change_precond;eeg_fl_hbeta_mean_full_change_precond;gsr_skin_conductance_eda_tonic_mean_nk_full_change_precond;eeg_fr_sampent_full_change_precond;eeg_fm_theta_mean_full_change_precond"
2025-11-26 18:47:34.050684,25,"stress_label",10,2,0.03,0.557692307692308,0.621794871794872,0.494871794871795,10,"top10","eeg_tleft_sampent_full_change_precond;pupil_dilation_sd_full_change_precond;eeg_tleft_halpha_mean_full_change_precond;eeg_t_sampent_full_change_precond;eeg_c_theta_mean_full_change_precond;eeg_tleft_lalpha_mean_full_change_precond;eeg_fl_hbeta_mean_full_change_precond;gsr_skin_conductance_eda_tonic_mean_nk_full_change_precond;eeg_fr_sampent_full_change_precond;eeg_fm_theta_mean_full_change_precond"
2025-11-26 18:47:34.895979,25,"stress_label",10,4,0.03,0.596153846153846,0.615384615384615,0.544444444444444,10,"top10","eeg_tleft_sampent_full_change_precond;pupil_dilation_sd_full_change_precond;eeg_tleft_halpha_mean_full_change_precond;eeg_t_sampent_full_change_precond;eeg_c_theta_mean_full_change_precond;eeg_tleft_lalpha_mean_full_change_precond;eeg_fl_hbeta_mean_full_change_precond;gsr_skin_conductance_eda_tonic_mean_nk_full_change_precond;eeg_fr_sampent_full_change_precond;eeg_fm_theta_mean_full_change_precond"
2025-11-26 18:47:35.547711,25,"stress_label",10,8,0.03,0.596153846153846,0.621794871794872,0.567521367521368,10,"top10","eeg_tleft_sampent_full_change_precond;pupil_dilation_sd_full_change_precond;eeg_tleft_halpha_mean_full_change_precond;eeg_t_sampent_full_change_precond;eeg_c_theta_mean_full_change_precond;eeg_tleft_lalpha_mean_full_change_precond;eeg_fl_hbeta_mean_full_change_precond;gsr_skin_conductance_eda_tonic_mean_nk_full_change_precond;eeg_fr_sampent_full_change_precond;eeg_fm_theta_mean_full_change_precond"
2025-11-26 18:47:36.207229,25,"stress_label",10,16,0.03,0.602564102564103,0.583333333333333,0.574358974358974,10,"top10","eeg_tleft_sampent_full_change_precond;pupil_dilation_sd_full_change_precond;eeg_tleft_halpha_mean_full_change_precond;eeg_t_sampent_full_change_precond;eeg_c_theta_mean_full_change_precond;eeg_tleft_lalpha_mean_full_change_precond;eeg_fl_hbeta_mean_full_change_precond;gsr_skin_conductance_eda_tonic_mean_nk_full_change_precond;eeg_fr_sampent_full_change_precond;eeg_fm_theta_mean_full_change_precond"
2025-11-26 18:47:37.193182,25,"stress_label",10,32,0.03,0.621794871794872,0.602564102564103,NA,10,"top10","eeg_tleft_sampent_full_change_precond;pupil_dilation_sd_full_change_precond;eeg_tleft_halpha_mean_full_change_precond;eeg_t_sampent_full_change_precond;eeg_c_theta_mean_full_change_precond;eeg_tleft_lalpha_mean_full_change_precond;eeg_fl_hbeta_mean_full_change_precond;gsr_skin_conductance_eda_tonic_mean_nk_full_change_precond;eeg_fr_sampent_full_change_precond;eeg_fm_theta_mean_full_change_precond"
2025-11-26 18:47:37.940773,25,"stress_label",10,64,0.03,0.608974358974359,0.615384615384615,NA,10,"top10","eeg_tleft_sampent_full_change_precond;pupil_dilation_sd_full_change_precond;eeg_tleft_halpha_mean_full_change_precond;eeg_t_sampent_full_change_precond;eeg_c_theta_mean_full_change_precond;eeg_tleft_lalpha_mean_full_change_precond;eeg_fl_hbeta_mean_full_change_precond;gsr_skin_conductance_eda_tonic_mean_nk_full_change_precond;eeg_fr_sampent_full_change_precond;eeg_fm_theta_mean_full_change_precond"
2025-11-26 18:47:39.079382,25,"stress_label",10,128,0.03,0.532051282051282,0.57051282051282,NA,10,"top10","eeg_tleft_sampent_full_change_precond;pupil_dilation_sd_full_change_precond;eeg_tleft_halpha_mean_full_change_precond;eeg_t_sampent_full_change_precond;eeg_c_theta_mean_full_change_precond;eeg_tleft_lalpha_mean_full_change_precond;eeg_fl_hbeta_mean_full_change_precond;gsr_skin_conductance_eda_tonic_mean_nk_full_change_precond;eeg_fr_sampent_full_change_precond;eeg_fm_theta_mean_full_change_precond"
2025-11-26 18:47:40.446008,25,"stress_label",10,256,0.03,0.532051282051282,0.512820512820513,NA,10,"top10","eeg_tleft_sampent_full_change_precond;pupil_dilation_sd_full_change_precond;eeg_tleft_halpha_mean_full_change_precond;eeg_t_sampent_full_change_precond;eeg_c_theta_mean_full_change_precond;eeg_tleft_lalpha_mean_full_change_precond;eeg_fl_hbeta_mean_full_change_precond;gsr_skin_conductance_eda_tonic_mean_nk_full_change_precond;eeg_fr_sampent_full_change_precond;eeg_fm_theta_mean_full_change_precond"
2025-11-26 18:47:41.29051,25,"stress_label",10,2,0.06,0.557692307692308,0.602564102564103,0.496581196581197,10,"top10","eeg_tleft_sampent_full_change_precond;pupil_dilation_sd_full_change_precond;eeg_tleft_halpha_mean_full_change_precond;eeg_t_sampent_full_change_precond;eeg_c_theta_mean_full_change_precond;eeg_tleft_lalpha_mean_full_change_precond;eeg_fl_hbeta_mean_full_change_precond;gsr_skin_conductance_eda_tonic_mean_nk_full_change_precond;eeg_fr_sampent_full_change_precond;eeg_fm_theta_mean_full_change_precond"
2025-11-26 18:47:42.080037,25,"stress_label",10,4,0.06,0.58974358974359,0.583333333333333,NA,10,"top10","eeg_tleft_sampent_full_change_precond;pupil_dilation_sd_full_change_precond;eeg_tleft_halpha_mean_full_change_precond;eeg_t_sampent_full_change_precond;eeg_c_theta_mean_full_change_precond;eeg_tleft_lalpha_mean_full_change_precond;eeg_fl_hbeta_mean_full_change_precond;gsr_skin_conductance_eda_tonic_mean_nk_full_change_precond;eeg_fr_sampent_full_change_precond;eeg_fm_theta_mean_full_change_precond"
2025-11-26 18:47:42.946008,25,"stress_label",10,8,0.06,0.58974358974359,0.58974358974359,NA,10,"top10","eeg_tleft_sampent_full_change_precond;pupil_dilation_sd_full_change_precond;eeg_tleft_halpha_mean_full_change_precond;eeg_t_sampent_full_change_precond;eeg_c_theta_mean_full_change_precond;eeg_tleft_lalpha_mean_full_change_precond;eeg_fl_hbeta_mean_full_change_precond;gsr_skin_conductance_eda_tonic_mean_nk_full_change_precond;eeg_fr_sampent_full_change_precond;eeg_fm_theta_mean_full_change_precond"
2025-11-26 18:47:43.847604,25,"stress_label",10,16,0.06,0.57051282051282,0.576923076923077,NA,10,"top10","eeg_tleft_sampent_full_change_precond;pupil_dilation_sd_full_change_precond;eeg_tleft_halpha_mean_full_change_precond;eeg_t_sampent_full_change_precond;eeg_c_theta_mean_full_change_precond;eeg_tleft_lalpha_mean_full_change_precond;eeg_fl_hbeta_mean_full_change_precond;gsr_skin_conductance_eda_tonic_mean_nk_full_change_precond;eeg_fr_sampent_full_change_precond;eeg_fm_theta_mean_full_change_precond"
2025-11-26 18:47:44.846111,25,"stress_label",10,32,0.06,0.532051282051282,0.564102564102564,NA,10,"top10","eeg_tleft_sampent_full_change_precond;pupil_dilation_sd_full_change_precond;eeg_tleft_halpha_mean_full_change_precond;eeg_t_sampent_full_change_precond;eeg_c_theta_mean_full_change_precond;eeg_tleft_lalpha_mean_full_change_precond;eeg_fl_hbeta_mean_full_change_precond;gsr_skin_conductance_eda_tonic_mean_nk_full_change_precond;eeg_fr_sampent_full_change_precond;eeg_fm_theta_mean_full_change_precond"
2025-11-26 18:47:45.987373,25,"stress_label",10,64,0.06,0.544871794871795,0.576923076923077,NA,10,"top10","eeg_tleft_sampent_full_change_precond;pupil_dilation_sd_full_change_precond;eeg_tleft_halpha_mean_full_change_precond;eeg_t_sampent_full_change_precond;eeg_c_theta_mean_full_change_precond;eeg_tleft_lalpha_mean_full_change_precond;eeg_fl_hbeta_mean_full_change_precond;gsr_skin_conductance_eda_tonic_mean_nk_full_change_precond;eeg_fr_sampent_full_change_precond;eeg_fm_theta_mean_full_change_precond"
2025-11-26 18:47:47.170225,25,"stress_label",10,128,0.06,0.564102564102564,0.583333333333333,NA,10,"top10","eeg_tleft_sampent_full_change_precond;pupil_dilation_sd_full_change_precond;eeg_tleft_halpha_mean_full_change_precond;eeg_t_sampent_full_change_precond;eeg_c_theta_mean_full_change_precond;eeg_tleft_lalpha_mean_full_change_precond;eeg_fl_hbeta_mean_full_change_precond;gsr_skin_conductance_eda_tonic_mean_nk_full_change_precond;eeg_fr_sampent_full_change_precond;eeg_fm_theta_mean_full_change_precond"
2025-11-26 18:47:48.353283,25,"stress_label",10,256,0.06,0.58974358974359,0.557692307692308,NA,10,"top10","eeg_tleft_sampent_full_change_precond;pupil_dilation_sd_full_change_precond;eeg_tleft_halpha_mean_full_change_precond;eeg_t_sampent_full_change_precond;eeg_c_theta_mean_full_change_precond;eeg_tleft_lalpha_mean_full_change_precond;eeg_fl_hbeta_mean_full_change_precond;gsr_skin_conductance_eda_tonic_mean_nk_full_change_precond;eeg_fr_sampent_full_change_precond;eeg_fm_theta_mean_full_change_precond"
2025-11-26 18:47:49.150338,25,"stress_label",10,2,0.1,0.602564102564103,0.596153846153846,NA,10,"top10","eeg_tleft_sampent_full_change_precond;pupil_dilation_sd_full_change_precond;eeg_tleft_halpha_mean_full_change_precond;eeg_t_sampent_full_change_precond;eeg_c_theta_mean_full_change_precond;eeg_tleft_lalpha_mean_full_change_precond;eeg_fl_hbeta_mean_full_change_precond;gsr_skin_conductance_eda_tonic_mean_nk_full_change_precond;eeg_fr_sampent_full_change_precond;eeg_fm_theta_mean_full_change_precond"
2025-11-26 18:47:50.084521,25,"stress_label",10,4,0.1,0.608974358974359,0.602564102564103,NA,10,"top10","eeg_tleft_sampent_full_change_precond;pupil_dilation_sd_full_change_precond;eeg_tleft_halpha_mean_full_change_precond;eeg_t_sampent_full_change_precond;eeg_c_theta_mean_full_change_precond;eeg_tleft_lalpha_mean_full_change_precond;eeg_fl_hbeta_mean_full_change_precond;gsr_skin_conductance_eda_tonic_mean_nk_full_change_precond;eeg_fr_sampent_full_change_precond;eeg_fm_theta_mean_full_change_precond"
2025-11-26 18:47:51.011961,25,"stress_label",10,8,0.1,0.557692307692308,0.608974358974359,NA,10,"top10","eeg_tleft_sampent_full_change_precond;pupil_dilation_sd_full_change_precond;eeg_tleft_halpha_mean_full_change_precond;eeg_t_sampent_full_change_precond;eeg_c_theta_mean_full_change_precond;eeg_tleft_lalpha_mean_full_change_precond;eeg_fl_hbeta_mean_full_change_precond;gsr_skin_conductance_eda_tonic_mean_nk_full_change_precond;eeg_fr_sampent_full_change_precond;eeg_fm_theta_mean_full_change_precond"
2025-11-26 18:47:51.995399,25,"stress_label",10,16,0.1,0.551282051282051,0.576923076923077,NA,10,"top10","eeg_tleft_sampent_full_change_precond;pupil_dilation_sd_full_change_precond;eeg_tleft_halpha_mean_full_change_precond;eeg_t_sampent_full_change_precond;eeg_c_theta_mean_full_change_precond;eeg_tleft_lalpha_mean_full_change_precond;eeg_fl_hbeta_mean_full_change_precond;gsr_skin_conductance_eda_tonic_mean_nk_full_change_precond;eeg_fr_sampent_full_change_precond;eeg_fm_theta_mean_full_change_precond"
2025-11-26 18:47:53.033746,25,"stress_label",10,32,0.1,0.551282051282051,0.58974358974359,NA,10,"top10","eeg_tleft_sampent_full_change_precond;pupil_dilation_sd_full_change_precond;eeg_tleft_halpha_mean_full_change_precond;eeg_t_sampent_full_change_precond;eeg_c_theta_mean_full_change_precond;eeg_tleft_lalpha_mean_full_change_precond;eeg_fl_hbeta_mean_full_change_precond;gsr_skin_conductance_eda_tonic_mean_nk_full_change_precond;eeg_fr_sampent_full_change_precond;eeg_fm_theta_mean_full_change_precond"
2025-11-26 18:47:54.064081,25,"stress_label",10,64,0.1,0.583333333333333,0.602564102564103,NA,10,"top10","eeg_tleft_sampent_full_change_precond;pupil_dilation_sd_full_change_precond;eeg_tleft_halpha_mean_full_change_precond;eeg_t_sampent_full_change_precond;eeg_c_theta_mean_full_change_precond;eeg_tleft_lalpha_mean_full_change_precond;eeg_fl_hbeta_mean_full_change_precond;gsr_skin_conductance_eda_tonic_mean_nk_full_change_precond;eeg_fr_sampent_full_change_precond;eeg_fm_theta_mean_full_change_precond"
2025-11-26 18:47:55.081856,25,"stress_label",10,128,0.1,0.583333333333333,0.602564102564103,NA,10,"top10","eeg_tleft_sampent_full_change_precond;pupil_dilation_sd_full_change_precond;eeg_tleft_halpha_mean_full_change_precond;eeg_t_sampent_full_change_precond;eeg_c_theta_mean_full_change_precond;eeg_tleft_lalpha_mean_full_change_precond;eeg_fl_hbeta_mean_full_change_precond;gsr_skin_conductance_eda_tonic_mean_nk_full_change_precond;eeg_fr_sampent_full_change_precond;eeg_fm_theta_mean_full_change_precond"
2025-11-26 18:47:56.131053,25,"stress_label",10,256,0.1,0.583333333333333,0.602564102564103,NA,10,"top10","eeg_tleft_sampent_full_change_precond;pupil_dilation_sd_full_change_precond;eeg_tleft_halpha_mean_full_change_precond;eeg_t_sampent_full_change_precond;eeg_c_theta_mean_full_change_precond;eeg_tleft_lalpha_mean_full_change_precond;eeg_fl_hbeta_mean_full_change_precond;gsr_skin_conductance_eda_tonic_mean_nk_full_change_precond;eeg_fr_sampent_full_change_precond;eeg_fm_theta_mean_full_change_precond"
2025-11-26 18:47:56.97541,25,"stress_label",5,2,0.0078125,0.608974358974359,0.67948717948718,0.615384615384615,5,"top5","eeg_tleft_sampent_full_change_precond;pupil_dilation_sd_full_change_precond;eeg_tleft_halpha_mean_full_change_precond;eeg_t_sampent_full_change_precond;eeg_c_theta_mean_full_change_precond"
2025-11-26 18:47:57.777077,25,"stress_label",5,4,0.0078125,0.602564102564103,0.67948717948718,0.606837606837607,5,"top5","eeg_tleft_sampent_full_change_precond;pupil_dilation_sd_full_change_precond;eeg_tleft_halpha_mean_full_change_precond;eeg_t_sampent_full_change_precond;eeg_c_theta_mean_full_change_precond"
2025-11-26 18:47:58.547522,25,"stress_label",5,8,0.0078125,0.596153846153846,0.653846153846154,0.594871794871795,5,"top5","eeg_tleft_sampent_full_change_precond;pupil_dilation_sd_full_change_precond;eeg_tleft_halpha_mean_full_change_precond;eeg_t_sampent_full_change_precond;eeg_c_theta_mean_full_change_precond"
2025-11-26 18:47:59.304385,25,"stress_label",5,16,0.0078125,0.634615384615385,0.673076923076923,0.645299145299145,5,"top5","eeg_tleft_sampent_full_change_precond;pupil_dilation_sd_full_change_precond;eeg_tleft_halpha_mean_full_change_precond;eeg_t_sampent_full_change_precond;eeg_c_theta_mean_full_change_precond"
2025-11-26 18:48:00.02187,25,"stress_label",5,32,0.0078125,0.628205128205128,0.685897435897436,0.633333333333333,5,"top5","eeg_tleft_sampent_full_change_precond;pupil_dilation_sd_full_change_precond;eeg_tleft_halpha_mean_full_change_precond;eeg_t_sampent_full_change_precond;eeg_c_theta_mean_full_change_precond"
2025-11-26 18:48:00.673526,25,"stress_label",5,64,0.0078125,0.641025641025641,0.67948717948718,0.630769230769231,5,"top5","eeg_tleft_sampent_full_change_precond;pupil_dilation_sd_full_change_precond;eeg_tleft_halpha_mean_full_change_precond;eeg_t_sampent_full_change_precond;eeg_c_theta_mean_full_change_precond"
2025-11-26 18:48:01.466598,25,"stress_label",5,128,0.0078125,0.615384615384615,0.66025641025641,0.611111111111111,5,"top5","eeg_tleft_sampent_full_change_precond;pupil_dilation_sd_full_change_precond;eeg_tleft_halpha_mean_full_change_precond;eeg_t_sampent_full_change_precond;eeg_c_theta_mean_full_change_precond"
2025-11-26 18:48:02.296796,25,"stress_label",5,256,0.0078125,0.564102564102564,0.634615384615385,0.551282051282051,5,"top5","eeg_tleft_sampent_full_change_precond;pupil_dilation_sd_full_change_precond;eeg_tleft_halpha_mean_full_change_precond;eeg_t_sampent_full_change_precond;eeg_c_theta_mean_full_change_precond"
2025-11-26 18:48:03.07799,25,"stress_label",5,2,0.015625,0.602564102564103,0.67948717948718,0.606837606837607,5,"top5","eeg_tleft_sampent_full_change_precond;pupil_dilation_sd_full_change_precond;eeg_tleft_halpha_mean_full_change_precond;eeg_t_sampent_full_change_precond;eeg_c_theta_mean_full_change_precond"
2025-11-26 18:48:03.794352,25,"stress_label",5,4,0.015625,0.596153846153846,0.666666666666667,0.590598290598291,5,"top5","eeg_tleft_sampent_full_change_precond;pupil_dilation_sd_full_change_precond;eeg_tleft_halpha_mean_full_change_precond;eeg_t_sampent_full_change_precond;eeg_c_theta_mean_full_change_precond"
2025-11-26 18:48:04.576351,25,"stress_label",5,8,0.015625,0.634615384615385,0.67948717948718,0.641880341880342,5,"top5","eeg_tleft_sampent_full_change_precond;pupil_dilation_sd_full_change_precond;eeg_tleft_halpha_mean_full_change_precond;eeg_t_sampent_full_change_precond;eeg_c_theta_mean_full_change_precond"
2025-11-26 18:48:05.252758,25,"stress_label",5,16,0.015625,0.628205128205128,0.67948717948718,0.621367521367521,5,"top5","eeg_tleft_sampent_full_change_precond;pupil_dilation_sd_full_change_precond;eeg_tleft_halpha_mean_full_change_precond;eeg_t_sampent_full_change_precond;eeg_c_theta_mean_full_change_precond"
2025-11-26 18:48:05.939188,25,"stress_label",5,32,0.015625,0.608974358974359,0.653846153846154,0.608547008547009,5,"top5","eeg_tleft_sampent_full_change_precond;pupil_dilation_sd_full_change_precond;eeg_tleft_halpha_mean_full_change_precond;eeg_t_sampent_full_change_precond;eeg_c_theta_mean_full_change_precond"
2025-11-26 18:48:06.665119,25,"stress_label",5,64,0.015625,0.564102564102564,0.634615384615385,0.551282051282051,5,"top5","eeg_tleft_sampent_full_change_precond;pupil_dilation_sd_full_change_precond;eeg_tleft_halpha_mean_full_change_precond;eeg_t_sampent_full_change_precond;eeg_c_theta_mean_full_change_precond"
2025-11-26 18:48:07.509874,25,"stress_label",5,128,0.015625,0.576923076923077,0.615384615384615,0.541025641025641,5,"top5","eeg_tleft_sampent_full_change_precond;pupil_dilation_sd_full_change_precond;eeg_tleft_halpha_mean_full_change_precond;eeg_t_sampent_full_change_precond;eeg_c_theta_mean_full_change_precond"
2025-11-26 18:48:08.412176,25,"stress_label",5,256,0.015625,0.576923076923077,0.602564102564103,NA,5,"top5","eeg_tleft_sampent_full_change_precond;pupil_dilation_sd_full_change_precond;eeg_tleft_halpha_mean_full_change_precond;eeg_t_sampent_full_change_precond;eeg_c_theta_mean_full_change_precond"
2025-11-26 18:48:09.190493,25,"stress_label",5,2,0.03125,0.615384615384615,0.673076923076923,0.616239316239316,5,"top5","eeg_tleft_sampent_full_change_precond;pupil_dilation_sd_full_change_precond;eeg_tleft_halpha_mean_full_change_precond;eeg_t_sampent_full_change_precond;eeg_c_theta_mean_full_change_precond"
2025-11-26 18:48:09.931425,25,"stress_label",5,4,0.03125,0.615384615384615,0.666666666666667,0.623076923076923,5,"top5","eeg_tleft_sampent_full_change_precond;pupil_dilation_sd_full_change_precond;eeg_tleft_halpha_mean_full_change_precond;eeg_t_sampent_full_change_precond;eeg_c_theta_mean_full_change_precond"
2025-11-26 18:48:10.546012,25,"stress_label",5,8,0.03125,0.596153846153846,0.653846153846154,0.595726495726496,5,"top5","eeg_tleft_sampent_full_change_precond;pupil_dilation_sd_full_change_precond;eeg_tleft_halpha_mean_full_change_precond;eeg_t_sampent_full_change_precond;eeg_c_theta_mean_full_change_precond"
2025-11-26 18:48:11.308825,25,"stress_label",5,16,0.03125,0.564102564102564,0.634615384615385,0.545299145299145,5,"top5","eeg_tleft_sampent_full_change_precond;pupil_dilation_sd_full_change_precond;eeg_tleft_halpha_mean_full_change_precond;eeg_t_sampent_full_change_precond;eeg_c_theta_mean_full_change_precond"
2025-11-26 18:48:12.096592,25,"stress_label",5,32,0.03125,0.564102564102564,0.608974358974359,0.541025641025641,5,"top5","eeg_tleft_sampent_full_change_precond;pupil_dilation_sd_full_change_precond;eeg_tleft_halpha_mean_full_change_precond;eeg_t_sampent_full_change_precond;eeg_c_theta_mean_full_change_precond"
2025-11-26 18:48:12.900011,25,"stress_label",5,64,0.03125,0.557692307692308,0.583333333333333,NA,5,"top5","eeg_tleft_sampent_full_change_precond;pupil_dilation_sd_full_change_precond;eeg_tleft_halpha_mean_full_change_precond;eeg_t_sampent_full_change_precond;eeg_c_theta_mean_full_change_precond"
2025-11-26 18:48:13.834012,25,"stress_label",5,128,0.03125,0.583333333333333,0.608974358974359,NA,5,"top5","eeg_tleft_sampent_full_change_precond;pupil_dilation_sd_full_change_precond;eeg_tleft_halpha_mean_full_change_precond;eeg_t_sampent_full_change_precond;eeg_c_theta_mean_full_change_precond"
2025-11-26 18:48:14.93743,25,"stress_label",5,256,0.03125,0.576923076923077,0.583333333333333,NA,5,"top5","eeg_tleft_sampent_full_change_precond;pupil_dilation_sd_full_change_precond;eeg_tleft_halpha_mean_full_change_precond;eeg_t_sampent_full_change_precond;eeg_c_theta_mean_full_change_precond"
2025-11-26 18:48:15.701812,25,"stress_label",5,2,0.0625,0.544871794871795,0.628205128205128,0.517094017094017,5,"top5","eeg_tleft_sampent_full_change_precond;pupil_dilation_sd_full_change_precond;eeg_tleft_halpha_mean_full_change_precond;eeg_t_sampent_full_change_precond;eeg_c_theta_mean_full_change_precond"
2025-11-26 18:48:16.46064,25,"stress_label",5,4,0.0625,0.583333333333333,0.641025641025641,0.554700854700855,5,"top5","eeg_tleft_sampent_full_change_precond;pupil_dilation_sd_full_change_precond;eeg_tleft_halpha_mean_full_change_precond;eeg_t_sampent_full_change_precond;eeg_c_theta_mean_full_change_precond"
2025-11-26 18:48:17.245565,25,"stress_label",5,8,0.0625,0.544871794871795,0.602564102564103,0.517094017094017,5,"top5","eeg_tleft_sampent_full_change_precond;pupil_dilation_sd_full_change_precond;eeg_tleft_halpha_mean_full_change_precond;eeg_t_sampent_full_change_precond;eeg_c_theta_mean_full_change_precond"
2025-11-26 18:48:17.991886,25,"stress_label",5,16,0.0625,0.538461538461538,0.58974358974359,NA,5,"top5","eeg_tleft_sampent_full_change_precond;pupil_dilation_sd_full_change_precond;eeg_tleft_halpha_mean_full_change_precond;eeg_t_sampent_full_change_precond;eeg_c_theta_mean_full_change_precond"
2025-11-26 18:48:18.833875,25,"stress_label",5,32,0.0625,0.583333333333333,0.58974358974359,NA,5,"top5","eeg_tleft_sampent_full_change_precond;pupil_dilation_sd_full_change_precond;eeg_tleft_halpha_mean_full_change_precond;eeg_t_sampent_full_change_precond;eeg_c_theta_mean_full_change_precond"
2025-11-26 18:48:19.758058,25,"stress_label",5,64,0.0625,0.57051282051282,0.58974358974359,NA,5,"top5","eeg_tleft_sampent_full_change_precond;pupil_dilation_sd_full_change_precond;eeg_tleft_halpha_mean_full_change_precond;eeg_t_sampent_full_change_precond;eeg_c_theta_mean_full_change_precond"
2025-11-26 18:48:20.807753,25,"stress_label",5,128,0.0625,0.58974358974359,0.615384615384615,0.572649572649573,5,"top5","eeg_tleft_sampent_full_change_precond;pupil_dilation_sd_full_change_precond;eeg_tleft_halpha_mean_full_change_precond;eeg_t_sampent_full_change_precond;eeg_c_theta_mean_full_change_precond"
2025-11-26 18:48:22.066308,25,"stress_label",5,256,0.0625,0.596153846153846,0.602564102564103,0.57948717948718,5,"top5","eeg_tleft_sampent_full_change_precond;pupil_dilation_sd_full_change_precond;eeg_tleft_halpha_mean_full_change_precond;eeg_t_sampent_full_change_precond;eeg_c_theta_mean_full_change_precond"
2025-11-26 18:48:22.825384,25,"stress_label",5,2,0.125,0.57051282051282,0.608974358974359,0.538461538461538,5,"top5","eeg_tleft_sampent_full_change_precond;pupil_dilation_sd_full_change_precond;eeg_tleft_halpha_mean_full_change_precond;eeg_t_sampent_full_change_precond;eeg_c_theta_mean_full_change_precond"
2025-11-26 18:48:23.604842,25,"stress_label",5,4,0.125,0.557692307692308,0.608974358974359,NA,5,"top5","eeg_tleft_sampent_full_change_precond;pupil_dilation_sd_full_change_precond;eeg_tleft_halpha_mean_full_change_precond;eeg_t_sampent_full_change_precond;eeg_c_theta_mean_full_change_precond"
2025-11-26 18:48:24.427398,25,"stress_label",5,8,0.125,0.583333333333333,0.608974358974359,NA,5,"top5","eeg_tleft_sampent_full_change_precond;pupil_dilation_sd_full_change_precond;eeg_tleft_halpha_mean_full_change_precond;eeg_t_sampent_full_change_precond;eeg_c_theta_mean_full_change_precond"
2025-11-26 18:48:25.24803,25,"stress_label",5,16,0.125,0.596153846153846,0.615384615384615,0.569230769230769,5,"top5","eeg_tleft_sampent_full_change_precond;pupil_dilation_sd_full_change_precond;eeg_tleft_halpha_mean_full_change_precond;eeg_t_sampent_full_change_precond;eeg_c_theta_mean_full_change_precond"
2025-11-26 18:48:26.339128,25,"stress_label",5,32,0.125,0.602564102564103,0.621794871794872,0.587179487179487,5,"top5","eeg_tleft_sampent_full_change_precond;pupil_dilation_sd_full_change_precond;eeg_tleft_halpha_mean_full_change_precond;eeg_t_sampent_full_change_precond;eeg_c_theta_mean_full_change_precond"
2025-11-26 18:48:27.291643,25,"stress_label",5,64,0.125,0.602564102564103,0.615384615384615,0.597435897435897,5,"top5","eeg_tleft_sampent_full_change_precond;pupil_dilation_sd_full_change_precond;eeg_tleft_halpha_mean_full_change_precond;eeg_t_sampent_full_change_precond;eeg_c_theta_mean_full_change_precond"
2025-11-26 18:48:28.278701,25,"stress_label",5,128,0.125,0.621794871794872,0.628205128205128,0.615384615384615,5,"top5","eeg_tleft_sampent_full_change_precond;pupil_dilation_sd_full_change_precond;eeg_tleft_halpha_mean_full_change_precond;eeg_t_sampent_full_change_precond;eeg_c_theta_mean_full_change_precond"
2025-11-26 18:48:29.70521,25,"stress_label",5,256,0.125,0.596153846153846,0.602564102564103,0.586324786324786,5,"top5","eeg_tleft_sampent_full_change_precond;pupil_dilation_sd_full_change_precond;eeg_tleft_halpha_mean_full_change_precond;eeg_t_sampent_full_change_precond;eeg_c_theta_mean_full_change_precond"
2025-11-26 18:48:30.46889,25,"stress_label",5,2,0.03,0.615384615384615,0.673076923076923,0.616239316239316,5,"top5","eeg_tleft_sampent_full_change_precond;pupil_dilation_sd_full_change_precond;eeg_tleft_halpha_mean_full_change_precond;eeg_t_sampent_full_change_precond;eeg_c_theta_mean_full_change_precond"
2025-11-26 18:48:31.096383,25,"stress_label",5,4,0.03,0.608974358974359,0.673076923076923,0.614529914529915,5,"top5","eeg_tleft_sampent_full_change_precond;pupil_dilation_sd_full_change_precond;eeg_tleft_halpha_mean_full_change_precond;eeg_t_sampent_full_change_precond;eeg_c_theta_mean_full_change_precond"
2025-11-26 18:48:31.850941,25,"stress_label",5,8,0.03,0.596153846153846,0.653846153846154,0.595726495726496,5,"top5","eeg_tleft_sampent_full_change_precond;pupil_dilation_sd_full_change_precond;eeg_tleft_halpha_mean_full_change_precond;eeg_t_sampent_full_change_precond;eeg_c_theta_mean_full_change_precond"
2025-11-26 18:48:32.615739,25,"stress_label",5,16,0.03,0.564102564102564,0.634615384615385,0.545299145299145,5,"top5","eeg_tleft_sampent_full_change_precond;pupil_dilation_sd_full_change_precond;eeg_tleft_halpha_mean_full_change_precond;eeg_t_sampent_full_change_precond;eeg_c_theta_mean_full_change_precond"
2025-11-26 18:48:33.403818,25,"stress_label",5,32,0.03,0.564102564102564,0.615384615384615,0.541025641025641,5,"top5","eeg_tleft_sampent_full_change_precond;pupil_dilation_sd_full_change_precond;eeg_tleft_halpha_mean_full_change_precond;eeg_t_sampent_full_change_precond;eeg_c_theta_mean_full_change_precond"
2025-11-26 18:48:34.230695,25,"stress_label",5,64,0.03,0.557692307692308,0.583333333333333,0.529059829059829,5,"top5","eeg_tleft_sampent_full_change_precond;pupil_dilation_sd_full_change_precond;eeg_tleft_halpha_mean_full_change_precond;eeg_t_sampent_full_change_precond;eeg_c_theta_mean_full_change_precond"
2025-11-26 18:48:35.112278,25,"stress_label",5,128,0.03,0.576923076923077,0.602564102564103,NA,5,"top5","eeg_tleft_sampent_full_change_precond;pupil_dilation_sd_full_change_precond;eeg_tleft_halpha_mean_full_change_precond;eeg_t_sampent_full_change_precond;eeg_c_theta_mean_full_change_precond"
2025-11-26 18:48:36.177559,25,"stress_label",5,256,0.03,0.576923076923077,0.557692307692308,NA,5,"top5","eeg_tleft_sampent_full_change_precond;pupil_dilation_sd_full_change_precond;eeg_tleft_halpha_mean_full_change_precond;eeg_t_sampent_full_change_precond;eeg_c_theta_mean_full_change_precond"
2025-11-26 18:48:36.932116,25,"stress_label",5,2,0.06,0.564102564102564,0.621794871794872,0.546153846153846,5,"top5","eeg_tleft_sampent_full_change_precond;pupil_dilation_sd_full_change_precond;eeg_tleft_halpha_mean_full_change_precond;eeg_t_sampent_full_change_precond;eeg_c_theta_mean_full_change_precond"
2025-11-26 18:48:37.679632,25,"stress_label",5,4,0.06,0.583333333333333,0.641025641025641,0.554700854700855,5,"top5","eeg_tleft_sampent_full_change_precond;pupil_dilation_sd_full_change_precond;eeg_tleft_halpha_mean_full_change_precond;eeg_t_sampent_full_change_precond;eeg_c_theta_mean_full_change_precond"
2025-11-26 18:48:38.438811,25,"stress_label",5,8,0.06,0.544871794871795,0.608974358974359,0.512820512820513,5,"top5","eeg_tleft_sampent_full_change_precond;pupil_dilation_sd_full_change_precond;eeg_tleft_halpha_mean_full_change_precond;eeg_t_sampent_full_change_precond;eeg_c_theta_mean_full_change_precond"
2025-11-26 18:48:39.165605,25,"stress_label",5,16,0.06,0.532051282051282,0.583333333333333,0.509401709401709,5,"top5","eeg_tleft_sampent_full_change_precond;pupil_dilation_sd_full_change_precond;eeg_tleft_halpha_mean_full_change_precond;eeg_t_sampent_full_change_precond;eeg_c_theta_mean_full_change_precond"
2025-11-26 18:48:39.814495,25,"stress_label",5,32,0.06,0.583333333333333,0.58974358974359,NA,5,"top5","eeg_tleft_sampent_full_change_precond;pupil_dilation_sd_full_change_precond;eeg_tleft_halpha_mean_full_change_precond;eeg_t_sampent_full_change_precond;eeg_c_theta_mean_full_change_precond"
2025-11-26 18:48:40.593207,25,"stress_label",5,64,0.06,0.564102564102564,0.596153846153846,NA,5,"top5","eeg_tleft_sampent_full_change_precond;pupil_dilation_sd_full_change_precond;eeg_tleft_halpha_mean_full_change_precond;eeg_t_sampent_full_change_precond;eeg_c_theta_mean_full_change_precond"
2025-11-26 18:48:41.51678,25,"stress_label",5,128,0.06,0.583333333333333,0.615384615384615,0.568376068376068,5,"top5","eeg_tleft_sampent_full_change_precond;pupil_dilation_sd_full_change_precond;eeg_tleft_halpha_mean_full_change_precond;eeg_t_sampent_full_change_precond;eeg_c_theta_mean_full_change_precond"
2025-11-26 18:48:42.712336,25,"stress_label",5,256,0.06,0.596153846153846,0.615384615384615,0.57948717948718,5,"top5","eeg_tleft_sampent_full_change_precond;pupil_dilation_sd_full_change_precond;eeg_tleft_halpha_mean_full_change_precond;eeg_t_sampent_full_change_precond;eeg_c_theta_mean_full_change_precond"
2025-11-26 18:48:43.466473,25,"stress_label",5,2,0.1,0.557692307692308,0.634615384615385,0.520512820512821,5,"top5","eeg_tleft_sampent_full_change_precond;pupil_dilation_sd_full_change_precond;eeg_tleft_halpha_mean_full_change_precond;eeg_t_sampent_full_change_precond;eeg_c_theta_mean_full_change_precond"
2025-11-26 18:48:44.116502,25,"stress_label",5,4,0.1,0.538461538461538,0.596153846153846,0.516239316239316,5,"top5","eeg_tleft_sampent_full_change_precond;pupil_dilation_sd_full_change_precond;eeg_tleft_halpha_mean_full_change_precond;eeg_t_sampent_full_change_precond;eeg_c_theta_mean_full_change_precond"
2025-11-26 18:48:44.886028,25,"stress_label",5,8,0.1,0.538461538461538,0.58974358974359,NA,5,"top5","eeg_tleft_sampent_full_change_precond;pupil_dilation_sd_full_change_precond;eeg_tleft_halpha_mean_full_change_precond;eeg_t_sampent_full_change_precond;eeg_c_theta_mean_full_change_precond"
2025-11-26 18:48:45.696653,25,"stress_label",5,16,0.1,0.583333333333333,0.602564102564103,NA,5,"top5","eeg_tleft_sampent_full_change_precond;pupil_dilation_sd_full_change_precond;eeg_tleft_halpha_mean_full_change_precond;eeg_t_sampent_full_change_precond;eeg_c_theta_mean_full_change_precond"
2025-11-26 18:48:46.422121,25,"stress_label",5,32,0.1,0.596153846153846,0.615384615384615,0.584615384615385,5,"top5","eeg_tleft_sampent_full_change_precond;pupil_dilation_sd_full_change_precond;eeg_tleft_halpha_mean_full_change_precond;eeg_t_sampent_full_change_precond;eeg_c_theta_mean_full_change_precond"
2025-11-26 18:48:47.268624,25,"stress_label",5,64,0.1,0.58974358974359,0.621794871794872,0.561538461538462,5,"top5","eeg_tleft_sampent_full_change_precond;pupil_dilation_sd_full_change_precond;eeg_tleft_halpha_mean_full_change_precond;eeg_t_sampent_full_change_precond;eeg_c_theta_mean_full_change_precond"
2025-11-26 18:48:48.392425,25,"stress_label",5,128,0.1,0.602564102564103,0.615384615384615,0.58974358974359,5,"top5","eeg_tleft_sampent_full_change_precond;pupil_dilation_sd_full_change_precond;eeg_tleft_halpha_mean_full_change_precond;eeg_t_sampent_full_change_precond;eeg_c_theta_mean_full_change_precond"
2025-11-26 18:48:49.697411,25,"stress_label",5,256,0.1,0.628205128205128,0.628205128205128,0.623076923076923,5,"top5","eeg_tleft_sampent_full_change_precond;pupil_dilation_sd_full_change_precond;eeg_tleft_halpha_mean_full_change_precond;eeg_t_sampent_full_change_precond;eeg_c_theta_mean_full_change_precond"
2025-11-26 18:48:50.749431,26,"stress_label",20,2,0.0078125,0.538461538461538,0.615384615384615,0.513675213675214,20,"top20","eeg_tleft_sampent_full_change_precond;eeg_c_theta_mean_full_change_precond;pupil_dilation_sd_full_change_precond;eeg_tleft_halpha_mean_full_change_precond;eeg_fl_hbeta_mean_full_change_precond;eeg_pright_sampent_full_change_precond;eeg_tleft_lalpha_mean_full_change_precond;eeg_t_sampent_full_change_precond;gsr_skin_conductance_eda_tonic_mean_nk_full_change_precond;eeg_fm_theta_mean_full_change_precond;hrv_rmssd_full_change_precond;eeg_fr_sampent_full_change_precond;eeg_tleft_hbeta_mean_full_change_precond;eeg_tright_halpha_mean_full_change_precond;eeg_fm_sampent_full_change_precond;eeg_pleft_halpha_mean_full_change_precond;gsr_skin_conductance_eda_pkrate_nk_full_change_precond;hr_heartrate_bpm_med_abs_full_change_precond;eeg_pleft_lbeta_mean_full_change_precond;eeg_ab_ratio_full_change_precond"
2025-11-26 18:48:51.647701,26,"stress_label",20,4,0.0078125,0.551282051282051,0.628205128205128,0.533333333333333,20,"top20","eeg_tleft_sampent_full_change_precond;eeg_c_theta_mean_full_change_precond;pupil_dilation_sd_full_change_precond;eeg_tleft_halpha_mean_full_change_precond;eeg_fl_hbeta_mean_full_change_precond;eeg_pright_sampent_full_change_precond;eeg_tleft_lalpha_mean_full_change_precond;eeg_t_sampent_full_change_precond;gsr_skin_conductance_eda_tonic_mean_nk_full_change_precond;eeg_fm_theta_mean_full_change_precond;hrv_rmssd_full_change_precond;eeg_fr_sampent_full_change_precond;eeg_tleft_hbeta_mean_full_change_precond;eeg_tright_halpha_mean_full_change_precond;eeg_fm_sampent_full_change_precond;eeg_pleft_halpha_mean_full_change_precond;gsr_skin_conductance_eda_pkrate_nk_full_change_precond;hr_heartrate_bpm_med_abs_full_change_precond;eeg_pleft_lbeta_mean_full_change_precond;eeg_ab_ratio_full_change_precond"
2025-11-26 18:48:52.703694,26,"stress_label",20,8,0.0078125,0.564102564102564,0.608974358974359,0.538461538461538,20,"top20","eeg_tleft_sampent_full_change_precond;eeg_c_theta_mean_full_change_precond;pupil_dilation_sd_full_change_precond;eeg_tleft_halpha_mean_full_change_precond;eeg_fl_hbeta_mean_full_change_precond;eeg_pright_sampent_full_change_precond;eeg_tleft_lalpha_mean_full_change_precond;eeg_t_sampent_full_change_precond;gsr_skin_conductance_eda_tonic_mean_nk_full_change_precond;eeg_fm_theta_mean_full_change_precond;hrv_rmssd_full_change_precond;eeg_fr_sampent_full_change_precond;eeg_tleft_hbeta_mean_full_change_precond;eeg_tright_halpha_mean_full_change_precond;eeg_fm_sampent_full_change_precond;eeg_pleft_halpha_mean_full_change_precond;gsr_skin_conductance_eda_pkrate_nk_full_change_precond;hr_heartrate_bpm_med_abs_full_change_precond;eeg_pleft_lbeta_mean_full_change_precond;eeg_ab_ratio_full_change_precond"
2025-11-26 18:48:53.739012,26,"stress_label",20,16,0.0078125,0.538461538461538,0.57051282051282,0.533333333333333,20,"top20","eeg_tleft_sampent_full_change_precond;eeg_c_theta_mean_full_change_precond;pupil_dilation_sd_full_change_precond;eeg_tleft_halpha_mean_full_change_precond;eeg_fl_hbeta_mean_full_change_precond;eeg_pright_sampent_full_change_precond;eeg_tleft_lalpha_mean_full_change_precond;eeg_t_sampent_full_change_precond;gsr_skin_conductance_eda_tonic_mean_nk_full_change_precond;eeg_fm_theta_mean_full_change_precond;hrv_rmssd_full_change_precond;eeg_fr_sampent_full_change_precond;eeg_tleft_hbeta_mean_full_change_precond;eeg_tright_halpha_mean_full_change_precond;eeg_fm_sampent_full_change_precond;eeg_pleft_halpha_mean_full_change_precond;gsr_skin_conductance_eda_pkrate_nk_full_change_precond;hr_heartrate_bpm_med_abs_full_change_precond;eeg_pleft_lbeta_mean_full_change_precond;eeg_ab_ratio_full_change_precond"
2025-11-26 18:48:54.820036,26,"stress_label",20,32,0.0078125,0.538461538461538,0.576923076923077,NA,20,"top20","eeg_tleft_sampent_full_change_precond;eeg_c_theta_mean_full_change_precond;pupil_dilation_sd_full_change_precond;eeg_tleft_halpha_mean_full_change_precond;eeg_fl_hbeta_mean_full_change_precond;eeg_pright_sampent_full_change_precond;eeg_tleft_lalpha_mean_full_change_precond;eeg_t_sampent_full_change_precond;gsr_skin_conductance_eda_tonic_mean_nk_full_change_precond;eeg_fm_theta_mean_full_change_precond;hrv_rmssd_full_change_precond;eeg_fr_sampent_full_change_precond;eeg_tleft_hbeta_mean_full_change_precond;eeg_tright_halpha_mean_full_change_precond;eeg_fm_sampent_full_change_precond;eeg_pleft_halpha_mean_full_change_precond;gsr_skin_conductance_eda_pkrate_nk_full_change_precond;hr_heartrate_bpm_med_abs_full_change_precond;eeg_pleft_lbeta_mean_full_change_precond;eeg_ab_ratio_full_change_precond"
2025-11-26 18:48:55.996376,26,"stress_label",20,64,0.0078125,0.532051282051282,0.512820512820513,NA,20,"top20","eeg_tleft_sampent_full_change_precond;eeg_c_theta_mean_full_change_precond;pupil_dilation_sd_full_change_precond;eeg_tleft_halpha_mean_full_change_precond;eeg_fl_hbeta_mean_full_change_precond;eeg_pright_sampent_full_change_precond;eeg_tleft_lalpha_mean_full_change_precond;eeg_t_sampent_full_change_precond;gsr_skin_conductance_eda_tonic_mean_nk_full_change_precond;eeg_fm_theta_mean_full_change_precond;hrv_rmssd_full_change_precond;eeg_fr_sampent_full_change_precond;eeg_tleft_hbeta_mean_full_change_precond;eeg_tright_halpha_mean_full_change_precond;eeg_fm_sampent_full_change_precond;eeg_pleft_halpha_mean_full_change_precond;gsr_skin_conductance_eda_pkrate_nk_full_change_precond;hr_heartrate_bpm_med_abs_full_change_precond;eeg_pleft_lbeta_mean_full_change_precond;eeg_ab_ratio_full_change_precond"
2025-11-26 18:48:57.306213,26,"stress_label",20,128,0.0078125,0.544871794871795,0.5,NA,20,"top20","eeg_tleft_sampent_full_change_precond;eeg_c_theta_mean_full_change_precond;pupil_dilation_sd_full_change_precond;eeg_tleft_halpha_mean_full_change_precond;eeg_fl_hbeta_mean_full_change_precond;eeg_pright_sampent_full_change_precond;eeg_tleft_lalpha_mean_full_change_precond;eeg_t_sampent_full_change_precond;gsr_skin_conductance_eda_tonic_mean_nk_full_change_precond;eeg_fm_theta_mean_full_change_precond;hrv_rmssd_full_change_precond;eeg_fr_sampent_full_change_precond;eeg_tleft_hbeta_mean_full_change_precond;eeg_tright_halpha_mean_full_change_precond;eeg_fm_sampent_full_change_precond;eeg_pleft_halpha_mean_full_change_precond;gsr_skin_conductance_eda_pkrate_nk_full_change_precond;hr_heartrate_bpm_med_abs_full_change_precond;eeg_pleft_lbeta_mean_full_change_precond;eeg_ab_ratio_full_change_precond"
2025-11-26 18:48:58.926898,26,"stress_label",20,256,0.0078125,0.532051282051282,0.557692307692308,NA,20,"top20","eeg_tleft_sampent_full_change_precond;eeg_c_theta_mean_full_change_precond;pupil_dilation_sd_full_change_precond;eeg_tleft_halpha_mean_full_change_precond;eeg_fl_hbeta_mean_full_change_precond;eeg_pright_sampent_full_change_precond;eeg_tleft_lalpha_mean_full_change_precond;eeg_t_sampent_full_change_precond;gsr_skin_conductance_eda_tonic_mean_nk_full_change_precond;eeg_fm_theta_mean_full_change_precond;hrv_rmssd_full_change_precond;eeg_fr_sampent_full_change_precond;eeg_tleft_hbeta_mean_full_change_precond;eeg_tright_halpha_mean_full_change_precond;eeg_fm_sampent_full_change_precond;eeg_pleft_halpha_mean_full_change_precond;gsr_skin_conductance_eda_pkrate_nk_full_change_precond;hr_heartrate_bpm_med_abs_full_change_precond;eeg_pleft_lbeta_mean_full_change_precond;eeg_ab_ratio_full_change_precond"
2025-11-26 18:48:59.976559,26,"stress_label",20,2,0.015625,0.544871794871795,0.628205128205128,0.523076923076923,20,"top20","eeg_tleft_sampent_full_change_precond;eeg_c_theta_mean_full_change_precond;pupil_dilation_sd_full_change_precond;eeg_tleft_halpha_mean_full_change_precond;eeg_fl_hbeta_mean_full_change_precond;eeg_pright_sampent_full_change_precond;eeg_tleft_lalpha_mean_full_change_precond;eeg_t_sampent_full_change_precond;gsr_skin_conductance_eda_tonic_mean_nk_full_change_precond;eeg_fm_theta_mean_full_change_precond;hrv_rmssd_full_change_precond;eeg_fr_sampent_full_change_precond;eeg_tleft_hbeta_mean_full_change_precond;eeg_tright_halpha_mean_full_change_precond;eeg_fm_sampent_full_change_precond;eeg_pleft_halpha_mean_full_change_precond;gsr_skin_conductance_eda_pkrate_nk_full_change_precond;hr_heartrate_bpm_med_abs_full_change_precond;eeg_pleft_lbeta_mean_full_change_precond;eeg_ab_ratio_full_change_precond"
2025-11-26 18:49:00.995364,26,"stress_label",20,4,0.015625,0.551282051282051,0.615384615384615,0.525641025641026,20,"top20","eeg_tleft_sampent_full_change_precond;eeg_c_theta_mean_full_change_precond;pupil_dilation_sd_full_change_precond;eeg_tleft_halpha_mean_full_change_precond;eeg_fl_hbeta_mean_full_change_precond;eeg_pright_sampent_full_change_precond;eeg_tleft_lalpha_mean_full_change_precond;eeg_t_sampent_full_change_precond;gsr_skin_conductance_eda_tonic_mean_nk_full_change_precond;eeg_fm_theta_mean_full_change_precond;hrv_rmssd_full_change_precond;eeg_fr_sampent_full_change_precond;eeg_tleft_hbeta_mean_full_change_precond;eeg_tright_halpha_mean_full_change_precond;eeg_fm_sampent_full_change_precond;eeg_pleft_halpha_mean_full_change_precond;gsr_skin_conductance_eda_pkrate_nk_full_change_precond;hr_heartrate_bpm_med_abs_full_change_precond;eeg_pleft_lbeta_mean_full_change_precond;eeg_ab_ratio_full_change_precond"
2025-11-26 18:49:01.993468,26,"stress_label",20,8,0.015625,0.544871794871795,0.557692307692308,0.530769230769231,20,"top20","eeg_tleft_sampent_full_change_precond;eeg_c_theta_mean_full_change_precond;pupil_dilation_sd_full_change_precond;eeg_tleft_halpha_mean_full_change_precond;eeg_fl_hbeta_mean_full_change_precond;eeg_pright_sampent_full_change_precond;eeg_tleft_lalpha_mean_full_change_precond;eeg_t_sampent_full_change_precond;gsr_skin_conductance_eda_tonic_mean_nk_full_change_precond;eeg_fm_theta_mean_full_change_precond;hrv_rmssd_full_change_precond;eeg_fr_sampent_full_change_precond;eeg_tleft_hbeta_mean_full_change_precond;eeg_tright_halpha_mean_full_change_precond;eeg_fm_sampent_full_change_precond;eeg_pleft_halpha_mean_full_change_precond;gsr_skin_conductance_eda_pkrate_nk_full_change_precond;hr_heartrate_bpm_med_abs_full_change_precond;eeg_pleft_lbeta_mean_full_change_precond;eeg_ab_ratio_full_change_precond"
2025-11-26 18:49:03.062983,26,"stress_label",20,16,0.015625,0.532051282051282,0.512820512820513,NA,20,"top20","eeg_tleft_sampent_full_change_precond;eeg_c_theta_mean_full_change_precond;pupil_dilation_sd_full_change_precond;eeg_tleft_halpha_mean_full_change_precond;eeg_fl_hbeta_mean_full_change_precond;eeg_pright_sampent_full_change_precond;eeg_tleft_lalpha_mean_full_change_precond;eeg_t_sampent_full_change_precond;gsr_skin_conductance_eda_tonic_mean_nk_full_change_precond;eeg_fm_theta_mean_full_change_precond;hrv_rmssd_full_change_precond;eeg_fr_sampent_full_change_precond;eeg_tleft_hbeta_mean_full_change_precond;eeg_tright_halpha_mean_full_change_precond;eeg_fm_sampent_full_change_precond;eeg_pleft_halpha_mean_full_change_precond;gsr_skin_conductance_eda_pkrate_nk_full_change_precond;hr_heartrate_bpm_med_abs_full_change_precond;eeg_pleft_lbeta_mean_full_change_precond;eeg_ab_ratio_full_change_precond"
2025-11-26 18:49:04.282018,26,"stress_label",20,32,0.015625,0.532051282051282,0.480769230769231,NA,20,"top20","eeg_tleft_sampent_full_change_precond;eeg_c_theta_mean_full_change_precond;pupil_dilation_sd_full_change_precond;eeg_tleft_halpha_mean_full_change_precond;eeg_fl_hbeta_mean_full_change_precond;eeg_pright_sampent_full_change_precond;eeg_tleft_lalpha_mean_full_change_precond;eeg_t_sampent_full_change_precond;gsr_skin_conductance_eda_tonic_mean_nk_full_change_precond;eeg_fm_theta_mean_full_change_precond;hrv_rmssd_full_change_precond;eeg_fr_sampent_full_change_precond;eeg_tleft_hbeta_mean_full_change_precond;eeg_tright_halpha_mean_full_change_precond;eeg_fm_sampent_full_change_precond;eeg_pleft_halpha_mean_full_change_precond;gsr_skin_conductance_eda_pkrate_nk_full_change_precond;hr_heartrate_bpm_med_abs_full_change_precond;eeg_pleft_lbeta_mean_full_change_precond;eeg_ab_ratio_full_change_precond"
2025-11-26 18:49:05.67173,26,"stress_label",20,64,0.015625,0.57051282051282,0.525641025641026,NA,20,"top20","eeg_tleft_sampent_full_change_precond;eeg_c_theta_mean_full_change_precond;pupil_dilation_sd_full_change_precond;eeg_tleft_halpha_mean_full_change_precond;eeg_fl_hbeta_mean_full_change_precond;eeg_pright_sampent_full_change_precond;eeg_tleft_lalpha_mean_full_change_precond;eeg_t_sampent_full_change_precond;gsr_skin_conductance_eda_tonic_mean_nk_full_change_precond;eeg_fm_theta_mean_full_change_precond;hrv_rmssd_full_change_precond;eeg_fr_sampent_full_change_precond;eeg_tleft_hbeta_mean_full_change_precond;eeg_tright_halpha_mean_full_change_precond;eeg_fm_sampent_full_change_precond;eeg_pleft_halpha_mean_full_change_precond;gsr_skin_conductance_eda_pkrate_nk_full_change_precond;hr_heartrate_bpm_med_abs_full_change_precond;eeg_pleft_lbeta_mean_full_change_precond;eeg_ab_ratio_full_change_precond"
2025-11-26 18:49:07.057327,26,"stress_label",20,128,0.015625,0.564102564102564,0.57051282051282,NA,20,"top20","eeg_tleft_sampent_full_change_precond;eeg_c_theta_mean_full_change_precond;pupil_dilation_sd_full_change_precond;eeg_tleft_halpha_mean_full_change_precond;eeg_fl_hbeta_mean_full_change_precond;eeg_pright_sampent_full_change_precond;eeg_tleft_lalpha_mean_full_change_precond;eeg_t_sampent_full_change_precond;gsr_skin_conductance_eda_tonic_mean_nk_full_change_precond;eeg_fm_theta_mean_full_change_precond;hrv_rmssd_full_change_precond;eeg_fr_sampent_full_change_precond;eeg_tleft_hbeta_mean_full_change_precond;eeg_tright_halpha_mean_full_change_precond;eeg_fm_sampent_full_change_precond;eeg_pleft_halpha_mean_full_change_precond;gsr_skin_conductance_eda_pkrate_nk_full_change_precond;hr_heartrate_bpm_med_abs_full_change_precond;eeg_pleft_lbeta_mean_full_change_precond;eeg_ab_ratio_full_change_precond"
2025-11-26 18:49:08.514023,26,"stress_label",20,256,0.015625,0.538461538461538,0.474358974358974,NA,20,"top20","eeg_tleft_sampent_full_change_precond;eeg_c_theta_mean_full_change_precond;pupil_dilation_sd_full_change_precond;eeg_tleft_halpha_mean_full_change_precond;eeg_fl_hbeta_mean_full_change_precond;eeg_pright_sampent_full_change_precond;eeg_tleft_lalpha_mean_full_change_precond;eeg_t_sampent_full_change_precond;gsr_skin_conductance_eda_tonic_mean_nk_full_change_precond;eeg_fm_theta_mean_full_change_precond;hrv_rmssd_full_change_precond;eeg_fr_sampent_full_change_precond;eeg_tleft_hbeta_mean_full_change_precond;eeg_tright_halpha_mean_full_change_precond;eeg_fm_sampent_full_change_precond;eeg_pleft_halpha_mean_full_change_precond;gsr_skin_conductance_eda_pkrate_nk_full_change_precond;hr_heartrate_bpm_med_abs_full_change_precond;eeg_pleft_lbeta_mean_full_change_precond;eeg_ab_ratio_full_change_precond"
2025-11-26 18:49:09.562397,26,"stress_label",20,2,0.03125,0.564102564102564,0.615384615384615,0.530769230769231,20,"top20","eeg_tleft_sampent_full_change_precond;eeg_c_theta_mean_full_change_precond;pupil_dilation_sd_full_change_precond;eeg_tleft_halpha_mean_full_change_precond;eeg_fl_hbeta_mean_full_change_precond;eeg_pright_sampent_full_change_precond;eeg_tleft_lalpha_mean_full_change_precond;eeg_t_sampent_full_change_precond;gsr_skin_conductance_eda_tonic_mean_nk_full_change_precond;eeg_fm_theta_mean_full_change_precond;hrv_rmssd_full_change_precond;eeg_fr_sampent_full_change_precond;eeg_tleft_hbeta_mean_full_change_precond;eeg_tright_halpha_mean_full_change_precond;eeg_fm_sampent_full_change_precond;eeg_pleft_halpha_mean_full_change_precond;gsr_skin_conductance_eda_pkrate_nk_full_change_precond;hr_heartrate_bpm_med_abs_full_change_precond;eeg_pleft_lbeta_mean_full_change_precond;eeg_ab_ratio_full_change_precond"
2025-11-26 18:49:10.611397,26,"stress_label",20,4,0.03125,0.525641025641026,0.557692307692308,NA,20,"top20","eeg_tleft_sampent_full_change_precond;eeg_c_theta_mean_full_change_precond;pupil_dilation_sd_full_change_precond;eeg_tleft_halpha_mean_full_change_precond;eeg_fl_hbeta_mean_full_change_precond;eeg_pright_sampent_full_change_precond;eeg_tleft_lalpha_mean_full_change_precond;eeg_t_sampent_full_change_precond;gsr_skin_conductance_eda_tonic_mean_nk_full_change_precond;eeg_fm_theta_mean_full_change_precond;hrv_rmssd_full_change_precond;eeg_fr_sampent_full_change_precond;eeg_tleft_hbeta_mean_full_change_precond;eeg_tright_halpha_mean_full_change_precond;eeg_fm_sampent_full_change_precond;eeg_pleft_halpha_mean_full_change_precond;gsr_skin_conductance_eda_pkrate_nk_full_change_precond;hr_heartrate_bpm_med_abs_full_change_precond;eeg_pleft_lbeta_mean_full_change_precond;eeg_ab_ratio_full_change_precond"
2025-11-26 18:49:11.554111,26,"stress_label",20,8,0.03125,0.538461538461538,0.519230769230769,NA,20,"top20","eeg_tleft_sampent_full_change_precond;eeg_c_theta_mean_full_change_precond;pupil_dilation_sd_full_change_precond;eeg_tleft_halpha_mean_full_change_precond;eeg_fl_hbeta_mean_full_change_precond;eeg_pright_sampent_full_change_precond;eeg_tleft_lalpha_mean_full_change_precond;eeg_t_sampent_full_change_precond;gsr_skin_conductance_eda_tonic_mean_nk_full_change_precond;eeg_fm_theta_mean_full_change_precond;hrv_rmssd_full_change_precond;eeg_fr_sampent_full_change_precond;eeg_tleft_hbeta_mean_full_change_precond;eeg_tright_halpha_mean_full_change_precond;eeg_fm_sampent_full_change_precond;eeg_pleft_halpha_mean_full_change_precond;gsr_skin_conductance_eda_pkrate_nk_full_change_precond;hr_heartrate_bpm_med_abs_full_change_precond;eeg_pleft_lbeta_mean_full_change_precond;eeg_ab_ratio_full_change_precond"
2025-11-26 18:49:12.603395,26,"stress_label",20,16,0.03125,0.576923076923077,0.551282051282051,NA,20,"top20","eeg_tleft_sampent_full_change_precond;eeg_c_theta_mean_full_change_precond;pupil_dilation_sd_full_change_precond;eeg_tleft_halpha_mean_full_change_precond;eeg_fl_hbeta_mean_full_change_precond;eeg_pright_sampent_full_change_precond;eeg_tleft_lalpha_mean_full_change_precond;eeg_t_sampent_full_change_precond;gsr_skin_conductance_eda_tonic_mean_nk_full_change_precond;eeg_fm_theta_mean_full_change_precond;hrv_rmssd_full_change_precond;eeg_fr_sampent_full_change_precond;eeg_tleft_hbeta_mean_full_change_precond;eeg_tright_halpha_mean_full_change_precond;eeg_fm_sampent_full_change_precond;eeg_pleft_halpha_mean_full_change_precond;gsr_skin_conductance_eda_pkrate_nk_full_change_precond;hr_heartrate_bpm_med_abs_full_change_precond;eeg_pleft_lbeta_mean_full_change_precond;eeg_ab_ratio_full_change_precond"
2025-11-26 18:49:13.796639,26,"stress_label",20,32,0.03125,0.576923076923077,0.57051282051282,NA,20,"top20","eeg_tleft_sampent_full_change_precond;eeg_c_theta_mean_full_change_precond;pupil_dilation_sd_full_change_precond;eeg_tleft_halpha_mean_full_change_precond;eeg_fl_hbeta_mean_full_change_precond;eeg_pright_sampent_full_change_precond;eeg_tleft_lalpha_mean_full_change_precond;eeg_t_sampent_full_change_precond;gsr_skin_conductance_eda_tonic_mean_nk_full_change_precond;eeg_fm_theta_mean_full_change_precond;hrv_rmssd_full_change_precond;eeg_fr_sampent_full_change_precond;eeg_tleft_hbeta_mean_full_change_precond;eeg_tright_halpha_mean_full_change_precond;eeg_fm_sampent_full_change_precond;eeg_pleft_halpha_mean_full_change_precond;gsr_skin_conductance_eda_pkrate_nk_full_change_precond;hr_heartrate_bpm_med_abs_full_change_precond;eeg_pleft_lbeta_mean_full_change_precond;eeg_ab_ratio_full_change_precond"
2025-11-26 18:49:15.108336,26,"stress_label",20,64,0.03125,0.557692307692308,0.512820512820513,NA,20,"top20","eeg_tleft_sampent_full_change_precond;eeg_c_theta_mean_full_change_precond;pupil_dilation_sd_full_change_precond;eeg_tleft_halpha_mean_full_change_precond;eeg_fl_hbeta_mean_full_change_precond;eeg_pright_sampent_full_change_precond;eeg_tleft_lalpha_mean_full_change_precond;eeg_t_sampent_full_change_precond;gsr_skin_conductance_eda_tonic_mean_nk_full_change_precond;eeg_fm_theta_mean_full_change_precond;hrv_rmssd_full_change_precond;eeg_fr_sampent_full_change_precond;eeg_tleft_hbeta_mean_full_change_precond;eeg_tright_halpha_mean_full_change_precond;eeg_fm_sampent_full_change_precond;eeg_pleft_halpha_mean_full_change_precond;gsr_skin_conductance_eda_pkrate_nk_full_change_precond;hr_heartrate_bpm_med_abs_full_change_precond;eeg_pleft_lbeta_mean_full_change_precond;eeg_ab_ratio_full_change_precond"
2025-11-26 18:49:16.283644,26,"stress_label",20,128,0.03125,0.564102564102564,0.532051282051282,NA,20,"top20","eeg_tleft_sampent_full_change_precond;eeg_c_theta_mean_full_change_precond;pupil_dilation_sd_full_change_precond;eeg_tleft_halpha_mean_full_change_precond;eeg_fl_hbeta_mean_full_change_precond;eeg_pright_sampent_full_change_precond;eeg_tleft_lalpha_mean_full_change_precond;eeg_t_sampent_full_change_precond;gsr_skin_conductance_eda_tonic_mean_nk_full_change_precond;eeg_fm_theta_mean_full_change_precond;hrv_rmssd_full_change_precond;eeg_fr_sampent_full_change_precond;eeg_tleft_hbeta_mean_full_change_precond;eeg_tright_halpha_mean_full_change_precond;eeg_fm_sampent_full_change_precond;eeg_pleft_halpha_mean_full_change_precond;gsr_skin_conductance_eda_pkrate_nk_full_change_precond;hr_heartrate_bpm_med_abs_full_change_precond;eeg_pleft_lbeta_mean_full_change_precond;eeg_ab_ratio_full_change_precond"
2025-11-26 18:49:17.293146,26,"stress_label",20,256,0.03125,0.564102564102564,0.532051282051282,NA,20,"top20","eeg_tleft_sampent_full_change_precond;eeg_c_theta_mean_full_change_precond;pupil_dilation_sd_full_change_precond;eeg_tleft_halpha_mean_full_change_precond;eeg_fl_hbeta_mean_full_change_precond;eeg_pright_sampent_full_change_precond;eeg_tleft_lalpha_mean_full_change_precond;eeg_t_sampent_full_change_precond;gsr_skin_conductance_eda_tonic_mean_nk_full_change_precond;eeg_fm_theta_mean_full_change_precond;hrv_rmssd_full_change_precond;eeg_fr_sampent_full_change_precond;eeg_tleft_hbeta_mean_full_change_precond;eeg_tright_halpha_mean_full_change_precond;eeg_fm_sampent_full_change_precond;eeg_pleft_halpha_mean_full_change_precond;gsr_skin_conductance_eda_pkrate_nk_full_change_precond;hr_heartrate_bpm_med_abs_full_change_precond;eeg_pleft_lbeta_mean_full_change_precond;eeg_ab_ratio_full_change_precond"
2025-11-26 18:49:18.393895,26,"stress_label",20,2,0.0625,0.532051282051282,0.544871794871795,NA,20,"top20","eeg_tleft_sampent_full_change_precond;eeg_c_theta_mean_full_change_precond;pupil_dilation_sd_full_change_precond;eeg_tleft_halpha_mean_full_change_precond;eeg_fl_hbeta_mean_full_change_precond;eeg_pright_sampent_full_change_precond;eeg_tleft_lalpha_mean_full_change_precond;eeg_t_sampent_full_change_precond;gsr_skin_conductance_eda_tonic_mean_nk_full_change_precond;eeg_fm_theta_mean_full_change_precond;hrv_rmssd_full_change_precond;eeg_fr_sampent_full_change_precond;eeg_tleft_hbeta_mean_full_change_precond;eeg_tright_halpha_mean_full_change_precond;eeg_fm_sampent_full_change_precond;eeg_pleft_halpha_mean_full_change_precond;gsr_skin_conductance_eda_pkrate_nk_full_change_precond;hr_heartrate_bpm_med_abs_full_change_precond;eeg_pleft_lbeta_mean_full_change_precond;eeg_ab_ratio_full_change_precond"
2025-11-26 18:49:19.422582,26,"stress_label",20,4,0.0625,0.551282051282051,0.576923076923077,NA,20,"top20","eeg_tleft_sampent_full_change_precond;eeg_c_theta_mean_full_change_precond;pupil_dilation_sd_full_change_precond;eeg_tleft_halpha_mean_full_change_precond;eeg_fl_hbeta_mean_full_change_precond;eeg_pright_sampent_full_change_precond;eeg_tleft_lalpha_mean_full_change_precond;eeg_t_sampent_full_change_precond;gsr_skin_conductance_eda_tonic_mean_nk_full_change_precond;eeg_fm_theta_mean_full_change_precond;hrv_rmssd_full_change_precond;eeg_fr_sampent_full_change_precond;eeg_tleft_hbeta_mean_full_change_precond;eeg_tright_halpha_mean_full_change_precond;eeg_fm_sampent_full_change_precond;eeg_pleft_halpha_mean_full_change_precond;gsr_skin_conductance_eda_pkrate_nk_full_change_precond;hr_heartrate_bpm_med_abs_full_change_precond;eeg_pleft_lbeta_mean_full_change_precond;eeg_ab_ratio_full_change_precond"
2025-11-26 18:49:20.415003,26,"stress_label",20,8,0.0625,0.58974358974359,0.615384615384615,NA,20,"top20","eeg_tleft_sampent_full_change_precond;eeg_c_theta_mean_full_change_precond;pupil_dilation_sd_full_change_precond;eeg_tleft_halpha_mean_full_change_precond;eeg_fl_hbeta_mean_full_change_precond;eeg_pright_sampent_full_change_precond;eeg_tleft_lalpha_mean_full_change_precond;eeg_t_sampent_full_change_precond;gsr_skin_conductance_eda_tonic_mean_nk_full_change_precond;eeg_fm_theta_mean_full_change_precond;hrv_rmssd_full_change_precond;eeg_fr_sampent_full_change_precond;eeg_tleft_hbeta_mean_full_change_precond;eeg_tright_halpha_mean_full_change_precond;eeg_fm_sampent_full_change_precond;eeg_pleft_halpha_mean_full_change_precond;gsr_skin_conductance_eda_pkrate_nk_full_change_precond;hr_heartrate_bpm_med_abs_full_change_precond;eeg_pleft_lbeta_mean_full_change_precond;eeg_ab_ratio_full_change_precond"
2025-11-26 18:49:21.601383,26,"stress_label",20,16,0.0625,0.576923076923077,0.576923076923077,NA,20,"top20","eeg_tleft_sampent_full_change_precond;eeg_c_theta_mean_full_change_precond;pupil_dilation_sd_full_change_precond;eeg_tleft_halpha_mean_full_change_precond;eeg_fl_hbeta_mean_full_change_precond;eeg_pright_sampent_full_change_precond;eeg_tleft_lalpha_mean_full_change_precond;eeg_t_sampent_full_change_precond;gsr_skin_conductance_eda_tonic_mean_nk_full_change_precond;eeg_fm_theta_mean_full_change_precond;hrv_rmssd_full_change_precond;eeg_fr_sampent_full_change_precond;eeg_tleft_hbeta_mean_full_change_precond;eeg_tright_halpha_mean_full_change_precond;eeg_fm_sampent_full_change_precond;eeg_pleft_halpha_mean_full_change_precond;gsr_skin_conductance_eda_pkrate_nk_full_change_precond;hr_heartrate_bpm_med_abs_full_change_precond;eeg_pleft_lbeta_mean_full_change_precond;eeg_ab_ratio_full_change_precond"
2025-11-26 18:49:22.695814,26,"stress_label",20,32,0.0625,0.576923076923077,0.576923076923077,NA,20,"top20","eeg_tleft_sampent_full_change_precond;eeg_c_theta_mean_full_change_precond;pupil_dilation_sd_full_change_precond;eeg_tleft_halpha_mean_full_change_precond;eeg_fl_hbeta_mean_full_change_precond;eeg_pright_sampent_full_change_precond;eeg_tleft_lalpha_mean_full_change_precond;eeg_t_sampent_full_change_precond;gsr_skin_conductance_eda_tonic_mean_nk_full_change_precond;eeg_fm_theta_mean_full_change_precond;hrv_rmssd_full_change_precond;eeg_fr_sampent_full_change_precond;eeg_tleft_hbeta_mean_full_change_precond;eeg_tright_halpha_mean_full_change_precond;eeg_fm_sampent_full_change_precond;eeg_pleft_halpha_mean_full_change_precond;gsr_skin_conductance_eda_pkrate_nk_full_change_precond;hr_heartrate_bpm_med_abs_full_change_precond;eeg_pleft_lbeta_mean_full_change_precond;eeg_ab_ratio_full_change_precond"
2025-11-26 18:49:23.75594,26,"stress_label",20,64,0.0625,0.576923076923077,0.551282051282051,NA,20,"top20","eeg_tleft_sampent_full_change_precond;eeg_c_theta_mean_full_change_precond;pupil_dilation_sd_full_change_precond;eeg_tleft_halpha_mean_full_change_precond;eeg_fl_hbeta_mean_full_change_precond;eeg_pright_sampent_full_change_precond;eeg_tleft_lalpha_mean_full_change_precond;eeg_t_sampent_full_change_precond;gsr_skin_conductance_eda_tonic_mean_nk_full_change_precond;eeg_fm_theta_mean_full_change_precond;hrv_rmssd_full_change_precond;eeg_fr_sampent_full_change_precond;eeg_tleft_hbeta_mean_full_change_precond;eeg_tright_halpha_mean_full_change_precond;eeg_fm_sampent_full_change_precond;eeg_pleft_halpha_mean_full_change_precond;gsr_skin_conductance_eda_pkrate_nk_full_change_precond;hr_heartrate_bpm_med_abs_full_change_precond;eeg_pleft_lbeta_mean_full_change_precond;eeg_ab_ratio_full_change_precond"
2025-11-26 18:49:24.886723,26,"stress_label",20,128,0.0625,0.576923076923077,0.564102564102564,NA,20,"top20","eeg_tleft_sampent_full_change_precond;eeg_c_theta_mean_full_change_precond;pupil_dilation_sd_full_change_precond;eeg_tleft_halpha_mean_full_change_precond;eeg_fl_hbeta_mean_full_change_precond;eeg_pright_sampent_full_change_precond;eeg_tleft_lalpha_mean_full_change_precond;eeg_t_sampent_full_change_precond;gsr_skin_conductance_eda_tonic_mean_nk_full_change_precond;eeg_fm_theta_mean_full_change_precond;hrv_rmssd_full_change_precond;eeg_fr_sampent_full_change_precond;eeg_tleft_hbeta_mean_full_change_precond;eeg_tright_halpha_mean_full_change_precond;eeg_fm_sampent_full_change_precond;eeg_pleft_halpha_mean_full_change_precond;gsr_skin_conductance_eda_pkrate_nk_full_change_precond;hr_heartrate_bpm_med_abs_full_change_precond;eeg_pleft_lbeta_mean_full_change_precond;eeg_ab_ratio_full_change_precond"
2025-11-26 18:49:26.078956,26,"stress_label",20,256,0.0625,0.576923076923077,0.576923076923077,NA,20,"top20","eeg_tleft_sampent_full_change_precond;eeg_c_theta_mean_full_change_precond;pupil_dilation_sd_full_change_precond;eeg_tleft_halpha_mean_full_change_precond;eeg_fl_hbeta_mean_full_change_precond;eeg_pright_sampent_full_change_precond;eeg_tleft_lalpha_mean_full_change_precond;eeg_t_sampent_full_change_precond;gsr_skin_conductance_eda_tonic_mean_nk_full_change_precond;eeg_fm_theta_mean_full_change_precond;hrv_rmssd_full_change_precond;eeg_fr_sampent_full_change_precond;eeg_tleft_hbeta_mean_full_change_precond;eeg_tright_halpha_mean_full_change_precond;eeg_fm_sampent_full_change_precond;eeg_pleft_halpha_mean_full_change_precond;gsr_skin_conductance_eda_pkrate_nk_full_change_precond;hr_heartrate_bpm_med_abs_full_change_precond;eeg_pleft_lbeta_mean_full_change_precond;eeg_ab_ratio_full_change_precond"
2025-11-26 18:49:27.21131,26,"stress_label",20,2,0.125,0.57051282051282,0.596153846153846,NA,20,"top20","eeg_tleft_sampent_full_change_precond;eeg_c_theta_mean_full_change_precond;pupil_dilation_sd_full_change_precond;eeg_tleft_halpha_mean_full_change_precond;eeg_fl_hbeta_mean_full_change_precond;eeg_pright_sampent_full_change_precond;eeg_tleft_lalpha_mean_full_change_precond;eeg_t_sampent_full_change_precond;gsr_skin_conductance_eda_tonic_mean_nk_full_change_precond;eeg_fm_theta_mean_full_change_precond;hrv_rmssd_full_change_precond;eeg_fr_sampent_full_change_precond;eeg_tleft_hbeta_mean_full_change_precond;eeg_tright_halpha_mean_full_change_precond;eeg_fm_sampent_full_change_precond;eeg_pleft_halpha_mean_full_change_precond;gsr_skin_conductance_eda_pkrate_nk_full_change_precond;hr_heartrate_bpm_med_abs_full_change_precond;eeg_pleft_lbeta_mean_full_change_precond;eeg_ab_ratio_full_change_precond"
2025-11-26 18:49:28.35706,26,"stress_label",20,4,0.125,0.58974358974359,0.615384615384615,NA,20,"top20","eeg_tleft_sampent_full_change_precond;eeg_c_theta_mean_full_change_precond;pupil_dilation_sd_full_change_precond;eeg_tleft_halpha_mean_full_change_precond;eeg_fl_hbeta_mean_full_change_precond;eeg_pright_sampent_full_change_precond;eeg_tleft_lalpha_mean_full_change_precond;eeg_t_sampent_full_change_precond;gsr_skin_conductance_eda_tonic_mean_nk_full_change_precond;eeg_fm_theta_mean_full_change_precond;hrv_rmssd_full_change_precond;eeg_fr_sampent_full_change_precond;eeg_tleft_hbeta_mean_full_change_precond;eeg_tright_halpha_mean_full_change_precond;eeg_fm_sampent_full_change_precond;eeg_pleft_halpha_mean_full_change_precond;gsr_skin_conductance_eda_pkrate_nk_full_change_precond;hr_heartrate_bpm_med_abs_full_change_precond;eeg_pleft_lbeta_mean_full_change_precond;eeg_ab_ratio_full_change_precond"
2025-11-26 18:49:29.403427,26,"stress_label",20,8,0.125,0.58974358974359,0.615384615384615,NA,20,"top20","eeg_tleft_sampent_full_change_precond;eeg_c_theta_mean_full_change_precond;pupil_dilation_sd_full_change_precond;eeg_tleft_halpha_mean_full_change_precond;eeg_fl_hbeta_mean_full_change_precond;eeg_pright_sampent_full_change_precond;eeg_tleft_lalpha_mean_full_change_precond;eeg_t_sampent_full_change_precond;gsr_skin_conductance_eda_tonic_mean_nk_full_change_precond;eeg_fm_theta_mean_full_change_precond;hrv_rmssd_full_change_precond;eeg_fr_sampent_full_change_precond;eeg_tleft_hbeta_mean_full_change_precond;eeg_tright_halpha_mean_full_change_precond;eeg_fm_sampent_full_change_precond;eeg_pleft_halpha_mean_full_change_precond;gsr_skin_conductance_eda_pkrate_nk_full_change_precond;hr_heartrate_bpm_med_abs_full_change_precond;eeg_pleft_lbeta_mean_full_change_precond;eeg_ab_ratio_full_change_precond"
2025-11-26 18:49:30.531499,26,"stress_label",20,16,0.125,0.58974358974359,0.615384615384615,NA,20,"top20","eeg_tleft_sampent_full_change_precond;eeg_c_theta_mean_full_change_precond;pupil_dilation_sd_full_change_precond;eeg_tleft_halpha_mean_full_change_precond;eeg_fl_hbeta_mean_full_change_precond;eeg_pright_sampent_full_change_precond;eeg_tleft_lalpha_mean_full_change_precond;eeg_t_sampent_full_change_precond;gsr_skin_conductance_eda_tonic_mean_nk_full_change_precond;eeg_fm_theta_mean_full_change_precond;hrv_rmssd_full_change_precond;eeg_fr_sampent_full_change_precond;eeg_tleft_hbeta_mean_full_change_precond;eeg_tright_halpha_mean_full_change_precond;eeg_fm_sampent_full_change_precond;eeg_pleft_halpha_mean_full_change_precond;gsr_skin_conductance_eda_pkrate_nk_full_change_precond;hr_heartrate_bpm_med_abs_full_change_precond;eeg_pleft_lbeta_mean_full_change_precond;eeg_ab_ratio_full_change_precond"
2025-11-26 18:49:31.685758,26,"stress_label",20,32,0.125,0.58974358974359,0.615384615384615,NA,20,"top20","eeg_tleft_sampent_full_change_precond;eeg_c_theta_mean_full_change_precond;pupil_dilation_sd_full_change_precond;eeg_tleft_halpha_mean_full_change_precond;eeg_fl_hbeta_mean_full_change_precond;eeg_pright_sampent_full_change_precond;eeg_tleft_lalpha_mean_full_change_precond;eeg_t_sampent_full_change_precond;gsr_skin_conductance_eda_tonic_mean_nk_full_change_precond;eeg_fm_theta_mean_full_change_precond;hrv_rmssd_full_change_precond;eeg_fr_sampent_full_change_precond;eeg_tleft_hbeta_mean_full_change_precond;eeg_tright_halpha_mean_full_change_precond;eeg_fm_sampent_full_change_precond;eeg_pleft_halpha_mean_full_change_precond;gsr_skin_conductance_eda_pkrate_nk_full_change_precond;hr_heartrate_bpm_med_abs_full_change_precond;eeg_pleft_lbeta_mean_full_change_precond;eeg_ab_ratio_full_change_precond"
2025-11-26 18:49:32.807037,26,"stress_label",20,64,0.125,0.58974358974359,0.602564102564103,NA,20,"top20","eeg_tleft_sampent_full_change_precond;eeg_c_theta_mean_full_change_precond;pupil_dilation_sd_full_change_precond;eeg_tleft_halpha_mean_full_change_precond;eeg_fl_hbeta_mean_full_change_precond;eeg_pright_sampent_full_change_precond;eeg_tleft_lalpha_mean_full_change_precond;eeg_t_sampent_full_change_precond;gsr_skin_conductance_eda_tonic_mean_nk_full_change_precond;eeg_fm_theta_mean_full_change_precond;hrv_rmssd_full_change_precond;eeg_fr_sampent_full_change_precond;eeg_tleft_hbeta_mean_full_change_precond;eeg_tright_halpha_mean_full_change_precond;eeg_fm_sampent_full_change_precond;eeg_pleft_halpha_mean_full_change_precond;gsr_skin_conductance_eda_pkrate_nk_full_change_precond;hr_heartrate_bpm_med_abs_full_change_precond;eeg_pleft_lbeta_mean_full_change_precond;eeg_ab_ratio_full_change_precond"
2025-11-26 18:49:33.966972,26,"stress_label",20,128,0.125,0.58974358974359,0.615384615384615,NA,20,"top20","eeg_tleft_sampent_full_change_precond;eeg_c_theta_mean_full_change_precond;pupil_dilation_sd_full_change_precond;eeg_tleft_halpha_mean_full_change_precond;eeg_fl_hbeta_mean_full_change_precond;eeg_pright_sampent_full_change_precond;eeg_tleft_lalpha_mean_full_change_precond;eeg_t_sampent_full_change_precond;gsr_skin_conductance_eda_tonic_mean_nk_full_change_precond;eeg_fm_theta_mean_full_change_precond;hrv_rmssd_full_change_precond;eeg_fr_sampent_full_change_precond;eeg_tleft_hbeta_mean_full_change_precond;eeg_tright_halpha_mean_full_change_precond;eeg_fm_sampent_full_change_precond;eeg_pleft_halpha_mean_full_change_precond;gsr_skin_conductance_eda_pkrate_nk_full_change_precond;hr_heartrate_bpm_med_abs_full_change_precond;eeg_pleft_lbeta_mean_full_change_precond;eeg_ab_ratio_full_change_precond"
2025-11-26 18:49:35.067107,26,"stress_label",20,256,0.125,0.58974358974359,0.615384615384615,NA,20,"top20","eeg_tleft_sampent_full_change_precond;eeg_c_theta_mean_full_change_precond;pupil_dilation_sd_full_change_precond;eeg_tleft_halpha_mean_full_change_precond;eeg_fl_hbeta_mean_full_change_precond;eeg_pright_sampent_full_change_precond;eeg_tleft_lalpha_mean_full_change_precond;eeg_t_sampent_full_change_precond;gsr_skin_conductance_eda_tonic_mean_nk_full_change_precond;eeg_fm_theta_mean_full_change_precond;hrv_rmssd_full_change_precond;eeg_fr_sampent_full_change_precond;eeg_tleft_hbeta_mean_full_change_precond;eeg_tright_halpha_mean_full_change_precond;eeg_fm_sampent_full_change_precond;eeg_pleft_halpha_mean_full_change_precond;gsr_skin_conductance_eda_pkrate_nk_full_change_precond;hr_heartrate_bpm_med_abs_full_change_precond;eeg_pleft_lbeta_mean_full_change_precond;eeg_ab_ratio_full_change_precond"
2025-11-26 18:49:36.047819,26,"stress_label",20,2,0.03,0.564102564102564,0.615384615384615,0.535042735042735,20,"top20","eeg_tleft_sampent_full_change_precond;eeg_c_theta_mean_full_change_precond;pupil_dilation_sd_full_change_precond;eeg_tleft_halpha_mean_full_change_precond;eeg_fl_hbeta_mean_full_change_precond;eeg_pright_sampent_full_change_precond;eeg_tleft_lalpha_mean_full_change_precond;eeg_t_sampent_full_change_precond;gsr_skin_conductance_eda_tonic_mean_nk_full_change_precond;eeg_fm_theta_mean_full_change_precond;hrv_rmssd_full_change_precond;eeg_fr_sampent_full_change_precond;eeg_tleft_hbeta_mean_full_change_precond;eeg_tright_halpha_mean_full_change_precond;eeg_fm_sampent_full_change_precond;eeg_pleft_halpha_mean_full_change_precond;gsr_skin_conductance_eda_pkrate_nk_full_change_precond;hr_heartrate_bpm_med_abs_full_change_precond;eeg_pleft_lbeta_mean_full_change_precond;eeg_ab_ratio_full_change_precond"
2025-11-26 18:49:36.875502,26,"stress_label",20,4,0.03,0.525641025641026,0.544871794871795,NA,20,"top20","eeg_tleft_sampent_full_change_precond;eeg_c_theta_mean_full_change_precond;pupil_dilation_sd_full_change_precond;eeg_tleft_halpha_mean_full_change_precond;eeg_fl_hbeta_mean_full_change_precond;eeg_pright_sampent_full_change_precond;eeg_tleft_lalpha_mean_full_change_precond;eeg_t_sampent_full_change_precond;gsr_skin_conductance_eda_tonic_mean_nk_full_change_precond;eeg_fm_theta_mean_full_change_precond;hrv_rmssd_full_change_precond;eeg_fr_sampent_full_change_precond;eeg_tleft_hbeta_mean_full_change_precond;eeg_tright_halpha_mean_full_change_precond;eeg_fm_sampent_full_change_precond;eeg_pleft_halpha_mean_full_change_precond;gsr_skin_conductance_eda_pkrate_nk_full_change_precond;hr_heartrate_bpm_med_abs_full_change_precond;eeg_pleft_lbeta_mean_full_change_precond;eeg_ab_ratio_full_change_precond"
2025-11-26 18:49:37.844436,26,"stress_label",20,8,0.03,0.532051282051282,0.493589743589744,0.507692307692308,20,"top20","eeg_tleft_sampent_full_change_precond;eeg_c_theta_mean_full_change_precond;pupil_dilation_sd_full_change_precond;eeg_tleft_halpha_mean_full_change_precond;eeg_fl_hbeta_mean_full_change_precond;eeg_pright_sampent_full_change_precond;eeg_tleft_lalpha_mean_full_change_precond;eeg_t_sampent_full_change_precond;gsr_skin_conductance_eda_tonic_mean_nk_full_change_precond;eeg_fm_theta_mean_full_change_precond;hrv_rmssd_full_change_precond;eeg_fr_sampent_full_change_precond;eeg_tleft_hbeta_mean_full_change_precond;eeg_tright_halpha_mean_full_change_precond;eeg_fm_sampent_full_change_precond;eeg_pleft_halpha_mean_full_change_precond;gsr_skin_conductance_eda_pkrate_nk_full_change_precond;hr_heartrate_bpm_med_abs_full_change_precond;eeg_pleft_lbeta_mean_full_change_precond;eeg_ab_ratio_full_change_precond"
2025-11-26 18:49:39.249771,26,"stress_label",20,16,0.03,0.576923076923077,0.557692307692308,NA,20,"top20","eeg_tleft_sampent_full_change_precond;eeg_c_theta_mean_full_change_precond;pupil_dilation_sd_full_change_precond;eeg_tleft_halpha_mean_full_change_precond;eeg_fl_hbeta_mean_full_change_precond;eeg_pright_sampent_full_change_precond;eeg_tleft_lalpha_mean_full_change_precond;eeg_t_sampent_full_change_precond;gsr_skin_conductance_eda_tonic_mean_nk_full_change_precond;eeg_fm_theta_mean_full_change_precond;hrv_rmssd_full_change_precond;eeg_fr_sampent_full_change_precond;eeg_tleft_hbeta_mean_full_change_precond;eeg_tright_halpha_mean_full_change_precond;eeg_fm_sampent_full_change_precond;eeg_pleft_halpha_mean_full_change_precond;gsr_skin_conductance_eda_pkrate_nk_full_change_precond;hr_heartrate_bpm_med_abs_full_change_precond;eeg_pleft_lbeta_mean_full_change_precond;eeg_ab_ratio_full_change_precond"
2025-11-26 18:49:40.522335,26,"stress_label",20,32,0.03,0.576923076923077,0.57051282051282,NA,20,"top20","eeg_tleft_sampent_full_change_precond;eeg_c_theta_mean_full_change_precond;pupil_dilation_sd_full_change_precond;eeg_tleft_halpha_mean_full_change_precond;eeg_fl_hbeta_mean_full_change_precond;eeg_pright_sampent_full_change_precond;eeg_tleft_lalpha_mean_full_change_precond;eeg_t_sampent_full_change_precond;gsr_skin_conductance_eda_tonic_mean_nk_full_change_precond;eeg_fm_theta_mean_full_change_precond;hrv_rmssd_full_change_precond;eeg_fr_sampent_full_change_precond;eeg_tleft_hbeta_mean_full_change_precond;eeg_tright_halpha_mean_full_change_precond;eeg_fm_sampent_full_change_precond;eeg_pleft_halpha_mean_full_change_precond;gsr_skin_conductance_eda_pkrate_nk_full_change_precond;hr_heartrate_bpm_med_abs_full_change_precond;eeg_pleft_lbeta_mean_full_change_precond;eeg_ab_ratio_full_change_precond"
2025-11-26 18:49:41.75053,26,"stress_label",20,64,0.03,0.557692307692308,0.564102564102564,NA,20,"top20","eeg_tleft_sampent_full_change_precond;eeg_c_theta_mean_full_change_precond;pupil_dilation_sd_full_change_precond;eeg_tleft_halpha_mean_full_change_precond;eeg_fl_hbeta_mean_full_change_precond;eeg_pright_sampent_full_change_precond;eeg_tleft_lalpha_mean_full_change_precond;eeg_t_sampent_full_change_precond;gsr_skin_conductance_eda_tonic_mean_nk_full_change_precond;eeg_fm_theta_mean_full_change_precond;hrv_rmssd_full_change_precond;eeg_fr_sampent_full_change_precond;eeg_tleft_hbeta_mean_full_change_precond;eeg_tright_halpha_mean_full_change_precond;eeg_fm_sampent_full_change_precond;eeg_pleft_halpha_mean_full_change_precond;gsr_skin_conductance_eda_pkrate_nk_full_change_precond;hr_heartrate_bpm_med_abs_full_change_precond;eeg_pleft_lbeta_mean_full_change_precond;eeg_ab_ratio_full_change_precond"
2025-11-26 18:49:42.8597,26,"stress_label",20,128,0.03,0.564102564102564,0.493589743589744,NA,20,"top20","eeg_tleft_sampent_full_change_precond;eeg_c_theta_mean_full_change_precond;pupil_dilation_sd_full_change_precond;eeg_tleft_halpha_mean_full_change_precond;eeg_fl_hbeta_mean_full_change_precond;eeg_pright_sampent_full_change_precond;eeg_tleft_lalpha_mean_full_change_precond;eeg_t_sampent_full_change_precond;gsr_skin_conductance_eda_tonic_mean_nk_full_change_precond;eeg_fm_theta_mean_full_change_precond;hrv_rmssd_full_change_precond;eeg_fr_sampent_full_change_precond;eeg_tleft_hbeta_mean_full_change_precond;eeg_tright_halpha_mean_full_change_precond;eeg_fm_sampent_full_change_precond;eeg_pleft_halpha_mean_full_change_precond;gsr_skin_conductance_eda_pkrate_nk_full_change_precond;hr_heartrate_bpm_med_abs_full_change_precond;eeg_pleft_lbeta_mean_full_change_precond;eeg_ab_ratio_full_change_precond"
2025-11-26 18:49:44.111093,26,"stress_label",20,256,0.03,0.564102564102564,0.532051282051282,NA,20,"top20","eeg_tleft_sampent_full_change_precond;eeg_c_theta_mean_full_change_precond;pupil_dilation_sd_full_change_precond;eeg_tleft_halpha_mean_full_change_precond;eeg_fl_hbeta_mean_full_change_precond;eeg_pright_sampent_full_change_precond;eeg_tleft_lalpha_mean_full_change_precond;eeg_t_sampent_full_change_precond;gsr_skin_conductance_eda_tonic_mean_nk_full_change_precond;eeg_fm_theta_mean_full_change_precond;hrv_rmssd_full_change_precond;eeg_fr_sampent_full_change_precond;eeg_tleft_hbeta_mean_full_change_precond;eeg_tright_halpha_mean_full_change_precond;eeg_fm_sampent_full_change_precond;eeg_pleft_halpha_mean_full_change_precond;gsr_skin_conductance_eda_pkrate_nk_full_change_precond;hr_heartrate_bpm_med_abs_full_change_precond;eeg_pleft_lbeta_mean_full_change_precond;eeg_ab_ratio_full_change_precond"
2025-11-26 18:49:45.110783,26,"stress_label",20,2,0.06,0.532051282051282,0.557692307692308,NA,20,"top20","eeg_tleft_sampent_full_change_precond;eeg_c_theta_mean_full_change_precond;pupil_dilation_sd_full_change_precond;eeg_tleft_halpha_mean_full_change_precond;eeg_fl_hbeta_mean_full_change_precond;eeg_pright_sampent_full_change_precond;eeg_tleft_lalpha_mean_full_change_precond;eeg_t_sampent_full_change_precond;gsr_skin_conductance_eda_tonic_mean_nk_full_change_precond;eeg_fm_theta_mean_full_change_precond;hrv_rmssd_full_change_precond;eeg_fr_sampent_full_change_precond;eeg_tleft_hbeta_mean_full_change_precond;eeg_tright_halpha_mean_full_change_precond;eeg_fm_sampent_full_change_precond;eeg_pleft_halpha_mean_full_change_precond;gsr_skin_conductance_eda_pkrate_nk_full_change_precond;hr_heartrate_bpm_med_abs_full_change_precond;eeg_pleft_lbeta_mean_full_change_precond;eeg_ab_ratio_full_change_precond"
2025-11-26 18:49:46.02549,26,"stress_label",20,4,0.06,0.551282051282051,0.544871794871795,NA,20,"top20","eeg_tleft_sampent_full_change_precond;eeg_c_theta_mean_full_change_precond;pupil_dilation_sd_full_change_precond;eeg_tleft_halpha_mean_full_change_precond;eeg_fl_hbeta_mean_full_change_precond;eeg_pright_sampent_full_change_precond;eeg_tleft_lalpha_mean_full_change_precond;eeg_t_sampent_full_change_precond;gsr_skin_conductance_eda_tonic_mean_nk_full_change_precond;eeg_fm_theta_mean_full_change_precond;hrv_rmssd_full_change_precond;eeg_fr_sampent_full_change_precond;eeg_tleft_hbeta_mean_full_change_precond;eeg_tright_halpha_mean_full_change_precond;eeg_fm_sampent_full_change_precond;eeg_pleft_halpha_mean_full_change_precond;gsr_skin_conductance_eda_pkrate_nk_full_change_precond;hr_heartrate_bpm_med_abs_full_change_precond;eeg_pleft_lbeta_mean_full_change_precond;eeg_ab_ratio_full_change_precond"
2025-11-26 18:49:47.223547,26,"stress_label",20,8,0.06,0.596153846153846,0.58974358974359,NA,20,"top20","eeg_tleft_sampent_full_change_precond;eeg_c_theta_mean_full_change_precond;pupil_dilation_sd_full_change_precond;eeg_tleft_halpha_mean_full_change_precond;eeg_fl_hbeta_mean_full_change_precond;eeg_pright_sampent_full_change_precond;eeg_tleft_lalpha_mean_full_change_precond;eeg_t_sampent_full_change_precond;gsr_skin_conductance_eda_tonic_mean_nk_full_change_precond;eeg_fm_theta_mean_full_change_precond;hrv_rmssd_full_change_precond;eeg_fr_sampent_full_change_precond;eeg_tleft_hbeta_mean_full_change_precond;eeg_tright_halpha_mean_full_change_precond;eeg_fm_sampent_full_change_precond;eeg_pleft_halpha_mean_full_change_precond;gsr_skin_conductance_eda_pkrate_nk_full_change_precond;hr_heartrate_bpm_med_abs_full_change_precond;eeg_pleft_lbeta_mean_full_change_precond;eeg_ab_ratio_full_change_precond"
2025-11-26 18:49:48.4136,26,"stress_label",20,16,0.06,0.576923076923077,0.58974358974359,NA,20,"top20","eeg_tleft_sampent_full_change_precond;eeg_c_theta_mean_full_change_precond;pupil_dilation_sd_full_change_precond;eeg_tleft_halpha_mean_full_change_precond;eeg_fl_hbeta_mean_full_change_precond;eeg_pright_sampent_full_change_precond;eeg_tleft_lalpha_mean_full_change_precond;eeg_t_sampent_full_change_precond;gsr_skin_conductance_eda_tonic_mean_nk_full_change_precond;eeg_fm_theta_mean_full_change_precond;hrv_rmssd_full_change_precond;eeg_fr_sampent_full_change_precond;eeg_tleft_hbeta_mean_full_change_precond;eeg_tright_halpha_mean_full_change_precond;eeg_fm_sampent_full_change_precond;eeg_pleft_halpha_mean_full_change_precond;gsr_skin_conductance_eda_pkrate_nk_full_change_precond;hr_heartrate_bpm_med_abs_full_change_precond;eeg_pleft_lbeta_mean_full_change_precond;eeg_ab_ratio_full_change_precond"
2025-11-26 18:49:49.405998,26,"stress_label",20,32,0.06,0.583333333333333,0.576923076923077,NA,20,"top20","eeg_tleft_sampent_full_change_precond;eeg_c_theta_mean_full_change_precond;pupil_dilation_sd_full_change_precond;eeg_tleft_halpha_mean_full_change_precond;eeg_fl_hbeta_mean_full_change_precond;eeg_pright_sampent_full_change_precond;eeg_tleft_lalpha_mean_full_change_precond;eeg_t_sampent_full_change_precond;gsr_skin_conductance_eda_tonic_mean_nk_full_change_precond;eeg_fm_theta_mean_full_change_precond;hrv_rmssd_full_change_precond;eeg_fr_sampent_full_change_precond;eeg_tleft_hbeta_mean_full_change_precond;eeg_tright_halpha_mean_full_change_precond;eeg_fm_sampent_full_change_precond;eeg_pleft_halpha_mean_full_change_precond;gsr_skin_conductance_eda_pkrate_nk_full_change_precond;hr_heartrate_bpm_med_abs_full_change_precond;eeg_pleft_lbeta_mean_full_change_precond;eeg_ab_ratio_full_change_precond"
2025-11-26 18:49:50.544617,26,"stress_label",20,64,0.06,0.583333333333333,0.576923076923077,NA,20,"top20","eeg_tleft_sampent_full_change_precond;eeg_c_theta_mean_full_change_precond;pupil_dilation_sd_full_change_precond;eeg_tleft_halpha_mean_full_change_precond;eeg_fl_hbeta_mean_full_change_precond;eeg_pright_sampent_full_change_precond;eeg_tleft_lalpha_mean_full_change_precond;eeg_t_sampent_full_change_precond;gsr_skin_conductance_eda_tonic_mean_nk_full_change_precond;eeg_fm_theta_mean_full_change_precond;hrv_rmssd_full_change_precond;eeg_fr_sampent_full_change_precond;eeg_tleft_hbeta_mean_full_change_precond;eeg_tright_halpha_mean_full_change_precond;eeg_fm_sampent_full_change_precond;eeg_pleft_halpha_mean_full_change_precond;gsr_skin_conductance_eda_pkrate_nk_full_change_precond;hr_heartrate_bpm_med_abs_full_change_precond;eeg_pleft_lbeta_mean_full_change_precond;eeg_ab_ratio_full_change_precond"
2025-11-26 18:49:51.742109,26,"stress_label",20,128,0.06,0.583333333333333,0.576923076923077,NA,20,"top20","eeg_tleft_sampent_full_change_precond;eeg_c_theta_mean_full_change_precond;pupil_dilation_sd_full_change_precond;eeg_tleft_halpha_mean_full_change_precond;eeg_fl_hbeta_mean_full_change_precond;eeg_pright_sampent_full_change_precond;eeg_tleft_lalpha_mean_full_change_precond;eeg_t_sampent_full_change_precond;gsr_skin_conductance_eda_tonic_mean_nk_full_change_precond;eeg_fm_theta_mean_full_change_precond;hrv_rmssd_full_change_precond;eeg_fr_sampent_full_change_precond;eeg_tleft_hbeta_mean_full_change_precond;eeg_tright_halpha_mean_full_change_precond;eeg_fm_sampent_full_change_precond;eeg_pleft_halpha_mean_full_change_precond;gsr_skin_conductance_eda_pkrate_nk_full_change_precond;hr_heartrate_bpm_med_abs_full_change_precond;eeg_pleft_lbeta_mean_full_change_precond;eeg_ab_ratio_full_change_precond"
2025-11-26 18:49:52.942147,26,"stress_label",20,256,0.06,0.583333333333333,0.576923076923077,NA,20,"top20","eeg_tleft_sampent_full_change_precond;eeg_c_theta_mean_full_change_precond;pupil_dilation_sd_full_change_precond;eeg_tleft_halpha_mean_full_change_precond;eeg_fl_hbeta_mean_full_change_precond;eeg_pright_sampent_full_change_precond;eeg_tleft_lalpha_mean_full_change_precond;eeg_t_sampent_full_change_precond;gsr_skin_conductance_eda_tonic_mean_nk_full_change_precond;eeg_fm_theta_mean_full_change_precond;hrv_rmssd_full_change_precond;eeg_fr_sampent_full_change_precond;eeg_tleft_hbeta_mean_full_change_precond;eeg_tright_halpha_mean_full_change_precond;eeg_fm_sampent_full_change_precond;eeg_pleft_halpha_mean_full_change_precond;gsr_skin_conductance_eda_pkrate_nk_full_change_precond;hr_heartrate_bpm_med_abs_full_change_precond;eeg_pleft_lbeta_mean_full_change_precond;eeg_ab_ratio_full_change_precond"
2025-11-26 18:49:53.927144,26,"stress_label",20,2,0.1,0.551282051282051,0.57051282051282,NA,20,"top20","eeg_tleft_sampent_full_change_precond;eeg_c_theta_mean_full_change_precond;pupil_dilation_sd_full_change_precond;eeg_tleft_halpha_mean_full_change_precond;eeg_fl_hbeta_mean_full_change_precond;eeg_pright_sampent_full_change_precond;eeg_tleft_lalpha_mean_full_change_precond;eeg_t_sampent_full_change_precond;gsr_skin_conductance_eda_tonic_mean_nk_full_change_precond;eeg_fm_theta_mean_full_change_precond;hrv_rmssd_full_change_precond;eeg_fr_sampent_full_change_precond;eeg_tleft_hbeta_mean_full_change_precond;eeg_tright_halpha_mean_full_change_precond;eeg_fm_sampent_full_change_precond;eeg_pleft_halpha_mean_full_change_precond;gsr_skin_conductance_eda_pkrate_nk_full_change_precond;hr_heartrate_bpm_med_abs_full_change_precond;eeg_pleft_lbeta_mean_full_change_precond;eeg_ab_ratio_full_change_precond"
2025-11-26 18:49:54.994847,26,"stress_label",20,4,0.1,0.58974358974359,0.615384615384615,NA,20,"top20","eeg_tleft_sampent_full_change_precond;eeg_c_theta_mean_full_change_precond;pupil_dilation_sd_full_change_precond;eeg_tleft_halpha_mean_full_change_precond;eeg_fl_hbeta_mean_full_change_precond;eeg_pright_sampent_full_change_precond;eeg_tleft_lalpha_mean_full_change_precond;eeg_t_sampent_full_change_precond;gsr_skin_conductance_eda_tonic_mean_nk_full_change_precond;eeg_fm_theta_mean_full_change_precond;hrv_rmssd_full_change_precond;eeg_fr_sampent_full_change_precond;eeg_tleft_hbeta_mean_full_change_precond;eeg_tright_halpha_mean_full_change_precond;eeg_fm_sampent_full_change_precond;eeg_pleft_halpha_mean_full_change_precond;gsr_skin_conductance_eda_pkrate_nk_full_change_precond;hr_heartrate_bpm_med_abs_full_change_precond;eeg_pleft_lbeta_mean_full_change_precond;eeg_ab_ratio_full_change_precond"
2025-11-26 18:49:56.141789,26,"stress_label",20,8,0.1,0.583333333333333,0.628205128205128,NA,20,"top20","eeg_tleft_sampent_full_change_precond;eeg_c_theta_mean_full_change_precond;pupil_dilation_sd_full_change_precond;eeg_tleft_halpha_mean_full_change_precond;eeg_fl_hbeta_mean_full_change_precond;eeg_pright_sampent_full_change_precond;eeg_tleft_lalpha_mean_full_change_precond;eeg_t_sampent_full_change_precond;gsr_skin_conductance_eda_tonic_mean_nk_full_change_precond;eeg_fm_theta_mean_full_change_precond;hrv_rmssd_full_change_precond;eeg_fr_sampent_full_change_precond;eeg_tleft_hbeta_mean_full_change_precond;eeg_tright_halpha_mean_full_change_precond;eeg_fm_sampent_full_change_precond;eeg_pleft_halpha_mean_full_change_precond;gsr_skin_conductance_eda_pkrate_nk_full_change_precond;hr_heartrate_bpm_med_abs_full_change_precond;eeg_pleft_lbeta_mean_full_change_precond;eeg_ab_ratio_full_change_precond"
2025-11-26 18:49:57.334364,26,"stress_label",20,16,0.1,0.583333333333333,0.602564102564103,NA,20,"top20","eeg_tleft_sampent_full_change_precond;eeg_c_theta_mean_full_change_precond;pupil_dilation_sd_full_change_precond;eeg_tleft_halpha_mean_full_change_precond;eeg_fl_hbeta_mean_full_change_precond;eeg_pright_sampent_full_change_precond;eeg_tleft_lalpha_mean_full_change_precond;eeg_t_sampent_full_change_precond;gsr_skin_conductance_eda_tonic_mean_nk_full_change_precond;eeg_fm_theta_mean_full_change_precond;hrv_rmssd_full_change_precond;eeg_fr_sampent_full_change_precond;eeg_tleft_hbeta_mean_full_change_precond;eeg_tright_halpha_mean_full_change_precond;eeg_fm_sampent_full_change_precond;eeg_pleft_halpha_mean_full_change_precond;gsr_skin_conductance_eda_pkrate_nk_full_change_precond;hr_heartrate_bpm_med_abs_full_change_precond;eeg_pleft_lbeta_mean_full_change_precond;eeg_ab_ratio_full_change_precond"
2025-11-26 18:49:58.504048,26,"stress_label",20,32,0.1,0.583333333333333,0.628205128205128,NA,20,"top20","eeg_tleft_sampent_full_change_precond;eeg_c_theta_mean_full_change_precond;pupil_dilation_sd_full_change_precond;eeg_tleft_halpha_mean_full_change_precond;eeg_fl_hbeta_mean_full_change_precond;eeg_pright_sampent_full_change_precond;eeg_tleft_lalpha_mean_full_change_precond;eeg_t_sampent_full_change_precond;gsr_skin_conductance_eda_tonic_mean_nk_full_change_precond;eeg_fm_theta_mean_full_change_precond;hrv_rmssd_full_change_precond;eeg_fr_sampent_full_change_precond;eeg_tleft_hbeta_mean_full_change_precond;eeg_tright_halpha_mean_full_change_precond;eeg_fm_sampent_full_change_precond;eeg_pleft_halpha_mean_full_change_precond;gsr_skin_conductance_eda_pkrate_nk_full_change_precond;hr_heartrate_bpm_med_abs_full_change_precond;eeg_pleft_lbeta_mean_full_change_precond;eeg_ab_ratio_full_change_precond"
2025-11-26 18:49:59.609952,26,"stress_label",20,64,0.1,0.583333333333333,0.615384615384615,NA,20,"top20","eeg_tleft_sampent_full_change_precond;eeg_c_theta_mean_full_change_precond;pupil_dilation_sd_full_change_precond;eeg_tleft_halpha_mean_full_change_precond;eeg_fl_hbeta_mean_full_change_precond;eeg_pright_sampent_full_change_precond;eeg_tleft_lalpha_mean_full_change_precond;eeg_t_sampent_full_change_precond;gsr_skin_conductance_eda_tonic_mean_nk_full_change_precond;eeg_fm_theta_mean_full_change_precond;hrv_rmssd_full_change_precond;eeg_fr_sampent_full_change_precond;eeg_tleft_hbeta_mean_full_change_precond;eeg_tright_halpha_mean_full_change_precond;eeg_fm_sampent_full_change_precond;eeg_pleft_halpha_mean_full_change_precond;gsr_skin_conductance_eda_pkrate_nk_full_change_precond;hr_heartrate_bpm_med_abs_full_change_precond;eeg_pleft_lbeta_mean_full_change_precond;eeg_ab_ratio_full_change_precond"
2025-11-26 18:50:00.783032,26,"stress_label",20,128,0.1,0.583333333333333,0.628205128205128,NA,20,"top20","eeg_tleft_sampent_full_change_precond;eeg_c_theta_mean_full_change_precond;pupil_dilation_sd_full_change_precond;eeg_tleft_halpha_mean_full_change_precond;eeg_fl_hbeta_mean_full_change_precond;eeg_pright_sampent_full_change_precond;eeg_tleft_lalpha_mean_full_change_precond;eeg_t_sampent_full_change_precond;gsr_skin_conductance_eda_tonic_mean_nk_full_change_precond;eeg_fm_theta_mean_full_change_precond;hrv_rmssd_full_change_precond;eeg_fr_sampent_full_change_precond;eeg_tleft_hbeta_mean_full_change_precond;eeg_tright_halpha_mean_full_change_precond;eeg_fm_sampent_full_change_precond;eeg_pleft_halpha_mean_full_change_precond;gsr_skin_conductance_eda_pkrate_nk_full_change_precond;hr_heartrate_bpm_med_abs_full_change_precond;eeg_pleft_lbeta_mean_full_change_precond;eeg_ab_ratio_full_change_precond"
2025-11-26 18:50:01.939801,26,"stress_label",20,256,0.1,0.583333333333333,0.602564102564103,NA,20,"top20","eeg_tleft_sampent_full_change_precond;eeg_c_theta_mean_full_change_precond;pupil_dilation_sd_full_change_precond;eeg_tleft_halpha_mean_full_change_precond;eeg_fl_hbeta_mean_full_change_precond;eeg_pright_sampent_full_change_precond;eeg_tleft_lalpha_mean_full_change_precond;eeg_t_sampent_full_change_precond;gsr_skin_conductance_eda_tonic_mean_nk_full_change_precond;eeg_fm_theta_mean_full_change_precond;hrv_rmssd_full_change_precond;eeg_fr_sampent_full_change_precond;eeg_tleft_hbeta_mean_full_change_precond;eeg_tright_halpha_mean_full_change_precond;eeg_fm_sampent_full_change_precond;eeg_pleft_halpha_mean_full_change_precond;gsr_skin_conductance_eda_pkrate_nk_full_change_precond;hr_heartrate_bpm_med_abs_full_change_precond;eeg_pleft_lbeta_mean_full_change_precond;eeg_ab_ratio_full_change_precond"
2025-11-26 18:50:02.876014,26,"stress_label",10,2,0.0078125,0.576923076923077,0.608974358974359,0.570940170940171,10,"top10","eeg_tleft_sampent_full_change_precond;eeg_c_theta_mean_full_change_precond;pupil_dilation_sd_full_change_precond;eeg_tleft_halpha_mean_full_change_precond;eeg_fl_hbeta_mean_full_change_precond;eeg_pright_sampent_full_change_precond;eeg_tleft_lalpha_mean_full_change_precond;eeg_t_sampent_full_change_precond;gsr_skin_conductance_eda_tonic_mean_nk_full_change_precond;eeg_fm_theta_mean_full_change_precond"
2025-11-26 18:50:03.742493,26,"stress_label",10,4,0.0078125,0.564102564102564,0.557692307692308,NA,10,"top10","eeg_tleft_sampent_full_change_precond;eeg_c_theta_mean_full_change_precond;pupil_dilation_sd_full_change_precond;eeg_tleft_halpha_mean_full_change_precond;eeg_fl_hbeta_mean_full_change_precond;eeg_pright_sampent_full_change_precond;eeg_tleft_lalpha_mean_full_change_precond;eeg_t_sampent_full_change_precond;gsr_skin_conductance_eda_tonic_mean_nk_full_change_precond;eeg_fm_theta_mean_full_change_precond"
2025-11-26 18:50:04.606082,26,"stress_label",10,8,0.0078125,0.544871794871795,0.576923076923077,0.524786324786325,10,"top10","eeg_tleft_sampent_full_change_precond;eeg_c_theta_mean_full_change_precond;pupil_dilation_sd_full_change_precond;eeg_tleft_halpha_mean_full_change_precond;eeg_fl_hbeta_mean_full_change_precond;eeg_pright_sampent_full_change_precond;eeg_tleft_lalpha_mean_full_change_precond;eeg_t_sampent_full_change_precond;gsr_skin_conductance_eda_tonic_mean_nk_full_change_precond;eeg_fm_theta_mean_full_change_precond"
2025-11-26 18:50:05.453401,26,"stress_label",10,16,0.0078125,0.551282051282051,0.596153846153846,0.535897435897436,10,"top10","eeg_tleft_sampent_full_change_precond;eeg_c_theta_mean_full_change_precond;pupil_dilation_sd_full_change_precond;eeg_tleft_halpha_mean_full_change_precond;eeg_fl_hbeta_mean_full_change_precond;eeg_pright_sampent_full_change_precond;eeg_tleft_lalpha_mean_full_change_precond;eeg_t_sampent_full_change_precond;gsr_skin_conductance_eda_tonic_mean_nk_full_change_precond;eeg_fm_theta_mean_full_change_precond"
2025-11-26 18:50:06.31086,26,"stress_label",10,32,0.0078125,0.576923076923077,0.58974358974359,0.560683760683761,10,"top10","eeg_tleft_sampent_full_change_precond;eeg_c_theta_mean_full_change_precond;pupil_dilation_sd_full_change_precond;eeg_tleft_halpha_mean_full_change_precond;eeg_fl_hbeta_mean_full_change_precond;eeg_pright_sampent_full_change_precond;eeg_tleft_lalpha_mean_full_change_precond;eeg_t_sampent_full_change_precond;gsr_skin_conductance_eda_tonic_mean_nk_full_change_precond;eeg_fm_theta_mean_full_change_precond"
2025-11-26 18:50:07.155654,26,"stress_label",10,64,0.0078125,0.57051282051282,0.58974358974359,0.554700854700855,10,"top10","eeg_tleft_sampent_full_change_precond;eeg_c_theta_mean_full_change_precond;pupil_dilation_sd_full_change_precond;eeg_tleft_halpha_mean_full_change_precond;eeg_fl_hbeta_mean_full_change_precond;eeg_pright_sampent_full_change_precond;eeg_tleft_lalpha_mean_full_change_precond;eeg_t_sampent_full_change_precond;gsr_skin_conductance_eda_tonic_mean_nk_full_change_precond;eeg_fm_theta_mean_full_change_precond"
2025-11-26 18:50:08.103481,26,"stress_label",10,128,0.0078125,0.621794871794872,0.608974358974359,0.626495726495726,10,"top10","eeg_tleft_sampent_full_change_precond;eeg_c_theta_mean_full_change_precond;pupil_dilation_sd_full_change_precond;eeg_tleft_halpha_mean_full_change_precond;eeg_fl_hbeta_mean_full_change_precond;eeg_pright_sampent_full_change_precond;eeg_tleft_lalpha_mean_full_change_precond;eeg_t_sampent_full_change_precond;gsr_skin_conductance_eda_tonic_mean_nk_full_change_precond;eeg_fm_theta_mean_full_change_precond"
2025-11-26 18:50:09.178167,26,"stress_label",10,256,0.0078125,0.58974358974359,0.602564102564103,0.591452991452991,10,"top10","eeg_tleft_sampent_full_change_precond;eeg_c_theta_mean_full_change_precond;pupil_dilation_sd_full_change_precond;eeg_tleft_halpha_mean_full_change_precond;eeg_fl_hbeta_mean_full_change_precond;eeg_pright_sampent_full_change_precond;eeg_tleft_lalpha_mean_full_change_precond;eeg_t_sampent_full_change_precond;gsr_skin_conductance_eda_tonic_mean_nk_full_change_precond;eeg_fm_theta_mean_full_change_precond"
2025-11-26 18:50:10.058467,26,"stress_label",10,2,0.015625,0.557692307692308,0.564102564102564,NA,10,"top10","eeg_tleft_sampent_full_change_precond;eeg_c_theta_mean_full_change_precond;pupil_dilation_sd_full_change_precond;eeg_tleft_halpha_mean_full_change_precond;eeg_fl_hbeta_mean_full_change_precond;eeg_pright_sampent_full_change_precond;eeg_tleft_lalpha_mean_full_change_precond;eeg_t_sampent_full_change_precond;gsr_skin_conductance_eda_tonic_mean_nk_full_change_precond;eeg_fm_theta_mean_full_change_precond"
2025-11-26 18:50:10.926659,26,"stress_label",10,4,0.015625,0.557692307692308,0.564102564102564,0.534188034188034,10,"top10","eeg_tleft_sampent_full_change_precond;eeg_c_theta_mean_full_change_precond;pupil_dilation_sd_full_change_precond;eeg_tleft_halpha_mean_full_change_precond;eeg_fl_hbeta_mean_full_change_precond;eeg_pright_sampent_full_change_precond;eeg_tleft_lalpha_mean_full_change_precond;eeg_t_sampent_full_change_precond;gsr_skin_conductance_eda_tonic_mean_nk_full_change_precond;eeg_fm_theta_mean_full_change_precond"
2025-11-26 18:50:11.642774,26,"stress_label",10,8,0.015625,0.564102564102564,0.583333333333333,0.543589743589744,10,"top10","eeg_tleft_sampent_full_change_precond;eeg_c_theta_mean_full_change_precond;pupil_dilation_sd_full_change_precond;eeg_tleft_halpha_mean_full_change_precond;eeg_fl_hbeta_mean_full_change_precond;eeg_pright_sampent_full_change_precond;eeg_tleft_lalpha_mean_full_change_precond;eeg_t_sampent_full_change_precond;gsr_skin_conductance_eda_tonic_mean_nk_full_change_precond;eeg_fm_theta_mean_full_change_precond"
2025-11-26 18:50:12.452473,26,"stress_label",10,16,0.015625,0.57051282051282,0.583333333333333,0.55042735042735,10,"top10","eeg_tleft_sampent_full_change_precond;eeg_c_theta_mean_full_change_precond;pupil_dilation_sd_full_change_precond;eeg_tleft_halpha_mean_full_change_precond;eeg_fl_hbeta_mean_full_change_precond;eeg_pright_sampent_full_change_precond;eeg_tleft_lalpha_mean_full_change_precond;eeg_t_sampent_full_change_precond;gsr_skin_conductance_eda_tonic_mean_nk_full_change_precond;eeg_fm_theta_mean_full_change_precond"
2025-11-26 18:50:13.367227,26,"stress_label",10,32,0.015625,0.58974358974359,0.621794871794872,0.587179487179487,10,"top10","eeg_tleft_sampent_full_change_precond;eeg_c_theta_mean_full_change_precond;pupil_dilation_sd_full_change_precond;eeg_tleft_halpha_mean_full_change_precond;eeg_fl_hbeta_mean_full_change_precond;eeg_pright_sampent_full_change_precond;eeg_tleft_lalpha_mean_full_change_precond;eeg_t_sampent_full_change_precond;gsr_skin_conductance_eda_tonic_mean_nk_full_change_precond;eeg_fm_theta_mean_full_change_precond"
2025-11-26 18:50:14.352982,26,"stress_label",10,64,0.015625,0.58974358974359,0.596153846153846,0.591452991452991,10,"top10","eeg_tleft_sampent_full_change_precond;eeg_c_theta_mean_full_change_precond;pupil_dilation_sd_full_change_precond;eeg_tleft_halpha_mean_full_change_precond;eeg_fl_hbeta_mean_full_change_precond;eeg_pright_sampent_full_change_precond;eeg_tleft_lalpha_mean_full_change_precond;eeg_t_sampent_full_change_precond;gsr_skin_conductance_eda_tonic_mean_nk_full_change_precond;eeg_fm_theta_mean_full_change_precond"
2025-11-26 18:50:15.403634,26,"stress_label",10,128,0.015625,0.608974358974359,0.602564102564103,0.617094017094017,10,"top10","eeg_tleft_sampent_full_change_precond;eeg_c_theta_mean_full_change_precond;pupil_dilation_sd_full_change_precond;eeg_tleft_halpha_mean_full_change_precond;eeg_fl_hbeta_mean_full_change_precond;eeg_pright_sampent_full_change_precond;eeg_tleft_lalpha_mean_full_change_precond;eeg_t_sampent_full_change_precond;gsr_skin_conductance_eda_tonic_mean_nk_full_change_precond;eeg_fm_theta_mean_full_change_precond"
2025-11-26 18:50:16.564666,26,"stress_label",10,256,0.015625,0.532051282051282,0.557692307692308,NA,10,"top10","eeg_tleft_sampent_full_change_precond;eeg_c_theta_mean_full_change_precond;pupil_dilation_sd_full_change_precond;eeg_tleft_halpha_mean_full_change_precond;eeg_fl_hbeta_mean_full_change_precond;eeg_pright_sampent_full_change_precond;eeg_tleft_lalpha_mean_full_change_precond;eeg_t_sampent_full_change_precond;gsr_skin_conductance_eda_tonic_mean_nk_full_change_precond;eeg_fm_theta_mean_full_change_precond"
2025-11-26 18:50:17.373997,26,"stress_label",10,2,0.03125,0.525641025641026,0.538461538461538,NA,10,"top10","eeg_tleft_sampent_full_change_precond;eeg_c_theta_mean_full_change_precond;pupil_dilation_sd_full_change_precond;eeg_tleft_halpha_mean_full_change_precond;eeg_fl_hbeta_mean_full_change_precond;eeg_pright_sampent_full_change_precond;eeg_tleft_lalpha_mean_full_change_precond;eeg_t_sampent_full_change_precond;gsr_skin_conductance_eda_tonic_mean_nk_full_change_precond;eeg_fm_theta_mean_full_change_precond"
2025-11-26 18:50:18.244775,26,"stress_label",10,4,0.03125,0.544871794871795,0.583333333333333,0.508547008547009,10,"top10","eeg_tleft_sampent_full_change_precond;eeg_c_theta_mean_full_change_precond;pupil_dilation_sd_full_change_precond;eeg_tleft_halpha_mean_full_change_precond;eeg_fl_hbeta_mean_full_change_precond;eeg_pright_sampent_full_change_precond;eeg_tleft_lalpha_mean_full_change_precond;eeg_t_sampent_full_change_precond;gsr_skin_conductance_eda_tonic_mean_nk_full_change_precond;eeg_fm_theta_mean_full_change_precond"
2025-11-26 18:50:18.90388,26,"stress_label",10,8,0.03125,0.583333333333333,0.596153846153846,0.573504273504273,10,"top10","eeg_tleft_sampent_full_change_precond;eeg_c_theta_mean_full_change_precond;pupil_dilation_sd_full_change_precond;eeg_tleft_halpha_mean_full_change_precond;eeg_fl_hbeta_mean_full_change_precond;eeg_pright_sampent_full_change_precond;eeg_tleft_lalpha_mean_full_change_precond;eeg_t_sampent_full_change_precond;gsr_skin_conductance_eda_tonic_mean_nk_full_change_precond;eeg_fm_theta_mean_full_change_precond"
2025-11-26 18:50:19.655439,26,"stress_label",10,16,0.03125,0.564102564102564,0.583333333333333,0.555555555555556,10,"top10","eeg_tleft_sampent_full_change_precond;eeg_c_theta_mean_full_change_precond;pupil_dilation_sd_full_change_precond;eeg_tleft_halpha_mean_full_change_precond;eeg_fl_hbeta_mean_full_change_precond;eeg_pright_sampent_full_change_precond;eeg_tleft_lalpha_mean_full_change_precond;eeg_t_sampent_full_change_precond;gsr_skin_conductance_eda_tonic_mean_nk_full_change_precond;eeg_fm_theta_mean_full_change_precond"
2025-11-26 18:50:20.415969,26,"stress_label",10,32,0.03125,0.576923076923077,0.621794871794872,NA,10,"top10","eeg_tleft_sampent_full_change_precond;eeg_c_theta_mean_full_change_precond;pupil_dilation_sd_full_change_precond;eeg_tleft_halpha_mean_full_change_precond;eeg_fl_hbeta_mean_full_change_precond;eeg_pright_sampent_full_change_precond;eeg_tleft_lalpha_mean_full_change_precond;eeg_t_sampent_full_change_precond;gsr_skin_conductance_eda_tonic_mean_nk_full_change_precond;eeg_fm_theta_mean_full_change_precond"
2025-11-26 18:50:21.293892,26,"stress_label",10,64,0.03125,0.532051282051282,0.544871794871795,NA,10,"top10","eeg_tleft_sampent_full_change_precond;eeg_c_theta_mean_full_change_precond;pupil_dilation_sd_full_change_precond;eeg_tleft_halpha_mean_full_change_precond;eeg_fl_hbeta_mean_full_change_precond;eeg_pright_sampent_full_change_precond;eeg_tleft_lalpha_mean_full_change_precond;eeg_t_sampent_full_change_precond;gsr_skin_conductance_eda_tonic_mean_nk_full_change_precond;eeg_fm_theta_mean_full_change_precond"
2025-11-26 18:50:22.54322,26,"stress_label",10,128,0.03125,0.525641025641026,0.564102564102564,NA,10,"top10","eeg_tleft_sampent_full_change_precond;eeg_c_theta_mean_full_change_precond;pupil_dilation_sd_full_change_precond;eeg_tleft_halpha_mean_full_change_precond;eeg_fl_hbeta_mean_full_change_precond;eeg_pright_sampent_full_change_precond;eeg_tleft_lalpha_mean_full_change_precond;eeg_t_sampent_full_change_precond;gsr_skin_conductance_eda_tonic_mean_nk_full_change_precond;eeg_fm_theta_mean_full_change_precond"
2025-11-26 18:50:23.932992,26,"stress_label",10,256,0.03125,0.538461538461538,0.564102564102564,NA,10,"top10","eeg_tleft_sampent_full_change_precond;eeg_c_theta_mean_full_change_precond;pupil_dilation_sd_full_change_precond;eeg_tleft_halpha_mean_full_change_precond;eeg_fl_hbeta_mean_full_change_precond;eeg_pright_sampent_full_change_precond;eeg_tleft_lalpha_mean_full_change_precond;eeg_t_sampent_full_change_precond;gsr_skin_conductance_eda_tonic_mean_nk_full_change_precond;eeg_fm_theta_mean_full_change_precond"
2025-11-26 18:50:24.800383,26,"stress_label",10,2,0.0625,0.57051282051282,0.576923076923077,0.535897435897436,10,"top10","eeg_tleft_sampent_full_change_precond;eeg_c_theta_mean_full_change_precond;pupil_dilation_sd_full_change_precond;eeg_tleft_halpha_mean_full_change_precond;eeg_fl_hbeta_mean_full_change_precond;eeg_pright_sampent_full_change_precond;eeg_tleft_lalpha_mean_full_change_precond;eeg_t_sampent_full_change_precond;gsr_skin_conductance_eda_tonic_mean_nk_full_change_precond;eeg_fm_theta_mean_full_change_precond"
2025-11-26 18:50:25.675818,26,"stress_label",10,4,0.0625,0.576923076923077,0.57051282051282,NA,10,"top10","eeg_tleft_sampent_full_change_precond;eeg_c_theta_mean_full_change_precond;pupil_dilation_sd_full_change_precond;eeg_tleft_halpha_mean_full_change_precond;eeg_fl_hbeta_mean_full_change_precond;eeg_pright_sampent_full_change_precond;eeg_tleft_lalpha_mean_full_change_precond;eeg_t_sampent_full_change_precond;gsr_skin_conductance_eda_tonic_mean_nk_full_change_precond;eeg_fm_theta_mean_full_change_precond"
2025-11-26 18:50:26.550986,26,"stress_label",10,8,0.0625,0.544871794871795,0.596153846153846,NA,10,"top10","eeg_tleft_sampent_full_change_precond;eeg_c_theta_mean_full_change_precond;pupil_dilation_sd_full_change_precond;eeg_tleft_halpha_mean_full_change_precond;eeg_fl_hbeta_mean_full_change_precond;eeg_pright_sampent_full_change_precond;eeg_tleft_lalpha_mean_full_change_precond;eeg_t_sampent_full_change_precond;gsr_skin_conductance_eda_tonic_mean_nk_full_change_precond;eeg_fm_theta_mean_full_change_precond"
2025-11-26 18:50:27.448886,26,"stress_label",10,16,0.0625,0.557692307692308,0.602564102564103,NA,10,"top10","eeg_tleft_sampent_full_change_precond;eeg_c_theta_mean_full_change_precond;pupil_dilation_sd_full_change_precond;eeg_tleft_halpha_mean_full_change_precond;eeg_fl_hbeta_mean_full_change_precond;eeg_pright_sampent_full_change_precond;eeg_tleft_lalpha_mean_full_change_precond;eeg_t_sampent_full_change_precond;gsr_skin_conductance_eda_tonic_mean_nk_full_change_precond;eeg_fm_theta_mean_full_change_precond"
2025-11-26 18:50:28.471188,26,"stress_label",10,32,0.0625,0.532051282051282,0.576923076923077,NA,10,"top10","eeg_tleft_sampent_full_change_precond;eeg_c_theta_mean_full_change_precond;pupil_dilation_sd_full_change_precond;eeg_tleft_halpha_mean_full_change_precond;eeg_fl_hbeta_mean_full_change_precond;eeg_pright_sampent_full_change_precond;eeg_tleft_lalpha_mean_full_change_precond;eeg_t_sampent_full_change_precond;gsr_skin_conductance_eda_tonic_mean_nk_full_change_precond;eeg_fm_theta_mean_full_change_precond"
2025-11-26 18:50:29.597828,26,"stress_label",10,64,0.0625,0.58974358974359,0.583333333333333,0.592307692307692,10,"top10","eeg_tleft_sampent_full_change_precond;eeg_c_theta_mean_full_change_precond;pupil_dilation_sd_full_change_precond;eeg_tleft_halpha_mean_full_change_precond;eeg_fl_hbeta_mean_full_change_precond;eeg_pright_sampent_full_change_precond;eeg_tleft_lalpha_mean_full_change_precond;eeg_t_sampent_full_change_precond;gsr_skin_conductance_eda_tonic_mean_nk_full_change_precond;eeg_fm_theta_mean_full_change_precond"
2025-11-26 18:50:30.801771,26,"stress_label",10,128,0.0625,0.576923076923077,0.58974358974359,0.573504273504273,10,"top10","eeg_tleft_sampent_full_change_precond;eeg_c_theta_mean_full_change_precond;pupil_dilation_sd_full_change_precond;eeg_tleft_halpha_mean_full_change_precond;eeg_fl_hbeta_mean_full_change_precond;eeg_pright_sampent_full_change_precond;eeg_tleft_lalpha_mean_full_change_precond;eeg_t_sampent_full_change_precond;gsr_skin_conductance_eda_tonic_mean_nk_full_change_precond;eeg_fm_theta_mean_full_change_precond"
2025-11-26 18:50:32.062343,26,"stress_label",10,256,0.0625,0.596153846153846,0.602564102564103,0.586324786324786,10,"top10","eeg_tleft_sampent_full_change_precond;eeg_c_theta_mean_full_change_precond;pupil_dilation_sd_full_change_precond;eeg_tleft_halpha_mean_full_change_precond;eeg_fl_hbeta_mean_full_change_precond;eeg_pright_sampent_full_change_precond;eeg_tleft_lalpha_mean_full_change_precond;eeg_t_sampent_full_change_precond;gsr_skin_conductance_eda_tonic_mean_nk_full_change_precond;eeg_fm_theta_mean_full_change_precond"
2025-11-26 18:50:32.964983,26,"stress_label",10,2,0.125,0.538461538461538,0.538461538461538,NA,10,"top10","eeg_tleft_sampent_full_change_precond;eeg_c_theta_mean_full_change_precond;pupil_dilation_sd_full_change_precond;eeg_tleft_halpha_mean_full_change_precond;eeg_fl_hbeta_mean_full_change_precond;eeg_pright_sampent_full_change_precond;eeg_tleft_lalpha_mean_full_change_precond;eeg_t_sampent_full_change_precond;gsr_skin_conductance_eda_tonic_mean_nk_full_change_precond;eeg_fm_theta_mean_full_change_precond"
2025-11-26 18:50:33.885623,26,"stress_label",10,4,0.125,0.538461538461538,0.57051282051282,NA,10,"top10","eeg_tleft_sampent_full_change_precond;eeg_c_theta_mean_full_change_precond;pupil_dilation_sd_full_change_precond;eeg_tleft_halpha_mean_full_change_precond;eeg_fl_hbeta_mean_full_change_precond;eeg_pright_sampent_full_change_precond;eeg_tleft_lalpha_mean_full_change_precond;eeg_t_sampent_full_change_precond;gsr_skin_conductance_eda_tonic_mean_nk_full_change_precond;eeg_fm_theta_mean_full_change_precond"
2025-11-26 18:50:34.835291,26,"stress_label",10,8,0.125,0.557692307692308,0.564102564102564,NA,10,"top10","eeg_tleft_sampent_full_change_precond;eeg_c_theta_mean_full_change_precond;pupil_dilation_sd_full_change_precond;eeg_tleft_halpha_mean_full_change_precond;eeg_fl_hbeta_mean_full_change_precond;eeg_pright_sampent_full_change_precond;eeg_tleft_lalpha_mean_full_change_precond;eeg_t_sampent_full_change_precond;gsr_skin_conductance_eda_tonic_mean_nk_full_change_precond;eeg_fm_theta_mean_full_change_precond"
2025-11-26 18:50:35.821045,26,"stress_label",10,16,0.125,0.57051282051282,0.557692307692308,0.579487179487179,10,"top10","eeg_tleft_sampent_full_change_precond;eeg_c_theta_mean_full_change_precond;pupil_dilation_sd_full_change_precond;eeg_tleft_halpha_mean_full_change_precond;eeg_fl_hbeta_mean_full_change_precond;eeg_pright_sampent_full_change_precond;eeg_tleft_lalpha_mean_full_change_precond;eeg_t_sampent_full_change_precond;gsr_skin_conductance_eda_tonic_mean_nk_full_change_precond;eeg_fm_theta_mean_full_change_precond"
2025-11-26 18:50:36.897403,26,"stress_label",10,32,0.125,0.57051282051282,0.544871794871795,NA,10,"top10","eeg_tleft_sampent_full_change_precond;eeg_c_theta_mean_full_change_precond;pupil_dilation_sd_full_change_precond;eeg_tleft_halpha_mean_full_change_precond;eeg_fl_hbeta_mean_full_change_precond;eeg_pright_sampent_full_change_precond;eeg_tleft_lalpha_mean_full_change_precond;eeg_t_sampent_full_change_precond;gsr_skin_conductance_eda_tonic_mean_nk_full_change_precond;eeg_fm_theta_mean_full_change_precond"
2025-11-26 18:50:37.898556,26,"stress_label",10,64,0.125,0.576923076923077,0.57051282051282,NA,10,"top10","eeg_tleft_sampent_full_change_precond;eeg_c_theta_mean_full_change_precond;pupil_dilation_sd_full_change_precond;eeg_tleft_halpha_mean_full_change_precond;eeg_fl_hbeta_mean_full_change_precond;eeg_pright_sampent_full_change_precond;eeg_tleft_lalpha_mean_full_change_precond;eeg_t_sampent_full_change_precond;gsr_skin_conductance_eda_tonic_mean_nk_full_change_precond;eeg_fm_theta_mean_full_change_precond"
2025-11-26 18:50:38.924307,26,"stress_label",10,128,0.125,0.576923076923077,0.57051282051282,NA,10,"top10","eeg_tleft_sampent_full_change_precond;eeg_c_theta_mean_full_change_precond;pupil_dilation_sd_full_change_precond;eeg_tleft_halpha_mean_full_change_precond;eeg_fl_hbeta_mean_full_change_precond;eeg_pright_sampent_full_change_precond;eeg_tleft_lalpha_mean_full_change_precond;eeg_t_sampent_full_change_precond;gsr_skin_conductance_eda_tonic_mean_nk_full_change_precond;eeg_fm_theta_mean_full_change_precond"
2025-11-26 18:50:39.950402,26,"stress_label",10,256,0.125,0.576923076923077,0.544871794871795,NA,10,"top10","eeg_tleft_sampent_full_change_precond;eeg_c_theta_mean_full_change_precond;pupil_dilation_sd_full_change_precond;eeg_tleft_halpha_mean_full_change_precond;eeg_fl_hbeta_mean_full_change_precond;eeg_pright_sampent_full_change_precond;eeg_tleft_lalpha_mean_full_change_precond;eeg_t_sampent_full_change_precond;gsr_skin_conductance_eda_tonic_mean_nk_full_change_precond;eeg_fm_theta_mean_full_change_precond"
2025-11-26 18:50:40.815526,26,"stress_label",10,2,0.03,0.532051282051282,0.532051282051282,0.502564102564103,10,"top10","eeg_tleft_sampent_full_change_precond;eeg_c_theta_mean_full_change_precond;pupil_dilation_sd_full_change_precond;eeg_tleft_halpha_mean_full_change_precond;eeg_fl_hbeta_mean_full_change_precond;eeg_pright_sampent_full_change_precond;eeg_tleft_lalpha_mean_full_change_precond;eeg_t_sampent_full_change_precond;gsr_skin_conductance_eda_tonic_mean_nk_full_change_precond;eeg_fm_theta_mean_full_change_precond"
2025-11-26 18:50:41.674868,26,"stress_label",10,4,0.03,0.544871794871795,0.583333333333333,0.508547008547009,10,"top10","eeg_tleft_sampent_full_change_precond;eeg_c_theta_mean_full_change_precond;pupil_dilation_sd_full_change_precond;eeg_tleft_halpha_mean_full_change_precond;eeg_fl_hbeta_mean_full_change_precond;eeg_pright_sampent_full_change_precond;eeg_tleft_lalpha_mean_full_change_precond;eeg_t_sampent_full_change_precond;gsr_skin_conductance_eda_tonic_mean_nk_full_change_precond;eeg_fm_theta_mean_full_change_precond"
2025-11-26 18:50:42.413997,26,"stress_label",10,8,0.03,0.576923076923077,0.596153846153846,0.563247863247863,10,"top10","eeg_tleft_sampent_full_change_precond;eeg_c_theta_mean_full_change_precond;pupil_dilation_sd_full_change_precond;eeg_tleft_halpha_mean_full_change_precond;eeg_fl_hbeta_mean_full_change_precond;eeg_pright_sampent_full_change_precond;eeg_tleft_lalpha_mean_full_change_precond;eeg_t_sampent_full_change_precond;gsr_skin_conductance_eda_tonic_mean_nk_full_change_precond;eeg_fm_theta_mean_full_change_precond"
2025-11-26 18:50:43.185214,26,"stress_label",10,16,0.03,0.564102564102564,0.576923076923077,0.555555555555556,10,"top10","eeg_tleft_sampent_full_change_precond;eeg_c_theta_mean_full_change_precond;pupil_dilation_sd_full_change_precond;eeg_tleft_halpha_mean_full_change_precond;eeg_fl_hbeta_mean_full_change_precond;eeg_pright_sampent_full_change_precond;eeg_tleft_lalpha_mean_full_change_precond;eeg_t_sampent_full_change_precond;gsr_skin_conductance_eda_tonic_mean_nk_full_change_precond;eeg_fm_theta_mean_full_change_precond"
2025-11-26 18:50:44.158308,26,"stress_label",10,32,0.03,0.583333333333333,0.621794871794872,NA,10,"top10","eeg_tleft_sampent_full_change_precond;eeg_c_theta_mean_full_change_precond;pupil_dilation_sd_full_change_precond;eeg_tleft_halpha_mean_full_change_precond;eeg_fl_hbeta_mean_full_change_precond;eeg_pright_sampent_full_change_precond;eeg_tleft_lalpha_mean_full_change_precond;eeg_t_sampent_full_change_precond;gsr_skin_conductance_eda_tonic_mean_nk_full_change_precond;eeg_fm_theta_mean_full_change_precond"
2025-11-26 18:50:45.278182,26,"stress_label",10,64,0.03,0.532051282051282,0.596153846153846,NA,10,"top10","eeg_tleft_sampent_full_change_precond;eeg_c_theta_mean_full_change_precond;pupil_dilation_sd_full_change_precond;eeg_tleft_halpha_mean_full_change_precond;eeg_fl_hbeta_mean_full_change_precond;eeg_pright_sampent_full_change_precond;eeg_tleft_lalpha_mean_full_change_precond;eeg_t_sampent_full_change_precond;gsr_skin_conductance_eda_tonic_mean_nk_full_change_precond;eeg_fm_theta_mean_full_change_precond"
2025-11-26 18:50:46.490219,26,"stress_label",10,128,0.03,0.519230769230769,0.538461538461538,NA,10,"top10","eeg_tleft_sampent_full_change_precond;eeg_c_theta_mean_full_change_precond;pupil_dilation_sd_full_change_precond;eeg_tleft_halpha_mean_full_change_precond;eeg_fl_hbeta_mean_full_change_precond;eeg_pright_sampent_full_change_precond;eeg_tleft_lalpha_mean_full_change_precond;eeg_t_sampent_full_change_precond;gsr_skin_conductance_eda_tonic_mean_nk_full_change_precond;eeg_fm_theta_mean_full_change_precond"
2025-11-26 18:50:47.850106,26,"stress_label",10,256,0.03,0.525641025641026,0.551282051282051,NA,10,"top10","eeg_tleft_sampent_full_change_precond;eeg_c_theta_mean_full_change_precond;pupil_dilation_sd_full_change_precond;eeg_tleft_halpha_mean_full_change_precond;eeg_fl_hbeta_mean_full_change_precond;eeg_pright_sampent_full_change_precond;eeg_tleft_lalpha_mean_full_change_precond;eeg_t_sampent_full_change_precond;gsr_skin_conductance_eda_tonic_mean_nk_full_change_precond;eeg_fm_theta_mean_full_change_precond"
2025-11-26 18:50:48.595955,26,"stress_label",10,2,0.06,0.557692307692308,0.57051282051282,0.525641025641026,10,"top10","eeg_tleft_sampent_full_change_precond;eeg_c_theta_mean_full_change_precond;pupil_dilation_sd_full_change_precond;eeg_tleft_halpha_mean_full_change_precond;eeg_fl_hbeta_mean_full_change_precond;eeg_pright_sampent_full_change_precond;eeg_tleft_lalpha_mean_full_change_precond;eeg_t_sampent_full_change_precond;gsr_skin_conductance_eda_tonic_mean_nk_full_change_precond;eeg_fm_theta_mean_full_change_precond"
2025-11-26 18:50:49.486375,26,"stress_label",10,4,0.06,0.564102564102564,0.544871794871795,0.538461538461538,10,"top10","eeg_tleft_sampent_full_change_precond;eeg_c_theta_mean_full_change_precond;pupil_dilation_sd_full_change_precond;eeg_tleft_halpha_mean_full_change_precond;eeg_fl_hbeta_mean_full_change_precond;eeg_pright_sampent_full_change_precond;eeg_tleft_lalpha_mean_full_change_precond;eeg_t_sampent_full_change_precond;gsr_skin_conductance_eda_tonic_mean_nk_full_change_precond;eeg_fm_theta_mean_full_change_precond"
2025-11-26 18:50:50.391365,26,"stress_label",10,8,0.06,0.551282051282051,0.57051282051282,NA,10,"top10","eeg_tleft_sampent_full_change_precond;eeg_c_theta_mean_full_change_precond;pupil_dilation_sd_full_change_precond;eeg_tleft_halpha_mean_full_change_precond;eeg_fl_hbeta_mean_full_change_precond;eeg_pright_sampent_full_change_precond;eeg_tleft_lalpha_mean_full_change_precond;eeg_t_sampent_full_change_precond;gsr_skin_conductance_eda_tonic_mean_nk_full_change_precond;eeg_fm_theta_mean_full_change_precond"
2025-11-26 18:50:51.531877,26,"stress_label",10,16,0.06,0.564102564102564,0.621794871794872,NA,10,"top10","eeg_tleft_sampent_full_change_precond;eeg_c_theta_mean_full_change_precond;pupil_dilation_sd_full_change_precond;eeg_tleft_halpha_mean_full_change_precond;eeg_fl_hbeta_mean_full_change_precond;eeg_pright_sampent_full_change_precond;eeg_tleft_lalpha_mean_full_change_precond;eeg_t_sampent_full_change_precond;gsr_skin_conductance_eda_tonic_mean_nk_full_change_precond;eeg_fm_theta_mean_full_change_precond"
2025-11-26 18:50:52.350784,26,"stress_label",10,32,0.06,0.525641025641026,0.551282051282051,NA,10,"top10","eeg_tleft_sampent_full_change_precond;eeg_c_theta_mean_full_change_precond;pupil_dilation_sd_full_change_precond;eeg_tleft_halpha_mean_full_change_precond;eeg_fl_hbeta_mean_full_change_precond;eeg_pright_sampent_full_change_precond;eeg_tleft_lalpha_mean_full_change_precond;eeg_t_sampent_full_change_precond;gsr_skin_conductance_eda_tonic_mean_nk_full_change_precond;eeg_fm_theta_mean_full_change_precond"
2025-11-26 18:50:53.392541,26,"stress_label",10,64,0.06,0.596153846153846,0.58974358974359,0.599145299145299,10,"top10","eeg_tleft_sampent_full_change_precond;eeg_c_theta_mean_full_change_precond;pupil_dilation_sd_full_change_precond;eeg_tleft_halpha_mean_full_change_precond;eeg_fl_hbeta_mean_full_change_precond;eeg_pright_sampent_full_change_precond;eeg_tleft_lalpha_mean_full_change_precond;eeg_t_sampent_full_change_precond;gsr_skin_conductance_eda_tonic_mean_nk_full_change_precond;eeg_fm_theta_mean_full_change_precond"
2025-11-26 18:50:54.599231,26,"stress_label",10,128,0.06,0.576923076923077,0.596153846153846,0.573504273504273,10,"top10","eeg_tleft_sampent_full_change_precond;eeg_c_theta_mean_full_change_precond;pupil_dilation_sd_full_change_precond;eeg_tleft_halpha_mean_full_change_precond;eeg_fl_hbeta_mean_full_change_precond;eeg_pright_sampent_full_change_precond;eeg_tleft_lalpha_mean_full_change_precond;eeg_t_sampent_full_change_precond;gsr_skin_conductance_eda_tonic_mean_nk_full_change_precond;eeg_fm_theta_mean_full_change_precond"
2025-11-26 18:50:55.776505,26,"stress_label",10,256,0.06,0.596153846153846,0.602564102564103,0.586324786324786,10,"top10","eeg_tleft_sampent_full_change_precond;eeg_c_theta_mean_full_change_precond;pupil_dilation_sd_full_change_precond;eeg_tleft_halpha_mean_full_change_precond;eeg_fl_hbeta_mean_full_change_precond;eeg_pright_sampent_full_change_precond;eeg_tleft_lalpha_mean_full_change_precond;eeg_t_sampent_full_change_precond;gsr_skin_conductance_eda_tonic_mean_nk_full_change_precond;eeg_fm_theta_mean_full_change_precond"
2025-11-26 18:50:56.426587,26,"stress_label",10,2,0.1,0.544871794871795,0.506410256410256,NA,10,"top10","eeg_tleft_sampent_full_change_precond;eeg_c_theta_mean_full_change_precond;pupil_dilation_sd_full_change_precond;eeg_tleft_halpha_mean_full_change_precond;eeg_fl_hbeta_mean_full_change_precond;eeg_pright_sampent_full_change_precond;eeg_tleft_lalpha_mean_full_change_precond;eeg_t_sampent_full_change_precond;gsr_skin_conductance_eda_tonic_mean_nk_full_change_precond;eeg_fm_theta_mean_full_change_precond"
2025-11-26 18:50:57.330044,26,"stress_label",10,4,0.1,0.544871794871795,0.576923076923077,NA,10,"top10","eeg_tleft_sampent_full_change_precond;eeg_c_theta_mean_full_change_precond;pupil_dilation_sd_full_change_precond;eeg_tleft_halpha_mean_full_change_precond;eeg_fl_hbeta_mean_full_change_precond;eeg_pright_sampent_full_change_precond;eeg_tleft_lalpha_mean_full_change_precond;eeg_t_sampent_full_change_precond;gsr_skin_conductance_eda_tonic_mean_nk_full_change_precond;eeg_fm_theta_mean_full_change_precond"
2025-11-26 18:50:58.06909,26,"stress_label",10,8,0.1,0.544871794871795,0.544871794871795,NA,10,"top10","eeg_tleft_sampent_full_change_precond;eeg_c_theta_mean_full_change_precond;pupil_dilation_sd_full_change_precond;eeg_tleft_halpha_mean_full_change_precond;eeg_fl_hbeta_mean_full_change_precond;eeg_pright_sampent_full_change_precond;eeg_tleft_lalpha_mean_full_change_precond;eeg_t_sampent_full_change_precond;gsr_skin_conductance_eda_tonic_mean_nk_full_change_precond;eeg_fm_theta_mean_full_change_precond"
2025-11-26 18:50:58.981741,26,"stress_label",10,16,0.1,0.576923076923077,0.538461538461538,NA,10,"top10","eeg_tleft_sampent_full_change_precond;eeg_c_theta_mean_full_change_precond;pupil_dilation_sd_full_change_precond;eeg_tleft_halpha_mean_full_change_precond;eeg_fl_hbeta_mean_full_change_precond;eeg_pright_sampent_full_change_precond;eeg_tleft_lalpha_mean_full_change_precond;eeg_t_sampent_full_change_precond;gsr_skin_conductance_eda_tonic_mean_nk_full_change_precond;eeg_fm_theta_mean_full_change_precond"
2025-11-26 18:50:59.962203,26,"stress_label",10,32,0.1,0.583333333333333,0.564102564102564,0.587179487179487,10,"top10","eeg_tleft_sampent_full_change_precond;eeg_c_theta_mean_full_change_precond;pupil_dilation_sd_full_change_precond;eeg_tleft_halpha_mean_full_change_precond;eeg_fl_hbeta_mean_full_change_precond;eeg_pright_sampent_full_change_precond;eeg_tleft_lalpha_mean_full_change_precond;eeg_t_sampent_full_change_precond;gsr_skin_conductance_eda_tonic_mean_nk_full_change_precond;eeg_fm_theta_mean_full_change_precond"
2025-11-26 18:51:00.819782,26,"stress_label",10,64,0.1,0.576923076923077,0.58974358974359,0.583760683760684,10,"top10","eeg_tleft_sampent_full_change_precond;eeg_c_theta_mean_full_change_precond;pupil_dilation_sd_full_change_precond;eeg_tleft_halpha_mean_full_change_precond;eeg_fl_hbeta_mean_full_change_precond;eeg_pright_sampent_full_change_precond;eeg_tleft_lalpha_mean_full_change_precond;eeg_t_sampent_full_change_precond;gsr_skin_conductance_eda_tonic_mean_nk_full_change_precond;eeg_fm_theta_mean_full_change_precond"
2025-11-26 18:51:01.82924,26,"stress_label",10,128,0.1,0.576923076923077,0.583333333333333,0.583760683760684,10,"top10","eeg_tleft_sampent_full_change_precond;eeg_c_theta_mean_full_change_precond;pupil_dilation_sd_full_change_precond;eeg_tleft_halpha_mean_full_change_precond;eeg_fl_hbeta_mean_full_change_precond;eeg_pright_sampent_full_change_precond;eeg_tleft_lalpha_mean_full_change_precond;eeg_t_sampent_full_change_precond;gsr_skin_conductance_eda_tonic_mean_nk_full_change_precond;eeg_fm_theta_mean_full_change_precond"
2025-11-26 18:51:02.900819,26,"stress_label",10,256,0.1,0.576923076923077,0.583333333333333,0.583760683760684,10,"top10","eeg_tleft_sampent_full_change_precond;eeg_c_theta_mean_full_change_precond;pupil_dilation_sd_full_change_precond;eeg_tleft_halpha_mean_full_change_precond;eeg_fl_hbeta_mean_full_change_precond;eeg_pright_sampent_full_change_precond;eeg_tleft_lalpha_mean_full_change_precond;eeg_t_sampent_full_change_precond;gsr_skin_conductance_eda_tonic_mean_nk_full_change_precond;eeg_fm_theta_mean_full_change_precond"
2025-11-26 18:51:03.735963,26,"stress_label",5,2,0.0078125,0.641025641025641,0.66025641025641,0.647008547008547,5,"top5","eeg_tleft_sampent_full_change_precond;eeg_c_theta_mean_full_change_precond;pupil_dilation_sd_full_change_precond;eeg_tleft_halpha_mean_full_change_precond;eeg_fl_hbeta_mean_full_change_precond"
2025-11-26 18:51:04.369306,26,"stress_label",5,4,0.0078125,0.615384615384615,0.666666666666667,0.617094017094017,5,"top5","eeg_tleft_sampent_full_change_precond;eeg_c_theta_mean_full_change_precond;pupil_dilation_sd_full_change_precond;eeg_tleft_halpha_mean_full_change_precond;eeg_fl_hbeta_mean_full_change_precond"
2025-11-26 18:51:05.091314,26,"stress_label",5,8,0.0078125,0.608974358974359,0.634615384615385,0.609401709401709,5,"top5","eeg_tleft_sampent_full_change_precond;eeg_c_theta_mean_full_change_precond;pupil_dilation_sd_full_change_precond;eeg_tleft_halpha_mean_full_change_precond;eeg_fl_hbeta_mean_full_change_precond"
2025-11-26 18:51:05.806712,26,"stress_label",5,16,0.0078125,0.608974358974359,0.634615384615385,0.608547008547009,5,"top5","eeg_tleft_sampent_full_change_precond;eeg_c_theta_mean_full_change_precond;pupil_dilation_sd_full_change_precond;eeg_tleft_halpha_mean_full_change_precond;eeg_fl_hbeta_mean_full_change_precond"
2025-11-26 18:51:06.575358,26,"stress_label",5,32,0.0078125,0.621794871794872,0.653846153846154,0.617094017094017,5,"top5","eeg_tleft_sampent_full_change_precond;eeg_c_theta_mean_full_change_precond;pupil_dilation_sd_full_change_precond;eeg_tleft_halpha_mean_full_change_precond;eeg_fl_hbeta_mean_full_change_precond"
2025-11-26 18:51:07.352849,26,"stress_label",5,64,0.0078125,0.621794871794872,0.66025641025641,0.618803418803419,5,"top5","eeg_tleft_sampent_full_change_precond;eeg_c_theta_mean_full_change_precond;pupil_dilation_sd_full_change_precond;eeg_tleft_halpha_mean_full_change_precond;eeg_fl_hbeta_mean_full_change_precond"
2025-11-26 18:51:08.143394,26,"stress_label",5,128,0.0078125,0.596153846153846,0.628205128205128,0.588034188034188,5,"top5","eeg_tleft_sampent_full_change_precond;eeg_c_theta_mean_full_change_precond;pupil_dilation_sd_full_change_precond;eeg_tleft_halpha_mean_full_change_precond;eeg_fl_hbeta_mean_full_change_precond"
2025-11-26 18:51:08.967319,26,"stress_label",5,256,0.0078125,0.564102564102564,0.58974358974359,0.560683760683761,5,"top5","eeg_tleft_sampent_full_change_precond;eeg_c_theta_mean_full_change_precond;pupil_dilation_sd_full_change_precond;eeg_tleft_halpha_mean_full_change_precond;eeg_fl_hbeta_mean_full_change_precond"
2025-11-26 18:51:09.733253,26,"stress_label",5,2,0.015625,0.621794871794872,0.666666666666667,0.627350427350427,5,"top5","eeg_tleft_sampent_full_change_precond;eeg_c_theta_mean_full_change_precond;pupil_dilation_sd_full_change_precond;eeg_tleft_halpha_mean_full_change_precond;eeg_fl_hbeta_mean_full_change_precond"
2025-11-26 18:51:10.498242,26,"stress_label",5,4,0.015625,0.602564102564103,0.641025641025641,0.606837606837607,5,"top5","eeg_tleft_sampent_full_change_precond;eeg_c_theta_mean_full_change_precond;pupil_dilation_sd_full_change_precond;eeg_tleft_halpha_mean_full_change_precond;eeg_fl_hbeta_mean_full_change_precond"
2025-11-26 18:51:11.271184,26,"stress_label",5,8,0.015625,0.615384615384615,0.647435897435897,0.617094017094017,5,"top5","eeg_tleft_sampent_full_change_precond;eeg_c_theta_mean_full_change_precond;pupil_dilation_sd_full_change_precond;eeg_tleft_halpha_mean_full_change_precond;eeg_fl_hbeta_mean_full_change_precond"
2025-11-26 18:51:12.019893,26,"stress_label",5,16,0.015625,0.628205128205128,0.66025641025641,0.627350427350427,5,"top5","eeg_tleft_sampent_full_change_precond;eeg_c_theta_mean_full_change_precond;pupil_dilation_sd_full_change_precond;eeg_tleft_halpha_mean_full_change_precond;eeg_fl_hbeta_mean_full_change_precond"
2025-11-26 18:51:12.787408,26,"stress_label",5,32,0.015625,0.602564102564103,0.634615384615385,0.601709401709402,5,"top5","eeg_tleft_sampent_full_change_precond;eeg_c_theta_mean_full_change_precond;pupil_dilation_sd_full_change_precond;eeg_tleft_halpha_mean_full_change_precond;eeg_fl_hbeta_mean_full_change_precond"
2025-11-26 18:51:13.554975,26,"stress_label",5,64,0.015625,0.57051282051282,0.602564102564103,0.568376068376068,5,"top5","eeg_tleft_sampent_full_change_precond;eeg_c_theta_mean_full_change_precond;pupil_dilation_sd_full_change_precond;eeg_tleft_halpha_mean_full_change_precond;eeg_fl_hbeta_mean_full_change_precond"
2025-11-26 18:51:14.468636,26,"stress_label",5,128,0.015625,0.58974358974359,0.596153846153846,0.585470085470085,5,"top5","eeg_tleft_sampent_full_change_precond;eeg_c_theta_mean_full_change_precond;pupil_dilation_sd_full_change_precond;eeg_tleft_halpha_mean_full_change_precond;eeg_fl_hbeta_mean_full_change_precond"
2025-11-26 18:51:15.406929,26,"stress_label",5,256,0.015625,0.596153846153846,0.628205128205128,0.594871794871795,5,"top5","eeg_tleft_sampent_full_change_precond;eeg_c_theta_mean_full_change_precond;pupil_dilation_sd_full_change_precond;eeg_tleft_halpha_mean_full_change_precond;eeg_fl_hbeta_mean_full_change_precond"
2025-11-26 18:51:16.192792,26,"stress_label",5,2,0.03125,0.596153846153846,0.641025641025641,0.588034188034188,5,"top5","eeg_tleft_sampent_full_change_precond;eeg_c_theta_mean_full_change_precond;pupil_dilation_sd_full_change_precond;eeg_tleft_halpha_mean_full_change_precond;eeg_fl_hbeta_mean_full_change_precond"
2025-11-26 18:51:16.94606,26,"stress_label",5,4,0.03125,0.615384615384615,0.647435897435897,0.622222222222222,5,"top5","eeg_tleft_sampent_full_change_precond;eeg_c_theta_mean_full_change_precond;pupil_dilation_sd_full_change_precond;eeg_tleft_halpha_mean_full_change_precond;eeg_fl_hbeta_mean_full_change_precond"
2025-11-26 18:51:17.701651,26,"stress_label",5,8,0.03125,0.596153846153846,0.634615384615385,0.588888888888889,5,"top5","eeg_tleft_sampent_full_change_precond;eeg_c_theta_mean_full_change_precond;pupil_dilation_sd_full_change_precond;eeg_tleft_halpha_mean_full_change_precond;eeg_fl_hbeta_mean_full_change_precond"
2025-11-26 18:51:18.42752,26,"stress_label",5,16,0.03125,0.58974358974359,0.615384615384615,0.575213675213675,5,"top5","eeg_tleft_sampent_full_change_precond;eeg_c_theta_mean_full_change_precond;pupil_dilation_sd_full_change_precond;eeg_tleft_halpha_mean_full_change_precond;eeg_fl_hbeta_mean_full_change_precond"
2025-11-26 18:51:19.225437,26,"stress_label",5,32,0.03125,0.602564102564103,0.615384615384615,0.597435897435897,5,"top5","eeg_tleft_sampent_full_change_precond;eeg_c_theta_mean_full_change_precond;pupil_dilation_sd_full_change_precond;eeg_tleft_halpha_mean_full_change_precond;eeg_fl_hbeta_mean_full_change_precond"
2025-11-26 18:51:20.072781,26,"stress_label",5,64,0.03125,0.596153846153846,0.602564102564103,NA,5,"top5","eeg_tleft_sampent_full_change_precond;eeg_c_theta_mean_full_change_precond;pupil_dilation_sd_full_change_precond;eeg_tleft_halpha_mean_full_change_precond;eeg_fl_hbeta_mean_full_change_precond"
2025-11-26 18:51:20.998952,26,"stress_label",5,128,0.03125,0.57051282051282,0.615384615384615,0.564102564102564,5,"top5","eeg_tleft_sampent_full_change_precond;eeg_c_theta_mean_full_change_precond;pupil_dilation_sd_full_change_precond;eeg_tleft_halpha_mean_full_change_precond;eeg_fl_hbeta_mean_full_change_precond"
2025-11-26 18:51:22.074686,26,"stress_label",5,256,0.03125,0.576923076923077,0.628205128205128,NA,5,"top5","eeg_tleft_sampent_full_change_precond;eeg_c_theta_mean_full_change_precond;pupil_dilation_sd_full_change_precond;eeg_tleft_halpha_mean_full_change_precond;eeg_fl_hbeta_mean_full_change_precond"
2025-11-26 18:51:22.685353,26,"stress_label",5,2,0.0625,0.602564102564103,0.641025641025641,0.601709401709402,5,"top5","eeg_tleft_sampent_full_change_precond;eeg_c_theta_mean_full_change_precond;pupil_dilation_sd_full_change_precond;eeg_tleft_halpha_mean_full_change_precond;eeg_fl_hbeta_mean_full_change_precond"
2025-11-26 18:51:23.388887,26,"stress_label",5,4,0.0625,0.583333333333333,0.628205128205128,0.566666666666667,5,"top5","eeg_tleft_sampent_full_change_precond;eeg_c_theta_mean_full_change_precond;pupil_dilation_sd_full_change_precond;eeg_tleft_halpha_mean_full_change_precond;eeg_fl_hbeta_mean_full_change_precond"
2025-11-26 18:51:24.187312,26,"stress_label",5,8,0.0625,0.583333333333333,0.621794871794872,0.567521367521368,5,"top5","eeg_tleft_sampent_full_change_precond;eeg_c_theta_mean_full_change_precond;pupil_dilation_sd_full_change_precond;eeg_tleft_halpha_mean_full_change_precond;eeg_fl_hbeta_mean_full_change_precond"
2025-11-26 18:51:24.98301,26,"stress_label",5,16,0.0625,0.564102564102564,0.608974358974359,0.547008547008547,5,"top5","eeg_tleft_sampent_full_change_precond;eeg_c_theta_mean_full_change_precond;pupil_dilation_sd_full_change_precond;eeg_tleft_halpha_mean_full_change_precond;eeg_fl_hbeta_mean_full_change_precond"
2025-11-26 18:51:25.740536,26,"stress_label",5,32,0.0625,0.58974358974359,0.641025641025641,0.574358974358974,5,"top5","eeg_tleft_sampent_full_change_precond;eeg_c_theta_mean_full_change_precond;pupil_dilation_sd_full_change_precond;eeg_tleft_halpha_mean_full_change_precond;eeg_fl_hbeta_mean_full_change_precond"
2025-11-26 18:51:26.539673,26,"stress_label",5,64,0.0625,0.57051282051282,0.583333333333333,NA,5,"top5","eeg_tleft_sampent_full_change_precond;eeg_c_theta_mean_full_change_precond;pupil_dilation_sd_full_change_precond;eeg_tleft_halpha_mean_full_change_precond;eeg_fl_hbeta_mean_full_change_precond"
2025-11-26 18:51:27.422744,26,"stress_label",5,128,0.0625,0.583333333333333,0.551282051282051,NA,5,"top5","eeg_tleft_sampent_full_change_precond;eeg_c_theta_mean_full_change_precond;pupil_dilation_sd_full_change_precond;eeg_tleft_halpha_mean_full_change_precond;eeg_fl_hbeta_mean_full_change_precond"
2025-11-26 18:51:28.567795,26,"stress_label",5,256,0.0625,0.557692307692308,0.57051282051282,NA,5,"top5","eeg_tleft_sampent_full_change_precond;eeg_c_theta_mean_full_change_precond;pupil_dilation_sd_full_change_precond;eeg_tleft_halpha_mean_full_change_precond;eeg_fl_hbeta_mean_full_change_precond"
2025-11-26 18:51:29.163308,26,"stress_label",5,2,0.125,0.583333333333333,0.602564102564103,0.574358974358974,5,"top5","eeg_tleft_sampent_full_change_precond;eeg_c_theta_mean_full_change_precond;pupil_dilation_sd_full_change_precond;eeg_tleft_halpha_mean_full_change_precond;eeg_fl_hbeta_mean_full_change_precond"
2025-11-26 18:51:29.852723,26,"stress_label",5,4,0.125,0.583333333333333,0.628205128205128,0.567521367521368,5,"top5","eeg_tleft_sampent_full_change_precond;eeg_c_theta_mean_full_change_precond;pupil_dilation_sd_full_change_precond;eeg_tleft_halpha_mean_full_change_precond;eeg_fl_hbeta_mean_full_change_precond"
2025-11-26 18:51:30.609354,26,"stress_label",5,8,0.125,0.608974358974359,0.634615384615385,0.583760683760684,5,"top5","eeg_tleft_sampent_full_change_precond;eeg_c_theta_mean_full_change_precond;pupil_dilation_sd_full_change_precond;eeg_tleft_halpha_mean_full_change_precond;eeg_fl_hbeta_mean_full_change_precond"
2025-11-26 18:51:31.455291,26,"stress_label",5,16,0.125,0.58974358974359,0.602564102564103,NA,5,"top5","eeg_tleft_sampent_full_change_precond;eeg_c_theta_mean_full_change_precond;pupil_dilation_sd_full_change_precond;eeg_tleft_halpha_mean_full_change_precond;eeg_fl_hbeta_mean_full_change_precond"
2025-11-26 18:51:32.311587,26,"stress_label",5,32,0.125,0.58974358974359,0.596153846153846,NA,5,"top5","eeg_tleft_sampent_full_change_precond;eeg_c_theta_mean_full_change_precond;pupil_dilation_sd_full_change_precond;eeg_tleft_halpha_mean_full_change_precond;eeg_fl_hbeta_mean_full_change_precond"
2025-11-26 18:51:33.113028,26,"stress_label",5,64,0.125,0.551282051282051,0.551282051282051,NA,5,"top5","eeg_tleft_sampent_full_change_precond;eeg_c_theta_mean_full_change_precond;pupil_dilation_sd_full_change_precond;eeg_tleft_halpha_mean_full_change_precond;eeg_fl_hbeta_mean_full_change_precond"
2025-11-26 18:51:34.294302,26,"stress_label",5,128,0.125,0.557692307692308,0.557692307692308,NA,5,"top5","eeg_tleft_sampent_full_change_precond;eeg_c_theta_mean_full_change_precond;pupil_dilation_sd_full_change_precond;eeg_tleft_halpha_mean_full_change_precond;eeg_fl_hbeta_mean_full_change_precond"
2025-11-26 18:51:35.713175,26,"stress_label",5,256,0.125,0.564102564102564,0.557692307692308,NA,5,"top5","eeg_tleft_sampent_full_change_precond;eeg_c_theta_mean_full_change_precond;pupil_dilation_sd_full_change_precond;eeg_tleft_halpha_mean_full_change_precond;eeg_fl_hbeta_mean_full_change_precond"
2025-11-26 18:51:36.500365,26,"stress_label",5,2,0.03,0.602564102564103,0.641025641025641,0.596581196581197,5,"top5","eeg_tleft_sampent_full_change_precond;eeg_c_theta_mean_full_change_precond;pupil_dilation_sd_full_change_precond;eeg_tleft_halpha_mean_full_change_precond;eeg_fl_hbeta_mean_full_change_precond"
2025-11-26 18:51:37.271716,26,"stress_label",5,4,0.03,0.615384615384615,0.653846153846154,0.622222222222222,5,"top5","eeg_tleft_sampent_full_change_precond;eeg_c_theta_mean_full_change_precond;pupil_dilation_sd_full_change_precond;eeg_tleft_halpha_mean_full_change_precond;eeg_fl_hbeta_mean_full_change_precond"
2025-11-26 18:51:38.078391,26,"stress_label",5,8,0.03,0.596153846153846,0.647435897435897,0.588888888888889,5,"top5","eeg_tleft_sampent_full_change_precond;eeg_c_theta_mean_full_change_precond;pupil_dilation_sd_full_change_precond;eeg_tleft_halpha_mean_full_change_precond;eeg_fl_hbeta_mean_full_change_precond"
2025-11-26 18:51:38.720579,26,"stress_label",5,16,0.03,0.58974358974359,0.615384615384615,0.575213675213675,5,"top5","eeg_tleft_sampent_full_change_precond;eeg_c_theta_mean_full_change_precond;pupil_dilation_sd_full_change_precond;eeg_tleft_halpha_mean_full_change_precond;eeg_fl_hbeta_mean_full_change_precond"
2025-11-26 18:51:39.473021,26,"stress_label",5,32,0.03,0.602564102564103,0.608974358974359,0.597435897435897,5,"top5","eeg_tleft_sampent_full_change_precond;eeg_c_theta_mean_full_change_precond;pupil_dilation_sd_full_change_precond;eeg_tleft_halpha_mean_full_change_precond;eeg_fl_hbeta_mean_full_change_precond"
2025-11-26 18:51:40.311745,26,"stress_label",5,64,0.03,0.58974358974359,0.608974358974359,NA,5,"top5","eeg_tleft_sampent_full_change_precond;eeg_c_theta_mean_full_change_precond;pupil_dilation_sd_full_change_precond;eeg_tleft_halpha_mean_full_change_precond;eeg_fl_hbeta_mean_full_change_precond"
2025-11-26 18:51:41.236376,26,"stress_label",5,128,0.03,0.576923076923077,0.583333333333333,0.572649572649573,5,"top5","eeg_tleft_sampent_full_change_precond;eeg_c_theta_mean_full_change_precond;pupil_dilation_sd_full_change_precond;eeg_tleft_halpha_mean_full_change_precond;eeg_fl_hbeta_mean_full_change_precond"
2025-11-26 18:51:42.351629,26,"stress_label",5,256,0.03,0.576923076923077,0.628205128205128,NA,5,"top5","eeg_tleft_sampent_full_change_precond;eeg_c_theta_mean_full_change_precond;pupil_dilation_sd_full_change_precond;eeg_tleft_halpha_mean_full_change_precond;eeg_fl_hbeta_mean_full_change_precond"
2025-11-26 18:51:43.123252,26,"stress_label",5,2,0.06,0.602564102564103,0.641025641025641,0.601709401709402,5,"top5","eeg_tleft_sampent_full_change_precond;eeg_c_theta_mean_full_change_precond;pupil_dilation_sd_full_change_precond;eeg_tleft_halpha_mean_full_change_precond;eeg_fl_hbeta_mean_full_change_precond"
2025-11-26 18:51:43.882914,26,"stress_label",5,4,0.06,0.583333333333333,0.621794871794872,0.566666666666667,5,"top5","eeg_tleft_sampent_full_change_precond;eeg_c_theta_mean_full_change_precond;pupil_dilation_sd_full_change_precond;eeg_tleft_halpha_mean_full_change_precond;eeg_fl_hbeta_mean_full_change_precond"
2025-11-26 18:51:44.674812,26,"stress_label",5,8,0.06,0.583333333333333,0.634615384615385,0.567521367521368,5,"top5","eeg_tleft_sampent_full_change_precond;eeg_c_theta_mean_full_change_precond;pupil_dilation_sd_full_change_precond;eeg_tleft_halpha_mean_full_change_precond;eeg_fl_hbeta_mean_full_change_precond"
2025-11-26 18:51:45.48669,26,"stress_label",5,16,0.06,0.57051282051282,0.608974358974359,0.552136752136752,5,"top5","eeg_tleft_sampent_full_change_precond;eeg_c_theta_mean_full_change_precond;pupil_dilation_sd_full_change_precond;eeg_tleft_halpha_mean_full_change_precond;eeg_fl_hbeta_mean_full_change_precond"
2025-11-26 18:51:46.327714,26,"stress_label",5,32,0.06,0.583333333333333,0.634615384615385,0.571794871794872,5,"top5","eeg_tleft_sampent_full_change_precond;eeg_c_theta_mean_full_change_precond;pupil_dilation_sd_full_change_precond;eeg_tleft_halpha_mean_full_change_precond;eeg_fl_hbeta_mean_full_change_precond"
2025-11-26 18:51:47.26138,26,"stress_label",5,64,0.06,0.576923076923077,0.58974358974359,NA,5,"top5","eeg_tleft_sampent_full_change_precond;eeg_c_theta_mean_full_change_precond;pupil_dilation_sd_full_change_precond;eeg_tleft_halpha_mean_full_change_precond;eeg_fl_hbeta_mean_full_change_precond"
2025-11-26 18:51:48.26064,26,"stress_label",5,128,0.06,0.583333333333333,0.564102564102564,NA,5,"top5","eeg_tleft_sampent_full_change_precond;eeg_c_theta_mean_full_change_precond;pupil_dilation_sd_full_change_precond;eeg_tleft_halpha_mean_full_change_precond;eeg_fl_hbeta_mean_full_change_precond"
2025-11-26 18:51:49.594037,26,"stress_label",5,256,0.06,0.564102564102564,0.57051282051282,NA,5,"top5","eeg_tleft_sampent_full_change_precond;eeg_c_theta_mean_full_change_precond;pupil_dilation_sd_full_change_precond;eeg_tleft_halpha_mean_full_change_precond;eeg_fl_hbeta_mean_full_change_precond"
2025-11-26 18:51:50.308001,26,"stress_label",5,2,0.1,0.583333333333333,0.608974358974359,0.576923076923077,5,"top5","eeg_tleft_sampent_full_change_precond;eeg_c_theta_mean_full_change_precond;pupil_dilation_sd_full_change_precond;eeg_tleft_halpha_mean_full_change_precond;eeg_fl_hbeta_mean_full_change_precond"
2025-11-26 18:51:50.954049,26,"stress_label",5,4,0.1,0.57051282051282,0.615384615384615,0.558974358974359,5,"top5","eeg_tleft_sampent_full_change_precond;eeg_c_theta_mean_full_change_precond;pupil_dilation_sd_full_change_precond;eeg_tleft_halpha_mean_full_change_precond;eeg_fl_hbeta_mean_full_change_precond"
2025-11-26 18:51:51.738785,26,"stress_label",5,8,0.1,0.583333333333333,0.641025641025641,0.567521367521368,5,"top5","eeg_tleft_sampent_full_change_precond;eeg_c_theta_mean_full_change_precond;pupil_dilation_sd_full_change_precond;eeg_tleft_halpha_mean_full_change_precond;eeg_fl_hbeta_mean_full_change_precond"
2025-11-26 18:51:52.50803,26,"stress_label",5,16,0.1,0.602564102564103,0.602564102564103,0.581196581196581,5,"top5","eeg_tleft_sampent_full_change_precond;eeg_c_theta_mean_full_change_precond;pupil_dilation_sd_full_change_precond;eeg_tleft_halpha_mean_full_change_precond;eeg_fl_hbeta_mean_full_change_precond"
2025-11-26 18:51:53.298712,26,"stress_label",5,32,0.1,0.602564102564103,0.58974358974359,NA,5,"top5","eeg_tleft_sampent_full_change_precond;eeg_c_theta_mean_full_change_precond;pupil_dilation_sd_full_change_precond;eeg_tleft_halpha_mean_full_change_precond;eeg_fl_hbeta_mean_full_change_precond"
2025-11-26 18:51:54.303045,26,"stress_label",5,64,0.1,0.576923076923077,0.57051282051282,NA,5,"top5","eeg_tleft_sampent_full_change_precond;eeg_c_theta_mean_full_change_precond;pupil_dilation_sd_full_change_precond;eeg_tleft_halpha_mean_full_change_precond;eeg_fl_hbeta_mean_full_change_precond"
2025-11-26 18:51:55.456416,26,"stress_label",5,128,0.1,0.544871794871795,0.551282051282051,NA,5,"top5","eeg_tleft_sampent_full_change_precond;eeg_c_theta_mean_full_change_precond;pupil_dilation_sd_full_change_precond;eeg_tleft_halpha_mean_full_change_precond;eeg_fl_hbeta_mean_full_change_precond"
2025-11-26 18:51:56.842341,26,"stress_label",5,256,0.1,0.557692307692308,0.519230769230769,NA,5,"top5","eeg_tleft_sampent_full_change_precond;eeg_c_theta_mean_full_change_precond;pupil_dilation_sd_full_change_precond;eeg_tleft_halpha_mean_full_change_precond;eeg_fl_hbeta_mean_full_change_precond"
2025-11-26 18:51:57.981842,27,"stress_label",20,2,0.0078125,0.576923076923077,0.615384615384615,0.523076923076923,20,"top20","eeg_tleft_sampent_full_change_precond;eeg_tleft_halpha_mean_full_change_precond;eeg_pright_sampent_full_change_precond;pupil_dilation_sd_full_change_precond;eeg_c_theta_mean_full_change_precond;eeg_t_sampent_full_change_precond;gsr_skin_conductance_eda_tonic_mean_nk_full_change_precond;eeg_tleft_lalpha_mean_full_change_precond;hrv_rmssd_full_change_precond;eeg_fl_hbeta_mean_full_change_precond;eeg_fm_theta_mean_full_change_precond;eeg_fr_sampent_full_change_precond;eeg_c_sampent_full_change_precond;eeg_tright_halpha_mean_full_change_precond;hr_heartrate_bpm_med_abs_full_change_precond;eeg_c_specent_full_change_precond;eeg_tleft_hbeta_mean_full_change_precond;eeg_pright_halpha_mean_full_change_precond;eeg_ab_ratio_full_change_precond;pupil_asymmetry_full_change_precond"
2025-11-26 18:51:59.032702,27,"stress_label",20,4,0.0078125,0.538461538461538,0.596153846153846,0.512820512820513,20,"top20","eeg_tleft_sampent_full_change_precond;eeg_tleft_halpha_mean_full_change_precond;eeg_pright_sampent_full_change_precond;pupil_dilation_sd_full_change_precond;eeg_c_theta_mean_full_change_precond;eeg_t_sampent_full_change_precond;gsr_skin_conductance_eda_tonic_mean_nk_full_change_precond;eeg_tleft_lalpha_mean_full_change_precond;hrv_rmssd_full_change_precond;eeg_fl_hbeta_mean_full_change_precond;eeg_fm_theta_mean_full_change_precond;eeg_fr_sampent_full_change_precond;eeg_c_sampent_full_change_precond;eeg_tright_halpha_mean_full_change_precond;hr_heartrate_bpm_med_abs_full_change_precond;eeg_c_specent_full_change_precond;eeg_tleft_hbeta_mean_full_change_precond;eeg_pright_halpha_mean_full_change_precond;eeg_ab_ratio_full_change_precond;pupil_asymmetry_full_change_precond"
2025-11-26 18:52:00.021073,27,"stress_label",20,8,0.0078125,0.512820512820513,0.557692307692308,0.501709401709402,20,"top20","eeg_tleft_sampent_full_change_precond;eeg_tleft_halpha_mean_full_change_precond;eeg_pright_sampent_full_change_precond;pupil_dilation_sd_full_change_precond;eeg_c_theta_mean_full_change_precond;eeg_t_sampent_full_change_precond;gsr_skin_conductance_eda_tonic_mean_nk_full_change_precond;eeg_tleft_lalpha_mean_full_change_precond;hrv_rmssd_full_change_precond;eeg_fl_hbeta_mean_full_change_precond;eeg_fm_theta_mean_full_change_precond;eeg_fr_sampent_full_change_precond;eeg_c_sampent_full_change_precond;eeg_tright_halpha_mean_full_change_precond;hr_heartrate_bpm_med_abs_full_change_precond;eeg_c_specent_full_change_precond;eeg_tleft_hbeta_mean_full_change_precond;eeg_pright_halpha_mean_full_change_precond;eeg_ab_ratio_full_change_precond;pupil_asymmetry_full_change_precond"
2025-11-26 18:52:00.862435,27,"stress_label",20,16,0.0078125,0.538461538461538,0.583333333333333,0.517948717948718,20,"top20","eeg_tleft_sampent_full_change_precond;eeg_tleft_halpha_mean_full_change_precond;eeg_pright_sampent_full_change_precond;pupil_dilation_sd_full_change_precond;eeg_c_theta_mean_full_change_precond;eeg_t_sampent_full_change_precond;gsr_skin_conductance_eda_tonic_mean_nk_full_change_precond;eeg_tleft_lalpha_mean_full_change_precond;hrv_rmssd_full_change_precond;eeg_fl_hbeta_mean_full_change_precond;eeg_fm_theta_mean_full_change_precond;eeg_fr_sampent_full_change_precond;eeg_c_sampent_full_change_precond;eeg_tright_halpha_mean_full_change_precond;hr_heartrate_bpm_med_abs_full_change_precond;eeg_c_specent_full_change_precond;eeg_tleft_hbeta_mean_full_change_precond;eeg_pright_halpha_mean_full_change_precond;eeg_ab_ratio_full_change_precond;pupil_asymmetry_full_change_precond"
2025-11-26 18:52:01.912807,27,"stress_label",20,32,0.0078125,0.57051282051282,0.602564102564103,NA,20,"top20","eeg_tleft_sampent_full_change_precond;eeg_tleft_halpha_mean_full_change_precond;eeg_pright_sampent_full_change_precond;pupil_dilation_sd_full_change_precond;eeg_c_theta_mean_full_change_precond;eeg_t_sampent_full_change_precond;gsr_skin_conductance_eda_tonic_mean_nk_full_change_precond;eeg_tleft_lalpha_mean_full_change_precond;hrv_rmssd_full_change_precond;eeg_fl_hbeta_mean_full_change_precond;eeg_fm_theta_mean_full_change_precond;eeg_fr_sampent_full_change_precond;eeg_c_sampent_full_change_precond;eeg_tright_halpha_mean_full_change_precond;hr_heartrate_bpm_med_abs_full_change_precond;eeg_c_specent_full_change_precond;eeg_tleft_hbeta_mean_full_change_precond;eeg_pright_halpha_mean_full_change_precond;eeg_ab_ratio_full_change_precond;pupil_asymmetry_full_change_precond"
2025-11-26 18:52:02.985143,27,"stress_label",20,64,0.0078125,0.551282051282051,0.551282051282051,NA,20,"top20","eeg_tleft_sampent_full_change_precond;eeg_tleft_halpha_mean_full_change_precond;eeg_pright_sampent_full_change_precond;pupil_dilation_sd_full_change_precond;eeg_c_theta_mean_full_change_precond;eeg_t_sampent_full_change_precond;gsr_skin_conductance_eda_tonic_mean_nk_full_change_precond;eeg_tleft_lalpha_mean_full_change_precond;hrv_rmssd_full_change_precond;eeg_fl_hbeta_mean_full_change_precond;eeg_fm_theta_mean_full_change_precond;eeg_fr_sampent_full_change_precond;eeg_c_sampent_full_change_precond;eeg_tright_halpha_mean_full_change_precond;hr_heartrate_bpm_med_abs_full_change_precond;eeg_c_specent_full_change_precond;eeg_tleft_hbeta_mean_full_change_precond;eeg_pright_halpha_mean_full_change_precond;eeg_ab_ratio_full_change_precond;pupil_asymmetry_full_change_precond"
2025-11-26 18:52:04.163473,27,"stress_label",20,128,0.0078125,0.532051282051282,0.487179487179487,NA,20,"top20","eeg_tleft_sampent_full_change_precond;eeg_tleft_halpha_mean_full_change_precond;eeg_pright_sampent_full_change_precond;pupil_dilation_sd_full_change_precond;eeg_c_theta_mean_full_change_precond;eeg_t_sampent_full_change_precond;gsr_skin_conductance_eda_tonic_mean_nk_full_change_precond;eeg_tleft_lalpha_mean_full_change_precond;hrv_rmssd_full_change_precond;eeg_fl_hbeta_mean_full_change_precond;eeg_fm_theta_mean_full_change_precond;eeg_fr_sampent_full_change_precond;eeg_c_sampent_full_change_precond;eeg_tright_halpha_mean_full_change_precond;hr_heartrate_bpm_med_abs_full_change_precond;eeg_c_specent_full_change_precond;eeg_tleft_hbeta_mean_full_change_precond;eeg_pright_halpha_mean_full_change_precond;eeg_ab_ratio_full_change_precond;pupil_asymmetry_full_change_precond"
2025-11-26 18:52:05.594354,27,"stress_label",20,256,0.0078125,0.532051282051282,0.442307692307692,NA,20,"top20","eeg_tleft_sampent_full_change_precond;eeg_tleft_halpha_mean_full_change_precond;eeg_pright_sampent_full_change_precond;pupil_dilation_sd_full_change_precond;eeg_c_theta_mean_full_change_precond;eeg_t_sampent_full_change_precond;gsr_skin_conductance_eda_tonic_mean_nk_full_change_precond;eeg_tleft_lalpha_mean_full_change_precond;hrv_rmssd_full_change_precond;eeg_fl_hbeta_mean_full_change_precond;eeg_fm_theta_mean_full_change_precond;eeg_fr_sampent_full_change_precond;eeg_c_sampent_full_change_precond;eeg_tright_halpha_mean_full_change_precond;hr_heartrate_bpm_med_abs_full_change_precond;eeg_c_specent_full_change_precond;eeg_tleft_hbeta_mean_full_change_precond;eeg_pright_halpha_mean_full_change_precond;eeg_ab_ratio_full_change_precond;pupil_asymmetry_full_change_precond"
2025-11-26 18:52:06.56989,27,"stress_label",20,2,0.015625,0.557692307692308,0.576923076923077,0.523931623931624,20,"top20","eeg_tleft_sampent_full_change_precond;eeg_tleft_halpha_mean_full_change_precond;eeg_pright_sampent_full_change_precond;pupil_dilation_sd_full_change_precond;eeg_c_theta_mean_full_change_precond;eeg_t_sampent_full_change_precond;gsr_skin_conductance_eda_tonic_mean_nk_full_change_precond;eeg_tleft_lalpha_mean_full_change_precond;hrv_rmssd_full_change_precond;eeg_fl_hbeta_mean_full_change_precond;eeg_fm_theta_mean_full_change_precond;eeg_fr_sampent_full_change_precond;eeg_c_sampent_full_change_precond;eeg_tright_halpha_mean_full_change_precond;hr_heartrate_bpm_med_abs_full_change_precond;eeg_c_specent_full_change_precond;eeg_tleft_hbeta_mean_full_change_precond;eeg_pright_halpha_mean_full_change_precond;eeg_ab_ratio_full_change_precond;pupil_asymmetry_full_change_precond"
2025-11-26 18:52:07.468162,27,"stress_label",20,4,0.015625,0.538461538461538,0.57051282051282,0.508547008547009,20,"top20","eeg_tleft_sampent_full_change_precond;eeg_tleft_halpha_mean_full_change_precond;eeg_pright_sampent_full_change_precond;pupil_dilation_sd_full_change_precond;eeg_c_theta_mean_full_change_precond;eeg_t_sampent_full_change_precond;gsr_skin_conductance_eda_tonic_mean_nk_full_change_precond;eeg_tleft_lalpha_mean_full_change_precond;hrv_rmssd_full_change_precond;eeg_fl_hbeta_mean_full_change_precond;eeg_fm_theta_mean_full_change_precond;eeg_fr_sampent_full_change_precond;eeg_c_sampent_full_change_precond;eeg_tright_halpha_mean_full_change_precond;hr_heartrate_bpm_med_abs_full_change_precond;eeg_c_specent_full_change_precond;eeg_tleft_hbeta_mean_full_change_precond;eeg_pright_halpha_mean_full_change_precond;eeg_ab_ratio_full_change_precond;pupil_asymmetry_full_change_precond"
2025-11-26 18:52:08.507651,27,"stress_label",20,8,0.015625,0.583333333333333,0.564102564102564,NA,20,"top20","eeg_tleft_sampent_full_change_precond;eeg_tleft_halpha_mean_full_change_precond;eeg_pright_sampent_full_change_precond;pupil_dilation_sd_full_change_precond;eeg_c_theta_mean_full_change_precond;eeg_t_sampent_full_change_precond;gsr_skin_conductance_eda_tonic_mean_nk_full_change_precond;eeg_tleft_lalpha_mean_full_change_precond;hrv_rmssd_full_change_precond;eeg_fl_hbeta_mean_full_change_precond;eeg_fm_theta_mean_full_change_precond;eeg_fr_sampent_full_change_precond;eeg_c_sampent_full_change_precond;eeg_tright_halpha_mean_full_change_precond;hr_heartrate_bpm_med_abs_full_change_precond;eeg_c_specent_full_change_precond;eeg_tleft_hbeta_mean_full_change_precond;eeg_pright_halpha_mean_full_change_precond;eeg_ab_ratio_full_change_precond;pupil_asymmetry_full_change_precond"
2025-11-26 18:52:09.670358,27,"stress_label",20,16,0.015625,0.57051282051282,0.58974358974359,NA,20,"top20","eeg_tleft_sampent_full_change_precond;eeg_tleft_halpha_mean_full_change_precond;eeg_pright_sampent_full_change_precond;pupil_dilation_sd_full_change_precond;eeg_c_theta_mean_full_change_precond;eeg_t_sampent_full_change_precond;gsr_skin_conductance_eda_tonic_mean_nk_full_change_precond;eeg_tleft_lalpha_mean_full_change_precond;hrv_rmssd_full_change_precond;eeg_fl_hbeta_mean_full_change_precond;eeg_fm_theta_mean_full_change_precond;eeg_fr_sampent_full_change_precond;eeg_c_sampent_full_change_precond;eeg_tright_halpha_mean_full_change_precond;hr_heartrate_bpm_med_abs_full_change_precond;eeg_c_specent_full_change_precond;eeg_tleft_hbeta_mean_full_change_precond;eeg_pright_halpha_mean_full_change_precond;eeg_ab_ratio_full_change_precond;pupil_asymmetry_full_change_precond"
2025-11-26 18:52:10.843879,27,"stress_label",20,32,0.015625,0.538461538461538,0.493589743589744,NA,20,"top20","eeg_tleft_sampent_full_change_precond;eeg_tleft_halpha_mean_full_change_precond;eeg_pright_sampent_full_change_precond;pupil_dilation_sd_full_change_precond;eeg_c_theta_mean_full_change_precond;eeg_t_sampent_full_change_precond;gsr_skin_conductance_eda_tonic_mean_nk_full_change_precond;eeg_tleft_lalpha_mean_full_change_precond;hrv_rmssd_full_change_precond;eeg_fl_hbeta_mean_full_change_precond;eeg_fm_theta_mean_full_change_precond;eeg_fr_sampent_full_change_precond;eeg_c_sampent_full_change_precond;eeg_tright_halpha_mean_full_change_precond;hr_heartrate_bpm_med_abs_full_change_precond;eeg_c_specent_full_change_precond;eeg_tleft_hbeta_mean_full_change_precond;eeg_pright_halpha_mean_full_change_precond;eeg_ab_ratio_full_change_precond;pupil_asymmetry_full_change_precond"
2025-11-26 18:52:12.216291,27,"stress_label",20,64,0.015625,0.519230769230769,0.512820512820513,NA,20,"top20","eeg_tleft_sampent_full_change_precond;eeg_tleft_halpha_mean_full_change_precond;eeg_pright_sampent_full_change_precond;pupil_dilation_sd_full_change_precond;eeg_c_theta_mean_full_change_precond;eeg_t_sampent_full_change_precond;gsr_skin_conductance_eda_tonic_mean_nk_full_change_precond;eeg_tleft_lalpha_mean_full_change_precond;hrv_rmssd_full_change_precond;eeg_fl_hbeta_mean_full_change_precond;eeg_fm_theta_mean_full_change_precond;eeg_fr_sampent_full_change_precond;eeg_c_sampent_full_change_precond;eeg_tright_halpha_mean_full_change_precond;hr_heartrate_bpm_med_abs_full_change_precond;eeg_c_specent_full_change_precond;eeg_tleft_hbeta_mean_full_change_precond;eeg_pright_halpha_mean_full_change_precond;eeg_ab_ratio_full_change_precond;pupil_asymmetry_full_change_precond"
2025-11-26 18:52:13.4862,27,"stress_label",20,128,0.015625,0.519230769230769,0.423076923076923,NA,20,"top20","eeg_tleft_sampent_full_change_precond;eeg_tleft_halpha_mean_full_change_precond;eeg_pright_sampent_full_change_precond;pupil_dilation_sd_full_change_precond;eeg_c_theta_mean_full_change_precond;eeg_t_sampent_full_change_precond;gsr_skin_conductance_eda_tonic_mean_nk_full_change_precond;eeg_tleft_lalpha_mean_full_change_precond;hrv_rmssd_full_change_precond;eeg_fl_hbeta_mean_full_change_precond;eeg_fm_theta_mean_full_change_precond;eeg_fr_sampent_full_change_precond;eeg_c_sampent_full_change_precond;eeg_tright_halpha_mean_full_change_precond;hr_heartrate_bpm_med_abs_full_change_precond;eeg_c_specent_full_change_precond;eeg_tleft_hbeta_mean_full_change_precond;eeg_pright_halpha_mean_full_change_precond;eeg_ab_ratio_full_change_precond;pupil_asymmetry_full_change_precond"
2025-11-26 18:52:14.872025,27,"stress_label",20,256,0.015625,0.493589743589744,0.352564102564103,NA,20,"top20","eeg_tleft_sampent_full_change_precond;eeg_tleft_halpha_mean_full_change_precond;eeg_pright_sampent_full_change_precond;pupil_dilation_sd_full_change_precond;eeg_c_theta_mean_full_change_precond;eeg_t_sampent_full_change_precond;gsr_skin_conductance_eda_tonic_mean_nk_full_change_precond;eeg_tleft_lalpha_mean_full_change_precond;hrv_rmssd_full_change_precond;eeg_fl_hbeta_mean_full_change_precond;eeg_fm_theta_mean_full_change_precond;eeg_fr_sampent_full_change_precond;eeg_c_sampent_full_change_precond;eeg_tright_halpha_mean_full_change_precond;hr_heartrate_bpm_med_abs_full_change_precond;eeg_c_specent_full_change_precond;eeg_tleft_hbeta_mean_full_change_precond;eeg_pright_halpha_mean_full_change_precond;eeg_ab_ratio_full_change_precond;pupil_asymmetry_full_change_precond"
2025-11-26 18:52:15.922978,27,"stress_label",20,2,0.03125,0.532051282051282,0.544871794871795,NA,20,"top20","eeg_tleft_sampent_full_change_precond;eeg_tleft_halpha_mean_full_change_precond;eeg_pright_sampent_full_change_precond;pupil_dilation_sd_full_change_precond;eeg_c_theta_mean_full_change_precond;eeg_t_sampent_full_change_precond;gsr_skin_conductance_eda_tonic_mean_nk_full_change_precond;eeg_tleft_lalpha_mean_full_change_precond;hrv_rmssd_full_change_precond;eeg_fl_hbeta_mean_full_change_precond;eeg_fm_theta_mean_full_change_precond;eeg_fr_sampent_full_change_precond;eeg_c_sampent_full_change_precond;eeg_tright_halpha_mean_full_change_precond;hr_heartrate_bpm_med_abs_full_change_precond;eeg_c_specent_full_change_precond;eeg_tleft_hbeta_mean_full_change_precond;eeg_pright_halpha_mean_full_change_precond;eeg_ab_ratio_full_change_precond;pupil_asymmetry_full_change_precond"
2025-11-26 18:52:16.985972,27,"stress_label",20,4,0.03125,0.583333333333333,0.564102564102564,NA,20,"top20","eeg_tleft_sampent_full_change_precond;eeg_tleft_halpha_mean_full_change_precond;eeg_pright_sampent_full_change_precond;pupil_dilation_sd_full_change_precond;eeg_c_theta_mean_full_change_precond;eeg_t_sampent_full_change_precond;gsr_skin_conductance_eda_tonic_mean_nk_full_change_precond;eeg_tleft_lalpha_mean_full_change_precond;hrv_rmssd_full_change_precond;eeg_fl_hbeta_mean_full_change_precond;eeg_fm_theta_mean_full_change_precond;eeg_fr_sampent_full_change_precond;eeg_c_sampent_full_change_precond;eeg_tright_halpha_mean_full_change_precond;hr_heartrate_bpm_med_abs_full_change_precond;eeg_c_specent_full_change_precond;eeg_tleft_hbeta_mean_full_change_precond;eeg_pright_halpha_mean_full_change_precond;eeg_ab_ratio_full_change_precond;pupil_asymmetry_full_change_precond"
2025-11-26 18:52:18.092145,27,"stress_label",20,8,0.03125,0.544871794871795,0.487179487179487,NA,20,"top20","eeg_tleft_sampent_full_change_precond;eeg_tleft_halpha_mean_full_change_precond;eeg_pright_sampent_full_change_precond;pupil_dilation_sd_full_change_precond;eeg_c_theta_mean_full_change_precond;eeg_t_sampent_full_change_precond;gsr_skin_conductance_eda_tonic_mean_nk_full_change_precond;eeg_tleft_lalpha_mean_full_change_precond;hrv_rmssd_full_change_precond;eeg_fl_hbeta_mean_full_change_precond;eeg_fm_theta_mean_full_change_precond;eeg_fr_sampent_full_change_precond;eeg_c_sampent_full_change_precond;eeg_tright_halpha_mean_full_change_precond;hr_heartrate_bpm_med_abs_full_change_precond;eeg_c_specent_full_change_precond;eeg_tleft_hbeta_mean_full_change_precond;eeg_pright_halpha_mean_full_change_precond;eeg_ab_ratio_full_change_precond;pupil_asymmetry_full_change_precond"
2025-11-26 18:52:19.263821,27,"stress_label",20,16,0.03125,0.557692307692308,0.461538461538462,NA,20,"top20","eeg_tleft_sampent_full_change_precond;eeg_tleft_halpha_mean_full_change_precond;eeg_pright_sampent_full_change_precond;pupil_dilation_sd_full_change_precond;eeg_c_theta_mean_full_change_precond;eeg_t_sampent_full_change_precond;gsr_skin_conductance_eda_tonic_mean_nk_full_change_precond;eeg_tleft_lalpha_mean_full_change_precond;hrv_rmssd_full_change_precond;eeg_fl_hbeta_mean_full_change_precond;eeg_fm_theta_mean_full_change_precond;eeg_fr_sampent_full_change_precond;eeg_c_sampent_full_change_precond;eeg_tright_halpha_mean_full_change_precond;hr_heartrate_bpm_med_abs_full_change_precond;eeg_c_specent_full_change_precond;eeg_tleft_hbeta_mean_full_change_precond;eeg_pright_halpha_mean_full_change_precond;eeg_ab_ratio_full_change_precond;pupil_asymmetry_full_change_precond"
2025-11-26 18:52:20.522971,27,"stress_label",20,32,0.03125,0.512820512820513,0.493589743589744,NA,20,"top20","eeg_tleft_sampent_full_change_precond;eeg_tleft_halpha_mean_full_change_precond;eeg_pright_sampent_full_change_precond;pupil_dilation_sd_full_change_precond;eeg_c_theta_mean_full_change_precond;eeg_t_sampent_full_change_precond;gsr_skin_conductance_eda_tonic_mean_nk_full_change_precond;eeg_tleft_lalpha_mean_full_change_precond;hrv_rmssd_full_change_precond;eeg_fl_hbeta_mean_full_change_precond;eeg_fm_theta_mean_full_change_precond;eeg_fr_sampent_full_change_precond;eeg_c_sampent_full_change_precond;eeg_tright_halpha_mean_full_change_precond;hr_heartrate_bpm_med_abs_full_change_precond;eeg_c_specent_full_change_precond;eeg_tleft_hbeta_mean_full_change_precond;eeg_pright_halpha_mean_full_change_precond;eeg_ab_ratio_full_change_precond;pupil_asymmetry_full_change_precond"
2025-11-26 18:52:21.774593,27,"stress_label",20,64,0.03125,0.506410256410256,0.467948717948718,NA,20,"top20","eeg_tleft_sampent_full_change_precond;eeg_tleft_halpha_mean_full_change_precond;eeg_pright_sampent_full_change_precond;pupil_dilation_sd_full_change_precond;eeg_c_theta_mean_full_change_precond;eeg_t_sampent_full_change_precond;gsr_skin_conductance_eda_tonic_mean_nk_full_change_precond;eeg_tleft_lalpha_mean_full_change_precond;hrv_rmssd_full_change_precond;eeg_fl_hbeta_mean_full_change_precond;eeg_fm_theta_mean_full_change_precond;eeg_fr_sampent_full_change_precond;eeg_c_sampent_full_change_precond;eeg_tright_halpha_mean_full_change_precond;hr_heartrate_bpm_med_abs_full_change_precond;eeg_c_specent_full_change_precond;eeg_tleft_hbeta_mean_full_change_precond;eeg_pright_halpha_mean_full_change_precond;eeg_ab_ratio_full_change_precond;pupil_asymmetry_full_change_precond"
2025-11-26 18:52:22.930659,27,"stress_label",20,128,0.03125,0.512820512820513,0.448717948717949,NA,20,"top20","eeg_tleft_sampent_full_change_precond;eeg_tleft_halpha_mean_full_change_precond;eeg_pright_sampent_full_change_precond;pupil_dilation_sd_full_change_precond;eeg_c_theta_mean_full_change_precond;eeg_t_sampent_full_change_precond;gsr_skin_conductance_eda_tonic_mean_nk_full_change_precond;eeg_tleft_lalpha_mean_full_change_precond;hrv_rmssd_full_change_precond;eeg_fl_hbeta_mean_full_change_precond;eeg_fm_theta_mean_full_change_precond;eeg_fr_sampent_full_change_precond;eeg_c_sampent_full_change_precond;eeg_tright_halpha_mean_full_change_precond;hr_heartrate_bpm_med_abs_full_change_precond;eeg_c_specent_full_change_precond;eeg_tleft_hbeta_mean_full_change_precond;eeg_pright_halpha_mean_full_change_precond;eeg_ab_ratio_full_change_precond;pupil_asymmetry_full_change_precond"
2025-11-26 18:52:24.100381,27,"stress_label",20,256,0.03125,0.512820512820513,0.397435897435897,NA,20,"top20","eeg_tleft_sampent_full_change_precond;eeg_tleft_halpha_mean_full_change_precond;eeg_pright_sampent_full_change_precond;pupil_dilation_sd_full_change_precond;eeg_c_theta_mean_full_change_precond;eeg_t_sampent_full_change_precond;gsr_skin_conductance_eda_tonic_mean_nk_full_change_precond;eeg_tleft_lalpha_mean_full_change_precond;hrv_rmssd_full_change_precond;eeg_fl_hbeta_mean_full_change_precond;eeg_fm_theta_mean_full_change_precond;eeg_fr_sampent_full_change_precond;eeg_c_sampent_full_change_precond;eeg_tright_halpha_mean_full_change_precond;hr_heartrate_bpm_med_abs_full_change_precond;eeg_c_specent_full_change_precond;eeg_tleft_hbeta_mean_full_change_precond;eeg_pright_halpha_mean_full_change_precond;eeg_ab_ratio_full_change_precond;pupil_asymmetry_full_change_precond"
2025-11-26 18:52:25.003301,27,"stress_label",20,2,0.0625,0.583333333333333,0.557692307692308,NA,20,"top20","eeg_tleft_sampent_full_change_precond;eeg_tleft_halpha_mean_full_change_precond;eeg_pright_sampent_full_change_precond;pupil_dilation_sd_full_change_precond;eeg_c_theta_mean_full_change_precond;eeg_t_sampent_full_change_precond;gsr_skin_conductance_eda_tonic_mean_nk_full_change_precond;eeg_tleft_lalpha_mean_full_change_precond;hrv_rmssd_full_change_precond;eeg_fl_hbeta_mean_full_change_precond;eeg_fm_theta_mean_full_change_precond;eeg_fr_sampent_full_change_precond;eeg_c_sampent_full_change_precond;eeg_tright_halpha_mean_full_change_precond;hr_heartrate_bpm_med_abs_full_change_precond;eeg_c_specent_full_change_precond;eeg_tleft_hbeta_mean_full_change_precond;eeg_pright_halpha_mean_full_change_precond;eeg_ab_ratio_full_change_precond;pupil_asymmetry_full_change_precond"
2025-11-26 18:52:26.056611,27,"stress_label",20,4,0.0625,0.564102564102564,0.480769230769231,NA,20,"top20","eeg_tleft_sampent_full_change_precond;eeg_tleft_halpha_mean_full_change_precond;eeg_pright_sampent_full_change_precond;pupil_dilation_sd_full_change_precond;eeg_c_theta_mean_full_change_precond;eeg_t_sampent_full_change_precond;gsr_skin_conductance_eda_tonic_mean_nk_full_change_precond;eeg_tleft_lalpha_mean_full_change_precond;hrv_rmssd_full_change_precond;eeg_fl_hbeta_mean_full_change_precond;eeg_fm_theta_mean_full_change_precond;eeg_fr_sampent_full_change_precond;eeg_c_sampent_full_change_precond;eeg_tright_halpha_mean_full_change_precond;hr_heartrate_bpm_med_abs_full_change_precond;eeg_c_specent_full_change_precond;eeg_tleft_hbeta_mean_full_change_precond;eeg_pright_halpha_mean_full_change_precond;eeg_ab_ratio_full_change_precond;pupil_asymmetry_full_change_precond"
2025-11-26 18:52:27.176131,27,"stress_label",20,8,0.0625,0.544871794871795,0.429487179487179,NA,20,"top20","eeg_tleft_sampent_full_change_precond;eeg_tleft_halpha_mean_full_change_precond;eeg_pright_sampent_full_change_precond;pupil_dilation_sd_full_change_precond;eeg_c_theta_mean_full_change_precond;eeg_t_sampent_full_change_precond;gsr_skin_conductance_eda_tonic_mean_nk_full_change_precond;eeg_tleft_lalpha_mean_full_change_precond;hrv_rmssd_full_change_precond;eeg_fl_hbeta_mean_full_change_precond;eeg_fm_theta_mean_full_change_precond;eeg_fr_sampent_full_change_precond;eeg_c_sampent_full_change_precond;eeg_tright_halpha_mean_full_change_precond;hr_heartrate_bpm_med_abs_full_change_precond;eeg_c_specent_full_change_precond;eeg_tleft_hbeta_mean_full_change_precond;eeg_pright_halpha_mean_full_change_precond;eeg_ab_ratio_full_change_precond;pupil_asymmetry_full_change_precond"
2025-11-26 18:52:28.225164,27,"stress_label",20,16,0.0625,0.519230769230769,0.5,NA,20,"top20","eeg_tleft_sampent_full_change_precond;eeg_tleft_halpha_mean_full_change_precond;eeg_pright_sampent_full_change_precond;pupil_dilation_sd_full_change_precond;eeg_c_theta_mean_full_change_precond;eeg_t_sampent_full_change_precond;gsr_skin_conductance_eda_tonic_mean_nk_full_change_precond;eeg_tleft_lalpha_mean_full_change_precond;hrv_rmssd_full_change_precond;eeg_fl_hbeta_mean_full_change_precond;eeg_fm_theta_mean_full_change_precond;eeg_fr_sampent_full_change_precond;eeg_c_sampent_full_change_precond;eeg_tright_halpha_mean_full_change_precond;hr_heartrate_bpm_med_abs_full_change_precond;eeg_c_specent_full_change_precond;eeg_tleft_hbeta_mean_full_change_precond;eeg_pright_halpha_mean_full_change_precond;eeg_ab_ratio_full_change_precond;pupil_asymmetry_full_change_precond"
2025-11-26 18:52:29.318567,27,"stress_label",20,32,0.0625,0.519230769230769,0.423076923076923,NA,20,"top20","eeg_tleft_sampent_full_change_precond;eeg_tleft_halpha_mean_full_change_precond;eeg_pright_sampent_full_change_precond;pupil_dilation_sd_full_change_precond;eeg_c_theta_mean_full_change_precond;eeg_t_sampent_full_change_precond;gsr_skin_conductance_eda_tonic_mean_nk_full_change_precond;eeg_tleft_lalpha_mean_full_change_precond;hrv_rmssd_full_change_precond;eeg_fl_hbeta_mean_full_change_precond;eeg_fm_theta_mean_full_change_precond;eeg_fr_sampent_full_change_precond;eeg_c_sampent_full_change_precond;eeg_tright_halpha_mean_full_change_precond;hr_heartrate_bpm_med_abs_full_change_precond;eeg_c_specent_full_change_precond;eeg_tleft_hbeta_mean_full_change_precond;eeg_pright_halpha_mean_full_change_precond;eeg_ab_ratio_full_change_precond;pupil_asymmetry_full_change_precond"
2025-11-26 18:52:30.510857,27,"stress_label",20,64,0.0625,0.519230769230769,0.435897435897436,NA,20,"top20","eeg_tleft_sampent_full_change_precond;eeg_tleft_halpha_mean_full_change_precond;eeg_pright_sampent_full_change_precond;pupil_dilation_sd_full_change_precond;eeg_c_theta_mean_full_change_precond;eeg_t_sampent_full_change_precond;gsr_skin_conductance_eda_tonic_mean_nk_full_change_precond;eeg_tleft_lalpha_mean_full_change_precond;hrv_rmssd_full_change_precond;eeg_fl_hbeta_mean_full_change_precond;eeg_fm_theta_mean_full_change_precond;eeg_fr_sampent_full_change_precond;eeg_c_sampent_full_change_precond;eeg_tright_halpha_mean_full_change_precond;hr_heartrate_bpm_med_abs_full_change_precond;eeg_c_specent_full_change_precond;eeg_tleft_hbeta_mean_full_change_precond;eeg_pright_halpha_mean_full_change_precond;eeg_ab_ratio_full_change_precond;pupil_asymmetry_full_change_precond"
2025-11-26 18:52:31.631906,27,"stress_label",20,128,0.0625,0.519230769230769,0.487179487179487,NA,20,"top20","eeg_tleft_sampent_full_change_precond;eeg_tleft_halpha_mean_full_change_precond;eeg_pright_sampent_full_change_precond;pupil_dilation_sd_full_change_precond;eeg_c_theta_mean_full_change_precond;eeg_t_sampent_full_change_precond;gsr_skin_conductance_eda_tonic_mean_nk_full_change_precond;eeg_tleft_lalpha_mean_full_change_precond;hrv_rmssd_full_change_precond;eeg_fl_hbeta_mean_full_change_precond;eeg_fm_theta_mean_full_change_precond;eeg_fr_sampent_full_change_precond;eeg_c_sampent_full_change_precond;eeg_tright_halpha_mean_full_change_precond;hr_heartrate_bpm_med_abs_full_change_precond;eeg_c_specent_full_change_precond;eeg_tleft_hbeta_mean_full_change_precond;eeg_pright_halpha_mean_full_change_precond;eeg_ab_ratio_full_change_precond;pupil_asymmetry_full_change_precond"
2025-11-26 18:52:32.730708,27,"stress_label",20,256,0.0625,0.519230769230769,0.448717948717949,NA,20,"top20","eeg_tleft_sampent_full_change_precond;eeg_tleft_halpha_mean_full_change_precond;eeg_pright_sampent_full_change_precond;pupil_dilation_sd_full_change_precond;eeg_c_theta_mean_full_change_precond;eeg_t_sampent_full_change_precond;gsr_skin_conductance_eda_tonic_mean_nk_full_change_precond;eeg_tleft_lalpha_mean_full_change_precond;hrv_rmssd_full_change_precond;eeg_fl_hbeta_mean_full_change_precond;eeg_fm_theta_mean_full_change_precond;eeg_fr_sampent_full_change_precond;eeg_c_sampent_full_change_precond;eeg_tright_halpha_mean_full_change_precond;hr_heartrate_bpm_med_abs_full_change_precond;eeg_c_specent_full_change_precond;eeg_tleft_hbeta_mean_full_change_precond;eeg_pright_halpha_mean_full_change_precond;eeg_ab_ratio_full_change_precond;pupil_asymmetry_full_change_precond"
2025-11-26 18:52:33.617068,27,"stress_label",20,2,0.125,0.564102564102564,0.532051282051282,NA,20,"top20","eeg_tleft_sampent_full_change_precond;eeg_tleft_halpha_mean_full_change_precond;eeg_pright_sampent_full_change_precond;pupil_dilation_sd_full_change_precond;eeg_c_theta_mean_full_change_precond;eeg_t_sampent_full_change_precond;gsr_skin_conductance_eda_tonic_mean_nk_full_change_precond;eeg_tleft_lalpha_mean_full_change_precond;hrv_rmssd_full_change_precond;eeg_fl_hbeta_mean_full_change_precond;eeg_fm_theta_mean_full_change_precond;eeg_fr_sampent_full_change_precond;eeg_c_sampent_full_change_precond;eeg_tright_halpha_mean_full_change_precond;hr_heartrate_bpm_med_abs_full_change_precond;eeg_c_specent_full_change_precond;eeg_tleft_hbeta_mean_full_change_precond;eeg_pright_halpha_mean_full_change_precond;eeg_ab_ratio_full_change_precond;pupil_asymmetry_full_change_precond"
2025-11-26 18:52:34.746536,27,"stress_label",20,4,0.125,0.551282051282051,0.519230769230769,NA,20,"top20","eeg_tleft_sampent_full_change_precond;eeg_tleft_halpha_mean_full_change_precond;eeg_pright_sampent_full_change_precond;pupil_dilation_sd_full_change_precond;eeg_c_theta_mean_full_change_precond;eeg_t_sampent_full_change_precond;gsr_skin_conductance_eda_tonic_mean_nk_full_change_precond;eeg_tleft_lalpha_mean_full_change_precond;hrv_rmssd_full_change_precond;eeg_fl_hbeta_mean_full_change_precond;eeg_fm_theta_mean_full_change_precond;eeg_fr_sampent_full_change_precond;eeg_c_sampent_full_change_precond;eeg_tright_halpha_mean_full_change_precond;hr_heartrate_bpm_med_abs_full_change_precond;eeg_c_specent_full_change_precond;eeg_tleft_hbeta_mean_full_change_precond;eeg_pright_halpha_mean_full_change_precond;eeg_ab_ratio_full_change_precond;pupil_asymmetry_full_change_precond"
2025-11-26 18:52:35.766587,27,"stress_label",20,8,0.125,0.551282051282051,0.480769230769231,NA,20,"top20","eeg_tleft_sampent_full_change_precond;eeg_tleft_halpha_mean_full_change_precond;eeg_pright_sampent_full_change_precond;pupil_dilation_sd_full_change_precond;eeg_c_theta_mean_full_change_precond;eeg_t_sampent_full_change_precond;gsr_skin_conductance_eda_tonic_mean_nk_full_change_precond;eeg_tleft_lalpha_mean_full_change_precond;hrv_rmssd_full_change_precond;eeg_fl_hbeta_mean_full_change_precond;eeg_fm_theta_mean_full_change_precond;eeg_fr_sampent_full_change_precond;eeg_c_sampent_full_change_precond;eeg_tright_halpha_mean_full_change_precond;hr_heartrate_bpm_med_abs_full_change_precond;eeg_c_specent_full_change_precond;eeg_tleft_hbeta_mean_full_change_precond;eeg_pright_halpha_mean_full_change_precond;eeg_ab_ratio_full_change_precond;pupil_asymmetry_full_change_precond"
2025-11-26 18:52:36.837493,27,"stress_label",20,16,0.125,0.551282051282051,0.480769230769231,NA,20,"top20","eeg_tleft_sampent_full_change_precond;eeg_tleft_halpha_mean_full_change_precond;eeg_pright_sampent_full_change_precond;pupil_dilation_sd_full_change_precond;eeg_c_theta_mean_full_change_precond;eeg_t_sampent_full_change_precond;gsr_skin_conductance_eda_tonic_mean_nk_full_change_precond;eeg_tleft_lalpha_mean_full_change_precond;hrv_rmssd_full_change_precond;eeg_fl_hbeta_mean_full_change_precond;eeg_fm_theta_mean_full_change_precond;eeg_fr_sampent_full_change_precond;eeg_c_sampent_full_change_precond;eeg_tright_halpha_mean_full_change_precond;hr_heartrate_bpm_med_abs_full_change_precond;eeg_c_specent_full_change_precond;eeg_tleft_hbeta_mean_full_change_precond;eeg_pright_halpha_mean_full_change_precond;eeg_ab_ratio_full_change_precond;pupil_asymmetry_full_change_precond"
2025-11-26 18:52:37.963448,27,"stress_label",20,32,0.125,0.551282051282051,0.365384615384615,NA,20,"top20","eeg_tleft_sampent_full_change_precond;eeg_tleft_halpha_mean_full_change_precond;eeg_pright_sampent_full_change_precond;pupil_dilation_sd_full_change_precond;eeg_c_theta_mean_full_change_precond;eeg_t_sampent_full_change_precond;gsr_skin_conductance_eda_tonic_mean_nk_full_change_precond;eeg_tleft_lalpha_mean_full_change_precond;hrv_rmssd_full_change_precond;eeg_fl_hbeta_mean_full_change_precond;eeg_fm_theta_mean_full_change_precond;eeg_fr_sampent_full_change_precond;eeg_c_sampent_full_change_precond;eeg_tright_halpha_mean_full_change_precond;hr_heartrate_bpm_med_abs_full_change_precond;eeg_c_specent_full_change_precond;eeg_tleft_hbeta_mean_full_change_precond;eeg_pright_halpha_mean_full_change_precond;eeg_ab_ratio_full_change_precond;pupil_asymmetry_full_change_precond"
2025-11-26 18:52:39.095872,27,"stress_label",20,64,0.125,0.551282051282051,0.467948717948718,NA,20,"top20","eeg_tleft_sampent_full_change_precond;eeg_tleft_halpha_mean_full_change_precond;eeg_pright_sampent_full_change_precond;pupil_dilation_sd_full_change_precond;eeg_c_theta_mean_full_change_precond;eeg_t_sampent_full_change_precond;gsr_skin_conductance_eda_tonic_mean_nk_full_change_precond;eeg_tleft_lalpha_mean_full_change_precond;hrv_rmssd_full_change_precond;eeg_fl_hbeta_mean_full_change_precond;eeg_fm_theta_mean_full_change_precond;eeg_fr_sampent_full_change_precond;eeg_c_sampent_full_change_precond;eeg_tright_halpha_mean_full_change_precond;hr_heartrate_bpm_med_abs_full_change_precond;eeg_c_specent_full_change_precond;eeg_tleft_hbeta_mean_full_change_precond;eeg_pright_halpha_mean_full_change_precond;eeg_ab_ratio_full_change_precond;pupil_asymmetry_full_change_precond"
2025-11-26 18:52:40.177875,27,"stress_label",20,128,0.125,0.551282051282051,0.480769230769231,NA,20,"top20","eeg_tleft_sampent_full_change_precond;eeg_tleft_halpha_mean_full_change_precond;eeg_pright_sampent_full_change_precond;pupil_dilation_sd_full_change_precond;eeg_c_theta_mean_full_change_precond;eeg_t_sampent_full_change_precond;gsr_skin_conductance_eda_tonic_mean_nk_full_change_precond;eeg_tleft_lalpha_mean_full_change_precond;hrv_rmssd_full_change_precond;eeg_fl_hbeta_mean_full_change_precond;eeg_fm_theta_mean_full_change_precond;eeg_fr_sampent_full_change_precond;eeg_c_sampent_full_change_precond;eeg_tright_halpha_mean_full_change_precond;hr_heartrate_bpm_med_abs_full_change_precond;eeg_c_specent_full_change_precond;eeg_tleft_hbeta_mean_full_change_precond;eeg_pright_halpha_mean_full_change_precond;eeg_ab_ratio_full_change_precond;pupil_asymmetry_full_change_precond"
2025-11-26 18:52:41.301196,27,"stress_label",20,256,0.125,0.551282051282051,0.442307692307692,NA,20,"top20","eeg_tleft_sampent_full_change_precond;eeg_tleft_halpha_mean_full_change_precond;eeg_pright_sampent_full_change_precond;pupil_dilation_sd_full_change_precond;eeg_c_theta_mean_full_change_precond;eeg_t_sampent_full_change_precond;gsr_skin_conductance_eda_tonic_mean_nk_full_change_precond;eeg_tleft_lalpha_mean_full_change_precond;hrv_rmssd_full_change_precond;eeg_fl_hbeta_mean_full_change_precond;eeg_fm_theta_mean_full_change_precond;eeg_fr_sampent_full_change_precond;eeg_c_sampent_full_change_precond;eeg_tright_halpha_mean_full_change_precond;hr_heartrate_bpm_med_abs_full_change_precond;eeg_c_specent_full_change_precond;eeg_tleft_hbeta_mean_full_change_precond;eeg_pright_halpha_mean_full_change_precond;eeg_ab_ratio_full_change_precond;pupil_asymmetry_full_change_precond"
2025-11-26 18:52:42.29702,27,"stress_label",20,2,0.03,0.525641025641026,0.57051282051282,NA,20,"top20","eeg_tleft_sampent_full_change_precond;eeg_tleft_halpha_mean_full_change_precond;eeg_pright_sampent_full_change_precond;pupil_dilation_sd_full_change_precond;eeg_c_theta_mean_full_change_precond;eeg_t_sampent_full_change_precond;gsr_skin_conductance_eda_tonic_mean_nk_full_change_precond;eeg_tleft_lalpha_mean_full_change_precond;hrv_rmssd_full_change_precond;eeg_fl_hbeta_mean_full_change_precond;eeg_fm_theta_mean_full_change_precond;eeg_fr_sampent_full_change_precond;eeg_c_sampent_full_change_precond;eeg_tright_halpha_mean_full_change_precond;hr_heartrate_bpm_med_abs_full_change_precond;eeg_c_specent_full_change_precond;eeg_tleft_hbeta_mean_full_change_precond;eeg_pright_halpha_mean_full_change_precond;eeg_ab_ratio_full_change_precond;pupil_asymmetry_full_change_precond"
2025-11-26 18:52:43.39815,27,"stress_label",20,4,0.03,0.58974358974359,0.576923076923077,NA,20,"top20","eeg_tleft_sampent_full_change_precond;eeg_tleft_halpha_mean_full_change_precond;eeg_pright_sampent_full_change_precond;pupil_dilation_sd_full_change_precond;eeg_c_theta_mean_full_change_precond;eeg_t_sampent_full_change_precond;gsr_skin_conductance_eda_tonic_mean_nk_full_change_precond;eeg_tleft_lalpha_mean_full_change_precond;hrv_rmssd_full_change_precond;eeg_fl_hbeta_mean_full_change_precond;eeg_fm_theta_mean_full_change_precond;eeg_fr_sampent_full_change_precond;eeg_c_sampent_full_change_precond;eeg_tright_halpha_mean_full_change_precond;hr_heartrate_bpm_med_abs_full_change_precond;eeg_c_specent_full_change_precond;eeg_tleft_hbeta_mean_full_change_precond;eeg_pright_halpha_mean_full_change_precond;eeg_ab_ratio_full_change_precond;pupil_asymmetry_full_change_precond"
2025-11-26 18:52:44.534808,27,"stress_label",20,8,0.03,0.544871794871795,0.480769230769231,NA,20,"top20","eeg_tleft_sampent_full_change_precond;eeg_tleft_halpha_mean_full_change_precond;eeg_pright_sampent_full_change_precond;pupil_dilation_sd_full_change_precond;eeg_c_theta_mean_full_change_precond;eeg_t_sampent_full_change_precond;gsr_skin_conductance_eda_tonic_mean_nk_full_change_precond;eeg_tleft_lalpha_mean_full_change_precond;hrv_rmssd_full_change_precond;eeg_fl_hbeta_mean_full_change_precond;eeg_fm_theta_mean_full_change_precond;eeg_fr_sampent_full_change_precond;eeg_c_sampent_full_change_precond;eeg_tright_halpha_mean_full_change_precond;hr_heartrate_bpm_med_abs_full_change_precond;eeg_c_specent_full_change_precond;eeg_tleft_hbeta_mean_full_change_precond;eeg_pright_halpha_mean_full_change_precond;eeg_ab_ratio_full_change_precond;pupil_asymmetry_full_change_precond"
2025-11-26 18:52:45.748101,27,"stress_label",20,16,0.03,0.564102564102564,0.455128205128205,NA,20,"top20","eeg_tleft_sampent_full_change_precond;eeg_tleft_halpha_mean_full_change_precond;eeg_pright_sampent_full_change_precond;pupil_dilation_sd_full_change_precond;eeg_c_theta_mean_full_change_precond;eeg_t_sampent_full_change_precond;gsr_skin_conductance_eda_tonic_mean_nk_full_change_precond;eeg_tleft_lalpha_mean_full_change_precond;hrv_rmssd_full_change_precond;eeg_fl_hbeta_mean_full_change_precond;eeg_fm_theta_mean_full_change_precond;eeg_fr_sampent_full_change_precond;eeg_c_sampent_full_change_precond;eeg_tright_halpha_mean_full_change_precond;hr_heartrate_bpm_med_abs_full_change_precond;eeg_c_specent_full_change_precond;eeg_tleft_hbeta_mean_full_change_precond;eeg_pright_halpha_mean_full_change_precond;eeg_ab_ratio_full_change_precond;pupil_asymmetry_full_change_precond"
2025-11-26 18:52:46.870884,27,"stress_label",20,32,0.03,0.519230769230769,0.551282051282051,NA,20,"top20","eeg_tleft_sampent_full_change_precond;eeg_tleft_halpha_mean_full_change_precond;eeg_pright_sampent_full_change_precond;pupil_dilation_sd_full_change_precond;eeg_c_theta_mean_full_change_precond;eeg_t_sampent_full_change_precond;gsr_skin_conductance_eda_tonic_mean_nk_full_change_precond;eeg_tleft_lalpha_mean_full_change_precond;hrv_rmssd_full_change_precond;eeg_fl_hbeta_mean_full_change_precond;eeg_fm_theta_mean_full_change_precond;eeg_fr_sampent_full_change_precond;eeg_c_sampent_full_change_precond;eeg_tright_halpha_mean_full_change_precond;hr_heartrate_bpm_med_abs_full_change_precond;eeg_c_specent_full_change_precond;eeg_tleft_hbeta_mean_full_change_precond;eeg_pright_halpha_mean_full_change_precond;eeg_ab_ratio_full_change_precond;pupil_asymmetry_full_change_precond"
2025-11-26 18:52:48.144859,27,"stress_label",20,64,0.03,0.512820512820513,0.467948717948718,NA,20,"top20","eeg_tleft_sampent_full_change_precond;eeg_tleft_halpha_mean_full_change_precond;eeg_pright_sampent_full_change_precond;pupil_dilation_sd_full_change_precond;eeg_c_theta_mean_full_change_precond;eeg_t_sampent_full_change_precond;gsr_skin_conductance_eda_tonic_mean_nk_full_change_precond;eeg_tleft_lalpha_mean_full_change_precond;hrv_rmssd_full_change_precond;eeg_fl_hbeta_mean_full_change_precond;eeg_fm_theta_mean_full_change_precond;eeg_fr_sampent_full_change_precond;eeg_c_sampent_full_change_precond;eeg_tright_halpha_mean_full_change_precond;hr_heartrate_bpm_med_abs_full_change_precond;eeg_c_specent_full_change_precond;eeg_tleft_hbeta_mean_full_change_precond;eeg_pright_halpha_mean_full_change_precond;eeg_ab_ratio_full_change_precond;pupil_asymmetry_full_change_precond"
2025-11-26 18:52:49.426314,27,"stress_label",20,128,0.03,0.506410256410256,0.41025641025641,NA,20,"top20","eeg_tleft_sampent_full_change_precond;eeg_tleft_halpha_mean_full_change_precond;eeg_pright_sampent_full_change_precond;pupil_dilation_sd_full_change_precond;eeg_c_theta_mean_full_change_precond;eeg_t_sampent_full_change_precond;gsr_skin_conductance_eda_tonic_mean_nk_full_change_precond;eeg_tleft_lalpha_mean_full_change_precond;hrv_rmssd_full_change_precond;eeg_fl_hbeta_mean_full_change_precond;eeg_fm_theta_mean_full_change_precond;eeg_fr_sampent_full_change_precond;eeg_c_sampent_full_change_precond;eeg_tright_halpha_mean_full_change_precond;hr_heartrate_bpm_med_abs_full_change_precond;eeg_c_specent_full_change_precond;eeg_tleft_hbeta_mean_full_change_precond;eeg_pright_halpha_mean_full_change_precond;eeg_ab_ratio_full_change_precond;pupil_asymmetry_full_change_precond"
2025-11-26 18:52:50.673297,27,"stress_label",20,256,0.03,0.506410256410256,0.487179487179487,NA,20,"top20","eeg_tleft_sampent_full_change_precond;eeg_tleft_halpha_mean_full_change_precond;eeg_pright_sampent_full_change_precond;pupil_dilation_sd_full_change_precond;eeg_c_theta_mean_full_change_precond;eeg_t_sampent_full_change_precond;gsr_skin_conductance_eda_tonic_mean_nk_full_change_precond;eeg_tleft_lalpha_mean_full_change_precond;hrv_rmssd_full_change_precond;eeg_fl_hbeta_mean_full_change_precond;eeg_fm_theta_mean_full_change_precond;eeg_fr_sampent_full_change_precond;eeg_c_sampent_full_change_precond;eeg_tright_halpha_mean_full_change_precond;hr_heartrate_bpm_med_abs_full_change_precond;eeg_c_specent_full_change_precond;eeg_tleft_hbeta_mean_full_change_precond;eeg_pright_halpha_mean_full_change_precond;eeg_ab_ratio_full_change_precond;pupil_asymmetry_full_change_precond"
2025-11-26 18:52:51.785616,27,"stress_label",20,2,0.06,0.583333333333333,0.487179487179487,NA,20,"top20","eeg_tleft_sampent_full_change_precond;eeg_tleft_halpha_mean_full_change_precond;eeg_pright_sampent_full_change_precond;pupil_dilation_sd_full_change_precond;eeg_c_theta_mean_full_change_precond;eeg_t_sampent_full_change_precond;gsr_skin_conductance_eda_tonic_mean_nk_full_change_precond;eeg_tleft_lalpha_mean_full_change_precond;hrv_rmssd_full_change_precond;eeg_fl_hbeta_mean_full_change_precond;eeg_fm_theta_mean_full_change_precond;eeg_fr_sampent_full_change_precond;eeg_c_sampent_full_change_precond;eeg_tright_halpha_mean_full_change_precond;hr_heartrate_bpm_med_abs_full_change_precond;eeg_c_specent_full_change_precond;eeg_tleft_hbeta_mean_full_change_precond;eeg_pright_halpha_mean_full_change_precond;eeg_ab_ratio_full_change_precond;pupil_asymmetry_full_change_precond"
2025-11-26 18:52:52.914583,27,"stress_label",20,4,0.06,0.557692307692308,0.480769230769231,NA,20,"top20","eeg_tleft_sampent_full_change_precond;eeg_tleft_halpha_mean_full_change_precond;eeg_pright_sampent_full_change_precond;pupil_dilation_sd_full_change_precond;eeg_c_theta_mean_full_change_precond;eeg_t_sampent_full_change_precond;gsr_skin_conductance_eda_tonic_mean_nk_full_change_precond;eeg_tleft_lalpha_mean_full_change_precond;hrv_rmssd_full_change_precond;eeg_fl_hbeta_mean_full_change_precond;eeg_fm_theta_mean_full_change_precond;eeg_fr_sampent_full_change_precond;eeg_c_sampent_full_change_precond;eeg_tright_halpha_mean_full_change_precond;hr_heartrate_bpm_med_abs_full_change_precond;eeg_c_specent_full_change_precond;eeg_tleft_hbeta_mean_full_change_precond;eeg_pright_halpha_mean_full_change_precond;eeg_ab_ratio_full_change_precond;pupil_asymmetry_full_change_precond"
2025-11-26 18:52:54.096318,27,"stress_label",20,8,0.06,0.544871794871795,0.564102564102564,NA,20,"top20","eeg_tleft_sampent_full_change_precond;eeg_tleft_halpha_mean_full_change_precond;eeg_pright_sampent_full_change_precond;pupil_dilation_sd_full_change_precond;eeg_c_theta_mean_full_change_precond;eeg_t_sampent_full_change_precond;gsr_skin_conductance_eda_tonic_mean_nk_full_change_precond;eeg_tleft_lalpha_mean_full_change_precond;hrv_rmssd_full_change_precond;eeg_fl_hbeta_mean_full_change_precond;eeg_fm_theta_mean_full_change_precond;eeg_fr_sampent_full_change_precond;eeg_c_sampent_full_change_precond;eeg_tright_halpha_mean_full_change_precond;hr_heartrate_bpm_med_abs_full_change_precond;eeg_c_specent_full_change_precond;eeg_tleft_hbeta_mean_full_change_precond;eeg_pright_halpha_mean_full_change_precond;eeg_ab_ratio_full_change_precond;pupil_asymmetry_full_change_precond"
2025-11-26 18:52:55.235529,27,"stress_label",20,16,0.06,0.532051282051282,0.467948717948718,NA,20,"top20","eeg_tleft_sampent_full_change_precond;eeg_tleft_halpha_mean_full_change_precond;eeg_pright_sampent_full_change_precond;pupil_dilation_sd_full_change_precond;eeg_c_theta_mean_full_change_precond;eeg_t_sampent_full_change_precond;gsr_skin_conductance_eda_tonic_mean_nk_full_change_precond;eeg_tleft_lalpha_mean_full_change_precond;hrv_rmssd_full_change_precond;eeg_fl_hbeta_mean_full_change_precond;eeg_fm_theta_mean_full_change_precond;eeg_fr_sampent_full_change_precond;eeg_c_sampent_full_change_precond;eeg_tright_halpha_mean_full_change_precond;hr_heartrate_bpm_med_abs_full_change_precond;eeg_c_specent_full_change_precond;eeg_tleft_hbeta_mean_full_change_precond;eeg_pright_halpha_mean_full_change_precond;eeg_ab_ratio_full_change_precond;pupil_asymmetry_full_change_precond"
2025-11-26 18:52:56.429053,27,"stress_label",20,32,0.06,0.519230769230769,0.448717948717949,NA,20,"top20","eeg_tleft_sampent_full_change_precond;eeg_tleft_halpha_mean_full_change_precond;eeg_pright_sampent_full_change_precond;pupil_dilation_sd_full_change_precond;eeg_c_theta_mean_full_change_precond;eeg_t_sampent_full_change_precond;gsr_skin_conductance_eda_tonic_mean_nk_full_change_precond;eeg_tleft_lalpha_mean_full_change_precond;hrv_rmssd_full_change_precond;eeg_fl_hbeta_mean_full_change_precond;eeg_fm_theta_mean_full_change_precond;eeg_fr_sampent_full_change_precond;eeg_c_sampent_full_change_precond;eeg_tright_halpha_mean_full_change_precond;hr_heartrate_bpm_med_abs_full_change_precond;eeg_c_specent_full_change_precond;eeg_tleft_hbeta_mean_full_change_precond;eeg_pright_halpha_mean_full_change_precond;eeg_ab_ratio_full_change_precond;pupil_asymmetry_full_change_precond"
2025-11-26 18:52:57.621491,27,"stress_label",20,64,0.06,0.519230769230769,0.435897435897436,NA,20,"top20","eeg_tleft_sampent_full_change_precond;eeg_tleft_halpha_mean_full_change_precond;eeg_pright_sampent_full_change_precond;pupil_dilation_sd_full_change_precond;eeg_c_theta_mean_full_change_precond;eeg_t_sampent_full_change_precond;gsr_skin_conductance_eda_tonic_mean_nk_full_change_precond;eeg_tleft_lalpha_mean_full_change_precond;hrv_rmssd_full_change_precond;eeg_fl_hbeta_mean_full_change_precond;eeg_fm_theta_mean_full_change_precond;eeg_fr_sampent_full_change_precond;eeg_c_sampent_full_change_precond;eeg_tright_halpha_mean_full_change_precond;hr_heartrate_bpm_med_abs_full_change_precond;eeg_c_specent_full_change_precond;eeg_tleft_hbeta_mean_full_change_precond;eeg_pright_halpha_mean_full_change_precond;eeg_ab_ratio_full_change_precond;pupil_asymmetry_full_change_precond"
2025-11-26 18:52:58.782905,27,"stress_label",20,128,0.06,0.519230769230769,0.474358974358974,NA,20,"top20","eeg_tleft_sampent_full_change_precond;eeg_tleft_halpha_mean_full_change_precond;eeg_pright_sampent_full_change_precond;pupil_dilation_sd_full_change_precond;eeg_c_theta_mean_full_change_precond;eeg_t_sampent_full_change_precond;gsr_skin_conductance_eda_tonic_mean_nk_full_change_precond;eeg_tleft_lalpha_mean_full_change_precond;hrv_rmssd_full_change_precond;eeg_fl_hbeta_mean_full_change_precond;eeg_fm_theta_mean_full_change_precond;eeg_fr_sampent_full_change_precond;eeg_c_sampent_full_change_precond;eeg_tright_halpha_mean_full_change_precond;hr_heartrate_bpm_med_abs_full_change_precond;eeg_c_specent_full_change_precond;eeg_tleft_hbeta_mean_full_change_precond;eeg_pright_halpha_mean_full_change_precond;eeg_ab_ratio_full_change_precond;pupil_asymmetry_full_change_precond"
2025-11-26 18:52:59.966392,27,"stress_label",20,256,0.06,0.519230769230769,0.474358974358974,NA,20,"top20","eeg_tleft_sampent_full_change_precond;eeg_tleft_halpha_mean_full_change_precond;eeg_pright_sampent_full_change_precond;pupil_dilation_sd_full_change_precond;eeg_c_theta_mean_full_change_precond;eeg_t_sampent_full_change_precond;gsr_skin_conductance_eda_tonic_mean_nk_full_change_precond;eeg_tleft_lalpha_mean_full_change_precond;hrv_rmssd_full_change_precond;eeg_fl_hbeta_mean_full_change_precond;eeg_fm_theta_mean_full_change_precond;eeg_fr_sampent_full_change_precond;eeg_c_sampent_full_change_precond;eeg_tright_halpha_mean_full_change_precond;hr_heartrate_bpm_med_abs_full_change_precond;eeg_c_specent_full_change_precond;eeg_tleft_hbeta_mean_full_change_precond;eeg_pright_halpha_mean_full_change_precond;eeg_ab_ratio_full_change_precond;pupil_asymmetry_full_change_precond"
2025-11-26 18:53:01.048459,27,"stress_label",20,2,0.1,0.576923076923077,0.5,NA,20,"top20","eeg_tleft_sampent_full_change_precond;eeg_tleft_halpha_mean_full_change_precond;eeg_pright_sampent_full_change_precond;pupil_dilation_sd_full_change_precond;eeg_c_theta_mean_full_change_precond;eeg_t_sampent_full_change_precond;gsr_skin_conductance_eda_tonic_mean_nk_full_change_precond;eeg_tleft_lalpha_mean_full_change_precond;hrv_rmssd_full_change_precond;eeg_fl_hbeta_mean_full_change_precond;eeg_fm_theta_mean_full_change_precond;eeg_fr_sampent_full_change_precond;eeg_c_sampent_full_change_precond;eeg_tright_halpha_mean_full_change_precond;hr_heartrate_bpm_med_abs_full_change_precond;eeg_c_specent_full_change_precond;eeg_tleft_hbeta_mean_full_change_precond;eeg_pright_halpha_mean_full_change_precond;eeg_ab_ratio_full_change_precond;pupil_asymmetry_full_change_precond"
2025-11-26 18:53:02.188887,27,"stress_label",20,4,0.1,0.564102564102564,0.583333333333333,NA,20,"top20","eeg_tleft_sampent_full_change_precond;eeg_tleft_halpha_mean_full_change_precond;eeg_pright_sampent_full_change_precond;pupil_dilation_sd_full_change_precond;eeg_c_theta_mean_full_change_precond;eeg_t_sampent_full_change_precond;gsr_skin_conductance_eda_tonic_mean_nk_full_change_precond;eeg_tleft_lalpha_mean_full_change_precond;hrv_rmssd_full_change_precond;eeg_fl_hbeta_mean_full_change_precond;eeg_fm_theta_mean_full_change_precond;eeg_fr_sampent_full_change_precond;eeg_c_sampent_full_change_precond;eeg_tright_halpha_mean_full_change_precond;hr_heartrate_bpm_med_abs_full_change_precond;eeg_c_specent_full_change_precond;eeg_tleft_hbeta_mean_full_change_precond;eeg_pright_halpha_mean_full_change_precond;eeg_ab_ratio_full_change_precond;pupil_asymmetry_full_change_precond"
2025-11-26 18:53:03.295983,27,"stress_label",20,8,0.1,0.544871794871795,0.423076923076923,NA,20,"top20","eeg_tleft_sampent_full_change_precond;eeg_tleft_halpha_mean_full_change_precond;eeg_pright_sampent_full_change_precond;pupil_dilation_sd_full_change_precond;eeg_c_theta_mean_full_change_precond;eeg_t_sampent_full_change_precond;gsr_skin_conductance_eda_tonic_mean_nk_full_change_precond;eeg_tleft_lalpha_mean_full_change_precond;hrv_rmssd_full_change_precond;eeg_fl_hbeta_mean_full_change_precond;eeg_fm_theta_mean_full_change_precond;eeg_fr_sampent_full_change_precond;eeg_c_sampent_full_change_precond;eeg_tright_halpha_mean_full_change_precond;hr_heartrate_bpm_med_abs_full_change_precond;eeg_c_specent_full_change_precond;eeg_tleft_hbeta_mean_full_change_precond;eeg_pright_halpha_mean_full_change_precond;eeg_ab_ratio_full_change_precond;pupil_asymmetry_full_change_precond"
2025-11-26 18:53:04.4256,27,"stress_label",20,16,0.1,0.544871794871795,0.538461538461538,NA,20,"top20","eeg_tleft_sampent_full_change_precond;eeg_tleft_halpha_mean_full_change_precond;eeg_pright_sampent_full_change_precond;pupil_dilation_sd_full_change_precond;eeg_c_theta_mean_full_change_precond;eeg_t_sampent_full_change_precond;gsr_skin_conductance_eda_tonic_mean_nk_full_change_precond;eeg_tleft_lalpha_mean_full_change_precond;hrv_rmssd_full_change_precond;eeg_fl_hbeta_mean_full_change_precond;eeg_fm_theta_mean_full_change_precond;eeg_fr_sampent_full_change_precond;eeg_c_sampent_full_change_precond;eeg_tright_halpha_mean_full_change_precond;hr_heartrate_bpm_med_abs_full_change_precond;eeg_c_specent_full_change_precond;eeg_tleft_hbeta_mean_full_change_precond;eeg_pright_halpha_mean_full_change_precond;eeg_ab_ratio_full_change_precond;pupil_asymmetry_full_change_precond"
2025-11-26 18:53:05.534893,27,"stress_label",20,32,0.1,0.544871794871795,0.525641025641026,NA,20,"top20","eeg_tleft_sampent_full_change_precond;eeg_tleft_halpha_mean_full_change_precond;eeg_pright_sampent_full_change_precond;pupil_dilation_sd_full_change_precond;eeg_c_theta_mean_full_change_precond;eeg_t_sampent_full_change_precond;gsr_skin_conductance_eda_tonic_mean_nk_full_change_precond;eeg_tleft_lalpha_mean_full_change_precond;hrv_rmssd_full_change_precond;eeg_fl_hbeta_mean_full_change_precond;eeg_fm_theta_mean_full_change_precond;eeg_fr_sampent_full_change_precond;eeg_c_sampent_full_change_precond;eeg_tright_halpha_mean_full_change_precond;hr_heartrate_bpm_med_abs_full_change_precond;eeg_c_specent_full_change_precond;eeg_tleft_hbeta_mean_full_change_precond;eeg_pright_halpha_mean_full_change_precond;eeg_ab_ratio_full_change_precond;pupil_asymmetry_full_change_precond"
2025-11-26 18:53:06.701323,27,"stress_label",20,64,0.1,0.544871794871795,0.423076923076923,NA,20,"top20","eeg_tleft_sampent_full_change_precond;eeg_tleft_halpha_mean_full_change_precond;eeg_pright_sampent_full_change_precond;pupil_dilation_sd_full_change_precond;eeg_c_theta_mean_full_change_precond;eeg_t_sampent_full_change_precond;gsr_skin_conductance_eda_tonic_mean_nk_full_change_precond;eeg_tleft_lalpha_mean_full_change_precond;hrv_rmssd_full_change_precond;eeg_fl_hbeta_mean_full_change_precond;eeg_fm_theta_mean_full_change_precond;eeg_fr_sampent_full_change_precond;eeg_c_sampent_full_change_precond;eeg_tright_halpha_mean_full_change_precond;hr_heartrate_bpm_med_abs_full_change_precond;eeg_c_specent_full_change_precond;eeg_tleft_hbeta_mean_full_change_precond;eeg_pright_halpha_mean_full_change_precond;eeg_ab_ratio_full_change_precond;pupil_asymmetry_full_change_precond"
2025-11-26 18:53:07.707449,27,"stress_label",20,128,0.1,0.544871794871795,0.435897435897436,NA,20,"top20","eeg_tleft_sampent_full_change_precond;eeg_tleft_halpha_mean_full_change_precond;eeg_pright_sampent_full_change_precond;pupil_dilation_sd_full_change_precond;eeg_c_theta_mean_full_change_precond;eeg_t_sampent_full_change_precond;gsr_skin_conductance_eda_tonic_mean_nk_full_change_precond;eeg_tleft_lalpha_mean_full_change_precond;hrv_rmssd_full_change_precond;eeg_fl_hbeta_mean_full_change_precond;eeg_fm_theta_mean_full_change_precond;eeg_fr_sampent_full_change_precond;eeg_c_sampent_full_change_precond;eeg_tright_halpha_mean_full_change_precond;hr_heartrate_bpm_med_abs_full_change_precond;eeg_c_specent_full_change_precond;eeg_tleft_hbeta_mean_full_change_precond;eeg_pright_halpha_mean_full_change_precond;eeg_ab_ratio_full_change_precond;pupil_asymmetry_full_change_precond"
2025-11-26 18:53:08.763962,27,"stress_label",20,256,0.1,0.544871794871795,0.487179487179487,NA,20,"top20","eeg_tleft_sampent_full_change_precond;eeg_tleft_halpha_mean_full_change_precond;eeg_pright_sampent_full_change_precond;pupil_dilation_sd_full_change_precond;eeg_c_theta_mean_full_change_precond;eeg_t_sampent_full_change_precond;gsr_skin_conductance_eda_tonic_mean_nk_full_change_precond;eeg_tleft_lalpha_mean_full_change_precond;hrv_rmssd_full_change_precond;eeg_fl_hbeta_mean_full_change_precond;eeg_fm_theta_mean_full_change_precond;eeg_fr_sampent_full_change_precond;eeg_c_sampent_full_change_precond;eeg_tright_halpha_mean_full_change_precond;hr_heartrate_bpm_med_abs_full_change_precond;eeg_c_specent_full_change_precond;eeg_tleft_hbeta_mean_full_change_precond;eeg_pright_halpha_mean_full_change_precond;eeg_ab_ratio_full_change_precond;pupil_asymmetry_full_change_precond"
2025-11-26 18:53:09.622377,27,"stress_label",10,2,0.0078125,0.596153846153846,0.641025641025641,0.558119658119658,10,"top10","eeg_tleft_sampent_full_change_precond;eeg_tleft_halpha_mean_full_change_precond;eeg_pright_sampent_full_change_precond;pupil_dilation_sd_full_change_precond;eeg_c_theta_mean_full_change_precond;eeg_t_sampent_full_change_precond;gsr_skin_conductance_eda_tonic_mean_nk_full_change_precond;eeg_tleft_lalpha_mean_full_change_precond;hrv_rmssd_full_change_precond;eeg_fl_hbeta_mean_full_change_precond"
2025-11-26 18:53:10.412469,27,"stress_label",10,4,0.0078125,0.596153846153846,0.602564102564103,0.562393162393162,10,"top10","eeg_tleft_sampent_full_change_precond;eeg_tleft_halpha_mean_full_change_precond;eeg_pright_sampent_full_change_precond;pupil_dilation_sd_full_change_precond;eeg_c_theta_mean_full_change_precond;eeg_t_sampent_full_change_precond;gsr_skin_conductance_eda_tonic_mean_nk_full_change_precond;eeg_tleft_lalpha_mean_full_change_precond;hrv_rmssd_full_change_precond;eeg_fl_hbeta_mean_full_change_precond"
2025-11-26 18:53:11.240488,27,"stress_label",10,8,0.0078125,0.538461538461538,0.583333333333333,0.51025641025641,10,"top10","eeg_tleft_sampent_full_change_precond;eeg_tleft_halpha_mean_full_change_precond;eeg_pright_sampent_full_change_precond;pupil_dilation_sd_full_change_precond;eeg_c_theta_mean_full_change_precond;eeg_t_sampent_full_change_precond;gsr_skin_conductance_eda_tonic_mean_nk_full_change_precond;eeg_tleft_lalpha_mean_full_change_precond;hrv_rmssd_full_change_precond;eeg_fl_hbeta_mean_full_change_precond"
2025-11-26 18:53:12.099776,27,"stress_label",10,16,0.0078125,0.557692307692308,0.596153846153846,0.55042735042735,10,"top10","eeg_tleft_sampent_full_change_precond;eeg_tleft_halpha_mean_full_change_precond;eeg_pright_sampent_full_change_precond;pupil_dilation_sd_full_change_precond;eeg_c_theta_mean_full_change_precond;eeg_t_sampent_full_change_precond;gsr_skin_conductance_eda_tonic_mean_nk_full_change_precond;eeg_tleft_lalpha_mean_full_change_precond;hrv_rmssd_full_change_precond;eeg_fl_hbeta_mean_full_change_precond"
2025-11-26 18:53:12.915068,27,"stress_label",10,32,0.0078125,0.551282051282051,0.583333333333333,0.538461538461538,10,"top10","eeg_tleft_sampent_full_change_precond;eeg_tleft_halpha_mean_full_change_precond;eeg_pright_sampent_full_change_precond;pupil_dilation_sd_full_change_precond;eeg_c_theta_mean_full_change_precond;eeg_t_sampent_full_change_precond;gsr_skin_conductance_eda_tonic_mean_nk_full_change_precond;eeg_tleft_lalpha_mean_full_change_precond;hrv_rmssd_full_change_precond;eeg_fl_hbeta_mean_full_change_precond"
2025-11-26 18:53:13.953115,27,"stress_label",10,64,0.0078125,0.583333333333333,0.602564102564103,0.569230769230769,10,"top10","eeg_tleft_sampent_full_change_precond;eeg_tleft_halpha_mean_full_change_precond;eeg_pright_sampent_full_change_precond;pupil_dilation_sd_full_change_precond;eeg_c_theta_mean_full_change_precond;eeg_t_sampent_full_change_precond;gsr_skin_conductance_eda_tonic_mean_nk_full_change_precond;eeg_tleft_lalpha_mean_full_change_precond;hrv_rmssd_full_change_precond;eeg_fl_hbeta_mean_full_change_precond"
2025-11-26 18:53:14.89832,27,"stress_label",10,128,0.0078125,0.583333333333333,0.583333333333333,0.561538461538462,10,"top10","eeg_tleft_sampent_full_change_precond;eeg_tleft_halpha_mean_full_change_precond;eeg_pright_sampent_full_change_precond;pupil_dilation_sd_full_change_precond;eeg_c_theta_mean_full_change_precond;eeg_t_sampent_full_change_precond;gsr_skin_conductance_eda_tonic_mean_nk_full_change_precond;eeg_tleft_lalpha_mean_full_change_precond;hrv_rmssd_full_change_precond;eeg_fl_hbeta_mean_full_change_precond"
2025-11-26 18:53:16.021598,27,"stress_label",10,256,0.0078125,0.57051282051282,0.583333333333333,NA,10,"top10","eeg_tleft_sampent_full_change_precond;eeg_tleft_halpha_mean_full_change_precond;eeg_pright_sampent_full_change_precond;pupil_dilation_sd_full_change_precond;eeg_c_theta_mean_full_change_precond;eeg_t_sampent_full_change_precond;gsr_skin_conductance_eda_tonic_mean_nk_full_change_precond;eeg_tleft_lalpha_mean_full_change_precond;hrv_rmssd_full_change_precond;eeg_fl_hbeta_mean_full_change_precond"
2025-11-26 18:53:16.80239,27,"stress_label",10,2,0.015625,0.583333333333333,0.608974358974359,0.55042735042735,10,"top10","eeg_tleft_sampent_full_change_precond;eeg_tleft_halpha_mean_full_change_precond;eeg_pright_sampent_full_change_precond;pupil_dilation_sd_full_change_precond;eeg_c_theta_mean_full_change_precond;eeg_t_sampent_full_change_precond;gsr_skin_conductance_eda_tonic_mean_nk_full_change_precond;eeg_tleft_lalpha_mean_full_change_precond;hrv_rmssd_full_change_precond;eeg_fl_hbeta_mean_full_change_precond"
2025-11-26 18:53:17.573971,27,"stress_label",10,4,0.015625,0.538461538461538,0.58974358974359,0.518803418803419,10,"top10","eeg_tleft_sampent_full_change_precond;eeg_tleft_halpha_mean_full_change_precond;eeg_pright_sampent_full_change_precond;pupil_dilation_sd_full_change_precond;eeg_c_theta_mean_full_change_precond;eeg_t_sampent_full_change_precond;gsr_skin_conductance_eda_tonic_mean_nk_full_change_precond;eeg_tleft_lalpha_mean_full_change_precond;hrv_rmssd_full_change_precond;eeg_fl_hbeta_mean_full_change_precond"
2025-11-26 18:53:18.438084,27,"stress_label",10,8,0.015625,0.564102564102564,0.58974358974359,0.558119658119658,10,"top10","eeg_tleft_sampent_full_change_precond;eeg_tleft_halpha_mean_full_change_precond;eeg_pright_sampent_full_change_precond;pupil_dilation_sd_full_change_precond;eeg_c_theta_mean_full_change_precond;eeg_t_sampent_full_change_precond;gsr_skin_conductance_eda_tonic_mean_nk_full_change_precond;eeg_tleft_lalpha_mean_full_change_precond;hrv_rmssd_full_change_precond;eeg_fl_hbeta_mean_full_change_precond"
2025-11-26 18:53:19.305227,27,"stress_label",10,16,0.015625,0.576923076923077,0.576923076923077,0.561538461538462,10,"top10","eeg_tleft_sampent_full_change_precond;eeg_tleft_halpha_mean_full_change_precond;eeg_pright_sampent_full_change_precond;pupil_dilation_sd_full_change_precond;eeg_c_theta_mean_full_change_precond;eeg_t_sampent_full_change_precond;gsr_skin_conductance_eda_tonic_mean_nk_full_change_precond;eeg_tleft_lalpha_mean_full_change_precond;hrv_rmssd_full_change_precond;eeg_fl_hbeta_mean_full_change_precond"
2025-11-26 18:53:20.203953,27,"stress_label",10,32,0.015625,0.583333333333333,0.58974358974359,0.561538461538462,10,"top10","eeg_tleft_sampent_full_change_precond;eeg_tleft_halpha_mean_full_change_precond;eeg_pright_sampent_full_change_precond;pupil_dilation_sd_full_change_precond;eeg_c_theta_mean_full_change_precond;eeg_t_sampent_full_change_precond;gsr_skin_conductance_eda_tonic_mean_nk_full_change_precond;eeg_tleft_lalpha_mean_full_change_precond;hrv_rmssd_full_change_precond;eeg_fl_hbeta_mean_full_change_precond"
2025-11-26 18:53:21.151957,27,"stress_label",10,64,0.015625,0.576923076923077,0.576923076923077,NA,10,"top10","eeg_tleft_sampent_full_change_precond;eeg_tleft_halpha_mean_full_change_precond;eeg_pright_sampent_full_change_precond;pupil_dilation_sd_full_change_precond;eeg_c_theta_mean_full_change_precond;eeg_t_sampent_full_change_precond;gsr_skin_conductance_eda_tonic_mean_nk_full_change_precond;eeg_tleft_lalpha_mean_full_change_precond;hrv_rmssd_full_change_precond;eeg_fl_hbeta_mean_full_change_precond"
2025-11-26 18:53:22.163308,27,"stress_label",10,128,0.015625,0.551282051282051,0.557692307692308,NA,10,"top10","eeg_tleft_sampent_full_change_precond;eeg_tleft_halpha_mean_full_change_precond;eeg_pright_sampent_full_change_precond;pupil_dilation_sd_full_change_precond;eeg_c_theta_mean_full_change_precond;eeg_t_sampent_full_change_precond;gsr_skin_conductance_eda_tonic_mean_nk_full_change_precond;eeg_tleft_lalpha_mean_full_change_precond;hrv_rmssd_full_change_precond;eeg_fl_hbeta_mean_full_change_precond"
2025-11-26 18:53:23.477197,27,"stress_label",10,256,0.015625,0.621794871794872,0.615384615384615,NA,10,"top10","eeg_tleft_sampent_full_change_precond;eeg_tleft_halpha_mean_full_change_precond;eeg_pright_sampent_full_change_precond;pupil_dilation_sd_full_change_precond;eeg_c_theta_mean_full_change_precond;eeg_t_sampent_full_change_precond;gsr_skin_conductance_eda_tonic_mean_nk_full_change_precond;eeg_tleft_lalpha_mean_full_change_precond;hrv_rmssd_full_change_precond;eeg_fl_hbeta_mean_full_change_precond"
2025-11-26 18:53:24.325386,27,"stress_label",10,2,0.03125,0.557692307692308,0.58974358974359,0.545299145299145,10,"top10","eeg_tleft_sampent_full_change_precond;eeg_tleft_halpha_mean_full_change_precond;eeg_pright_sampent_full_change_precond;pupil_dilation_sd_full_change_precond;eeg_c_theta_mean_full_change_precond;eeg_t_sampent_full_change_precond;gsr_skin_conductance_eda_tonic_mean_nk_full_change_precond;eeg_tleft_lalpha_mean_full_change_precond;hrv_rmssd_full_change_precond;eeg_fl_hbeta_mean_full_change_precond"
2025-11-26 18:53:25.166529,27,"stress_label",10,4,0.03125,0.58974358974359,0.596153846153846,0.582051282051282,10,"top10","eeg_tleft_sampent_full_change_precond;eeg_tleft_halpha_mean_full_change_precond;eeg_pright_sampent_full_change_precond;pupil_dilation_sd_full_change_precond;eeg_c_theta_mean_full_change_precond;eeg_t_sampent_full_change_precond;gsr_skin_conductance_eda_tonic_mean_nk_full_change_precond;eeg_tleft_lalpha_mean_full_change_precond;hrv_rmssd_full_change_precond;eeg_fl_hbeta_mean_full_change_precond"
2025-11-26 18:53:25.844025,27,"stress_label",10,8,0.03125,0.583333333333333,0.608974358974359,0.573504273504273,10,"top10","eeg_tleft_sampent_full_change_precond;eeg_tleft_halpha_mean_full_change_precond;eeg_pright_sampent_full_change_precond;pupil_dilation_sd_full_change_precond;eeg_c_theta_mean_full_change_precond;eeg_t_sampent_full_change_precond;gsr_skin_conductance_eda_tonic_mean_nk_full_change_precond;eeg_tleft_lalpha_mean_full_change_precond;hrv_rmssd_full_change_precond;eeg_fl_hbeta_mean_full_change_precond"
2025-11-26 18:53:26.691797,27,"stress_label",10,16,0.03125,0.564102564102564,0.564102564102564,NA,10,"top10","eeg_tleft_sampent_full_change_precond;eeg_tleft_halpha_mean_full_change_precond;eeg_pright_sampent_full_change_precond;pupil_dilation_sd_full_change_precond;eeg_c_theta_mean_full_change_precond;eeg_t_sampent_full_change_precond;gsr_skin_conductance_eda_tonic_mean_nk_full_change_precond;eeg_tleft_lalpha_mean_full_change_precond;hrv_rmssd_full_change_precond;eeg_fl_hbeta_mean_full_change_precond"
2025-11-26 18:53:27.650075,27,"stress_label",10,32,0.03125,0.57051282051282,0.583333333333333,NA,10,"top10","eeg_tleft_sampent_full_change_precond;eeg_tleft_halpha_mean_full_change_precond;eeg_pright_sampent_full_change_precond;pupil_dilation_sd_full_change_precond;eeg_c_theta_mean_full_change_precond;eeg_t_sampent_full_change_precond;gsr_skin_conductance_eda_tonic_mean_nk_full_change_precond;eeg_tleft_lalpha_mean_full_change_precond;hrv_rmssd_full_change_precond;eeg_fl_hbeta_mean_full_change_precond"
2025-11-26 18:53:28.736452,27,"stress_label",10,64,0.03125,0.621794871794872,0.621794871794872,NA,10,"top10","eeg_tleft_sampent_full_change_precond;eeg_tleft_halpha_mean_full_change_precond;eeg_pright_sampent_full_change_precond;pupil_dilation_sd_full_change_precond;eeg_c_theta_mean_full_change_precond;eeg_t_sampent_full_change_precond;gsr_skin_conductance_eda_tonic_mean_nk_full_change_precond;eeg_tleft_lalpha_mean_full_change_precond;hrv_rmssd_full_change_precond;eeg_fl_hbeta_mean_full_change_precond"
2025-11-26 18:53:29.889956,27,"stress_label",10,128,0.03125,0.608974358974359,0.628205128205128,NA,10,"top10","eeg_tleft_sampent_full_change_precond;eeg_tleft_halpha_mean_full_change_precond;eeg_pright_sampent_full_change_precond;pupil_dilation_sd_full_change_precond;eeg_c_theta_mean_full_change_precond;eeg_t_sampent_full_change_precond;gsr_skin_conductance_eda_tonic_mean_nk_full_change_precond;eeg_tleft_lalpha_mean_full_change_precond;hrv_rmssd_full_change_precond;eeg_fl_hbeta_mean_full_change_precond"
2025-11-26 18:53:31.121368,27,"stress_label",10,256,0.03125,0.57051282051282,0.628205128205128,NA,10,"top10","eeg_tleft_sampent_full_change_precond;eeg_tleft_halpha_mean_full_change_precond;eeg_pright_sampent_full_change_precond;pupil_dilation_sd_full_change_precond;eeg_c_theta_mean_full_change_precond;eeg_t_sampent_full_change_precond;gsr_skin_conductance_eda_tonic_mean_nk_full_change_precond;eeg_tleft_lalpha_mean_full_change_precond;hrv_rmssd_full_change_precond;eeg_fl_hbeta_mean_full_change_precond"
2025-11-26 18:53:31.984463,27,"stress_label",10,2,0.0625,0.602564102564103,0.608974358974359,0.576923076923077,10,"top10","eeg_tleft_sampent_full_change_precond;eeg_tleft_halpha_mean_full_change_precond;eeg_pright_sampent_full_change_precond;pupil_dilation_sd_full_change_precond;eeg_c_theta_mean_full_change_precond;eeg_t_sampent_full_change_precond;gsr_skin_conductance_eda_tonic_mean_nk_full_change_precond;eeg_tleft_lalpha_mean_full_change_precond;hrv_rmssd_full_change_precond;eeg_fl_hbeta_mean_full_change_precond"
2025-11-26 18:53:32.849687,27,"stress_label",10,4,0.0625,0.576923076923077,0.57051282051282,NA,10,"top10","eeg_tleft_sampent_full_change_precond;eeg_tleft_halpha_mean_full_change_precond;eeg_pright_sampent_full_change_precond;pupil_dilation_sd_full_change_precond;eeg_c_theta_mean_full_change_precond;eeg_t_sampent_full_change_precond;gsr_skin_conductance_eda_tonic_mean_nk_full_change_precond;eeg_tleft_lalpha_mean_full_change_precond;hrv_rmssd_full_change_precond;eeg_fl_hbeta_mean_full_change_precond"
2025-11-26 18:53:33.707823,27,"stress_label",10,8,0.0625,0.544871794871795,0.58974358974359,0.528205128205128,10,"top10","eeg_tleft_sampent_full_change_precond;eeg_tleft_halpha_mean_full_change_precond;eeg_pright_sampent_full_change_precond;pupil_dilation_sd_full_change_precond;eeg_c_theta_mean_full_change_precond;eeg_t_sampent_full_change_precond;gsr_skin_conductance_eda_tonic_mean_nk_full_change_precond;eeg_tleft_lalpha_mean_full_change_precond;hrv_rmssd_full_change_precond;eeg_fl_hbeta_mean_full_change_precond"
2025-11-26 18:53:34.422596,27,"stress_label",10,16,0.0625,0.615384615384615,0.615384615384615,0.617948717948718,10,"top10","eeg_tleft_sampent_full_change_precond;eeg_tleft_halpha_mean_full_change_precond;eeg_pright_sampent_full_change_precond;pupil_dilation_sd_full_change_precond;eeg_c_theta_mean_full_change_precond;eeg_t_sampent_full_change_precond;gsr_skin_conductance_eda_tonic_mean_nk_full_change_precond;eeg_tleft_lalpha_mean_full_change_precond;hrv_rmssd_full_change_precond;eeg_fl_hbeta_mean_full_change_precond"
2025-11-26 18:53:35.403708,27,"stress_label",10,32,0.0625,0.58974358974359,0.641025641025641,NA,10,"top10","eeg_tleft_sampent_full_change_precond;eeg_tleft_halpha_mean_full_change_precond;eeg_pright_sampent_full_change_precond;pupil_dilation_sd_full_change_precond;eeg_c_theta_mean_full_change_precond;eeg_t_sampent_full_change_precond;gsr_skin_conductance_eda_tonic_mean_nk_full_change_precond;eeg_tleft_lalpha_mean_full_change_precond;hrv_rmssd_full_change_precond;eeg_fl_hbeta_mean_full_change_precond"
2025-11-26 18:53:36.5281,27,"stress_label",10,64,0.0625,0.596153846153846,0.647435897435897,NA,10,"top10","eeg_tleft_sampent_full_change_precond;eeg_tleft_halpha_mean_full_change_precond;eeg_pright_sampent_full_change_precond;pupil_dilation_sd_full_change_precond;eeg_c_theta_mean_full_change_precond;eeg_t_sampent_full_change_precond;gsr_skin_conductance_eda_tonic_mean_nk_full_change_precond;eeg_tleft_lalpha_mean_full_change_precond;hrv_rmssd_full_change_precond;eeg_fl_hbeta_mean_full_change_precond"
2025-11-26 18:53:37.775558,27,"stress_label",10,128,0.0625,0.596153846153846,0.673076923076923,NA,10,"top10","eeg_tleft_sampent_full_change_precond;eeg_tleft_halpha_mean_full_change_precond;eeg_pright_sampent_full_change_precond;pupil_dilation_sd_full_change_precond;eeg_c_theta_mean_full_change_precond;eeg_t_sampent_full_change_precond;gsr_skin_conductance_eda_tonic_mean_nk_full_change_precond;eeg_tleft_lalpha_mean_full_change_precond;hrv_rmssd_full_change_precond;eeg_fl_hbeta_mean_full_change_precond"
2025-11-26 18:53:38.881185,27,"stress_label",10,256,0.0625,0.557692307692308,0.628205128205128,NA,10,"top10","eeg_tleft_sampent_full_change_precond;eeg_tleft_halpha_mean_full_change_precond;eeg_pright_sampent_full_change_precond;pupil_dilation_sd_full_change_precond;eeg_c_theta_mean_full_change_precond;eeg_t_sampent_full_change_precond;gsr_skin_conductance_eda_tonic_mean_nk_full_change_precond;eeg_tleft_lalpha_mean_full_change_precond;hrv_rmssd_full_change_precond;eeg_fl_hbeta_mean_full_change_precond"
2025-11-26 18:53:39.736864,27,"stress_label",10,2,0.125,0.576923076923077,0.608974358974359,0.562393162393162,10,"top10","eeg_tleft_sampent_full_change_precond;eeg_tleft_halpha_mean_full_change_precond;eeg_pright_sampent_full_change_precond;pupil_dilation_sd_full_change_precond;eeg_c_theta_mean_full_change_precond;eeg_t_sampent_full_change_precond;gsr_skin_conductance_eda_tonic_mean_nk_full_change_precond;eeg_tleft_lalpha_mean_full_change_precond;hrv_rmssd_full_change_precond;eeg_fl_hbeta_mean_full_change_precond"
2025-11-26 18:53:40.577141,27,"stress_label",10,4,0.125,0.596153846153846,0.602564102564103,0.58974358974359,10,"top10","eeg_tleft_sampent_full_change_precond;eeg_tleft_halpha_mean_full_change_precond;eeg_pright_sampent_full_change_precond;pupil_dilation_sd_full_change_precond;eeg_c_theta_mean_full_change_precond;eeg_t_sampent_full_change_precond;gsr_skin_conductance_eda_tonic_mean_nk_full_change_precond;eeg_tleft_lalpha_mean_full_change_precond;hrv_rmssd_full_change_precond;eeg_fl_hbeta_mean_full_change_precond"
2025-11-26 18:53:41.349916,27,"stress_label",10,8,0.125,0.602564102564103,0.634615384615385,0.605128205128205,10,"top10","eeg_tleft_sampent_full_change_precond;eeg_tleft_halpha_mean_full_change_precond;eeg_pright_sampent_full_change_precond;pupil_dilation_sd_full_change_precond;eeg_c_theta_mean_full_change_precond;eeg_t_sampent_full_change_precond;gsr_skin_conductance_eda_tonic_mean_nk_full_change_precond;eeg_tleft_lalpha_mean_full_change_precond;hrv_rmssd_full_change_precond;eeg_fl_hbeta_mean_full_change_precond"
2025-11-26 18:53:42.17659,27,"stress_label",10,16,0.125,0.615384615384615,0.641025641025641,0.625641025641026,10,"top10","eeg_tleft_sampent_full_change_precond;eeg_tleft_halpha_mean_full_change_precond;eeg_pright_sampent_full_change_precond;pupil_dilation_sd_full_change_precond;eeg_c_theta_mean_full_change_precond;eeg_t_sampent_full_change_precond;gsr_skin_conductance_eda_tonic_mean_nk_full_change_precond;eeg_tleft_lalpha_mean_full_change_precond;hrv_rmssd_full_change_precond;eeg_fl_hbeta_mean_full_change_precond"
2025-11-26 18:53:43.07383,27,"stress_label",10,32,0.125,0.615384615384615,0.66025641025641,NA,10,"top10","eeg_tleft_sampent_full_change_precond;eeg_tleft_halpha_mean_full_change_precond;eeg_pright_sampent_full_change_precond;pupil_dilation_sd_full_change_precond;eeg_c_theta_mean_full_change_precond;eeg_t_sampent_full_change_precond;gsr_skin_conductance_eda_tonic_mean_nk_full_change_precond;eeg_tleft_lalpha_mean_full_change_precond;hrv_rmssd_full_change_precond;eeg_fl_hbeta_mean_full_change_precond"
2025-11-26 18:53:43.974777,27,"stress_label",10,64,0.125,0.615384615384615,0.653846153846154,NA,10,"top10","eeg_tleft_sampent_full_change_precond;eeg_tleft_halpha_mean_full_change_precond;eeg_pright_sampent_full_change_precond;pupil_dilation_sd_full_change_precond;eeg_c_theta_mean_full_change_precond;eeg_t_sampent_full_change_precond;gsr_skin_conductance_eda_tonic_mean_nk_full_change_precond;eeg_tleft_lalpha_mean_full_change_precond;hrv_rmssd_full_change_precond;eeg_fl_hbeta_mean_full_change_precond"
2025-11-26 18:53:44.854027,27,"stress_label",10,128,0.125,0.615384615384615,0.653846153846154,NA,10,"top10","eeg_tleft_sampent_full_change_precond;eeg_tleft_halpha_mean_full_change_precond;eeg_pright_sampent_full_change_precond;pupil_dilation_sd_full_change_precond;eeg_c_theta_mean_full_change_precond;eeg_t_sampent_full_change_precond;gsr_skin_conductance_eda_tonic_mean_nk_full_change_precond;eeg_tleft_lalpha_mean_full_change_precond;hrv_rmssd_full_change_precond;eeg_fl_hbeta_mean_full_change_precond"
2025-11-26 18:53:45.87841,27,"stress_label",10,256,0.125,0.615384615384615,0.653846153846154,NA,10,"top10","eeg_tleft_sampent_full_change_precond;eeg_tleft_halpha_mean_full_change_precond;eeg_pright_sampent_full_change_precond;pupil_dilation_sd_full_change_precond;eeg_c_theta_mean_full_change_precond;eeg_t_sampent_full_change_precond;gsr_skin_conductance_eda_tonic_mean_nk_full_change_precond;eeg_tleft_lalpha_mean_full_change_precond;hrv_rmssd_full_change_precond;eeg_fl_hbeta_mean_full_change_precond"
2025-11-26 18:53:46.728083,27,"stress_label",10,2,0.03,0.564102564102564,0.58974358974359,0.547863247863248,10,"top10","eeg_tleft_sampent_full_change_precond;eeg_tleft_halpha_mean_full_change_precond;eeg_pright_sampent_full_change_precond;pupil_dilation_sd_full_change_precond;eeg_c_theta_mean_full_change_precond;eeg_t_sampent_full_change_precond;gsr_skin_conductance_eda_tonic_mean_nk_full_change_precond;eeg_tleft_lalpha_mean_full_change_precond;hrv_rmssd_full_change_precond;eeg_fl_hbeta_mean_full_change_precond"
2025-11-26 18:53:47.583065,27,"stress_label",10,4,0.03,0.583333333333333,0.596153846153846,0.569230769230769,10,"top10","eeg_tleft_sampent_full_change_precond;eeg_tleft_halpha_mean_full_change_precond;eeg_pright_sampent_full_change_precond;pupil_dilation_sd_full_change_precond;eeg_c_theta_mean_full_change_precond;eeg_t_sampent_full_change_precond;gsr_skin_conductance_eda_tonic_mean_nk_full_change_precond;eeg_tleft_lalpha_mean_full_change_precond;hrv_rmssd_full_change_precond;eeg_fl_hbeta_mean_full_change_precond"
2025-11-26 18:53:48.426522,27,"stress_label",10,8,0.03,0.58974358974359,0.608974358974359,0.577777777777778,10,"top10","eeg_tleft_sampent_full_change_precond;eeg_tleft_halpha_mean_full_change_precond;eeg_pright_sampent_full_change_precond;pupil_dilation_sd_full_change_precond;eeg_c_theta_mean_full_change_precond;eeg_t_sampent_full_change_precond;gsr_skin_conductance_eda_tonic_mean_nk_full_change_precond;eeg_tleft_lalpha_mean_full_change_precond;hrv_rmssd_full_change_precond;eeg_fl_hbeta_mean_full_change_precond"
2025-11-26 18:53:49.295688,27,"stress_label",10,16,0.03,0.576923076923077,0.557692307692308,NA,10,"top10","eeg_tleft_sampent_full_change_precond;eeg_tleft_halpha_mean_full_change_precond;eeg_pright_sampent_full_change_precond;pupil_dilation_sd_full_change_precond;eeg_c_theta_mean_full_change_precond;eeg_t_sampent_full_change_precond;gsr_skin_conductance_eda_tonic_mean_nk_full_change_precond;eeg_tleft_lalpha_mean_full_change_precond;hrv_rmssd_full_change_precond;eeg_fl_hbeta_mean_full_change_precond"
2025-11-26 18:53:50.242338,27,"stress_label",10,32,0.03,0.564102564102564,0.583333333333333,NA,10,"top10","eeg_tleft_sampent_full_change_precond;eeg_tleft_halpha_mean_full_change_precond;eeg_pright_sampent_full_change_precond;pupil_dilation_sd_full_change_precond;eeg_c_theta_mean_full_change_precond;eeg_t_sampent_full_change_precond;gsr_skin_conductance_eda_tonic_mean_nk_full_change_precond;eeg_tleft_lalpha_mean_full_change_precond;hrv_rmssd_full_change_precond;eeg_fl_hbeta_mean_full_change_precond"
2025-11-26 18:53:51.286965,27,"stress_label",10,64,0.03,0.615384615384615,0.615384615384615,NA,10,"top10","eeg_tleft_sampent_full_change_precond;eeg_tleft_halpha_mean_full_change_precond;eeg_pright_sampent_full_change_precond;pupil_dilation_sd_full_change_precond;eeg_c_theta_mean_full_change_precond;eeg_t_sampent_full_change_precond;gsr_skin_conductance_eda_tonic_mean_nk_full_change_precond;eeg_tleft_lalpha_mean_full_change_precond;hrv_rmssd_full_change_precond;eeg_fl_hbeta_mean_full_change_precond"
2025-11-26 18:53:52.427281,27,"stress_label",10,128,0.03,0.615384615384615,0.634615384615385,0.613675213675214,10,"top10","eeg_tleft_sampent_full_change_precond;eeg_tleft_halpha_mean_full_change_precond;eeg_pright_sampent_full_change_precond;pupil_dilation_sd_full_change_precond;eeg_c_theta_mean_full_change_precond;eeg_t_sampent_full_change_precond;gsr_skin_conductance_eda_tonic_mean_nk_full_change_precond;eeg_tleft_lalpha_mean_full_change_precond;hrv_rmssd_full_change_precond;eeg_fl_hbeta_mean_full_change_precond"
2025-11-26 18:53:53.868841,27,"stress_label",10,256,0.03,0.57051282051282,0.628205128205128,NA,10,"top10","eeg_tleft_sampent_full_change_precond;eeg_tleft_halpha_mean_full_change_precond;eeg_pright_sampent_full_change_precond;pupil_dilation_sd_full_change_precond;eeg_c_theta_mean_full_change_precond;eeg_t_sampent_full_change_precond;gsr_skin_conductance_eda_tonic_mean_nk_full_change_precond;eeg_tleft_lalpha_mean_full_change_precond;hrv_rmssd_full_change_precond;eeg_fl_hbeta_mean_full_change_precond"
2025-11-26 18:53:54.688569,27,"stress_label",10,2,0.06,0.596153846153846,0.608974358974359,0.569230769230769,10,"top10","eeg_tleft_sampent_full_change_precond;eeg_tleft_halpha_mean_full_change_precond;eeg_pright_sampent_full_change_precond;pupil_dilation_sd_full_change_precond;eeg_c_theta_mean_full_change_precond;eeg_t_sampent_full_change_precond;gsr_skin_conductance_eda_tonic_mean_nk_full_change_precond;eeg_tleft_lalpha_mean_full_change_precond;hrv_rmssd_full_change_precond;eeg_fl_hbeta_mean_full_change_precond"
2025-11-26 18:53:55.563668,27,"stress_label",10,4,0.06,0.583333333333333,0.564102564102564,NA,10,"top10","eeg_tleft_sampent_full_change_precond;eeg_tleft_halpha_mean_full_change_precond;eeg_pright_sampent_full_change_precond;pupil_dilation_sd_full_change_precond;eeg_c_theta_mean_full_change_precond;eeg_t_sampent_full_change_precond;gsr_skin_conductance_eda_tonic_mean_nk_full_change_precond;eeg_tleft_lalpha_mean_full_change_precond;hrv_rmssd_full_change_precond;eeg_fl_hbeta_mean_full_change_precond"
2025-11-26 18:53:56.427358,27,"stress_label",10,8,0.06,0.551282051282051,0.583333333333333,0.533333333333333,10,"top10","eeg_tleft_sampent_full_change_precond;eeg_tleft_halpha_mean_full_change_precond;eeg_pright_sampent_full_change_precond;pupil_dilation_sd_full_change_precond;eeg_c_theta_mean_full_change_precond;eeg_t_sampent_full_change_precond;gsr_skin_conductance_eda_tonic_mean_nk_full_change_precond;eeg_tleft_lalpha_mean_full_change_precond;hrv_rmssd_full_change_precond;eeg_fl_hbeta_mean_full_change_precond"
2025-11-26 18:53:57.353665,27,"stress_label",10,16,0.06,0.621794871794872,0.58974358974359,0.620512820512821,10,"top10","eeg_tleft_sampent_full_change_precond;eeg_tleft_halpha_mean_full_change_precond;eeg_pright_sampent_full_change_precond;pupil_dilation_sd_full_change_precond;eeg_c_theta_mean_full_change_precond;eeg_t_sampent_full_change_precond;gsr_skin_conductance_eda_tonic_mean_nk_full_change_precond;eeg_tleft_lalpha_mean_full_change_precond;hrv_rmssd_full_change_precond;eeg_fl_hbeta_mean_full_change_precond"
2025-11-26 18:53:58.384753,27,"stress_label",10,32,0.06,0.602564102564103,0.647435897435897,NA,10,"top10","eeg_tleft_sampent_full_change_precond;eeg_tleft_halpha_mean_full_change_precond;eeg_pright_sampent_full_change_precond;pupil_dilation_sd_full_change_precond;eeg_c_theta_mean_full_change_precond;eeg_t_sampent_full_change_precond;gsr_skin_conductance_eda_tonic_mean_nk_full_change_precond;eeg_tleft_lalpha_mean_full_change_precond;hrv_rmssd_full_change_precond;eeg_fl_hbeta_mean_full_change_precond"
2025-11-26 18:53:59.434437,27,"stress_label",10,64,0.06,0.608974358974359,0.641025641025641,NA,10,"top10","eeg_tleft_sampent_full_change_precond;eeg_tleft_halpha_mean_full_change_precond;eeg_pright_sampent_full_change_precond;pupil_dilation_sd_full_change_precond;eeg_c_theta_mean_full_change_precond;eeg_t_sampent_full_change_precond;gsr_skin_conductance_eda_tonic_mean_nk_full_change_precond;eeg_tleft_lalpha_mean_full_change_precond;hrv_rmssd_full_change_precond;eeg_fl_hbeta_mean_full_change_precond"
2025-11-26 18:54:00.561279,27,"stress_label",10,128,0.06,0.602564102564103,0.66025641025641,NA,10,"top10","eeg_tleft_sampent_full_change_precond;eeg_tleft_halpha_mean_full_change_precond;eeg_pright_sampent_full_change_precond;pupil_dilation_sd_full_change_precond;eeg_c_theta_mean_full_change_precond;eeg_t_sampent_full_change_precond;gsr_skin_conductance_eda_tonic_mean_nk_full_change_precond;eeg_tleft_lalpha_mean_full_change_precond;hrv_rmssd_full_change_precond;eeg_fl_hbeta_mean_full_change_precond"
2025-11-26 18:54:01.817615,27,"stress_label",10,256,0.06,0.557692307692308,0.628205128205128,NA,10,"top10","eeg_tleft_sampent_full_change_precond;eeg_tleft_halpha_mean_full_change_precond;eeg_pright_sampent_full_change_precond;pupil_dilation_sd_full_change_precond;eeg_c_theta_mean_full_change_precond;eeg_t_sampent_full_change_precond;gsr_skin_conductance_eda_tonic_mean_nk_full_change_precond;eeg_tleft_lalpha_mean_full_change_precond;hrv_rmssd_full_change_precond;eeg_fl_hbeta_mean_full_change_precond"
2025-11-26 18:54:02.714032,27,"stress_label",10,2,0.1,0.564102564102564,0.596153846153846,0.547008547008547,10,"top10","eeg_tleft_sampent_full_change_precond;eeg_tleft_halpha_mean_full_change_precond;eeg_pright_sampent_full_change_precond;pupil_dilation_sd_full_change_precond;eeg_c_theta_mean_full_change_precond;eeg_t_sampent_full_change_precond;gsr_skin_conductance_eda_tonic_mean_nk_full_change_precond;eeg_tleft_lalpha_mean_full_change_precond;hrv_rmssd_full_change_precond;eeg_fl_hbeta_mean_full_change_precond"
2025-11-26 18:54:03.595926,27,"stress_label",10,4,0.1,0.58974358974359,0.583333333333333,0.578632478632479,10,"top10","eeg_tleft_sampent_full_change_precond;eeg_tleft_halpha_mean_full_change_precond;eeg_pright_sampent_full_change_precond;pupil_dilation_sd_full_change_precond;eeg_c_theta_mean_full_change_precond;eeg_t_sampent_full_change_precond;gsr_skin_conductance_eda_tonic_mean_nk_full_change_precond;eeg_tleft_lalpha_mean_full_change_precond;hrv_rmssd_full_change_precond;eeg_fl_hbeta_mean_full_change_precond"
2025-11-26 18:54:04.460255,27,"stress_label",10,8,0.1,0.615384615384615,0.634615384615385,0.618803418803419,10,"top10","eeg_tleft_sampent_full_change_precond;eeg_tleft_halpha_mean_full_change_precond;eeg_pright_sampent_full_change_precond;pupil_dilation_sd_full_change_precond;eeg_c_theta_mean_full_change_precond;eeg_t_sampent_full_change_precond;gsr_skin_conductance_eda_tonic_mean_nk_full_change_precond;eeg_tleft_lalpha_mean_full_change_precond;hrv_rmssd_full_change_precond;eeg_fl_hbeta_mean_full_change_precond"
2025-11-26 18:54:05.34013,27,"stress_label",10,16,0.1,0.596153846153846,0.647435897435897,0.599145299145299,10,"top10","eeg_tleft_sampent_full_change_precond;eeg_tleft_halpha_mean_full_change_precond;eeg_pright_sampent_full_change_precond;pupil_dilation_sd_full_change_precond;eeg_c_theta_mean_full_change_precond;eeg_t_sampent_full_change_precond;gsr_skin_conductance_eda_tonic_mean_nk_full_change_precond;eeg_tleft_lalpha_mean_full_change_precond;hrv_rmssd_full_change_precond;eeg_fl_hbeta_mean_full_change_precond"
2025-11-26 18:54:06.360941,27,"stress_label",10,32,0.1,0.615384615384615,0.66025641025641,NA,10,"top10","eeg_tleft_sampent_full_change_precond;eeg_tleft_halpha_mean_full_change_precond;eeg_pright_sampent_full_change_precond;pupil_dilation_sd_full_change_precond;eeg_c_theta_mean_full_change_precond;eeg_t_sampent_full_change_precond;gsr_skin_conductance_eda_tonic_mean_nk_full_change_precond;eeg_tleft_lalpha_mean_full_change_precond;hrv_rmssd_full_change_precond;eeg_fl_hbeta_mean_full_change_precond"
2025-11-26 18:54:07.309289,27,"stress_label",10,64,0.1,0.596153846153846,0.647435897435897,NA,10,"top10","eeg_tleft_sampent_full_change_precond;eeg_tleft_halpha_mean_full_change_precond;eeg_pright_sampent_full_change_precond;pupil_dilation_sd_full_change_precond;eeg_c_theta_mean_full_change_precond;eeg_t_sampent_full_change_precond;gsr_skin_conductance_eda_tonic_mean_nk_full_change_precond;eeg_tleft_lalpha_mean_full_change_precond;hrv_rmssd_full_change_precond;eeg_fl_hbeta_mean_full_change_precond"
2025-11-26 18:54:08.337598,27,"stress_label",10,128,0.1,0.58974358974359,0.653846153846154,NA,10,"top10","eeg_tleft_sampent_full_change_precond;eeg_tleft_halpha_mean_full_change_precond;eeg_pright_sampent_full_change_precond;pupil_dilation_sd_full_change_precond;eeg_c_theta_mean_full_change_precond;eeg_t_sampent_full_change_precond;gsr_skin_conductance_eda_tonic_mean_nk_full_change_precond;eeg_tleft_lalpha_mean_full_change_precond;hrv_rmssd_full_change_precond;eeg_fl_hbeta_mean_full_change_precond"
2025-11-26 18:54:09.280172,27,"stress_label",10,256,0.1,0.58974358974359,0.653846153846154,NA,10,"top10","eeg_tleft_sampent_full_change_precond;eeg_tleft_halpha_mean_full_change_precond;eeg_pright_sampent_full_change_precond;pupil_dilation_sd_full_change_precond;eeg_c_theta_mean_full_change_precond;eeg_t_sampent_full_change_precond;gsr_skin_conductance_eda_tonic_mean_nk_full_change_precond;eeg_tleft_lalpha_mean_full_change_precond;hrv_rmssd_full_change_precond;eeg_fl_hbeta_mean_full_change_precond"
2025-11-26 18:54:10.127438,27,"stress_label",5,2,0.0078125,0.576923076923077,0.602564102564103,0.572649572649573,5,"top5","eeg_tleft_sampent_full_change_precond;eeg_tleft_halpha_mean_full_change_precond;eeg_pright_sampent_full_change_precond;pupil_dilation_sd_full_change_precond;eeg_c_theta_mean_full_change_precond"
2025-11-26 18:54:10.812881,27,"stress_label",5,4,0.0078125,0.596153846153846,0.666666666666667,0.606837606837607,5,"top5","eeg_tleft_sampent_full_change_precond;eeg_tleft_halpha_mean_full_change_precond;eeg_pright_sampent_full_change_precond;pupil_dilation_sd_full_change_precond;eeg_c_theta_mean_full_change_precond"
2025-11-26 18:54:11.415802,27,"stress_label",5,8,0.0078125,0.58974358974359,0.673076923076923,0.6,5,"top5","eeg_tleft_sampent_full_change_precond;eeg_tleft_halpha_mean_full_change_precond;eeg_pright_sampent_full_change_precond;pupil_dilation_sd_full_change_precond;eeg_c_theta_mean_full_change_precond"
2025-11-26 18:54:12.032852,27,"stress_label",5,16,0.0078125,0.557692307692308,0.653846153846154,0.54957264957265,5,"top5","eeg_tleft_sampent_full_change_precond;eeg_tleft_halpha_mean_full_change_precond;eeg_pright_sampent_full_change_precond;pupil_dilation_sd_full_change_precond;eeg_c_theta_mean_full_change_precond"
2025-11-26 18:54:12.772553,27,"stress_label",5,32,0.0078125,0.564102564102564,0.641025641025641,0.567521367521368,5,"top5","eeg_tleft_sampent_full_change_precond;eeg_tleft_halpha_mean_full_change_precond;eeg_pright_sampent_full_change_precond;pupil_dilation_sd_full_change_precond;eeg_c_theta_mean_full_change_precond"
2025-11-26 18:54:13.558691,27,"stress_label",5,64,0.0078125,0.564102564102564,0.641025641025641,0.565811965811966,5,"top5","eeg_tleft_sampent_full_change_precond;eeg_tleft_halpha_mean_full_change_precond;eeg_pright_sampent_full_change_precond;pupil_dilation_sd_full_change_precond;eeg_c_theta_mean_full_change_precond"
2025-11-26 18:54:14.340584,27,"stress_label",5,128,0.0078125,0.564102564102564,0.615384615384615,0.568376068376068,5,"top5","eeg_tleft_sampent_full_change_precond;eeg_tleft_halpha_mean_full_change_precond;eeg_pright_sampent_full_change_precond;pupil_dilation_sd_full_change_precond;eeg_c_theta_mean_full_change_precond"
2025-11-26 18:54:15.179576,27,"stress_label",5,256,0.0078125,0.557692307692308,0.602564102564103,0.563247863247863,5,"top5","eeg_tleft_sampent_full_change_precond;eeg_tleft_halpha_mean_full_change_precond;eeg_pright_sampent_full_change_precond;pupil_dilation_sd_full_change_precond;eeg_c_theta_mean_full_change_precond"
2025-11-26 18:54:15.8756,27,"stress_label",5,2,0.015625,0.596153846153846,0.66025641025641,0.606837606837607,5,"top5","eeg_tleft_sampent_full_change_precond;eeg_tleft_halpha_mean_full_change_precond;eeg_pright_sampent_full_change_precond;pupil_dilation_sd_full_change_precond;eeg_c_theta_mean_full_change_precond"
2025-11-26 18:54:16.523256,27,"stress_label",5,4,0.015625,0.583333333333333,0.67948717948718,0.592307692307692,5,"top5","eeg_tleft_sampent_full_change_precond;eeg_tleft_halpha_mean_full_change_precond;eeg_pright_sampent_full_change_precond;pupil_dilation_sd_full_change_precond;eeg_c_theta_mean_full_change_precond"
2025-11-26 18:54:17.281568,27,"stress_label",5,8,0.015625,0.551282051282051,0.634615384615385,0.54957264957265,5,"top5","eeg_tleft_sampent_full_change_precond;eeg_tleft_halpha_mean_full_change_precond;eeg_pright_sampent_full_change_precond;pupil_dilation_sd_full_change_precond;eeg_c_theta_mean_full_change_precond"
2025-11-26 18:54:17.985535,27,"stress_label",5,16,0.015625,0.557692307692308,0.647435897435897,0.563247863247863,5,"top5","eeg_tleft_sampent_full_change_precond;eeg_tleft_halpha_mean_full_change_precond;eeg_pright_sampent_full_change_precond;pupil_dilation_sd_full_change_precond;eeg_c_theta_mean_full_change_precond"
2025-11-26 18:54:18.764341,27,"stress_label",5,32,0.015625,0.57051282051282,0.615384615384615,0.570940170940171,5,"top5","eeg_tleft_sampent_full_change_precond;eeg_tleft_halpha_mean_full_change_precond;eeg_pright_sampent_full_change_precond;pupil_dilation_sd_full_change_precond;eeg_c_theta_mean_full_change_precond"
2025-11-26 18:54:19.536458,27,"stress_label",5,64,0.015625,0.564102564102564,0.602564102564103,0.568376068376068,5,"top5","eeg_tleft_sampent_full_change_precond;eeg_tleft_halpha_mean_full_change_precond;eeg_pright_sampent_full_change_precond;pupil_dilation_sd_full_change_precond;eeg_c_theta_mean_full_change_precond"
2025-11-26 18:54:20.365693,27,"stress_label",5,128,0.015625,0.557692307692308,0.621794871794872,0.558974358974359,5,"top5","eeg_tleft_sampent_full_change_precond;eeg_tleft_halpha_mean_full_change_precond;eeg_pright_sampent_full_change_precond;pupil_dilation_sd_full_change_precond;eeg_c_theta_mean_full_change_precond"
2025-11-26 18:54:21.091126,27,"stress_label",5,256,0.015625,0.564102564102564,0.576923076923077,0.558974358974359,5,"top5","eeg_tleft_sampent_full_change_precond;eeg_tleft_halpha_mean_full_change_precond;eeg_pright_sampent_full_change_precond;pupil_dilation_sd_full_change_precond;eeg_c_theta_mean_full_change_precond"
2025-11-26 18:54:21.832061,27,"stress_label",5,2,0.03125,0.57051282051282,0.67948717948718,0.560683760683761,5,"top5","eeg_tleft_sampent_full_change_precond;eeg_tleft_halpha_mean_full_change_precond;eeg_pright_sampent_full_change_precond;pupil_dilation_sd_full_change_precond;eeg_c_theta_mean_full_change_precond"
2025-11-26 18:54:22.552602,27,"stress_label",5,4,0.03125,0.557692307692308,0.653846153846154,0.552991452991453,5,"top5","eeg_tleft_sampent_full_change_precond;eeg_tleft_halpha_mean_full_change_precond;eeg_pright_sampent_full_change_precond;pupil_dilation_sd_full_change_precond;eeg_c_theta_mean_full_change_precond"
2025-11-26 18:54:23.322292,27,"stress_label",5,8,0.03125,0.551282051282051,0.628205128205128,0.545299145299145,5,"top5","eeg_tleft_sampent_full_change_precond;eeg_tleft_halpha_mean_full_change_precond;eeg_pright_sampent_full_change_precond;pupil_dilation_sd_full_change_precond;eeg_c_theta_mean_full_change_precond"
2025-11-26 18:54:24.297247,27,"stress_label",5,16,0.03125,0.544871794871795,0.615384615384615,0.541025641025641,5,"top5","eeg_tleft_sampent_full_change_precond;eeg_tleft_halpha_mean_full_change_precond;eeg_pright_sampent_full_change_precond;pupil_dilation_sd_full_change_precond;eeg_c_theta_mean_full_change_precond"
2025-11-26 18:54:25.107706,27,"stress_label",5,32,0.03125,0.551282051282051,0.608974358974359,0.55042735042735,5,"top5","eeg_tleft_sampent_full_change_precond;eeg_tleft_halpha_mean_full_change_precond;eeg_pright_sampent_full_change_precond;pupil_dilation_sd_full_change_precond;eeg_c_theta_mean_full_change_precond"
2025-11-26 18:54:25.948006,27,"stress_label",5,64,0.03125,0.564102564102564,0.58974358974359,0.553846153846154,5,"top5","eeg_tleft_sampent_full_change_precond;eeg_tleft_halpha_mean_full_change_precond;eeg_pright_sampent_full_change_precond;pupil_dilation_sd_full_change_precond;eeg_c_theta_mean_full_change_precond"
2025-11-26 18:54:26.892497,27,"stress_label",5,128,0.03125,0.532051282051282,0.493589743589744,NA,5,"top5","eeg_tleft_sampent_full_change_precond;eeg_tleft_halpha_mean_full_change_precond;eeg_pright_sampent_full_change_precond;pupil_dilation_sd_full_change_precond;eeg_c_theta_mean_full_change_precond"
2025-11-26 18:54:27.955404,27,"stress_label",5,256,0.03125,0.532051282051282,0.474358974358974,NA,5,"top5","eeg_tleft_sampent_full_change_precond;eeg_tleft_halpha_mean_full_change_precond;eeg_pright_sampent_full_change_precond;pupil_dilation_sd_full_change_precond;eeg_c_theta_mean_full_change_precond"
2025-11-26 18:54:28.703235,27,"stress_label",5,2,0.0625,0.538461538461538,0.634615384615385,0.518803418803419,5,"top5","eeg_tleft_sampent_full_change_precond;eeg_tleft_halpha_mean_full_change_precond;eeg_pright_sampent_full_change_precond;pupil_dilation_sd_full_change_precond;eeg_c_theta_mean_full_change_precond"
2025-11-26 18:54:29.460504,27,"stress_label",5,4,0.0625,0.532051282051282,0.615384615384615,0.515384615384615,5,"top5","eeg_tleft_sampent_full_change_precond;eeg_tleft_halpha_mean_full_change_precond;eeg_pright_sampent_full_change_precond;pupil_dilation_sd_full_change_precond;eeg_c_theta_mean_full_change_precond"
2025-11-26 18:54:30.22184,27,"stress_label",5,8,0.0625,0.525641025641026,0.608974358974359,0.525641025641026,5,"top5","eeg_tleft_sampent_full_change_precond;eeg_tleft_halpha_mean_full_change_precond;eeg_pright_sampent_full_change_precond;pupil_dilation_sd_full_change_precond;eeg_c_theta_mean_full_change_precond"
2025-11-26 18:54:31.008582,27,"stress_label",5,16,0.0625,0.564102564102564,0.551282051282051,NA,5,"top5","eeg_tleft_sampent_full_change_precond;eeg_tleft_halpha_mean_full_change_precond;eeg_pright_sampent_full_change_precond;pupil_dilation_sd_full_change_precond;eeg_c_theta_mean_full_change_precond"
2025-11-26 18:54:31.83346,27,"stress_label",5,32,0.0625,0.538461538461538,0.544871794871795,NA,5,"top5","eeg_tleft_sampent_full_change_precond;eeg_tleft_halpha_mean_full_change_precond;eeg_pright_sampent_full_change_precond;pupil_dilation_sd_full_change_precond;eeg_c_theta_mean_full_change_precond"
2025-11-26 18:54:32.745126,27,"stress_label",5,64,0.0625,0.525641025641026,0.493589743589744,NA,5,"top5","eeg_tleft_sampent_full_change_precond;eeg_tleft_halpha_mean_full_change_precond;eeg_pright_sampent_full_change_precond;pupil_dilation_sd_full_change_precond;eeg_c_theta_mean_full_change_precond"
2025-11-26 18:54:33.781672,27,"stress_label",5,128,0.0625,0.551282051282051,0.506410256410256,0.514529914529914,5,"top5","eeg_tleft_sampent_full_change_precond;eeg_tleft_halpha_mean_full_change_precond;eeg_pright_sampent_full_change_precond;pupil_dilation_sd_full_change_precond;eeg_c_theta_mean_full_change_precond"
2025-11-26 18:54:35.107153,27,"stress_label",5,256,0.0625,0.525641025641026,0.474358974358974,NA,5,"top5","eeg_tleft_sampent_full_change_precond;eeg_tleft_halpha_mean_full_change_precond;eeg_pright_sampent_full_change_precond;pupil_dilation_sd_full_change_precond;eeg_c_theta_mean_full_change_precond"
2025-11-26 18:54:35.862706,27,"stress_label",5,2,0.125,0.519230769230769,0.551282051282051,0.499145299145299,5,"top5","eeg_tleft_sampent_full_change_precond;eeg_tleft_halpha_mean_full_change_precond;eeg_pright_sampent_full_change_precond;pupil_dilation_sd_full_change_precond;eeg_c_theta_mean_full_change_precond"
2025-11-26 18:54:36.655644,27,"stress_label",5,4,0.125,0.538461538461538,0.57051282051282,NA,5,"top5","eeg_tleft_sampent_full_change_precond;eeg_tleft_halpha_mean_full_change_precond;eeg_pright_sampent_full_change_precond;pupil_dilation_sd_full_change_precond;eeg_c_theta_mean_full_change_precond"
2025-11-26 18:54:37.458462,27,"stress_label",5,8,0.125,0.512820512820513,0.512820512820513,NA,5,"top5","eeg_tleft_sampent_full_change_precond;eeg_tleft_halpha_mean_full_change_precond;eeg_pright_sampent_full_change_precond;pupil_dilation_sd_full_change_precond;eeg_c_theta_mean_full_change_precond"
2025-11-26 18:54:38.276586,27,"stress_label",5,16,0.125,0.506410256410256,0.512820512820513,0.47948717948718,5,"top5","eeg_tleft_sampent_full_change_precond;eeg_tleft_halpha_mean_full_change_precond;eeg_pright_sampent_full_change_precond;pupil_dilation_sd_full_change_precond;eeg_c_theta_mean_full_change_precond"
2025-11-26 18:54:39.0171,27,"stress_label",5,32,0.125,0.57051282051282,0.41025641025641,0.560683760683761,5,"top5","eeg_tleft_sampent_full_change_precond;eeg_tleft_halpha_mean_full_change_precond;eeg_pright_sampent_full_change_precond;pupil_dilation_sd_full_change_precond;eeg_c_theta_mean_full_change_precond"
2025-11-26 18:54:39.984131,27,"stress_label",5,64,0.125,0.551282051282051,0.435897435897436,0.551282051282051,5,"top5","eeg_tleft_sampent_full_change_precond;eeg_tleft_halpha_mean_full_change_precond;eeg_pright_sampent_full_change_precond;pupil_dilation_sd_full_change_precond;eeg_c_theta_mean_full_change_precond"
2025-11-26 18:54:41.160755,27,"stress_label",5,128,0.125,0.532051282051282,0.474358974358974,NA,5,"top5","eeg_tleft_sampent_full_change_precond;eeg_tleft_halpha_mean_full_change_precond;eeg_pright_sampent_full_change_precond;pupil_dilation_sd_full_change_precond;eeg_c_theta_mean_full_change_precond"
2025-11-26 18:54:42.709391,27,"stress_label",5,256,0.125,0.512820512820513,0.320512820512821,NA,5,"top5","eeg_tleft_sampent_full_change_precond;eeg_tleft_halpha_mean_full_change_precond;eeg_pright_sampent_full_change_precond;pupil_dilation_sd_full_change_precond;eeg_c_theta_mean_full_change_precond"
2025-11-26 18:54:43.493146,27,"stress_label",5,2,0.03,0.564102564102564,0.67948717948718,0.558119658119658,5,"top5","eeg_tleft_sampent_full_change_precond;eeg_tleft_halpha_mean_full_change_precond;eeg_pright_sampent_full_change_precond;pupil_dilation_sd_full_change_precond;eeg_c_theta_mean_full_change_precond"
2025-11-26 18:54:44.279107,27,"stress_label",5,4,0.03,0.557692307692308,0.653846153846154,0.554700854700855,5,"top5","eeg_tleft_sampent_full_change_precond;eeg_tleft_halpha_mean_full_change_precond;eeg_pright_sampent_full_change_precond;pupil_dilation_sd_full_change_precond;eeg_c_theta_mean_full_change_precond"
2025-11-26 18:54:45.031001,27,"stress_label",5,8,0.03,0.551282051282051,0.628205128205128,0.545299145299145,5,"top5","eeg_tleft_sampent_full_change_precond;eeg_tleft_halpha_mean_full_change_precond;eeg_pright_sampent_full_change_precond;pupil_dilation_sd_full_change_precond;eeg_c_theta_mean_full_change_precond"
2025-11-26 18:54:45.773106,27,"stress_label",5,16,0.03,0.544871794871795,0.615384615384615,0.542735042735043,5,"top5","eeg_tleft_sampent_full_change_precond;eeg_tleft_halpha_mean_full_change_precond;eeg_pright_sampent_full_change_precond;pupil_dilation_sd_full_change_precond;eeg_c_theta_mean_full_change_precond"
2025-11-26 18:54:46.396784,27,"stress_label",5,32,0.03,0.551282051282051,0.615384615384615,0.55042735042735,5,"top5","eeg_tleft_sampent_full_change_precond;eeg_tleft_halpha_mean_full_change_precond;eeg_pright_sampent_full_change_precond;pupil_dilation_sd_full_change_precond;eeg_c_theta_mean_full_change_precond"
2025-11-26 18:54:47.169488,27,"stress_label",5,64,0.03,0.564102564102564,0.596153846153846,0.562393162393162,5,"top5","eeg_tleft_sampent_full_change_precond;eeg_tleft_halpha_mean_full_change_precond;eeg_pright_sampent_full_change_precond;pupil_dilation_sd_full_change_precond;eeg_c_theta_mean_full_change_precond"
2025-11-26 18:54:48.118409,27,"stress_label",5,128,0.03,0.544871794871795,0.544871794871795,NA,5,"top5","eeg_tleft_sampent_full_change_precond;eeg_tleft_halpha_mean_full_change_precond;eeg_pright_sampent_full_change_precond;pupil_dilation_sd_full_change_precond;eeg_c_theta_mean_full_change_precond"
2025-11-26 18:54:49.194086,27,"stress_label",5,256,0.03,0.551282051282051,0.467948717948718,0.531623931623932,5,"top5","eeg_tleft_sampent_full_change_precond;eeg_tleft_halpha_mean_full_change_precond;eeg_pright_sampent_full_change_precond;pupil_dilation_sd_full_change_precond;eeg_c_theta_mean_full_change_precond"
2025-11-26 18:54:49.916449,27,"stress_label",5,2,0.06,0.544871794871795,0.641025641025641,0.531623931623932,5,"top5","eeg_tleft_sampent_full_change_precond;eeg_tleft_halpha_mean_full_change_precond;eeg_pright_sampent_full_change_precond;pupil_dilation_sd_full_change_precond;eeg_c_theta_mean_full_change_precond"
2025-11-26 18:54:50.683711,27,"stress_label",5,4,0.06,0.532051282051282,0.615384615384615,0.515384615384615,5,"top5","eeg_tleft_sampent_full_change_precond;eeg_tleft_halpha_mean_full_change_precond;eeg_pright_sampent_full_change_precond;pupil_dilation_sd_full_change_precond;eeg_c_theta_mean_full_change_precond"
2025-11-26 18:54:51.473884,27,"stress_label",5,8,0.06,0.532051282051282,0.615384615384615,0.528205128205128,5,"top5","eeg_tleft_sampent_full_change_precond;eeg_tleft_halpha_mean_full_change_precond;eeg_pright_sampent_full_change_precond;pupil_dilation_sd_full_change_precond;eeg_c_theta_mean_full_change_precond"
2025-11-26 18:54:52.259918,27,"stress_label",5,16,0.06,0.557692307692308,0.564102564102564,0.54957264957265,5,"top5","eeg_tleft_sampent_full_change_precond;eeg_tleft_halpha_mean_full_change_precond;eeg_pright_sampent_full_change_precond;pupil_dilation_sd_full_change_precond;eeg_c_theta_mean_full_change_precond"
2025-11-26 18:54:53.098902,27,"stress_label",5,32,0.06,0.538461538461538,0.538461538461538,NA,5,"top5","eeg_tleft_sampent_full_change_precond;eeg_tleft_halpha_mean_full_change_precond;eeg_pright_sampent_full_change_precond;pupil_dilation_sd_full_change_precond;eeg_c_theta_mean_full_change_precond"
2025-11-26 18:54:54.018978,27,"stress_label",5,64,0.06,0.512820512820513,0.525641025641026,NA,5,"top5","eeg_tleft_sampent_full_change_precond;eeg_tleft_halpha_mean_full_change_precond;eeg_pright_sampent_full_change_precond;pupil_dilation_sd_full_change_precond;eeg_c_theta_mean_full_change_precond"
2025-11-26 18:54:55.003732,27,"stress_label",5,128,0.06,0.538461538461538,0.474358974358974,0.509401709401709,5,"top5","eeg_tleft_sampent_full_change_precond;eeg_tleft_halpha_mean_full_change_precond;eeg_pright_sampent_full_change_precond;pupil_dilation_sd_full_change_precond;eeg_c_theta_mean_full_change_precond"
2025-11-26 18:54:56.147826,27,"stress_label",5,256,0.06,0.519230769230769,0.474358974358974,NA,5,"top5","eeg_tleft_sampent_full_change_precond;eeg_tleft_halpha_mean_full_change_precond;eeg_pright_sampent_full_change_precond;pupil_dilation_sd_full_change_precond;eeg_c_theta_mean_full_change_precond"
2025-11-26 18:54:56.837732,27,"stress_label",5,2,0.1,0.506410256410256,0.58974358974359,0.485470085470085,5,"top5","eeg_tleft_sampent_full_change_precond;eeg_tleft_halpha_mean_full_change_precond;eeg_pright_sampent_full_change_precond;pupil_dilation_sd_full_change_precond;eeg_c_theta_mean_full_change_precond"
2025-11-26 18:54:57.606492,27,"stress_label",5,4,0.1,0.525641025641026,0.596153846153846,0.524786324786325,5,"top5","eeg_tleft_sampent_full_change_precond;eeg_tleft_halpha_mean_full_change_precond;eeg_pright_sampent_full_change_precond;pupil_dilation_sd_full_change_precond;eeg_c_theta_mean_full_change_precond"
2025-11-26 18:54:58.377108,27,"stress_label",5,8,0.1,0.538461538461538,0.564102564102564,NA,5,"top5","eeg_tleft_sampent_full_change_precond;eeg_tleft_halpha_mean_full_change_precond;eeg_pright_sampent_full_change_precond;pupil_dilation_sd_full_change_precond;eeg_c_theta_mean_full_change_precond"
2025-11-26 18:54:59.150617,27,"stress_label",5,16,0.1,0.493589743589744,0.461538461538462,NA,5,"top5","eeg_tleft_sampent_full_change_precond;eeg_tleft_halpha_mean_full_change_precond;eeg_pright_sampent_full_change_precond;pupil_dilation_sd_full_change_precond;eeg_c_theta_mean_full_change_precond"
2025-11-26 18:55:00.015281,27,"stress_label",5,32,0.1,0.519230769230769,0.487179487179487,0.487179487179487,5,"top5","eeg_tleft_sampent_full_change_precond;eeg_tleft_halpha_mean_full_change_precond;eeg_pright_sampent_full_change_precond;pupil_dilation_sd_full_change_precond;eeg_c_theta_mean_full_change_precond"
2025-11-26 18:55:00.965278,27,"stress_label",5,64,0.1,0.564102564102564,0.512820512820513,NA,5,"top5","eeg_tleft_sampent_full_change_precond;eeg_tleft_halpha_mean_full_change_precond;eeg_pright_sampent_full_change_precond;pupil_dilation_sd_full_change_precond;eeg_c_theta_mean_full_change_precond"
2025-11-26 18:55:02.114703,27,"stress_label",5,128,0.1,0.532051282051282,0.429487179487179,0.525641025641026,5,"top5","eeg_tleft_sampent_full_change_precond;eeg_tleft_halpha_mean_full_change_precond;eeg_pright_sampent_full_change_precond;pupil_dilation_sd_full_change_precond;eeg_c_theta_mean_full_change_precond"
2025-11-26 18:55:03.561551,27,"stress_label",5,256,0.1,0.525641025641026,0.391025641025641,NA,5,"top5","eeg_tleft_sampent_full_change_precond;eeg_tleft_halpha_mean_full_change_precond;eeg_pright_sampent_full_change_precond;pupil_dilation_sd_full_change_precond;eeg_c_theta_mean_full_change_precond"
2025-11-26 18:55:04.779559,28,"stress_label",20,2,0.0078125,0.57051282051282,0.634615384615385,0.547863247863248,20,"top20","eeg_tleft_sampent_full_change_precond;eeg_tleft_halpha_mean_full_change_precond;eeg_tleft_lalpha_mean_full_change_precond;pupil_dilation_sd_full_change_precond;eeg_pright_sampent_full_change_precond;eeg_fl_hbeta_mean_full_change_precond;hrv_rmssd_full_change_precond;eeg_t_sampent_full_change_precond;gsr_skin_conductance_eda_tonic_mean_nk_full_change_precond;eeg_c_theta_mean_full_change_precond;eeg_tright_halpha_mean_full_change_precond;eeg_fr_sampent_full_change_precond;eeg_pleft_halpha_mean_full_change_precond;eeg_pleft_lbeta_mean_full_change_precond;eeg_c_specent_full_change_precond;eeg_c_sampent_full_change_precond;eeg_fm_theta_mean_full_change_precond;eeg_fm_sampent_full_change_precond;eeg_ab_ratio_full_change_precond;hr_heartrate_bpm_med_abs_full_change_precond"
2025-11-26 18:55:05.818651,28,"stress_label",20,4,0.0078125,0.551282051282051,0.634615384615385,0.539316239316239,20,"top20","eeg_tleft_sampent_full_change_precond;eeg_tleft_halpha_mean_full_change_precond;eeg_tleft_lalpha_mean_full_change_precond;pupil_dilation_sd_full_change_precond;eeg_pright_sampent_full_change_precond;eeg_fl_hbeta_mean_full_change_precond;hrv_rmssd_full_change_precond;eeg_t_sampent_full_change_precond;gsr_skin_conductance_eda_tonic_mean_nk_full_change_precond;eeg_c_theta_mean_full_change_precond;eeg_tright_halpha_mean_full_change_precond;eeg_fr_sampent_full_change_precond;eeg_pleft_halpha_mean_full_change_precond;eeg_pleft_lbeta_mean_full_change_precond;eeg_c_specent_full_change_precond;eeg_c_sampent_full_change_precond;eeg_fm_theta_mean_full_change_precond;eeg_fm_sampent_full_change_precond;eeg_ab_ratio_full_change_precond;hr_heartrate_bpm_med_abs_full_change_precond"
2025-11-26 18:55:06.712139,28,"stress_label",20,8,0.0078125,0.557692307692308,0.628205128205128,0.547008547008547,20,"top20","eeg_tleft_sampent_full_change_precond;eeg_tleft_halpha_mean_full_change_precond;eeg_tleft_lalpha_mean_full_change_precond;pupil_dilation_sd_full_change_precond;eeg_pright_sampent_full_change_precond;eeg_fl_hbeta_mean_full_change_precond;hrv_rmssd_full_change_precond;eeg_t_sampent_full_change_precond;gsr_skin_conductance_eda_tonic_mean_nk_full_change_precond;eeg_c_theta_mean_full_change_precond;eeg_tright_halpha_mean_full_change_precond;eeg_fr_sampent_full_change_precond;eeg_pleft_halpha_mean_full_change_precond;eeg_pleft_lbeta_mean_full_change_precond;eeg_c_specent_full_change_precond;eeg_c_sampent_full_change_precond;eeg_fm_theta_mean_full_change_precond;eeg_fm_sampent_full_change_precond;eeg_ab_ratio_full_change_precond;hr_heartrate_bpm_med_abs_full_change_precond"
2025-11-26 18:55:07.725034,28,"stress_label",20,16,0.0078125,0.551282051282051,0.583333333333333,0.535042735042735,20,"top20","eeg_tleft_sampent_full_change_precond;eeg_tleft_halpha_mean_full_change_precond;eeg_tleft_lalpha_mean_full_change_precond;pupil_dilation_sd_full_change_precond;eeg_pright_sampent_full_change_precond;eeg_fl_hbeta_mean_full_change_precond;hrv_rmssd_full_change_precond;eeg_t_sampent_full_change_precond;gsr_skin_conductance_eda_tonic_mean_nk_full_change_precond;eeg_c_theta_mean_full_change_precond;eeg_tright_halpha_mean_full_change_precond;eeg_fr_sampent_full_change_precond;eeg_pleft_halpha_mean_full_change_precond;eeg_pleft_lbeta_mean_full_change_precond;eeg_c_specent_full_change_precond;eeg_c_sampent_full_change_precond;eeg_fm_theta_mean_full_change_precond;eeg_fm_sampent_full_change_precond;eeg_ab_ratio_full_change_precond;hr_heartrate_bpm_med_abs_full_change_precond"
2025-11-26 18:55:08.764299,28,"stress_label",20,32,0.0078125,0.532051282051282,0.58974358974359,0.523076923076923,20,"top20","eeg_tleft_sampent_full_change_precond;eeg_tleft_halpha_mean_full_change_precond;eeg_tleft_lalpha_mean_full_change_precond;pupil_dilation_sd_full_change_precond;eeg_pright_sampent_full_change_precond;eeg_fl_hbeta_mean_full_change_precond;hrv_rmssd_full_change_precond;eeg_t_sampent_full_change_precond;gsr_skin_conductance_eda_tonic_mean_nk_full_change_precond;eeg_c_theta_mean_full_change_precond;eeg_tright_halpha_mean_full_change_precond;eeg_fr_sampent_full_change_precond;eeg_pleft_halpha_mean_full_change_precond;eeg_pleft_lbeta_mean_full_change_precond;eeg_c_specent_full_change_precond;eeg_c_sampent_full_change_precond;eeg_fm_theta_mean_full_change_precond;eeg_fm_sampent_full_change_precond;eeg_ab_ratio_full_change_precond;hr_heartrate_bpm_med_abs_full_change_precond"
2025-11-26 18:55:09.883546,28,"stress_label",20,64,0.0078125,0.551282051282051,0.57051282051282,0.541880341880342,20,"top20","eeg_tleft_sampent_full_change_precond;eeg_tleft_halpha_mean_full_change_precond;eeg_tleft_lalpha_mean_full_change_precond;pupil_dilation_sd_full_change_precond;eeg_pright_sampent_full_change_precond;eeg_fl_hbeta_mean_full_change_precond;hrv_rmssd_full_change_precond;eeg_t_sampent_full_change_precond;gsr_skin_conductance_eda_tonic_mean_nk_full_change_precond;eeg_c_theta_mean_full_change_precond;eeg_tright_halpha_mean_full_change_precond;eeg_fr_sampent_full_change_precond;eeg_pleft_halpha_mean_full_change_precond;eeg_pleft_lbeta_mean_full_change_precond;eeg_c_specent_full_change_precond;eeg_c_sampent_full_change_precond;eeg_fm_theta_mean_full_change_precond;eeg_fm_sampent_full_change_precond;eeg_ab_ratio_full_change_precond;hr_heartrate_bpm_med_abs_full_change_precond"
2025-11-26 18:55:11.118571,28,"stress_label",20,128,0.0078125,0.538461538461538,0.57051282051282,0.514529914529914,20,"top20","eeg_tleft_sampent_full_change_precond;eeg_tleft_halpha_mean_full_change_precond;eeg_tleft_lalpha_mean_full_change_precond;pupil_dilation_sd_full_change_precond;eeg_pright_sampent_full_change_precond;eeg_fl_hbeta_mean_full_change_precond;hrv_rmssd_full_change_precond;eeg_t_sampent_full_change_precond;gsr_skin_conductance_eda_tonic_mean_nk_full_change_precond;eeg_c_theta_mean_full_change_precond;eeg_tright_halpha_mean_full_change_precond;eeg_fr_sampent_full_change_precond;eeg_pleft_halpha_mean_full_change_precond;eeg_pleft_lbeta_mean_full_change_precond;eeg_c_specent_full_change_precond;eeg_c_sampent_full_change_precond;eeg_fm_theta_mean_full_change_precond;eeg_fm_sampent_full_change_precond;eeg_ab_ratio_full_change_precond;hr_heartrate_bpm_med_abs_full_change_precond"
2025-11-26 18:55:12.632609,28,"stress_label",20,256,0.0078125,0.608974358974359,0.596153846153846,NA,20,"top20","eeg_tleft_sampent_full_change_precond;eeg_tleft_halpha_mean_full_change_precond;eeg_tleft_lalpha_mean_full_change_precond;pupil_dilation_sd_full_change_precond;eeg_pright_sampent_full_change_precond;eeg_fl_hbeta_mean_full_change_precond;hrv_rmssd_full_change_precond;eeg_t_sampent_full_change_precond;gsr_skin_conductance_eda_tonic_mean_nk_full_change_precond;eeg_c_theta_mean_full_change_precond;eeg_tright_halpha_mean_full_change_precond;eeg_fr_sampent_full_change_precond;eeg_pleft_halpha_mean_full_change_precond;eeg_pleft_lbeta_mean_full_change_precond;eeg_c_specent_full_change_precond;eeg_c_sampent_full_change_precond;eeg_fm_theta_mean_full_change_precond;eeg_fm_sampent_full_change_precond;eeg_ab_ratio_full_change_precond;hr_heartrate_bpm_med_abs_full_change_precond"
2025-11-26 18:55:13.51269,28,"stress_label",20,2,0.015625,0.564102564102564,0.641025641025641,0.55042735042735,20,"top20","eeg_tleft_sampent_full_change_precond;eeg_tleft_halpha_mean_full_change_precond;eeg_tleft_lalpha_mean_full_change_precond;pupil_dilation_sd_full_change_precond;eeg_pright_sampent_full_change_precond;eeg_fl_hbeta_mean_full_change_precond;hrv_rmssd_full_change_precond;eeg_t_sampent_full_change_precond;gsr_skin_conductance_eda_tonic_mean_nk_full_change_precond;eeg_c_theta_mean_full_change_precond;eeg_tright_halpha_mean_full_change_precond;eeg_fr_sampent_full_change_precond;eeg_pleft_halpha_mean_full_change_precond;eeg_pleft_lbeta_mean_full_change_precond;eeg_c_specent_full_change_precond;eeg_c_sampent_full_change_precond;eeg_fm_theta_mean_full_change_precond;eeg_fm_sampent_full_change_precond;eeg_ab_ratio_full_change_precond;hr_heartrate_bpm_med_abs_full_change_precond"
2025-11-26 18:55:14.587795,28,"stress_label",20,4,0.015625,0.57051282051282,0.634615384615385,0.566666666666667,20,"top20","eeg_tleft_sampent_full_change_precond;eeg_tleft_halpha_mean_full_change_precond;eeg_tleft_lalpha_mean_full_change_precond;pupil_dilation_sd_full_change_precond;eeg_pright_sampent_full_change_precond;eeg_fl_hbeta_mean_full_change_precond;hrv_rmssd_full_change_precond;eeg_t_sampent_full_change_precond;gsr_skin_conductance_eda_tonic_mean_nk_full_change_precond;eeg_c_theta_mean_full_change_precond;eeg_tright_halpha_mean_full_change_precond;eeg_fr_sampent_full_change_precond;eeg_pleft_halpha_mean_full_change_precond;eeg_pleft_lbeta_mean_full_change_precond;eeg_c_specent_full_change_precond;eeg_c_sampent_full_change_precond;eeg_fm_theta_mean_full_change_precond;eeg_fm_sampent_full_change_precond;eeg_ab_ratio_full_change_precond;hr_heartrate_bpm_med_abs_full_change_precond"
2025-11-26 18:55:15.613723,28,"stress_label",20,8,0.015625,0.57051282051282,0.615384615384615,0.55042735042735,20,"top20","eeg_tleft_sampent_full_change_precond;eeg_tleft_halpha_mean_full_change_precond;eeg_tleft_lalpha_mean_full_change_precond;pupil_dilation_sd_full_change_precond;eeg_pright_sampent_full_change_precond;eeg_fl_hbeta_mean_full_change_precond;hrv_rmssd_full_change_precond;eeg_t_sampent_full_change_precond;gsr_skin_conductance_eda_tonic_mean_nk_full_change_precond;eeg_c_theta_mean_full_change_precond;eeg_tright_halpha_mean_full_change_precond;eeg_fr_sampent_full_change_precond;eeg_pleft_halpha_mean_full_change_precond;eeg_pleft_lbeta_mean_full_change_precond;eeg_c_specent_full_change_precond;eeg_c_sampent_full_change_precond;eeg_fm_theta_mean_full_change_precond;eeg_fm_sampent_full_change_precond;eeg_ab_ratio_full_change_precond;hr_heartrate_bpm_med_abs_full_change_precond"
2025-11-26 18:55:16.67956,28,"stress_label",20,16,0.015625,0.557692307692308,0.583333333333333,0.557264957264957,20,"top20","eeg_tleft_sampent_full_change_precond;eeg_tleft_halpha_mean_full_change_precond;eeg_tleft_lalpha_mean_full_change_precond;pupil_dilation_sd_full_change_precond;eeg_pright_sampent_full_change_precond;eeg_fl_hbeta_mean_full_change_precond;hrv_rmssd_full_change_precond;eeg_t_sampent_full_change_precond;gsr_skin_conductance_eda_tonic_mean_nk_full_change_precond;eeg_c_theta_mean_full_change_precond;eeg_tright_halpha_mean_full_change_precond;eeg_fr_sampent_full_change_precond;eeg_pleft_halpha_mean_full_change_precond;eeg_pleft_lbeta_mean_full_change_precond;eeg_c_specent_full_change_precond;eeg_c_sampent_full_change_precond;eeg_fm_theta_mean_full_change_precond;eeg_fm_sampent_full_change_precond;eeg_ab_ratio_full_change_precond;hr_heartrate_bpm_med_abs_full_change_precond"
2025-11-26 18:55:17.790996,28,"stress_label",20,32,0.015625,0.557692307692308,0.564102564102564,0.532478632478632,20,"top20","eeg_tleft_sampent_full_change_precond;eeg_tleft_halpha_mean_full_change_precond;eeg_tleft_lalpha_mean_full_change_precond;pupil_dilation_sd_full_change_precond;eeg_pright_sampent_full_change_precond;eeg_fl_hbeta_mean_full_change_precond;hrv_rmssd_full_change_precond;eeg_t_sampent_full_change_precond;gsr_skin_conductance_eda_tonic_mean_nk_full_change_precond;eeg_c_theta_mean_full_change_precond;eeg_tright_halpha_mean_full_change_precond;eeg_fr_sampent_full_change_precond;eeg_pleft_halpha_mean_full_change_precond;eeg_pleft_lbeta_mean_full_change_precond;eeg_c_specent_full_change_precond;eeg_c_sampent_full_change_precond;eeg_fm_theta_mean_full_change_precond;eeg_fm_sampent_full_change_precond;eeg_ab_ratio_full_change_precond;hr_heartrate_bpm_med_abs_full_change_precond"
2025-11-26 18:55:19.023699,28,"stress_label",20,64,0.015625,0.583333333333333,0.583333333333333,NA,20,"top20","eeg_tleft_sampent_full_change_precond;eeg_tleft_halpha_mean_full_change_precond;eeg_tleft_lalpha_mean_full_change_precond;pupil_dilation_sd_full_change_precond;eeg_pright_sampent_full_change_precond;eeg_fl_hbeta_mean_full_change_precond;hrv_rmssd_full_change_precond;eeg_t_sampent_full_change_precond;gsr_skin_conductance_eda_tonic_mean_nk_full_change_precond;eeg_c_theta_mean_full_change_precond;eeg_tright_halpha_mean_full_change_precond;eeg_fr_sampent_full_change_precond;eeg_pleft_halpha_mean_full_change_precond;eeg_pleft_lbeta_mean_full_change_precond;eeg_c_specent_full_change_precond;eeg_c_sampent_full_change_precond;eeg_fm_theta_mean_full_change_precond;eeg_fm_sampent_full_change_precond;eeg_ab_ratio_full_change_precond;hr_heartrate_bpm_med_abs_full_change_precond"
2025-11-26 18:55:20.328584,28,"stress_label",20,128,0.015625,0.602564102564103,0.628205128205128,NA,20,"top20","eeg_tleft_sampent_full_change_precond;eeg_tleft_halpha_mean_full_change_precond;eeg_tleft_lalpha_mean_full_change_precond;pupil_dilation_sd_full_change_precond;eeg_pright_sampent_full_change_precond;eeg_fl_hbeta_mean_full_change_precond;hrv_rmssd_full_change_precond;eeg_t_sampent_full_change_precond;gsr_skin_conductance_eda_tonic_mean_nk_full_change_precond;eeg_c_theta_mean_full_change_precond;eeg_tright_halpha_mean_full_change_precond;eeg_fr_sampent_full_change_precond;eeg_pleft_halpha_mean_full_change_precond;eeg_pleft_lbeta_mean_full_change_precond;eeg_c_specent_full_change_precond;eeg_c_sampent_full_change_precond;eeg_fm_theta_mean_full_change_precond;eeg_fm_sampent_full_change_precond;eeg_ab_ratio_full_change_precond;hr_heartrate_bpm_med_abs_full_change_precond"
2025-11-26 18:55:21.706886,28,"stress_label",20,256,0.015625,0.608974358974359,0.608974358974359,NA,20,"top20","eeg_tleft_sampent_full_change_precond;eeg_tleft_halpha_mean_full_change_precond;eeg_tleft_lalpha_mean_full_change_precond;pupil_dilation_sd_full_change_precond;eeg_pright_sampent_full_change_precond;eeg_fl_hbeta_mean_full_change_precond;hrv_rmssd_full_change_precond;eeg_t_sampent_full_change_precond;gsr_skin_conductance_eda_tonic_mean_nk_full_change_precond;eeg_c_theta_mean_full_change_precond;eeg_tright_halpha_mean_full_change_precond;eeg_fr_sampent_full_change_precond;eeg_pleft_halpha_mean_full_change_precond;eeg_pleft_lbeta_mean_full_change_precond;eeg_c_specent_full_change_precond;eeg_c_sampent_full_change_precond;eeg_fm_theta_mean_full_change_precond;eeg_fm_sampent_full_change_precond;eeg_ab_ratio_full_change_precond;hr_heartrate_bpm_med_abs_full_change_precond"
2025-11-26 18:55:22.722712,28,"stress_label",20,2,0.03125,0.564102564102564,0.634615384615385,NA,20,"top20","eeg_tleft_sampent_full_change_precond;eeg_tleft_halpha_mean_full_change_precond;eeg_tleft_lalpha_mean_full_change_precond;pupil_dilation_sd_full_change_precond;eeg_pright_sampent_full_change_precond;eeg_fl_hbeta_mean_full_change_precond;hrv_rmssd_full_change_precond;eeg_t_sampent_full_change_precond;gsr_skin_conductance_eda_tonic_mean_nk_full_change_precond;eeg_c_theta_mean_full_change_precond;eeg_tright_halpha_mean_full_change_precond;eeg_fr_sampent_full_change_precond;eeg_pleft_halpha_mean_full_change_precond;eeg_pleft_lbeta_mean_full_change_precond;eeg_c_specent_full_change_precond;eeg_c_sampent_full_change_precond;eeg_fm_theta_mean_full_change_precond;eeg_fm_sampent_full_change_precond;eeg_ab_ratio_full_change_precond;hr_heartrate_bpm_med_abs_full_change_precond"
2025-11-26 18:55:23.77599,28,"stress_label",20,4,0.03125,0.583333333333333,0.615384615384615,NA,20,"top20","eeg_tleft_sampent_full_change_precond;eeg_tleft_halpha_mean_full_change_precond;eeg_tleft_lalpha_mean_full_change_precond;pupil_dilation_sd_full_change_precond;eeg_pright_sampent_full_change_precond;eeg_fl_hbeta_mean_full_change_precond;hrv_rmssd_full_change_precond;eeg_t_sampent_full_change_precond;gsr_skin_conductance_eda_tonic_mean_nk_full_change_precond;eeg_c_theta_mean_full_change_precond;eeg_tright_halpha_mean_full_change_precond;eeg_fr_sampent_full_change_precond;eeg_pleft_halpha_mean_full_change_precond;eeg_pleft_lbeta_mean_full_change_precond;eeg_c_specent_full_change_precond;eeg_c_sampent_full_change_precond;eeg_fm_theta_mean_full_change_precond;eeg_fm_sampent_full_change_precond;eeg_ab_ratio_full_change_precond;hr_heartrate_bpm_med_abs_full_change_precond"
2025-11-26 18:55:24.802577,28,"stress_label",20,8,0.03125,0.57051282051282,0.564102564102564,NA,20,"top20","eeg_tleft_sampent_full_change_precond;eeg_tleft_halpha_mean_full_change_precond;eeg_tleft_lalpha_mean_full_change_precond;pupil_dilation_sd_full_change_precond;eeg_pright_sampent_full_change_precond;eeg_fl_hbeta_mean_full_change_precond;hrv_rmssd_full_change_precond;eeg_t_sampent_full_change_precond;gsr_skin_conductance_eda_tonic_mean_nk_full_change_precond;eeg_c_theta_mean_full_change_precond;eeg_tright_halpha_mean_full_change_precond;eeg_fr_sampent_full_change_precond;eeg_pleft_halpha_mean_full_change_precond;eeg_pleft_lbeta_mean_full_change_precond;eeg_c_specent_full_change_precond;eeg_c_sampent_full_change_precond;eeg_fm_theta_mean_full_change_precond;eeg_fm_sampent_full_change_precond;eeg_ab_ratio_full_change_precond;hr_heartrate_bpm_med_abs_full_change_precond"
2025-11-26 18:55:25.842292,28,"stress_label",20,16,0.03125,0.596153846153846,0.58974358974359,NA,20,"top20","eeg_tleft_sampent_full_change_precond;eeg_tleft_halpha_mean_full_change_precond;eeg_tleft_lalpha_mean_full_change_precond;pupil_dilation_sd_full_change_precond;eeg_pright_sampent_full_change_precond;eeg_fl_hbeta_mean_full_change_precond;hrv_rmssd_full_change_precond;eeg_t_sampent_full_change_precond;gsr_skin_conductance_eda_tonic_mean_nk_full_change_precond;eeg_c_theta_mean_full_change_precond;eeg_tright_halpha_mean_full_change_precond;eeg_fr_sampent_full_change_precond;eeg_pleft_halpha_mean_full_change_precond;eeg_pleft_lbeta_mean_full_change_precond;eeg_c_specent_full_change_precond;eeg_c_sampent_full_change_precond;eeg_fm_theta_mean_full_change_precond;eeg_fm_sampent_full_change_precond;eeg_ab_ratio_full_change_precond;hr_heartrate_bpm_med_abs_full_change_precond"
2025-11-26 18:55:27.02568,28,"stress_label",20,32,0.03125,0.602564102564103,0.628205128205128,NA,20,"top20","eeg_tleft_sampent_full_change_precond;eeg_tleft_halpha_mean_full_change_precond;eeg_tleft_lalpha_mean_full_change_precond;pupil_dilation_sd_full_change_precond;eeg_pright_sampent_full_change_precond;eeg_fl_hbeta_mean_full_change_precond;hrv_rmssd_full_change_precond;eeg_t_sampent_full_change_precond;gsr_skin_conductance_eda_tonic_mean_nk_full_change_precond;eeg_c_theta_mean_full_change_precond;eeg_tright_halpha_mean_full_change_precond;eeg_fr_sampent_full_change_precond;eeg_pleft_halpha_mean_full_change_precond;eeg_pleft_lbeta_mean_full_change_precond;eeg_c_specent_full_change_precond;eeg_c_sampent_full_change_precond;eeg_fm_theta_mean_full_change_precond;eeg_fm_sampent_full_change_precond;eeg_ab_ratio_full_change_precond;hr_heartrate_bpm_med_abs_full_change_precond"
2025-11-26 18:55:28.215105,28,"stress_label",20,64,0.03125,0.615384615384615,0.596153846153846,NA,20,"top20","eeg_tleft_sampent_full_change_precond;eeg_tleft_halpha_mean_full_change_precond;eeg_tleft_lalpha_mean_full_change_precond;pupil_dilation_sd_full_change_precond;eeg_pright_sampent_full_change_precond;eeg_fl_hbeta_mean_full_change_precond;hrv_rmssd_full_change_precond;eeg_t_sampent_full_change_precond;gsr_skin_conductance_eda_tonic_mean_nk_full_change_precond;eeg_c_theta_mean_full_change_precond;eeg_tright_halpha_mean_full_change_precond;eeg_fr_sampent_full_change_precond;eeg_pleft_halpha_mean_full_change_precond;eeg_pleft_lbeta_mean_full_change_precond;eeg_c_specent_full_change_precond;eeg_c_sampent_full_change_precond;eeg_fm_theta_mean_full_change_precond;eeg_fm_sampent_full_change_precond;eeg_ab_ratio_full_change_precond;hr_heartrate_bpm_med_abs_full_change_precond"
2025-11-26 18:55:29.307522,28,"stress_label",20,128,0.03125,0.615384615384615,0.596153846153846,NA,20,"top20","eeg_tleft_sampent_full_change_precond;eeg_tleft_halpha_mean_full_change_precond;eeg_tleft_lalpha_mean_full_change_precond;pupil_dilation_sd_full_change_precond;eeg_pright_sampent_full_change_precond;eeg_fl_hbeta_mean_full_change_precond;hrv_rmssd_full_change_precond;eeg_t_sampent_full_change_precond;gsr_skin_conductance_eda_tonic_mean_nk_full_change_precond;eeg_c_theta_mean_full_change_precond;eeg_tright_halpha_mean_full_change_precond;eeg_fr_sampent_full_change_precond;eeg_pleft_halpha_mean_full_change_precond;eeg_pleft_lbeta_mean_full_change_precond;eeg_c_specent_full_change_precond;eeg_c_sampent_full_change_precond;eeg_fm_theta_mean_full_change_precond;eeg_fm_sampent_full_change_precond;eeg_ab_ratio_full_change_precond;hr_heartrate_bpm_med_abs_full_change_precond"
2025-11-26 18:55:30.485571,28,"stress_label",20,256,0.03125,0.615384615384615,0.596153846153846,NA,20,"top20","eeg_tleft_sampent_full_change_precond;eeg_tleft_halpha_mean_full_change_precond;eeg_tleft_lalpha_mean_full_change_precond;pupil_dilation_sd_full_change_precond;eeg_pright_sampent_full_change_precond;eeg_fl_hbeta_mean_full_change_precond;hrv_rmssd_full_change_precond;eeg_t_sampent_full_change_precond;gsr_skin_conductance_eda_tonic_mean_nk_full_change_precond;eeg_c_theta_mean_full_change_precond;eeg_tright_halpha_mean_full_change_precond;eeg_fr_sampent_full_change_precond;eeg_pleft_halpha_mean_full_change_precond;eeg_pleft_lbeta_mean_full_change_precond;eeg_c_specent_full_change_precond;eeg_c_sampent_full_change_precond;eeg_fm_theta_mean_full_change_precond;eeg_fm_sampent_full_change_precond;eeg_ab_ratio_full_change_precond;hr_heartrate_bpm_med_abs_full_change_precond"
2025-11-26 18:55:31.556053,28,"stress_label",20,2,0.0625,0.58974358974359,0.596153846153846,NA,20,"top20","eeg_tleft_sampent_full_change_precond;eeg_tleft_halpha_mean_full_change_precond;eeg_tleft_lalpha_mean_full_change_precond;pupil_dilation_sd_full_change_precond;eeg_pright_sampent_full_change_precond;eeg_fl_hbeta_mean_full_change_precond;hrv_rmssd_full_change_precond;eeg_t_sampent_full_change_precond;gsr_skin_conductance_eda_tonic_mean_nk_full_change_precond;eeg_c_theta_mean_full_change_precond;eeg_tright_halpha_mean_full_change_precond;eeg_fr_sampent_full_change_precond;eeg_pleft_halpha_mean_full_change_precond;eeg_pleft_lbeta_mean_full_change_precond;eeg_c_specent_full_change_precond;eeg_c_sampent_full_change_precond;eeg_fm_theta_mean_full_change_precond;eeg_fm_sampent_full_change_precond;eeg_ab_ratio_full_change_precond;hr_heartrate_bpm_med_abs_full_change_precond"
2025-11-26 18:55:32.665518,28,"stress_label",20,4,0.0625,0.602564102564103,0.596153846153846,NA,20,"top20","eeg_tleft_sampent_full_change_precond;eeg_tleft_halpha_mean_full_change_precond;eeg_tleft_lalpha_mean_full_change_precond;pupil_dilation_sd_full_change_precond;eeg_pright_sampent_full_change_precond;eeg_fl_hbeta_mean_full_change_precond;hrv_rmssd_full_change_precond;eeg_t_sampent_full_change_precond;gsr_skin_conductance_eda_tonic_mean_nk_full_change_precond;eeg_c_theta_mean_full_change_precond;eeg_tright_halpha_mean_full_change_precond;eeg_fr_sampent_full_change_precond;eeg_pleft_halpha_mean_full_change_precond;eeg_pleft_lbeta_mean_full_change_precond;eeg_c_specent_full_change_precond;eeg_c_sampent_full_change_precond;eeg_fm_theta_mean_full_change_precond;eeg_fm_sampent_full_change_precond;eeg_ab_ratio_full_change_precond;hr_heartrate_bpm_med_abs_full_change_precond"
2025-11-26 18:55:33.764894,28,"stress_label",20,8,0.0625,0.596153846153846,0.608974358974359,NA,20,"top20","eeg_tleft_sampent_full_change_precond;eeg_tleft_halpha_mean_full_change_precond;eeg_tleft_lalpha_mean_full_change_precond;pupil_dilation_sd_full_change_precond;eeg_pright_sampent_full_change_precond;eeg_fl_hbeta_mean_full_change_precond;hrv_rmssd_full_change_precond;eeg_t_sampent_full_change_precond;gsr_skin_conductance_eda_tonic_mean_nk_full_change_precond;eeg_c_theta_mean_full_change_precond;eeg_tright_halpha_mean_full_change_precond;eeg_fr_sampent_full_change_precond;eeg_pleft_halpha_mean_full_change_precond;eeg_pleft_lbeta_mean_full_change_precond;eeg_c_specent_full_change_precond;eeg_c_sampent_full_change_precond;eeg_fm_theta_mean_full_change_precond;eeg_fm_sampent_full_change_precond;eeg_ab_ratio_full_change_precond;hr_heartrate_bpm_med_abs_full_change_precond"
2025-11-26 18:55:34.884289,28,"stress_label",20,16,0.0625,0.576923076923077,0.608974358974359,NA,20,"top20","eeg_tleft_sampent_full_change_precond;eeg_tleft_halpha_mean_full_change_precond;eeg_tleft_lalpha_mean_full_change_precond;pupil_dilation_sd_full_change_precond;eeg_pright_sampent_full_change_precond;eeg_fl_hbeta_mean_full_change_precond;hrv_rmssd_full_change_precond;eeg_t_sampent_full_change_precond;gsr_skin_conductance_eda_tonic_mean_nk_full_change_precond;eeg_c_theta_mean_full_change_precond;eeg_tright_halpha_mean_full_change_precond;eeg_fr_sampent_full_change_precond;eeg_pleft_halpha_mean_full_change_precond;eeg_pleft_lbeta_mean_full_change_precond;eeg_c_specent_full_change_precond;eeg_c_sampent_full_change_precond;eeg_fm_theta_mean_full_change_precond;eeg_fm_sampent_full_change_precond;eeg_ab_ratio_full_change_precond;hr_heartrate_bpm_med_abs_full_change_precond"
2025-11-26 18:55:36.060046,28,"stress_label",20,32,0.0625,0.576923076923077,0.608974358974359,NA,20,"top20","eeg_tleft_sampent_full_change_precond;eeg_tleft_halpha_mean_full_change_precond;eeg_tleft_lalpha_mean_full_change_precond;pupil_dilation_sd_full_change_precond;eeg_pright_sampent_full_change_precond;eeg_fl_hbeta_mean_full_change_precond;hrv_rmssd_full_change_precond;eeg_t_sampent_full_change_precond;gsr_skin_conductance_eda_tonic_mean_nk_full_change_precond;eeg_c_theta_mean_full_change_precond;eeg_tright_halpha_mean_full_change_precond;eeg_fr_sampent_full_change_precond;eeg_pleft_halpha_mean_full_change_precond;eeg_pleft_lbeta_mean_full_change_precond;eeg_c_specent_full_change_precond;eeg_c_sampent_full_change_precond;eeg_fm_theta_mean_full_change_precond;eeg_fm_sampent_full_change_precond;eeg_ab_ratio_full_change_precond;hr_heartrate_bpm_med_abs_full_change_precond"
2025-11-26 18:55:37.21779,28,"stress_label",20,64,0.0625,0.576923076923077,0.608974358974359,NA,20,"top20","eeg_tleft_sampent_full_change_precond;eeg_tleft_halpha_mean_full_change_precond;eeg_tleft_lalpha_mean_full_change_precond;pupil_dilation_sd_full_change_precond;eeg_pright_sampent_full_change_precond;eeg_fl_hbeta_mean_full_change_precond;hrv_rmssd_full_change_precond;eeg_t_sampent_full_change_precond;gsr_skin_conductance_eda_tonic_mean_nk_full_change_precond;eeg_c_theta_mean_full_change_precond;eeg_tright_halpha_mean_full_change_precond;eeg_fr_sampent_full_change_precond;eeg_pleft_halpha_mean_full_change_precond;eeg_pleft_lbeta_mean_full_change_precond;eeg_c_specent_full_change_precond;eeg_c_sampent_full_change_precond;eeg_fm_theta_mean_full_change_precond;eeg_fm_sampent_full_change_precond;eeg_ab_ratio_full_change_precond;hr_heartrate_bpm_med_abs_full_change_precond"
2025-11-26 18:55:38.619754,28,"stress_label",20,128,0.0625,0.576923076923077,0.608974358974359,NA,20,"top20","eeg_tleft_sampent_full_change_precond;eeg_tleft_halpha_mean_full_change_precond;eeg_tleft_lalpha_mean_full_change_precond;pupil_dilation_sd_full_change_precond;eeg_pright_sampent_full_change_precond;eeg_fl_hbeta_mean_full_change_precond;hrv_rmssd_full_change_precond;eeg_t_sampent_full_change_precond;gsr_skin_conductance_eda_tonic_mean_nk_full_change_precond;eeg_c_theta_mean_full_change_precond;eeg_tright_halpha_mean_full_change_precond;eeg_fr_sampent_full_change_precond;eeg_pleft_halpha_mean_full_change_precond;eeg_pleft_lbeta_mean_full_change_precond;eeg_c_specent_full_change_precond;eeg_c_sampent_full_change_precond;eeg_fm_theta_mean_full_change_precond;eeg_fm_sampent_full_change_precond;eeg_ab_ratio_full_change_precond;hr_heartrate_bpm_med_abs_full_change_precond"
2025-11-26 18:55:39.786287,28,"stress_label",20,256,0.0625,0.576923076923077,0.608974358974359,NA,20,"top20","eeg_tleft_sampent_full_change_precond;eeg_tleft_halpha_mean_full_change_precond;eeg_tleft_lalpha_mean_full_change_precond;pupil_dilation_sd_full_change_precond;eeg_pright_sampent_full_change_precond;eeg_fl_hbeta_mean_full_change_precond;hrv_rmssd_full_change_precond;eeg_t_sampent_full_change_precond;gsr_skin_conductance_eda_tonic_mean_nk_full_change_precond;eeg_c_theta_mean_full_change_precond;eeg_tright_halpha_mean_full_change_precond;eeg_fr_sampent_full_change_precond;eeg_pleft_halpha_mean_full_change_precond;eeg_pleft_lbeta_mean_full_change_precond;eeg_c_specent_full_change_precond;eeg_c_sampent_full_change_precond;eeg_fm_theta_mean_full_change_precond;eeg_fm_sampent_full_change_precond;eeg_ab_ratio_full_change_precond;hr_heartrate_bpm_med_abs_full_change_precond"
2025-11-26 18:55:40.91699,28,"stress_label",20,2,0.125,0.583333333333333,0.621794871794872,NA,20,"top20","eeg_tleft_sampent_full_change_precond;eeg_tleft_halpha_mean_full_change_precond;eeg_tleft_lalpha_mean_full_change_precond;pupil_dilation_sd_full_change_precond;eeg_pright_sampent_full_change_precond;eeg_fl_hbeta_mean_full_change_precond;hrv_rmssd_full_change_precond;eeg_t_sampent_full_change_precond;gsr_skin_conductance_eda_tonic_mean_nk_full_change_precond;eeg_c_theta_mean_full_change_precond;eeg_tright_halpha_mean_full_change_precond;eeg_fr_sampent_full_change_precond;eeg_pleft_halpha_mean_full_change_precond;eeg_pleft_lbeta_mean_full_change_precond;eeg_c_specent_full_change_precond;eeg_c_sampent_full_change_precond;eeg_fm_theta_mean_full_change_precond;eeg_fm_sampent_full_change_precond;eeg_ab_ratio_full_change_precond;hr_heartrate_bpm_med_abs_full_change_precond"
2025-11-26 18:55:42.058362,28,"stress_label",20,4,0.125,0.583333333333333,0.641025641025641,NA,20,"top20","eeg_tleft_sampent_full_change_precond;eeg_tleft_halpha_mean_full_change_precond;eeg_tleft_lalpha_mean_full_change_precond;pupil_dilation_sd_full_change_precond;eeg_pright_sampent_full_change_precond;eeg_fl_hbeta_mean_full_change_precond;hrv_rmssd_full_change_precond;eeg_t_sampent_full_change_precond;gsr_skin_conductance_eda_tonic_mean_nk_full_change_precond;eeg_c_theta_mean_full_change_precond;eeg_tright_halpha_mean_full_change_precond;eeg_fr_sampent_full_change_precond;eeg_pleft_halpha_mean_full_change_precond;eeg_pleft_lbeta_mean_full_change_precond;eeg_c_specent_full_change_precond;eeg_c_sampent_full_change_precond;eeg_fm_theta_mean_full_change_precond;eeg_fm_sampent_full_change_precond;eeg_ab_ratio_full_change_precond;hr_heartrate_bpm_med_abs_full_change_precond"
2025-11-26 18:55:43.195194,28,"stress_label",20,8,0.125,0.583333333333333,0.634615384615385,NA,20,"top20","eeg_tleft_sampent_full_change_precond;eeg_tleft_halpha_mean_full_change_precond;eeg_tleft_lalpha_mean_full_change_precond;pupil_dilation_sd_full_change_precond;eeg_pright_sampent_full_change_precond;eeg_fl_hbeta_mean_full_change_precond;hrv_rmssd_full_change_precond;eeg_t_sampent_full_change_precond;gsr_skin_conductance_eda_tonic_mean_nk_full_change_precond;eeg_c_theta_mean_full_change_precond;eeg_tright_halpha_mean_full_change_precond;eeg_fr_sampent_full_change_precond;eeg_pleft_halpha_mean_full_change_precond;eeg_pleft_lbeta_mean_full_change_precond;eeg_c_specent_full_change_precond;eeg_c_sampent_full_change_precond;eeg_fm_theta_mean_full_change_precond;eeg_fm_sampent_full_change_precond;eeg_ab_ratio_full_change_precond;hr_heartrate_bpm_med_abs_full_change_precond"
2025-11-26 18:55:44.354597,28,"stress_label",20,16,0.125,0.583333333333333,0.634615384615385,NA,20,"top20","eeg_tleft_sampent_full_change_precond;eeg_tleft_halpha_mean_full_change_precond;eeg_tleft_lalpha_mean_full_change_precond;pupil_dilation_sd_full_change_precond;eeg_pright_sampent_full_change_precond;eeg_fl_hbeta_mean_full_change_precond;hrv_rmssd_full_change_precond;eeg_t_sampent_full_change_precond;gsr_skin_conductance_eda_tonic_mean_nk_full_change_precond;eeg_c_theta_mean_full_change_precond;eeg_tright_halpha_mean_full_change_precond;eeg_fr_sampent_full_change_precond;eeg_pleft_halpha_mean_full_change_precond;eeg_pleft_lbeta_mean_full_change_precond;eeg_c_specent_full_change_precond;eeg_c_sampent_full_change_precond;eeg_fm_theta_mean_full_change_precond;eeg_fm_sampent_full_change_precond;eeg_ab_ratio_full_change_precond;hr_heartrate_bpm_med_abs_full_change_precond"
2025-11-26 18:55:45.47801,28,"stress_label",20,32,0.125,0.583333333333333,0.634615384615385,NA,20,"top20","eeg_tleft_sampent_full_change_precond;eeg_tleft_halpha_mean_full_change_precond;eeg_tleft_lalpha_mean_full_change_precond;pupil_dilation_sd_full_change_precond;eeg_pright_sampent_full_change_precond;eeg_fl_hbeta_mean_full_change_precond;hrv_rmssd_full_change_precond;eeg_t_sampent_full_change_precond;gsr_skin_conductance_eda_tonic_mean_nk_full_change_precond;eeg_c_theta_mean_full_change_precond;eeg_tright_halpha_mean_full_change_precond;eeg_fr_sampent_full_change_precond;eeg_pleft_halpha_mean_full_change_precond;eeg_pleft_lbeta_mean_full_change_precond;eeg_c_specent_full_change_precond;eeg_c_sampent_full_change_precond;eeg_fm_theta_mean_full_change_precond;eeg_fm_sampent_full_change_precond;eeg_ab_ratio_full_change_precond;hr_heartrate_bpm_med_abs_full_change_precond"
2025-11-26 18:55:46.626968,28,"stress_label",20,64,0.125,0.583333333333333,0.634615384615385,NA,20,"top20","eeg_tleft_sampent_full_change_precond;eeg_tleft_halpha_mean_full_change_precond;eeg_tleft_lalpha_mean_full_change_precond;pupil_dilation_sd_full_change_precond;eeg_pright_sampent_full_change_precond;eeg_fl_hbeta_mean_full_change_precond;hrv_rmssd_full_change_precond;eeg_t_sampent_full_change_precond;gsr_skin_conductance_eda_tonic_mean_nk_full_change_precond;eeg_c_theta_mean_full_change_precond;eeg_tright_halpha_mean_full_change_precond;eeg_fr_sampent_full_change_precond;eeg_pleft_halpha_mean_full_change_precond;eeg_pleft_lbeta_mean_full_change_precond;eeg_c_specent_full_change_precond;eeg_c_sampent_full_change_precond;eeg_fm_theta_mean_full_change_precond;eeg_fm_sampent_full_change_precond;eeg_ab_ratio_full_change_precond;hr_heartrate_bpm_med_abs_full_change_precond"
2025-11-26 18:55:47.787751,28,"stress_label",20,128,0.125,0.583333333333333,0.634615384615385,NA,20,"top20","eeg_tleft_sampent_full_change_precond;eeg_tleft_halpha_mean_full_change_precond;eeg_tleft_lalpha_mean_full_change_precond;pupil_dilation_sd_full_change_precond;eeg_pright_sampent_full_change_precond;eeg_fl_hbeta_mean_full_change_precond;hrv_rmssd_full_change_precond;eeg_t_sampent_full_change_precond;gsr_skin_conductance_eda_tonic_mean_nk_full_change_precond;eeg_c_theta_mean_full_change_precond;eeg_tright_halpha_mean_full_change_precond;eeg_fr_sampent_full_change_precond;eeg_pleft_halpha_mean_full_change_precond;eeg_pleft_lbeta_mean_full_change_precond;eeg_c_specent_full_change_precond;eeg_c_sampent_full_change_precond;eeg_fm_theta_mean_full_change_precond;eeg_fm_sampent_full_change_precond;eeg_ab_ratio_full_change_precond;hr_heartrate_bpm_med_abs_full_change_precond"
2025-11-26 18:55:48.947499,28,"stress_label",20,256,0.125,0.583333333333333,0.634615384615385,NA,20,"top20","eeg_tleft_sampent_full_change_precond;eeg_tleft_halpha_mean_full_change_precond;eeg_tleft_lalpha_mean_full_change_precond;pupil_dilation_sd_full_change_precond;eeg_pright_sampent_full_change_precond;eeg_fl_hbeta_mean_full_change_precond;hrv_rmssd_full_change_precond;eeg_t_sampent_full_change_precond;gsr_skin_conductance_eda_tonic_mean_nk_full_change_precond;eeg_c_theta_mean_full_change_precond;eeg_tright_halpha_mean_full_change_precond;eeg_fr_sampent_full_change_precond;eeg_pleft_halpha_mean_full_change_precond;eeg_pleft_lbeta_mean_full_change_precond;eeg_c_specent_full_change_precond;eeg_c_sampent_full_change_precond;eeg_fm_theta_mean_full_change_precond;eeg_fm_sampent_full_change_precond;eeg_ab_ratio_full_change_precond;hr_heartrate_bpm_med_abs_full_change_precond"
2025-11-26 18:55:49.949675,28,"stress_label",20,2,0.03,0.564102564102564,0.641025641025641,NA,20,"top20","eeg_tleft_sampent_full_change_precond;eeg_tleft_halpha_mean_full_change_precond;eeg_tleft_lalpha_mean_full_change_precond;pupil_dilation_sd_full_change_precond;eeg_pright_sampent_full_change_precond;eeg_fl_hbeta_mean_full_change_precond;hrv_rmssd_full_change_precond;eeg_t_sampent_full_change_precond;gsr_skin_conductance_eda_tonic_mean_nk_full_change_precond;eeg_c_theta_mean_full_change_precond;eeg_tright_halpha_mean_full_change_precond;eeg_fr_sampent_full_change_precond;eeg_pleft_halpha_mean_full_change_precond;eeg_pleft_lbeta_mean_full_change_precond;eeg_c_specent_full_change_precond;eeg_c_sampent_full_change_precond;eeg_fm_theta_mean_full_change_precond;eeg_fm_sampent_full_change_precond;eeg_ab_ratio_full_change_precond;hr_heartrate_bpm_med_abs_full_change_precond"
2025-11-26 18:55:50.793243,28,"stress_label",20,4,0.03,0.583333333333333,0.615384615384615,NA,20,"top20","eeg_tleft_sampent_full_change_precond;eeg_tleft_halpha_mean_full_change_precond;eeg_tleft_lalpha_mean_full_change_precond;pupil_dilation_sd_full_change_precond;eeg_pright_sampent_full_change_precond;eeg_fl_hbeta_mean_full_change_precond;hrv_rmssd_full_change_precond;eeg_t_sampent_full_change_precond;gsr_skin_conductance_eda_tonic_mean_nk_full_change_precond;eeg_c_theta_mean_full_change_precond;eeg_tright_halpha_mean_full_change_precond;eeg_fr_sampent_full_change_precond;eeg_pleft_halpha_mean_full_change_precond;eeg_pleft_lbeta_mean_full_change_precond;eeg_c_specent_full_change_precond;eeg_c_sampent_full_change_precond;eeg_fm_theta_mean_full_change_precond;eeg_fm_sampent_full_change_precond;eeg_ab_ratio_full_change_precond;hr_heartrate_bpm_med_abs_full_change_precond"
2025-11-26 18:55:51.771672,28,"stress_label",20,8,0.03,0.57051282051282,0.57051282051282,NA,20,"top20","eeg_tleft_sampent_full_change_precond;eeg_tleft_halpha_mean_full_change_precond;eeg_tleft_lalpha_mean_full_change_precond;pupil_dilation_sd_full_change_precond;eeg_pright_sampent_full_change_precond;eeg_fl_hbeta_mean_full_change_precond;hrv_rmssd_full_change_precond;eeg_t_sampent_full_change_precond;gsr_skin_conductance_eda_tonic_mean_nk_full_change_precond;eeg_c_theta_mean_full_change_precond;eeg_tright_halpha_mean_full_change_precond;eeg_fr_sampent_full_change_precond;eeg_pleft_halpha_mean_full_change_precond;eeg_pleft_lbeta_mean_full_change_precond;eeg_c_specent_full_change_precond;eeg_c_sampent_full_change_precond;eeg_fm_theta_mean_full_change_precond;eeg_fm_sampent_full_change_precond;eeg_ab_ratio_full_change_precond;hr_heartrate_bpm_med_abs_full_change_precond"
2025-11-26 18:55:52.711369,28,"stress_label",20,16,0.03,0.58974358974359,0.583333333333333,NA,20,"top20","eeg_tleft_sampent_full_change_precond;eeg_tleft_halpha_mean_full_change_precond;eeg_tleft_lalpha_mean_full_change_precond;pupil_dilation_sd_full_change_precond;eeg_pright_sampent_full_change_precond;eeg_fl_hbeta_mean_full_change_precond;hrv_rmssd_full_change_precond;eeg_t_sampent_full_change_precond;gsr_skin_conductance_eda_tonic_mean_nk_full_change_precond;eeg_c_theta_mean_full_change_precond;eeg_tright_halpha_mean_full_change_precond;eeg_fr_sampent_full_change_precond;eeg_pleft_halpha_mean_full_change_precond;eeg_pleft_lbeta_mean_full_change_precond;eeg_c_specent_full_change_precond;eeg_c_sampent_full_change_precond;eeg_fm_theta_mean_full_change_precond;eeg_fm_sampent_full_change_precond;eeg_ab_ratio_full_change_precond;hr_heartrate_bpm_med_abs_full_change_precond"
2025-11-26 18:55:53.803677,28,"stress_label",20,32,0.03,0.602564102564103,0.621794871794872,NA,20,"top20","eeg_tleft_sampent_full_change_precond;eeg_tleft_halpha_mean_full_change_precond;eeg_tleft_lalpha_mean_full_change_precond;pupil_dilation_sd_full_change_precond;eeg_pright_sampent_full_change_precond;eeg_fl_hbeta_mean_full_change_precond;hrv_rmssd_full_change_precond;eeg_t_sampent_full_change_precond;gsr_skin_conductance_eda_tonic_mean_nk_full_change_precond;eeg_c_theta_mean_full_change_precond;eeg_tright_halpha_mean_full_change_precond;eeg_fr_sampent_full_change_precond;eeg_pleft_halpha_mean_full_change_precond;eeg_pleft_lbeta_mean_full_change_precond;eeg_c_specent_full_change_precond;eeg_c_sampent_full_change_precond;eeg_fm_theta_mean_full_change_precond;eeg_fm_sampent_full_change_precond;eeg_ab_ratio_full_change_precond;hr_heartrate_bpm_med_abs_full_change_precond"
2025-11-26 18:55:54.871186,28,"stress_label",20,64,0.03,0.615384615384615,0.596153846153846,NA,20,"top20","eeg_tleft_sampent_full_change_precond;eeg_tleft_halpha_mean_full_change_precond;eeg_tleft_lalpha_mean_full_change_precond;pupil_dilation_sd_full_change_precond;eeg_pright_sampent_full_change_precond;eeg_fl_hbeta_mean_full_change_precond;hrv_rmssd_full_change_precond;eeg_t_sampent_full_change_precond;gsr_skin_conductance_eda_tonic_mean_nk_full_change_precond;eeg_c_theta_mean_full_change_precond;eeg_tright_halpha_mean_full_change_precond;eeg_fr_sampent_full_change_precond;eeg_pleft_halpha_mean_full_change_precond;eeg_pleft_lbeta_mean_full_change_precond;eeg_c_specent_full_change_precond;eeg_c_sampent_full_change_precond;eeg_fm_theta_mean_full_change_precond;eeg_fm_sampent_full_change_precond;eeg_ab_ratio_full_change_precond;hr_heartrate_bpm_med_abs_full_change_precond"
2025-11-26 18:55:56.056789,28,"stress_label",20,128,0.03,0.615384615384615,0.596153846153846,NA,20,"top20","eeg_tleft_sampent_full_change_precond;eeg_tleft_halpha_mean_full_change_precond;eeg_tleft_lalpha_mean_full_change_precond;pupil_dilation_sd_full_change_precond;eeg_pright_sampent_full_change_precond;eeg_fl_hbeta_mean_full_change_precond;hrv_rmssd_full_change_precond;eeg_t_sampent_full_change_precond;gsr_skin_conductance_eda_tonic_mean_nk_full_change_precond;eeg_c_theta_mean_full_change_precond;eeg_tright_halpha_mean_full_change_precond;eeg_fr_sampent_full_change_precond;eeg_pleft_halpha_mean_full_change_precond;eeg_pleft_lbeta_mean_full_change_precond;eeg_c_specent_full_change_precond;eeg_c_sampent_full_change_precond;eeg_fm_theta_mean_full_change_precond;eeg_fm_sampent_full_change_precond;eeg_ab_ratio_full_change_precond;hr_heartrate_bpm_med_abs_full_change_precond"
2025-11-26 18:55:57.088177,28,"stress_label",20,256,0.03,0.615384615384615,0.596153846153846,NA,20,"top20","eeg_tleft_sampent_full_change_precond;eeg_tleft_halpha_mean_full_change_precond;eeg_tleft_lalpha_mean_full_change_precond;pupil_dilation_sd_full_change_precond;eeg_pright_sampent_full_change_precond;eeg_fl_hbeta_mean_full_change_precond;hrv_rmssd_full_change_precond;eeg_t_sampent_full_change_precond;gsr_skin_conductance_eda_tonic_mean_nk_full_change_precond;eeg_c_theta_mean_full_change_precond;eeg_tright_halpha_mean_full_change_precond;eeg_fr_sampent_full_change_precond;eeg_pleft_halpha_mean_full_change_precond;eeg_pleft_lbeta_mean_full_change_precond;eeg_c_specent_full_change_precond;eeg_c_sampent_full_change_precond;eeg_fm_theta_mean_full_change_precond;eeg_fm_sampent_full_change_precond;eeg_ab_ratio_full_change_precond;hr_heartrate_bpm_med_abs_full_change_precond"
2025-11-26 18:55:58.033981,28,"stress_label",20,2,0.06,0.596153846153846,0.58974358974359,NA,20,"top20","eeg_tleft_sampent_full_change_precond;eeg_tleft_halpha_mean_full_change_precond;eeg_tleft_lalpha_mean_full_change_precond;pupil_dilation_sd_full_change_precond;eeg_pright_sampent_full_change_precond;eeg_fl_hbeta_mean_full_change_precond;hrv_rmssd_full_change_precond;eeg_t_sampent_full_change_precond;gsr_skin_conductance_eda_tonic_mean_nk_full_change_precond;eeg_c_theta_mean_full_change_precond;eeg_tright_halpha_mean_full_change_precond;eeg_fr_sampent_full_change_precond;eeg_pleft_halpha_mean_full_change_precond;eeg_pleft_lbeta_mean_full_change_precond;eeg_c_specent_full_change_precond;eeg_c_sampent_full_change_precond;eeg_fm_theta_mean_full_change_precond;eeg_fm_sampent_full_change_precond;eeg_ab_ratio_full_change_precond;hr_heartrate_bpm_med_abs_full_change_precond"
2025-11-26 18:55:59.100523,28,"stress_label",20,4,0.06,0.583333333333333,0.583333333333333,NA,20,"top20","eeg_tleft_sampent_full_change_precond;eeg_tleft_halpha_mean_full_change_precond;eeg_tleft_lalpha_mean_full_change_precond;pupil_dilation_sd_full_change_precond;eeg_pright_sampent_full_change_precond;eeg_fl_hbeta_mean_full_change_precond;hrv_rmssd_full_change_precond;eeg_t_sampent_full_change_precond;gsr_skin_conductance_eda_tonic_mean_nk_full_change_precond;eeg_c_theta_mean_full_change_precond;eeg_tright_halpha_mean_full_change_precond;eeg_fr_sampent_full_change_precond;eeg_pleft_halpha_mean_full_change_precond;eeg_pleft_lbeta_mean_full_change_precond;eeg_c_specent_full_change_precond;eeg_c_sampent_full_change_precond;eeg_fm_theta_mean_full_change_precond;eeg_fm_sampent_full_change_precond;eeg_ab_ratio_full_change_precond;hr_heartrate_bpm_med_abs_full_change_precond"
2025-11-26 18:56:00.179125,28,"stress_label",20,8,0.06,0.602564102564103,0.615384615384615,NA,20,"top20","eeg_tleft_sampent_full_change_precond;eeg_tleft_halpha_mean_full_change_precond;eeg_tleft_lalpha_mean_full_change_precond;pupil_dilation_sd_full_change_precond;eeg_pright_sampent_full_change_precond;eeg_fl_hbeta_mean_full_change_precond;hrv_rmssd_full_change_precond;eeg_t_sampent_full_change_precond;gsr_skin_conductance_eda_tonic_mean_nk_full_change_precond;eeg_c_theta_mean_full_change_precond;eeg_tright_halpha_mean_full_change_precond;eeg_fr_sampent_full_change_precond;eeg_pleft_halpha_mean_full_change_precond;eeg_pleft_lbeta_mean_full_change_precond;eeg_c_specent_full_change_precond;eeg_c_sampent_full_change_precond;eeg_fm_theta_mean_full_change_precond;eeg_fm_sampent_full_change_precond;eeg_ab_ratio_full_change_precond;hr_heartrate_bpm_med_abs_full_change_precond"
2025-11-26 18:56:01.330016,28,"stress_label",20,16,0.06,0.583333333333333,0.608974358974359,NA,20,"top20","eeg_tleft_sampent_full_change_precond;eeg_tleft_halpha_mean_full_change_precond;eeg_tleft_lalpha_mean_full_change_precond;pupil_dilation_sd_full_change_precond;eeg_pright_sampent_full_change_precond;eeg_fl_hbeta_mean_full_change_precond;hrv_rmssd_full_change_precond;eeg_t_sampent_full_change_precond;gsr_skin_conductance_eda_tonic_mean_nk_full_change_precond;eeg_c_theta_mean_full_change_precond;eeg_tright_halpha_mean_full_change_precond;eeg_fr_sampent_full_change_precond;eeg_pleft_halpha_mean_full_change_precond;eeg_pleft_lbeta_mean_full_change_precond;eeg_c_specent_full_change_precond;eeg_c_sampent_full_change_precond;eeg_fm_theta_mean_full_change_precond;eeg_fm_sampent_full_change_precond;eeg_ab_ratio_full_change_precond;hr_heartrate_bpm_med_abs_full_change_precond"
2025-11-26 18:56:02.4719,28,"stress_label",20,32,0.06,0.576923076923077,0.615384615384615,NA,20,"top20","eeg_tleft_sampent_full_change_precond;eeg_tleft_halpha_mean_full_change_precond;eeg_tleft_lalpha_mean_full_change_precond;pupil_dilation_sd_full_change_precond;eeg_pright_sampent_full_change_precond;eeg_fl_hbeta_mean_full_change_precond;hrv_rmssd_full_change_precond;eeg_t_sampent_full_change_precond;gsr_skin_conductance_eda_tonic_mean_nk_full_change_precond;eeg_c_theta_mean_full_change_precond;eeg_tright_halpha_mean_full_change_precond;eeg_fr_sampent_full_change_precond;eeg_pleft_halpha_mean_full_change_precond;eeg_pleft_lbeta_mean_full_change_precond;eeg_c_specent_full_change_precond;eeg_c_sampent_full_change_precond;eeg_fm_theta_mean_full_change_precond;eeg_fm_sampent_full_change_precond;eeg_ab_ratio_full_change_precond;hr_heartrate_bpm_med_abs_full_change_precond"
2025-11-26 18:56:03.430198,28,"stress_label",20,64,0.06,0.576923076923077,0.615384615384615,NA,20,"top20","eeg_tleft_sampent_full_change_precond;eeg_tleft_halpha_mean_full_change_precond;eeg_tleft_lalpha_mean_full_change_precond;pupil_dilation_sd_full_change_precond;eeg_pright_sampent_full_change_precond;eeg_fl_hbeta_mean_full_change_precond;hrv_rmssd_full_change_precond;eeg_t_sampent_full_change_precond;gsr_skin_conductance_eda_tonic_mean_nk_full_change_precond;eeg_c_theta_mean_full_change_precond;eeg_tright_halpha_mean_full_change_precond;eeg_fr_sampent_full_change_precond;eeg_pleft_halpha_mean_full_change_precond;eeg_pleft_lbeta_mean_full_change_precond;eeg_c_specent_full_change_precond;eeg_c_sampent_full_change_precond;eeg_fm_theta_mean_full_change_precond;eeg_fm_sampent_full_change_precond;eeg_ab_ratio_full_change_precond;hr_heartrate_bpm_med_abs_full_change_precond"
2025-11-26 18:56:04.445891,28,"stress_label",20,128,0.06,0.576923076923077,0.615384615384615,NA,20,"top20","eeg_tleft_sampent_full_change_precond;eeg_tleft_halpha_mean_full_change_precond;eeg_tleft_lalpha_mean_full_change_precond;pupil_dilation_sd_full_change_precond;eeg_pright_sampent_full_change_precond;eeg_fl_hbeta_mean_full_change_precond;hrv_rmssd_full_change_precond;eeg_t_sampent_full_change_precond;gsr_skin_conductance_eda_tonic_mean_nk_full_change_precond;eeg_c_theta_mean_full_change_precond;eeg_tright_halpha_mean_full_change_precond;eeg_fr_sampent_full_change_precond;eeg_pleft_halpha_mean_full_change_precond;eeg_pleft_lbeta_mean_full_change_precond;eeg_c_specent_full_change_precond;eeg_c_sampent_full_change_precond;eeg_fm_theta_mean_full_change_precond;eeg_fm_sampent_full_change_precond;eeg_ab_ratio_full_change_precond;hr_heartrate_bpm_med_abs_full_change_precond"
2025-11-26 18:56:05.603757,28,"stress_label",20,256,0.06,0.576923076923077,0.615384615384615,NA,20,"top20","eeg_tleft_sampent_full_change_precond;eeg_tleft_halpha_mean_full_change_precond;eeg_tleft_lalpha_mean_full_change_precond;pupil_dilation_sd_full_change_precond;eeg_pright_sampent_full_change_precond;eeg_fl_hbeta_mean_full_change_precond;hrv_rmssd_full_change_precond;eeg_t_sampent_full_change_precond;gsr_skin_conductance_eda_tonic_mean_nk_full_change_precond;eeg_c_theta_mean_full_change_precond;eeg_tright_halpha_mean_full_change_precond;eeg_fr_sampent_full_change_precond;eeg_pleft_halpha_mean_full_change_precond;eeg_pleft_lbeta_mean_full_change_precond;eeg_c_specent_full_change_precond;eeg_c_sampent_full_change_precond;eeg_fm_theta_mean_full_change_precond;eeg_fm_sampent_full_change_precond;eeg_ab_ratio_full_change_precond;hr_heartrate_bpm_med_abs_full_change_precond"
2025-11-26 18:56:06.739348,28,"stress_label",20,2,0.1,0.58974358974359,0.602564102564103,NA,20,"top20","eeg_tleft_sampent_full_change_precond;eeg_tleft_halpha_mean_full_change_precond;eeg_tleft_lalpha_mean_full_change_precond;pupil_dilation_sd_full_change_precond;eeg_pright_sampent_full_change_precond;eeg_fl_hbeta_mean_full_change_precond;hrv_rmssd_full_change_precond;eeg_t_sampent_full_change_precond;gsr_skin_conductance_eda_tonic_mean_nk_full_change_precond;eeg_c_theta_mean_full_change_precond;eeg_tright_halpha_mean_full_change_precond;eeg_fr_sampent_full_change_precond;eeg_pleft_halpha_mean_full_change_precond;eeg_pleft_lbeta_mean_full_change_precond;eeg_c_specent_full_change_precond;eeg_c_sampent_full_change_precond;eeg_fm_theta_mean_full_change_precond;eeg_fm_sampent_full_change_precond;eeg_ab_ratio_full_change_precond;hr_heartrate_bpm_med_abs_full_change_precond"
2025-11-26 18:56:07.832189,28,"stress_label",20,4,0.1,0.602564102564103,0.615384615384615,NA,20,"top20","eeg_tleft_sampent_full_change_precond;eeg_tleft_halpha_mean_full_change_precond;eeg_tleft_lalpha_mean_full_change_precond;pupil_dilation_sd_full_change_precond;eeg_pright_sampent_full_change_precond;eeg_fl_hbeta_mean_full_change_precond;hrv_rmssd_full_change_precond;eeg_t_sampent_full_change_precond;gsr_skin_conductance_eda_tonic_mean_nk_full_change_precond;eeg_c_theta_mean_full_change_precond;eeg_tright_halpha_mean_full_change_precond;eeg_fr_sampent_full_change_precond;eeg_pleft_halpha_mean_full_change_precond;eeg_pleft_lbeta_mean_full_change_precond;eeg_c_specent_full_change_precond;eeg_c_sampent_full_change_precond;eeg_fm_theta_mean_full_change_precond;eeg_fm_sampent_full_change_precond;eeg_ab_ratio_full_change_precond;hr_heartrate_bpm_med_abs_full_change_precond"
2025-11-26 18:56:08.919204,28,"stress_label",20,8,0.1,0.58974358974359,0.602564102564103,NA,20,"top20","eeg_tleft_sampent_full_change_precond;eeg_tleft_halpha_mean_full_change_precond;eeg_tleft_lalpha_mean_full_change_precond;pupil_dilation_sd_full_change_precond;eeg_pright_sampent_full_change_precond;eeg_fl_hbeta_mean_full_change_precond;hrv_rmssd_full_change_precond;eeg_t_sampent_full_change_precond;gsr_skin_conductance_eda_tonic_mean_nk_full_change_precond;eeg_c_theta_mean_full_change_precond;eeg_tright_halpha_mean_full_change_precond;eeg_fr_sampent_full_change_precond;eeg_pleft_halpha_mean_full_change_precond;eeg_pleft_lbeta_mean_full_change_precond;eeg_c_specent_full_change_precond;eeg_c_sampent_full_change_precond;eeg_fm_theta_mean_full_change_precond;eeg_fm_sampent_full_change_precond;eeg_ab_ratio_full_change_precond;hr_heartrate_bpm_med_abs_full_change_precond"
2025-11-26 18:56:10.071897,28,"stress_label",20,16,0.1,0.58974358974359,0.602564102564103,NA,20,"top20","eeg_tleft_sampent_full_change_precond;eeg_tleft_halpha_mean_full_change_precond;eeg_tleft_lalpha_mean_full_change_precond;pupil_dilation_sd_full_change_precond;eeg_pright_sampent_full_change_precond;eeg_fl_hbeta_mean_full_change_precond;hrv_rmssd_full_change_precond;eeg_t_sampent_full_change_precond;gsr_skin_conductance_eda_tonic_mean_nk_full_change_precond;eeg_c_theta_mean_full_change_precond;eeg_tright_halpha_mean_full_change_precond;eeg_fr_sampent_full_change_precond;eeg_pleft_halpha_mean_full_change_precond;eeg_pleft_lbeta_mean_full_change_precond;eeg_c_specent_full_change_precond;eeg_c_sampent_full_change_precond;eeg_fm_theta_mean_full_change_precond;eeg_fm_sampent_full_change_precond;eeg_ab_ratio_full_change_precond;hr_heartrate_bpm_med_abs_full_change_precond"
2025-11-26 18:56:11.236668,28,"stress_label",20,32,0.1,0.58974358974359,0.602564102564103,NA,20,"top20","eeg_tleft_sampent_full_change_precond;eeg_tleft_halpha_mean_full_change_precond;eeg_tleft_lalpha_mean_full_change_precond;pupil_dilation_sd_full_change_precond;eeg_pright_sampent_full_change_precond;eeg_fl_hbeta_mean_full_change_precond;hrv_rmssd_full_change_precond;eeg_t_sampent_full_change_precond;gsr_skin_conductance_eda_tonic_mean_nk_full_change_precond;eeg_c_theta_mean_full_change_precond;eeg_tright_halpha_mean_full_change_precond;eeg_fr_sampent_full_change_precond;eeg_pleft_halpha_mean_full_change_precond;eeg_pleft_lbeta_mean_full_change_precond;eeg_c_specent_full_change_precond;eeg_c_sampent_full_change_precond;eeg_fm_theta_mean_full_change_precond;eeg_fm_sampent_full_change_precond;eeg_ab_ratio_full_change_precond;hr_heartrate_bpm_med_abs_full_change_precond"
2025-11-26 18:56:12.37586,28,"stress_label",20,64,0.1,0.58974358974359,0.602564102564103,NA,20,"top20","eeg_tleft_sampent_full_change_precond;eeg_tleft_halpha_mean_full_change_precond;eeg_tleft_lalpha_mean_full_change_precond;pupil_dilation_sd_full_change_precond;eeg_pright_sampent_full_change_precond;eeg_fl_hbeta_mean_full_change_precond;hrv_rmssd_full_change_precond;eeg_t_sampent_full_change_precond;gsr_skin_conductance_eda_tonic_mean_nk_full_change_precond;eeg_c_theta_mean_full_change_precond;eeg_tright_halpha_mean_full_change_precond;eeg_fr_sampent_full_change_precond;eeg_pleft_halpha_mean_full_change_precond;eeg_pleft_lbeta_mean_full_change_precond;eeg_c_specent_full_change_precond;eeg_c_sampent_full_change_precond;eeg_fm_theta_mean_full_change_precond;eeg_fm_sampent_full_change_precond;eeg_ab_ratio_full_change_precond;hr_heartrate_bpm_med_abs_full_change_precond"
2025-11-26 18:56:13.532565,28,"stress_label",20,128,0.1,0.58974358974359,0.602564102564103,NA,20,"top20","eeg_tleft_sampent_full_change_precond;eeg_tleft_halpha_mean_full_change_precond;eeg_tleft_lalpha_mean_full_change_precond;pupil_dilation_sd_full_change_precond;eeg_pright_sampent_full_change_precond;eeg_fl_hbeta_mean_full_change_precond;hrv_rmssd_full_change_precond;eeg_t_sampent_full_change_precond;gsr_skin_conductance_eda_tonic_mean_nk_full_change_precond;eeg_c_theta_mean_full_change_precond;eeg_tright_halpha_mean_full_change_precond;eeg_fr_sampent_full_change_precond;eeg_pleft_halpha_mean_full_change_precond;eeg_pleft_lbeta_mean_full_change_precond;eeg_c_specent_full_change_precond;eeg_c_sampent_full_change_precond;eeg_fm_theta_mean_full_change_precond;eeg_fm_sampent_full_change_precond;eeg_ab_ratio_full_change_precond;hr_heartrate_bpm_med_abs_full_change_precond"
2025-11-26 18:56:14.723932,28,"stress_label",20,256,0.1,0.58974358974359,0.602564102564103,NA,20,"top20","eeg_tleft_sampent_full_change_precond;eeg_tleft_halpha_mean_full_change_precond;eeg_tleft_lalpha_mean_full_change_precond;pupil_dilation_sd_full_change_precond;eeg_pright_sampent_full_change_precond;eeg_fl_hbeta_mean_full_change_precond;hrv_rmssd_full_change_precond;eeg_t_sampent_full_change_precond;gsr_skin_conductance_eda_tonic_mean_nk_full_change_precond;eeg_c_theta_mean_full_change_precond;eeg_tright_halpha_mean_full_change_precond;eeg_fr_sampent_full_change_precond;eeg_pleft_halpha_mean_full_change_precond;eeg_pleft_lbeta_mean_full_change_precond;eeg_c_specent_full_change_precond;eeg_c_sampent_full_change_precond;eeg_fm_theta_mean_full_change_precond;eeg_fm_sampent_full_change_precond;eeg_ab_ratio_full_change_precond;hr_heartrate_bpm_med_abs_full_change_precond"
2025-11-26 18:56:15.665725,28,"stress_label",10,2,0.0078125,0.608974358974359,0.653846153846154,0.584615384615385,10,"top10","eeg_tleft_sampent_full_change_precond;eeg_tleft_halpha_mean_full_change_precond;eeg_tleft_lalpha_mean_full_change_precond;pupil_dilation_sd_full_change_precond;eeg_pright_sampent_full_change_precond;eeg_fl_hbeta_mean_full_change_precond;hrv_rmssd_full_change_precond;eeg_t_sampent_full_change_precond;gsr_skin_conductance_eda_tonic_mean_nk_full_change_precond;eeg_c_theta_mean_full_change_precond"
2025-11-26 18:56:16.487171,28,"stress_label",10,4,0.0078125,0.557692307692308,0.628205128205128,0.526495726495727,10,"top10","eeg_tleft_sampent_full_change_precond;eeg_tleft_halpha_mean_full_change_precond;eeg_tleft_lalpha_mean_full_change_precond;pupil_dilation_sd_full_change_precond;eeg_pright_sampent_full_change_precond;eeg_fl_hbeta_mean_full_change_precond;hrv_rmssd_full_change_precond;eeg_t_sampent_full_change_precond;gsr_skin_conductance_eda_tonic_mean_nk_full_change_precond;eeg_c_theta_mean_full_change_precond"
2025-11-26 18:56:17.341977,28,"stress_label",10,8,0.0078125,0.57051282051282,0.634615384615385,0.547008547008547,10,"top10","eeg_tleft_sampent_full_change_precond;eeg_tleft_halpha_mean_full_change_precond;eeg_tleft_lalpha_mean_full_change_precond;pupil_dilation_sd_full_change_precond;eeg_pright_sampent_full_change_precond;eeg_fl_hbeta_mean_full_change_precond;hrv_rmssd_full_change_precond;eeg_t_sampent_full_change_precond;gsr_skin_conductance_eda_tonic_mean_nk_full_change_precond;eeg_c_theta_mean_full_change_precond"
2025-11-26 18:56:18.117598,28,"stress_label",10,16,0.0078125,0.538461538461538,0.576923076923077,0.518803418803419,10,"top10","eeg_tleft_sampent_full_change_precond;eeg_tleft_halpha_mean_full_change_precond;eeg_tleft_lalpha_mean_full_change_precond;pupil_dilation_sd_full_change_precond;eeg_pright_sampent_full_change_precond;eeg_fl_hbeta_mean_full_change_precond;hrv_rmssd_full_change_precond;eeg_t_sampent_full_change_precond;gsr_skin_conductance_eda_tonic_mean_nk_full_change_precond;eeg_c_theta_mean_full_change_precond"
2025-11-26 18:56:18.991063,28,"stress_label",10,32,0.0078125,0.557692307692308,0.608974358974359,0.536752136752137,10,"top10","eeg_tleft_sampent_full_change_precond;eeg_tleft_halpha_mean_full_change_precond;eeg_tleft_lalpha_mean_full_change_precond;pupil_dilation_sd_full_change_precond;eeg_pright_sampent_full_change_precond;eeg_fl_hbeta_mean_full_change_precond;hrv_rmssd_full_change_precond;eeg_t_sampent_full_change_precond;gsr_skin_conductance_eda_tonic_mean_nk_full_change_precond;eeg_c_theta_mean_full_change_precond"
2025-11-26 18:56:19.89766,28,"stress_label",10,64,0.0078125,0.628205128205128,0.641025641025641,0.607692307692308,10,"top10","eeg_tleft_sampent_full_change_precond;eeg_tleft_halpha_mean_full_change_precond;eeg_tleft_lalpha_mean_full_change_precond;pupil_dilation_sd_full_change_precond;eeg_pright_sampent_full_change_precond;eeg_fl_hbeta_mean_full_change_precond;hrv_rmssd_full_change_precond;eeg_t_sampent_full_change_precond;gsr_skin_conductance_eda_tonic_mean_nk_full_change_precond;eeg_c_theta_mean_full_change_precond"
2025-11-26 18:56:20.851677,28,"stress_label",10,128,0.0078125,0.615384615384615,0.634615384615385,0.605982905982906,10,"top10","eeg_tleft_sampent_full_change_precond;eeg_tleft_halpha_mean_full_change_precond;eeg_tleft_lalpha_mean_full_change_precond;pupil_dilation_sd_full_change_precond;eeg_pright_sampent_full_change_precond;eeg_fl_hbeta_mean_full_change_precond;hrv_rmssd_full_change_precond;eeg_t_sampent_full_change_precond;gsr_skin_conductance_eda_tonic_mean_nk_full_change_precond;eeg_c_theta_mean_full_change_precond"
2025-11-26 18:56:21.859752,28,"stress_label",10,256,0.0078125,0.596153846153846,0.647435897435897,0.586324786324786,10,"top10","eeg_tleft_sampent_full_change_precond;eeg_tleft_halpha_mean_full_change_precond;eeg_tleft_lalpha_mean_full_change_precond;pupil_dilation_sd_full_change_precond;eeg_pright_sampent_full_change_precond;eeg_fl_hbeta_mean_full_change_precond;hrv_rmssd_full_change_precond;eeg_t_sampent_full_change_precond;gsr_skin_conductance_eda_tonic_mean_nk_full_change_precond;eeg_c_theta_mean_full_change_precond"
2025-11-26 18:56:22.653163,28,"stress_label",10,2,0.015625,0.583333333333333,0.634615384615385,0.556410256410256,10,"top10","eeg_tleft_sampent_full_change_precond;eeg_tleft_halpha_mean_full_change_precond;eeg_tleft_lalpha_mean_full_change_precond;pupil_dilation_sd_full_change_precond;eeg_pright_sampent_full_change_precond;eeg_fl_hbeta_mean_full_change_precond;hrv_rmssd_full_change_precond;eeg_t_sampent_full_change_precond;gsr_skin_conductance_eda_tonic_mean_nk_full_change_precond;eeg_c_theta_mean_full_change_precond"
2025-11-26 18:56:23.343268,28,"stress_label",10,4,0.015625,0.57051282051282,0.602564102564103,NA,10,"top10","eeg_tleft_sampent_full_change_precond;eeg_tleft_halpha_mean_full_change_precond;eeg_tleft_lalpha_mean_full_change_precond;pupil_dilation_sd_full_change_precond;eeg_pright_sampent_full_change_precond;eeg_fl_hbeta_mean_full_change_precond;hrv_rmssd_full_change_precond;eeg_t_sampent_full_change_precond;gsr_skin_conductance_eda_tonic_mean_nk_full_change_precond;eeg_c_theta_mean_full_change_precond"
2025-11-26 18:56:24.063438,28,"stress_label",10,8,0.015625,0.557692307692308,0.608974358974359,0.526495726495727,10,"top10","eeg_tleft_sampent_full_change_precond;eeg_tleft_halpha_mean_full_change_precond;eeg_tleft_lalpha_mean_full_change_precond;pupil_dilation_sd_full_change_precond;eeg_pright_sampent_full_change_precond;eeg_fl_hbeta_mean_full_change_precond;hrv_rmssd_full_change_precond;eeg_t_sampent_full_change_precond;gsr_skin_conductance_eda_tonic_mean_nk_full_change_precond;eeg_c_theta_mean_full_change_precond"
2025-11-26 18:56:24.906762,28,"stress_label",10,16,0.015625,0.634615384615385,0.641025641025641,0.615384615384615,10,"top10","eeg_tleft_sampent_full_change_precond;eeg_tleft_halpha_mean_full_change_precond;eeg_tleft_lalpha_mean_full_change_precond;pupil_dilation_sd_full_change_precond;eeg_pright_sampent_full_change_precond;eeg_fl_hbeta_mean_full_change_precond;hrv_rmssd_full_change_precond;eeg_t_sampent_full_change_precond;gsr_skin_conductance_eda_tonic_mean_nk_full_change_precond;eeg_c_theta_mean_full_change_precond"
2025-11-26 18:56:25.648073,28,"stress_label",10,32,0.015625,0.628205128205128,0.634615384615385,0.612820512820513,10,"top10","eeg_tleft_sampent_full_change_precond;eeg_tleft_halpha_mean_full_change_precond;eeg_tleft_lalpha_mean_full_change_precond;pupil_dilation_sd_full_change_precond;eeg_pright_sampent_full_change_precond;eeg_fl_hbeta_mean_full_change_precond;hrv_rmssd_full_change_precond;eeg_t_sampent_full_change_precond;gsr_skin_conductance_eda_tonic_mean_nk_full_change_precond;eeg_c_theta_mean_full_change_precond"
2025-11-26 18:56:26.422376,28,"stress_label",10,64,0.015625,0.596153846153846,0.647435897435897,0.586324786324786,10,"top10","eeg_tleft_sampent_full_change_precond;eeg_tleft_halpha_mean_full_change_precond;eeg_tleft_lalpha_mean_full_change_precond;pupil_dilation_sd_full_change_precond;eeg_pright_sampent_full_change_precond;eeg_fl_hbeta_mean_full_change_precond;hrv_rmssd_full_change_precond;eeg_t_sampent_full_change_precond;gsr_skin_conductance_eda_tonic_mean_nk_full_change_precond;eeg_c_theta_mean_full_change_precond"
2025-11-26 18:56:27.380057,28,"stress_label",10,128,0.015625,0.634615384615385,0.666666666666667,NA,10,"top10","eeg_tleft_sampent_full_change_precond;eeg_tleft_halpha_mean_full_change_precond;eeg_tleft_lalpha_mean_full_change_precond;pupil_dilation_sd_full_change_precond;eeg_pright_sampent_full_change_precond;eeg_fl_hbeta_mean_full_change_precond;hrv_rmssd_full_change_precond;eeg_t_sampent_full_change_precond;gsr_skin_conductance_eda_tonic_mean_nk_full_change_precond;eeg_c_theta_mean_full_change_precond"
2025-11-26 18:56:28.74742,28,"stress_label",10,256,0.015625,0.641025641025641,0.666666666666667,NA,10,"top10","eeg_tleft_sampent_full_change_precond;eeg_tleft_halpha_mean_full_change_precond;eeg_tleft_lalpha_mean_full_change_precond;pupil_dilation_sd_full_change_precond;eeg_pright_sampent_full_change_precond;eeg_fl_hbeta_mean_full_change_precond;hrv_rmssd_full_change_precond;eeg_t_sampent_full_change_precond;gsr_skin_conductance_eda_tonic_mean_nk_full_change_precond;eeg_c_theta_mean_full_change_precond"
2025-11-26 18:56:29.573845,28,"stress_label",10,2,0.03125,0.608974358974359,0.621794871794872,0.575213675213675,10,"top10","eeg_tleft_sampent_full_change_precond;eeg_tleft_halpha_mean_full_change_precond;eeg_tleft_lalpha_mean_full_change_precond;pupil_dilation_sd_full_change_precond;eeg_pright_sampent_full_change_precond;eeg_fl_hbeta_mean_full_change_precond;hrv_rmssd_full_change_precond;eeg_t_sampent_full_change_precond;gsr_skin_conductance_eda_tonic_mean_nk_full_change_precond;eeg_c_theta_mean_full_change_precond"
2025-11-26 18:56:30.296377,28,"stress_label",10,4,0.03125,0.621794871794872,0.653846153846154,0.594017094017094,10,"top10","eeg_tleft_sampent_full_change_precond;eeg_tleft_halpha_mean_full_change_precond;eeg_tleft_lalpha_mean_full_change_precond;pupil_dilation_sd_full_change_precond;eeg_pright_sampent_full_change_precond;eeg_fl_hbeta_mean_full_change_precond;hrv_rmssd_full_change_precond;eeg_t_sampent_full_change_precond;gsr_skin_conductance_eda_tonic_mean_nk_full_change_precond;eeg_c_theta_mean_full_change_precond"
2025-11-26 18:56:30.943446,28,"stress_label",10,8,0.03125,0.628205128205128,0.653846153846154,0.605128205128205,10,"top10","eeg_tleft_sampent_full_change_precond;eeg_tleft_halpha_mean_full_change_precond;eeg_tleft_lalpha_mean_full_change_precond;pupil_dilation_sd_full_change_precond;eeg_pright_sampent_full_change_precond;eeg_fl_hbeta_mean_full_change_precond;hrv_rmssd_full_change_precond;eeg_t_sampent_full_change_precond;gsr_skin_conductance_eda_tonic_mean_nk_full_change_precond;eeg_c_theta_mean_full_change_precond"
2025-11-26 18:56:31.704786,28,"stress_label",10,16,0.03125,0.602564102564103,0.634615384615385,0.58974358974359,10,"top10","eeg_tleft_sampent_full_change_precond;eeg_tleft_halpha_mean_full_change_precond;eeg_tleft_lalpha_mean_full_change_precond;pupil_dilation_sd_full_change_precond;eeg_pright_sampent_full_change_precond;eeg_fl_hbeta_mean_full_change_precond;hrv_rmssd_full_change_precond;eeg_t_sampent_full_change_precond;gsr_skin_conductance_eda_tonic_mean_nk_full_change_precond;eeg_c_theta_mean_full_change_precond"
2025-11-26 18:56:32.5147,28,"stress_label",10,32,0.03125,0.634615384615385,0.647435897435897,NA,10,"top10","eeg_tleft_sampent_full_change_precond;eeg_tleft_halpha_mean_full_change_precond;eeg_tleft_lalpha_mean_full_change_precond;pupil_dilation_sd_full_change_precond;eeg_pright_sampent_full_change_precond;eeg_fl_hbeta_mean_full_change_precond;hrv_rmssd_full_change_precond;eeg_t_sampent_full_change_precond;gsr_skin_conductance_eda_tonic_mean_nk_full_change_precond;eeg_c_theta_mean_full_change_precond"
2025-11-26 18:56:33.62528,28,"stress_label",10,64,0.03125,0.647435897435897,0.641025641025641,NA,10,"top10","eeg_tleft_sampent_full_change_precond;eeg_tleft_halpha_mean_full_change_precond;eeg_tleft_lalpha_mean_full_change_precond;pupil_dilation_sd_full_change_precond;eeg_pright_sampent_full_change_precond;eeg_fl_hbeta_mean_full_change_precond;hrv_rmssd_full_change_precond;eeg_t_sampent_full_change_precond;gsr_skin_conductance_eda_tonic_mean_nk_full_change_precond;eeg_c_theta_mean_full_change_precond"
2025-11-26 18:56:34.860824,28,"stress_label",10,128,0.03125,0.634615384615385,0.653846153846154,NA,10,"top10","eeg_tleft_sampent_full_change_precond;eeg_tleft_halpha_mean_full_change_precond;eeg_tleft_lalpha_mean_full_change_precond;pupil_dilation_sd_full_change_precond;eeg_pright_sampent_full_change_precond;eeg_fl_hbeta_mean_full_change_precond;hrv_rmssd_full_change_precond;eeg_t_sampent_full_change_precond;gsr_skin_conductance_eda_tonic_mean_nk_full_change_precond;eeg_c_theta_mean_full_change_precond"
2025-11-26 18:56:35.981786,28,"stress_label",10,256,0.03125,0.608974358974359,0.628205128205128,NA,10,"top10","eeg_tleft_sampent_full_change_precond;eeg_tleft_halpha_mean_full_change_precond;eeg_tleft_lalpha_mean_full_change_precond;pupil_dilation_sd_full_change_precond;eeg_pright_sampent_full_change_precond;eeg_fl_hbeta_mean_full_change_precond;hrv_rmssd_full_change_precond;eeg_t_sampent_full_change_precond;gsr_skin_conductance_eda_tonic_mean_nk_full_change_precond;eeg_c_theta_mean_full_change_precond"
2025-11-26 18:56:36.84607,28,"stress_label",10,2,0.0625,0.628205128205128,0.647435897435897,0.600854700854701,10,"top10","eeg_tleft_sampent_full_change_precond;eeg_tleft_halpha_mean_full_change_precond;eeg_tleft_lalpha_mean_full_change_precond;pupil_dilation_sd_full_change_precond;eeg_pright_sampent_full_change_precond;eeg_fl_hbeta_mean_full_change_precond;hrv_rmssd_full_change_precond;eeg_t_sampent_full_change_precond;gsr_skin_conductance_eda_tonic_mean_nk_full_change_precond;eeg_c_theta_mean_full_change_precond"
2025-11-26 18:56:37.662722,28,"stress_label",10,4,0.0625,0.608974358974359,0.602564102564103,0.596581196581197,10,"top10","eeg_tleft_sampent_full_change_precond;eeg_tleft_halpha_mean_full_change_precond;eeg_tleft_lalpha_mean_full_change_precond;pupil_dilation_sd_full_change_precond;eeg_pright_sampent_full_change_precond;eeg_fl_hbeta_mean_full_change_precond;hrv_rmssd_full_change_precond;eeg_t_sampent_full_change_precond;gsr_skin_conductance_eda_tonic_mean_nk_full_change_precond;eeg_c_theta_mean_full_change_precond"
2025-11-26 18:56:38.571414,28,"stress_label",10,8,0.0625,0.576923076923077,0.615384615384615,0.54957264957265,10,"top10","eeg_tleft_sampent_full_change_precond;eeg_tleft_halpha_mean_full_change_precond;eeg_tleft_lalpha_mean_full_change_precond;pupil_dilation_sd_full_change_precond;eeg_pright_sampent_full_change_precond;eeg_fl_hbeta_mean_full_change_precond;hrv_rmssd_full_change_precond;eeg_t_sampent_full_change_precond;gsr_skin_conductance_eda_tonic_mean_nk_full_change_precond;eeg_c_theta_mean_full_change_precond"
2025-11-26 18:56:39.594765,28,"stress_label",10,16,0.0625,0.621794871794872,0.621794871794872,NA,10,"top10","eeg_tleft_sampent_full_change_precond;eeg_tleft_halpha_mean_full_change_precond;eeg_tleft_lalpha_mean_full_change_precond;pupil_dilation_sd_full_change_precond;eeg_pright_sampent_full_change_precond;eeg_fl_hbeta_mean_full_change_precond;hrv_rmssd_full_change_precond;eeg_t_sampent_full_change_precond;gsr_skin_conductance_eda_tonic_mean_nk_full_change_precond;eeg_c_theta_mean_full_change_precond"
2025-11-26 18:56:40.622478,28,"stress_label",10,32,0.0625,0.628205128205128,0.647435897435897,NA,10,"top10","eeg_tleft_sampent_full_change_precond;eeg_tleft_halpha_mean_full_change_precond;eeg_tleft_lalpha_mean_full_change_precond;pupil_dilation_sd_full_change_precond;eeg_pright_sampent_full_change_precond;eeg_fl_hbeta_mean_full_change_precond;hrv_rmssd_full_change_precond;eeg_t_sampent_full_change_precond;gsr_skin_conductance_eda_tonic_mean_nk_full_change_precond;eeg_c_theta_mean_full_change_precond"
2025-11-26 18:56:41.769074,28,"stress_label",10,64,0.0625,0.621794871794872,0.634615384615385,NA,10,"top10","eeg_tleft_sampent_full_change_precond;eeg_tleft_halpha_mean_full_change_precond;eeg_tleft_lalpha_mean_full_change_precond;pupil_dilation_sd_full_change_precond;eeg_pright_sampent_full_change_precond;eeg_fl_hbeta_mean_full_change_precond;hrv_rmssd_full_change_precond;eeg_t_sampent_full_change_precond;gsr_skin_conductance_eda_tonic_mean_nk_full_change_precond;eeg_c_theta_mean_full_change_precond"
2025-11-26 18:56:42.950793,28,"stress_label",10,128,0.0625,0.628205128205128,0.621794871794872,NA,10,"top10","eeg_tleft_sampent_full_change_precond;eeg_tleft_halpha_mean_full_change_precond;eeg_tleft_lalpha_mean_full_change_precond;pupil_dilation_sd_full_change_precond;eeg_pright_sampent_full_change_precond;eeg_fl_hbeta_mean_full_change_precond;hrv_rmssd_full_change_precond;eeg_t_sampent_full_change_precond;gsr_skin_conductance_eda_tonic_mean_nk_full_change_precond;eeg_c_theta_mean_full_change_precond"
2025-11-26 18:56:44.157947,28,"stress_label",10,256,0.0625,0.602564102564103,0.602564102564103,NA,10,"top10","eeg_tleft_sampent_full_change_precond;eeg_tleft_halpha_mean_full_change_precond;eeg_tleft_lalpha_mean_full_change_precond;pupil_dilation_sd_full_change_precond;eeg_pright_sampent_full_change_precond;eeg_fl_hbeta_mean_full_change_precond;hrv_rmssd_full_change_precond;eeg_t_sampent_full_change_precond;gsr_skin_conductance_eda_tonic_mean_nk_full_change_precond;eeg_c_theta_mean_full_change_precond"
2025-11-26 18:56:45.024184,28,"stress_label",10,2,0.125,0.596153846153846,0.634615384615385,0.578632478632479,10,"top10","eeg_tleft_sampent_full_change_precond;eeg_tleft_halpha_mean_full_change_precond;eeg_tleft_lalpha_mean_full_change_precond;pupil_dilation_sd_full_change_precond;eeg_pright_sampent_full_change_precond;eeg_fl_hbeta_mean_full_change_precond;hrv_rmssd_full_change_precond;eeg_t_sampent_full_change_precond;gsr_skin_conductance_eda_tonic_mean_nk_full_change_precond;eeg_c_theta_mean_full_change_precond"
2025-11-26 18:56:45.954227,28,"stress_label",10,4,0.125,0.615384615384615,0.641025641025641,NA,10,"top10","eeg_tleft_sampent_full_change_precond;eeg_tleft_halpha_mean_full_change_precond;eeg_tleft_lalpha_mean_full_change_precond;pupil_dilation_sd_full_change_precond;eeg_pright_sampent_full_change_precond;eeg_fl_hbeta_mean_full_change_precond;hrv_rmssd_full_change_precond;eeg_t_sampent_full_change_precond;gsr_skin_conductance_eda_tonic_mean_nk_full_change_precond;eeg_c_theta_mean_full_change_precond"
2025-11-26 18:56:46.920223,28,"stress_label",10,8,0.125,0.608974358974359,0.621794871794872,NA,10,"top10","eeg_tleft_sampent_full_change_precond;eeg_tleft_halpha_mean_full_change_precond;eeg_tleft_lalpha_mean_full_change_precond;pupil_dilation_sd_full_change_precond;eeg_pright_sampent_full_change_precond;eeg_fl_hbeta_mean_full_change_precond;hrv_rmssd_full_change_precond;eeg_t_sampent_full_change_precond;gsr_skin_conductance_eda_tonic_mean_nk_full_change_precond;eeg_c_theta_mean_full_change_precond"
2025-11-26 18:56:47.952795,28,"stress_label",10,16,0.125,0.647435897435897,0.641025641025641,NA,10,"top10","eeg_tleft_sampent_full_change_precond;eeg_tleft_halpha_mean_full_change_precond;eeg_tleft_lalpha_mean_full_change_precond;pupil_dilation_sd_full_change_precond;eeg_pright_sampent_full_change_precond;eeg_fl_hbeta_mean_full_change_precond;hrv_rmssd_full_change_precond;eeg_t_sampent_full_change_precond;gsr_skin_conductance_eda_tonic_mean_nk_full_change_precond;eeg_c_theta_mean_full_change_precond"
2025-11-26 18:56:49.16668,28,"stress_label",10,32,0.125,0.628205128205128,0.641025641025641,NA,10,"top10","eeg_tleft_sampent_full_change_precond;eeg_tleft_halpha_mean_full_change_precond;eeg_tleft_lalpha_mean_full_change_precond;pupil_dilation_sd_full_change_precond;eeg_pright_sampent_full_change_precond;eeg_fl_hbeta_mean_full_change_precond;hrv_rmssd_full_change_precond;eeg_t_sampent_full_change_precond;gsr_skin_conductance_eda_tonic_mean_nk_full_change_precond;eeg_c_theta_mean_full_change_precond"
2025-11-26 18:56:50.12695,28,"stress_label",10,64,0.125,0.615384615384615,0.621794871794872,NA,10,"top10","eeg_tleft_sampent_full_change_precond;eeg_tleft_halpha_mean_full_change_precond;eeg_tleft_lalpha_mean_full_change_precond;pupil_dilation_sd_full_change_precond;eeg_pright_sampent_full_change_precond;eeg_fl_hbeta_mean_full_change_precond;hrv_rmssd_full_change_precond;eeg_t_sampent_full_change_precond;gsr_skin_conductance_eda_tonic_mean_nk_full_change_precond;eeg_c_theta_mean_full_change_precond"
2025-11-26 18:56:51.134913,28,"stress_label",10,128,0.125,0.615384615384615,0.621794871794872,NA,10,"top10","eeg_tleft_sampent_full_change_precond;eeg_tleft_halpha_mean_full_change_precond;eeg_tleft_lalpha_mean_full_change_precond;pupil_dilation_sd_full_change_precond;eeg_pright_sampent_full_change_precond;eeg_fl_hbeta_mean_full_change_precond;hrv_rmssd_full_change_precond;eeg_t_sampent_full_change_precond;gsr_skin_conductance_eda_tonic_mean_nk_full_change_precond;eeg_c_theta_mean_full_change_precond"
2025-11-26 18:56:52.166032,28,"stress_label",10,256,0.125,0.615384615384615,0.621794871794872,NA,10,"top10","eeg_tleft_sampent_full_change_precond;eeg_tleft_halpha_mean_full_change_precond;eeg_tleft_lalpha_mean_full_change_precond;pupil_dilation_sd_full_change_precond;eeg_pright_sampent_full_change_precond;eeg_fl_hbeta_mean_full_change_precond;hrv_rmssd_full_change_precond;eeg_t_sampent_full_change_precond;gsr_skin_conductance_eda_tonic_mean_nk_full_change_precond;eeg_c_theta_mean_full_change_precond"
2025-11-26 18:56:52.954669,28,"stress_label",10,2,0.03,0.608974358974359,0.621794871794872,0.575213675213675,10,"top10","eeg_tleft_sampent_full_change_precond;eeg_tleft_halpha_mean_full_change_precond;eeg_tleft_lalpha_mean_full_change_precond;pupil_dilation_sd_full_change_precond;eeg_pright_sampent_full_change_precond;eeg_fl_hbeta_mean_full_change_precond;hrv_rmssd_full_change_precond;eeg_t_sampent_full_change_precond;gsr_skin_conductance_eda_tonic_mean_nk_full_change_precond;eeg_c_theta_mean_full_change_precond"
2025-11-26 18:56:53.760122,28,"stress_label",10,4,0.03,0.615384615384615,0.647435897435897,0.585470085470085,10,"top10","eeg_tleft_sampent_full_change_precond;eeg_tleft_halpha_mean_full_change_precond;eeg_tleft_lalpha_mean_full_change_precond;pupil_dilation_sd_full_change_precond;eeg_pright_sampent_full_change_precond;eeg_fl_hbeta_mean_full_change_precond;hrv_rmssd_full_change_precond;eeg_t_sampent_full_change_precond;gsr_skin_conductance_eda_tonic_mean_nk_full_change_precond;eeg_c_theta_mean_full_change_precond"
2025-11-26 18:56:54.631025,28,"stress_label",10,8,0.03,0.634615384615385,0.653846153846154,0.61025641025641,10,"top10","eeg_tleft_sampent_full_change_precond;eeg_tleft_halpha_mean_full_change_precond;eeg_tleft_lalpha_mean_full_change_precond;pupil_dilation_sd_full_change_precond;eeg_pright_sampent_full_change_precond;eeg_fl_hbeta_mean_full_change_precond;hrv_rmssd_full_change_precond;eeg_t_sampent_full_change_precond;gsr_skin_conductance_eda_tonic_mean_nk_full_change_precond;eeg_c_theta_mean_full_change_precond"
2025-11-26 18:56:55.434033,28,"stress_label",10,16,0.03,0.596153846153846,0.634615384615385,0.584615384615385,10,"top10","eeg_tleft_sampent_full_change_precond;eeg_tleft_halpha_mean_full_change_precond;eeg_tleft_lalpha_mean_full_change_precond;pupil_dilation_sd_full_change_precond;eeg_pright_sampent_full_change_precond;eeg_fl_hbeta_mean_full_change_precond;hrv_rmssd_full_change_precond;eeg_t_sampent_full_change_precond;gsr_skin_conductance_eda_tonic_mean_nk_full_change_precond;eeg_c_theta_mean_full_change_precond"
2025-11-26 18:56:56.370092,28,"stress_label",10,32,0.03,0.615384615384615,0.634615384615385,NA,10,"top10","eeg_tleft_sampent_full_change_precond;eeg_tleft_halpha_mean_full_change_precond;eeg_tleft_lalpha_mean_full_change_precond;pupil_dilation_sd_full_change_precond;eeg_pright_sampent_full_change_precond;eeg_fl_hbeta_mean_full_change_precond;hrv_rmssd_full_change_precond;eeg_t_sampent_full_change_precond;gsr_skin_conductance_eda_tonic_mean_nk_full_change_precond;eeg_c_theta_mean_full_change_precond"
2025-11-26 18:56:57.442251,28,"stress_label",10,64,0.03,0.641025641025641,0.647435897435897,NA,10,"top10","eeg_tleft_sampent_full_change_precond;eeg_tleft_halpha_mean_full_change_precond;eeg_tleft_lalpha_mean_full_change_precond;pupil_dilation_sd_full_change_precond;eeg_pright_sampent_full_change_precond;eeg_fl_hbeta_mean_full_change_precond;hrv_rmssd_full_change_precond;eeg_t_sampent_full_change_precond;gsr_skin_conductance_eda_tonic_mean_nk_full_change_precond;eeg_c_theta_mean_full_change_precond"
2025-11-26 18:56:58.690326,28,"stress_label",10,128,0.03,0.621794871794872,0.647435897435897,NA,10,"top10","eeg_tleft_sampent_full_change_precond;eeg_tleft_halpha_mean_full_change_precond;eeg_tleft_lalpha_mean_full_change_precond;pupil_dilation_sd_full_change_precond;eeg_pright_sampent_full_change_precond;eeg_fl_hbeta_mean_full_change_precond;hrv_rmssd_full_change_precond;eeg_t_sampent_full_change_precond;gsr_skin_conductance_eda_tonic_mean_nk_full_change_precond;eeg_c_theta_mean_full_change_precond"
2025-11-26 18:56:59.906258,28,"stress_label",10,256,0.03,0.615384615384615,0.641025641025641,NA,10,"top10","eeg_tleft_sampent_full_change_precond;eeg_tleft_halpha_mean_full_change_precond;eeg_tleft_lalpha_mean_full_change_precond;pupil_dilation_sd_full_change_precond;eeg_pright_sampent_full_change_precond;eeg_fl_hbeta_mean_full_change_precond;hrv_rmssd_full_change_precond;eeg_t_sampent_full_change_precond;gsr_skin_conductance_eda_tonic_mean_nk_full_change_precond;eeg_c_theta_mean_full_change_precond"
2025-11-26 18:57:00.666345,28,"stress_label",10,2,0.06,0.634615384615385,0.647435897435897,0.605982905982906,10,"top10","eeg_tleft_sampent_full_change_precond;eeg_tleft_halpha_mean_full_change_precond;eeg_tleft_lalpha_mean_full_change_precond;pupil_dilation_sd_full_change_precond;eeg_pright_sampent_full_change_precond;eeg_fl_hbeta_mean_full_change_precond;hrv_rmssd_full_change_precond;eeg_t_sampent_full_change_precond;gsr_skin_conductance_eda_tonic_mean_nk_full_change_precond;eeg_c_theta_mean_full_change_precond"
2025-11-26 18:57:01.504845,28,"stress_label",10,4,0.06,0.602564102564103,0.615384615384615,0.592307692307692,10,"top10","eeg_tleft_sampent_full_change_precond;eeg_tleft_halpha_mean_full_change_precond;eeg_tleft_lalpha_mean_full_change_precond;pupil_dilation_sd_full_change_precond;eeg_pright_sampent_full_change_precond;eeg_fl_hbeta_mean_full_change_precond;hrv_rmssd_full_change_precond;eeg_t_sampent_full_change_precond;gsr_skin_conductance_eda_tonic_mean_nk_full_change_precond;eeg_c_theta_mean_full_change_precond"
2025-11-26 18:57:02.387656,28,"stress_label",10,8,0.06,0.57051282051282,0.615384615384615,0.546153846153846,10,"top10","eeg_tleft_sampent_full_change_precond;eeg_tleft_halpha_mean_full_change_precond;eeg_tleft_lalpha_mean_full_change_precond;pupil_dilation_sd_full_change_precond;eeg_pright_sampent_full_change_precond;eeg_fl_hbeta_mean_full_change_precond;hrv_rmssd_full_change_precond;eeg_t_sampent_full_change_precond;gsr_skin_conductance_eda_tonic_mean_nk_full_change_precond;eeg_c_theta_mean_full_change_precond"
2025-11-26 18:57:03.319546,28,"stress_label",10,16,0.06,0.634615384615385,0.621794871794872,NA,10,"top10","eeg_tleft_sampent_full_change_precond;eeg_tleft_halpha_mean_full_change_precond;eeg_tleft_lalpha_mean_full_change_precond;pupil_dilation_sd_full_change_precond;eeg_pright_sampent_full_change_precond;eeg_fl_hbeta_mean_full_change_precond;hrv_rmssd_full_change_precond;eeg_t_sampent_full_change_precond;gsr_skin_conductance_eda_tonic_mean_nk_full_change_precond;eeg_c_theta_mean_full_change_precond"
2025-11-26 18:57:04.35048,28,"stress_label",10,32,0.06,0.628205128205128,0.653846153846154,NA,10,"top10","eeg_tleft_sampent_full_change_precond;eeg_tleft_halpha_mean_full_change_precond;eeg_tleft_lalpha_mean_full_change_precond;pupil_dilation_sd_full_change_precond;eeg_pright_sampent_full_change_precond;eeg_fl_hbeta_mean_full_change_precond;hrv_rmssd_full_change_precond;eeg_t_sampent_full_change_precond;gsr_skin_conductance_eda_tonic_mean_nk_full_change_precond;eeg_c_theta_mean_full_change_precond"
2025-11-26 18:57:05.337258,28,"stress_label",10,64,0.06,0.621794871794872,0.628205128205128,NA,10,"top10","eeg_tleft_sampent_full_change_precond;eeg_tleft_halpha_mean_full_change_precond;eeg_tleft_lalpha_mean_full_change_precond;pupil_dilation_sd_full_change_precond;eeg_pright_sampent_full_change_precond;eeg_fl_hbeta_mean_full_change_precond;hrv_rmssd_full_change_precond;eeg_t_sampent_full_change_precond;gsr_skin_conductance_eda_tonic_mean_nk_full_change_precond;eeg_c_theta_mean_full_change_precond"
2025-11-26 18:57:06.390728,28,"stress_label",10,128,0.06,0.628205128205128,0.621794871794872,NA,10,"top10","eeg_tleft_sampent_full_change_precond;eeg_tleft_halpha_mean_full_change_precond;eeg_tleft_lalpha_mean_full_change_precond;pupil_dilation_sd_full_change_precond;eeg_pright_sampent_full_change_precond;eeg_fl_hbeta_mean_full_change_precond;hrv_rmssd_full_change_precond;eeg_t_sampent_full_change_precond;gsr_skin_conductance_eda_tonic_mean_nk_full_change_precond;eeg_c_theta_mean_full_change_precond"
2025-11-26 18:57:07.555081,28,"stress_label",10,256,0.06,0.596153846153846,0.602564102564103,NA,10,"top10","eeg_tleft_sampent_full_change_precond;eeg_tleft_halpha_mean_full_change_precond;eeg_tleft_lalpha_mean_full_change_precond;pupil_dilation_sd_full_change_precond;eeg_pright_sampent_full_change_precond;eeg_fl_hbeta_mean_full_change_precond;hrv_rmssd_full_change_precond;eeg_t_sampent_full_change_precond;gsr_skin_conductance_eda_tonic_mean_nk_full_change_precond;eeg_c_theta_mean_full_change_precond"
2025-11-26 18:57:08.386553,28,"stress_label",10,2,0.1,0.602564102564103,0.602564102564103,0.594017094017094,10,"top10","eeg_tleft_sampent_full_change_precond;eeg_tleft_halpha_mean_full_change_precond;eeg_tleft_lalpha_mean_full_change_precond;pupil_dilation_sd_full_change_precond;eeg_pright_sampent_full_change_precond;eeg_fl_hbeta_mean_full_change_precond;hrv_rmssd_full_change_precond;eeg_t_sampent_full_change_precond;gsr_skin_conductance_eda_tonic_mean_nk_full_change_precond;eeg_c_theta_mean_full_change_precond"
2025-11-26 18:57:09.138078,28,"stress_label",10,4,0.1,0.615384615384615,0.615384615384615,NA,10,"top10","eeg_tleft_sampent_full_change_precond;eeg_tleft_halpha_mean_full_change_precond;eeg_tleft_lalpha_mean_full_change_precond;pupil_dilation_sd_full_change_precond;eeg_pright_sampent_full_change_precond;eeg_fl_hbeta_mean_full_change_precond;hrv_rmssd_full_change_precond;eeg_t_sampent_full_change_precond;gsr_skin_conductance_eda_tonic_mean_nk_full_change_precond;eeg_c_theta_mean_full_change_precond"
2025-11-26 18:57:10.002396,28,"stress_label",10,8,0.1,0.634615384615385,0.653846153846154,NA,10,"top10","eeg_tleft_sampent_full_change_precond;eeg_tleft_halpha_mean_full_change_precond;eeg_tleft_lalpha_mean_full_change_precond;pupil_dilation_sd_full_change_precond;eeg_pright_sampent_full_change_precond;eeg_fl_hbeta_mean_full_change_precond;hrv_rmssd_full_change_precond;eeg_t_sampent_full_change_precond;gsr_skin_conductance_eda_tonic_mean_nk_full_change_precond;eeg_c_theta_mean_full_change_precond"
2025-11-26 18:57:11.003384,28,"stress_label",10,16,0.1,0.621794871794872,0.666666666666667,NA,10,"top10","eeg_tleft_sampent_full_change_precond;eeg_tleft_halpha_mean_full_change_precond;eeg_tleft_lalpha_mean_full_change_precond;pupil_dilation_sd_full_change_precond;eeg_pright_sampent_full_change_precond;eeg_fl_hbeta_mean_full_change_precond;hrv_rmssd_full_change_precond;eeg_t_sampent_full_change_precond;gsr_skin_conductance_eda_tonic_mean_nk_full_change_precond;eeg_c_theta_mean_full_change_precond"
2025-11-26 18:57:12.040377,28,"stress_label",10,32,0.1,0.634615384615385,0.653846153846154,NA,10,"top10","eeg_tleft_sampent_full_change_precond;eeg_tleft_halpha_mean_full_change_precond;eeg_tleft_lalpha_mean_full_change_precond;pupil_dilation_sd_full_change_precond;eeg_pright_sampent_full_change_precond;eeg_fl_hbeta_mean_full_change_precond;hrv_rmssd_full_change_precond;eeg_t_sampent_full_change_precond;gsr_skin_conductance_eda_tonic_mean_nk_full_change_precond;eeg_c_theta_mean_full_change_precond"
2025-11-26 18:57:13.1464,28,"stress_label",10,64,0.1,0.608974358974359,0.621794871794872,NA,10,"top10","eeg_tleft_sampent_full_change_precond;eeg_tleft_halpha_mean_full_change_precond;eeg_tleft_lalpha_mean_full_change_precond;pupil_dilation_sd_full_change_precond;eeg_pright_sampent_full_change_precond;eeg_fl_hbeta_mean_full_change_precond;hrv_rmssd_full_change_precond;eeg_t_sampent_full_change_precond;gsr_skin_conductance_eda_tonic_mean_nk_full_change_precond;eeg_c_theta_mean_full_change_precond"
2025-11-26 18:57:14.196162,28,"stress_label",10,128,0.1,0.615384615384615,0.621794871794872,NA,10,"top10","eeg_tleft_sampent_full_change_precond;eeg_tleft_halpha_mean_full_change_precond;eeg_tleft_lalpha_mean_full_change_precond;pupil_dilation_sd_full_change_precond;eeg_pright_sampent_full_change_precond;eeg_fl_hbeta_mean_full_change_precond;hrv_rmssd_full_change_precond;eeg_t_sampent_full_change_precond;gsr_skin_conductance_eda_tonic_mean_nk_full_change_precond;eeg_c_theta_mean_full_change_precond"
2025-11-26 18:57:15.280852,28,"stress_label",10,256,0.1,0.615384615384615,0.621794871794872,NA,10,"top10","eeg_tleft_sampent_full_change_precond;eeg_tleft_halpha_mean_full_change_precond;eeg_tleft_lalpha_mean_full_change_precond;pupil_dilation_sd_full_change_precond;eeg_pright_sampent_full_change_precond;eeg_fl_hbeta_mean_full_change_precond;hrv_rmssd_full_change_precond;eeg_t_sampent_full_change_precond;gsr_skin_conductance_eda_tonic_mean_nk_full_change_precond;eeg_c_theta_mean_full_change_precond"
2025-11-26 18:57:16.113405,28,"stress_label",5,2,0.0078125,0.634615384615385,0.628205128205128,0.618803418803419,5,"top5","eeg_tleft_sampent_full_change_precond;eeg_tleft_halpha_mean_full_change_precond;eeg_tleft_lalpha_mean_full_change_precond;pupil_dilation_sd_full_change_precond;eeg_pright_sampent_full_change_precond"
2025-11-26 18:57:16.904455,28,"stress_label",5,4,0.0078125,0.615384615384615,0.634615384615385,NA,5,"top5","eeg_tleft_sampent_full_change_precond;eeg_tleft_halpha_mean_full_change_precond;eeg_tleft_lalpha_mean_full_change_precond;pupil_dilation_sd_full_change_precond;eeg_pright_sampent_full_change_precond"
2025-11-26 18:57:17.704632,28,"stress_label",5,8,0.0078125,0.602564102564103,0.602564102564103,NA,5,"top5","eeg_tleft_sampent_full_change_precond;eeg_tleft_halpha_mean_full_change_precond;eeg_tleft_lalpha_mean_full_change_precond;pupil_dilation_sd_full_change_precond;eeg_pright_sampent_full_change_precond"
2025-11-26 18:57:18.516501,28,"stress_label",5,16,0.0078125,0.583333333333333,0.596153846153846,NA,5,"top5","eeg_tleft_sampent_full_change_precond;eeg_tleft_halpha_mean_full_change_precond;eeg_tleft_lalpha_mean_full_change_precond;pupil_dilation_sd_full_change_precond;eeg_pright_sampent_full_change_precond"
2025-11-26 18:57:19.33286,28,"stress_label",5,32,0.0078125,0.583333333333333,0.576923076923077,NA,5,"top5","eeg_tleft_sampent_full_change_precond;eeg_tleft_halpha_mean_full_change_precond;eeg_tleft_lalpha_mean_full_change_precond;pupil_dilation_sd_full_change_precond;eeg_pright_sampent_full_change_precond"
2025-11-26 18:57:20.120566,28,"stress_label",5,64,0.0078125,0.621794871794872,0.621794871794872,0.548717948717949,5,"top5","eeg_tleft_sampent_full_change_precond;eeg_tleft_halpha_mean_full_change_precond;eeg_tleft_lalpha_mean_full_change_precond;pupil_dilation_sd_full_change_precond;eeg_pright_sampent_full_change_precond"
2025-11-26 18:57:20.83903,28,"stress_label",5,128,0.0078125,0.615384615384615,0.602564102564103,NA,5,"top5","eeg_tleft_sampent_full_change_precond;eeg_tleft_halpha_mean_full_change_precond;eeg_tleft_lalpha_mean_full_change_precond;pupil_dilation_sd_full_change_precond;eeg_pright_sampent_full_change_precond"
2025-11-26 18:57:21.676938,28,"stress_label",5,256,0.0078125,0.608974358974359,0.583333333333333,NA,5,"top5","eeg_tleft_sampent_full_change_precond;eeg_tleft_halpha_mean_full_change_precond;eeg_tleft_lalpha_mean_full_change_precond;pupil_dilation_sd_full_change_precond;eeg_pright_sampent_full_change_precond"
2025-11-26 18:57:22.45789,28,"stress_label",5,2,0.015625,0.608974358974359,0.621794871794872,NA,5,"top5","eeg_tleft_sampent_full_change_precond;eeg_tleft_halpha_mean_full_change_precond;eeg_tleft_lalpha_mean_full_change_precond;pupil_dilation_sd_full_change_precond;eeg_pright_sampent_full_change_precond"
2025-11-26 18:57:23.247881,28,"stress_label",5,4,0.015625,0.596153846153846,0.615384615384615,NA,5,"top5","eeg_tleft_sampent_full_change_precond;eeg_tleft_halpha_mean_full_change_precond;eeg_tleft_lalpha_mean_full_change_precond;pupil_dilation_sd_full_change_precond;eeg_pright_sampent_full_change_precond"
2025-11-26 18:57:24.057361,28,"stress_label",5,8,0.015625,0.58974358974359,0.583333333333333,NA,5,"top5","eeg_tleft_sampent_full_change_precond;eeg_tleft_halpha_mean_full_change_precond;eeg_tleft_lalpha_mean_full_change_precond;pupil_dilation_sd_full_change_precond;eeg_pright_sampent_full_change_precond"
2025-11-26 18:57:24.815345,28,"stress_label",5,16,0.015625,0.634615384615385,0.615384615384615,0.574358974358974,5,"top5","eeg_tleft_sampent_full_change_precond;eeg_tleft_halpha_mean_full_change_precond;eeg_tleft_lalpha_mean_full_change_precond;pupil_dilation_sd_full_change_precond;eeg_pright_sampent_full_change_precond"
2025-11-26 18:57:25.457116,28,"stress_label",5,32,0.015625,0.615384615384615,0.602564102564103,NA,5,"top5","eeg_tleft_sampent_full_change_precond;eeg_tleft_halpha_mean_full_change_precond;eeg_tleft_lalpha_mean_full_change_precond;pupil_dilation_sd_full_change_precond;eeg_pright_sampent_full_change_precond"
2025-11-26 18:57:26.293011,28,"stress_label",5,64,0.015625,0.608974358974359,0.583333333333333,NA,5,"top5","eeg_tleft_sampent_full_change_precond;eeg_tleft_halpha_mean_full_change_precond;eeg_tleft_lalpha_mean_full_change_precond;pupil_dilation_sd_full_change_precond;eeg_pright_sampent_full_change_precond"
2025-11-26 18:57:27.16399,28,"stress_label",5,128,0.015625,0.621794871794872,0.576923076923077,NA,5,"top5","eeg_tleft_sampent_full_change_precond;eeg_tleft_halpha_mean_full_change_precond;eeg_tleft_lalpha_mean_full_change_precond;pupil_dilation_sd_full_change_precond;eeg_pright_sampent_full_change_precond"
2025-11-26 18:57:28.126444,28,"stress_label",5,256,0.015625,0.608974358974359,0.57051282051282,NA,5,"top5","eeg_tleft_sampent_full_change_precond;eeg_tleft_halpha_mean_full_change_precond;eeg_tleft_lalpha_mean_full_change_precond;pupil_dilation_sd_full_change_precond;eeg_pright_sampent_full_change_precond"
2025-11-26 18:57:28.909091,28,"stress_label",5,2,0.03125,0.596153846153846,0.615384615384615,NA,5,"top5","eeg_tleft_sampent_full_change_precond;eeg_tleft_halpha_mean_full_change_precond;eeg_tleft_lalpha_mean_full_change_precond;pupil_dilation_sd_full_change_precond;eeg_pright_sampent_full_change_precond"
2025-11-26 18:57:29.664876,28,"stress_label",5,4,0.03125,0.608974358974359,0.608974358974359,0.557264957264957,5,"top5","eeg_tleft_sampent_full_change_precond;eeg_tleft_halpha_mean_full_change_precond;eeg_tleft_lalpha_mean_full_change_precond;pupil_dilation_sd_full_change_precond;eeg_pright_sampent_full_change_precond"
2025-11-26 18:57:30.455399,28,"stress_label",5,8,0.03125,0.615384615384615,0.628205128205128,NA,5,"top5","eeg_tleft_sampent_full_change_precond;eeg_tleft_halpha_mean_full_change_precond;eeg_tleft_lalpha_mean_full_change_precond;pupil_dilation_sd_full_change_precond;eeg_pright_sampent_full_change_precond"
2025-11-26 18:57:31.275474,28,"stress_label",5,16,0.03125,0.615384615384615,0.602564102564103,NA,5,"top5","eeg_tleft_sampent_full_change_precond;eeg_tleft_halpha_mean_full_change_precond;eeg_tleft_lalpha_mean_full_change_precond;pupil_dilation_sd_full_change_precond;eeg_pright_sampent_full_change_precond"
2025-11-26 18:57:32.093647,28,"stress_label",5,32,0.03125,0.608974358974359,0.57051282051282,NA,5,"top5","eeg_tleft_sampent_full_change_precond;eeg_tleft_halpha_mean_full_change_precond;eeg_tleft_lalpha_mean_full_change_precond;pupil_dilation_sd_full_change_precond;eeg_pright_sampent_full_change_precond"
2025-11-26 18:57:32.970614,28,"stress_label",5,64,0.03125,0.583333333333333,0.576923076923077,NA,5,"top5","eeg_tleft_sampent_full_change_precond;eeg_tleft_halpha_mean_full_change_precond;eeg_tleft_lalpha_mean_full_change_precond;pupil_dilation_sd_full_change_precond;eeg_pright_sampent_full_change_precond"
2025-11-26 18:57:33.852934,28,"stress_label",5,128,0.03125,0.576923076923077,0.519230769230769,NA,5,"top5","eeg_tleft_sampent_full_change_precond;eeg_tleft_halpha_mean_full_change_precond;eeg_tleft_lalpha_mean_full_change_precond;pupil_dilation_sd_full_change_precond;eeg_pright_sampent_full_change_precond"
2025-11-26 18:57:34.648783,28,"stress_label",5,256,0.03125,0.544871794871795,0.429487179487179,NA,5,"top5","eeg_tleft_sampent_full_change_precond;eeg_tleft_halpha_mean_full_change_precond;eeg_tleft_lalpha_mean_full_change_precond;pupil_dilation_sd_full_change_precond;eeg_pright_sampent_full_change_precond"
2025-11-26 18:57:35.41466,28,"stress_label",5,2,0.0625,0.615384615384615,0.628205128205128,NA,5,"top5","eeg_tleft_sampent_full_change_precond;eeg_tleft_halpha_mean_full_change_precond;eeg_tleft_lalpha_mean_full_change_precond;pupil_dilation_sd_full_change_precond;eeg_pright_sampent_full_change_precond"
2025-11-26 18:57:36.212572,28,"stress_label",5,4,0.0625,0.596153846153846,0.602564102564103,NA,5,"top5","eeg_tleft_sampent_full_change_precond;eeg_tleft_halpha_mean_full_change_precond;eeg_tleft_lalpha_mean_full_change_precond;pupil_dilation_sd_full_change_precond;eeg_pright_sampent_full_change_precond"
2025-11-26 18:57:36.913318,28,"stress_label",5,8,0.0625,0.58974358974359,0.564102564102564,NA,5,"top5","eeg_tleft_sampent_full_change_precond;eeg_tleft_halpha_mean_full_change_precond;eeg_tleft_lalpha_mean_full_change_precond;pupil_dilation_sd_full_change_precond;eeg_pright_sampent_full_change_precond"
2025-11-26 18:57:37.729465,28,"stress_label",5,16,0.0625,0.57051282051282,0.551282051282051,NA,5,"top5","eeg_tleft_sampent_full_change_precond;eeg_tleft_halpha_mean_full_change_precond;eeg_tleft_lalpha_mean_full_change_precond;pupil_dilation_sd_full_change_precond;eeg_pright_sampent_full_change_precond"
2025-11-26 18:57:38.48056,28,"stress_label",5,32,0.0625,0.583333333333333,0.551282051282051,NA,5,"top5","eeg_tleft_sampent_full_change_precond;eeg_tleft_halpha_mean_full_change_precond;eeg_tleft_lalpha_mean_full_change_precond;pupil_dilation_sd_full_change_precond;eeg_pright_sampent_full_change_precond"
2025-11-26 18:57:39.377928,28,"stress_label",5,64,0.0625,0.57051282051282,0.480769230769231,0.538461538461538,5,"top5","eeg_tleft_sampent_full_change_precond;eeg_tleft_halpha_mean_full_change_precond;eeg_tleft_lalpha_mean_full_change_precond;pupil_dilation_sd_full_change_precond;eeg_pright_sampent_full_change_precond"
2025-11-26 18:57:40.449368,28,"stress_label",5,128,0.0625,0.506410256410256,0.416666666666667,NA,5,"top5","eeg_tleft_sampent_full_change_precond;eeg_tleft_halpha_mean_full_change_precond;eeg_tleft_lalpha_mean_full_change_precond;pupil_dilation_sd_full_change_precond;eeg_pright_sampent_full_change_precond"
2025-11-26 18:57:41.731635,28,"stress_label",5,256,0.0625,0.5,0.416666666666667,0.492307692307692,5,"top5","eeg_tleft_sampent_full_change_precond;eeg_tleft_halpha_mean_full_change_precond;eeg_tleft_lalpha_mean_full_change_precond;pupil_dilation_sd_full_change_precond;eeg_pright_sampent_full_change_precond"
2025-11-26 18:57:42.506258,28,"stress_label",5,2,0.125,0.576923076923077,0.602564102564103,0.527350427350427,5,"top5","eeg_tleft_sampent_full_change_precond;eeg_tleft_halpha_mean_full_change_precond;eeg_tleft_lalpha_mean_full_change_precond;pupil_dilation_sd_full_change_precond;eeg_pright_sampent_full_change_precond"
2025-11-26 18:57:43.155948,28,"stress_label",5,4,0.125,0.583333333333333,0.564102564102564,NA,5,"top5","eeg_tleft_sampent_full_change_precond;eeg_tleft_halpha_mean_full_change_precond;eeg_tleft_lalpha_mean_full_change_precond;pupil_dilation_sd_full_change_precond;eeg_pright_sampent_full_change_precond"
2025-11-26 18:57:43.876272,28,"stress_label",5,8,0.125,0.576923076923077,0.544871794871795,0.541880341880342,5,"top5","eeg_tleft_sampent_full_change_precond;eeg_tleft_halpha_mean_full_change_precond;eeg_tleft_lalpha_mean_full_change_precond;pupil_dilation_sd_full_change_precond;eeg_pright_sampent_full_change_precond"
2025-11-26 18:57:44.591741,28,"stress_label",5,16,0.125,0.576923076923077,0.448717948717949,0.535897435897436,5,"top5","eeg_tleft_sampent_full_change_precond;eeg_tleft_halpha_mean_full_change_precond;eeg_tleft_lalpha_mean_full_change_precond;pupil_dilation_sd_full_change_precond;eeg_pright_sampent_full_change_precond"
2025-11-26 18:57:45.491436,28,"stress_label",5,32,0.125,0.532051282051282,0.448717948717949,NA,5,"top5","eeg_tleft_sampent_full_change_precond;eeg_tleft_halpha_mean_full_change_precond;eeg_tleft_lalpha_mean_full_change_precond;pupil_dilation_sd_full_change_precond;eeg_pright_sampent_full_change_precond"
2025-11-26 18:57:46.517835,28,"stress_label",5,64,0.125,0.519230769230769,0.461538461538462,0.494871794871795,5,"top5","eeg_tleft_sampent_full_change_precond;eeg_tleft_halpha_mean_full_change_precond;eeg_tleft_lalpha_mean_full_change_precond;pupil_dilation_sd_full_change_precond;eeg_pright_sampent_full_change_precond"
2025-11-26 18:57:47.763773,28,"stress_label",5,128,0.125,0.576923076923077,0.512820512820513,NA,5,"top5","eeg_tleft_sampent_full_change_precond;eeg_tleft_halpha_mean_full_change_precond;eeg_tleft_lalpha_mean_full_change_precond;pupil_dilation_sd_full_change_precond;eeg_pright_sampent_full_change_precond"
2025-11-26 18:57:49.42817,28,"stress_label",5,256,0.125,0.564102564102564,0.333333333333333,NA,5,"top5","eeg_tleft_sampent_full_change_precond;eeg_tleft_halpha_mean_full_change_precond;eeg_tleft_lalpha_mean_full_change_precond;pupil_dilation_sd_full_change_precond;eeg_pright_sampent_full_change_precond"
2025-11-26 18:57:50.23168,28,"stress_label",5,2,0.03,0.596153846153846,0.621794871794872,NA,5,"top5","eeg_tleft_sampent_full_change_precond;eeg_tleft_halpha_mean_full_change_precond;eeg_tleft_lalpha_mean_full_change_precond;pupil_dilation_sd_full_change_precond;eeg_pright_sampent_full_change_precond"
2025-11-26 18:57:51.012553,28,"stress_label",5,4,0.03,0.608974358974359,0.608974358974359,0.557264957264957,5,"top5","eeg_tleft_sampent_full_change_precond;eeg_tleft_halpha_mean_full_change_precond;eeg_tleft_lalpha_mean_full_change_precond;pupil_dilation_sd_full_change_precond;eeg_pright_sampent_full_change_precond"
2025-11-26 18:57:51.761413,28,"stress_label",5,8,0.03,0.615384615384615,0.634615384615385,NA,5,"top5","eeg_tleft_sampent_full_change_precond;eeg_tleft_halpha_mean_full_change_precond;eeg_tleft_lalpha_mean_full_change_precond;pupil_dilation_sd_full_change_precond;eeg_pright_sampent_full_change_precond"
2025-11-26 18:57:52.571233,28,"stress_label",5,16,0.03,0.615384615384615,0.602564102564103,NA,5,"top5","eeg_tleft_sampent_full_change_precond;eeg_tleft_halpha_mean_full_change_precond;eeg_tleft_lalpha_mean_full_change_precond;pupil_dilation_sd_full_change_precond;eeg_pright_sampent_full_change_precond"
2025-11-26 18:57:53.400967,28,"stress_label",5,32,0.03,0.608974358974359,0.57051282051282,NA,5,"top5","eeg_tleft_sampent_full_change_precond;eeg_tleft_halpha_mean_full_change_precond;eeg_tleft_lalpha_mean_full_change_precond;pupil_dilation_sd_full_change_precond;eeg_pright_sampent_full_change_precond"
2025-11-26 18:57:54.288437,28,"stress_label",5,64,0.03,0.583333333333333,0.551282051282051,NA,5,"top5","eeg_tleft_sampent_full_change_precond;eeg_tleft_halpha_mean_full_change_precond;eeg_tleft_lalpha_mean_full_change_precond;pupil_dilation_sd_full_change_precond;eeg_pright_sampent_full_change_precond"
2025-11-26 18:57:55.183084,28,"stress_label",5,128,0.03,0.583333333333333,0.538461538461538,NA,5,"top5","eeg_tleft_sampent_full_change_precond;eeg_tleft_halpha_mean_full_change_precond;eeg_tleft_lalpha_mean_full_change_precond;pupil_dilation_sd_full_change_precond;eeg_pright_sampent_full_change_precond"
2025-11-26 18:57:56.242253,28,"stress_label",5,256,0.03,0.544871794871795,0.493589743589744,NA,5,"top5","eeg_tleft_sampent_full_change_precond;eeg_tleft_halpha_mean_full_change_precond;eeg_tleft_lalpha_mean_full_change_precond;pupil_dilation_sd_full_change_precond;eeg_pright_sampent_full_change_precond"
2025-11-26 18:57:57.021517,28,"stress_label",5,2,0.06,0.621794871794872,0.621794871794872,0.561538461538462,5,"top5","eeg_tleft_sampent_full_change_precond;eeg_tleft_halpha_mean_full_change_precond;eeg_tleft_lalpha_mean_full_change_precond;pupil_dilation_sd_full_change_precond;eeg_pright_sampent_full_change_precond"
2025-11-26 18:57:57.831118,28,"stress_label",5,4,0.06,0.602564102564103,0.608974358974359,NA,5,"top5","eeg_tleft_sampent_full_change_precond;eeg_tleft_halpha_mean_full_change_precond;eeg_tleft_lalpha_mean_full_change_precond;pupil_dilation_sd_full_change_precond;eeg_pright_sampent_full_change_precond"
2025-11-26 18:57:58.646383,28,"stress_label",5,8,0.06,0.596153846153846,0.564102564102564,NA,5,"top5","eeg_tleft_sampent_full_change_precond;eeg_tleft_halpha_mean_full_change_precond;eeg_tleft_lalpha_mean_full_change_precond;pupil_dilation_sd_full_change_precond;eeg_pright_sampent_full_change_precond"
2025-11-26 18:57:59.411662,28,"stress_label",5,16,0.06,0.583333333333333,0.551282051282051,NA,5,"top5","eeg_tleft_sampent_full_change_precond;eeg_tleft_halpha_mean_full_change_precond;eeg_tleft_lalpha_mean_full_change_precond;pupil_dilation_sd_full_change_precond;eeg_pright_sampent_full_change_precond"
2025-11-26 18:58:00.423403,28,"stress_label",5,32,0.06,0.58974358974359,0.525641025641026,NA,5,"top5","eeg_tleft_sampent_full_change_precond;eeg_tleft_halpha_mean_full_change_precond;eeg_tleft_lalpha_mean_full_change_precond;pupil_dilation_sd_full_change_precond;eeg_pright_sampent_full_change_precond"
2025-11-26 18:58:01.304584,28,"stress_label",5,64,0.06,0.57051282051282,0.5,0.538461538461538,5,"top5","eeg_tleft_sampent_full_change_precond;eeg_tleft_halpha_mean_full_change_precond;eeg_tleft_lalpha_mean_full_change_precond;pupil_dilation_sd_full_change_precond;eeg_pright_sampent_full_change_precond"
2025-11-26 18:58:02.312505,28,"stress_label",5,128,0.06,0.525641025641026,0.378205128205128,NA,5,"top5","eeg_tleft_sampent_full_change_precond;eeg_tleft_halpha_mean_full_change_precond;eeg_tleft_lalpha_mean_full_change_precond;pupil_dilation_sd_full_change_precond;eeg_pright_sampent_full_change_precond"
2025-11-26 18:58:03.561787,28,"stress_label",5,256,0.06,0.5,0.480769230769231,0.496581196581197,5,"top5","eeg_tleft_sampent_full_change_precond;eeg_tleft_halpha_mean_full_change_precond;eeg_tleft_lalpha_mean_full_change_precond;pupil_dilation_sd_full_change_precond;eeg_pright_sampent_full_change_precond"
2025-11-26 18:58:04.290233,28,"stress_label",5,2,0.1,0.602564102564103,0.608974358974359,NA,5,"top5","eeg_tleft_sampent_full_change_precond;eeg_tleft_halpha_mean_full_change_precond;eeg_tleft_lalpha_mean_full_change_precond;pupil_dilation_sd_full_change_precond;eeg_pright_sampent_full_change_precond"
2025-11-26 18:58:05.073007,28,"stress_label",5,4,0.1,0.583333333333333,0.583333333333333,NA,5,"top5","eeg_tleft_sampent_full_change_precond;eeg_tleft_halpha_mean_full_change_precond;eeg_tleft_lalpha_mean_full_change_precond;pupil_dilation_sd_full_change_precond;eeg_pright_sampent_full_change_precond"
2025-11-26 18:58:05.858294,28,"stress_label",5,8,0.1,0.57051282051282,0.564102564102564,0.531623931623932,5,"top5","eeg_tleft_sampent_full_change_precond;eeg_tleft_halpha_mean_full_change_precond;eeg_tleft_lalpha_mean_full_change_precond;pupil_dilation_sd_full_change_precond;eeg_pright_sampent_full_change_precond"
2025-11-26 18:58:06.684486,28,"stress_label",5,16,0.1,0.576923076923077,0.519230769230769,0.541880341880342,5,"top5","eeg_tleft_sampent_full_change_precond;eeg_tleft_halpha_mean_full_change_precond;eeg_tleft_lalpha_mean_full_change_precond;pupil_dilation_sd_full_change_precond;eeg_pright_sampent_full_change_precond"
2025-11-26 18:58:07.474254,28,"stress_label",5,32,0.1,0.557692307692308,0.365384615384615,NA,5,"top5","eeg_tleft_sampent_full_change_precond;eeg_tleft_halpha_mean_full_change_precond;eeg_tleft_lalpha_mean_full_change_precond;pupil_dilation_sd_full_change_precond;eeg_pright_sampent_full_change_precond"
2025-11-26 18:58:08.421791,28,"stress_label",5,64,0.1,0.525641025641026,0.326923076923077,NA,5,"top5","eeg_tleft_sampent_full_change_precond;eeg_tleft_halpha_mean_full_change_precond;eeg_tleft_lalpha_mean_full_change_precond;pupil_dilation_sd_full_change_precond;eeg_pright_sampent_full_change_precond"
2025-11-26 18:58:09.579101,28,"stress_label",5,128,0.1,0.525641025641026,0.403846153846154,NA,5,"top5","eeg_tleft_sampent_full_change_precond;eeg_tleft_halpha_mean_full_change_precond;eeg_tleft_lalpha_mean_full_change_precond;pupil_dilation_sd_full_change_precond;eeg_pright_sampent_full_change_precond"
2025-11-26 18:58:10.802866,28,"stress_label",5,256,0.1,0.57051282051282,0.448717948717949,NA,5,"top5","eeg_tleft_sampent_full_change_precond;eeg_tleft_halpha_mean_full_change_precond;eeg_tleft_lalpha_mean_full_change_precond;pupil_dilation_sd_full_change_precond;eeg_pright_sampent_full_change_precond"
2025-11-26 18:58:11.802594,29,"stress_label",20,2,0.0078125,0.583333333333333,0.634615384615385,0.542735042735043,20,"top20","eeg_tleft_sampent_full_change_precond;eeg_tleft_halpha_mean_full_change_precond;eeg_tleft_lalpha_mean_full_change_precond;pupil_dilation_sd_full_change_precond;eeg_t_sampent_full_change_precond;hrv_rmssd_full_change_precond;eeg_pright_sampent_full_change_precond;gsr_skin_conductance_eda_tonic_mean_nk_full_change_precond;eeg_tright_halpha_mean_full_change_precond;eeg_fl_hbeta_mean_full_change_precond;eeg_c_theta_mean_full_change_precond;eeg_pleft_halpha_mean_full_change_precond;eeg_fr_sampent_full_change_precond;eeg_fm_theta_mean_full_change_precond;eeg_pleft_lbeta_mean_full_change_precond;eeg_c_sampent_full_change_precond;hr_heartrate_bpm_med_abs_full_change_precond;eeg_tleft_hbeta_mean_full_change_precond;eeg_pright_halpha_mean_full_change_precond;eeg_fm_sampent_full_change_precond"
2025-11-26 18:58:12.731177,29,"stress_label",20,4,0.0078125,0.58974358974359,0.647435897435897,0.575213675213675,20,"top20","eeg_tleft_sampent_full_change_precond;eeg_tleft_halpha_mean_full_change_precond;eeg_tleft_lalpha_mean_full_change_precond;pupil_dilation_sd_full_change_precond;eeg_t_sampent_full_change_precond;hrv_rmssd_full_change_precond;eeg_pright_sampent_full_change_precond;gsr_skin_conductance_eda_tonic_mean_nk_full_change_precond;eeg_tright_halpha_mean_full_change_precond;eeg_fl_hbeta_mean_full_change_precond;eeg_c_theta_mean_full_change_precond;eeg_pleft_halpha_mean_full_change_precond;eeg_fr_sampent_full_change_precond;eeg_fm_theta_mean_full_change_precond;eeg_pleft_lbeta_mean_full_change_precond;eeg_c_sampent_full_change_precond;hr_heartrate_bpm_med_abs_full_change_precond;eeg_tleft_hbeta_mean_full_change_precond;eeg_pright_halpha_mean_full_change_precond;eeg_fm_sampent_full_change_precond"
2025-11-26 18:58:13.685886,29,"stress_label",20,8,0.0078125,0.576923076923077,0.66025641025641,0.567521367521368,20,"top20","eeg_tleft_sampent_full_change_precond;eeg_tleft_halpha_mean_full_change_precond;eeg_tleft_lalpha_mean_full_change_precond;pupil_dilation_sd_full_change_precond;eeg_t_sampent_full_change_precond;hrv_rmssd_full_change_precond;eeg_pright_sampent_full_change_precond;gsr_skin_conductance_eda_tonic_mean_nk_full_change_precond;eeg_tright_halpha_mean_full_change_precond;eeg_fl_hbeta_mean_full_change_precond;eeg_c_theta_mean_full_change_precond;eeg_pleft_halpha_mean_full_change_precond;eeg_fr_sampent_full_change_precond;eeg_fm_theta_mean_full_change_precond;eeg_pleft_lbeta_mean_full_change_precond;eeg_c_sampent_full_change_precond;hr_heartrate_bpm_med_abs_full_change_precond;eeg_tleft_hbeta_mean_full_change_precond;eeg_pright_halpha_mean_full_change_precond;eeg_fm_sampent_full_change_precond"
2025-11-26 18:58:14.760451,29,"stress_label",20,16,0.0078125,0.57051282051282,0.647435897435897,0.560683760683761,20,"top20","eeg_tleft_sampent_full_change_precond;eeg_tleft_halpha_mean_full_change_precond;eeg_tleft_lalpha_mean_full_change_precond;pupil_dilation_sd_full_change_precond;eeg_t_sampent_full_change_precond;hrv_rmssd_full_change_precond;eeg_pright_sampent_full_change_precond;gsr_skin_conductance_eda_tonic_mean_nk_full_change_precond;eeg_tright_halpha_mean_full_change_precond;eeg_fl_hbeta_mean_full_change_precond;eeg_c_theta_mean_full_change_precond;eeg_pleft_halpha_mean_full_change_precond;eeg_fr_sampent_full_change_precond;eeg_fm_theta_mean_full_change_precond;eeg_pleft_lbeta_mean_full_change_precond;eeg_c_sampent_full_change_precond;hr_heartrate_bpm_med_abs_full_change_precond;eeg_tleft_hbeta_mean_full_change_precond;eeg_pright_halpha_mean_full_change_precond;eeg_fm_sampent_full_change_precond"
2025-11-26 18:58:15.853583,29,"stress_label",20,32,0.0078125,0.564102564102564,0.634615384615385,0.545299145299145,20,"top20","eeg_tleft_sampent_full_change_precond;eeg_tleft_halpha_mean_full_change_precond;eeg_tleft_lalpha_mean_full_change_precond;pupil_dilation_sd_full_change_precond;eeg_t_sampent_full_change_precond;hrv_rmssd_full_change_precond;eeg_pright_sampent_full_change_precond;gsr_skin_conductance_eda_tonic_mean_nk_full_change_precond;eeg_tright_halpha_mean_full_change_precond;eeg_fl_hbeta_mean_full_change_precond;eeg_c_theta_mean_full_change_precond;eeg_pleft_halpha_mean_full_change_precond;eeg_fr_sampent_full_change_precond;eeg_fm_theta_mean_full_change_precond;eeg_pleft_lbeta_mean_full_change_precond;eeg_c_sampent_full_change_precond;hr_heartrate_bpm_med_abs_full_change_precond;eeg_tleft_hbeta_mean_full_change_precond;eeg_pright_halpha_mean_full_change_precond;eeg_fm_sampent_full_change_precond"
2025-11-26 18:58:17.029254,29,"stress_label",20,64,0.0078125,0.576923076923077,0.58974358974359,0.558119658119658,20,"top20","eeg_tleft_sampent_full_change_precond;eeg_tleft_halpha_mean_full_change_precond;eeg_tleft_lalpha_mean_full_change_precond;pupil_dilation_sd_full_change_precond;eeg_t_sampent_full_change_precond;hrv_rmssd_full_change_precond;eeg_pright_sampent_full_change_precond;gsr_skin_conductance_eda_tonic_mean_nk_full_change_precond;eeg_tright_halpha_mean_full_change_precond;eeg_fl_hbeta_mean_full_change_precond;eeg_c_theta_mean_full_change_precond;eeg_pleft_halpha_mean_full_change_precond;eeg_fr_sampent_full_change_precond;eeg_fm_theta_mean_full_change_precond;eeg_pleft_lbeta_mean_full_change_precond;eeg_c_sampent_full_change_precond;hr_heartrate_bpm_med_abs_full_change_precond;eeg_tleft_hbeta_mean_full_change_precond;eeg_pright_halpha_mean_full_change_precond;eeg_fm_sampent_full_change_precond"
2025-11-26 18:58:18.268004,29,"stress_label",20,128,0.0078125,0.551282051282051,0.512820512820513,NA,20,"top20","eeg_tleft_sampent_full_change_precond;eeg_tleft_halpha_mean_full_change_precond;eeg_tleft_lalpha_mean_full_change_precond;pupil_dilation_sd_full_change_precond;eeg_t_sampent_full_change_precond;hrv_rmssd_full_change_precond;eeg_pright_sampent_full_change_precond;gsr_skin_conductance_eda_tonic_mean_nk_full_change_precond;eeg_tright_halpha_mean_full_change_precond;eeg_fl_hbeta_mean_full_change_precond;eeg_c_theta_mean_full_change_precond;eeg_pleft_halpha_mean_full_change_precond;eeg_fr_sampent_full_change_precond;eeg_fm_theta_mean_full_change_precond;eeg_pleft_lbeta_mean_full_change_precond;eeg_c_sampent_full_change_precond;hr_heartrate_bpm_med_abs_full_change_precond;eeg_tleft_hbeta_mean_full_change_precond;eeg_pright_halpha_mean_full_change_precond;eeg_fm_sampent_full_change_precond"
2025-11-26 18:58:19.782725,29,"stress_label",20,256,0.0078125,0.564102564102564,0.58974358974359,NA,20,"top20","eeg_tleft_sampent_full_change_precond;eeg_tleft_halpha_mean_full_change_precond;eeg_tleft_lalpha_mean_full_change_precond;pupil_dilation_sd_full_change_precond;eeg_t_sampent_full_change_precond;hrv_rmssd_full_change_precond;eeg_pright_sampent_full_change_precond;gsr_skin_conductance_eda_tonic_mean_nk_full_change_precond;eeg_tright_halpha_mean_full_change_precond;eeg_fl_hbeta_mean_full_change_precond;eeg_c_theta_mean_full_change_precond;eeg_pleft_halpha_mean_full_change_precond;eeg_fr_sampent_full_change_precond;eeg_fm_theta_mean_full_change_precond;eeg_pleft_lbeta_mean_full_change_precond;eeg_c_sampent_full_change_precond;hr_heartrate_bpm_med_abs_full_change_precond;eeg_tleft_hbeta_mean_full_change_precond;eeg_pright_halpha_mean_full_change_precond;eeg_fm_sampent_full_change_precond"
2025-11-26 18:58:20.827581,29,"stress_label",20,2,0.015625,0.57051282051282,0.647435897435897,0.555555555555556,20,"top20","eeg_tleft_sampent_full_change_precond;eeg_tleft_halpha_mean_full_change_precond;eeg_tleft_lalpha_mean_full_change_precond;pupil_dilation_sd_full_change_precond;eeg_t_sampent_full_change_precond;hrv_rmssd_full_change_precond;eeg_pright_sampent_full_change_precond;gsr_skin_conductance_eda_tonic_mean_nk_full_change_precond;eeg_tright_halpha_mean_full_change_precond;eeg_fl_hbeta_mean_full_change_precond;eeg_c_theta_mean_full_change_precond;eeg_pleft_halpha_mean_full_change_precond;eeg_fr_sampent_full_change_precond;eeg_fm_theta_mean_full_change_precond;eeg_pleft_lbeta_mean_full_change_precond;eeg_c_sampent_full_change_precond;hr_heartrate_bpm_med_abs_full_change_precond;eeg_tleft_hbeta_mean_full_change_precond;eeg_pright_halpha_mean_full_change_precond;eeg_fm_sampent_full_change_precond"
2025-11-26 18:58:21.861094,29,"stress_label",20,4,0.015625,0.576923076923077,0.641025641025641,0.561538461538462,20,"top20","eeg_tleft_sampent_full_change_precond;eeg_tleft_halpha_mean_full_change_precond;eeg_tleft_lalpha_mean_full_change_precond;pupil_dilation_sd_full_change_precond;eeg_t_sampent_full_change_precond;hrv_rmssd_full_change_precond;eeg_pright_sampent_full_change_precond;gsr_skin_conductance_eda_tonic_mean_nk_full_change_precond;eeg_tright_halpha_mean_full_change_precond;eeg_fl_hbeta_mean_full_change_precond;eeg_c_theta_mean_full_change_precond;eeg_pleft_halpha_mean_full_change_precond;eeg_fr_sampent_full_change_precond;eeg_fm_theta_mean_full_change_precond;eeg_pleft_lbeta_mean_full_change_precond;eeg_c_sampent_full_change_precond;hr_heartrate_bpm_med_abs_full_change_precond;eeg_tleft_hbeta_mean_full_change_precond;eeg_pright_halpha_mean_full_change_precond;eeg_fm_sampent_full_change_precond"
2025-11-26 18:58:22.85173,29,"stress_label",20,8,0.015625,0.583333333333333,0.634615384615385,0.567521367521368,20,"top20","eeg_tleft_sampent_full_change_precond;eeg_tleft_halpha_mean_full_change_precond;eeg_tleft_lalpha_mean_full_change_precond;pupil_dilation_sd_full_change_precond;eeg_t_sampent_full_change_precond;hrv_rmssd_full_change_precond;eeg_pright_sampent_full_change_precond;gsr_skin_conductance_eda_tonic_mean_nk_full_change_precond;eeg_tright_halpha_mean_full_change_precond;eeg_fl_hbeta_mean_full_change_precond;eeg_c_theta_mean_full_change_precond;eeg_pleft_halpha_mean_full_change_precond;eeg_fr_sampent_full_change_precond;eeg_fm_theta_mean_full_change_precond;eeg_pleft_lbeta_mean_full_change_precond;eeg_c_sampent_full_change_precond;hr_heartrate_bpm_med_abs_full_change_precond;eeg_tleft_hbeta_mean_full_change_precond;eeg_pright_halpha_mean_full_change_precond;eeg_fm_sampent_full_change_precond"
2025-11-26 18:58:23.942299,29,"stress_label",20,16,0.015625,0.583333333333333,0.608974358974359,0.570940170940171,20,"top20","eeg_tleft_sampent_full_change_precond;eeg_tleft_halpha_mean_full_change_precond;eeg_tleft_lalpha_mean_full_change_precond;pupil_dilation_sd_full_change_precond;eeg_t_sampent_full_change_precond;hrv_rmssd_full_change_precond;eeg_pright_sampent_full_change_precond;gsr_skin_conductance_eda_tonic_mean_nk_full_change_precond;eeg_tright_halpha_mean_full_change_precond;eeg_fl_hbeta_mean_full_change_precond;eeg_c_theta_mean_full_change_precond;eeg_pleft_halpha_mean_full_change_precond;eeg_fr_sampent_full_change_precond;eeg_fm_theta_mean_full_change_precond;eeg_pleft_lbeta_mean_full_change_precond;eeg_c_sampent_full_change_precond;hr_heartrate_bpm_med_abs_full_change_precond;eeg_tleft_hbeta_mean_full_change_precond;eeg_pright_halpha_mean_full_change_precond;eeg_fm_sampent_full_change_precond"
2025-11-26 18:58:25.133601,29,"stress_label",20,32,0.015625,0.557692307692308,0.532051282051282,NA,20,"top20","eeg_tleft_sampent_full_change_precond;eeg_tleft_halpha_mean_full_change_precond;eeg_tleft_lalpha_mean_full_change_precond;pupil_dilation_sd_full_change_precond;eeg_t_sampent_full_change_precond;hrv_rmssd_full_change_precond;eeg_pright_sampent_full_change_precond;gsr_skin_conductance_eda_tonic_mean_nk_full_change_precond;eeg_tright_halpha_mean_full_change_precond;eeg_fl_hbeta_mean_full_change_precond;eeg_c_theta_mean_full_change_precond;eeg_pleft_halpha_mean_full_change_precond;eeg_fr_sampent_full_change_precond;eeg_fm_theta_mean_full_change_precond;eeg_pleft_lbeta_mean_full_change_precond;eeg_c_sampent_full_change_precond;hr_heartrate_bpm_med_abs_full_change_precond;eeg_tleft_hbeta_mean_full_change_precond;eeg_pright_halpha_mean_full_change_precond;eeg_fm_sampent_full_change_precond"
2025-11-26 18:58:26.444464,29,"stress_label",20,64,0.015625,0.564102564102564,0.576923076923077,NA,20,"top20","eeg_tleft_sampent_full_change_precond;eeg_tleft_halpha_mean_full_change_precond;eeg_tleft_lalpha_mean_full_change_precond;pupil_dilation_sd_full_change_precond;eeg_t_sampent_full_change_precond;hrv_rmssd_full_change_precond;eeg_pright_sampent_full_change_precond;gsr_skin_conductance_eda_tonic_mean_nk_full_change_precond;eeg_tright_halpha_mean_full_change_precond;eeg_fl_hbeta_mean_full_change_precond;eeg_c_theta_mean_full_change_precond;eeg_pleft_halpha_mean_full_change_precond;eeg_fr_sampent_full_change_precond;eeg_fm_theta_mean_full_change_precond;eeg_pleft_lbeta_mean_full_change_precond;eeg_c_sampent_full_change_precond;hr_heartrate_bpm_med_abs_full_change_precond;eeg_tleft_hbeta_mean_full_change_precond;eeg_pright_halpha_mean_full_change_precond;eeg_fm_sampent_full_change_precond"
2025-11-26 18:58:27.853707,29,"stress_label",20,128,0.015625,0.58974358974359,0.596153846153846,NA,20,"top20","eeg_tleft_sampent_full_change_precond;eeg_tleft_halpha_mean_full_change_precond;eeg_tleft_lalpha_mean_full_change_precond;pupil_dilation_sd_full_change_precond;eeg_t_sampent_full_change_precond;hrv_rmssd_full_change_precond;eeg_pright_sampent_full_change_precond;gsr_skin_conductance_eda_tonic_mean_nk_full_change_precond;eeg_tright_halpha_mean_full_change_precond;eeg_fl_hbeta_mean_full_change_precond;eeg_c_theta_mean_full_change_precond;eeg_pleft_halpha_mean_full_change_precond;eeg_fr_sampent_full_change_precond;eeg_fm_theta_mean_full_change_precond;eeg_pleft_lbeta_mean_full_change_precond;eeg_c_sampent_full_change_precond;hr_heartrate_bpm_med_abs_full_change_precond;eeg_tleft_hbeta_mean_full_change_precond;eeg_pright_halpha_mean_full_change_precond;eeg_fm_sampent_full_change_precond"
2025-11-26 18:58:29.170863,29,"stress_label",20,256,0.015625,0.602564102564103,0.58974358974359,NA,20,"top20","eeg_tleft_sampent_full_change_precond;eeg_tleft_halpha_mean_full_change_precond;eeg_tleft_lalpha_mean_full_change_precond;pupil_dilation_sd_full_change_precond;eeg_t_sampent_full_change_precond;hrv_rmssd_full_change_precond;eeg_pright_sampent_full_change_precond;gsr_skin_conductance_eda_tonic_mean_nk_full_change_precond;eeg_tright_halpha_mean_full_change_precond;eeg_fl_hbeta_mean_full_change_precond;eeg_c_theta_mean_full_change_precond;eeg_pleft_halpha_mean_full_change_precond;eeg_fr_sampent_full_change_precond;eeg_fm_theta_mean_full_change_precond;eeg_pleft_lbeta_mean_full_change_precond;eeg_c_sampent_full_change_precond;hr_heartrate_bpm_med_abs_full_change_precond;eeg_tleft_hbeta_mean_full_change_precond;eeg_pright_halpha_mean_full_change_precond;eeg_fm_sampent_full_change_precond"
2025-11-26 18:58:30.129802,29,"stress_label",20,2,0.03125,0.58974358974359,0.621794871794872,0.569230769230769,20,"top20","eeg_tleft_sampent_full_change_precond;eeg_tleft_halpha_mean_full_change_precond;eeg_tleft_lalpha_mean_full_change_precond;pupil_dilation_sd_full_change_precond;eeg_t_sampent_full_change_precond;hrv_rmssd_full_change_precond;eeg_pright_sampent_full_change_precond;gsr_skin_conductance_eda_tonic_mean_nk_full_change_precond;eeg_tright_halpha_mean_full_change_precond;eeg_fl_hbeta_mean_full_change_precond;eeg_c_theta_mean_full_change_precond;eeg_pleft_halpha_mean_full_change_precond;eeg_fr_sampent_full_change_precond;eeg_fm_theta_mean_full_change_precond;eeg_pleft_lbeta_mean_full_change_precond;eeg_c_sampent_full_change_precond;hr_heartrate_bpm_med_abs_full_change_precond;eeg_tleft_hbeta_mean_full_change_precond;eeg_pright_halpha_mean_full_change_precond;eeg_fm_sampent_full_change_precond"
2025-11-26 18:58:31.107653,29,"stress_label",20,4,0.03125,0.596153846153846,0.634615384615385,NA,20,"top20","eeg_tleft_sampent_full_change_precond;eeg_tleft_halpha_mean_full_change_precond;eeg_tleft_lalpha_mean_full_change_precond;pupil_dilation_sd_full_change_precond;eeg_t_sampent_full_change_precond;hrv_rmssd_full_change_precond;eeg_pright_sampent_full_change_precond;gsr_skin_conductance_eda_tonic_mean_nk_full_change_precond;eeg_tright_halpha_mean_full_change_precond;eeg_fl_hbeta_mean_full_change_precond;eeg_c_theta_mean_full_change_precond;eeg_pleft_halpha_mean_full_change_precond;eeg_fr_sampent_full_change_precond;eeg_fm_theta_mean_full_change_precond;eeg_pleft_lbeta_mean_full_change_precond;eeg_c_sampent_full_change_precond;hr_heartrate_bpm_med_abs_full_change_precond;eeg_tleft_hbeta_mean_full_change_precond;eeg_pright_halpha_mean_full_change_precond;eeg_fm_sampent_full_change_precond"
2025-11-26 18:58:32.229685,29,"stress_label",20,8,0.03125,0.576923076923077,0.596153846153846,NA,20,"top20","eeg_tleft_sampent_full_change_precond;eeg_tleft_halpha_mean_full_change_precond;eeg_tleft_lalpha_mean_full_change_precond;pupil_dilation_sd_full_change_precond;eeg_t_sampent_full_change_precond;hrv_rmssd_full_change_precond;eeg_pright_sampent_full_change_precond;gsr_skin_conductance_eda_tonic_mean_nk_full_change_precond;eeg_tright_halpha_mean_full_change_precond;eeg_fl_hbeta_mean_full_change_precond;eeg_c_theta_mean_full_change_precond;eeg_pleft_halpha_mean_full_change_precond;eeg_fr_sampent_full_change_precond;eeg_fm_theta_mean_full_change_precond;eeg_pleft_lbeta_mean_full_change_precond;eeg_c_sampent_full_change_precond;hr_heartrate_bpm_med_abs_full_change_precond;eeg_tleft_hbeta_mean_full_change_precond;eeg_pright_halpha_mean_full_change_precond;eeg_fm_sampent_full_change_precond"
2025-11-26 18:58:33.404365,29,"stress_label",20,16,0.03125,0.57051282051282,0.576923076923077,NA,20,"top20","eeg_tleft_sampent_full_change_precond;eeg_tleft_halpha_mean_full_change_precond;eeg_tleft_lalpha_mean_full_change_precond;pupil_dilation_sd_full_change_precond;eeg_t_sampent_full_change_precond;hrv_rmssd_full_change_precond;eeg_pright_sampent_full_change_precond;gsr_skin_conductance_eda_tonic_mean_nk_full_change_precond;eeg_tright_halpha_mean_full_change_precond;eeg_fl_hbeta_mean_full_change_precond;eeg_c_theta_mean_full_change_precond;eeg_pleft_halpha_mean_full_change_precond;eeg_fr_sampent_full_change_precond;eeg_fm_theta_mean_full_change_precond;eeg_pleft_lbeta_mean_full_change_precond;eeg_c_sampent_full_change_precond;hr_heartrate_bpm_med_abs_full_change_precond;eeg_tleft_hbeta_mean_full_change_precond;eeg_pright_halpha_mean_full_change_precond;eeg_fm_sampent_full_change_precond"
2025-11-26 18:58:34.63642,29,"stress_label",20,32,0.03125,0.58974358974359,0.58974358974359,NA,20,"top20","eeg_tleft_sampent_full_change_precond;eeg_tleft_halpha_mean_full_change_precond;eeg_tleft_lalpha_mean_full_change_precond;pupil_dilation_sd_full_change_precond;eeg_t_sampent_full_change_precond;hrv_rmssd_full_change_precond;eeg_pright_sampent_full_change_precond;gsr_skin_conductance_eda_tonic_mean_nk_full_change_precond;eeg_tright_halpha_mean_full_change_precond;eeg_fl_hbeta_mean_full_change_precond;eeg_c_theta_mean_full_change_precond;eeg_pleft_halpha_mean_full_change_precond;eeg_fr_sampent_full_change_precond;eeg_fm_theta_mean_full_change_precond;eeg_pleft_lbeta_mean_full_change_precond;eeg_c_sampent_full_change_precond;hr_heartrate_bpm_med_abs_full_change_precond;eeg_tleft_hbeta_mean_full_change_precond;eeg_pright_halpha_mean_full_change_precond;eeg_fm_sampent_full_change_precond"
2025-11-26 18:58:35.817228,29,"stress_label",20,64,0.03125,0.58974358974359,0.576923076923077,NA,20,"top20","eeg_tleft_sampent_full_change_precond;eeg_tleft_halpha_mean_full_change_precond;eeg_tleft_lalpha_mean_full_change_precond;pupil_dilation_sd_full_change_precond;eeg_t_sampent_full_change_precond;hrv_rmssd_full_change_precond;eeg_pright_sampent_full_change_precond;gsr_skin_conductance_eda_tonic_mean_nk_full_change_precond;eeg_tright_halpha_mean_full_change_precond;eeg_fl_hbeta_mean_full_change_precond;eeg_c_theta_mean_full_change_precond;eeg_pleft_halpha_mean_full_change_precond;eeg_fr_sampent_full_change_precond;eeg_fm_theta_mean_full_change_precond;eeg_pleft_lbeta_mean_full_change_precond;eeg_c_sampent_full_change_precond;hr_heartrate_bpm_med_abs_full_change_precond;eeg_tleft_hbeta_mean_full_change_precond;eeg_pright_halpha_mean_full_change_precond;eeg_fm_sampent_full_change_precond"
2025-11-26 18:58:36.821448,29,"stress_label",20,128,0.03125,0.58974358974359,0.57051282051282,NA,20,"top20","eeg_tleft_sampent_full_change_precond;eeg_tleft_halpha_mean_full_change_precond;eeg_tleft_lalpha_mean_full_change_precond;pupil_dilation_sd_full_change_precond;eeg_t_sampent_full_change_precond;hrv_rmssd_full_change_precond;eeg_pright_sampent_full_change_precond;gsr_skin_conductance_eda_tonic_mean_nk_full_change_precond;eeg_tright_halpha_mean_full_change_precond;eeg_fl_hbeta_mean_full_change_precond;eeg_c_theta_mean_full_change_precond;eeg_pleft_halpha_mean_full_change_precond;eeg_fr_sampent_full_change_precond;eeg_fm_theta_mean_full_change_precond;eeg_pleft_lbeta_mean_full_change_precond;eeg_c_sampent_full_change_precond;hr_heartrate_bpm_med_abs_full_change_precond;eeg_tleft_hbeta_mean_full_change_precond;eeg_pright_halpha_mean_full_change_precond;eeg_fm_sampent_full_change_precond"
2025-11-26 18:58:37.925006,29,"stress_label",20,256,0.03125,0.58974358974359,0.57051282051282,NA,20,"top20","eeg_tleft_sampent_full_change_precond;eeg_tleft_halpha_mean_full_change_precond;eeg_tleft_lalpha_mean_full_change_precond;pupil_dilation_sd_full_change_precond;eeg_t_sampent_full_change_precond;hrv_rmssd_full_change_precond;eeg_pright_sampent_full_change_precond;gsr_skin_conductance_eda_tonic_mean_nk_full_change_precond;eeg_tright_halpha_mean_full_change_precond;eeg_fl_hbeta_mean_full_change_precond;eeg_c_theta_mean_full_change_precond;eeg_pleft_halpha_mean_full_change_precond;eeg_fr_sampent_full_change_precond;eeg_fm_theta_mean_full_change_precond;eeg_pleft_lbeta_mean_full_change_precond;eeg_c_sampent_full_change_precond;hr_heartrate_bpm_med_abs_full_change_precond;eeg_tleft_hbeta_mean_full_change_precond;eeg_pright_halpha_mean_full_change_precond;eeg_fm_sampent_full_change_precond"
2025-11-26 18:58:39.010539,29,"stress_label",20,2,0.0625,0.602564102564103,0.628205128205128,NA,20,"top20","eeg_tleft_sampent_full_change_precond;eeg_tleft_halpha_mean_full_change_precond;eeg_tleft_lalpha_mean_full_change_precond;pupil_dilation_sd_full_change_precond;eeg_t_sampent_full_change_precond;hrv_rmssd_full_change_precond;eeg_pright_sampent_full_change_precond;gsr_skin_conductance_eda_tonic_mean_nk_full_change_precond;eeg_tright_halpha_mean_full_change_precond;eeg_fl_hbeta_mean_full_change_precond;eeg_c_theta_mean_full_change_precond;eeg_pleft_halpha_mean_full_change_precond;eeg_fr_sampent_full_change_precond;eeg_fm_theta_mean_full_change_precond;eeg_pleft_lbeta_mean_full_change_precond;eeg_c_sampent_full_change_precond;hr_heartrate_bpm_med_abs_full_change_precond;eeg_tleft_hbeta_mean_full_change_precond;eeg_pright_halpha_mean_full_change_precond;eeg_fm_sampent_full_change_precond"
2025-11-26 18:58:40.076507,29,"stress_label",20,4,0.0625,0.602564102564103,0.628205128205128,NA,20,"top20","eeg_tleft_sampent_full_change_precond;eeg_tleft_halpha_mean_full_change_precond;eeg_tleft_lalpha_mean_full_change_precond;pupil_dilation_sd_full_change_precond;eeg_t_sampent_full_change_precond;hrv_rmssd_full_change_precond;eeg_pright_sampent_full_change_precond;gsr_skin_conductance_eda_tonic_mean_nk_full_change_precond;eeg_tright_halpha_mean_full_change_precond;eeg_fl_hbeta_mean_full_change_precond;eeg_c_theta_mean_full_change_precond;eeg_pleft_halpha_mean_full_change_precond;eeg_fr_sampent_full_change_precond;eeg_fm_theta_mean_full_change_precond;eeg_pleft_lbeta_mean_full_change_precond;eeg_c_sampent_full_change_precond;hr_heartrate_bpm_med_abs_full_change_precond;eeg_tleft_hbeta_mean_full_change_precond;eeg_pright_halpha_mean_full_change_precond;eeg_fm_sampent_full_change_precond"
2025-11-26 18:58:41.156309,29,"stress_label",20,8,0.0625,0.602564102564103,0.615384615384615,NA,20,"top20","eeg_tleft_sampent_full_change_precond;eeg_tleft_halpha_mean_full_change_precond;eeg_tleft_lalpha_mean_full_change_precond;pupil_dilation_sd_full_change_precond;eeg_t_sampent_full_change_precond;hrv_rmssd_full_change_precond;eeg_pright_sampent_full_change_precond;gsr_skin_conductance_eda_tonic_mean_nk_full_change_precond;eeg_tright_halpha_mean_full_change_precond;eeg_fl_hbeta_mean_full_change_precond;eeg_c_theta_mean_full_change_precond;eeg_pleft_halpha_mean_full_change_precond;eeg_fr_sampent_full_change_precond;eeg_fm_theta_mean_full_change_precond;eeg_pleft_lbeta_mean_full_change_precond;eeg_c_sampent_full_change_precond;hr_heartrate_bpm_med_abs_full_change_precond;eeg_tleft_hbeta_mean_full_change_precond;eeg_pright_halpha_mean_full_change_precond;eeg_fm_sampent_full_change_precond"
2025-11-26 18:58:42.329434,29,"stress_label",20,16,0.0625,0.596153846153846,0.621794871794872,NA,20,"top20","eeg_tleft_sampent_full_change_precond;eeg_tleft_halpha_mean_full_change_precond;eeg_tleft_lalpha_mean_full_change_precond;pupil_dilation_sd_full_change_precond;eeg_t_sampent_full_change_precond;hrv_rmssd_full_change_precond;eeg_pright_sampent_full_change_precond;gsr_skin_conductance_eda_tonic_mean_nk_full_change_precond;eeg_tright_halpha_mean_full_change_precond;eeg_fl_hbeta_mean_full_change_precond;eeg_c_theta_mean_full_change_precond;eeg_pleft_halpha_mean_full_change_precond;eeg_fr_sampent_full_change_precond;eeg_fm_theta_mean_full_change_precond;eeg_pleft_lbeta_mean_full_change_precond;eeg_c_sampent_full_change_precond;hr_heartrate_bpm_med_abs_full_change_precond;eeg_tleft_hbeta_mean_full_change_precond;eeg_pright_halpha_mean_full_change_precond;eeg_fm_sampent_full_change_precond"
2025-11-26 18:58:43.425618,29,"stress_label",20,32,0.0625,0.596153846153846,0.628205128205128,NA,20,"top20","eeg_tleft_sampent_full_change_precond;eeg_tleft_halpha_mean_full_change_precond;eeg_tleft_lalpha_mean_full_change_precond;pupil_dilation_sd_full_change_precond;eeg_t_sampent_full_change_precond;hrv_rmssd_full_change_precond;eeg_pright_sampent_full_change_precond;gsr_skin_conductance_eda_tonic_mean_nk_full_change_precond;eeg_tright_halpha_mean_full_change_precond;eeg_fl_hbeta_mean_full_change_precond;eeg_c_theta_mean_full_change_precond;eeg_pleft_halpha_mean_full_change_precond;eeg_fr_sampent_full_change_precond;eeg_fm_theta_mean_full_change_precond;eeg_pleft_lbeta_mean_full_change_precond;eeg_c_sampent_full_change_precond;hr_heartrate_bpm_med_abs_full_change_precond;eeg_tleft_hbeta_mean_full_change_precond;eeg_pright_halpha_mean_full_change_precond;eeg_fm_sampent_full_change_precond"
2025-11-26 18:58:44.500593,29,"stress_label",20,64,0.0625,0.596153846153846,0.628205128205128,NA,20,"top20","eeg_tleft_sampent_full_change_precond;eeg_tleft_halpha_mean_full_change_precond;eeg_tleft_lalpha_mean_full_change_precond;pupil_dilation_sd_full_change_precond;eeg_t_sampent_full_change_precond;hrv_rmssd_full_change_precond;eeg_pright_sampent_full_change_precond;gsr_skin_conductance_eda_tonic_mean_nk_full_change_precond;eeg_tright_halpha_mean_full_change_precond;eeg_fl_hbeta_mean_full_change_precond;eeg_c_theta_mean_full_change_precond;eeg_pleft_halpha_mean_full_change_precond;eeg_fr_sampent_full_change_precond;eeg_fm_theta_mean_full_change_precond;eeg_pleft_lbeta_mean_full_change_precond;eeg_c_sampent_full_change_precond;hr_heartrate_bpm_med_abs_full_change_precond;eeg_tleft_hbeta_mean_full_change_precond;eeg_pright_halpha_mean_full_change_precond;eeg_fm_sampent_full_change_precond"
2025-11-26 18:58:45.555353,29,"stress_label",20,128,0.0625,0.596153846153846,0.628205128205128,NA,20,"top20","eeg_tleft_sampent_full_change_precond;eeg_tleft_halpha_mean_full_change_precond;eeg_tleft_lalpha_mean_full_change_precond;pupil_dilation_sd_full_change_precond;eeg_t_sampent_full_change_precond;hrv_rmssd_full_change_precond;eeg_pright_sampent_full_change_precond;gsr_skin_conductance_eda_tonic_mean_nk_full_change_precond;eeg_tright_halpha_mean_full_change_precond;eeg_fl_hbeta_mean_full_change_precond;eeg_c_theta_mean_full_change_precond;eeg_pleft_halpha_mean_full_change_precond;eeg_fr_sampent_full_change_precond;eeg_fm_theta_mean_full_change_precond;eeg_pleft_lbeta_mean_full_change_precond;eeg_c_sampent_full_change_precond;hr_heartrate_bpm_med_abs_full_change_precond;eeg_tleft_hbeta_mean_full_change_precond;eeg_pright_halpha_mean_full_change_precond;eeg_fm_sampent_full_change_precond"
2025-11-26 18:58:46.482901,29,"stress_label",20,256,0.0625,0.596153846153846,0.628205128205128,NA,20,"top20","eeg_tleft_sampent_full_change_precond;eeg_tleft_halpha_mean_full_change_precond;eeg_tleft_lalpha_mean_full_change_precond;pupil_dilation_sd_full_change_precond;eeg_t_sampent_full_change_precond;hrv_rmssd_full_change_precond;eeg_pright_sampent_full_change_precond;gsr_skin_conductance_eda_tonic_mean_nk_full_change_precond;eeg_tright_halpha_mean_full_change_precond;eeg_fl_hbeta_mean_full_change_precond;eeg_c_theta_mean_full_change_precond;eeg_pleft_halpha_mean_full_change_precond;eeg_fr_sampent_full_change_precond;eeg_fm_theta_mean_full_change_precond;eeg_pleft_lbeta_mean_full_change_precond;eeg_c_sampent_full_change_precond;hr_heartrate_bpm_med_abs_full_change_precond;eeg_tleft_hbeta_mean_full_change_precond;eeg_pright_halpha_mean_full_change_precond;eeg_fm_sampent_full_change_precond"
2025-11-26 18:58:47.565175,29,"stress_label",20,2,0.125,0.621794871794872,0.634615384615385,NA,20,"top20","eeg_tleft_sampent_full_change_precond;eeg_tleft_halpha_mean_full_change_precond;eeg_tleft_lalpha_mean_full_change_precond;pupil_dilation_sd_full_change_precond;eeg_t_sampent_full_change_precond;hrv_rmssd_full_change_precond;eeg_pright_sampent_full_change_precond;gsr_skin_conductance_eda_tonic_mean_nk_full_change_precond;eeg_tright_halpha_mean_full_change_precond;eeg_fl_hbeta_mean_full_change_precond;eeg_c_theta_mean_full_change_precond;eeg_pleft_halpha_mean_full_change_precond;eeg_fr_sampent_full_change_precond;eeg_fm_theta_mean_full_change_precond;eeg_pleft_lbeta_mean_full_change_precond;eeg_c_sampent_full_change_precond;hr_heartrate_bpm_med_abs_full_change_precond;eeg_tleft_hbeta_mean_full_change_precond;eeg_pright_halpha_mean_full_change_precond;eeg_fm_sampent_full_change_precond"
2025-11-26 18:58:48.707113,29,"stress_label",20,4,0.125,0.641025641025641,0.641025641025641,NA,20,"top20","eeg_tleft_sampent_full_change_precond;eeg_tleft_halpha_mean_full_change_precond;eeg_tleft_lalpha_mean_full_change_precond;pupil_dilation_sd_full_change_precond;eeg_t_sampent_full_change_precond;hrv_rmssd_full_change_precond;eeg_pright_sampent_full_change_precond;gsr_skin_conductance_eda_tonic_mean_nk_full_change_precond;eeg_tright_halpha_mean_full_change_precond;eeg_fl_hbeta_mean_full_change_precond;eeg_c_theta_mean_full_change_precond;eeg_pleft_halpha_mean_full_change_precond;eeg_fr_sampent_full_change_precond;eeg_fm_theta_mean_full_change_precond;eeg_pleft_lbeta_mean_full_change_precond;eeg_c_sampent_full_change_precond;hr_heartrate_bpm_med_abs_full_change_precond;eeg_tleft_hbeta_mean_full_change_precond;eeg_pright_halpha_mean_full_change_precond;eeg_fm_sampent_full_change_precond"
2025-11-26 18:58:49.767719,29,"stress_label",20,8,0.125,0.634615384615385,0.615384615384615,NA,20,"top20","eeg_tleft_sampent_full_change_precond;eeg_tleft_halpha_mean_full_change_precond;eeg_tleft_lalpha_mean_full_change_precond;pupil_dilation_sd_full_change_precond;eeg_t_sampent_full_change_precond;hrv_rmssd_full_change_precond;eeg_pright_sampent_full_change_precond;gsr_skin_conductance_eda_tonic_mean_nk_full_change_precond;eeg_tright_halpha_mean_full_change_precond;eeg_fl_hbeta_mean_full_change_precond;eeg_c_theta_mean_full_change_precond;eeg_pleft_halpha_mean_full_change_precond;eeg_fr_sampent_full_change_precond;eeg_fm_theta_mean_full_change_precond;eeg_pleft_lbeta_mean_full_change_precond;eeg_c_sampent_full_change_precond;hr_heartrate_bpm_med_abs_full_change_precond;eeg_tleft_hbeta_mean_full_change_precond;eeg_pright_halpha_mean_full_change_precond;eeg_fm_sampent_full_change_precond"
2025-11-26 18:58:50.917535,29,"stress_label",20,16,0.125,0.634615384615385,0.615384615384615,NA,20,"top20","eeg_tleft_sampent_full_change_precond;eeg_tleft_halpha_mean_full_change_precond;eeg_tleft_lalpha_mean_full_change_precond;pupil_dilation_sd_full_change_precond;eeg_t_sampent_full_change_precond;hrv_rmssd_full_change_precond;eeg_pright_sampent_full_change_precond;gsr_skin_conductance_eda_tonic_mean_nk_full_change_precond;eeg_tright_halpha_mean_full_change_precond;eeg_fl_hbeta_mean_full_change_precond;eeg_c_theta_mean_full_change_precond;eeg_pleft_halpha_mean_full_change_precond;eeg_fr_sampent_full_change_precond;eeg_fm_theta_mean_full_change_precond;eeg_pleft_lbeta_mean_full_change_precond;eeg_c_sampent_full_change_precond;hr_heartrate_bpm_med_abs_full_change_precond;eeg_tleft_hbeta_mean_full_change_precond;eeg_pright_halpha_mean_full_change_precond;eeg_fm_sampent_full_change_precond"
2025-11-26 18:58:52.069987,29,"stress_label",20,32,0.125,0.634615384615385,0.615384615384615,NA,20,"top20","eeg_tleft_sampent_full_change_precond;eeg_tleft_halpha_mean_full_change_precond;eeg_tleft_lalpha_mean_full_change_precond;pupil_dilation_sd_full_change_precond;eeg_t_sampent_full_change_precond;hrv_rmssd_full_change_precond;eeg_pright_sampent_full_change_precond;gsr_skin_conductance_eda_tonic_mean_nk_full_change_precond;eeg_tright_halpha_mean_full_change_precond;eeg_fl_hbeta_mean_full_change_precond;eeg_c_theta_mean_full_change_precond;eeg_pleft_halpha_mean_full_change_precond;eeg_fr_sampent_full_change_precond;eeg_fm_theta_mean_full_change_precond;eeg_pleft_lbeta_mean_full_change_precond;eeg_c_sampent_full_change_precond;hr_heartrate_bpm_med_abs_full_change_precond;eeg_tleft_hbeta_mean_full_change_precond;eeg_pright_halpha_mean_full_change_precond;eeg_fm_sampent_full_change_precond"
2025-11-26 18:58:53.2113,29,"stress_label",20,64,0.125,0.634615384615385,0.615384615384615,NA,20,"top20","eeg_tleft_sampent_full_change_precond;eeg_tleft_halpha_mean_full_change_precond;eeg_tleft_lalpha_mean_full_change_precond;pupil_dilation_sd_full_change_precond;eeg_t_sampent_full_change_precond;hrv_rmssd_full_change_precond;eeg_pright_sampent_full_change_precond;gsr_skin_conductance_eda_tonic_mean_nk_full_change_precond;eeg_tright_halpha_mean_full_change_precond;eeg_fl_hbeta_mean_full_change_precond;eeg_c_theta_mean_full_change_precond;eeg_pleft_halpha_mean_full_change_precond;eeg_fr_sampent_full_change_precond;eeg_fm_theta_mean_full_change_precond;eeg_pleft_lbeta_mean_full_change_precond;eeg_c_sampent_full_change_precond;hr_heartrate_bpm_med_abs_full_change_precond;eeg_tleft_hbeta_mean_full_change_precond;eeg_pright_halpha_mean_full_change_precond;eeg_fm_sampent_full_change_precond"
2025-11-26 18:58:54.361716,29,"stress_label",20,128,0.125,0.634615384615385,0.615384615384615,NA,20,"top20","eeg_tleft_sampent_full_change_precond;eeg_tleft_halpha_mean_full_change_precond;eeg_tleft_lalpha_mean_full_change_precond;pupil_dilation_sd_full_change_precond;eeg_t_sampent_full_change_precond;hrv_rmssd_full_change_precond;eeg_pright_sampent_full_change_precond;gsr_skin_conductance_eda_tonic_mean_nk_full_change_precond;eeg_tright_halpha_mean_full_change_precond;eeg_fl_hbeta_mean_full_change_precond;eeg_c_theta_mean_full_change_precond;eeg_pleft_halpha_mean_full_change_precond;eeg_fr_sampent_full_change_precond;eeg_fm_theta_mean_full_change_precond;eeg_pleft_lbeta_mean_full_change_precond;eeg_c_sampent_full_change_precond;hr_heartrate_bpm_med_abs_full_change_precond;eeg_tleft_hbeta_mean_full_change_precond;eeg_pright_halpha_mean_full_change_precond;eeg_fm_sampent_full_change_precond"
2025-11-26 18:58:55.517948,29,"stress_label",20,256,0.125,0.634615384615385,0.615384615384615,NA,20,"top20","eeg_tleft_sampent_full_change_precond;eeg_tleft_halpha_mean_full_change_precond;eeg_tleft_lalpha_mean_full_change_precond;pupil_dilation_sd_full_change_precond;eeg_t_sampent_full_change_precond;hrv_rmssd_full_change_precond;eeg_pright_sampent_full_change_precond;gsr_skin_conductance_eda_tonic_mean_nk_full_change_precond;eeg_tright_halpha_mean_full_change_precond;eeg_fl_hbeta_mean_full_change_precond;eeg_c_theta_mean_full_change_precond;eeg_pleft_halpha_mean_full_change_precond;eeg_fr_sampent_full_change_precond;eeg_fm_theta_mean_full_change_precond;eeg_pleft_lbeta_mean_full_change_precond;eeg_c_sampent_full_change_precond;hr_heartrate_bpm_med_abs_full_change_precond;eeg_tleft_hbeta_mean_full_change_precond;eeg_pright_halpha_mean_full_change_precond;eeg_fm_sampent_full_change_precond"
2025-11-26 18:58:56.555349,29,"stress_label",20,2,0.03,0.583333333333333,0.621794871794872,0.566666666666667,20,"top20","eeg_tleft_sampent_full_change_precond;eeg_tleft_halpha_mean_full_change_precond;eeg_tleft_lalpha_mean_full_change_precond;pupil_dilation_sd_full_change_precond;eeg_t_sampent_full_change_precond;hrv_rmssd_full_change_precond;eeg_pright_sampent_full_change_precond;gsr_skin_conductance_eda_tonic_mean_nk_full_change_precond;eeg_tright_halpha_mean_full_change_precond;eeg_fl_hbeta_mean_full_change_precond;eeg_c_theta_mean_full_change_precond;eeg_pleft_halpha_mean_full_change_precond;eeg_fr_sampent_full_change_precond;eeg_fm_theta_mean_full_change_precond;eeg_pleft_lbeta_mean_full_change_precond;eeg_c_sampent_full_change_precond;hr_heartrate_bpm_med_abs_full_change_precond;eeg_tleft_hbeta_mean_full_change_precond;eeg_pright_halpha_mean_full_change_precond;eeg_fm_sampent_full_change_precond"
2025-11-26 18:58:57.526704,29,"stress_label",20,4,0.03,0.602564102564103,0.641025641025641,0.587179487179487,20,"top20","eeg_tleft_sampent_full_change_precond;eeg_tleft_halpha_mean_full_change_precond;eeg_tleft_lalpha_mean_full_change_precond;pupil_dilation_sd_full_change_precond;eeg_t_sampent_full_change_precond;hrv_rmssd_full_change_precond;eeg_pright_sampent_full_change_precond;gsr_skin_conductance_eda_tonic_mean_nk_full_change_precond;eeg_tright_halpha_mean_full_change_precond;eeg_fl_hbeta_mean_full_change_precond;eeg_c_theta_mean_full_change_precond;eeg_pleft_halpha_mean_full_change_precond;eeg_fr_sampent_full_change_precond;eeg_fm_theta_mean_full_change_precond;eeg_pleft_lbeta_mean_full_change_precond;eeg_c_sampent_full_change_precond;hr_heartrate_bpm_med_abs_full_change_precond;eeg_tleft_hbeta_mean_full_change_precond;eeg_pright_halpha_mean_full_change_precond;eeg_fm_sampent_full_change_precond"
2025-11-26 18:58:58.621635,29,"stress_label",20,8,0.03,0.576923076923077,0.596153846153846,NA,20,"top20","eeg_tleft_sampent_full_change_precond;eeg_tleft_halpha_mean_full_change_precond;eeg_tleft_lalpha_mean_full_change_precond;pupil_dilation_sd_full_change_precond;eeg_t_sampent_full_change_precond;hrv_rmssd_full_change_precond;eeg_pright_sampent_full_change_precond;gsr_skin_conductance_eda_tonic_mean_nk_full_change_precond;eeg_tright_halpha_mean_full_change_precond;eeg_fl_hbeta_mean_full_change_precond;eeg_c_theta_mean_full_change_precond;eeg_pleft_halpha_mean_full_change_precond;eeg_fr_sampent_full_change_precond;eeg_fm_theta_mean_full_change_precond;eeg_pleft_lbeta_mean_full_change_precond;eeg_c_sampent_full_change_precond;hr_heartrate_bpm_med_abs_full_change_precond;eeg_tleft_hbeta_mean_full_change_precond;eeg_pright_halpha_mean_full_change_precond;eeg_fm_sampent_full_change_precond"
2025-11-26 18:58:59.800014,29,"stress_label",20,16,0.03,0.57051282051282,0.576923076923077,NA,20,"top20","eeg_tleft_sampent_full_change_precond;eeg_tleft_halpha_mean_full_change_precond;eeg_tleft_lalpha_mean_full_change_precond;pupil_dilation_sd_full_change_precond;eeg_t_sampent_full_change_precond;hrv_rmssd_full_change_precond;eeg_pright_sampent_full_change_precond;gsr_skin_conductance_eda_tonic_mean_nk_full_change_precond;eeg_tright_halpha_mean_full_change_precond;eeg_fl_hbeta_mean_full_change_precond;eeg_c_theta_mean_full_change_precond;eeg_pleft_halpha_mean_full_change_precond;eeg_fr_sampent_full_change_precond;eeg_fm_theta_mean_full_change_precond;eeg_pleft_lbeta_mean_full_change_precond;eeg_c_sampent_full_change_precond;hr_heartrate_bpm_med_abs_full_change_precond;eeg_tleft_hbeta_mean_full_change_precond;eeg_pright_halpha_mean_full_change_precond;eeg_fm_sampent_full_change_precond"
2025-11-26 18:59:01.008876,29,"stress_label",20,32,0.03,0.58974358974359,0.602564102564103,NA,20,"top20","eeg_tleft_sampent_full_change_precond;eeg_tleft_halpha_mean_full_change_precond;eeg_tleft_lalpha_mean_full_change_precond;pupil_dilation_sd_full_change_precond;eeg_t_sampent_full_change_precond;hrv_rmssd_full_change_precond;eeg_pright_sampent_full_change_precond;gsr_skin_conductance_eda_tonic_mean_nk_full_change_precond;eeg_tright_halpha_mean_full_change_precond;eeg_fl_hbeta_mean_full_change_precond;eeg_c_theta_mean_full_change_precond;eeg_pleft_halpha_mean_full_change_precond;eeg_fr_sampent_full_change_precond;eeg_fm_theta_mean_full_change_precond;eeg_pleft_lbeta_mean_full_change_precond;eeg_c_sampent_full_change_precond;hr_heartrate_bpm_med_abs_full_change_precond;eeg_tleft_hbeta_mean_full_change_precond;eeg_pright_halpha_mean_full_change_precond;eeg_fm_sampent_full_change_precond"
2025-11-26 18:59:02.185451,29,"stress_label",20,64,0.03,0.58974358974359,0.576923076923077,NA,20,"top20","eeg_tleft_sampent_full_change_precond;eeg_tleft_halpha_mean_full_change_precond;eeg_tleft_lalpha_mean_full_change_precond;pupil_dilation_sd_full_change_precond;eeg_t_sampent_full_change_precond;hrv_rmssd_full_change_precond;eeg_pright_sampent_full_change_precond;gsr_skin_conductance_eda_tonic_mean_nk_full_change_precond;eeg_tright_halpha_mean_full_change_precond;eeg_fl_hbeta_mean_full_change_precond;eeg_c_theta_mean_full_change_precond;eeg_pleft_halpha_mean_full_change_precond;eeg_fr_sampent_full_change_precond;eeg_fm_theta_mean_full_change_precond;eeg_pleft_lbeta_mean_full_change_precond;eeg_c_sampent_full_change_precond;hr_heartrate_bpm_med_abs_full_change_precond;eeg_tleft_hbeta_mean_full_change_precond;eeg_pright_halpha_mean_full_change_precond;eeg_fm_sampent_full_change_precond"
2025-11-26 18:59:03.429371,29,"stress_label",20,128,0.03,0.58974358974359,0.564102564102564,NA,20,"top20","eeg_tleft_sampent_full_change_precond;eeg_tleft_halpha_mean_full_change_precond;eeg_tleft_lalpha_mean_full_change_precond;pupil_dilation_sd_full_change_precond;eeg_t_sampent_full_change_precond;hrv_rmssd_full_change_precond;eeg_pright_sampent_full_change_precond;gsr_skin_conductance_eda_tonic_mean_nk_full_change_precond;eeg_tright_halpha_mean_full_change_precond;eeg_fl_hbeta_mean_full_change_precond;eeg_c_theta_mean_full_change_precond;eeg_pleft_halpha_mean_full_change_precond;eeg_fr_sampent_full_change_precond;eeg_fm_theta_mean_full_change_precond;eeg_pleft_lbeta_mean_full_change_precond;eeg_c_sampent_full_change_precond;hr_heartrate_bpm_med_abs_full_change_precond;eeg_tleft_hbeta_mean_full_change_precond;eeg_pright_halpha_mean_full_change_precond;eeg_fm_sampent_full_change_precond"
2025-11-26 18:59:04.648214,29,"stress_label",20,256,0.03,0.58974358974359,0.564102564102564,NA,20,"top20","eeg_tleft_sampent_full_change_precond;eeg_tleft_halpha_mean_full_change_precond;eeg_tleft_lalpha_mean_full_change_precond;pupil_dilation_sd_full_change_precond;eeg_t_sampent_full_change_precond;hrv_rmssd_full_change_precond;eeg_pright_sampent_full_change_precond;gsr_skin_conductance_eda_tonic_mean_nk_full_change_precond;eeg_tright_halpha_mean_full_change_precond;eeg_fl_hbeta_mean_full_change_precond;eeg_c_theta_mean_full_change_precond;eeg_pleft_halpha_mean_full_change_precond;eeg_fr_sampent_full_change_precond;eeg_fm_theta_mean_full_change_precond;eeg_pleft_lbeta_mean_full_change_precond;eeg_c_sampent_full_change_precond;hr_heartrate_bpm_med_abs_full_change_precond;eeg_tleft_hbeta_mean_full_change_precond;eeg_pright_halpha_mean_full_change_precond;eeg_fm_sampent_full_change_precond"
2025-11-26 18:59:05.665088,29,"stress_label",20,2,0.06,0.602564102564103,0.634615384615385,NA,20,"top20","eeg_tleft_sampent_full_change_precond;eeg_tleft_halpha_mean_full_change_precond;eeg_tleft_lalpha_mean_full_change_precond;pupil_dilation_sd_full_change_precond;eeg_t_sampent_full_change_precond;hrv_rmssd_full_change_precond;eeg_pright_sampent_full_change_precond;gsr_skin_conductance_eda_tonic_mean_nk_full_change_precond;eeg_tright_halpha_mean_full_change_precond;eeg_fl_hbeta_mean_full_change_precond;eeg_c_theta_mean_full_change_precond;eeg_pleft_halpha_mean_full_change_precond;eeg_fr_sampent_full_change_precond;eeg_fm_theta_mean_full_change_precond;eeg_pleft_lbeta_mean_full_change_precond;eeg_c_sampent_full_change_precond;hr_heartrate_bpm_med_abs_full_change_precond;eeg_tleft_hbeta_mean_full_change_precond;eeg_pright_halpha_mean_full_change_precond;eeg_fm_sampent_full_change_precond"
2025-11-26 18:59:06.766068,29,"stress_label",20,4,0.06,0.596153846153846,0.628205128205128,NA,20,"top20","eeg_tleft_sampent_full_change_precond;eeg_tleft_halpha_mean_full_change_precond;eeg_tleft_lalpha_mean_full_change_precond;pupil_dilation_sd_full_change_precond;eeg_t_sampent_full_change_precond;hrv_rmssd_full_change_precond;eeg_pright_sampent_full_change_precond;gsr_skin_conductance_eda_tonic_mean_nk_full_change_precond;eeg_tright_halpha_mean_full_change_precond;eeg_fl_hbeta_mean_full_change_precond;eeg_c_theta_mean_full_change_precond;eeg_pleft_halpha_mean_full_change_precond;eeg_fr_sampent_full_change_precond;eeg_fm_theta_mean_full_change_precond;eeg_pleft_lbeta_mean_full_change_precond;eeg_c_sampent_full_change_precond;hr_heartrate_bpm_med_abs_full_change_precond;eeg_tleft_hbeta_mean_full_change_precond;eeg_pright_halpha_mean_full_change_precond;eeg_fm_sampent_full_change_precond"
2025-11-26 18:59:07.821915,29,"stress_label",20,8,0.06,0.602564102564103,0.615384615384615,NA,20,"top20","eeg_tleft_sampent_full_change_precond;eeg_tleft_halpha_mean_full_change_precond;eeg_tleft_lalpha_mean_full_change_precond;pupil_dilation_sd_full_change_precond;eeg_t_sampent_full_change_precond;hrv_rmssd_full_change_precond;eeg_pright_sampent_full_change_precond;gsr_skin_conductance_eda_tonic_mean_nk_full_change_precond;eeg_tright_halpha_mean_full_change_precond;eeg_fl_hbeta_mean_full_change_precond;eeg_c_theta_mean_full_change_precond;eeg_pleft_halpha_mean_full_change_precond;eeg_fr_sampent_full_change_precond;eeg_fm_theta_mean_full_change_precond;eeg_pleft_lbeta_mean_full_change_precond;eeg_c_sampent_full_change_precond;hr_heartrate_bpm_med_abs_full_change_precond;eeg_tleft_hbeta_mean_full_change_precond;eeg_pright_halpha_mean_full_change_precond;eeg_fm_sampent_full_change_precond"
2025-11-26 18:59:08.997503,29,"stress_label",20,16,0.06,0.596153846153846,0.621794871794872,NA,20,"top20","eeg_tleft_sampent_full_change_precond;eeg_tleft_halpha_mean_full_change_precond;eeg_tleft_lalpha_mean_full_change_precond;pupil_dilation_sd_full_change_precond;eeg_t_sampent_full_change_precond;hrv_rmssd_full_change_precond;eeg_pright_sampent_full_change_precond;gsr_skin_conductance_eda_tonic_mean_nk_full_change_precond;eeg_tright_halpha_mean_full_change_precond;eeg_fl_hbeta_mean_full_change_precond;eeg_c_theta_mean_full_change_precond;eeg_pleft_halpha_mean_full_change_precond;eeg_fr_sampent_full_change_precond;eeg_fm_theta_mean_full_change_precond;eeg_pleft_lbeta_mean_full_change_precond;eeg_c_sampent_full_change_precond;hr_heartrate_bpm_med_abs_full_change_precond;eeg_tleft_hbeta_mean_full_change_precond;eeg_pright_halpha_mean_full_change_precond;eeg_fm_sampent_full_change_precond"
2025-11-26 18:59:10.159394,29,"stress_label",20,32,0.06,0.596153846153846,0.628205128205128,NA,20,"top20","eeg_tleft_sampent_full_change_precond;eeg_tleft_halpha_mean_full_change_precond;eeg_tleft_lalpha_mean_full_change_precond;pupil_dilation_sd_full_change_precond;eeg_t_sampent_full_change_precond;hrv_rmssd_full_change_precond;eeg_pright_sampent_full_change_precond;gsr_skin_conductance_eda_tonic_mean_nk_full_change_precond;eeg_tright_halpha_mean_full_change_precond;eeg_fl_hbeta_mean_full_change_precond;eeg_c_theta_mean_full_change_precond;eeg_pleft_halpha_mean_full_change_precond;eeg_fr_sampent_full_change_precond;eeg_fm_theta_mean_full_change_precond;eeg_pleft_lbeta_mean_full_change_precond;eeg_c_sampent_full_change_precond;hr_heartrate_bpm_med_abs_full_change_precond;eeg_tleft_hbeta_mean_full_change_precond;eeg_pright_halpha_mean_full_change_precond;eeg_fm_sampent_full_change_precond"
2025-11-26 18:59:11.287423,29,"stress_label",20,64,0.06,0.596153846153846,0.628205128205128,NA,20,"top20","eeg_tleft_sampent_full_change_precond;eeg_tleft_halpha_mean_full_change_precond;eeg_tleft_lalpha_mean_full_change_precond;pupil_dilation_sd_full_change_precond;eeg_t_sampent_full_change_precond;hrv_rmssd_full_change_precond;eeg_pright_sampent_full_change_precond;gsr_skin_conductance_eda_tonic_mean_nk_full_change_precond;eeg_tright_halpha_mean_full_change_precond;eeg_fl_hbeta_mean_full_change_precond;eeg_c_theta_mean_full_change_precond;eeg_pleft_halpha_mean_full_change_precond;eeg_fr_sampent_full_change_precond;eeg_fm_theta_mean_full_change_precond;eeg_pleft_lbeta_mean_full_change_precond;eeg_c_sampent_full_change_precond;hr_heartrate_bpm_med_abs_full_change_precond;eeg_tleft_hbeta_mean_full_change_precond;eeg_pright_halpha_mean_full_change_precond;eeg_fm_sampent_full_change_precond"
2025-11-26 18:59:12.469098,29,"stress_label",20,128,0.06,0.596153846153846,0.628205128205128,NA,20,"top20","eeg_tleft_sampent_full_change_precond;eeg_tleft_halpha_mean_full_change_precond;eeg_tleft_lalpha_mean_full_change_precond;pupil_dilation_sd_full_change_precond;eeg_t_sampent_full_change_precond;hrv_rmssd_full_change_precond;eeg_pright_sampent_full_change_precond;gsr_skin_conductance_eda_tonic_mean_nk_full_change_precond;eeg_tright_halpha_mean_full_change_precond;eeg_fl_hbeta_mean_full_change_precond;eeg_c_theta_mean_full_change_precond;eeg_pleft_halpha_mean_full_change_precond;eeg_fr_sampent_full_change_precond;eeg_fm_theta_mean_full_change_precond;eeg_pleft_lbeta_mean_full_change_precond;eeg_c_sampent_full_change_precond;hr_heartrate_bpm_med_abs_full_change_precond;eeg_tleft_hbeta_mean_full_change_precond;eeg_pright_halpha_mean_full_change_precond;eeg_fm_sampent_full_change_precond"
2025-11-26 18:59:13.875799,29,"stress_label",20,256,0.06,0.596153846153846,0.628205128205128,NA,20,"top20","eeg_tleft_sampent_full_change_precond;eeg_tleft_halpha_mean_full_change_precond;eeg_tleft_lalpha_mean_full_change_precond;pupil_dilation_sd_full_change_precond;eeg_t_sampent_full_change_precond;hrv_rmssd_full_change_precond;eeg_pright_sampent_full_change_precond;gsr_skin_conductance_eda_tonic_mean_nk_full_change_precond;eeg_tright_halpha_mean_full_change_precond;eeg_fl_hbeta_mean_full_change_precond;eeg_c_theta_mean_full_change_precond;eeg_pleft_halpha_mean_full_change_precond;eeg_fr_sampent_full_change_precond;eeg_fm_theta_mean_full_change_precond;eeg_pleft_lbeta_mean_full_change_precond;eeg_c_sampent_full_change_precond;hr_heartrate_bpm_med_abs_full_change_precond;eeg_tleft_hbeta_mean_full_change_precond;eeg_pright_halpha_mean_full_change_precond;eeg_fm_sampent_full_change_precond"
2025-11-26 18:59:14.970159,29,"stress_label",20,2,0.1,0.615384615384615,0.634615384615385,NA,20,"top20","eeg_tleft_sampent_full_change_precond;eeg_tleft_halpha_mean_full_change_precond;eeg_tleft_lalpha_mean_full_change_precond;pupil_dilation_sd_full_change_precond;eeg_t_sampent_full_change_precond;hrv_rmssd_full_change_precond;eeg_pright_sampent_full_change_precond;gsr_skin_conductance_eda_tonic_mean_nk_full_change_precond;eeg_tright_halpha_mean_full_change_precond;eeg_fl_hbeta_mean_full_change_precond;eeg_c_theta_mean_full_change_precond;eeg_pleft_halpha_mean_full_change_precond;eeg_fr_sampent_full_change_precond;eeg_fm_theta_mean_full_change_precond;eeg_pleft_lbeta_mean_full_change_precond;eeg_c_sampent_full_change_precond;hr_heartrate_bpm_med_abs_full_change_precond;eeg_tleft_hbeta_mean_full_change_precond;eeg_pright_halpha_mean_full_change_precond;eeg_fm_sampent_full_change_precond"
2025-11-26 18:59:16.088516,29,"stress_label",20,4,0.1,0.615384615384615,0.628205128205128,NA,20,"top20","eeg_tleft_sampent_full_change_precond;eeg_tleft_halpha_mean_full_change_precond;eeg_tleft_lalpha_mean_full_change_precond;pupil_dilation_sd_full_change_precond;eeg_t_sampent_full_change_precond;hrv_rmssd_full_change_precond;eeg_pright_sampent_full_change_precond;gsr_skin_conductance_eda_tonic_mean_nk_full_change_precond;eeg_tright_halpha_mean_full_change_precond;eeg_fl_hbeta_mean_full_change_precond;eeg_c_theta_mean_full_change_precond;eeg_pleft_halpha_mean_full_change_precond;eeg_fr_sampent_full_change_precond;eeg_fm_theta_mean_full_change_precond;eeg_pleft_lbeta_mean_full_change_precond;eeg_c_sampent_full_change_precond;hr_heartrate_bpm_med_abs_full_change_precond;eeg_tleft_hbeta_mean_full_change_precond;eeg_pright_halpha_mean_full_change_precond;eeg_fm_sampent_full_change_precond"
2025-11-26 18:59:17.229847,29,"stress_label",20,8,0.1,0.615384615384615,0.615384615384615,NA,20,"top20","eeg_tleft_sampent_full_change_precond;eeg_tleft_halpha_mean_full_change_precond;eeg_tleft_lalpha_mean_full_change_precond;pupil_dilation_sd_full_change_precond;eeg_t_sampent_full_change_precond;hrv_rmssd_full_change_precond;eeg_pright_sampent_full_change_precond;gsr_skin_conductance_eda_tonic_mean_nk_full_change_precond;eeg_tright_halpha_mean_full_change_precond;eeg_fl_hbeta_mean_full_change_precond;eeg_c_theta_mean_full_change_precond;eeg_pleft_halpha_mean_full_change_precond;eeg_fr_sampent_full_change_precond;eeg_fm_theta_mean_full_change_precond;eeg_pleft_lbeta_mean_full_change_precond;eeg_c_sampent_full_change_precond;hr_heartrate_bpm_med_abs_full_change_precond;eeg_tleft_hbeta_mean_full_change_precond;eeg_pright_halpha_mean_full_change_precond;eeg_fm_sampent_full_change_precond"
2025-11-26 18:59:18.338093,29,"stress_label",20,16,0.1,0.615384615384615,0.615384615384615,NA,20,"top20","eeg_tleft_sampent_full_change_precond;eeg_tleft_halpha_mean_full_change_precond;eeg_tleft_lalpha_mean_full_change_precond;pupil_dilation_sd_full_change_precond;eeg_t_sampent_full_change_precond;hrv_rmssd_full_change_precond;eeg_pright_sampent_full_change_precond;gsr_skin_conductance_eda_tonic_mean_nk_full_change_precond;eeg_tright_halpha_mean_full_change_precond;eeg_fl_hbeta_mean_full_change_precond;eeg_c_theta_mean_full_change_precond;eeg_pleft_halpha_mean_full_change_precond;eeg_fr_sampent_full_change_precond;eeg_fm_theta_mean_full_change_precond;eeg_pleft_lbeta_mean_full_change_precond;eeg_c_sampent_full_change_precond;hr_heartrate_bpm_med_abs_full_change_precond;eeg_tleft_hbeta_mean_full_change_precond;eeg_pright_halpha_mean_full_change_precond;eeg_fm_sampent_full_change_precond"
2025-11-26 18:59:19.312242,29,"stress_label",20,32,0.1,0.615384615384615,0.615384615384615,NA,20,"top20","eeg_tleft_sampent_full_change_precond;eeg_tleft_halpha_mean_full_change_precond;eeg_tleft_lalpha_mean_full_change_precond;pupil_dilation_sd_full_change_precond;eeg_t_sampent_full_change_precond;hrv_rmssd_full_change_precond;eeg_pright_sampent_full_change_precond;gsr_skin_conductance_eda_tonic_mean_nk_full_change_precond;eeg_tright_halpha_mean_full_change_precond;eeg_fl_hbeta_mean_full_change_precond;eeg_c_theta_mean_full_change_precond;eeg_pleft_halpha_mean_full_change_precond;eeg_fr_sampent_full_change_precond;eeg_fm_theta_mean_full_change_precond;eeg_pleft_lbeta_mean_full_change_precond;eeg_c_sampent_full_change_precond;hr_heartrate_bpm_med_abs_full_change_precond;eeg_tleft_hbeta_mean_full_change_precond;eeg_pright_halpha_mean_full_change_precond;eeg_fm_sampent_full_change_precond"
2025-11-26 18:59:20.441783,29,"stress_label",20,64,0.1,0.615384615384615,0.615384615384615,NA,20,"top20","eeg_tleft_sampent_full_change_precond;eeg_tleft_halpha_mean_full_change_precond;eeg_tleft_lalpha_mean_full_change_precond;pupil_dilation_sd_full_change_precond;eeg_t_sampent_full_change_precond;hrv_rmssd_full_change_precond;eeg_pright_sampent_full_change_precond;gsr_skin_conductance_eda_tonic_mean_nk_full_change_precond;eeg_tright_halpha_mean_full_change_precond;eeg_fl_hbeta_mean_full_change_precond;eeg_c_theta_mean_full_change_precond;eeg_pleft_halpha_mean_full_change_precond;eeg_fr_sampent_full_change_precond;eeg_fm_theta_mean_full_change_precond;eeg_pleft_lbeta_mean_full_change_precond;eeg_c_sampent_full_change_precond;hr_heartrate_bpm_med_abs_full_change_precond;eeg_tleft_hbeta_mean_full_change_precond;eeg_pright_halpha_mean_full_change_precond;eeg_fm_sampent_full_change_precond"
2025-11-26 18:59:21.568985,29,"stress_label",20,128,0.1,0.615384615384615,0.615384615384615,NA,20,"top20","eeg_tleft_sampent_full_change_precond;eeg_tleft_halpha_mean_full_change_precond;eeg_tleft_lalpha_mean_full_change_precond;pupil_dilation_sd_full_change_precond;eeg_t_sampent_full_change_precond;hrv_rmssd_full_change_precond;eeg_pright_sampent_full_change_precond;gsr_skin_conductance_eda_tonic_mean_nk_full_change_precond;eeg_tright_halpha_mean_full_change_precond;eeg_fl_hbeta_mean_full_change_precond;eeg_c_theta_mean_full_change_precond;eeg_pleft_halpha_mean_full_change_precond;eeg_fr_sampent_full_change_precond;eeg_fm_theta_mean_full_change_precond;eeg_pleft_lbeta_mean_full_change_precond;eeg_c_sampent_full_change_precond;hr_heartrate_bpm_med_abs_full_change_precond;eeg_tleft_hbeta_mean_full_change_precond;eeg_pright_halpha_mean_full_change_precond;eeg_fm_sampent_full_change_precond"
2025-11-26 18:59:22.72108,29,"stress_label",20,256,0.1,0.615384615384615,0.615384615384615,NA,20,"top20","eeg_tleft_sampent_full_change_precond;eeg_tleft_halpha_mean_full_change_precond;eeg_tleft_lalpha_mean_full_change_precond;pupil_dilation_sd_full_change_precond;eeg_t_sampent_full_change_precond;hrv_rmssd_full_change_precond;eeg_pright_sampent_full_change_precond;gsr_skin_conductance_eda_tonic_mean_nk_full_change_precond;eeg_tright_halpha_mean_full_change_precond;eeg_fl_hbeta_mean_full_change_precond;eeg_c_theta_mean_full_change_precond;eeg_pleft_halpha_mean_full_change_precond;eeg_fr_sampent_full_change_precond;eeg_fm_theta_mean_full_change_precond;eeg_pleft_lbeta_mean_full_change_precond;eeg_c_sampent_full_change_precond;hr_heartrate_bpm_med_abs_full_change_precond;eeg_tleft_hbeta_mean_full_change_precond;eeg_pright_halpha_mean_full_change_precond;eeg_fm_sampent_full_change_precond"
2025-11-26 18:59:23.631496,29,"stress_label",10,2,0.0078125,0.608974358974359,0.628205128205128,0.555555555555556,10,"top10","eeg_tleft_sampent_full_change_precond;eeg_tleft_halpha_mean_full_change_precond;eeg_tleft_lalpha_mean_full_change_precond;pupil_dilation_sd_full_change_precond;eeg_t_sampent_full_change_precond;hrv_rmssd_full_change_precond;eeg_pright_sampent_full_change_precond;gsr_skin_conductance_eda_tonic_mean_nk_full_change_precond;eeg_tright_halpha_mean_full_change_precond;eeg_fl_hbeta_mean_full_change_precond"
2025-11-26 18:59:24.49007,29,"stress_label",10,4,0.0078125,0.602564102564103,0.634615384615385,0.551282051282051,10,"top10","eeg_tleft_sampent_full_change_precond;eeg_tleft_halpha_mean_full_change_precond;eeg_tleft_lalpha_mean_full_change_precond;pupil_dilation_sd_full_change_precond;eeg_t_sampent_full_change_precond;hrv_rmssd_full_change_precond;eeg_pright_sampent_full_change_precond;gsr_skin_conductance_eda_tonic_mean_nk_full_change_precond;eeg_tright_halpha_mean_full_change_precond;eeg_fl_hbeta_mean_full_change_precond"
2025-11-26 18:59:25.365887,29,"stress_label",10,8,0.0078125,0.583333333333333,0.608974358974359,0.52991452991453,10,"top10","eeg_tleft_sampent_full_change_precond;eeg_tleft_halpha_mean_full_change_precond;eeg_tleft_lalpha_mean_full_change_precond;pupil_dilation_sd_full_change_precond;eeg_t_sampent_full_change_precond;hrv_rmssd_full_change_precond;eeg_pright_sampent_full_change_precond;gsr_skin_conductance_eda_tonic_mean_nk_full_change_precond;eeg_tright_halpha_mean_full_change_precond;eeg_fl_hbeta_mean_full_change_precond"
2025-11-26 18:59:26.215204,29,"stress_label",10,16,0.0078125,0.596153846153846,0.58974358974359,0.578632478632479,10,"top10","eeg_tleft_sampent_full_change_precond;eeg_tleft_halpha_mean_full_change_precond;eeg_tleft_lalpha_mean_full_change_precond;pupil_dilation_sd_full_change_precond;eeg_t_sampent_full_change_precond;hrv_rmssd_full_change_precond;eeg_pright_sampent_full_change_precond;gsr_skin_conductance_eda_tonic_mean_nk_full_change_precond;eeg_tright_halpha_mean_full_change_precond;eeg_fl_hbeta_mean_full_change_precond"
2025-11-26 18:59:27.077386,29,"stress_label",10,32,0.0078125,0.583333333333333,0.596153846153846,0.567521367521368,10,"top10","eeg_tleft_sampent_full_change_precond;eeg_tleft_halpha_mean_full_change_precond;eeg_tleft_lalpha_mean_full_change_precond;pupil_dilation_sd_full_change_precond;eeg_t_sampent_full_change_precond;hrv_rmssd_full_change_precond;eeg_pright_sampent_full_change_precond;gsr_skin_conductance_eda_tonic_mean_nk_full_change_precond;eeg_tright_halpha_mean_full_change_precond;eeg_fl_hbeta_mean_full_change_precond"
2025-11-26 18:59:27.940371,29,"stress_label",10,64,0.0078125,0.576923076923077,0.628205128205128,0.561538461538462,10,"top10","eeg_tleft_sampent_full_change_precond;eeg_tleft_halpha_mean_full_change_precond;eeg_tleft_lalpha_mean_full_change_precond;pupil_dilation_sd_full_change_precond;eeg_t_sampent_full_change_precond;hrv_rmssd_full_change_precond;eeg_pright_sampent_full_change_precond;gsr_skin_conductance_eda_tonic_mean_nk_full_change_precond;eeg_tright_halpha_mean_full_change_precond;eeg_fl_hbeta_mean_full_change_precond"
2025-11-26 18:59:28.851145,29,"stress_label",10,128,0.0078125,0.544871794871795,0.557692307692308,0.536752136752137,10,"top10","eeg_tleft_sampent_full_change_precond;eeg_tleft_halpha_mean_full_change_precond;eeg_tleft_lalpha_mean_full_change_precond;pupil_dilation_sd_full_change_precond;eeg_t_sampent_full_change_precond;hrv_rmssd_full_change_precond;eeg_pright_sampent_full_change_precond;gsr_skin_conductance_eda_tonic_mean_nk_full_change_precond;eeg_tright_halpha_mean_full_change_precond;eeg_fl_hbeta_mean_full_change_precond"
2025-11-26 18:59:29.937053,29,"stress_label",10,256,0.0078125,0.519230769230769,0.519230769230769,0.494017094017094,10,"top10","eeg_tleft_sampent_full_change_precond;eeg_tleft_halpha_mean_full_change_precond;eeg_tleft_lalpha_mean_full_change_precond;pupil_dilation_sd_full_change_precond;eeg_t_sampent_full_change_precond;hrv_rmssd_full_change_precond;eeg_pright_sampent_full_change_precond;gsr_skin_conductance_eda_tonic_mean_nk_full_change_precond;eeg_tright_halpha_mean_full_change_precond;eeg_fl_hbeta_mean_full_change_precond"
2025-11-26 18:59:30.691375,29,"stress_label",10,2,0.015625,0.602564102564103,0.628205128205128,0.547008547008547,10,"top10","eeg_tleft_sampent_full_change_precond;eeg_tleft_halpha_mean_full_change_precond;eeg_tleft_lalpha_mean_full_change_precond;pupil_dilation_sd_full_change_precond;eeg_t_sampent_full_change_precond;hrv_rmssd_full_change_precond;eeg_pright_sampent_full_change_precond;gsr_skin_conductance_eda_tonic_mean_nk_full_change_precond;eeg_tright_halpha_mean_full_change_precond;eeg_fl_hbeta_mean_full_change_precond"
2025-11-26 18:59:31.552129,29,"stress_label",10,4,0.015625,0.58974358974359,0.615384615384615,0.533333333333333,10,"top10","eeg_tleft_sampent_full_change_precond;eeg_tleft_halpha_mean_full_change_precond;eeg_tleft_lalpha_mean_full_change_precond;pupil_dilation_sd_full_change_precond;eeg_t_sampent_full_change_precond;hrv_rmssd_full_change_precond;eeg_pright_sampent_full_change_precond;gsr_skin_conductance_eda_tonic_mean_nk_full_change_precond;eeg_tright_halpha_mean_full_change_precond;eeg_fl_hbeta_mean_full_change_precond"
2025-11-26 18:59:32.393012,29,"stress_label",10,8,0.015625,0.608974358974359,0.602564102564103,0.58034188034188,10,"top10","eeg_tleft_sampent_full_change_precond;eeg_tleft_halpha_mean_full_change_precond;eeg_tleft_lalpha_mean_full_change_precond;pupil_dilation_sd_full_change_precond;eeg_t_sampent_full_change_precond;hrv_rmssd_full_change_precond;eeg_pright_sampent_full_change_precond;gsr_skin_conductance_eda_tonic_mean_nk_full_change_precond;eeg_tright_halpha_mean_full_change_precond;eeg_fl_hbeta_mean_full_change_precond"
2025-11-26 18:59:33.241008,29,"stress_label",10,16,0.015625,0.583333333333333,0.641025641025641,0.57008547008547,10,"top10","eeg_tleft_sampent_full_change_precond;eeg_tleft_halpha_mean_full_change_precond;eeg_tleft_lalpha_mean_full_change_precond;pupil_dilation_sd_full_change_precond;eeg_t_sampent_full_change_precond;hrv_rmssd_full_change_precond;eeg_pright_sampent_full_change_precond;gsr_skin_conductance_eda_tonic_mean_nk_full_change_precond;eeg_tright_halpha_mean_full_change_precond;eeg_fl_hbeta_mean_full_change_precond"
2025-11-26 18:59:34.14217,29,"stress_label",10,32,0.015625,0.557692307692308,0.576923076923077,0.543589743589744,10,"top10","eeg_tleft_sampent_full_change_precond;eeg_tleft_halpha_mean_full_change_precond;eeg_tleft_lalpha_mean_full_change_precond;pupil_dilation_sd_full_change_precond;eeg_t_sampent_full_change_precond;hrv_rmssd_full_change_precond;eeg_pright_sampent_full_change_precond;gsr_skin_conductance_eda_tonic_mean_nk_full_change_precond;eeg_tright_halpha_mean_full_change_precond;eeg_fl_hbeta_mean_full_change_precond"
2025-11-26 18:59:35.121856,29,"stress_label",10,64,0.015625,0.519230769230769,0.532051282051282,0.499145299145299,10,"top10","eeg_tleft_sampent_full_change_precond;eeg_tleft_halpha_mean_full_change_precond;eeg_tleft_lalpha_mean_full_change_precond;pupil_dilation_sd_full_change_precond;eeg_t_sampent_full_change_precond;hrv_rmssd_full_change_precond;eeg_pright_sampent_full_change_precond;gsr_skin_conductance_eda_tonic_mean_nk_full_change_precond;eeg_tright_halpha_mean_full_change_precond;eeg_fl_hbeta_mean_full_change_precond"
2025-11-26 18:59:36.176311,29,"stress_label",10,128,0.015625,0.467948717948718,0.474358974358974,0.457264957264957,10,"top10","eeg_tleft_sampent_full_change_precond;eeg_tleft_halpha_mean_full_change_precond;eeg_tleft_lalpha_mean_full_change_precond;pupil_dilation_sd_full_change_precond;eeg_t_sampent_full_change_precond;hrv_rmssd_full_change_precond;eeg_pright_sampent_full_change_precond;gsr_skin_conductance_eda_tonic_mean_nk_full_change_precond;eeg_tright_halpha_mean_full_change_precond;eeg_fl_hbeta_mean_full_change_precond"
2025-11-26 18:59:37.474953,29,"stress_label",10,256,0.015625,0.474358974358974,0.378205128205128,NA,10,"top10","eeg_tleft_sampent_full_change_precond;eeg_tleft_halpha_mean_full_change_precond;eeg_tleft_lalpha_mean_full_change_precond;pupil_dilation_sd_full_change_precond;eeg_t_sampent_full_change_precond;hrv_rmssd_full_change_precond;eeg_pright_sampent_full_change_precond;gsr_skin_conductance_eda_tonic_mean_nk_full_change_precond;eeg_tright_halpha_mean_full_change_precond;eeg_fl_hbeta_mean_full_change_precond"
2025-11-26 18:59:38.308851,29,"stress_label",10,2,0.03125,0.57051282051282,0.628205128205128,0.533333333333333,10,"top10","eeg_tleft_sampent_full_change_precond;eeg_tleft_halpha_mean_full_change_precond;eeg_tleft_lalpha_mean_full_change_precond;pupil_dilation_sd_full_change_precond;eeg_t_sampent_full_change_precond;hrv_rmssd_full_change_precond;eeg_pright_sampent_full_change_precond;gsr_skin_conductance_eda_tonic_mean_nk_full_change_precond;eeg_tright_halpha_mean_full_change_precond;eeg_fl_hbeta_mean_full_change_precond"
2025-11-26 18:59:39.189322,29,"stress_label",10,4,0.03125,0.58974358974359,0.615384615384615,0.565811965811966,10,"top10","eeg_tleft_sampent_full_change_precond;eeg_tleft_halpha_mean_full_change_precond;eeg_tleft_lalpha_mean_full_change_precond;pupil_dilation_sd_full_change_precond;eeg_t_sampent_full_change_precond;hrv_rmssd_full_change_precond;eeg_pright_sampent_full_change_precond;gsr_skin_conductance_eda_tonic_mean_nk_full_change_precond;eeg_tright_halpha_mean_full_change_precond;eeg_fl_hbeta_mean_full_change_precond"
2025-11-26 18:59:40.005835,29,"stress_label",10,8,0.03125,0.557692307692308,0.596153846153846,0.54017094017094,10,"top10","eeg_tleft_sampent_full_change_precond;eeg_tleft_halpha_mean_full_change_precond;eeg_tleft_lalpha_mean_full_change_precond;pupil_dilation_sd_full_change_precond;eeg_t_sampent_full_change_precond;hrv_rmssd_full_change_precond;eeg_pright_sampent_full_change_precond;gsr_skin_conductance_eda_tonic_mean_nk_full_change_precond;eeg_tright_halpha_mean_full_change_precond;eeg_fl_hbeta_mean_full_change_precond"
2025-11-26 18:59:40.881043,29,"stress_label",10,16,0.03125,0.525641025641026,0.525641025641026,0.511111111111111,10,"top10","eeg_tleft_sampent_full_change_precond;eeg_tleft_halpha_mean_full_change_precond;eeg_tleft_lalpha_mean_full_change_precond;pupil_dilation_sd_full_change_precond;eeg_t_sampent_full_change_precond;hrv_rmssd_full_change_precond;eeg_pright_sampent_full_change_precond;gsr_skin_conductance_eda_tonic_mean_nk_full_change_precond;eeg_tright_halpha_mean_full_change_precond;eeg_fl_hbeta_mean_full_change_precond"
2025-11-26 18:59:41.735232,29,"stress_label",10,32,0.03125,0.487179487179487,0.5,0.472649572649573,10,"top10","eeg_tleft_sampent_full_change_precond;eeg_tleft_halpha_mean_full_change_precond;eeg_tleft_lalpha_mean_full_change_precond;pupil_dilation_sd_full_change_precond;eeg_t_sampent_full_change_precond;hrv_rmssd_full_change_precond;eeg_pright_sampent_full_change_precond;gsr_skin_conductance_eda_tonic_mean_nk_full_change_precond;eeg_tright_halpha_mean_full_change_precond;eeg_fl_hbeta_mean_full_change_precond"
2025-11-26 18:59:42.507099,29,"stress_label",10,64,0.03125,0.493589743589744,0.423076923076923,NA,10,"top10","eeg_tleft_sampent_full_change_precond;eeg_tleft_halpha_mean_full_change_precond;eeg_tleft_lalpha_mean_full_change_precond;pupil_dilation_sd_full_change_precond;eeg_t_sampent_full_change_precond;hrv_rmssd_full_change_precond;eeg_pright_sampent_full_change_precond;gsr_skin_conductance_eda_tonic_mean_nk_full_change_precond;eeg_tright_halpha_mean_full_change_precond;eeg_fl_hbeta_mean_full_change_precond"
2025-11-26 18:59:43.764353,29,"stress_label",10,128,0.03125,0.5,0.378205128205128,NA,10,"top10","eeg_tleft_sampent_full_change_precond;eeg_tleft_halpha_mean_full_change_precond;eeg_tleft_lalpha_mean_full_change_precond;pupil_dilation_sd_full_change_precond;eeg_t_sampent_full_change_precond;hrv_rmssd_full_change_precond;eeg_pright_sampent_full_change_precond;gsr_skin_conductance_eda_tonic_mean_nk_full_change_precond;eeg_tright_halpha_mean_full_change_precond;eeg_fl_hbeta_mean_full_change_precond"
2025-11-26 18:59:45.111753,29,"stress_label",10,256,0.03125,0.5,0.435897435897436,NA,10,"top10","eeg_tleft_sampent_full_change_precond;eeg_tleft_halpha_mean_full_change_precond;eeg_tleft_lalpha_mean_full_change_precond;pupil_dilation_sd_full_change_precond;eeg_t_sampent_full_change_precond;hrv_rmssd_full_change_precond;eeg_pright_sampent_full_change_precond;gsr_skin_conductance_eda_tonic_mean_nk_full_change_precond;eeg_tright_halpha_mean_full_change_precond;eeg_fl_hbeta_mean_full_change_precond"
2025-11-26 18:59:45.857242,29,"stress_label",10,2,0.0625,0.596153846153846,0.602564102564103,0.57948717948718,10,"top10","eeg_tleft_sampent_full_change_precond;eeg_tleft_halpha_mean_full_change_precond;eeg_tleft_lalpha_mean_full_change_precond;pupil_dilation_sd_full_change_precond;eeg_t_sampent_full_change_precond;hrv_rmssd_full_change_precond;eeg_pright_sampent_full_change_precond;gsr_skin_conductance_eda_tonic_mean_nk_full_change_precond;eeg_tright_halpha_mean_full_change_precond;eeg_fl_hbeta_mean_full_change_precond"
2025-11-26 18:59:46.710521,29,"stress_label",10,4,0.0625,0.544871794871795,0.58974358974359,0.524786324786325,10,"top10","eeg_tleft_sampent_full_change_precond;eeg_tleft_halpha_mean_full_change_precond;eeg_tleft_lalpha_mean_full_change_precond;pupil_dilation_sd_full_change_precond;eeg_t_sampent_full_change_precond;hrv_rmssd_full_change_precond;eeg_pright_sampent_full_change_precond;gsr_skin_conductance_eda_tonic_mean_nk_full_change_precond;eeg_tright_halpha_mean_full_change_precond;eeg_fl_hbeta_mean_full_change_precond"
2025-11-26 18:59:47.617078,29,"stress_label",10,8,0.0625,0.480769230769231,0.506410256410256,0.474358974358974,10,"top10","eeg_tleft_sampent_full_change_precond;eeg_tleft_halpha_mean_full_change_precond;eeg_tleft_lalpha_mean_full_change_precond;pupil_dilation_sd_full_change_precond;eeg_t_sampent_full_change_precond;hrv_rmssd_full_change_precond;eeg_pright_sampent_full_change_precond;gsr_skin_conductance_eda_tonic_mean_nk_full_change_precond;eeg_tright_halpha_mean_full_change_precond;eeg_fl_hbeta_mean_full_change_precond"
2025-11-26 18:59:48.585103,29,"stress_label",10,16,0.0625,0.506410256410256,0.474358974358974,NA,10,"top10","eeg_tleft_sampent_full_change_precond;eeg_tleft_halpha_mean_full_change_precond;eeg_tleft_lalpha_mean_full_change_precond;pupil_dilation_sd_full_change_precond;eeg_t_sampent_full_change_precond;hrv_rmssd_full_change_precond;eeg_pright_sampent_full_change_precond;gsr_skin_conductance_eda_tonic_mean_nk_full_change_precond;eeg_tright_halpha_mean_full_change_precond;eeg_fl_hbeta_mean_full_change_precond"
2025-11-26 18:59:49.627184,29,"stress_label",10,32,0.0625,0.506410256410256,0.416666666666667,NA,10,"top10","eeg_tleft_sampent_full_change_precond;eeg_tleft_halpha_mean_full_change_precond;eeg_tleft_lalpha_mean_full_change_precond;pupil_dilation_sd_full_change_precond;eeg_t_sampent_full_change_precond;hrv_rmssd_full_change_precond;eeg_pright_sampent_full_change_precond;gsr_skin_conductance_eda_tonic_mean_nk_full_change_precond;eeg_tright_halpha_mean_full_change_precond;eeg_fl_hbeta_mean_full_change_precond"
2025-11-26 18:59:50.696599,29,"stress_label",10,64,0.0625,0.487179487179487,0.41025641025641,NA,10,"top10","eeg_tleft_sampent_full_change_precond;eeg_tleft_halpha_mean_full_change_precond;eeg_tleft_lalpha_mean_full_change_precond;pupil_dilation_sd_full_change_precond;eeg_t_sampent_full_change_precond;hrv_rmssd_full_change_precond;eeg_pright_sampent_full_change_precond;gsr_skin_conductance_eda_tonic_mean_nk_full_change_precond;eeg_tright_halpha_mean_full_change_precond;eeg_fl_hbeta_mean_full_change_precond"
2025-11-26 18:59:51.830624,29,"stress_label",10,128,0.0625,0.519230769230769,0.448717948717949,NA,10,"top10","eeg_tleft_sampent_full_change_precond;eeg_tleft_halpha_mean_full_change_precond;eeg_tleft_lalpha_mean_full_change_precond;pupil_dilation_sd_full_change_precond;eeg_t_sampent_full_change_precond;hrv_rmssd_full_change_precond;eeg_pright_sampent_full_change_precond;gsr_skin_conductance_eda_tonic_mean_nk_full_change_precond;eeg_tright_halpha_mean_full_change_precond;eeg_fl_hbeta_mean_full_change_precond"
2025-11-26 18:59:53.050065,29,"stress_label",10,256,0.0625,0.532051282051282,0.442307692307692,NA,10,"top10","eeg_tleft_sampent_full_change_precond;eeg_tleft_halpha_mean_full_change_precond;eeg_tleft_lalpha_mean_full_change_precond;pupil_dilation_sd_full_change_precond;eeg_t_sampent_full_change_precond;hrv_rmssd_full_change_precond;eeg_pright_sampent_full_change_precond;gsr_skin_conductance_eda_tonic_mean_nk_full_change_precond;eeg_tright_halpha_mean_full_change_precond;eeg_fl_hbeta_mean_full_change_precond"
2025-11-26 18:59:53.940934,29,"stress_label",10,2,0.125,0.544871794871795,0.57051282051282,0.526495726495727,10,"top10","eeg_tleft_sampent_full_change_precond;eeg_tleft_halpha_mean_full_change_precond;eeg_tleft_lalpha_mean_full_change_precond;pupil_dilation_sd_full_change_precond;eeg_t_sampent_full_change_precond;hrv_rmssd_full_change_precond;eeg_pright_sampent_full_change_precond;gsr_skin_conductance_eda_tonic_mean_nk_full_change_precond;eeg_tright_halpha_mean_full_change_precond;eeg_fl_hbeta_mean_full_change_precond"
2025-11-26 18:59:54.841341,29,"stress_label",10,4,0.125,0.512820512820513,0.455128205128205,NA,10,"top10","eeg_tleft_sampent_full_change_precond;eeg_tleft_halpha_mean_full_change_precond;eeg_tleft_lalpha_mean_full_change_precond;pupil_dilation_sd_full_change_precond;eeg_t_sampent_full_change_precond;hrv_rmssd_full_change_precond;eeg_pright_sampent_full_change_precond;gsr_skin_conductance_eda_tonic_mean_nk_full_change_precond;eeg_tright_halpha_mean_full_change_precond;eeg_fl_hbeta_mean_full_change_precond"
2025-11-26 18:59:55.815006,29,"stress_label",10,8,0.125,0.480769230769231,0.442307692307692,NA,10,"top10","eeg_tleft_sampent_full_change_precond;eeg_tleft_halpha_mean_full_change_precond;eeg_tleft_lalpha_mean_full_change_precond;pupil_dilation_sd_full_change_precond;eeg_t_sampent_full_change_precond;hrv_rmssd_full_change_precond;eeg_pright_sampent_full_change_precond;gsr_skin_conductance_eda_tonic_mean_nk_full_change_precond;eeg_tright_halpha_mean_full_change_precond;eeg_fl_hbeta_mean_full_change_precond"
2025-11-26 18:59:56.862976,29,"stress_label",10,16,0.125,0.487179487179487,0.384615384615385,NA,10,"top10","eeg_tleft_sampent_full_change_precond;eeg_tleft_halpha_mean_full_change_precond;eeg_tleft_lalpha_mean_full_change_precond;pupil_dilation_sd_full_change_precond;eeg_t_sampent_full_change_precond;hrv_rmssd_full_change_precond;eeg_pright_sampent_full_change_precond;gsr_skin_conductance_eda_tonic_mean_nk_full_change_precond;eeg_tright_halpha_mean_full_change_precond;eeg_fl_hbeta_mean_full_change_precond"
2025-11-26 18:59:57.946167,29,"stress_label",10,32,0.125,0.532051282051282,0.442307692307692,NA,10,"top10","eeg_tleft_sampent_full_change_precond;eeg_tleft_halpha_mean_full_change_precond;eeg_tleft_lalpha_mean_full_change_precond;pupil_dilation_sd_full_change_precond;eeg_t_sampent_full_change_precond;hrv_rmssd_full_change_precond;eeg_pright_sampent_full_change_precond;gsr_skin_conductance_eda_tonic_mean_nk_full_change_precond;eeg_tright_halpha_mean_full_change_precond;eeg_fl_hbeta_mean_full_change_precond"
2025-11-26 18:59:58.928609,29,"stress_label",10,64,0.125,0.532051282051282,0.506410256410256,NA,10,"top10","eeg_tleft_sampent_full_change_precond;eeg_tleft_halpha_mean_full_change_precond;eeg_tleft_lalpha_mean_full_change_precond;pupil_dilation_sd_full_change_precond;eeg_t_sampent_full_change_precond;hrv_rmssd_full_change_precond;eeg_pright_sampent_full_change_precond;gsr_skin_conductance_eda_tonic_mean_nk_full_change_precond;eeg_tright_halpha_mean_full_change_precond;eeg_fl_hbeta_mean_full_change_precond"
2025-11-26 18:59:59.921723,29,"stress_label",10,128,0.125,0.532051282051282,0.391025641025641,NA,10,"top10","eeg_tleft_sampent_full_change_precond;eeg_tleft_halpha_mean_full_change_precond;eeg_tleft_lalpha_mean_full_change_precond;pupil_dilation_sd_full_change_precond;eeg_t_sampent_full_change_precond;hrv_rmssd_full_change_precond;eeg_pright_sampent_full_change_precond;gsr_skin_conductance_eda_tonic_mean_nk_full_change_precond;eeg_tright_halpha_mean_full_change_precond;eeg_fl_hbeta_mean_full_change_precond"
2025-11-26 19:00:00.951212,29,"stress_label",10,256,0.125,0.532051282051282,0.391025641025641,NA,10,"top10","eeg_tleft_sampent_full_change_precond;eeg_tleft_halpha_mean_full_change_precond;eeg_tleft_lalpha_mean_full_change_precond;pupil_dilation_sd_full_change_precond;eeg_t_sampent_full_change_precond;hrv_rmssd_full_change_precond;eeg_pright_sampent_full_change_precond;gsr_skin_conductance_eda_tonic_mean_nk_full_change_precond;eeg_tright_halpha_mean_full_change_precond;eeg_fl_hbeta_mean_full_change_precond"
2025-11-26 19:00:01.838605,29,"stress_label",10,2,0.03,0.576923076923077,0.628205128205128,0.537606837606838,10,"top10","eeg_tleft_sampent_full_change_precond;eeg_tleft_halpha_mean_full_change_precond;eeg_tleft_lalpha_mean_full_change_precond;pupil_dilation_sd_full_change_precond;eeg_t_sampent_full_change_precond;hrv_rmssd_full_change_precond;eeg_pright_sampent_full_change_precond;gsr_skin_conductance_eda_tonic_mean_nk_full_change_precond;eeg_tright_halpha_mean_full_change_precond;eeg_fl_hbeta_mean_full_change_precond"
2025-11-26 19:00:02.698556,29,"stress_label",10,4,0.03,0.58974358974359,0.615384615384615,0.565811965811966,10,"top10","eeg_tleft_sampent_full_change_precond;eeg_tleft_halpha_mean_full_change_precond;eeg_tleft_lalpha_mean_full_change_precond;pupil_dilation_sd_full_change_precond;eeg_t_sampent_full_change_precond;hrv_rmssd_full_change_precond;eeg_pright_sampent_full_change_precond;gsr_skin_conductance_eda_tonic_mean_nk_full_change_precond;eeg_tright_halpha_mean_full_change_precond;eeg_fl_hbeta_mean_full_change_precond"
2025-11-26 19:00:03.559129,29,"stress_label",10,8,0.03,0.564102564102564,0.596153846153846,0.552991452991453,10,"top10","eeg_tleft_sampent_full_change_precond;eeg_tleft_halpha_mean_full_change_precond;eeg_tleft_lalpha_mean_full_change_precond;pupil_dilation_sd_full_change_precond;eeg_t_sampent_full_change_precond;hrv_rmssd_full_change_precond;eeg_pright_sampent_full_change_precond;gsr_skin_conductance_eda_tonic_mean_nk_full_change_precond;eeg_tright_halpha_mean_full_change_precond;eeg_fl_hbeta_mean_full_change_precond"
2025-11-26 19:00:04.450205,29,"stress_label",10,16,0.03,0.532051282051282,0.551282051282051,0.511111111111111,10,"top10","eeg_tleft_sampent_full_change_precond;eeg_tleft_halpha_mean_full_change_precond;eeg_tleft_lalpha_mean_full_change_precond;pupil_dilation_sd_full_change_precond;eeg_t_sampent_full_change_precond;hrv_rmssd_full_change_precond;eeg_pright_sampent_full_change_precond;gsr_skin_conductance_eda_tonic_mean_nk_full_change_precond;eeg_tright_halpha_mean_full_change_precond;eeg_fl_hbeta_mean_full_change_precond"
2025-11-26 19:00:05.37871,29,"stress_label",10,32,0.03,0.480769230769231,0.5,0.472649572649573,10,"top10","eeg_tleft_sampent_full_change_precond;eeg_tleft_halpha_mean_full_change_precond;eeg_tleft_lalpha_mean_full_change_precond;pupil_dilation_sd_full_change_precond;eeg_t_sampent_full_change_precond;hrv_rmssd_full_change_precond;eeg_pright_sampent_full_change_precond;gsr_skin_conductance_eda_tonic_mean_nk_full_change_precond;eeg_tright_halpha_mean_full_change_precond;eeg_fl_hbeta_mean_full_change_precond"
2025-11-26 19:00:06.443351,29,"stress_label",10,64,0.03,0.493589743589744,0.474358974358974,NA,10,"top10","eeg_tleft_sampent_full_change_precond;eeg_tleft_halpha_mean_full_change_precond;eeg_tleft_lalpha_mean_full_change_precond;pupil_dilation_sd_full_change_precond;eeg_t_sampent_full_change_precond;hrv_rmssd_full_change_precond;eeg_pright_sampent_full_change_precond;gsr_skin_conductance_eda_tonic_mean_nk_full_change_precond;eeg_tright_halpha_mean_full_change_precond;eeg_fl_hbeta_mean_full_change_precond"
2025-11-26 19:00:07.691454,29,"stress_label",10,128,0.03,0.493589743589744,0.403846153846154,NA,10,"top10","eeg_tleft_sampent_full_change_precond;eeg_tleft_halpha_mean_full_change_precond;eeg_tleft_lalpha_mean_full_change_precond;pupil_dilation_sd_full_change_precond;eeg_t_sampent_full_change_precond;hrv_rmssd_full_change_precond;eeg_pright_sampent_full_change_precond;gsr_skin_conductance_eda_tonic_mean_nk_full_change_precond;eeg_tright_halpha_mean_full_change_precond;eeg_fl_hbeta_mean_full_change_precond"
2025-11-26 19:00:09.147594,29,"stress_label",10,256,0.03,0.5,0.480769230769231,NA,10,"top10","eeg_tleft_sampent_full_change_precond;eeg_tleft_halpha_mean_full_change_precond;eeg_tleft_lalpha_mean_full_change_precond;pupil_dilation_sd_full_change_precond;eeg_t_sampent_full_change_precond;hrv_rmssd_full_change_precond;eeg_pright_sampent_full_change_precond;gsr_skin_conductance_eda_tonic_mean_nk_full_change_precond;eeg_tright_halpha_mean_full_change_precond;eeg_fl_hbeta_mean_full_change_precond"
2025-11-26 19:00:09.995956,29,"stress_label",10,2,0.06,0.596153846153846,0.608974358974359,0.569230769230769,10,"top10","eeg_tleft_sampent_full_change_precond;eeg_tleft_halpha_mean_full_change_precond;eeg_tleft_lalpha_mean_full_change_precond;pupil_dilation_sd_full_change_precond;eeg_t_sampent_full_change_precond;hrv_rmssd_full_change_precond;eeg_pright_sampent_full_change_precond;gsr_skin_conductance_eda_tonic_mean_nk_full_change_precond;eeg_tright_halpha_mean_full_change_precond;eeg_fl_hbeta_mean_full_change_precond"
2025-11-26 19:00:10.874748,29,"stress_label",10,4,0.06,0.557692307692308,0.58974358974359,0.535897435897436,10,"top10","eeg_tleft_sampent_full_change_precond;eeg_tleft_halpha_mean_full_change_precond;eeg_tleft_lalpha_mean_full_change_precond;pupil_dilation_sd_full_change_precond;eeg_t_sampent_full_change_precond;hrv_rmssd_full_change_precond;eeg_pright_sampent_full_change_precond;gsr_skin_conductance_eda_tonic_mean_nk_full_change_precond;eeg_tright_halpha_mean_full_change_precond;eeg_fl_hbeta_mean_full_change_precond"
2025-11-26 19:00:11.743314,29,"stress_label",10,8,0.06,0.480769230769231,0.512820512820513,0.474358974358974,10,"top10","eeg_tleft_sampent_full_change_precond;eeg_tleft_halpha_mean_full_change_precond;eeg_tleft_lalpha_mean_full_change_precond;pupil_dilation_sd_full_change_precond;eeg_t_sampent_full_change_precond;hrv_rmssd_full_change_precond;eeg_pright_sampent_full_change_precond;gsr_skin_conductance_eda_tonic_mean_nk_full_change_precond;eeg_tright_halpha_mean_full_change_precond;eeg_fl_hbeta_mean_full_change_precond"
2025-11-26 19:00:12.669448,29,"stress_label",10,16,0.06,0.5,0.487179487179487,NA,10,"top10","eeg_tleft_sampent_full_change_precond;eeg_tleft_halpha_mean_full_change_precond;eeg_tleft_lalpha_mean_full_change_precond;pupil_dilation_sd_full_change_precond;eeg_t_sampent_full_change_precond;hrv_rmssd_full_change_precond;eeg_pright_sampent_full_change_precond;gsr_skin_conductance_eda_tonic_mean_nk_full_change_precond;eeg_tright_halpha_mean_full_change_precond;eeg_fl_hbeta_mean_full_change_precond"
2025-11-26 19:00:13.729867,29,"stress_label",10,32,0.06,0.506410256410256,0.435897435897436,NA,10,"top10","eeg_tleft_sampent_full_change_precond;eeg_tleft_halpha_mean_full_change_precond;eeg_tleft_lalpha_mean_full_change_precond;pupil_dilation_sd_full_change_precond;eeg_t_sampent_full_change_precond;hrv_rmssd_full_change_precond;eeg_pright_sampent_full_change_precond;gsr_skin_conductance_eda_tonic_mean_nk_full_change_precond;eeg_tright_halpha_mean_full_change_precond;eeg_fl_hbeta_mean_full_change_precond"
2025-11-26 19:00:14.858544,29,"stress_label",10,64,0.06,0.480769230769231,0.474358974358974,NA,10,"top10","eeg_tleft_sampent_full_change_precond;eeg_tleft_halpha_mean_full_change_precond;eeg_tleft_lalpha_mean_full_change_precond;pupil_dilation_sd_full_change_precond;eeg_t_sampent_full_change_precond;hrv_rmssd_full_change_precond;eeg_pright_sampent_full_change_precond;gsr_skin_conductance_eda_tonic_mean_nk_full_change_precond;eeg_tright_halpha_mean_full_change_precond;eeg_fl_hbeta_mean_full_change_precond"
2025-11-26 19:00:16.026142,29,"stress_label",10,128,0.06,0.512820512820513,0.41025641025641,NA,10,"top10","eeg_tleft_sampent_full_change_precond;eeg_tleft_halpha_mean_full_change_precond;eeg_tleft_lalpha_mean_full_change_precond;pupil_dilation_sd_full_change_precond;eeg_t_sampent_full_change_precond;hrv_rmssd_full_change_precond;eeg_pright_sampent_full_change_precond;gsr_skin_conductance_eda_tonic_mean_nk_full_change_precond;eeg_tright_halpha_mean_full_change_precond;eeg_fl_hbeta_mean_full_change_precond"
2025-11-26 19:00:17.244795,29,"stress_label",10,256,0.06,0.532051282051282,0.442307692307692,NA,10,"top10","eeg_tleft_sampent_full_change_precond;eeg_tleft_halpha_mean_full_change_precond;eeg_tleft_lalpha_mean_full_change_precond;pupil_dilation_sd_full_change_precond;eeg_t_sampent_full_change_precond;hrv_rmssd_full_change_precond;eeg_pright_sampent_full_change_precond;gsr_skin_conductance_eda_tonic_mean_nk_full_change_precond;eeg_tright_halpha_mean_full_change_precond;eeg_fl_hbeta_mean_full_change_precond"
2025-11-26 19:00:18.110337,29,"stress_label",10,2,0.1,0.544871794871795,0.58974358974359,0.524786324786325,10,"top10","eeg_tleft_sampent_full_change_precond;eeg_tleft_halpha_mean_full_change_precond;eeg_tleft_lalpha_mean_full_change_precond;pupil_dilation_sd_full_change_precond;eeg_t_sampent_full_change_precond;hrv_rmssd_full_change_precond;eeg_pright_sampent_full_change_precond;gsr_skin_conductance_eda_tonic_mean_nk_full_change_precond;eeg_tright_halpha_mean_full_change_precond;eeg_fl_hbeta_mean_full_change_precond"
2025-11-26 19:00:19.011416,29,"stress_label",10,4,0.1,0.5,0.487179487179487,NA,10,"top10","eeg_tleft_sampent_full_change_precond;eeg_tleft_halpha_mean_full_change_precond;eeg_tleft_lalpha_mean_full_change_precond;pupil_dilation_sd_full_change_precond;eeg_t_sampent_full_change_precond;hrv_rmssd_full_change_precond;eeg_pright_sampent_full_change_precond;gsr_skin_conductance_eda_tonic_mean_nk_full_change_precond;eeg_tright_halpha_mean_full_change_precond;eeg_fl_hbeta_mean_full_change_precond"
2025-11-26 19:00:19.948875,29,"stress_label",10,8,0.1,0.519230769230769,0.442307692307692,NA,10,"top10","eeg_tleft_sampent_full_change_precond;eeg_tleft_halpha_mean_full_change_precond;eeg_tleft_lalpha_mean_full_change_precond;pupil_dilation_sd_full_change_precond;eeg_t_sampent_full_change_precond;hrv_rmssd_full_change_precond;eeg_pright_sampent_full_change_precond;gsr_skin_conductance_eda_tonic_mean_nk_full_change_precond;eeg_tright_halpha_mean_full_change_precond;eeg_fl_hbeta_mean_full_change_precond"
2025-11-26 19:00:20.778161,29,"stress_label",10,16,0.1,0.461538461538462,0.365384615384615,NA,10,"top10","eeg_tleft_sampent_full_change_precond;eeg_tleft_halpha_mean_full_change_precond;eeg_tleft_lalpha_mean_full_change_precond;pupil_dilation_sd_full_change_precond;eeg_t_sampent_full_change_precond;hrv_rmssd_full_change_precond;eeg_pright_sampent_full_change_precond;gsr_skin_conductance_eda_tonic_mean_nk_full_change_precond;eeg_tright_halpha_mean_full_change_precond;eeg_fl_hbeta_mean_full_change_precond"
2025-11-26 19:00:21.793337,29,"stress_label",10,32,0.1,0.506410256410256,0.416666666666667,NA,10,"top10","eeg_tleft_sampent_full_change_precond;eeg_tleft_halpha_mean_full_change_precond;eeg_tleft_lalpha_mean_full_change_precond;pupil_dilation_sd_full_change_precond;eeg_t_sampent_full_change_precond;hrv_rmssd_full_change_precond;eeg_pright_sampent_full_change_precond;gsr_skin_conductance_eda_tonic_mean_nk_full_change_precond;eeg_tright_halpha_mean_full_change_precond;eeg_fl_hbeta_mean_full_change_precond"
2025-11-26 19:00:22.895015,29,"stress_label",10,64,0.1,0.525641025641026,0.448717948717949,NA,10,"top10","eeg_tleft_sampent_full_change_precond;eeg_tleft_halpha_mean_full_change_precond;eeg_tleft_lalpha_mean_full_change_precond;pupil_dilation_sd_full_change_precond;eeg_t_sampent_full_change_precond;hrv_rmssd_full_change_precond;eeg_pright_sampent_full_change_precond;gsr_skin_conductance_eda_tonic_mean_nk_full_change_precond;eeg_tright_halpha_mean_full_change_precond;eeg_fl_hbeta_mean_full_change_precond"
2025-11-26 19:00:23.986605,29,"stress_label",10,128,0.1,0.525641025641026,0.474358974358974,NA,10,"top10","eeg_tleft_sampent_full_change_precond;eeg_tleft_halpha_mean_full_change_precond;eeg_tleft_lalpha_mean_full_change_precond;pupil_dilation_sd_full_change_precond;eeg_t_sampent_full_change_precond;hrv_rmssd_full_change_precond;eeg_pright_sampent_full_change_precond;gsr_skin_conductance_eda_tonic_mean_nk_full_change_precond;eeg_tright_halpha_mean_full_change_precond;eeg_fl_hbeta_mean_full_change_precond"
2025-11-26 19:00:25.04502,29,"stress_label",10,256,0.1,0.525641025641026,0.474358974358974,NA,10,"top10","eeg_tleft_sampent_full_change_precond;eeg_tleft_halpha_mean_full_change_precond;eeg_tleft_lalpha_mean_full_change_precond;pupil_dilation_sd_full_change_precond;eeg_t_sampent_full_change_precond;hrv_rmssd_full_change_precond;eeg_pright_sampent_full_change_precond;gsr_skin_conductance_eda_tonic_mean_nk_full_change_precond;eeg_tright_halpha_mean_full_change_precond;eeg_fl_hbeta_mean_full_change_precond"
2025-11-26 19:00:25.870926,29,"stress_label",5,2,0.0078125,0.621794871794872,0.621794871794872,0.593162393162393,5,"top5","eeg_tleft_sampent_full_change_precond;eeg_tleft_halpha_mean_full_change_precond;eeg_tleft_lalpha_mean_full_change_precond;pupil_dilation_sd_full_change_precond;eeg_t_sampent_full_change_precond"
2025-11-26 19:00:26.802793,29,"stress_label",5,4,0.0078125,0.621794871794872,0.615384615384615,0.588888888888889,5,"top5","eeg_tleft_sampent_full_change_precond;eeg_tleft_halpha_mean_full_change_precond;eeg_tleft_lalpha_mean_full_change_precond;pupil_dilation_sd_full_change_precond;eeg_t_sampent_full_change_precond"
2025-11-26 19:00:27.43937,29,"stress_label",5,8,0.0078125,0.596153846153846,0.615384615384615,0.561538461538462,5,"top5","eeg_tleft_sampent_full_change_precond;eeg_tleft_halpha_mean_full_change_precond;eeg_tleft_lalpha_mean_full_change_precond;pupil_dilation_sd_full_change_precond;eeg_t_sampent_full_change_precond"
2025-11-26 19:00:28.16664,29,"stress_label",5,16,0.0078125,0.58974358974359,0.608974358974359,NA,5,"top5","eeg_tleft_sampent_full_change_precond;eeg_tleft_halpha_mean_full_change_precond;eeg_tleft_lalpha_mean_full_change_precond;pupil_dilation_sd_full_change_precond;eeg_t_sampent_full_change_precond"
2025-11-26 19:00:28.95292,29,"stress_label",5,32,0.0078125,0.58974358974359,0.615384615384615,NA,5,"top5","eeg_tleft_sampent_full_change_precond;eeg_tleft_halpha_mean_full_change_precond;eeg_tleft_lalpha_mean_full_change_precond;pupil_dilation_sd_full_change_precond;eeg_t_sampent_full_change_precond"
2025-11-26 19:00:29.740321,29,"stress_label",5,64,0.0078125,0.608974358974359,0.628205128205128,NA,5,"top5","eeg_tleft_sampent_full_change_precond;eeg_tleft_halpha_mean_full_change_precond;eeg_tleft_lalpha_mean_full_change_precond;pupil_dilation_sd_full_change_precond;eeg_t_sampent_full_change_precond"
2025-11-26 19:00:30.537842,29,"stress_label",5,128,0.0078125,0.583333333333333,0.647435897435897,NA,5,"top5","eeg_tleft_sampent_full_change_precond;eeg_tleft_halpha_mean_full_change_precond;eeg_tleft_lalpha_mean_full_change_precond;pupil_dilation_sd_full_change_precond;eeg_t_sampent_full_change_precond"
2025-11-26 19:00:31.422745,29,"stress_label",5,256,0.0078125,0.621794871794872,0.647435897435897,NA,5,"top5","eeg_tleft_sampent_full_change_precond;eeg_tleft_halpha_mean_full_change_precond;eeg_tleft_lalpha_mean_full_change_precond;pupil_dilation_sd_full_change_precond;eeg_t_sampent_full_change_precond"
2025-11-26 19:00:32.202102,29,"stress_label",5,2,0.015625,0.628205128205128,0.615384615384615,0.593162393162393,5,"top5","eeg_tleft_sampent_full_change_precond;eeg_tleft_halpha_mean_full_change_precond;eeg_tleft_lalpha_mean_full_change_precond;pupil_dilation_sd_full_change_precond;eeg_t_sampent_full_change_precond"
2025-11-26 19:00:32.970231,29,"stress_label",5,4,0.015625,0.608974358974359,0.628205128205128,0.568376068376068,5,"top5","eeg_tleft_sampent_full_change_precond;eeg_tleft_halpha_mean_full_change_precond;eeg_tleft_lalpha_mean_full_change_precond;pupil_dilation_sd_full_change_precond;eeg_t_sampent_full_change_precond"
2025-11-26 19:00:33.734439,29,"stress_label",5,8,0.015625,0.602564102564103,0.615384615384615,0.552136752136752,5,"top5","eeg_tleft_sampent_full_change_precond;eeg_tleft_halpha_mean_full_change_precond;eeg_tleft_lalpha_mean_full_change_precond;pupil_dilation_sd_full_change_precond;eeg_t_sampent_full_change_precond"
2025-11-26 19:00:34.509555,29,"stress_label",5,16,0.015625,0.615384615384615,0.615384615384615,NA,5,"top5","eeg_tleft_sampent_full_change_precond;eeg_tleft_halpha_mean_full_change_precond;eeg_tleft_lalpha_mean_full_change_precond;pupil_dilation_sd_full_change_precond;eeg_t_sampent_full_change_precond"
2025-11-26 19:00:35.313267,29,"stress_label",5,32,0.015625,0.58974358974359,0.647435897435897,NA,5,"top5","eeg_tleft_sampent_full_change_precond;eeg_tleft_halpha_mean_full_change_precond;eeg_tleft_lalpha_mean_full_change_precond;pupil_dilation_sd_full_change_precond;eeg_t_sampent_full_change_precond"
2025-11-26 19:00:36.155841,29,"stress_label",5,64,0.015625,0.608974358974359,0.653846153846154,NA,5,"top5","eeg_tleft_sampent_full_change_precond;eeg_tleft_halpha_mean_full_change_precond;eeg_tleft_lalpha_mean_full_change_precond;pupil_dilation_sd_full_change_precond;eeg_t_sampent_full_change_precond"
2025-11-26 19:00:37.033154,29,"stress_label",5,128,0.015625,0.596153846153846,0.641025641025641,NA,5,"top5","eeg_tleft_sampent_full_change_precond;eeg_tleft_halpha_mean_full_change_precond;eeg_tleft_lalpha_mean_full_change_precond;pupil_dilation_sd_full_change_precond;eeg_t_sampent_full_change_precond"
2025-11-26 19:00:37.983196,29,"stress_label",5,256,0.015625,0.608974358974359,0.602564102564103,NA,5,"top5","eeg_tleft_sampent_full_change_precond;eeg_tleft_halpha_mean_full_change_precond;eeg_tleft_lalpha_mean_full_change_precond;pupil_dilation_sd_full_change_precond;eeg_t_sampent_full_change_precond"
2025-11-26 19:00:38.729863,29,"stress_label",5,2,0.03125,0.621794871794872,0.621794871794872,0.577777777777778,5,"top5","eeg_tleft_sampent_full_change_precond;eeg_tleft_halpha_mean_full_change_precond;eeg_tleft_lalpha_mean_full_change_precond;pupil_dilation_sd_full_change_precond;eeg_t_sampent_full_change_precond"
2025-11-26 19:00:39.508333,29,"stress_label",5,4,0.03125,0.615384615384615,0.641025641025641,NA,5,"top5","eeg_tleft_sampent_full_change_precond;eeg_tleft_halpha_mean_full_change_precond;eeg_tleft_lalpha_mean_full_change_precond;pupil_dilation_sd_full_change_precond;eeg_t_sampent_full_change_precond"
2025-11-26 19:00:40.295325,29,"stress_label",5,8,0.03125,0.596153846153846,0.634615384615385,NA,5,"top5","eeg_tleft_sampent_full_change_precond;eeg_tleft_halpha_mean_full_change_precond;eeg_tleft_lalpha_mean_full_change_precond;pupil_dilation_sd_full_change_precond;eeg_t_sampent_full_change_precond"
2025-11-26 19:00:41.115702,29,"stress_label",5,16,0.03125,0.596153846153846,0.641025641025641,NA,5,"top5","eeg_tleft_sampent_full_change_precond;eeg_tleft_halpha_mean_full_change_precond;eeg_tleft_lalpha_mean_full_change_precond;pupil_dilation_sd_full_change_precond;eeg_t_sampent_full_change_precond"
2025-11-26 19:00:41.952582,29,"stress_label",5,32,0.03125,0.602564102564103,0.628205128205128,NA,5,"top5","eeg_tleft_sampent_full_change_precond;eeg_tleft_halpha_mean_full_change_precond;eeg_tleft_lalpha_mean_full_change_precond;pupil_dilation_sd_full_change_precond;eeg_t_sampent_full_change_precond"
2025-11-26 19:00:42.762498,29,"stress_label",5,64,0.03125,0.58974358974359,0.596153846153846,NA,5,"top5","eeg_tleft_sampent_full_change_precond;eeg_tleft_halpha_mean_full_change_precond;eeg_tleft_lalpha_mean_full_change_precond;pupil_dilation_sd_full_change_precond;eeg_t_sampent_full_change_precond"
2025-11-26 19:00:43.656186,29,"stress_label",5,128,0.03125,0.557692307692308,0.538461538461538,0.522222222222222,5,"top5","eeg_tleft_sampent_full_change_precond;eeg_tleft_halpha_mean_full_change_precond;eeg_tleft_lalpha_mean_full_change_precond;pupil_dilation_sd_full_change_precond;eeg_t_sampent_full_change_precond"
2025-11-26 19:00:44.693722,29,"stress_label",5,256,0.03125,0.564102564102564,0.506410256410256,0.536752136752137,5,"top5","eeg_tleft_sampent_full_change_precond;eeg_tleft_halpha_mean_full_change_precond;eeg_tleft_lalpha_mean_full_change_precond;pupil_dilation_sd_full_change_precond;eeg_t_sampent_full_change_precond"
2025-11-26 19:00:45.490433,29,"stress_label",5,2,0.0625,0.628205128205128,0.653846153846154,NA,5,"top5","eeg_tleft_sampent_full_change_precond;eeg_tleft_halpha_mean_full_change_precond;eeg_tleft_lalpha_mean_full_change_precond;pupil_dilation_sd_full_change_precond;eeg_t_sampent_full_change_precond"
2025-11-26 19:00:46.260174,29,"stress_label",5,4,0.0625,0.615384615384615,0.673076923076923,NA,5,"top5","eeg_tleft_sampent_full_change_precond;eeg_tleft_halpha_mean_full_change_precond;eeg_tleft_lalpha_mean_full_change_precond;pupil_dilation_sd_full_change_precond;eeg_t_sampent_full_change_precond"
2025-11-26 19:00:46.993613,29,"stress_label",5,8,0.0625,0.602564102564103,0.634615384615385,NA,5,"top5","eeg_tleft_sampent_full_change_precond;eeg_tleft_halpha_mean_full_change_precond;eeg_tleft_lalpha_mean_full_change_precond;pupil_dilation_sd_full_change_precond;eeg_t_sampent_full_change_precond"
2025-11-26 19:00:47.790969,29,"stress_label",5,16,0.0625,0.583333333333333,0.58974358974359,NA,5,"top5","eeg_tleft_sampent_full_change_precond;eeg_tleft_halpha_mean_full_change_precond;eeg_tleft_lalpha_mean_full_change_precond;pupil_dilation_sd_full_change_precond;eeg_t_sampent_full_change_precond"
2025-11-26 19:00:48.552361,29,"stress_label",5,32,0.0625,0.564102564102564,0.557692307692308,0.54017094017094,5,"top5","eeg_tleft_sampent_full_change_precond;eeg_tleft_halpha_mean_full_change_precond;eeg_tleft_lalpha_mean_full_change_precond;pupil_dilation_sd_full_change_precond;eeg_t_sampent_full_change_precond"
2025-11-26 19:00:49.400502,29,"stress_label",5,64,0.0625,0.532051282051282,0.532051282051282,0.500854700854701,5,"top5","eeg_tleft_sampent_full_change_precond;eeg_tleft_halpha_mean_full_change_precond;eeg_tleft_lalpha_mean_full_change_precond;pupil_dilation_sd_full_change_precond;eeg_t_sampent_full_change_precond"
2025-11-26 19:00:50.343665,29,"stress_label",5,128,0.0625,0.532051282051282,0.455128205128205,0.505128205128205,5,"top5","eeg_tleft_sampent_full_change_precond;eeg_tleft_halpha_mean_full_change_precond;eeg_tleft_lalpha_mean_full_change_precond;pupil_dilation_sd_full_change_precond;eeg_t_sampent_full_change_precond"
2025-11-26 19:00:51.576098,29,"stress_label",5,256,0.0625,0.538461538461538,0.461538461538462,0.521367521367521,5,"top5","eeg_tleft_sampent_full_change_precond;eeg_tleft_halpha_mean_full_change_precond;eeg_tleft_lalpha_mean_full_change_precond;pupil_dilation_sd_full_change_precond;eeg_t_sampent_full_change_precond"
2025-11-26 19:00:52.353639,29,"stress_label",5,2,0.125,0.602564102564103,0.621794871794872,NA,5,"top5","eeg_tleft_sampent_full_change_precond;eeg_tleft_halpha_mean_full_change_precond;eeg_tleft_lalpha_mean_full_change_precond;pupil_dilation_sd_full_change_precond;eeg_t_sampent_full_change_precond"
2025-11-26 19:00:53.000204,29,"stress_label",5,4,0.125,0.583333333333333,0.602564102564103,NA,5,"top5","eeg_tleft_sampent_full_change_precond;eeg_tleft_halpha_mean_full_change_precond;eeg_tleft_lalpha_mean_full_change_precond;pupil_dilation_sd_full_change_precond;eeg_t_sampent_full_change_precond"
2025-11-26 19:00:53.621676,29,"stress_label",5,8,0.125,0.576923076923077,0.532051282051282,0.545299145299145,5,"top5","eeg_tleft_sampent_full_change_precond;eeg_tleft_halpha_mean_full_change_precond;eeg_tleft_lalpha_mean_full_change_precond;pupil_dilation_sd_full_change_precond;eeg_t_sampent_full_change_precond"
2025-11-26 19:00:54.257449,29,"stress_label",5,16,0.125,0.525641025641026,0.512820512820513,0.488034188034188,5,"top5","eeg_tleft_sampent_full_change_precond;eeg_tleft_halpha_mean_full_change_precond;eeg_tleft_lalpha_mean_full_change_precond;pupil_dilation_sd_full_change_precond;eeg_t_sampent_full_change_precond"
2025-11-26 19:00:55.059285,29,"stress_label",5,32,0.125,0.544871794871795,0.448717948717949,0.530769230769231,5,"top5","eeg_tleft_sampent_full_change_precond;eeg_tleft_halpha_mean_full_change_precond;eeg_tleft_lalpha_mean_full_change_precond;pupil_dilation_sd_full_change_precond;eeg_t_sampent_full_change_precond"
2025-11-26 19:00:55.873323,29,"stress_label",5,64,0.125,0.557692307692308,0.506410256410256,0.537606837606838,5,"top5","eeg_tleft_sampent_full_change_precond;eeg_tleft_halpha_mean_full_change_precond;eeg_tleft_lalpha_mean_full_change_precond;pupil_dilation_sd_full_change_precond;eeg_t_sampent_full_change_precond"
2025-11-26 19:00:57.049499,29,"stress_label",5,128,0.125,0.557692307692308,0.461538461538462,0.543589743589744,5,"top5","eeg_tleft_sampent_full_change_precond;eeg_tleft_halpha_mean_full_change_precond;eeg_tleft_lalpha_mean_full_change_precond;pupil_dilation_sd_full_change_precond;eeg_t_sampent_full_change_precond"
2025-11-26 19:00:58.567448,29,"stress_label",5,256,0.125,0.544871794871795,0.403846153846154,NA,5,"top5","eeg_tleft_sampent_full_change_precond;eeg_tleft_halpha_mean_full_change_precond;eeg_tleft_lalpha_mean_full_change_precond;pupil_dilation_sd_full_change_precond;eeg_t_sampent_full_change_precond"
2025-11-26 19:00:59.213827,29,"stress_label",5,2,0.03,0.628205128205128,0.621794871794872,0.586324786324786,5,"top5","eeg_tleft_sampent_full_change_precond;eeg_tleft_halpha_mean_full_change_precond;eeg_tleft_lalpha_mean_full_change_precond;pupil_dilation_sd_full_change_precond;eeg_t_sampent_full_change_precond"
2025-11-26 19:00:59.875192,29,"stress_label",5,4,0.03,0.608974358974359,0.628205128205128,NA,5,"top5","eeg_tleft_sampent_full_change_precond;eeg_tleft_halpha_mean_full_change_precond;eeg_tleft_lalpha_mean_full_change_precond;pupil_dilation_sd_full_change_precond;eeg_t_sampent_full_change_precond"
2025-11-26 19:01:00.634399,29,"stress_label",5,8,0.03,0.596153846153846,0.641025641025641,NA,5,"top5","eeg_tleft_sampent_full_change_precond;eeg_tleft_halpha_mean_full_change_precond;eeg_tleft_lalpha_mean_full_change_precond;pupil_dilation_sd_full_change_precond;eeg_t_sampent_full_change_precond"
2025-11-26 19:01:01.454565,29,"stress_label",5,16,0.03,0.596153846153846,0.647435897435897,NA,5,"top5","eeg_tleft_sampent_full_change_precond;eeg_tleft_halpha_mean_full_change_precond;eeg_tleft_lalpha_mean_full_change_precond;pupil_dilation_sd_full_change_precond;eeg_t_sampent_full_change_precond"
2025-11-26 19:01:02.30085,29,"stress_label",5,32,0.03,0.602564102564103,0.628205128205128,NA,5,"top5","eeg_tleft_sampent_full_change_precond;eeg_tleft_halpha_mean_full_change_precond;eeg_tleft_lalpha_mean_full_change_precond;pupil_dilation_sd_full_change_precond;eeg_t_sampent_full_change_precond"
2025-11-26 19:01:03.184636,29,"stress_label",5,64,0.03,0.596153846153846,0.596153846153846,NA,5,"top5","eeg_tleft_sampent_full_change_precond;eeg_tleft_halpha_mean_full_change_precond;eeg_tleft_lalpha_mean_full_change_precond;pupil_dilation_sd_full_change_precond;eeg_t_sampent_full_change_precond"
2025-11-26 19:01:04.103347,29,"stress_label",5,128,0.03,0.557692307692308,0.525641025641026,0.522222222222222,5,"top5","eeg_tleft_sampent_full_change_precond;eeg_tleft_halpha_mean_full_change_precond;eeg_tleft_lalpha_mean_full_change_precond;pupil_dilation_sd_full_change_precond;eeg_t_sampent_full_change_precond"
2025-11-26 19:01:05.127837,29,"stress_label",5,256,0.03,0.564102564102564,0.474358974358974,0.536752136752137,5,"top5","eeg_tleft_sampent_full_change_precond;eeg_tleft_halpha_mean_full_change_precond;eeg_tleft_lalpha_mean_full_change_precond;pupil_dilation_sd_full_change_precond;eeg_t_sampent_full_change_precond"
2025-11-26 19:01:05.949724,29,"stress_label",5,2,0.06,0.628205128205128,0.653846153846154,NA,5,"top5","eeg_tleft_sampent_full_change_precond;eeg_tleft_halpha_mean_full_change_precond;eeg_tleft_lalpha_mean_full_change_precond;pupil_dilation_sd_full_change_precond;eeg_t_sampent_full_change_precond"
2025-11-26 19:01:06.740873,29,"stress_label",5,4,0.06,0.608974358974359,0.673076923076923,NA,5,"top5","eeg_tleft_sampent_full_change_precond;eeg_tleft_halpha_mean_full_change_precond;eeg_tleft_lalpha_mean_full_change_precond;pupil_dilation_sd_full_change_precond;eeg_t_sampent_full_change_precond"
2025-11-26 19:01:07.558033,29,"stress_label",5,8,0.06,0.596153846153846,0.634615384615385,NA,5,"top5","eeg_tleft_sampent_full_change_precond;eeg_tleft_halpha_mean_full_change_precond;eeg_tleft_lalpha_mean_full_change_precond;pupil_dilation_sd_full_change_precond;eeg_t_sampent_full_change_precond"
2025-11-26 19:01:08.373208,29,"stress_label",5,16,0.06,0.576923076923077,0.58974358974359,NA,5,"top5","eeg_tleft_sampent_full_change_precond;eeg_tleft_halpha_mean_full_change_precond;eeg_tleft_lalpha_mean_full_change_precond;pupil_dilation_sd_full_change_precond;eeg_t_sampent_full_change_precond"
2025-11-26 19:01:09.209967,29,"stress_label",5,32,0.06,0.557692307692308,0.525641025641026,0.527350427350427,5,"top5","eeg_tleft_sampent_full_change_precond;eeg_tleft_halpha_mean_full_change_precond;eeg_tleft_lalpha_mean_full_change_precond;pupil_dilation_sd_full_change_precond;eeg_t_sampent_full_change_precond"
2025-11-26 19:01:10.091873,29,"stress_label",5,64,0.06,0.538461538461538,0.519230769230769,0.511111111111111,5,"top5","eeg_tleft_sampent_full_change_precond;eeg_tleft_halpha_mean_full_change_precond;eeg_tleft_lalpha_mean_full_change_precond;pupil_dilation_sd_full_change_precond;eeg_t_sampent_full_change_precond"
2025-11-26 19:01:11.115514,29,"stress_label",5,128,0.06,0.532051282051282,0.480769230769231,0.499145299145299,5,"top5","eeg_tleft_sampent_full_change_precond;eeg_tleft_halpha_mean_full_change_precond;eeg_tleft_lalpha_mean_full_change_precond;pupil_dilation_sd_full_change_precond;eeg_t_sampent_full_change_precond"
2025-11-26 19:01:12.370364,29,"stress_label",5,256,0.06,0.532051282051282,0.538461538461538,0.513675213675214,5,"top5","eeg_tleft_sampent_full_change_precond;eeg_tleft_halpha_mean_full_change_precond;eeg_tleft_lalpha_mean_full_change_precond;pupil_dilation_sd_full_change_precond;eeg_t_sampent_full_change_precond"
2025-11-26 19:01:13.14145,29,"stress_label",5,2,0.1,0.615384615384615,0.628205128205128,NA,5,"top5","eeg_tleft_sampent_full_change_precond;eeg_tleft_halpha_mean_full_change_precond;eeg_tleft_lalpha_mean_full_change_precond;pupil_dilation_sd_full_change_precond;eeg_t_sampent_full_change_precond"
2025-11-26 19:01:13.923567,29,"stress_label",5,4,0.1,0.608974358974359,0.628205128205128,NA,5,"top5","eeg_tleft_sampent_full_change_precond;eeg_tleft_halpha_mean_full_change_precond;eeg_tleft_lalpha_mean_full_change_precond;pupil_dilation_sd_full_change_precond;eeg_t_sampent_full_change_precond"
2025-11-26 19:01:14.776712,29,"stress_label",5,8,0.1,0.583333333333333,0.576923076923077,NA,5,"top5","eeg_tleft_sampent_full_change_precond;eeg_tleft_halpha_mean_full_change_precond;eeg_tleft_lalpha_mean_full_change_precond;pupil_dilation_sd_full_change_precond;eeg_t_sampent_full_change_precond"
2025-11-26 19:01:15.614784,29,"stress_label",5,16,0.1,0.551282051282051,0.532051282051282,0.515384615384615,5,"top5","eeg_tleft_sampent_full_change_precond;eeg_tleft_halpha_mean_full_change_precond;eeg_tleft_lalpha_mean_full_change_precond;pupil_dilation_sd_full_change_precond;eeg_t_sampent_full_change_precond"
2025-11-26 19:01:16.488167,29,"stress_label",5,32,0.1,0.512820512820513,0.519230769230769,0.476068376068376,5,"top5","eeg_tleft_sampent_full_change_precond;eeg_tleft_halpha_mean_full_change_precond;eeg_tleft_lalpha_mean_full_change_precond;pupil_dilation_sd_full_change_precond;eeg_t_sampent_full_change_precond"
2025-11-26 19:01:17.46385,29,"stress_label",5,64,0.1,0.532051282051282,0.493589743589744,0.513675213675214,5,"top5","eeg_tleft_sampent_full_change_precond;eeg_tleft_halpha_mean_full_change_precond;eeg_tleft_lalpha_mean_full_change_precond;pupil_dilation_sd_full_change_precond;eeg_t_sampent_full_change_precond"
2025-11-26 19:01:18.610103,29,"stress_label",5,128,0.1,0.551282051282051,0.474358974358974,0.535042735042735,5,"top5","eeg_tleft_sampent_full_change_precond;eeg_tleft_halpha_mean_full_change_precond;eeg_tleft_lalpha_mean_full_change_precond;pupil_dilation_sd_full_change_precond;eeg_t_sampent_full_change_precond"
2025-11-26 19:01:19.829488,29,"stress_label",5,256,0.1,0.557692307692308,0.480769230769231,0.552136752136752,5,"top5","eeg_tleft_sampent_full_change_precond;eeg_tleft_halpha_mean_full_change_precond;eeg_tleft_lalpha_mean_full_change_precond;pupil_dilation_sd_full_change_precond;eeg_t_sampent_full_change_precond"
2025-11-26 19:01:20.9385,30,"stress_label",20,2,0.0078125,0.596153846153846,0.602564102564103,0.529059829059829,20,"top20","eeg_tleft_sampent_full_change_precond;eeg_tleft_halpha_mean_full_change_precond;eeg_pright_sampent_full_change_precond;eeg_t_sampent_full_change_precond;gsr_skin_conductance_eda_tonic_mean_nk_full_change_precond;pupil_dilation_sd_full_change_precond;eeg_fm_theta_mean_full_change_precond;eeg_fl_hbeta_mean_full_change_precond;eeg_tleft_lalpha_mean_full_change_precond;eeg_pleft_lbeta_mean_full_change_precond;eeg_c_sampent_full_change_precond;hrv_rmssd_full_change_precond;eeg_fr_sampent_full_change_precond;eeg_tright_halpha_mean_full_change_precond;eeg_c_specent_full_change_precond;eeg_pleft_halpha_mean_full_change_precond;hr_heartrate_bpm_med_abs_full_change_precond;eeg_tleft_hbeta_mean_full_change_precond;eeg_pleft_lalpha_mean_full_change_precond;eeg_fm_sampent_full_change_precond"
2025-11-26 19:01:21.913779,30,"stress_label",20,4,0.0078125,0.576923076923077,0.621794871794872,0.526495726495727,20,"top20","eeg_tleft_sampent_full_change_precond;eeg_tleft_halpha_mean_full_change_precond;eeg_pright_sampent_full_change_precond;eeg_t_sampent_full_change_precond;gsr_skin_conductance_eda_tonic_mean_nk_full_change_precond;pupil_dilation_sd_full_change_precond;eeg_fm_theta_mean_full_change_precond;eeg_fl_hbeta_mean_full_change_precond;eeg_tleft_lalpha_mean_full_change_precond;eeg_pleft_lbeta_mean_full_change_precond;eeg_c_sampent_full_change_precond;hrv_rmssd_full_change_precond;eeg_fr_sampent_full_change_precond;eeg_tright_halpha_mean_full_change_precond;eeg_c_specent_full_change_precond;eeg_pleft_halpha_mean_full_change_precond;hr_heartrate_bpm_med_abs_full_change_precond;eeg_tleft_hbeta_mean_full_change_precond;eeg_pleft_lalpha_mean_full_change_precond;eeg_fm_sampent_full_change_precond"
2025-11-26 19:01:22.784501,30,"stress_label",20,8,0.0078125,0.551282051282051,0.557692307692308,NA,20,"top20","eeg_tleft_sampent_full_change_precond;eeg_tleft_halpha_mean_full_change_precond;eeg_pright_sampent_full_change_precond;eeg_t_sampent_full_change_precond;gsr_skin_conductance_eda_tonic_mean_nk_full_change_precond;pupil_dilation_sd_full_change_precond;eeg_fm_theta_mean_full_change_precond;eeg_fl_hbeta_mean_full_change_precond;eeg_tleft_lalpha_mean_full_change_precond;eeg_pleft_lbeta_mean_full_change_precond;eeg_c_sampent_full_change_precond;hrv_rmssd_full_change_precond;eeg_fr_sampent_full_change_precond;eeg_tright_halpha_mean_full_change_precond;eeg_c_specent_full_change_precond;eeg_pleft_halpha_mean_full_change_precond;hr_heartrate_bpm_med_abs_full_change_precond;eeg_tleft_hbeta_mean_full_change_precond;eeg_pleft_lalpha_mean_full_change_precond;eeg_fm_sampent_full_change_precond"
2025-11-26 19:01:23.745564,30,"stress_label",20,16,0.0078125,0.538461538461538,0.544871794871795,0.514529914529914,20,"top20","eeg_tleft_sampent_full_change_precond;eeg_tleft_halpha_mean_full_change_precond;eeg_pright_sampent_full_change_precond;eeg_t_sampent_full_change_precond;gsr_skin_conductance_eda_tonic_mean_nk_full_change_precond;pupil_dilation_sd_full_change_precond;eeg_fm_theta_mean_full_change_precond;eeg_fl_hbeta_mean_full_change_precond;eeg_tleft_lalpha_mean_full_change_precond;eeg_pleft_lbeta_mean_full_change_precond;eeg_c_sampent_full_change_precond;hrv_rmssd_full_change_precond;eeg_fr_sampent_full_change_precond;eeg_tright_halpha_mean_full_change_precond;eeg_c_specent_full_change_precond;eeg_pleft_halpha_mean_full_change_precond;hr_heartrate_bpm_med_abs_full_change_precond;eeg_tleft_hbeta_mean_full_change_precond;eeg_pleft_lalpha_mean_full_change_precond;eeg_fm_sampent_full_change_precond"
2025-11-26 19:01:24.835965,30,"stress_label",20,32,0.0078125,0.519230769230769,0.397435897435897,0.487179487179487,20,"top20","eeg_tleft_sampent_full_change_precond;eeg_tleft_halpha_mean_full_change_precond;eeg_pright_sampent_full_change_precond;eeg_t_sampent_full_change_precond;gsr_skin_conductance_eda_tonic_mean_nk_full_change_precond;pupil_dilation_sd_full_change_precond;eeg_fm_theta_mean_full_change_precond;eeg_fl_hbeta_mean_full_change_precond;eeg_tleft_lalpha_mean_full_change_precond;eeg_pleft_lbeta_mean_full_change_precond;eeg_c_sampent_full_change_precond;hrv_rmssd_full_change_precond;eeg_fr_sampent_full_change_precond;eeg_tright_halpha_mean_full_change_precond;eeg_c_specent_full_change_precond;eeg_pleft_halpha_mean_full_change_precond;hr_heartrate_bpm_med_abs_full_change_precond;eeg_tleft_hbeta_mean_full_change_precond;eeg_pleft_lalpha_mean_full_change_precond;eeg_fm_sampent_full_change_precond"
2025-11-26 19:01:26.040838,30,"stress_label",20,64,0.0078125,0.544871794871795,0.294871794871795,NA,20,"top20","eeg_tleft_sampent_full_change_precond;eeg_tleft_halpha_mean_full_change_precond;eeg_pright_sampent_full_change_precond;eeg_t_sampent_full_change_precond;gsr_skin_conductance_eda_tonic_mean_nk_full_change_precond;pupil_dilation_sd_full_change_precond;eeg_fm_theta_mean_full_change_precond;eeg_fl_hbeta_mean_full_change_precond;eeg_tleft_lalpha_mean_full_change_precond;eeg_pleft_lbeta_mean_full_change_precond;eeg_c_sampent_full_change_precond;hrv_rmssd_full_change_precond;eeg_fr_sampent_full_change_precond;eeg_tright_halpha_mean_full_change_precond;eeg_c_specent_full_change_precond;eeg_pleft_halpha_mean_full_change_precond;hr_heartrate_bpm_med_abs_full_change_precond;eeg_tleft_hbeta_mean_full_change_precond;eeg_pleft_lalpha_mean_full_change_precond;eeg_fm_sampent_full_change_precond"
2025-11-26 19:01:27.26687,30,"stress_label",20,128,0.0078125,0.512820512820513,0.474358974358974,0.47948717948718,20,"top20","eeg_tleft_sampent_full_change_precond;eeg_tleft_halpha_mean_full_change_precond;eeg_pright_sampent_full_change_precond;eeg_t_sampent_full_change_precond;gsr_skin_conductance_eda_tonic_mean_nk_full_change_precond;pupil_dilation_sd_full_change_precond;eeg_fm_theta_mean_full_change_precond;eeg_fl_hbeta_mean_full_change_precond;eeg_tleft_lalpha_mean_full_change_precond;eeg_pleft_lbeta_mean_full_change_precond;eeg_c_sampent_full_change_precond;hrv_rmssd_full_change_precond;eeg_fr_sampent_full_change_precond;eeg_tright_halpha_mean_full_change_precond;eeg_c_specent_full_change_precond;eeg_pleft_halpha_mean_full_change_precond;hr_heartrate_bpm_med_abs_full_change_precond;eeg_tleft_hbeta_mean_full_change_precond;eeg_pleft_lalpha_mean_full_change_precond;eeg_fm_sampent_full_change_precond"
2025-11-26 19:01:28.873304,30,"stress_label",20,256,0.0078125,0.538461538461538,0.467948717948718,NA,20,"top20","eeg_tleft_sampent_full_change_precond;eeg_tleft_halpha_mean_full_change_precond;eeg_pright_sampent_full_change_precond;eeg_t_sampent_full_change_precond;gsr_skin_conductance_eda_tonic_mean_nk_full_change_precond;pupil_dilation_sd_full_change_precond;eeg_fm_theta_mean_full_change_precond;eeg_fl_hbeta_mean_full_change_precond;eeg_tleft_lalpha_mean_full_change_precond;eeg_pleft_lbeta_mean_full_change_precond;eeg_c_sampent_full_change_precond;hrv_rmssd_full_change_precond;eeg_fr_sampent_full_change_precond;eeg_tright_halpha_mean_full_change_precond;eeg_c_specent_full_change_precond;eeg_pleft_halpha_mean_full_change_precond;hr_heartrate_bpm_med_abs_full_change_precond;eeg_tleft_hbeta_mean_full_change_precond;eeg_pleft_lalpha_mean_full_change_precond;eeg_fm_sampent_full_change_precond"
2025-11-26 19:01:29.941002,30,"stress_label",20,2,0.015625,0.57051282051282,0.621794871794872,0.514529914529914,20,"top20","eeg_tleft_sampent_full_change_precond;eeg_tleft_halpha_mean_full_change_precond;eeg_pright_sampent_full_change_precond;eeg_t_sampent_full_change_precond;gsr_skin_conductance_eda_tonic_mean_nk_full_change_precond;pupil_dilation_sd_full_change_precond;eeg_fm_theta_mean_full_change_precond;eeg_fl_hbeta_mean_full_change_precond;eeg_tleft_lalpha_mean_full_change_precond;eeg_pleft_lbeta_mean_full_change_precond;eeg_c_sampent_full_change_precond;hrv_rmssd_full_change_precond;eeg_fr_sampent_full_change_precond;eeg_tright_halpha_mean_full_change_precond;eeg_c_specent_full_change_precond;eeg_pleft_halpha_mean_full_change_precond;hr_heartrate_bpm_med_abs_full_change_precond;eeg_tleft_hbeta_mean_full_change_precond;eeg_pleft_lalpha_mean_full_change_precond;eeg_fm_sampent_full_change_precond"
2025-11-26 19:01:31.013359,30,"stress_label",20,4,0.015625,0.557692307692308,0.538461538461538,NA,20,"top20","eeg_tleft_sampent_full_change_precond;eeg_tleft_halpha_mean_full_change_precond;eeg_pright_sampent_full_change_precond;eeg_t_sampent_full_change_precond;gsr_skin_conductance_eda_tonic_mean_nk_full_change_precond;pupil_dilation_sd_full_change_precond;eeg_fm_theta_mean_full_change_precond;eeg_fl_hbeta_mean_full_change_precond;eeg_tleft_lalpha_mean_full_change_precond;eeg_pleft_lbeta_mean_full_change_precond;eeg_c_sampent_full_change_precond;hrv_rmssd_full_change_precond;eeg_fr_sampent_full_change_precond;eeg_tright_halpha_mean_full_change_precond;eeg_c_specent_full_change_precond;eeg_pleft_halpha_mean_full_change_precond;hr_heartrate_bpm_med_abs_full_change_precond;eeg_tleft_hbeta_mean_full_change_precond;eeg_pleft_lalpha_mean_full_change_precond;eeg_fm_sampent_full_change_precond"
2025-11-26 19:01:32.073935,30,"stress_label",20,8,0.015625,0.532051282051282,0.461538461538462,NA,20,"top20","eeg_tleft_sampent_full_change_precond;eeg_tleft_halpha_mean_full_change_precond;eeg_pright_sampent_full_change_precond;eeg_t_sampent_full_change_precond;gsr_skin_conductance_eda_tonic_mean_nk_full_change_precond;pupil_dilation_sd_full_change_precond;eeg_fm_theta_mean_full_change_precond;eeg_fl_hbeta_mean_full_change_precond;eeg_tleft_lalpha_mean_full_change_precond;eeg_pleft_lbeta_mean_full_change_precond;eeg_c_sampent_full_change_precond;hrv_rmssd_full_change_precond;eeg_fr_sampent_full_change_precond;eeg_tright_halpha_mean_full_change_precond;eeg_c_specent_full_change_precond;eeg_pleft_halpha_mean_full_change_precond;hr_heartrate_bpm_med_abs_full_change_precond;eeg_tleft_hbeta_mean_full_change_precond;eeg_pleft_lalpha_mean_full_change_precond;eeg_fm_sampent_full_change_precond"
2025-11-26 19:01:33.1272,30,"stress_label",20,16,0.015625,0.544871794871795,0.474358974358974,NA,20,"top20","eeg_tleft_sampent_full_change_precond;eeg_tleft_halpha_mean_full_change_precond;eeg_pright_sampent_full_change_precond;eeg_t_sampent_full_change_precond;gsr_skin_conductance_eda_tonic_mean_nk_full_change_precond;pupil_dilation_sd_full_change_precond;eeg_fm_theta_mean_full_change_precond;eeg_fl_hbeta_mean_full_change_precond;eeg_tleft_lalpha_mean_full_change_precond;eeg_pleft_lbeta_mean_full_change_precond;eeg_c_sampent_full_change_precond;hrv_rmssd_full_change_precond;eeg_fr_sampent_full_change_precond;eeg_tright_halpha_mean_full_change_precond;eeg_c_specent_full_change_precond;eeg_pleft_halpha_mean_full_change_precond;hr_heartrate_bpm_med_abs_full_change_precond;eeg_tleft_hbeta_mean_full_change_precond;eeg_pleft_lalpha_mean_full_change_precond;eeg_fm_sampent_full_change_precond"
2025-11-26 19:01:34.112964,30,"stress_label",20,32,0.015625,0.5,0.429487179487179,0.472649572649573,20,"top20","eeg_tleft_sampent_full_change_precond;eeg_tleft_halpha_mean_full_change_precond;eeg_pright_sampent_full_change_precond;eeg_t_sampent_full_change_precond;gsr_skin_conductance_eda_tonic_mean_nk_full_change_precond;pupil_dilation_sd_full_change_precond;eeg_fm_theta_mean_full_change_precond;eeg_fl_hbeta_mean_full_change_precond;eeg_tleft_lalpha_mean_full_change_precond;eeg_pleft_lbeta_mean_full_change_precond;eeg_c_sampent_full_change_precond;hrv_rmssd_full_change_precond;eeg_fr_sampent_full_change_precond;eeg_tright_halpha_mean_full_change_precond;eeg_c_specent_full_change_precond;eeg_pleft_halpha_mean_full_change_precond;hr_heartrate_bpm_med_abs_full_change_precond;eeg_tleft_hbeta_mean_full_change_precond;eeg_pleft_lalpha_mean_full_change_precond;eeg_fm_sampent_full_change_precond"
2025-11-26 19:01:35.448202,30,"stress_label",20,64,0.015625,0.557692307692308,0.455128205128205,NA,20,"top20","eeg_tleft_sampent_full_change_precond;eeg_tleft_halpha_mean_full_change_precond;eeg_pright_sampent_full_change_precond;eeg_t_sampent_full_change_precond;gsr_skin_conductance_eda_tonic_mean_nk_full_change_precond;pupil_dilation_sd_full_change_precond;eeg_fm_theta_mean_full_change_precond;eeg_fl_hbeta_mean_full_change_precond;eeg_tleft_lalpha_mean_full_change_precond;eeg_pleft_lbeta_mean_full_change_precond;eeg_c_sampent_full_change_precond;hrv_rmssd_full_change_precond;eeg_fr_sampent_full_change_precond;eeg_tright_halpha_mean_full_change_precond;eeg_c_specent_full_change_precond;eeg_pleft_halpha_mean_full_change_precond;hr_heartrate_bpm_med_abs_full_change_precond;eeg_tleft_hbeta_mean_full_change_precond;eeg_pleft_lalpha_mean_full_change_precond;eeg_fm_sampent_full_change_precond"
2025-11-26 19:01:36.914237,30,"stress_label",20,128,0.015625,0.551282051282051,0.474358974358974,NA,20,"top20","eeg_tleft_sampent_full_change_precond;eeg_tleft_halpha_mean_full_change_precond;eeg_pright_sampent_full_change_precond;eeg_t_sampent_full_change_precond;gsr_skin_conductance_eda_tonic_mean_nk_full_change_precond;pupil_dilation_sd_full_change_precond;eeg_fm_theta_mean_full_change_precond;eeg_fl_hbeta_mean_full_change_precond;eeg_tleft_lalpha_mean_full_change_precond;eeg_pleft_lbeta_mean_full_change_precond;eeg_c_sampent_full_change_precond;hrv_rmssd_full_change_precond;eeg_fr_sampent_full_change_precond;eeg_tright_halpha_mean_full_change_precond;eeg_c_specent_full_change_precond;eeg_pleft_halpha_mean_full_change_precond;hr_heartrate_bpm_med_abs_full_change_precond;eeg_tleft_hbeta_mean_full_change_precond;eeg_pleft_lalpha_mean_full_change_precond;eeg_fm_sampent_full_change_precond"
2025-11-26 19:01:38.65967,30,"stress_label",20,256,0.015625,0.544871794871795,0.442307692307692,NA,20,"top20","eeg_tleft_sampent_full_change_precond;eeg_tleft_halpha_mean_full_change_precond;eeg_pright_sampent_full_change_precond;eeg_t_sampent_full_change_precond;gsr_skin_conductance_eda_tonic_mean_nk_full_change_precond;pupil_dilation_sd_full_change_precond;eeg_fm_theta_mean_full_change_precond;eeg_fl_hbeta_mean_full_change_precond;eeg_tleft_lalpha_mean_full_change_precond;eeg_pleft_lbeta_mean_full_change_precond;eeg_c_sampent_full_change_precond;hrv_rmssd_full_change_precond;eeg_fr_sampent_full_change_precond;eeg_tright_halpha_mean_full_change_precond;eeg_c_specent_full_change_precond;eeg_pleft_halpha_mean_full_change_precond;hr_heartrate_bpm_med_abs_full_change_precond;eeg_tleft_hbeta_mean_full_change_precond;eeg_pleft_lalpha_mean_full_change_precond;eeg_fm_sampent_full_change_precond"
2025-11-26 19:01:39.636698,30,"stress_label",20,2,0.03125,0.544871794871795,0.519230769230769,NA,20,"top20","eeg_tleft_sampent_full_change_precond;eeg_tleft_halpha_mean_full_change_precond;eeg_pright_sampent_full_change_precond;eeg_t_sampent_full_change_precond;gsr_skin_conductance_eda_tonic_mean_nk_full_change_precond;pupil_dilation_sd_full_change_precond;eeg_fm_theta_mean_full_change_precond;eeg_fl_hbeta_mean_full_change_precond;eeg_tleft_lalpha_mean_full_change_precond;eeg_pleft_lbeta_mean_full_change_precond;eeg_c_sampent_full_change_precond;hrv_rmssd_full_change_precond;eeg_fr_sampent_full_change_precond;eeg_tright_halpha_mean_full_change_precond;eeg_c_specent_full_change_precond;eeg_pleft_halpha_mean_full_change_precond;hr_heartrate_bpm_med_abs_full_change_precond;eeg_tleft_hbeta_mean_full_change_precond;eeg_pleft_lalpha_mean_full_change_precond;eeg_fm_sampent_full_change_precond"
2025-11-26 19:01:40.695635,30,"stress_label",20,4,0.03125,0.538461538461538,0.512820512820513,NA,20,"top20","eeg_tleft_sampent_full_change_precond;eeg_tleft_halpha_mean_full_change_precond;eeg_pright_sampent_full_change_precond;eeg_t_sampent_full_change_precond;gsr_skin_conductance_eda_tonic_mean_nk_full_change_precond;pupil_dilation_sd_full_change_precond;eeg_fm_theta_mean_full_change_precond;eeg_fl_hbeta_mean_full_change_precond;eeg_tleft_lalpha_mean_full_change_precond;eeg_pleft_lbeta_mean_full_change_precond;eeg_c_sampent_full_change_precond;hrv_rmssd_full_change_precond;eeg_fr_sampent_full_change_precond;eeg_tright_halpha_mean_full_change_precond;eeg_c_specent_full_change_precond;eeg_pleft_halpha_mean_full_change_precond;hr_heartrate_bpm_med_abs_full_change_precond;eeg_tleft_hbeta_mean_full_change_precond;eeg_pleft_lalpha_mean_full_change_precond;eeg_fm_sampent_full_change_precond"
2025-11-26 19:01:41.738929,30,"stress_label",20,8,0.03125,0.544871794871795,0.487179487179487,NA,20,"top20","eeg_tleft_sampent_full_change_precond;eeg_tleft_halpha_mean_full_change_precond;eeg_pright_sampent_full_change_precond;eeg_t_sampent_full_change_precond;gsr_skin_conductance_eda_tonic_mean_nk_full_change_precond;pupil_dilation_sd_full_change_precond;eeg_fm_theta_mean_full_change_precond;eeg_fl_hbeta_mean_full_change_precond;eeg_tleft_lalpha_mean_full_change_precond;eeg_pleft_lbeta_mean_full_change_precond;eeg_c_sampent_full_change_precond;hrv_rmssd_full_change_precond;eeg_fr_sampent_full_change_precond;eeg_tright_halpha_mean_full_change_precond;eeg_c_specent_full_change_precond;eeg_pleft_halpha_mean_full_change_precond;hr_heartrate_bpm_med_abs_full_change_precond;eeg_tleft_hbeta_mean_full_change_precond;eeg_pleft_lalpha_mean_full_change_precond;eeg_fm_sampent_full_change_precond"
2025-11-26 19:01:42.922318,30,"stress_label",20,16,0.03125,0.544871794871795,0.442307692307692,NA,20,"top20","eeg_tleft_sampent_full_change_precond;eeg_tleft_halpha_mean_full_change_precond;eeg_pright_sampent_full_change_precond;eeg_t_sampent_full_change_precond;gsr_skin_conductance_eda_tonic_mean_nk_full_change_precond;pupil_dilation_sd_full_change_precond;eeg_fm_theta_mean_full_change_precond;eeg_fl_hbeta_mean_full_change_precond;eeg_tleft_lalpha_mean_full_change_precond;eeg_pleft_lbeta_mean_full_change_precond;eeg_c_sampent_full_change_precond;hrv_rmssd_full_change_precond;eeg_fr_sampent_full_change_precond;eeg_tright_halpha_mean_full_change_precond;eeg_c_specent_full_change_precond;eeg_pleft_halpha_mean_full_change_precond;hr_heartrate_bpm_med_abs_full_change_precond;eeg_tleft_hbeta_mean_full_change_precond;eeg_pleft_lalpha_mean_full_change_precond;eeg_fm_sampent_full_change_precond"
2025-11-26 19:01:44.212673,30,"stress_label",20,32,0.03125,0.557692307692308,0.467948717948718,NA,20,"top20","eeg_tleft_sampent_full_change_precond;eeg_tleft_halpha_mean_full_change_precond;eeg_pright_sampent_full_change_precond;eeg_t_sampent_full_change_precond;gsr_skin_conductance_eda_tonic_mean_nk_full_change_precond;pupil_dilation_sd_full_change_precond;eeg_fm_theta_mean_full_change_precond;eeg_fl_hbeta_mean_full_change_precond;eeg_tleft_lalpha_mean_full_change_precond;eeg_pleft_lbeta_mean_full_change_precond;eeg_c_sampent_full_change_precond;hrv_rmssd_full_change_precond;eeg_fr_sampent_full_change_precond;eeg_tright_halpha_mean_full_change_precond;eeg_c_specent_full_change_precond;eeg_pleft_halpha_mean_full_change_precond;hr_heartrate_bpm_med_abs_full_change_precond;eeg_tleft_hbeta_mean_full_change_precond;eeg_pleft_lalpha_mean_full_change_precond;eeg_fm_sampent_full_change_precond"
2025-11-26 19:01:45.405343,30,"stress_label",20,64,0.03125,0.544871794871795,0.519230769230769,NA,20,"top20","eeg_tleft_sampent_full_change_precond;eeg_tleft_halpha_mean_full_change_precond;eeg_pright_sampent_full_change_precond;eeg_t_sampent_full_change_precond;gsr_skin_conductance_eda_tonic_mean_nk_full_change_precond;pupil_dilation_sd_full_change_precond;eeg_fm_theta_mean_full_change_precond;eeg_fl_hbeta_mean_full_change_precond;eeg_tleft_lalpha_mean_full_change_precond;eeg_pleft_lbeta_mean_full_change_precond;eeg_c_sampent_full_change_precond;hrv_rmssd_full_change_precond;eeg_fr_sampent_full_change_precond;eeg_tright_halpha_mean_full_change_precond;eeg_c_specent_full_change_precond;eeg_pleft_halpha_mean_full_change_precond;hr_heartrate_bpm_med_abs_full_change_precond;eeg_tleft_hbeta_mean_full_change_precond;eeg_pleft_lalpha_mean_full_change_precond;eeg_fm_sampent_full_change_precond"
2025-11-26 19:01:46.655174,30,"stress_label",20,128,0.03125,0.544871794871795,0.532051282051282,NA,20,"top20","eeg_tleft_sampent_full_change_precond;eeg_tleft_halpha_mean_full_change_precond;eeg_pright_sampent_full_change_precond;eeg_t_sampent_full_change_precond;gsr_skin_conductance_eda_tonic_mean_nk_full_change_precond;pupil_dilation_sd_full_change_precond;eeg_fm_theta_mean_full_change_precond;eeg_fl_hbeta_mean_full_change_precond;eeg_tleft_lalpha_mean_full_change_precond;eeg_pleft_lbeta_mean_full_change_precond;eeg_c_sampent_full_change_precond;hrv_rmssd_full_change_precond;eeg_fr_sampent_full_change_precond;eeg_tright_halpha_mean_full_change_precond;eeg_c_specent_full_change_precond;eeg_pleft_halpha_mean_full_change_precond;hr_heartrate_bpm_med_abs_full_change_precond;eeg_tleft_hbeta_mean_full_change_precond;eeg_pleft_lalpha_mean_full_change_precond;eeg_fm_sampent_full_change_precond"
2025-11-26 19:01:47.990174,30,"stress_label",20,256,0.03125,0.544871794871795,0.429487179487179,NA,20,"top20","eeg_tleft_sampent_full_change_precond;eeg_tleft_halpha_mean_full_change_precond;eeg_pright_sampent_full_change_precond;eeg_t_sampent_full_change_precond;gsr_skin_conductance_eda_tonic_mean_nk_full_change_precond;pupil_dilation_sd_full_change_precond;eeg_fm_theta_mean_full_change_precond;eeg_fl_hbeta_mean_full_change_precond;eeg_tleft_lalpha_mean_full_change_precond;eeg_pleft_lbeta_mean_full_change_precond;eeg_c_sampent_full_change_precond;hrv_rmssd_full_change_precond;eeg_fr_sampent_full_change_precond;eeg_tright_halpha_mean_full_change_precond;eeg_c_specent_full_change_precond;eeg_pleft_halpha_mean_full_change_precond;hr_heartrate_bpm_med_abs_full_change_precond;eeg_tleft_hbeta_mean_full_change_precond;eeg_pleft_lalpha_mean_full_change_precond;eeg_fm_sampent_full_change_precond"
2025-11-26 19:01:49.052032,30,"stress_label",20,2,0.0625,0.551282051282051,0.480769230769231,NA,20,"top20","eeg_tleft_sampent_full_change_precond;eeg_tleft_halpha_mean_full_change_precond;eeg_pright_sampent_full_change_precond;eeg_t_sampent_full_change_precond;gsr_skin_conductance_eda_tonic_mean_nk_full_change_precond;pupil_dilation_sd_full_change_precond;eeg_fm_theta_mean_full_change_precond;eeg_fl_hbeta_mean_full_change_precond;eeg_tleft_lalpha_mean_full_change_precond;eeg_pleft_lbeta_mean_full_change_precond;eeg_c_sampent_full_change_precond;hrv_rmssd_full_change_precond;eeg_fr_sampent_full_change_precond;eeg_tright_halpha_mean_full_change_precond;eeg_c_specent_full_change_precond;eeg_pleft_halpha_mean_full_change_precond;hr_heartrate_bpm_med_abs_full_change_precond;eeg_tleft_hbeta_mean_full_change_precond;eeg_pleft_lalpha_mean_full_change_precond;eeg_fm_sampent_full_change_precond"
2025-11-26 19:01:50.181901,30,"stress_label",20,4,0.0625,0.519230769230769,0.493589743589744,NA,20,"top20","eeg_tleft_sampent_full_change_precond;eeg_tleft_halpha_mean_full_change_precond;eeg_pright_sampent_full_change_precond;eeg_t_sampent_full_change_precond;gsr_skin_conductance_eda_tonic_mean_nk_full_change_precond;pupil_dilation_sd_full_change_precond;eeg_fm_theta_mean_full_change_precond;eeg_fl_hbeta_mean_full_change_precond;eeg_tleft_lalpha_mean_full_change_precond;eeg_pleft_lbeta_mean_full_change_precond;eeg_c_sampent_full_change_precond;hrv_rmssd_full_change_precond;eeg_fr_sampent_full_change_precond;eeg_tright_halpha_mean_full_change_precond;eeg_c_specent_full_change_precond;eeg_pleft_halpha_mean_full_change_precond;hr_heartrate_bpm_med_abs_full_change_precond;eeg_tleft_hbeta_mean_full_change_precond;eeg_pleft_lalpha_mean_full_change_precond;eeg_fm_sampent_full_change_precond"
2025-11-26 19:01:51.265178,30,"stress_label",20,8,0.0625,0.564102564102564,0.519230769230769,NA,20,"top20","eeg_tleft_sampent_full_change_precond;eeg_tleft_halpha_mean_full_change_precond;eeg_pright_sampent_full_change_precond;eeg_t_sampent_full_change_precond;gsr_skin_conductance_eda_tonic_mean_nk_full_change_precond;pupil_dilation_sd_full_change_precond;eeg_fm_theta_mean_full_change_precond;eeg_fl_hbeta_mean_full_change_precond;eeg_tleft_lalpha_mean_full_change_precond;eeg_pleft_lbeta_mean_full_change_precond;eeg_c_sampent_full_change_precond;hrv_rmssd_full_change_precond;eeg_fr_sampent_full_change_precond;eeg_tright_halpha_mean_full_change_precond;eeg_c_specent_full_change_precond;eeg_pleft_halpha_mean_full_change_precond;hr_heartrate_bpm_med_abs_full_change_precond;eeg_tleft_hbeta_mean_full_change_precond;eeg_pleft_lalpha_mean_full_change_precond;eeg_fm_sampent_full_change_precond"
2025-11-26 19:01:52.415353,30,"stress_label",20,16,0.0625,0.557692307692308,0.608974358974359,NA,20,"top20","eeg_tleft_sampent_full_change_precond;eeg_tleft_halpha_mean_full_change_precond;eeg_pright_sampent_full_change_precond;eeg_t_sampent_full_change_precond;gsr_skin_conductance_eda_tonic_mean_nk_full_change_precond;pupil_dilation_sd_full_change_precond;eeg_fm_theta_mean_full_change_precond;eeg_fl_hbeta_mean_full_change_precond;eeg_tleft_lalpha_mean_full_change_precond;eeg_pleft_lbeta_mean_full_change_precond;eeg_c_sampent_full_change_precond;hrv_rmssd_full_change_precond;eeg_fr_sampent_full_change_precond;eeg_tright_halpha_mean_full_change_precond;eeg_c_specent_full_change_precond;eeg_pleft_halpha_mean_full_change_precond;hr_heartrate_bpm_med_abs_full_change_precond;eeg_tleft_hbeta_mean_full_change_precond;eeg_pleft_lalpha_mean_full_change_precond;eeg_fm_sampent_full_change_precond"
2025-11-26 19:01:53.578296,30,"stress_label",20,32,0.0625,0.557692307692308,0.583333333333333,NA,20,"top20","eeg_tleft_sampent_full_change_precond;eeg_tleft_halpha_mean_full_change_precond;eeg_pright_sampent_full_change_precond;eeg_t_sampent_full_change_precond;gsr_skin_conductance_eda_tonic_mean_nk_full_change_precond;pupil_dilation_sd_full_change_precond;eeg_fm_theta_mean_full_change_precond;eeg_fl_hbeta_mean_full_change_precond;eeg_tleft_lalpha_mean_full_change_precond;eeg_pleft_lbeta_mean_full_change_precond;eeg_c_sampent_full_change_precond;hrv_rmssd_full_change_precond;eeg_fr_sampent_full_change_precond;eeg_tright_halpha_mean_full_change_precond;eeg_c_specent_full_change_precond;eeg_pleft_halpha_mean_full_change_precond;hr_heartrate_bpm_med_abs_full_change_precond;eeg_tleft_hbeta_mean_full_change_precond;eeg_pleft_lalpha_mean_full_change_precond;eeg_fm_sampent_full_change_precond"
2025-11-26 19:01:54.626955,30,"stress_label",20,64,0.0625,0.557692307692308,0.583333333333333,NA,20,"top20","eeg_tleft_sampent_full_change_precond;eeg_tleft_halpha_mean_full_change_precond;eeg_pright_sampent_full_change_precond;eeg_t_sampent_full_change_precond;gsr_skin_conductance_eda_tonic_mean_nk_full_change_precond;pupil_dilation_sd_full_change_precond;eeg_fm_theta_mean_full_change_precond;eeg_fl_hbeta_mean_full_change_precond;eeg_tleft_lalpha_mean_full_change_precond;eeg_pleft_lbeta_mean_full_change_precond;eeg_c_sampent_full_change_precond;hrv_rmssd_full_change_precond;eeg_fr_sampent_full_change_precond;eeg_tright_halpha_mean_full_change_precond;eeg_c_specent_full_change_precond;eeg_pleft_halpha_mean_full_change_precond;hr_heartrate_bpm_med_abs_full_change_precond;eeg_tleft_hbeta_mean_full_change_precond;eeg_pleft_lalpha_mean_full_change_precond;eeg_fm_sampent_full_change_precond"
2025-11-26 19:01:55.585687,30,"stress_label",20,128,0.0625,0.557692307692308,0.557692307692308,NA,20,"top20","eeg_tleft_sampent_full_change_precond;eeg_tleft_halpha_mean_full_change_precond;eeg_pright_sampent_full_change_precond;eeg_t_sampent_full_change_precond;gsr_skin_conductance_eda_tonic_mean_nk_full_change_precond;pupil_dilation_sd_full_change_precond;eeg_fm_theta_mean_full_change_precond;eeg_fl_hbeta_mean_full_change_precond;eeg_tleft_lalpha_mean_full_change_precond;eeg_pleft_lbeta_mean_full_change_precond;eeg_c_sampent_full_change_precond;hrv_rmssd_full_change_precond;eeg_fr_sampent_full_change_precond;eeg_tright_halpha_mean_full_change_precond;eeg_c_specent_full_change_precond;eeg_pleft_halpha_mean_full_change_precond;hr_heartrate_bpm_med_abs_full_change_precond;eeg_tleft_hbeta_mean_full_change_precond;eeg_pleft_lalpha_mean_full_change_precond;eeg_fm_sampent_full_change_precond"
2025-11-26 19:01:56.552022,30,"stress_label",20,256,0.0625,0.557692307692308,0.544871794871795,NA,20,"top20","eeg_tleft_sampent_full_change_precond;eeg_tleft_halpha_mean_full_change_precond;eeg_pright_sampent_full_change_precond;eeg_t_sampent_full_change_precond;gsr_skin_conductance_eda_tonic_mean_nk_full_change_precond;pupil_dilation_sd_full_change_precond;eeg_fm_theta_mean_full_change_precond;eeg_fl_hbeta_mean_full_change_precond;eeg_tleft_lalpha_mean_full_change_precond;eeg_pleft_lbeta_mean_full_change_precond;eeg_c_sampent_full_change_precond;hrv_rmssd_full_change_precond;eeg_fr_sampent_full_change_precond;eeg_tright_halpha_mean_full_change_precond;eeg_c_specent_full_change_precond;eeg_pleft_halpha_mean_full_change_precond;hr_heartrate_bpm_med_abs_full_change_precond;eeg_tleft_hbeta_mean_full_change_precond;eeg_pleft_lalpha_mean_full_change_precond;eeg_fm_sampent_full_change_precond"
2025-11-26 19:01:57.555891,30,"stress_label",20,2,0.125,0.551282051282051,0.58974358974359,NA,20,"top20","eeg_tleft_sampent_full_change_precond;eeg_tleft_halpha_mean_full_change_precond;eeg_pright_sampent_full_change_precond;eeg_t_sampent_full_change_precond;gsr_skin_conductance_eda_tonic_mean_nk_full_change_precond;pupil_dilation_sd_full_change_precond;eeg_fm_theta_mean_full_change_precond;eeg_fl_hbeta_mean_full_change_precond;eeg_tleft_lalpha_mean_full_change_precond;eeg_pleft_lbeta_mean_full_change_precond;eeg_c_sampent_full_change_precond;hrv_rmssd_full_change_precond;eeg_fr_sampent_full_change_precond;eeg_tright_halpha_mean_full_change_precond;eeg_c_specent_full_change_precond;eeg_pleft_halpha_mean_full_change_precond;hr_heartrate_bpm_med_abs_full_change_precond;eeg_tleft_hbeta_mean_full_change_precond;eeg_pleft_lalpha_mean_full_change_precond;eeg_fm_sampent_full_change_precond"
2025-11-26 19:01:58.591581,30,"stress_label",20,4,0.125,0.551282051282051,0.602564102564103,NA,20,"top20","eeg_tleft_sampent_full_change_precond;eeg_tleft_halpha_mean_full_change_precond;eeg_pright_sampent_full_change_precond;eeg_t_sampent_full_change_precond;gsr_skin_conductance_eda_tonic_mean_nk_full_change_precond;pupil_dilation_sd_full_change_precond;eeg_fm_theta_mean_full_change_precond;eeg_fl_hbeta_mean_full_change_precond;eeg_tleft_lalpha_mean_full_change_precond;eeg_pleft_lbeta_mean_full_change_precond;eeg_c_sampent_full_change_precond;hrv_rmssd_full_change_precond;eeg_fr_sampent_full_change_precond;eeg_tright_halpha_mean_full_change_precond;eeg_c_specent_full_change_precond;eeg_pleft_halpha_mean_full_change_precond;hr_heartrate_bpm_med_abs_full_change_precond;eeg_tleft_hbeta_mean_full_change_precond;eeg_pleft_lalpha_mean_full_change_precond;eeg_fm_sampent_full_change_precond"
2025-11-26 19:01:59.730276,30,"stress_label",20,8,0.125,0.544871794871795,0.583333333333333,NA,20,"top20","eeg_tleft_sampent_full_change_precond;eeg_tleft_halpha_mean_full_change_precond;eeg_pright_sampent_full_change_precond;eeg_t_sampent_full_change_precond;gsr_skin_conductance_eda_tonic_mean_nk_full_change_precond;pupil_dilation_sd_full_change_precond;eeg_fm_theta_mean_full_change_precond;eeg_fl_hbeta_mean_full_change_precond;eeg_tleft_lalpha_mean_full_change_precond;eeg_pleft_lbeta_mean_full_change_precond;eeg_c_sampent_full_change_precond;hrv_rmssd_full_change_precond;eeg_fr_sampent_full_change_precond;eeg_tright_halpha_mean_full_change_precond;eeg_c_specent_full_change_precond;eeg_pleft_halpha_mean_full_change_precond;hr_heartrate_bpm_med_abs_full_change_precond;eeg_tleft_hbeta_mean_full_change_precond;eeg_pleft_lalpha_mean_full_change_precond;eeg_fm_sampent_full_change_precond"
2025-11-26 19:02:00.858396,30,"stress_label",20,16,0.125,0.544871794871795,0.57051282051282,NA,20,"top20","eeg_tleft_sampent_full_change_precond;eeg_tleft_halpha_mean_full_change_precond;eeg_pright_sampent_full_change_precond;eeg_t_sampent_full_change_precond;gsr_skin_conductance_eda_tonic_mean_nk_full_change_precond;pupil_dilation_sd_full_change_precond;eeg_fm_theta_mean_full_change_precond;eeg_fl_hbeta_mean_full_change_precond;eeg_tleft_lalpha_mean_full_change_precond;eeg_pleft_lbeta_mean_full_change_precond;eeg_c_sampent_full_change_precond;hrv_rmssd_full_change_precond;eeg_fr_sampent_full_change_precond;eeg_tright_halpha_mean_full_change_precond;eeg_c_specent_full_change_precond;eeg_pleft_halpha_mean_full_change_precond;hr_heartrate_bpm_med_abs_full_change_precond;eeg_tleft_hbeta_mean_full_change_precond;eeg_pleft_lalpha_mean_full_change_precond;eeg_fm_sampent_full_change_precond"
2025-11-26 19:02:02.06932,30,"stress_label",20,32,0.125,0.544871794871795,0.596153846153846,NA,20,"top20","eeg_tleft_sampent_full_change_precond;eeg_tleft_halpha_mean_full_change_precond;eeg_pright_sampent_full_change_precond;eeg_t_sampent_full_change_precond;gsr_skin_conductance_eda_tonic_mean_nk_full_change_precond;pupil_dilation_sd_full_change_precond;eeg_fm_theta_mean_full_change_precond;eeg_fl_hbeta_mean_full_change_precond;eeg_tleft_lalpha_mean_full_change_precond;eeg_pleft_lbeta_mean_full_change_precond;eeg_c_sampent_full_change_precond;hrv_rmssd_full_change_precond;eeg_fr_sampent_full_change_precond;eeg_tright_halpha_mean_full_change_precond;eeg_c_specent_full_change_precond;eeg_pleft_halpha_mean_full_change_precond;hr_heartrate_bpm_med_abs_full_change_precond;eeg_tleft_hbeta_mean_full_change_precond;eeg_pleft_lalpha_mean_full_change_precond;eeg_fm_sampent_full_change_precond"
2025-11-26 19:02:03.213642,30,"stress_label",20,64,0.125,0.544871794871795,0.519230769230769,NA,20,"top20","eeg_tleft_sampent_full_change_precond;eeg_tleft_halpha_mean_full_change_precond;eeg_pright_sampent_full_change_precond;eeg_t_sampent_full_change_precond;gsr_skin_conductance_eda_tonic_mean_nk_full_change_precond;pupil_dilation_sd_full_change_precond;eeg_fm_theta_mean_full_change_precond;eeg_fl_hbeta_mean_full_change_precond;eeg_tleft_lalpha_mean_full_change_precond;eeg_pleft_lbeta_mean_full_change_precond;eeg_c_sampent_full_change_precond;hrv_rmssd_full_change_precond;eeg_fr_sampent_full_change_precond;eeg_tright_halpha_mean_full_change_precond;eeg_c_specent_full_change_precond;eeg_pleft_halpha_mean_full_change_precond;hr_heartrate_bpm_med_abs_full_change_precond;eeg_tleft_hbeta_mean_full_change_precond;eeg_pleft_lalpha_mean_full_change_precond;eeg_fm_sampent_full_change_precond"
2025-11-26 19:02:04.360262,30,"stress_label",20,128,0.125,0.544871794871795,0.596153846153846,NA,20,"top20","eeg_tleft_sampent_full_change_precond;eeg_tleft_halpha_mean_full_change_precond;eeg_pright_sampent_full_change_precond;eeg_t_sampent_full_change_precond;gsr_skin_conductance_eda_tonic_mean_nk_full_change_precond;pupil_dilation_sd_full_change_precond;eeg_fm_theta_mean_full_change_precond;eeg_fl_hbeta_mean_full_change_precond;eeg_tleft_lalpha_mean_full_change_precond;eeg_pleft_lbeta_mean_full_change_precond;eeg_c_sampent_full_change_precond;hrv_rmssd_full_change_precond;eeg_fr_sampent_full_change_precond;eeg_tright_halpha_mean_full_change_precond;eeg_c_specent_full_change_precond;eeg_pleft_halpha_mean_full_change_precond;hr_heartrate_bpm_med_abs_full_change_precond;eeg_tleft_hbeta_mean_full_change_precond;eeg_pleft_lalpha_mean_full_change_precond;eeg_fm_sampent_full_change_precond"
2025-11-26 19:02:05.524791,30,"stress_label",20,256,0.125,0.544871794871795,0.621794871794872,NA,20,"top20","eeg_tleft_sampent_full_change_precond;eeg_tleft_halpha_mean_full_change_precond;eeg_pright_sampent_full_change_precond;eeg_t_sampent_full_change_precond;gsr_skin_conductance_eda_tonic_mean_nk_full_change_precond;pupil_dilation_sd_full_change_precond;eeg_fm_theta_mean_full_change_precond;eeg_fl_hbeta_mean_full_change_precond;eeg_tleft_lalpha_mean_full_change_precond;eeg_pleft_lbeta_mean_full_change_precond;eeg_c_sampent_full_change_precond;hrv_rmssd_full_change_precond;eeg_fr_sampent_full_change_precond;eeg_tright_halpha_mean_full_change_precond;eeg_c_specent_full_change_precond;eeg_pleft_halpha_mean_full_change_precond;hr_heartrate_bpm_med_abs_full_change_precond;eeg_tleft_hbeta_mean_full_change_precond;eeg_pleft_lalpha_mean_full_change_precond;eeg_fm_sampent_full_change_precond"
2025-11-26 19:02:06.577601,30,"stress_label",20,2,0.03,0.551282051282051,0.57051282051282,NA,20,"top20","eeg_tleft_sampent_full_change_precond;eeg_tleft_halpha_mean_full_change_precond;eeg_pright_sampent_full_change_precond;eeg_t_sampent_full_change_precond;gsr_skin_conductance_eda_tonic_mean_nk_full_change_precond;pupil_dilation_sd_full_change_precond;eeg_fm_theta_mean_full_change_precond;eeg_fl_hbeta_mean_full_change_precond;eeg_tleft_lalpha_mean_full_change_precond;eeg_pleft_lbeta_mean_full_change_precond;eeg_c_sampent_full_change_precond;hrv_rmssd_full_change_precond;eeg_fr_sampent_full_change_precond;eeg_tright_halpha_mean_full_change_precond;eeg_c_specent_full_change_precond;eeg_pleft_halpha_mean_full_change_precond;hr_heartrate_bpm_med_abs_full_change_precond;eeg_tleft_hbeta_mean_full_change_precond;eeg_pleft_lalpha_mean_full_change_precond;eeg_fm_sampent_full_change_precond"
2025-11-26 19:02:07.644763,30,"stress_label",20,4,0.03,0.538461538461538,0.544871794871795,NA,20,"top20","eeg_tleft_sampent_full_change_precond;eeg_tleft_halpha_mean_full_change_precond;eeg_pright_sampent_full_change_precond;eeg_t_sampent_full_change_precond;gsr_skin_conductance_eda_tonic_mean_nk_full_change_precond;pupil_dilation_sd_full_change_precond;eeg_fm_theta_mean_full_change_precond;eeg_fl_hbeta_mean_full_change_precond;eeg_tleft_lalpha_mean_full_change_precond;eeg_pleft_lbeta_mean_full_change_precond;eeg_c_sampent_full_change_precond;hrv_rmssd_full_change_precond;eeg_fr_sampent_full_change_precond;eeg_tright_halpha_mean_full_change_precond;eeg_c_specent_full_change_precond;eeg_pleft_halpha_mean_full_change_precond;hr_heartrate_bpm_med_abs_full_change_precond;eeg_tleft_hbeta_mean_full_change_precond;eeg_pleft_lalpha_mean_full_change_precond;eeg_fm_sampent_full_change_precond"
2025-11-26 19:02:08.775755,30,"stress_label",20,8,0.03,0.551282051282051,0.352564102564103,NA,20,"top20","eeg_tleft_sampent_full_change_precond;eeg_tleft_halpha_mean_full_change_precond;eeg_pright_sampent_full_change_precond;eeg_t_sampent_full_change_precond;gsr_skin_conductance_eda_tonic_mean_nk_full_change_precond;pupil_dilation_sd_full_change_precond;eeg_fm_theta_mean_full_change_precond;eeg_fl_hbeta_mean_full_change_precond;eeg_tleft_lalpha_mean_full_change_precond;eeg_pleft_lbeta_mean_full_change_precond;eeg_c_sampent_full_change_precond;hrv_rmssd_full_change_precond;eeg_fr_sampent_full_change_precond;eeg_tright_halpha_mean_full_change_precond;eeg_c_specent_full_change_precond;eeg_pleft_halpha_mean_full_change_precond;hr_heartrate_bpm_med_abs_full_change_precond;eeg_tleft_hbeta_mean_full_change_precond;eeg_pleft_lalpha_mean_full_change_precond;eeg_fm_sampent_full_change_precond"
2025-11-26 19:02:09.94913,30,"stress_label",20,16,0.03,0.532051282051282,0.455128205128205,NA,20,"top20","eeg_tleft_sampent_full_change_precond;eeg_tleft_halpha_mean_full_change_precond;eeg_pright_sampent_full_change_precond;eeg_t_sampent_full_change_precond;gsr_skin_conductance_eda_tonic_mean_nk_full_change_precond;pupil_dilation_sd_full_change_precond;eeg_fm_theta_mean_full_change_precond;eeg_fl_hbeta_mean_full_change_precond;eeg_tleft_lalpha_mean_full_change_precond;eeg_pleft_lbeta_mean_full_change_precond;eeg_c_sampent_full_change_precond;hrv_rmssd_full_change_precond;eeg_fr_sampent_full_change_precond;eeg_tright_halpha_mean_full_change_precond;eeg_c_specent_full_change_precond;eeg_pleft_halpha_mean_full_change_precond;hr_heartrate_bpm_med_abs_full_change_precond;eeg_tleft_hbeta_mean_full_change_precond;eeg_pleft_lalpha_mean_full_change_precond;eeg_fm_sampent_full_change_precond"
2025-11-26 19:02:11.00492,30,"stress_label",20,32,0.03,0.551282051282051,0.506410256410256,NA,20,"top20","eeg_tleft_sampent_full_change_precond;eeg_tleft_halpha_mean_full_change_precond;eeg_pright_sampent_full_change_precond;eeg_t_sampent_full_change_precond;gsr_skin_conductance_eda_tonic_mean_nk_full_change_precond;pupil_dilation_sd_full_change_precond;eeg_fm_theta_mean_full_change_precond;eeg_fl_hbeta_mean_full_change_precond;eeg_tleft_lalpha_mean_full_change_precond;eeg_pleft_lbeta_mean_full_change_precond;eeg_c_sampent_full_change_precond;hrv_rmssd_full_change_precond;eeg_fr_sampent_full_change_precond;eeg_tright_halpha_mean_full_change_precond;eeg_c_specent_full_change_precond;eeg_pleft_halpha_mean_full_change_precond;hr_heartrate_bpm_med_abs_full_change_precond;eeg_tleft_hbeta_mean_full_change_precond;eeg_pleft_lalpha_mean_full_change_precond;eeg_fm_sampent_full_change_precond"
2025-11-26 19:02:12.233182,30,"stress_label",20,64,0.03,0.544871794871795,0.423076923076923,NA,20,"top20","eeg_tleft_sampent_full_change_precond;eeg_tleft_halpha_mean_full_change_precond;eeg_pright_sampent_full_change_precond;eeg_t_sampent_full_change_precond;gsr_skin_conductance_eda_tonic_mean_nk_full_change_precond;pupil_dilation_sd_full_change_precond;eeg_fm_theta_mean_full_change_precond;eeg_fl_hbeta_mean_full_change_precond;eeg_tleft_lalpha_mean_full_change_precond;eeg_pleft_lbeta_mean_full_change_precond;eeg_c_sampent_full_change_precond;hrv_rmssd_full_change_precond;eeg_fr_sampent_full_change_precond;eeg_tright_halpha_mean_full_change_precond;eeg_c_specent_full_change_precond;eeg_pleft_halpha_mean_full_change_precond;hr_heartrate_bpm_med_abs_full_change_precond;eeg_tleft_hbeta_mean_full_change_precond;eeg_pleft_lalpha_mean_full_change_precond;eeg_fm_sampent_full_change_precond"
2025-11-26 19:02:13.579761,30,"stress_label",20,128,0.03,0.544871794871795,0.5,NA,20,"top20","eeg_tleft_sampent_full_change_precond;eeg_tleft_halpha_mean_full_change_precond;eeg_pright_sampent_full_change_precond;eeg_t_sampent_full_change_precond;gsr_skin_conductance_eda_tonic_mean_nk_full_change_precond;pupil_dilation_sd_full_change_precond;eeg_fm_theta_mean_full_change_precond;eeg_fl_hbeta_mean_full_change_precond;eeg_tleft_lalpha_mean_full_change_precond;eeg_pleft_lbeta_mean_full_change_precond;eeg_c_sampent_full_change_precond;hrv_rmssd_full_change_precond;eeg_fr_sampent_full_change_precond;eeg_tright_halpha_mean_full_change_precond;eeg_c_specent_full_change_precond;eeg_pleft_halpha_mean_full_change_precond;hr_heartrate_bpm_med_abs_full_change_precond;eeg_tleft_hbeta_mean_full_change_precond;eeg_pleft_lalpha_mean_full_change_precond;eeg_fm_sampent_full_change_precond"
2025-11-26 19:02:14.944732,30,"stress_label",20,256,0.03,0.544871794871795,0.474358974358974,NA,20,"top20","eeg_tleft_sampent_full_change_precond;eeg_tleft_halpha_mean_full_change_precond;eeg_pright_sampent_full_change_precond;eeg_t_sampent_full_change_precond;gsr_skin_conductance_eda_tonic_mean_nk_full_change_precond;pupil_dilation_sd_full_change_precond;eeg_fm_theta_mean_full_change_precond;eeg_fl_hbeta_mean_full_change_precond;eeg_tleft_lalpha_mean_full_change_precond;eeg_pleft_lbeta_mean_full_change_precond;eeg_c_sampent_full_change_precond;hrv_rmssd_full_change_precond;eeg_fr_sampent_full_change_precond;eeg_tright_halpha_mean_full_change_precond;eeg_c_specent_full_change_precond;eeg_pleft_halpha_mean_full_change_precond;hr_heartrate_bpm_med_abs_full_change_precond;eeg_tleft_hbeta_mean_full_change_precond;eeg_pleft_lalpha_mean_full_change_precond;eeg_fm_sampent_full_change_precond"
2025-11-26 19:02:16.04764,30,"stress_label",20,2,0.06,0.551282051282051,0.512820512820513,NA,20,"top20","eeg_tleft_sampent_full_change_precond;eeg_tleft_halpha_mean_full_change_precond;eeg_pright_sampent_full_change_precond;eeg_t_sampent_full_change_precond;gsr_skin_conductance_eda_tonic_mean_nk_full_change_precond;pupil_dilation_sd_full_change_precond;eeg_fm_theta_mean_full_change_precond;eeg_fl_hbeta_mean_full_change_precond;eeg_tleft_lalpha_mean_full_change_precond;eeg_pleft_lbeta_mean_full_change_precond;eeg_c_sampent_full_change_precond;hrv_rmssd_full_change_precond;eeg_fr_sampent_full_change_precond;eeg_tright_halpha_mean_full_change_precond;eeg_c_specent_full_change_precond;eeg_pleft_halpha_mean_full_change_precond;hr_heartrate_bpm_med_abs_full_change_precond;eeg_tleft_hbeta_mean_full_change_precond;eeg_pleft_lalpha_mean_full_change_precond;eeg_fm_sampent_full_change_precond"
2025-11-26 19:02:17.176495,30,"stress_label",20,4,0.06,0.525641025641026,0.5,NA,20,"top20","eeg_tleft_sampent_full_change_precond;eeg_tleft_halpha_mean_full_change_precond;eeg_pright_sampent_full_change_precond;eeg_t_sampent_full_change_precond;gsr_skin_conductance_eda_tonic_mean_nk_full_change_precond;pupil_dilation_sd_full_change_precond;eeg_fm_theta_mean_full_change_precond;eeg_fl_hbeta_mean_full_change_precond;eeg_tleft_lalpha_mean_full_change_precond;eeg_pleft_lbeta_mean_full_change_precond;eeg_c_sampent_full_change_precond;hrv_rmssd_full_change_precond;eeg_fr_sampent_full_change_precond;eeg_tright_halpha_mean_full_change_precond;eeg_c_specent_full_change_precond;eeg_pleft_halpha_mean_full_change_precond;hr_heartrate_bpm_med_abs_full_change_precond;eeg_tleft_hbeta_mean_full_change_precond;eeg_pleft_lalpha_mean_full_change_precond;eeg_fm_sampent_full_change_precond"
2025-11-26 19:02:18.352765,30,"stress_label",20,8,0.06,0.551282051282051,0.5,NA,20,"top20","eeg_tleft_sampent_full_change_precond;eeg_tleft_halpha_mean_full_change_precond;eeg_pright_sampent_full_change_precond;eeg_t_sampent_full_change_precond;gsr_skin_conductance_eda_tonic_mean_nk_full_change_precond;pupil_dilation_sd_full_change_precond;eeg_fm_theta_mean_full_change_precond;eeg_fl_hbeta_mean_full_change_precond;eeg_tleft_lalpha_mean_full_change_precond;eeg_pleft_lbeta_mean_full_change_precond;eeg_c_sampent_full_change_precond;hrv_rmssd_full_change_precond;eeg_fr_sampent_full_change_precond;eeg_tright_halpha_mean_full_change_precond;eeg_c_specent_full_change_precond;eeg_pleft_halpha_mean_full_change_precond;hr_heartrate_bpm_med_abs_full_change_precond;eeg_tleft_hbeta_mean_full_change_precond;eeg_pleft_lalpha_mean_full_change_precond;eeg_fm_sampent_full_change_precond"
2025-11-26 19:02:19.532178,30,"stress_label",20,16,0.06,0.557692307692308,0.525641025641026,NA,20,"top20","eeg_tleft_sampent_full_change_precond;eeg_tleft_halpha_mean_full_change_precond;eeg_pright_sampent_full_change_precond;eeg_t_sampent_full_change_precond;gsr_skin_conductance_eda_tonic_mean_nk_full_change_precond;pupil_dilation_sd_full_change_precond;eeg_fm_theta_mean_full_change_precond;eeg_fl_hbeta_mean_full_change_precond;eeg_tleft_lalpha_mean_full_change_precond;eeg_pleft_lbeta_mean_full_change_precond;eeg_c_sampent_full_change_precond;hrv_rmssd_full_change_precond;eeg_fr_sampent_full_change_precond;eeg_tright_halpha_mean_full_change_precond;eeg_c_specent_full_change_precond;eeg_pleft_halpha_mean_full_change_precond;hr_heartrate_bpm_med_abs_full_change_precond;eeg_tleft_hbeta_mean_full_change_precond;eeg_pleft_lalpha_mean_full_change_precond;eeg_fm_sampent_full_change_precond"
2025-11-26 19:02:20.486908,30,"stress_label",20,32,0.06,0.557692307692308,0.525641025641026,NA,20,"top20","eeg_tleft_sampent_full_change_precond;eeg_tleft_halpha_mean_full_change_precond;eeg_pright_sampent_full_change_precond;eeg_t_sampent_full_change_precond;gsr_skin_conductance_eda_tonic_mean_nk_full_change_precond;pupil_dilation_sd_full_change_precond;eeg_fm_theta_mean_full_change_precond;eeg_fl_hbeta_mean_full_change_precond;eeg_tleft_lalpha_mean_full_change_precond;eeg_pleft_lbeta_mean_full_change_precond;eeg_c_sampent_full_change_precond;hrv_rmssd_full_change_precond;eeg_fr_sampent_full_change_precond;eeg_tright_halpha_mean_full_change_precond;eeg_c_specent_full_change_precond;eeg_pleft_halpha_mean_full_change_precond;hr_heartrate_bpm_med_abs_full_change_precond;eeg_tleft_hbeta_mean_full_change_precond;eeg_pleft_lalpha_mean_full_change_precond;eeg_fm_sampent_full_change_precond"
2025-11-26 19:02:21.723008,30,"stress_label",20,64,0.06,0.557692307692308,0.551282051282051,NA,20,"top20","eeg_tleft_sampent_full_change_precond;eeg_tleft_halpha_mean_full_change_precond;eeg_pright_sampent_full_change_precond;eeg_t_sampent_full_change_precond;gsr_skin_conductance_eda_tonic_mean_nk_full_change_precond;pupil_dilation_sd_full_change_precond;eeg_fm_theta_mean_full_change_precond;eeg_fl_hbeta_mean_full_change_precond;eeg_tleft_lalpha_mean_full_change_precond;eeg_pleft_lbeta_mean_full_change_precond;eeg_c_sampent_full_change_precond;hrv_rmssd_full_change_precond;eeg_fr_sampent_full_change_precond;eeg_tright_halpha_mean_full_change_precond;eeg_c_specent_full_change_precond;eeg_pleft_halpha_mean_full_change_precond;hr_heartrate_bpm_med_abs_full_change_precond;eeg_tleft_hbeta_mean_full_change_precond;eeg_pleft_lalpha_mean_full_change_precond;eeg_fm_sampent_full_change_precond"
2025-11-26 19:02:22.967302,30,"stress_label",20,128,0.06,0.557692307692308,0.576923076923077,NA,20,"top20","eeg_tleft_sampent_full_change_precond;eeg_tleft_halpha_mean_full_change_precond;eeg_pright_sampent_full_change_precond;eeg_t_sampent_full_change_precond;gsr_skin_conductance_eda_tonic_mean_nk_full_change_precond;pupil_dilation_sd_full_change_precond;eeg_fm_theta_mean_full_change_precond;eeg_fl_hbeta_mean_full_change_precond;eeg_tleft_lalpha_mean_full_change_precond;eeg_pleft_lbeta_mean_full_change_precond;eeg_c_sampent_full_change_precond;hrv_rmssd_full_change_precond;eeg_fr_sampent_full_change_precond;eeg_tright_halpha_mean_full_change_precond;eeg_c_specent_full_change_precond;eeg_pleft_halpha_mean_full_change_precond;hr_heartrate_bpm_med_abs_full_change_precond;eeg_tleft_hbeta_mean_full_change_precond;eeg_pleft_lalpha_mean_full_change_precond;eeg_fm_sampent_full_change_precond"
2025-11-26 19:02:24.14898,30,"stress_label",20,256,0.06,0.557692307692308,0.551282051282051,NA,20,"top20","eeg_tleft_sampent_full_change_precond;eeg_tleft_halpha_mean_full_change_precond;eeg_pright_sampent_full_change_precond;eeg_t_sampent_full_change_precond;gsr_skin_conductance_eda_tonic_mean_nk_full_change_precond;pupil_dilation_sd_full_change_precond;eeg_fm_theta_mean_full_change_precond;eeg_fl_hbeta_mean_full_change_precond;eeg_tleft_lalpha_mean_full_change_precond;eeg_pleft_lbeta_mean_full_change_precond;eeg_c_sampent_full_change_precond;hrv_rmssd_full_change_precond;eeg_fr_sampent_full_change_precond;eeg_tright_halpha_mean_full_change_precond;eeg_c_specent_full_change_precond;eeg_pleft_halpha_mean_full_change_precond;hr_heartrate_bpm_med_abs_full_change_precond;eeg_tleft_hbeta_mean_full_change_precond;eeg_pleft_lalpha_mean_full_change_precond;eeg_fm_sampent_full_change_precond"
2025-11-26 19:02:25.249246,30,"stress_label",20,2,0.1,0.538461538461538,0.512820512820513,NA,20,"top20","eeg_tleft_sampent_full_change_precond;eeg_tleft_halpha_mean_full_change_precond;eeg_pright_sampent_full_change_precond;eeg_t_sampent_full_change_precond;gsr_skin_conductance_eda_tonic_mean_nk_full_change_precond;pupil_dilation_sd_full_change_precond;eeg_fm_theta_mean_full_change_precond;eeg_fl_hbeta_mean_full_change_precond;eeg_tleft_lalpha_mean_full_change_precond;eeg_pleft_lbeta_mean_full_change_precond;eeg_c_sampent_full_change_precond;hrv_rmssd_full_change_precond;eeg_fr_sampent_full_change_precond;eeg_tright_halpha_mean_full_change_precond;eeg_c_specent_full_change_precond;eeg_pleft_halpha_mean_full_change_precond;hr_heartrate_bpm_med_abs_full_change_precond;eeg_tleft_hbeta_mean_full_change_precond;eeg_pleft_lalpha_mean_full_change_precond;eeg_fm_sampent_full_change_precond"
2025-11-26 19:02:26.424523,30,"stress_label",20,4,0.1,0.551282051282051,0.58974358974359,NA,20,"top20","eeg_tleft_sampent_full_change_precond;eeg_tleft_halpha_mean_full_change_precond;eeg_pright_sampent_full_change_precond;eeg_t_sampent_full_change_precond;gsr_skin_conductance_eda_tonic_mean_nk_full_change_precond;pupil_dilation_sd_full_change_precond;eeg_fm_theta_mean_full_change_precond;eeg_fl_hbeta_mean_full_change_precond;eeg_tleft_lalpha_mean_full_change_precond;eeg_pleft_lbeta_mean_full_change_precond;eeg_c_sampent_full_change_precond;hrv_rmssd_full_change_precond;eeg_fr_sampent_full_change_precond;eeg_tright_halpha_mean_full_change_precond;eeg_c_specent_full_change_precond;eeg_pleft_halpha_mean_full_change_precond;hr_heartrate_bpm_med_abs_full_change_precond;eeg_tleft_hbeta_mean_full_change_precond;eeg_pleft_lalpha_mean_full_change_precond;eeg_fm_sampent_full_change_precond"
2025-11-26 19:02:27.598811,30,"stress_label",20,8,0.1,0.557692307692308,0.538461538461538,NA,20,"top20","eeg_tleft_sampent_full_change_precond;eeg_tleft_halpha_mean_full_change_precond;eeg_pright_sampent_full_change_precond;eeg_t_sampent_full_change_precond;gsr_skin_conductance_eda_tonic_mean_nk_full_change_precond;pupil_dilation_sd_full_change_precond;eeg_fm_theta_mean_full_change_precond;eeg_fl_hbeta_mean_full_change_precond;eeg_tleft_lalpha_mean_full_change_precond;eeg_pleft_lbeta_mean_full_change_precond;eeg_c_sampent_full_change_precond;hrv_rmssd_full_change_precond;eeg_fr_sampent_full_change_precond;eeg_tright_halpha_mean_full_change_precond;eeg_c_specent_full_change_precond;eeg_pleft_halpha_mean_full_change_precond;hr_heartrate_bpm_med_abs_full_change_precond;eeg_tleft_hbeta_mean_full_change_precond;eeg_pleft_lalpha_mean_full_change_precond;eeg_fm_sampent_full_change_precond"
2025-11-26 19:02:28.560166,30,"stress_label",20,16,0.1,0.557692307692308,0.58974358974359,NA,20,"top20","eeg_tleft_sampent_full_change_precond;eeg_tleft_halpha_mean_full_change_precond;eeg_pright_sampent_full_change_precond;eeg_t_sampent_full_change_precond;gsr_skin_conductance_eda_tonic_mean_nk_full_change_precond;pupil_dilation_sd_full_change_precond;eeg_fm_theta_mean_full_change_precond;eeg_fl_hbeta_mean_full_change_precond;eeg_tleft_lalpha_mean_full_change_precond;eeg_pleft_lbeta_mean_full_change_precond;eeg_c_sampent_full_change_precond;hrv_rmssd_full_change_precond;eeg_fr_sampent_full_change_precond;eeg_tright_halpha_mean_full_change_precond;eeg_c_specent_full_change_precond;eeg_pleft_halpha_mean_full_change_precond;hr_heartrate_bpm_med_abs_full_change_precond;eeg_tleft_hbeta_mean_full_change_precond;eeg_pleft_lalpha_mean_full_change_precond;eeg_fm_sampent_full_change_precond"
2025-11-26 19:02:29.589384,30,"stress_label",20,32,0.1,0.557692307692308,0.576923076923077,NA,20,"top20","eeg_tleft_sampent_full_change_precond;eeg_tleft_halpha_mean_full_change_precond;eeg_pright_sampent_full_change_precond;eeg_t_sampent_full_change_precond;gsr_skin_conductance_eda_tonic_mean_nk_full_change_precond;pupil_dilation_sd_full_change_precond;eeg_fm_theta_mean_full_change_precond;eeg_fl_hbeta_mean_full_change_precond;eeg_tleft_lalpha_mean_full_change_precond;eeg_pleft_lbeta_mean_full_change_precond;eeg_c_sampent_full_change_precond;hrv_rmssd_full_change_precond;eeg_fr_sampent_full_change_precond;eeg_tright_halpha_mean_full_change_precond;eeg_c_specent_full_change_precond;eeg_pleft_halpha_mean_full_change_precond;hr_heartrate_bpm_med_abs_full_change_precond;eeg_tleft_hbeta_mean_full_change_precond;eeg_pleft_lalpha_mean_full_change_precond;eeg_fm_sampent_full_change_precond"
2025-11-26 19:02:30.634724,30,"stress_label",20,64,0.1,0.557692307692308,0.58974358974359,NA,20,"top20","eeg_tleft_sampent_full_change_precond;eeg_tleft_halpha_mean_full_change_precond;eeg_pright_sampent_full_change_precond;eeg_t_sampent_full_change_precond;gsr_skin_conductance_eda_tonic_mean_nk_full_change_precond;pupil_dilation_sd_full_change_precond;eeg_fm_theta_mean_full_change_precond;eeg_fl_hbeta_mean_full_change_precond;eeg_tleft_lalpha_mean_full_change_precond;eeg_pleft_lbeta_mean_full_change_precond;eeg_c_sampent_full_change_precond;hrv_rmssd_full_change_precond;eeg_fr_sampent_full_change_precond;eeg_tright_halpha_mean_full_change_precond;eeg_c_specent_full_change_precond;eeg_pleft_halpha_mean_full_change_precond;hr_heartrate_bpm_med_abs_full_change_precond;eeg_tleft_hbeta_mean_full_change_precond;eeg_pleft_lalpha_mean_full_change_precond;eeg_fm_sampent_full_change_precond"
2025-11-26 19:02:31.677879,30,"stress_label",20,128,0.1,0.557692307692308,0.576923076923077,NA,20,"top20","eeg_tleft_sampent_full_change_precond;eeg_tleft_halpha_mean_full_change_precond;eeg_pright_sampent_full_change_precond;eeg_t_sampent_full_change_precond;gsr_skin_conductance_eda_tonic_mean_nk_full_change_precond;pupil_dilation_sd_full_change_precond;eeg_fm_theta_mean_full_change_precond;eeg_fl_hbeta_mean_full_change_precond;eeg_tleft_lalpha_mean_full_change_precond;eeg_pleft_lbeta_mean_full_change_precond;eeg_c_sampent_full_change_precond;hrv_rmssd_full_change_precond;eeg_fr_sampent_full_change_precond;eeg_tright_halpha_mean_full_change_precond;eeg_c_specent_full_change_precond;eeg_pleft_halpha_mean_full_change_precond;hr_heartrate_bpm_med_abs_full_change_precond;eeg_tleft_hbeta_mean_full_change_precond;eeg_pleft_lalpha_mean_full_change_precond;eeg_fm_sampent_full_change_precond"
2025-11-26 19:02:32.847807,30,"stress_label",20,256,0.1,0.557692307692308,0.58974358974359,NA,20,"top20","eeg_tleft_sampent_full_change_precond;eeg_tleft_halpha_mean_full_change_precond;eeg_pright_sampent_full_change_precond;eeg_t_sampent_full_change_precond;gsr_skin_conductance_eda_tonic_mean_nk_full_change_precond;pupil_dilation_sd_full_change_precond;eeg_fm_theta_mean_full_change_precond;eeg_fl_hbeta_mean_full_change_precond;eeg_tleft_lalpha_mean_full_change_precond;eeg_pleft_lbeta_mean_full_change_precond;eeg_c_sampent_full_change_precond;hrv_rmssd_full_change_precond;eeg_fr_sampent_full_change_precond;eeg_tright_halpha_mean_full_change_precond;eeg_c_specent_full_change_precond;eeg_pleft_halpha_mean_full_change_precond;hr_heartrate_bpm_med_abs_full_change_precond;eeg_tleft_hbeta_mean_full_change_precond;eeg_pleft_lalpha_mean_full_change_precond;eeg_fm_sampent_full_change_precond"
2025-11-26 19:02:33.792178,30,"stress_label",10,2,0.0078125,0.583333333333333,0.608974358974359,0.533333333333333,10,"top10","eeg_tleft_sampent_full_change_precond;eeg_tleft_halpha_mean_full_change_precond;eeg_pright_sampent_full_change_precond;eeg_t_sampent_full_change_precond;gsr_skin_conductance_eda_tonic_mean_nk_full_change_precond;pupil_dilation_sd_full_change_precond;eeg_fm_theta_mean_full_change_precond;eeg_fl_hbeta_mean_full_change_precond;eeg_tleft_lalpha_mean_full_change_precond;eeg_pleft_lbeta_mean_full_change_precond"
2025-11-26 19:02:34.513989,30,"stress_label",10,4,0.0078125,0.57051282051282,0.57051282051282,0.505982905982906,10,"top10","eeg_tleft_sampent_full_change_precond;eeg_tleft_halpha_mean_full_change_precond;eeg_pright_sampent_full_change_precond;eeg_t_sampent_full_change_precond;gsr_skin_conductance_eda_tonic_mean_nk_full_change_precond;pupil_dilation_sd_full_change_precond;eeg_fm_theta_mean_full_change_precond;eeg_fl_hbeta_mean_full_change_precond;eeg_tleft_lalpha_mean_full_change_precond;eeg_pleft_lbeta_mean_full_change_precond"
2025-11-26 19:02:35.278814,30,"stress_label",10,8,0.0078125,0.551282051282051,0.576923076923077,0.490598290598291,10,"top10","eeg_tleft_sampent_full_change_precond;eeg_tleft_halpha_mean_full_change_precond;eeg_pright_sampent_full_change_precond;eeg_t_sampent_full_change_precond;gsr_skin_conductance_eda_tonic_mean_nk_full_change_precond;pupil_dilation_sd_full_change_precond;eeg_fm_theta_mean_full_change_precond;eeg_fl_hbeta_mean_full_change_precond;eeg_tleft_lalpha_mean_full_change_precond;eeg_pleft_lbeta_mean_full_change_precond"
2025-11-26 19:02:36.057097,30,"stress_label",10,16,0.0078125,0.538461538461538,0.564102564102564,0.482051282051282,10,"top10","eeg_tleft_sampent_full_change_precond;eeg_tleft_halpha_mean_full_change_precond;eeg_pright_sampent_full_change_precond;eeg_t_sampent_full_change_precond;gsr_skin_conductance_eda_tonic_mean_nk_full_change_precond;pupil_dilation_sd_full_change_precond;eeg_fm_theta_mean_full_change_precond;eeg_fl_hbeta_mean_full_change_precond;eeg_tleft_lalpha_mean_full_change_precond;eeg_pleft_lbeta_mean_full_change_precond"
2025-11-26 19:02:36.723176,30,"stress_label",10,32,0.0078125,0.557692307692308,0.525641025641026,0.490598290598291,10,"top10","eeg_tleft_sampent_full_change_precond;eeg_tleft_halpha_mean_full_change_precond;eeg_pright_sampent_full_change_precond;eeg_t_sampent_full_change_precond;gsr_skin_conductance_eda_tonic_mean_nk_full_change_precond;pupil_dilation_sd_full_change_precond;eeg_fm_theta_mean_full_change_precond;eeg_fl_hbeta_mean_full_change_precond;eeg_tleft_lalpha_mean_full_change_precond;eeg_pleft_lbeta_mean_full_change_precond"
2025-11-26 19:02:37.572548,30,"stress_label",10,64,0.0078125,0.532051282051282,0.461538461538462,NA,10,"top10","eeg_tleft_sampent_full_change_precond;eeg_tleft_halpha_mean_full_change_precond;eeg_pright_sampent_full_change_precond;eeg_t_sampent_full_change_precond;gsr_skin_conductance_eda_tonic_mean_nk_full_change_precond;pupil_dilation_sd_full_change_precond;eeg_fm_theta_mean_full_change_precond;eeg_fl_hbeta_mean_full_change_precond;eeg_tleft_lalpha_mean_full_change_precond;eeg_pleft_lbeta_mean_full_change_precond"
2025-11-26 19:02:38.359277,30,"stress_label",10,128,0.0078125,0.487179487179487,0.480769230769231,NA,10,"top10","eeg_tleft_sampent_full_change_precond;eeg_tleft_halpha_mean_full_change_precond;eeg_pright_sampent_full_change_precond;eeg_t_sampent_full_change_precond;gsr_skin_conductance_eda_tonic_mean_nk_full_change_precond;pupil_dilation_sd_full_change_precond;eeg_fm_theta_mean_full_change_precond;eeg_fl_hbeta_mean_full_change_precond;eeg_tleft_lalpha_mean_full_change_precond;eeg_pleft_lbeta_mean_full_change_precond"
2025-11-26 19:02:39.549183,30,"stress_label",10,256,0.0078125,0.519230769230769,0.525641025641026,NA,10,"top10","eeg_tleft_sampent_full_change_precond;eeg_tleft_halpha_mean_full_change_precond;eeg_pright_sampent_full_change_precond;eeg_t_sampent_full_change_precond;gsr_skin_conductance_eda_tonic_mean_nk_full_change_precond;pupil_dilation_sd_full_change_precond;eeg_fm_theta_mean_full_change_precond;eeg_fl_hbeta_mean_full_change_precond;eeg_tleft_lalpha_mean_full_change_precond;eeg_pleft_lbeta_mean_full_change_precond"
2025-11-26 19:02:40.457561,30,"stress_label",10,2,0.015625,0.583333333333333,0.58974358974359,0.517094017094017,10,"top10","eeg_tleft_sampent_full_change_precond;eeg_tleft_halpha_mean_full_change_precond;eeg_pright_sampent_full_change_precond;eeg_t_sampent_full_change_precond;gsr_skin_conductance_eda_tonic_mean_nk_full_change_precond;pupil_dilation_sd_full_change_precond;eeg_fm_theta_mean_full_change_precond;eeg_fl_hbeta_mean_full_change_precond;eeg_tleft_lalpha_mean_full_change_precond;eeg_pleft_lbeta_mean_full_change_precond"
2025-11-26 19:02:41.216522,30,"stress_label",10,4,0.015625,0.58974358974359,0.576923076923077,0.518803418803419,10,"top10","eeg_tleft_sampent_full_change_precond;eeg_tleft_halpha_mean_full_change_precond;eeg_pright_sampent_full_change_precond;eeg_t_sampent_full_change_precond;gsr_skin_conductance_eda_tonic_mean_nk_full_change_precond;pupil_dilation_sd_full_change_precond;eeg_fm_theta_mean_full_change_precond;eeg_fl_hbeta_mean_full_change_precond;eeg_tleft_lalpha_mean_full_change_precond;eeg_pleft_lbeta_mean_full_change_precond"
2025-11-26 19:02:41.894181,30,"stress_label",10,8,0.015625,0.557692307692308,0.532051282051282,0.488888888888889,10,"top10","eeg_tleft_sampent_full_change_precond;eeg_tleft_halpha_mean_full_change_precond;eeg_pright_sampent_full_change_precond;eeg_t_sampent_full_change_precond;gsr_skin_conductance_eda_tonic_mean_nk_full_change_precond;pupil_dilation_sd_full_change_precond;eeg_fm_theta_mean_full_change_precond;eeg_fl_hbeta_mean_full_change_precond;eeg_tleft_lalpha_mean_full_change_precond;eeg_pleft_lbeta_mean_full_change_precond"
2025-11-26 19:02:42.63663,30,"stress_label",10,16,0.015625,0.538461538461538,0.506410256410256,NA,10,"top10","eeg_tleft_sampent_full_change_precond;eeg_tleft_halpha_mean_full_change_precond;eeg_pright_sampent_full_change_precond;eeg_t_sampent_full_change_precond;gsr_skin_conductance_eda_tonic_mean_nk_full_change_precond;pupil_dilation_sd_full_change_precond;eeg_fm_theta_mean_full_change_precond;eeg_fl_hbeta_mean_full_change_precond;eeg_tleft_lalpha_mean_full_change_precond;eeg_pleft_lbeta_mean_full_change_precond"
2025-11-26 19:02:43.558991,30,"stress_label",10,32,0.015625,0.506410256410256,0.480769230769231,NA,10,"top10","eeg_tleft_sampent_full_change_precond;eeg_tleft_halpha_mean_full_change_precond;eeg_pright_sampent_full_change_precond;eeg_t_sampent_full_change_precond;gsr_skin_conductance_eda_tonic_mean_nk_full_change_precond;pupil_dilation_sd_full_change_precond;eeg_fm_theta_mean_full_change_precond;eeg_fl_hbeta_mean_full_change_precond;eeg_tleft_lalpha_mean_full_change_precond;eeg_pleft_lbeta_mean_full_change_precond"
2025-11-26 19:02:44.603503,30,"stress_label",10,64,0.015625,0.525641025641026,0.5,NA,10,"top10","eeg_tleft_sampent_full_change_precond;eeg_tleft_halpha_mean_full_change_precond;eeg_pright_sampent_full_change_precond;eeg_t_sampent_full_change_precond;gsr_skin_conductance_eda_tonic_mean_nk_full_change_precond;pupil_dilation_sd_full_change_precond;eeg_fm_theta_mean_full_change_precond;eeg_fl_hbeta_mean_full_change_precond;eeg_tleft_lalpha_mean_full_change_precond;eeg_pleft_lbeta_mean_full_change_precond"
2025-11-26 19:02:45.745556,30,"stress_label",10,128,0.015625,0.480769230769231,0.371794871794872,NA,10,"top10","eeg_tleft_sampent_full_change_precond;eeg_tleft_halpha_mean_full_change_precond;eeg_pright_sampent_full_change_precond;eeg_t_sampent_full_change_precond;gsr_skin_conductance_eda_tonic_mean_nk_full_change_precond;pupil_dilation_sd_full_change_precond;eeg_fm_theta_mean_full_change_precond;eeg_fl_hbeta_mean_full_change_precond;eeg_tleft_lalpha_mean_full_change_precond;eeg_pleft_lbeta_mean_full_change_precond"
2025-11-26 19:02:46.916698,30,"stress_label",10,256,0.015625,0.538461538461538,0.391025641025641,NA,10,"top10","eeg_tleft_sampent_full_change_precond;eeg_tleft_halpha_mean_full_change_precond;eeg_pright_sampent_full_change_precond;eeg_t_sampent_full_change_precond;gsr_skin_conductance_eda_tonic_mean_nk_full_change_precond;pupil_dilation_sd_full_change_precond;eeg_fm_theta_mean_full_change_precond;eeg_fl_hbeta_mean_full_change_precond;eeg_tleft_lalpha_mean_full_change_precond;eeg_pleft_lbeta_mean_full_change_precond"
2025-11-26 19:02:47.788726,30,"stress_label",10,2,0.03125,0.596153846153846,0.57051282051282,0.521367521367521,10,"top10","eeg_tleft_sampent_full_change_precond;eeg_tleft_halpha_mean_full_change_precond;eeg_pright_sampent_full_change_precond;eeg_t_sampent_full_change_precond;gsr_skin_conductance_eda_tonic_mean_nk_full_change_precond;pupil_dilation_sd_full_change_precond;eeg_fm_theta_mean_full_change_precond;eeg_fl_hbeta_mean_full_change_precond;eeg_tleft_lalpha_mean_full_change_precond;eeg_pleft_lbeta_mean_full_change_precond"
2025-11-26 19:02:48.858092,30,"stress_label",10,4,0.03125,0.564102564102564,0.519230769230769,NA,10,"top10","eeg_tleft_sampent_full_change_precond;eeg_tleft_halpha_mean_full_change_precond;eeg_pright_sampent_full_change_precond;eeg_t_sampent_full_change_precond;gsr_skin_conductance_eda_tonic_mean_nk_full_change_precond;pupil_dilation_sd_full_change_precond;eeg_fm_theta_mean_full_change_precond;eeg_fl_hbeta_mean_full_change_precond;eeg_tleft_lalpha_mean_full_change_precond;eeg_pleft_lbeta_mean_full_change_precond"
2025-11-26 19:02:49.749688,30,"stress_label",10,8,0.03125,0.544871794871795,0.538461538461538,NA,10,"top10","eeg_tleft_sampent_full_change_precond;eeg_tleft_halpha_mean_full_change_precond;eeg_pright_sampent_full_change_precond;eeg_t_sampent_full_change_precond;gsr_skin_conductance_eda_tonic_mean_nk_full_change_precond;pupil_dilation_sd_full_change_precond;eeg_fm_theta_mean_full_change_precond;eeg_fl_hbeta_mean_full_change_precond;eeg_tleft_lalpha_mean_full_change_precond;eeg_pleft_lbeta_mean_full_change_precond"
2025-11-26 19:02:50.680558,30,"stress_label",10,16,0.03125,0.512820512820513,0.461538461538462,NA,10,"top10","eeg_tleft_sampent_full_change_precond;eeg_tleft_halpha_mean_full_change_precond;eeg_pright_sampent_full_change_precond;eeg_t_sampent_full_change_precond;gsr_skin_conductance_eda_tonic_mean_nk_full_change_precond;pupil_dilation_sd_full_change_precond;eeg_fm_theta_mean_full_change_precond;eeg_fl_hbeta_mean_full_change_precond;eeg_tleft_lalpha_mean_full_change_precond;eeg_pleft_lbeta_mean_full_change_precond"
2025-11-26 19:02:51.635522,30,"stress_label",10,32,0.03125,0.461538461538462,0.391025641025641,NA,10,"top10","eeg_tleft_sampent_full_change_precond;eeg_tleft_halpha_mean_full_change_precond;eeg_pright_sampent_full_change_precond;eeg_t_sampent_full_change_precond;gsr_skin_conductance_eda_tonic_mean_nk_full_change_precond;pupil_dilation_sd_full_change_precond;eeg_fm_theta_mean_full_change_precond;eeg_fl_hbeta_mean_full_change_precond;eeg_tleft_lalpha_mean_full_change_precond;eeg_pleft_lbeta_mean_full_change_precond"
2025-11-26 19:02:52.752905,30,"stress_label",10,64,0.03125,0.532051282051282,0.423076923076923,NA,10,"top10","eeg_tleft_sampent_full_change_precond;eeg_tleft_halpha_mean_full_change_precond;eeg_pright_sampent_full_change_precond;eeg_t_sampent_full_change_precond;gsr_skin_conductance_eda_tonic_mean_nk_full_change_precond;pupil_dilation_sd_full_change_precond;eeg_fm_theta_mean_full_change_precond;eeg_fl_hbeta_mean_full_change_precond;eeg_tleft_lalpha_mean_full_change_precond;eeg_pleft_lbeta_mean_full_change_precond"
2025-11-26 19:02:54.113421,30,"stress_label",10,128,0.03125,0.557692307692308,0.461538461538462,NA,10,"top10","eeg_tleft_sampent_full_change_precond;eeg_tleft_halpha_mean_full_change_precond;eeg_pright_sampent_full_change_precond;eeg_t_sampent_full_change_precond;gsr_skin_conductance_eda_tonic_mean_nk_full_change_precond;pupil_dilation_sd_full_change_precond;eeg_fm_theta_mean_full_change_precond;eeg_fl_hbeta_mean_full_change_precond;eeg_tleft_lalpha_mean_full_change_precond;eeg_pleft_lbeta_mean_full_change_precond"
2025-11-26 19:02:55.565803,30,"stress_label",10,256,0.03125,0.480769230769231,0.480769230769231,NA,10,"top10","eeg_tleft_sampent_full_change_precond;eeg_tleft_halpha_mean_full_change_precond;eeg_pright_sampent_full_change_precond;eeg_t_sampent_full_change_precond;gsr_skin_conductance_eda_tonic_mean_nk_full_change_precond;pupil_dilation_sd_full_change_precond;eeg_fm_theta_mean_full_change_precond;eeg_fl_hbeta_mean_full_change_precond;eeg_tleft_lalpha_mean_full_change_precond;eeg_pleft_lbeta_mean_full_change_precond"
2025-11-26 19:02:56.448381,30,"stress_label",10,2,0.0625,0.544871794871795,0.532051282051282,NA,10,"top10","eeg_tleft_sampent_full_change_precond;eeg_tleft_halpha_mean_full_change_precond;eeg_pright_sampent_full_change_precond;eeg_t_sampent_full_change_precond;gsr_skin_conductance_eda_tonic_mean_nk_full_change_precond;pupil_dilation_sd_full_change_precond;eeg_fm_theta_mean_full_change_precond;eeg_fl_hbeta_mean_full_change_precond;eeg_tleft_lalpha_mean_full_change_precond;eeg_pleft_lbeta_mean_full_change_precond"
2025-11-26 19:02:57.335255,30,"stress_label",10,4,0.0625,0.519230769230769,0.474358974358974,NA,10,"top10","eeg_tleft_sampent_full_change_precond;eeg_tleft_halpha_mean_full_change_precond;eeg_pright_sampent_full_change_precond;eeg_t_sampent_full_change_precond;gsr_skin_conductance_eda_tonic_mean_nk_full_change_precond;pupil_dilation_sd_full_change_precond;eeg_fm_theta_mean_full_change_precond;eeg_fl_hbeta_mean_full_change_precond;eeg_tleft_lalpha_mean_full_change_precond;eeg_pleft_lbeta_mean_full_change_precond"
2025-11-26 19:02:58.216016,30,"stress_label",10,8,0.0625,0.474358974358974,0.455128205128205,NA,10,"top10","eeg_tleft_sampent_full_change_precond;eeg_tleft_halpha_mean_full_change_precond;eeg_pright_sampent_full_change_precond;eeg_t_sampent_full_change_precond;gsr_skin_conductance_eda_tonic_mean_nk_full_change_precond;pupil_dilation_sd_full_change_precond;eeg_fm_theta_mean_full_change_precond;eeg_fl_hbeta_mean_full_change_precond;eeg_tleft_lalpha_mean_full_change_precond;eeg_pleft_lbeta_mean_full_change_precond"
2025-11-26 19:02:58.957056,30,"stress_label",10,16,0.0625,0.487179487179487,0.455128205128205,NA,10,"top10","eeg_tleft_sampent_full_change_precond;eeg_tleft_halpha_mean_full_change_precond;eeg_pright_sampent_full_change_precond;eeg_t_sampent_full_change_precond;gsr_skin_conductance_eda_tonic_mean_nk_full_change_precond;pupil_dilation_sd_full_change_precond;eeg_fm_theta_mean_full_change_precond;eeg_fl_hbeta_mean_full_change_precond;eeg_tleft_lalpha_mean_full_change_precond;eeg_pleft_lbeta_mean_full_change_precond"
2025-11-26 19:02:59.840655,30,"stress_label",10,32,0.0625,0.519230769230769,0.480769230769231,NA,10,"top10","eeg_tleft_sampent_full_change_precond;eeg_tleft_halpha_mean_full_change_precond;eeg_pright_sampent_full_change_precond;eeg_t_sampent_full_change_precond;gsr_skin_conductance_eda_tonic_mean_nk_full_change_precond;pupil_dilation_sd_full_change_precond;eeg_fm_theta_mean_full_change_precond;eeg_fl_hbeta_mean_full_change_precond;eeg_tleft_lalpha_mean_full_change_precond;eeg_pleft_lbeta_mean_full_change_precond"
2025-11-26 19:03:00.96655,30,"stress_label",10,64,0.0625,0.487179487179487,0.519230769230769,NA,10,"top10","eeg_tleft_sampent_full_change_precond;eeg_tleft_halpha_mean_full_change_precond;eeg_pright_sampent_full_change_precond;eeg_t_sampent_full_change_precond;gsr_skin_conductance_eda_tonic_mean_nk_full_change_precond;pupil_dilation_sd_full_change_precond;eeg_fm_theta_mean_full_change_precond;eeg_fl_hbeta_mean_full_change_precond;eeg_tleft_lalpha_mean_full_change_precond;eeg_pleft_lbeta_mean_full_change_precond"
2025-11-26 19:03:02.227341,30,"stress_label",10,128,0.0625,0.461538461538462,0.493589743589744,NA,10,"top10","eeg_tleft_sampent_full_change_precond;eeg_tleft_halpha_mean_full_change_precond;eeg_pright_sampent_full_change_precond;eeg_t_sampent_full_change_precond;gsr_skin_conductance_eda_tonic_mean_nk_full_change_precond;pupil_dilation_sd_full_change_precond;eeg_fm_theta_mean_full_change_precond;eeg_fl_hbeta_mean_full_change_precond;eeg_tleft_lalpha_mean_full_change_precond;eeg_pleft_lbeta_mean_full_change_precond"
2025-11-26 19:03:03.495649,30,"stress_label",10,256,0.0625,0.474358974358974,0.442307692307692,NA,10,"top10","eeg_tleft_sampent_full_change_precond;eeg_tleft_halpha_mean_full_change_precond;eeg_pright_sampent_full_change_precond;eeg_t_sampent_full_change_precond;gsr_skin_conductance_eda_tonic_mean_nk_full_change_precond;pupil_dilation_sd_full_change_precond;eeg_fm_theta_mean_full_change_precond;eeg_fl_hbeta_mean_full_change_precond;eeg_tleft_lalpha_mean_full_change_precond;eeg_pleft_lbeta_mean_full_change_precond"
2025-11-26 19:03:04.348961,30,"stress_label",10,2,0.125,0.506410256410256,0.467948717948718,NA,10,"top10","eeg_tleft_sampent_full_change_precond;eeg_tleft_halpha_mean_full_change_precond;eeg_pright_sampent_full_change_precond;eeg_t_sampent_full_change_precond;gsr_skin_conductance_eda_tonic_mean_nk_full_change_precond;pupil_dilation_sd_full_change_precond;eeg_fm_theta_mean_full_change_precond;eeg_fl_hbeta_mean_full_change_precond;eeg_tleft_lalpha_mean_full_change_precond;eeg_pleft_lbeta_mean_full_change_precond"
2025-11-26 19:03:05.224294,30,"stress_label",10,4,0.125,0.474358974358974,0.461538461538462,NA,10,"top10","eeg_tleft_sampent_full_change_precond;eeg_tleft_halpha_mean_full_change_precond;eeg_pright_sampent_full_change_precond;eeg_t_sampent_full_change_precond;gsr_skin_conductance_eda_tonic_mean_nk_full_change_precond;pupil_dilation_sd_full_change_precond;eeg_fm_theta_mean_full_change_precond;eeg_fl_hbeta_mean_full_change_precond;eeg_tleft_lalpha_mean_full_change_precond;eeg_pleft_lbeta_mean_full_change_precond"
2025-11-26 19:03:06.092083,30,"stress_label",10,8,0.125,0.519230769230769,0.448717948717949,NA,10,"top10","eeg_tleft_sampent_full_change_precond;eeg_tleft_halpha_mean_full_change_precond;eeg_pright_sampent_full_change_precond;eeg_t_sampent_full_change_precond;gsr_skin_conductance_eda_tonic_mean_nk_full_change_precond;pupil_dilation_sd_full_change_precond;eeg_fm_theta_mean_full_change_precond;eeg_fl_hbeta_mean_full_change_precond;eeg_tleft_lalpha_mean_full_change_precond;eeg_pleft_lbeta_mean_full_change_precond"
2025-11-26 19:03:07.030084,30,"stress_label",10,16,0.125,0.512820512820513,0.461538461538462,NA,10,"top10","eeg_tleft_sampent_full_change_precond;eeg_tleft_halpha_mean_full_change_precond;eeg_pright_sampent_full_change_precond;eeg_t_sampent_full_change_precond;gsr_skin_conductance_eda_tonic_mean_nk_full_change_precond;pupil_dilation_sd_full_change_precond;eeg_fm_theta_mean_full_change_precond;eeg_fl_hbeta_mean_full_change_precond;eeg_tleft_lalpha_mean_full_change_precond;eeg_pleft_lbeta_mean_full_change_precond"
2025-11-26 19:03:07.876849,30,"stress_label",10,32,0.125,0.480769230769231,0.480769230769231,NA,10,"top10","eeg_tleft_sampent_full_change_precond;eeg_tleft_halpha_mean_full_change_precond;eeg_pright_sampent_full_change_precond;eeg_t_sampent_full_change_precond;gsr_skin_conductance_eda_tonic_mean_nk_full_change_precond;pupil_dilation_sd_full_change_precond;eeg_fm_theta_mean_full_change_precond;eeg_fl_hbeta_mean_full_change_precond;eeg_tleft_lalpha_mean_full_change_precond;eeg_pleft_lbeta_mean_full_change_precond"
2025-11-26 19:03:08.996937,30,"stress_label",10,64,0.125,0.519230769230769,0.378205128205128,NA,10,"top10","eeg_tleft_sampent_full_change_precond;eeg_tleft_halpha_mean_full_change_precond;eeg_pright_sampent_full_change_precond;eeg_t_sampent_full_change_precond;gsr_skin_conductance_eda_tonic_mean_nk_full_change_precond;pupil_dilation_sd_full_change_precond;eeg_fm_theta_mean_full_change_precond;eeg_fl_hbeta_mean_full_change_precond;eeg_tleft_lalpha_mean_full_change_precond;eeg_pleft_lbeta_mean_full_change_precond"
2025-11-26 19:03:10.083529,30,"stress_label",10,128,0.125,0.519230769230769,0.455128205128205,NA,10,"top10","eeg_tleft_sampent_full_change_precond;eeg_tleft_halpha_mean_full_change_precond;eeg_pright_sampent_full_change_precond;eeg_t_sampent_full_change_precond;gsr_skin_conductance_eda_tonic_mean_nk_full_change_precond;pupil_dilation_sd_full_change_precond;eeg_fm_theta_mean_full_change_precond;eeg_fl_hbeta_mean_full_change_precond;eeg_tleft_lalpha_mean_full_change_precond;eeg_pleft_lbeta_mean_full_change_precond"
2025-11-26 19:03:11.005818,30,"stress_label",10,256,0.125,0.519230769230769,0.416666666666667,NA,10,"top10","eeg_tleft_sampent_full_change_precond;eeg_tleft_halpha_mean_full_change_precond;eeg_pright_sampent_full_change_precond;eeg_t_sampent_full_change_precond;gsr_skin_conductance_eda_tonic_mean_nk_full_change_precond;pupil_dilation_sd_full_change_precond;eeg_fm_theta_mean_full_change_precond;eeg_fl_hbeta_mean_full_change_precond;eeg_tleft_lalpha_mean_full_change_precond;eeg_pleft_lbeta_mean_full_change_precond"
2025-11-26 19:03:11.879977,30,"stress_label",10,2,0.03,0.596153846153846,0.576923076923077,0.521367521367521,10,"top10","eeg_tleft_sampent_full_change_precond;eeg_tleft_halpha_mean_full_change_precond;eeg_pright_sampent_full_change_precond;eeg_t_sampent_full_change_precond;gsr_skin_conductance_eda_tonic_mean_nk_full_change_precond;pupil_dilation_sd_full_change_precond;eeg_fm_theta_mean_full_change_precond;eeg_fl_hbeta_mean_full_change_precond;eeg_tleft_lalpha_mean_full_change_precond;eeg_pleft_lbeta_mean_full_change_precond"
2025-11-26 19:03:12.772468,30,"stress_label",10,4,0.03,0.564102564102564,0.5,NA,10,"top10","eeg_tleft_sampent_full_change_precond;eeg_tleft_halpha_mean_full_change_precond;eeg_pright_sampent_full_change_precond;eeg_t_sampent_full_change_precond;gsr_skin_conductance_eda_tonic_mean_nk_full_change_precond;pupil_dilation_sd_full_change_precond;eeg_fm_theta_mean_full_change_precond;eeg_fl_hbeta_mean_full_change_precond;eeg_tleft_lalpha_mean_full_change_precond;eeg_pleft_lbeta_mean_full_change_precond"
2025-11-26 19:03:13.593451,30,"stress_label",10,8,0.03,0.538461538461538,0.538461538461538,NA,10,"top10","eeg_tleft_sampent_full_change_precond;eeg_tleft_halpha_mean_full_change_precond;eeg_pright_sampent_full_change_precond;eeg_t_sampent_full_change_precond;gsr_skin_conductance_eda_tonic_mean_nk_full_change_precond;pupil_dilation_sd_full_change_precond;eeg_fm_theta_mean_full_change_precond;eeg_fl_hbeta_mean_full_change_precond;eeg_tleft_lalpha_mean_full_change_precond;eeg_pleft_lbeta_mean_full_change_precond"
2025-11-26 19:03:14.521028,30,"stress_label",10,16,0.03,0.512820512820513,0.493589743589744,NA,10,"top10","eeg_tleft_sampent_full_change_precond;eeg_tleft_halpha_mean_full_change_precond;eeg_pright_sampent_full_change_precond;eeg_t_sampent_full_change_precond;gsr_skin_conductance_eda_tonic_mean_nk_full_change_precond;pupil_dilation_sd_full_change_precond;eeg_fm_theta_mean_full_change_precond;eeg_fl_hbeta_mean_full_change_precond;eeg_tleft_lalpha_mean_full_change_precond;eeg_pleft_lbeta_mean_full_change_precond"
2025-11-26 19:03:15.391342,30,"stress_label",10,32,0.03,0.461538461538462,0.461538461538462,NA,10,"top10","eeg_tleft_sampent_full_change_precond;eeg_tleft_halpha_mean_full_change_precond;eeg_pright_sampent_full_change_precond;eeg_t_sampent_full_change_precond;gsr_skin_conductance_eda_tonic_mean_nk_full_change_precond;pupil_dilation_sd_full_change_precond;eeg_fm_theta_mean_full_change_precond;eeg_fl_hbeta_mean_full_change_precond;eeg_tleft_lalpha_mean_full_change_precond;eeg_pleft_lbeta_mean_full_change_precond"
2025-11-26 19:03:16.51453,30,"stress_label",10,64,0.03,0.519230769230769,0.423076923076923,NA,10,"top10","eeg_tleft_sampent_full_change_precond;eeg_tleft_halpha_mean_full_change_precond;eeg_pright_sampent_full_change_precond;eeg_t_sampent_full_change_precond;gsr_skin_conductance_eda_tonic_mean_nk_full_change_precond;pupil_dilation_sd_full_change_precond;eeg_fm_theta_mean_full_change_precond;eeg_fl_hbeta_mean_full_change_precond;eeg_tleft_lalpha_mean_full_change_precond;eeg_pleft_lbeta_mean_full_change_precond"
2025-11-26 19:03:17.863488,30,"stress_label",10,128,0.03,0.576923076923077,0.474358974358974,NA,10,"top10","eeg_tleft_sampent_full_change_precond;eeg_tleft_halpha_mean_full_change_precond;eeg_pright_sampent_full_change_precond;eeg_t_sampent_full_change_precond;gsr_skin_conductance_eda_tonic_mean_nk_full_change_precond;pupil_dilation_sd_full_change_precond;eeg_fm_theta_mean_full_change_precond;eeg_fl_hbeta_mean_full_change_precond;eeg_tleft_lalpha_mean_full_change_precond;eeg_pleft_lbeta_mean_full_change_precond"
2025-11-26 19:03:18.987819,30,"stress_label",10,256,0.03,0.525641025641026,0.435897435897436,NA,10,"top10","eeg_tleft_sampent_full_change_precond;eeg_tleft_halpha_mean_full_change_precond;eeg_pright_sampent_full_change_precond;eeg_t_sampent_full_change_precond;gsr_skin_conductance_eda_tonic_mean_nk_full_change_precond;pupil_dilation_sd_full_change_precond;eeg_fm_theta_mean_full_change_precond;eeg_fl_hbeta_mean_full_change_precond;eeg_tleft_lalpha_mean_full_change_precond;eeg_pleft_lbeta_mean_full_change_precond"
2025-11-26 19:03:19.872496,30,"stress_label",10,2,0.06,0.544871794871795,0.532051282051282,NA,10,"top10","eeg_tleft_sampent_full_change_precond;eeg_tleft_halpha_mean_full_change_precond;eeg_pright_sampent_full_change_precond;eeg_t_sampent_full_change_precond;gsr_skin_conductance_eda_tonic_mean_nk_full_change_precond;pupil_dilation_sd_full_change_precond;eeg_fm_theta_mean_full_change_precond;eeg_fl_hbeta_mean_full_change_precond;eeg_tleft_lalpha_mean_full_change_precond;eeg_pleft_lbeta_mean_full_change_precond"
2025-11-26 19:03:20.732454,30,"stress_label",10,4,0.06,0.525641025641026,0.551282051282051,NA,10,"top10","eeg_tleft_sampent_full_change_precond;eeg_tleft_halpha_mean_full_change_precond;eeg_pright_sampent_full_change_precond;eeg_t_sampent_full_change_precond;gsr_skin_conductance_eda_tonic_mean_nk_full_change_precond;pupil_dilation_sd_full_change_precond;eeg_fm_theta_mean_full_change_precond;eeg_fl_hbeta_mean_full_change_precond;eeg_tleft_lalpha_mean_full_change_precond;eeg_pleft_lbeta_mean_full_change_precond"
2025-11-26 19:03:21.634911,30,"stress_label",10,8,0.06,0.467948717948718,0.493589743589744,NA,10,"top10","eeg_tleft_sampent_full_change_precond;eeg_tleft_halpha_mean_full_change_precond;eeg_pright_sampent_full_change_precond;eeg_t_sampent_full_change_precond;gsr_skin_conductance_eda_tonic_mean_nk_full_change_precond;pupil_dilation_sd_full_change_precond;eeg_fm_theta_mean_full_change_precond;eeg_fl_hbeta_mean_full_change_precond;eeg_tleft_lalpha_mean_full_change_precond;eeg_pleft_lbeta_mean_full_change_precond"
2025-11-26 19:03:22.56747,30,"stress_label",10,16,0.06,0.487179487179487,0.448717948717949,NA,10,"top10","eeg_tleft_sampent_full_change_precond;eeg_tleft_halpha_mean_full_change_precond;eeg_pright_sampent_full_change_precond;eeg_t_sampent_full_change_precond;gsr_skin_conductance_eda_tonic_mean_nk_full_change_precond;pupil_dilation_sd_full_change_precond;eeg_fm_theta_mean_full_change_precond;eeg_fl_hbeta_mean_full_change_precond;eeg_tleft_lalpha_mean_full_change_precond;eeg_pleft_lbeta_mean_full_change_precond"
2025-11-26 19:03:23.661459,30,"stress_label",10,32,0.06,0.525641025641026,0.506410256410256,NA,10,"top10","eeg_tleft_sampent_full_change_precond;eeg_tleft_halpha_mean_full_change_precond;eeg_pright_sampent_full_change_precond;eeg_t_sampent_full_change_precond;gsr_skin_conductance_eda_tonic_mean_nk_full_change_precond;pupil_dilation_sd_full_change_precond;eeg_fm_theta_mean_full_change_precond;eeg_fl_hbeta_mean_full_change_precond;eeg_tleft_lalpha_mean_full_change_precond;eeg_pleft_lbeta_mean_full_change_precond"
2025-11-26 19:03:24.848766,30,"stress_label",10,64,0.06,0.487179487179487,0.358974358974359,NA,10,"top10","eeg_tleft_sampent_full_change_precond;eeg_tleft_halpha_mean_full_change_precond;eeg_pright_sampent_full_change_precond;eeg_t_sampent_full_change_precond;gsr_skin_conductance_eda_tonic_mean_nk_full_change_precond;pupil_dilation_sd_full_change_precond;eeg_fm_theta_mean_full_change_precond;eeg_fl_hbeta_mean_full_change_precond;eeg_tleft_lalpha_mean_full_change_precond;eeg_pleft_lbeta_mean_full_change_precond"
2025-11-26 19:03:26.118623,30,"stress_label",10,128,0.06,0.455128205128205,0.480769230769231,NA,10,"top10","eeg_tleft_sampent_full_change_precond;eeg_tleft_halpha_mean_full_change_precond;eeg_pright_sampent_full_change_precond;eeg_t_sampent_full_change_precond;gsr_skin_conductance_eda_tonic_mean_nk_full_change_precond;pupil_dilation_sd_full_change_precond;eeg_fm_theta_mean_full_change_precond;eeg_fl_hbeta_mean_full_change_precond;eeg_tleft_lalpha_mean_full_change_precond;eeg_pleft_lbeta_mean_full_change_precond"
2025-11-26 19:03:27.136399,30,"stress_label",10,256,0.06,0.493589743589744,0.416666666666667,NA,10,"top10","eeg_tleft_sampent_full_change_precond;eeg_tleft_halpha_mean_full_change_precond;eeg_pright_sampent_full_change_precond;eeg_t_sampent_full_change_precond;gsr_skin_conductance_eda_tonic_mean_nk_full_change_precond;pupil_dilation_sd_full_change_precond;eeg_fm_theta_mean_full_change_precond;eeg_fl_hbeta_mean_full_change_precond;eeg_tleft_lalpha_mean_full_change_precond;eeg_pleft_lbeta_mean_full_change_precond"
2025-11-26 19:03:28.004345,30,"stress_label",10,2,0.1,0.512820512820513,0.557692307692308,NA,10,"top10","eeg_tleft_sampent_full_change_precond;eeg_tleft_halpha_mean_full_change_precond;eeg_pright_sampent_full_change_precond;eeg_t_sampent_full_change_precond;gsr_skin_conductance_eda_tonic_mean_nk_full_change_precond;pupil_dilation_sd_full_change_precond;eeg_fm_theta_mean_full_change_precond;eeg_fl_hbeta_mean_full_change_precond;eeg_tleft_lalpha_mean_full_change_precond;eeg_pleft_lbeta_mean_full_change_precond"
2025-11-26 19:03:28.891828,30,"stress_label",10,4,0.1,0.487179487179487,0.5,NA,10,"top10","eeg_tleft_sampent_full_change_precond;eeg_tleft_halpha_mean_full_change_precond;eeg_pright_sampent_full_change_precond;eeg_t_sampent_full_change_precond;gsr_skin_conductance_eda_tonic_mean_nk_full_change_precond;pupil_dilation_sd_full_change_precond;eeg_fm_theta_mean_full_change_precond;eeg_fl_hbeta_mean_full_change_precond;eeg_tleft_lalpha_mean_full_change_precond;eeg_pleft_lbeta_mean_full_change_precond"
2025-11-26 19:03:29.79088,30,"stress_label",10,8,0.1,0.506410256410256,0.544871794871795,NA,10,"top10","eeg_tleft_sampent_full_change_precond;eeg_tleft_halpha_mean_full_change_precond;eeg_pright_sampent_full_change_precond;eeg_t_sampent_full_change_precond;gsr_skin_conductance_eda_tonic_mean_nk_full_change_precond;pupil_dilation_sd_full_change_precond;eeg_fm_theta_mean_full_change_precond;eeg_fl_hbeta_mean_full_change_precond;eeg_tleft_lalpha_mean_full_change_precond;eeg_pleft_lbeta_mean_full_change_precond"
2025-11-26 19:03:30.771038,30,"stress_label",10,16,0.1,0.519230769230769,0.487179487179487,NA,10,"top10","eeg_tleft_sampent_full_change_precond;eeg_tleft_halpha_mean_full_change_precond;eeg_pright_sampent_full_change_precond;eeg_t_sampent_full_change_precond;gsr_skin_conductance_eda_tonic_mean_nk_full_change_precond;pupil_dilation_sd_full_change_precond;eeg_fm_theta_mean_full_change_precond;eeg_fl_hbeta_mean_full_change_precond;eeg_tleft_lalpha_mean_full_change_precond;eeg_pleft_lbeta_mean_full_change_precond"
2025-11-26 19:03:31.86594,30,"stress_label",10,32,0.1,0.5,0.487179487179487,NA,10,"top10","eeg_tleft_sampent_full_change_precond;eeg_tleft_halpha_mean_full_change_precond;eeg_pright_sampent_full_change_precond;eeg_t_sampent_full_change_precond;gsr_skin_conductance_eda_tonic_mean_nk_full_change_precond;pupil_dilation_sd_full_change_precond;eeg_fm_theta_mean_full_change_precond;eeg_fl_hbeta_mean_full_change_precond;eeg_tleft_lalpha_mean_full_change_precond;eeg_pleft_lbeta_mean_full_change_precond"
2025-11-26 19:03:33.015661,30,"stress_label",10,64,0.1,0.512820512820513,0.506410256410256,NA,10,"top10","eeg_tleft_sampent_full_change_precond;eeg_tleft_halpha_mean_full_change_precond;eeg_pright_sampent_full_change_precond;eeg_t_sampent_full_change_precond;gsr_skin_conductance_eda_tonic_mean_nk_full_change_precond;pupil_dilation_sd_full_change_precond;eeg_fm_theta_mean_full_change_precond;eeg_fl_hbeta_mean_full_change_precond;eeg_tleft_lalpha_mean_full_change_precond;eeg_pleft_lbeta_mean_full_change_precond"
2025-11-26 19:03:34.176466,30,"stress_label",10,128,0.1,0.5,0.493589743589744,NA,10,"top10","eeg_tleft_sampent_full_change_precond;eeg_tleft_halpha_mean_full_change_precond;eeg_pright_sampent_full_change_precond;eeg_t_sampent_full_change_precond;gsr_skin_conductance_eda_tonic_mean_nk_full_change_precond;pupil_dilation_sd_full_change_precond;eeg_fm_theta_mean_full_change_precond;eeg_fl_hbeta_mean_full_change_precond;eeg_tleft_lalpha_mean_full_change_precond;eeg_pleft_lbeta_mean_full_change_precond"
2025-11-26 19:03:35.253055,30,"stress_label",10,256,0.1,0.5,0.480769230769231,NA,10,"top10","eeg_tleft_sampent_full_change_precond;eeg_tleft_halpha_mean_full_change_precond;eeg_pright_sampent_full_change_precond;eeg_t_sampent_full_change_precond;gsr_skin_conductance_eda_tonic_mean_nk_full_change_precond;pupil_dilation_sd_full_change_precond;eeg_fm_theta_mean_full_change_precond;eeg_fl_hbeta_mean_full_change_precond;eeg_tleft_lalpha_mean_full_change_precond;eeg_pleft_lbeta_mean_full_change_precond"
2025-11-26 19:03:35.916865,30,"stress_label",5,2,0.0078125,0.58974358974359,0.602564102564103,NA,5,"top5","eeg_tleft_sampent_full_change_precond;eeg_tleft_halpha_mean_full_change_precond;eeg_pright_sampent_full_change_precond;eeg_t_sampent_full_change_precond;gsr_skin_conductance_eda_tonic_mean_nk_full_change_precond"
2025-11-26 19:03:36.696256,30,"stress_label",5,4,0.0078125,0.58974358974359,0.615384615384615,0.55042735042735,5,"top5","eeg_tleft_sampent_full_change_precond;eeg_tleft_halpha_mean_full_change_precond;eeg_pright_sampent_full_change_precond;eeg_t_sampent_full_change_precond;gsr_skin_conductance_eda_tonic_mean_nk_full_change_precond"
2025-11-26 19:03:37.490181,30,"stress_label",5,8,0.0078125,0.58974358974359,0.608974358974359,0.55042735042735,5,"top5","eeg_tleft_sampent_full_change_precond;eeg_tleft_halpha_mean_full_change_precond;eeg_pright_sampent_full_change_precond;eeg_t_sampent_full_change_precond;gsr_skin_conductance_eda_tonic_mean_nk_full_change_precond"
2025-11-26 19:03:38.145537,30,"stress_label",5,16,0.0078125,0.596153846153846,0.608974358974359,0.548717948717949,5,"top5","eeg_tleft_sampent_full_change_precond;eeg_tleft_halpha_mean_full_change_precond;eeg_pright_sampent_full_change_precond;eeg_t_sampent_full_change_precond;gsr_skin_conductance_eda_tonic_mean_nk_full_change_precond"
2025-11-26 19:03:38.790904,30,"stress_label",5,32,0.0078125,0.58974358974359,0.615384615384615,0.535897435897436,5,"top5","eeg_tleft_sampent_full_change_precond;eeg_tleft_halpha_mean_full_change_precond;eeg_pright_sampent_full_change_precond;eeg_t_sampent_full_change_precond;gsr_skin_conductance_eda_tonic_mean_nk_full_change_precond"
2025-11-26 19:03:39.592072,30,"stress_label",5,64,0.0078125,0.596153846153846,0.634615384615385,0.54017094017094,5,"top5","eeg_tleft_sampent_full_change_precond;eeg_tleft_halpha_mean_full_change_precond;eeg_pright_sampent_full_change_precond;eeg_t_sampent_full_change_precond;gsr_skin_conductance_eda_tonic_mean_nk_full_change_precond"
2025-11-26 19:03:40.326916,30,"stress_label",5,128,0.0078125,0.608974358974359,0.615384615384615,0.548717948717949,5,"top5","eeg_tleft_sampent_full_change_precond;eeg_tleft_halpha_mean_full_change_precond;eeg_pright_sampent_full_change_precond;eeg_t_sampent_full_change_precond;gsr_skin_conductance_eda_tonic_mean_nk_full_change_precond"
2025-11-26 19:03:41.210062,30,"stress_label",5,256,0.0078125,0.621794871794872,0.608974358974359,NA,5,"top5","eeg_tleft_sampent_full_change_precond;eeg_tleft_halpha_mean_full_change_precond;eeg_pright_sampent_full_change_precond;eeg_t_sampent_full_change_precond;gsr_skin_conductance_eda_tonic_mean_nk_full_change_precond"
2025-11-26 19:03:41.937762,30,"stress_label",5,2,0.015625,0.58974358974359,0.621794871794872,0.55042735042735,5,"top5","eeg_tleft_sampent_full_change_precond;eeg_tleft_halpha_mean_full_change_precond;eeg_pright_sampent_full_change_precond;eeg_t_sampent_full_change_precond;gsr_skin_conductance_eda_tonic_mean_nk_full_change_precond"
2025-11-26 19:03:42.561073,30,"stress_label",5,4,0.015625,0.596153846153846,0.608974358974359,0.55042735042735,5,"top5","eeg_tleft_sampent_full_change_precond;eeg_tleft_halpha_mean_full_change_precond;eeg_pright_sampent_full_change_precond;eeg_t_sampent_full_change_precond;gsr_skin_conductance_eda_tonic_mean_nk_full_change_precond"
2025-11-26 19:03:43.341111,30,"stress_label",5,8,0.015625,0.58974358974359,0.608974358974359,0.535897435897436,5,"top5","eeg_tleft_sampent_full_change_precond;eeg_tleft_halpha_mean_full_change_precond;eeg_pright_sampent_full_change_precond;eeg_t_sampent_full_change_precond;gsr_skin_conductance_eda_tonic_mean_nk_full_change_precond"
2025-11-26 19:03:44.057547,30,"stress_label",5,16,0.015625,0.602564102564103,0.628205128205128,0.544444444444444,5,"top5","eeg_tleft_sampent_full_change_precond;eeg_tleft_halpha_mean_full_change_precond;eeg_pright_sampent_full_change_precond;eeg_t_sampent_full_change_precond;gsr_skin_conductance_eda_tonic_mean_nk_full_change_precond"
2025-11-26 19:03:44.780771,30,"stress_label",5,32,0.015625,0.608974358974359,0.621794871794872,0.548717948717949,5,"top5","eeg_tleft_sampent_full_change_precond;eeg_tleft_halpha_mean_full_change_precond;eeg_pright_sampent_full_change_precond;eeg_t_sampent_full_change_precond;gsr_skin_conductance_eda_tonic_mean_nk_full_change_precond"
2025-11-26 19:03:45.624061,30,"stress_label",5,64,0.015625,0.615384615384615,0.621794871794872,NA,5,"top5","eeg_tleft_sampent_full_change_precond;eeg_tleft_halpha_mean_full_change_precond;eeg_pright_sampent_full_change_precond;eeg_t_sampent_full_change_precond;gsr_skin_conductance_eda_tonic_mean_nk_full_change_precond"
2025-11-26 19:03:46.487624,30,"stress_label",5,128,0.015625,0.615384615384615,0.634615384615385,0.571794871794872,5,"top5","eeg_tleft_sampent_full_change_precond;eeg_tleft_halpha_mean_full_change_precond;eeg_pright_sampent_full_change_precond;eeg_t_sampent_full_change_precond;gsr_skin_conductance_eda_tonic_mean_nk_full_change_precond"
2025-11-26 19:03:47.428246,30,"stress_label",5,256,0.015625,0.596153846153846,0.615384615384615,0.561538461538462,5,"top5","eeg_tleft_sampent_full_change_precond;eeg_tleft_halpha_mean_full_change_precond;eeg_pright_sampent_full_change_precond;eeg_t_sampent_full_change_precond;gsr_skin_conductance_eda_tonic_mean_nk_full_change_precond"
2025-11-26 19:03:48.208439,30,"stress_label",5,2,0.03125,0.602564102564103,0.602564102564103,0.554700854700855,5,"top5","eeg_tleft_sampent_full_change_precond;eeg_tleft_halpha_mean_full_change_precond;eeg_pright_sampent_full_change_precond;eeg_t_sampent_full_change_precond;gsr_skin_conductance_eda_tonic_mean_nk_full_change_precond"
2025-11-26 19:03:48.874964,30,"stress_label",5,4,0.03125,0.602564102564103,0.621794871794872,0.544444444444444,5,"top5","eeg_tleft_sampent_full_change_precond;eeg_tleft_halpha_mean_full_change_precond;eeg_pright_sampent_full_change_precond;eeg_t_sampent_full_change_precond;gsr_skin_conductance_eda_tonic_mean_nk_full_change_precond"
2025-11-26 19:03:49.636852,30,"stress_label",5,8,0.03125,0.602564102564103,0.621794871794872,0.544444444444444,5,"top5","eeg_tleft_sampent_full_change_precond;eeg_tleft_halpha_mean_full_change_precond;eeg_pright_sampent_full_change_precond;eeg_t_sampent_full_change_precond;gsr_skin_conductance_eda_tonic_mean_nk_full_change_precond"
2025-11-26 19:03:50.41854,30,"stress_label",5,16,0.03125,0.608974358974359,0.608974358974359,0.558974358974359,5,"top5","eeg_tleft_sampent_full_change_precond;eeg_tleft_halpha_mean_full_change_precond;eeg_pright_sampent_full_change_precond;eeg_t_sampent_full_change_precond;gsr_skin_conductance_eda_tonic_mean_nk_full_change_precond"
2025-11-26 19:03:51.251899,30,"stress_label",5,32,0.03125,0.615384615384615,0.641025641025641,0.571794871794872,5,"top5","eeg_tleft_sampent_full_change_precond;eeg_tleft_halpha_mean_full_change_precond;eeg_pright_sampent_full_change_precond;eeg_t_sampent_full_change_precond;gsr_skin_conductance_eda_tonic_mean_nk_full_change_precond"
2025-11-26 19:03:52.117815,30,"stress_label",5,64,0.03125,0.576923076923077,0.628205128205128,0.530769230769231,5,"top5","eeg_tleft_sampent_full_change_precond;eeg_tleft_halpha_mean_full_change_precond;eeg_pright_sampent_full_change_precond;eeg_t_sampent_full_change_precond;gsr_skin_conductance_eda_tonic_mean_nk_full_change_precond"
2025-11-26 19:03:53.067311,30,"stress_label",5,128,0.03125,0.532051282051282,0.583333333333333,NA,5,"top5","eeg_tleft_sampent_full_change_precond;eeg_tleft_halpha_mean_full_change_precond;eeg_pright_sampent_full_change_precond;eeg_t_sampent_full_change_precond;gsr_skin_conductance_eda_tonic_mean_nk_full_change_precond"
2025-11-26 19:03:54.172382,30,"stress_label",5,256,0.03125,0.557692307692308,0.564102564102564,NA,5,"top5","eeg_tleft_sampent_full_change_precond;eeg_tleft_halpha_mean_full_change_precond;eeg_pright_sampent_full_change_precond;eeg_t_sampent_full_change_precond;gsr_skin_conductance_eda_tonic_mean_nk_full_change_precond"
2025-11-26 19:03:54.944637,30,"stress_label",5,2,0.0625,0.615384615384615,0.621794871794872,0.561538461538462,5,"top5","eeg_tleft_sampent_full_change_precond;eeg_tleft_halpha_mean_full_change_precond;eeg_pright_sampent_full_change_precond;eeg_t_sampent_full_change_precond;gsr_skin_conductance_eda_tonic_mean_nk_full_change_precond"
2025-11-26 19:03:55.73195,30,"stress_label",5,4,0.0625,0.615384615384615,0.615384615384615,NA,5,"top5","eeg_tleft_sampent_full_change_precond;eeg_tleft_halpha_mean_full_change_precond;eeg_pright_sampent_full_change_precond;eeg_t_sampent_full_change_precond;gsr_skin_conductance_eda_tonic_mean_nk_full_change_precond"
2025-11-26 19:03:56.504127,30,"stress_label",5,8,0.0625,0.602564102564103,0.634615384615385,0.554700854700855,5,"top5","eeg_tleft_sampent_full_change_precond;eeg_tleft_halpha_mean_full_change_precond;eeg_pright_sampent_full_change_precond;eeg_t_sampent_full_change_precond;gsr_skin_conductance_eda_tonic_mean_nk_full_change_precond"
2025-11-26 19:03:57.242359,30,"stress_label",5,16,0.0625,0.596153846153846,0.628205128205128,0.552136752136752,5,"top5","eeg_tleft_sampent_full_change_precond;eeg_tleft_halpha_mean_full_change_precond;eeg_pright_sampent_full_change_precond;eeg_t_sampent_full_change_precond;gsr_skin_conductance_eda_tonic_mean_nk_full_change_precond"
2025-11-26 19:03:58.114274,30,"stress_label",5,32,0.0625,0.532051282051282,0.602564102564103,NA,5,"top5","eeg_tleft_sampent_full_change_precond;eeg_tleft_halpha_mean_full_change_precond;eeg_pright_sampent_full_change_precond;eeg_t_sampent_full_change_precond;gsr_skin_conductance_eda_tonic_mean_nk_full_change_precond"
2025-11-26 19:03:59.061375,30,"stress_label",5,64,0.0625,0.538461538461538,0.596153846153846,NA,5,"top5","eeg_tleft_sampent_full_change_precond;eeg_tleft_halpha_mean_full_change_precond;eeg_pright_sampent_full_change_precond;eeg_t_sampent_full_change_precond;gsr_skin_conductance_eda_tonic_mean_nk_full_change_precond"
2025-11-26 19:04:00.210257,30,"stress_label",5,128,0.0625,0.551282051282051,0.57051282051282,NA,5,"top5","eeg_tleft_sampent_full_change_precond;eeg_tleft_halpha_mean_full_change_precond;eeg_pright_sampent_full_change_precond;eeg_t_sampent_full_change_precond;gsr_skin_conductance_eda_tonic_mean_nk_full_change_precond"
2025-11-26 19:04:01.219439,30,"stress_label",5,256,0.0625,0.58974358974359,0.634615384615385,NA,5,"top5","eeg_tleft_sampent_full_change_precond;eeg_tleft_halpha_mean_full_change_precond;eeg_pright_sampent_full_change_precond;eeg_t_sampent_full_change_precond;gsr_skin_conductance_eda_tonic_mean_nk_full_change_precond"
2025-11-26 19:04:01.859961,30,"stress_label",5,2,0.125,0.621794871794872,0.628205128205128,NA,5,"top5","eeg_tleft_sampent_full_change_precond;eeg_tleft_halpha_mean_full_change_precond;eeg_pright_sampent_full_change_precond;eeg_t_sampent_full_change_precond;gsr_skin_conductance_eda_tonic_mean_nk_full_change_precond"
2025-11-26 19:04:02.637831,30,"stress_label",5,4,0.125,0.634615384615385,0.634615384615385,0.601709401709402,5,"top5","eeg_tleft_sampent_full_change_precond;eeg_tleft_halpha_mean_full_change_precond;eeg_pright_sampent_full_change_precond;eeg_t_sampent_full_change_precond;gsr_skin_conductance_eda_tonic_mean_nk_full_change_precond"
2025-11-26 19:04:03.426937,30,"stress_label",5,8,0.125,0.544871794871795,0.608974358974359,NA,5,"top5","eeg_tleft_sampent_full_change_precond;eeg_tleft_halpha_mean_full_change_precond;eeg_pright_sampent_full_change_precond;eeg_t_sampent_full_change_precond;gsr_skin_conductance_eda_tonic_mean_nk_full_change_precond"
2025-11-26 19:04:04.261889,30,"stress_label",5,16,0.125,0.525641025641026,0.57051282051282,NA,5,"top5","eeg_tleft_sampent_full_change_precond;eeg_tleft_halpha_mean_full_change_precond;eeg_pright_sampent_full_change_precond;eeg_t_sampent_full_change_precond;gsr_skin_conductance_eda_tonic_mean_nk_full_change_precond"
2025-11-26 19:04:05.123665,30,"stress_label",5,32,0.125,0.557692307692308,0.576923076923077,NA,5,"top5","eeg_tleft_sampent_full_change_precond;eeg_tleft_halpha_mean_full_change_precond;eeg_pright_sampent_full_change_precond;eeg_t_sampent_full_change_precond;gsr_skin_conductance_eda_tonic_mean_nk_full_change_precond"
2025-11-26 19:04:06.144629,30,"stress_label",5,64,0.125,0.583333333333333,0.596153846153846,NA,5,"top5","eeg_tleft_sampent_full_change_precond;eeg_tleft_halpha_mean_full_change_precond;eeg_pright_sampent_full_change_precond;eeg_t_sampent_full_change_precond;gsr_skin_conductance_eda_tonic_mean_nk_full_change_precond"
2025-11-26 19:04:07.321972,30,"stress_label",5,128,0.125,0.621794871794872,0.608974358974359,NA,5,"top5","eeg_tleft_sampent_full_change_precond;eeg_tleft_halpha_mean_full_change_precond;eeg_pright_sampent_full_change_precond;eeg_t_sampent_full_change_precond;gsr_skin_conductance_eda_tonic_mean_nk_full_change_precond"
2025-11-26 19:04:08.657861,30,"stress_label",5,256,0.125,0.544871794871795,0.628205128205128,NA,5,"top5","eeg_tleft_sampent_full_change_precond;eeg_tleft_halpha_mean_full_change_precond;eeg_pright_sampent_full_change_precond;eeg_t_sampent_full_change_precond;gsr_skin_conductance_eda_tonic_mean_nk_full_change_precond"
2025-11-26 19:04:09.358684,30,"stress_label",5,2,0.03,0.602564102564103,0.608974358974359,0.554700854700855,5,"top5","eeg_tleft_sampent_full_change_precond;eeg_tleft_halpha_mean_full_change_precond;eeg_pright_sampent_full_change_precond;eeg_t_sampent_full_change_precond;gsr_skin_conductance_eda_tonic_mean_nk_full_change_precond"
2025-11-26 19:04:09.927888,30,"stress_label",5,4,0.03,0.602564102564103,0.615384615384615,0.544444444444444,5,"top5","eeg_tleft_sampent_full_change_precond;eeg_tleft_halpha_mean_full_change_precond;eeg_pright_sampent_full_change_precond;eeg_t_sampent_full_change_precond;gsr_skin_conductance_eda_tonic_mean_nk_full_change_precond"
2025-11-26 19:04:10.703033,30,"stress_label",5,8,0.03,0.602564102564103,0.621794871794872,0.544444444444444,5,"top5","eeg_tleft_sampent_full_change_precond;eeg_tleft_halpha_mean_full_change_precond;eeg_pright_sampent_full_change_precond;eeg_t_sampent_full_change_precond;gsr_skin_conductance_eda_tonic_mean_nk_full_change_precond"
2025-11-26 19:04:11.511322,30,"stress_label",5,16,0.03,0.615384615384615,0.583333333333333,NA,5,"top5","eeg_tleft_sampent_full_change_precond;eeg_tleft_halpha_mean_full_change_precond;eeg_pright_sampent_full_change_precond;eeg_t_sampent_full_change_precond;gsr_skin_conductance_eda_tonic_mean_nk_full_change_precond"
2025-11-26 19:04:12.305417,30,"stress_label",5,32,0.03,0.608974358974359,0.634615384615385,0.558974358974359,5,"top5","eeg_tleft_sampent_full_change_precond;eeg_tleft_halpha_mean_full_change_precond;eeg_pright_sampent_full_change_precond;eeg_t_sampent_full_change_precond;gsr_skin_conductance_eda_tonic_mean_nk_full_change_precond"
2025-11-26 19:04:13.036705,30,"stress_label",5,64,0.03,0.583333333333333,0.634615384615385,0.543589743589744,5,"top5","eeg_tleft_sampent_full_change_precond;eeg_tleft_halpha_mean_full_change_precond;eeg_pright_sampent_full_change_precond;eeg_t_sampent_full_change_precond;gsr_skin_conductance_eda_tonic_mean_nk_full_change_precond"
2025-11-26 19:04:13.909896,30,"stress_label",5,128,0.03,0.544871794871795,0.551282051282051,NA,5,"top5","eeg_tleft_sampent_full_change_precond;eeg_tleft_halpha_mean_full_change_precond;eeg_pright_sampent_full_change_precond;eeg_t_sampent_full_change_precond;gsr_skin_conductance_eda_tonic_mean_nk_full_change_precond"
2025-11-26 19:04:15.019718,30,"stress_label",5,256,0.03,0.544871794871795,0.557692307692308,NA,5,"top5","eeg_tleft_sampent_full_change_precond;eeg_tleft_halpha_mean_full_change_precond;eeg_pright_sampent_full_change_precond;eeg_t_sampent_full_change_precond;gsr_skin_conductance_eda_tonic_mean_nk_full_change_precond"
2025-11-26 19:04:15.812864,30,"stress_label",5,2,0.06,0.615384615384615,0.628205128205128,0.561538461538462,5,"top5","eeg_tleft_sampent_full_change_precond;eeg_tleft_halpha_mean_full_change_precond;eeg_pright_sampent_full_change_precond;eeg_t_sampent_full_change_precond;gsr_skin_conductance_eda_tonic_mean_nk_full_change_precond"
2025-11-26 19:04:16.60982,30,"stress_label",5,4,0.06,0.615384615384615,0.621794871794872,0.55982905982906,5,"top5","eeg_tleft_sampent_full_change_precond;eeg_tleft_halpha_mean_full_change_precond;eeg_pright_sampent_full_change_precond;eeg_t_sampent_full_change_precond;gsr_skin_conductance_eda_tonic_mean_nk_full_change_precond"
2025-11-26 19:04:17.346033,30,"stress_label",5,8,0.06,0.602564102564103,0.634615384615385,0.554700854700855,5,"top5","eeg_tleft_sampent_full_change_precond;eeg_tleft_halpha_mean_full_change_precond;eeg_pright_sampent_full_change_precond;eeg_t_sampent_full_change_precond;gsr_skin_conductance_eda_tonic_mean_nk_full_change_precond"
2025-11-26 19:04:18.143528,30,"stress_label",5,16,0.06,0.602564102564103,0.641025641025641,0.564957264957265,5,"top5","eeg_tleft_sampent_full_change_precond;eeg_tleft_halpha_mean_full_change_precond;eeg_pright_sampent_full_change_precond;eeg_t_sampent_full_change_precond;gsr_skin_conductance_eda_tonic_mean_nk_full_change_precond"
2025-11-26 19:04:19.001692,30,"stress_label",5,32,0.06,0.538461538461538,0.602564102564103,NA,5,"top5","eeg_tleft_sampent_full_change_precond;eeg_tleft_halpha_mean_full_change_precond;eeg_pright_sampent_full_change_precond;eeg_t_sampent_full_change_precond;gsr_skin_conductance_eda_tonic_mean_nk_full_change_precond"
2025-11-26 19:04:19.870231,30,"stress_label",5,64,0.06,0.532051282051282,0.576923076923077,NA,5,"top5","eeg_tleft_sampent_full_change_precond;eeg_tleft_halpha_mean_full_change_precond;eeg_pright_sampent_full_change_precond;eeg_t_sampent_full_change_precond;gsr_skin_conductance_eda_tonic_mean_nk_full_change_precond"
2025-11-26 19:04:20.913552,30,"stress_label",5,128,0.06,0.525641025641026,0.596153846153846,NA,5,"top5","eeg_tleft_sampent_full_change_precond;eeg_tleft_halpha_mean_full_change_precond;eeg_pright_sampent_full_change_precond;eeg_t_sampent_full_change_precond;gsr_skin_conductance_eda_tonic_mean_nk_full_change_precond"
2025-11-26 19:04:22.214861,30,"stress_label",5,256,0.06,0.583333333333333,0.628205128205128,NA,5,"top5","eeg_tleft_sampent_full_change_precond;eeg_tleft_halpha_mean_full_change_precond;eeg_pright_sampent_full_change_precond;eeg_t_sampent_full_change_precond;gsr_skin_conductance_eda_tonic_mean_nk_full_change_precond"
2025-11-26 19:04:22.977083,30,"stress_label",5,2,0.1,0.615384615384615,0.615384615384615,0.55982905982906,5,"top5","eeg_tleft_sampent_full_change_precond;eeg_tleft_halpha_mean_full_change_precond;eeg_pright_sampent_full_change_precond;eeg_t_sampent_full_change_precond;gsr_skin_conductance_eda_tonic_mean_nk_full_change_precond"
2025-11-26 19:04:23.696343,30,"stress_label",5,4,0.1,0.628205128205128,0.634615384615385,0.597435897435897,5,"top5","eeg_tleft_sampent_full_change_precond;eeg_tleft_halpha_mean_full_change_precond;eeg_pright_sampent_full_change_precond;eeg_t_sampent_full_change_precond;gsr_skin_conductance_eda_tonic_mean_nk_full_change_precond"
2025-11-26 19:04:24.552399,30,"stress_label",5,8,0.1,0.596153846153846,0.641025641025641,NA,5,"top5","eeg_tleft_sampent_full_change_precond;eeg_tleft_halpha_mean_full_change_precond;eeg_pright_sampent_full_change_precond;eeg_t_sampent_full_change_precond;gsr_skin_conductance_eda_tonic_mean_nk_full_change_precond"
2025-11-26 19:04:25.400651,30,"stress_label",5,16,0.1,0.532051282051282,0.583333333333333,NA,5,"top5","eeg_tleft_sampent_full_change_precond;eeg_tleft_halpha_mean_full_change_precond;eeg_pright_sampent_full_change_precond;eeg_t_sampent_full_change_precond;gsr_skin_conductance_eda_tonic_mean_nk_full_change_precond"
2025-11-26 19:04:26.281734,30,"stress_label",5,32,0.1,0.538461538461538,0.557692307692308,NA,5,"top5","eeg_tleft_sampent_full_change_precond;eeg_tleft_halpha_mean_full_change_precond;eeg_pright_sampent_full_change_precond;eeg_t_sampent_full_change_precond;gsr_skin_conductance_eda_tonic_mean_nk_full_change_precond"
2025-11-26 19:04:27.244752,30,"stress_label",5,64,0.1,0.564102564102564,0.628205128205128,NA,5,"top5","eeg_tleft_sampent_full_change_precond;eeg_tleft_halpha_mean_full_change_precond;eeg_pright_sampent_full_change_precond;eeg_t_sampent_full_change_precond;gsr_skin_conductance_eda_tonic_mean_nk_full_change_precond"
2025-11-26 19:04:28.346145,30,"stress_label",5,128,0.1,0.58974358974359,0.608974358974359,NA,5,"top5","eeg_tleft_sampent_full_change_precond;eeg_tleft_halpha_mean_full_change_precond;eeg_pright_sampent_full_change_precond;eeg_t_sampent_full_change_precond;gsr_skin_conductance_eda_tonic_mean_nk_full_change_precond"
2025-11-26 19:04:29.704368,30,"stress_label",5,256,0.1,0.615384615384615,0.596153846153846,NA,5,"top5","eeg_tleft_sampent_full_change_precond;eeg_tleft_halpha_mean_full_change_precond;eeg_pright_sampent_full_change_precond;eeg_t_sampent_full_change_precond;gsr_skin_conductance_eda_tonic_mean_nk_full_change_precond"
2025-11-26 19:04:30.93203,31,"stress_label",20,2,0.0078125,0.596153846153846,0.634615384615385,0.556410256410256,20,"top20","eeg_tleft_sampent_full_change_precond;eeg_tleft_halpha_mean_full_change_precond;hrv_rmssd_full_change_precond;pupil_dilation_sd_full_change_precond;eeg_tleft_lalpha_mean_full_change_precond;eeg_fm_theta_mean_full_change_precond;eeg_tright_halpha_mean_full_change_precond;eeg_t_sampent_full_change_precond;gsr_skin_conductance_eda_tonic_mean_nk_full_change_precond;eeg_pright_sampent_full_change_precond;eeg_pleft_halpha_mean_full_change_precond;eeg_fl_hbeta_mean_full_change_precond;eeg_fr_sampent_full_change_precond;hr_heartrate_bpm_med_abs_full_change_precond;eeg_pright_halpha_mean_full_change_precond;eeg_ab_ratio_full_change_precond;pupil_asymmetry_full_change_precond;eeg_c_sampent_full_change_precond;eeg_c_specent_full_change_precond;eeg_tleft_hbeta_mean_full_change_precond"
2025-11-26 19:04:31.936306,31,"stress_label",20,4,0.0078125,0.551282051282051,0.608974358974359,0.529059829059829,20,"top20","eeg_tleft_sampent_full_change_precond;eeg_tleft_halpha_mean_full_change_precond;hrv_rmssd_full_change_precond;pupil_dilation_sd_full_change_precond;eeg_tleft_lalpha_mean_full_change_precond;eeg_fm_theta_mean_full_change_precond;eeg_tright_halpha_mean_full_change_precond;eeg_t_sampent_full_change_precond;gsr_skin_conductance_eda_tonic_mean_nk_full_change_precond;eeg_pright_sampent_full_change_precond;eeg_pleft_halpha_mean_full_change_precond;eeg_fl_hbeta_mean_full_change_precond;eeg_fr_sampent_full_change_precond;hr_heartrate_bpm_med_abs_full_change_precond;eeg_pright_halpha_mean_full_change_precond;eeg_ab_ratio_full_change_precond;pupil_asymmetry_full_change_precond;eeg_c_sampent_full_change_precond;eeg_c_specent_full_change_precond;eeg_tleft_hbeta_mean_full_change_precond"
2025-11-26 19:04:32.972111,31,"stress_label",20,8,0.0078125,0.544871794871795,0.576923076923077,NA,20,"top20","eeg_tleft_sampent_full_change_precond;eeg_tleft_halpha_mean_full_change_precond;hrv_rmssd_full_change_precond;pupil_dilation_sd_full_change_precond;eeg_tleft_lalpha_mean_full_change_precond;eeg_fm_theta_mean_full_change_precond;eeg_tright_halpha_mean_full_change_precond;eeg_t_sampent_full_change_precond;gsr_skin_conductance_eda_tonic_mean_nk_full_change_precond;eeg_pright_sampent_full_change_precond;eeg_pleft_halpha_mean_full_change_precond;eeg_fl_hbeta_mean_full_change_precond;eeg_fr_sampent_full_change_precond;hr_heartrate_bpm_med_abs_full_change_precond;eeg_pright_halpha_mean_full_change_precond;eeg_ab_ratio_full_change_precond;pupil_asymmetry_full_change_precond;eeg_c_sampent_full_change_precond;eeg_c_specent_full_change_precond;eeg_tleft_hbeta_mean_full_change_precond"
2025-11-26 19:04:33.855599,31,"stress_label",20,16,0.0078125,0.532051282051282,0.576923076923077,NA,20,"top20","eeg_tleft_sampent_full_change_precond;eeg_tleft_halpha_mean_full_change_precond;hrv_rmssd_full_change_precond;pupil_dilation_sd_full_change_precond;eeg_tleft_lalpha_mean_full_change_precond;eeg_fm_theta_mean_full_change_precond;eeg_tright_halpha_mean_full_change_precond;eeg_t_sampent_full_change_precond;gsr_skin_conductance_eda_tonic_mean_nk_full_change_precond;eeg_pright_sampent_full_change_precond;eeg_pleft_halpha_mean_full_change_precond;eeg_fl_hbeta_mean_full_change_precond;eeg_fr_sampent_full_change_precond;hr_heartrate_bpm_med_abs_full_change_precond;eeg_pright_halpha_mean_full_change_precond;eeg_ab_ratio_full_change_precond;pupil_asymmetry_full_change_precond;eeg_c_sampent_full_change_precond;eeg_c_specent_full_change_precond;eeg_tleft_hbeta_mean_full_change_precond"
2025-11-26 19:04:34.860076,31,"stress_label",20,32,0.0078125,0.506410256410256,0.512820512820513,0.5,20,"top20","eeg_tleft_sampent_full_change_precond;eeg_tleft_halpha_mean_full_change_precond;hrv_rmssd_full_change_precond;pupil_dilation_sd_full_change_precond;eeg_tleft_lalpha_mean_full_change_precond;eeg_fm_theta_mean_full_change_precond;eeg_tright_halpha_mean_full_change_precond;eeg_t_sampent_full_change_precond;gsr_skin_conductance_eda_tonic_mean_nk_full_change_precond;eeg_pright_sampent_full_change_precond;eeg_pleft_halpha_mean_full_change_precond;eeg_fl_hbeta_mean_full_change_precond;eeg_fr_sampent_full_change_precond;hr_heartrate_bpm_med_abs_full_change_precond;eeg_pright_halpha_mean_full_change_precond;eeg_ab_ratio_full_change_precond;pupil_asymmetry_full_change_precond;eeg_c_sampent_full_change_precond;eeg_c_specent_full_change_precond;eeg_tleft_hbeta_mean_full_change_precond"
2025-11-26 19:04:35.980755,31,"stress_label",20,64,0.0078125,0.544871794871795,0.538461538461538,0.537606837606838,20,"top20","eeg_tleft_sampent_full_change_precond;eeg_tleft_halpha_mean_full_change_precond;hrv_rmssd_full_change_precond;pupil_dilation_sd_full_change_precond;eeg_tleft_lalpha_mean_full_change_precond;eeg_fm_theta_mean_full_change_precond;eeg_tright_halpha_mean_full_change_precond;eeg_t_sampent_full_change_precond;gsr_skin_conductance_eda_tonic_mean_nk_full_change_precond;eeg_pright_sampent_full_change_precond;eeg_pleft_halpha_mean_full_change_precond;eeg_fl_hbeta_mean_full_change_precond;eeg_fr_sampent_full_change_precond;hr_heartrate_bpm_med_abs_full_change_precond;eeg_pright_halpha_mean_full_change_precond;eeg_ab_ratio_full_change_precond;pupil_asymmetry_full_change_precond;eeg_c_sampent_full_change_precond;eeg_c_specent_full_change_precond;eeg_tleft_hbeta_mean_full_change_precond"
2025-11-26 19:04:37.25835,31,"stress_label",20,128,0.0078125,0.538461538461538,0.448717948717949,NA,20,"top20","eeg_tleft_sampent_full_change_precond;eeg_tleft_halpha_mean_full_change_precond;hrv_rmssd_full_change_precond;pupil_dilation_sd_full_change_precond;eeg_tleft_lalpha_mean_full_change_precond;eeg_fm_theta_mean_full_change_precond;eeg_tright_halpha_mean_full_change_precond;eeg_t_sampent_full_change_precond;gsr_skin_conductance_eda_tonic_mean_nk_full_change_precond;eeg_pright_sampent_full_change_precond;eeg_pleft_halpha_mean_full_change_precond;eeg_fl_hbeta_mean_full_change_precond;eeg_fr_sampent_full_change_precond;hr_heartrate_bpm_med_abs_full_change_precond;eeg_pright_halpha_mean_full_change_precond;eeg_ab_ratio_full_change_precond;pupil_asymmetry_full_change_precond;eeg_c_sampent_full_change_precond;eeg_c_specent_full_change_precond;eeg_tleft_hbeta_mean_full_change_precond"
2025-11-26 19:04:38.61278,31,"stress_label",20,256,0.0078125,0.544871794871795,0.506410256410256,NA,20,"top20","eeg_tleft_sampent_full_change_precond;eeg_tleft_halpha_mean_full_change_precond;hrv_rmssd_full_change_precond;pupil_dilation_sd_full_change_precond;eeg_tleft_lalpha_mean_full_change_precond;eeg_fm_theta_mean_full_change_precond;eeg_tright_halpha_mean_full_change_precond;eeg_t_sampent_full_change_precond;gsr_skin_conductance_eda_tonic_mean_nk_full_change_precond;eeg_pright_sampent_full_change_precond;eeg_pleft_halpha_mean_full_change_precond;eeg_fl_hbeta_mean_full_change_precond;eeg_fr_sampent_full_change_precond;hr_heartrate_bpm_med_abs_full_change_precond;eeg_pright_halpha_mean_full_change_precond;eeg_ab_ratio_full_change_precond;pupil_asymmetry_full_change_precond;eeg_c_sampent_full_change_precond;eeg_c_specent_full_change_precond;eeg_tleft_hbeta_mean_full_change_precond"
2025-11-26 19:04:39.509954,31,"stress_label",20,2,0.015625,0.576923076923077,0.621794871794872,0.542735042735043,20,"top20","eeg_tleft_sampent_full_change_precond;eeg_tleft_halpha_mean_full_change_precond;hrv_rmssd_full_change_precond;pupil_dilation_sd_full_change_precond;eeg_tleft_lalpha_mean_full_change_precond;eeg_fm_theta_mean_full_change_precond;eeg_tright_halpha_mean_full_change_precond;eeg_t_sampent_full_change_precond;gsr_skin_conductance_eda_tonic_mean_nk_full_change_precond;eeg_pright_sampent_full_change_precond;eeg_pleft_halpha_mean_full_change_precond;eeg_fl_hbeta_mean_full_change_precond;eeg_fr_sampent_full_change_precond;hr_heartrate_bpm_med_abs_full_change_precond;eeg_pright_halpha_mean_full_change_precond;eeg_ab_ratio_full_change_precond;pupil_asymmetry_full_change_precond;eeg_c_sampent_full_change_precond;eeg_c_specent_full_change_precond;eeg_tleft_hbeta_mean_full_change_precond"
2025-11-26 19:04:40.430505,31,"stress_label",20,4,0.015625,0.557692307692308,0.576923076923077,NA,20,"top20","eeg_tleft_sampent_full_change_precond;eeg_tleft_halpha_mean_full_change_precond;hrv_rmssd_full_change_precond;pupil_dilation_sd_full_change_precond;eeg_tleft_lalpha_mean_full_change_precond;eeg_fm_theta_mean_full_change_precond;eeg_tright_halpha_mean_full_change_precond;eeg_t_sampent_full_change_precond;gsr_skin_conductance_eda_tonic_mean_nk_full_change_precond;eeg_pright_sampent_full_change_precond;eeg_pleft_halpha_mean_full_change_precond;eeg_fl_hbeta_mean_full_change_precond;eeg_fr_sampent_full_change_precond;hr_heartrate_bpm_med_abs_full_change_precond;eeg_pright_halpha_mean_full_change_precond;eeg_ab_ratio_full_change_precond;pupil_asymmetry_full_change_precond;eeg_c_sampent_full_change_precond;eeg_c_specent_full_change_precond;eeg_tleft_hbeta_mean_full_change_precond"
2025-11-26 19:04:41.490593,31,"stress_label",20,8,0.015625,0.532051282051282,0.57051282051282,NA,20,"top20","eeg_tleft_sampent_full_change_precond;eeg_tleft_halpha_mean_full_change_precond;hrv_rmssd_full_change_precond;pupil_dilation_sd_full_change_precond;eeg_tleft_lalpha_mean_full_change_precond;eeg_fm_theta_mean_full_change_precond;eeg_tright_halpha_mean_full_change_precond;eeg_t_sampent_full_change_precond;gsr_skin_conductance_eda_tonic_mean_nk_full_change_precond;eeg_pright_sampent_full_change_precond;eeg_pleft_halpha_mean_full_change_precond;eeg_fl_hbeta_mean_full_change_precond;eeg_fr_sampent_full_change_precond;hr_heartrate_bpm_med_abs_full_change_precond;eeg_pright_halpha_mean_full_change_precond;eeg_ab_ratio_full_change_precond;pupil_asymmetry_full_change_precond;eeg_c_sampent_full_change_precond;eeg_c_specent_full_change_precond;eeg_tleft_hbeta_mean_full_change_precond"
2025-11-26 19:04:42.487482,31,"stress_label",20,16,0.015625,0.551282051282051,0.538461538461538,0.52991452991453,20,"top20","eeg_tleft_sampent_full_change_precond;eeg_tleft_halpha_mean_full_change_precond;hrv_rmssd_full_change_precond;pupil_dilation_sd_full_change_precond;eeg_tleft_lalpha_mean_full_change_precond;eeg_fm_theta_mean_full_change_precond;eeg_tright_halpha_mean_full_change_precond;eeg_t_sampent_full_change_precond;gsr_skin_conductance_eda_tonic_mean_nk_full_change_precond;eeg_pright_sampent_full_change_precond;eeg_pleft_halpha_mean_full_change_precond;eeg_fl_hbeta_mean_full_change_precond;eeg_fr_sampent_full_change_precond;hr_heartrate_bpm_med_abs_full_change_precond;eeg_pright_halpha_mean_full_change_precond;eeg_ab_ratio_full_change_precond;pupil_asymmetry_full_change_precond;eeg_c_sampent_full_change_precond;eeg_c_specent_full_change_precond;eeg_tleft_hbeta_mean_full_change_precond"
2025-11-26 19:04:43.721449,31,"stress_label",20,32,0.015625,0.525641025641026,0.544871794871795,NA,20,"top20","eeg_tleft_sampent_full_change_precond;eeg_tleft_halpha_mean_full_change_precond;hrv_rmssd_full_change_precond;pupil_dilation_sd_full_change_precond;eeg_tleft_lalpha_mean_full_change_precond;eeg_fm_theta_mean_full_change_precond;eeg_tright_halpha_mean_full_change_precond;eeg_t_sampent_full_change_precond;gsr_skin_conductance_eda_tonic_mean_nk_full_change_precond;eeg_pright_sampent_full_change_precond;eeg_pleft_halpha_mean_full_change_precond;eeg_fl_hbeta_mean_full_change_precond;eeg_fr_sampent_full_change_precond;hr_heartrate_bpm_med_abs_full_change_precond;eeg_pright_halpha_mean_full_change_precond;eeg_ab_ratio_full_change_precond;pupil_asymmetry_full_change_precond;eeg_c_sampent_full_change_precond;eeg_c_specent_full_change_precond;eeg_tleft_hbeta_mean_full_change_precond"
2025-11-26 19:04:44.969313,31,"stress_label",20,64,0.015625,0.557692307692308,0.480769230769231,NA,20,"top20","eeg_tleft_sampent_full_change_precond;eeg_tleft_halpha_mean_full_change_precond;hrv_rmssd_full_change_precond;pupil_dilation_sd_full_change_precond;eeg_tleft_lalpha_mean_full_change_precond;eeg_fm_theta_mean_full_change_precond;eeg_tright_halpha_mean_full_change_precond;eeg_t_sampent_full_change_precond;gsr_skin_conductance_eda_tonic_mean_nk_full_change_precond;eeg_pright_sampent_full_change_precond;eeg_pleft_halpha_mean_full_change_precond;eeg_fl_hbeta_mean_full_change_precond;eeg_fr_sampent_full_change_precond;hr_heartrate_bpm_med_abs_full_change_precond;eeg_pright_halpha_mean_full_change_precond;eeg_ab_ratio_full_change_precond;pupil_asymmetry_full_change_precond;eeg_c_sampent_full_change_precond;eeg_c_specent_full_change_precond;eeg_tleft_hbeta_mean_full_change_precond"
2025-11-26 19:04:46.095275,31,"stress_label",20,128,0.015625,0.512820512820513,0.416666666666667,NA,20,"top20","eeg_tleft_sampent_full_change_precond;eeg_tleft_halpha_mean_full_change_precond;hrv_rmssd_full_change_precond;pupil_dilation_sd_full_change_precond;eeg_tleft_lalpha_mean_full_change_precond;eeg_fm_theta_mean_full_change_precond;eeg_tright_halpha_mean_full_change_precond;eeg_t_sampent_full_change_precond;gsr_skin_conductance_eda_tonic_mean_nk_full_change_precond;eeg_pright_sampent_full_change_precond;eeg_pleft_halpha_mean_full_change_precond;eeg_fl_hbeta_mean_full_change_precond;eeg_fr_sampent_full_change_precond;hr_heartrate_bpm_med_abs_full_change_precond;eeg_pright_halpha_mean_full_change_precond;eeg_ab_ratio_full_change_precond;pupil_asymmetry_full_change_precond;eeg_c_sampent_full_change_precond;eeg_c_specent_full_change_precond;eeg_tleft_hbeta_mean_full_change_precond"
2025-11-26 19:04:47.389802,31,"stress_label",20,256,0.015625,0.538461538461538,0.371794871794872,NA,20,"top20","eeg_tleft_sampent_full_change_precond;eeg_tleft_halpha_mean_full_change_precond;hrv_rmssd_full_change_precond;pupil_dilation_sd_full_change_precond;eeg_tleft_lalpha_mean_full_change_precond;eeg_fm_theta_mean_full_change_precond;eeg_tright_halpha_mean_full_change_precond;eeg_t_sampent_full_change_precond;gsr_skin_conductance_eda_tonic_mean_nk_full_change_precond;eeg_pright_sampent_full_change_precond;eeg_pleft_halpha_mean_full_change_precond;eeg_fl_hbeta_mean_full_change_precond;eeg_fr_sampent_full_change_precond;hr_heartrate_bpm_med_abs_full_change_precond;eeg_pright_halpha_mean_full_change_precond;eeg_ab_ratio_full_change_precond;pupil_asymmetry_full_change_precond;eeg_c_sampent_full_change_precond;eeg_c_specent_full_change_precond;eeg_tleft_hbeta_mean_full_change_precond"
2025-11-26 19:04:48.482108,31,"stress_label",20,2,0.03125,0.564102564102564,0.596153846153846,NA,20,"top20","eeg_tleft_sampent_full_change_precond;eeg_tleft_halpha_mean_full_change_precond;hrv_rmssd_full_change_precond;pupil_dilation_sd_full_change_precond;eeg_tleft_lalpha_mean_full_change_precond;eeg_fm_theta_mean_full_change_precond;eeg_tright_halpha_mean_full_change_precond;eeg_t_sampent_full_change_precond;gsr_skin_conductance_eda_tonic_mean_nk_full_change_precond;eeg_pright_sampent_full_change_precond;eeg_pleft_halpha_mean_full_change_precond;eeg_fl_hbeta_mean_full_change_precond;eeg_fr_sampent_full_change_precond;hr_heartrate_bpm_med_abs_full_change_precond;eeg_pright_halpha_mean_full_change_precond;eeg_ab_ratio_full_change_precond;pupil_asymmetry_full_change_precond;eeg_c_sampent_full_change_precond;eeg_c_specent_full_change_precond;eeg_tleft_hbeta_mean_full_change_precond"
2025-11-26 19:04:49.377443,31,"stress_label",20,4,0.03125,0.544871794871795,0.551282051282051,NA,20,"top20","eeg_tleft_sampent_full_change_precond;eeg_tleft_halpha_mean_full_change_precond;hrv_rmssd_full_change_precond;pupil_dilation_sd_full_change_precond;eeg_tleft_lalpha_mean_full_change_precond;eeg_fm_theta_mean_full_change_precond;eeg_tright_halpha_mean_full_change_precond;eeg_t_sampent_full_change_precond;gsr_skin_conductance_eda_tonic_mean_nk_full_change_precond;eeg_pright_sampent_full_change_precond;eeg_pleft_halpha_mean_full_change_precond;eeg_fl_hbeta_mean_full_change_precond;eeg_fr_sampent_full_change_precond;hr_heartrate_bpm_med_abs_full_change_precond;eeg_pright_halpha_mean_full_change_precond;eeg_ab_ratio_full_change_precond;pupil_asymmetry_full_change_precond;eeg_c_sampent_full_change_precond;eeg_c_specent_full_change_precond;eeg_tleft_hbeta_mean_full_change_precond"
2025-11-26 19:04:50.467788,31,"stress_label",20,8,0.03125,0.57051282051282,0.551282051282051,NA,20,"top20","eeg_tleft_sampent_full_change_precond;eeg_tleft_halpha_mean_full_change_precond;hrv_rmssd_full_change_precond;pupil_dilation_sd_full_change_precond;eeg_tleft_lalpha_mean_full_change_precond;eeg_fm_theta_mean_full_change_precond;eeg_tright_halpha_mean_full_change_precond;eeg_t_sampent_full_change_precond;gsr_skin_conductance_eda_tonic_mean_nk_full_change_precond;eeg_pright_sampent_full_change_precond;eeg_pleft_halpha_mean_full_change_precond;eeg_fl_hbeta_mean_full_change_precond;eeg_fr_sampent_full_change_precond;hr_heartrate_bpm_med_abs_full_change_precond;eeg_pright_halpha_mean_full_change_precond;eeg_ab_ratio_full_change_precond;pupil_asymmetry_full_change_precond;eeg_c_sampent_full_change_precond;eeg_c_specent_full_change_precond;eeg_tleft_hbeta_mean_full_change_precond"
2025-11-26 19:04:51.616038,31,"stress_label",20,16,0.03125,0.557692307692308,0.596153846153846,NA,20,"top20","eeg_tleft_sampent_full_change_precond;eeg_tleft_halpha_mean_full_change_precond;hrv_rmssd_full_change_precond;pupil_dilation_sd_full_change_precond;eeg_tleft_lalpha_mean_full_change_precond;eeg_fm_theta_mean_full_change_precond;eeg_tright_halpha_mean_full_change_precond;eeg_t_sampent_full_change_precond;gsr_skin_conductance_eda_tonic_mean_nk_full_change_precond;eeg_pright_sampent_full_change_precond;eeg_pleft_halpha_mean_full_change_precond;eeg_fl_hbeta_mean_full_change_precond;eeg_fr_sampent_full_change_precond;hr_heartrate_bpm_med_abs_full_change_precond;eeg_pright_halpha_mean_full_change_precond;eeg_ab_ratio_full_change_precond;pupil_asymmetry_full_change_precond;eeg_c_sampent_full_change_precond;eeg_c_specent_full_change_precond;eeg_tleft_hbeta_mean_full_change_precond"
2025-11-26 19:04:52.864362,31,"stress_label",20,32,0.03125,0.544871794871795,0.506410256410256,NA,20,"top20","eeg_tleft_sampent_full_change_precond;eeg_tleft_halpha_mean_full_change_precond;hrv_rmssd_full_change_precond;pupil_dilation_sd_full_change_precond;eeg_tleft_lalpha_mean_full_change_precond;eeg_fm_theta_mean_full_change_precond;eeg_tright_halpha_mean_full_change_precond;eeg_t_sampent_full_change_precond;gsr_skin_conductance_eda_tonic_mean_nk_full_change_precond;eeg_pright_sampent_full_change_precond;eeg_pleft_halpha_mean_full_change_precond;eeg_fl_hbeta_mean_full_change_precond;eeg_fr_sampent_full_change_precond;hr_heartrate_bpm_med_abs_full_change_precond;eeg_pright_halpha_mean_full_change_precond;eeg_ab_ratio_full_change_precond;pupil_asymmetry_full_change_precond;eeg_c_sampent_full_change_precond;eeg_c_specent_full_change_precond;eeg_tleft_hbeta_mean_full_change_precond"
2025-11-26 19:04:54.131854,31,"stress_label",20,64,0.03125,0.564102564102564,0.493589743589744,NA,20,"top20","eeg_tleft_sampent_full_change_precond;eeg_tleft_halpha_mean_full_change_precond;hrv_rmssd_full_change_precond;pupil_dilation_sd_full_change_precond;eeg_tleft_lalpha_mean_full_change_precond;eeg_fm_theta_mean_full_change_precond;eeg_tright_halpha_mean_full_change_precond;eeg_t_sampent_full_change_precond;gsr_skin_conductance_eda_tonic_mean_nk_full_change_precond;eeg_pright_sampent_full_change_precond;eeg_pleft_halpha_mean_full_change_precond;eeg_fl_hbeta_mean_full_change_precond;eeg_fr_sampent_full_change_precond;hr_heartrate_bpm_med_abs_full_change_precond;eeg_pright_halpha_mean_full_change_precond;eeg_ab_ratio_full_change_precond;pupil_asymmetry_full_change_precond;eeg_c_sampent_full_change_precond;eeg_c_specent_full_change_precond;eeg_tleft_hbeta_mean_full_change_precond"
2025-11-26 19:04:55.403343,31,"stress_label",20,128,0.03125,0.57051282051282,0.544871794871795,NA,20,"top20","eeg_tleft_sampent_full_change_precond;eeg_tleft_halpha_mean_full_change_precond;hrv_rmssd_full_change_precond;pupil_dilation_sd_full_change_precond;eeg_tleft_lalpha_mean_full_change_precond;eeg_fm_theta_mean_full_change_precond;eeg_tright_halpha_mean_full_change_precond;eeg_t_sampent_full_change_precond;gsr_skin_conductance_eda_tonic_mean_nk_full_change_precond;eeg_pright_sampent_full_change_precond;eeg_pleft_halpha_mean_full_change_precond;eeg_fl_hbeta_mean_full_change_precond;eeg_fr_sampent_full_change_precond;hr_heartrate_bpm_med_abs_full_change_precond;eeg_pright_halpha_mean_full_change_precond;eeg_ab_ratio_full_change_precond;pupil_asymmetry_full_change_precond;eeg_c_sampent_full_change_precond;eeg_c_specent_full_change_precond;eeg_tleft_hbeta_mean_full_change_precond"
2025-11-26 19:04:56.662781,31,"stress_label",20,256,0.03125,0.57051282051282,0.416666666666667,NA,20,"top20","eeg_tleft_sampent_full_change_precond;eeg_tleft_halpha_mean_full_change_precond;hrv_rmssd_full_change_precond;pupil_dilation_sd_full_change_precond;eeg_tleft_lalpha_mean_full_change_precond;eeg_fm_theta_mean_full_change_precond;eeg_tright_halpha_mean_full_change_precond;eeg_t_sampent_full_change_precond;gsr_skin_conductance_eda_tonic_mean_nk_full_change_precond;eeg_pright_sampent_full_change_precond;eeg_pleft_halpha_mean_full_change_precond;eeg_fl_hbeta_mean_full_change_precond;eeg_fr_sampent_full_change_precond;hr_heartrate_bpm_med_abs_full_change_precond;eeg_pright_halpha_mean_full_change_precond;eeg_ab_ratio_full_change_precond;pupil_asymmetry_full_change_precond;eeg_c_sampent_full_change_precond;eeg_c_specent_full_change_precond;eeg_tleft_hbeta_mean_full_change_precond"
2025-11-26 19:04:57.73304,31,"stress_label",20,2,0.0625,0.57051282051282,0.583333333333333,NA,20,"top20","eeg_tleft_sampent_full_change_precond;eeg_tleft_halpha_mean_full_change_precond;hrv_rmssd_full_change_precond;pupil_dilation_sd_full_change_precond;eeg_tleft_lalpha_mean_full_change_precond;eeg_fm_theta_mean_full_change_precond;eeg_tright_halpha_mean_full_change_precond;eeg_t_sampent_full_change_precond;gsr_skin_conductance_eda_tonic_mean_nk_full_change_precond;eeg_pright_sampent_full_change_precond;eeg_pleft_halpha_mean_full_change_precond;eeg_fl_hbeta_mean_full_change_precond;eeg_fr_sampent_full_change_precond;hr_heartrate_bpm_med_abs_full_change_precond;eeg_pright_halpha_mean_full_change_precond;eeg_ab_ratio_full_change_precond;pupil_asymmetry_full_change_precond;eeg_c_sampent_full_change_precond;eeg_c_specent_full_change_precond;eeg_tleft_hbeta_mean_full_change_precond"
2025-11-26 19:04:58.866579,31,"stress_label",20,4,0.0625,0.57051282051282,0.583333333333333,NA,20,"top20","eeg_tleft_sampent_full_change_precond;eeg_tleft_halpha_mean_full_change_precond;hrv_rmssd_full_change_precond;pupil_dilation_sd_full_change_precond;eeg_tleft_lalpha_mean_full_change_precond;eeg_fm_theta_mean_full_change_precond;eeg_tright_halpha_mean_full_change_precond;eeg_t_sampent_full_change_precond;gsr_skin_conductance_eda_tonic_mean_nk_full_change_precond;eeg_pright_sampent_full_change_precond;eeg_pleft_halpha_mean_full_change_precond;eeg_fl_hbeta_mean_full_change_precond;eeg_fr_sampent_full_change_precond;hr_heartrate_bpm_med_abs_full_change_precond;eeg_pright_halpha_mean_full_change_precond;eeg_ab_ratio_full_change_precond;pupil_asymmetry_full_change_precond;eeg_c_sampent_full_change_precond;eeg_c_specent_full_change_precond;eeg_tleft_hbeta_mean_full_change_precond"
2025-11-26 19:05:00.070504,31,"stress_label",20,8,0.0625,0.564102564102564,0.506410256410256,NA,20,"top20","eeg_tleft_sampent_full_change_precond;eeg_tleft_halpha_mean_full_change_precond;hrv_rmssd_full_change_precond;pupil_dilation_sd_full_change_precond;eeg_tleft_lalpha_mean_full_change_precond;eeg_fm_theta_mean_full_change_precond;eeg_tright_halpha_mean_full_change_precond;eeg_t_sampent_full_change_precond;gsr_skin_conductance_eda_tonic_mean_nk_full_change_precond;eeg_pright_sampent_full_change_precond;eeg_pleft_halpha_mean_full_change_precond;eeg_fl_hbeta_mean_full_change_precond;eeg_fr_sampent_full_change_precond;hr_heartrate_bpm_med_abs_full_change_precond;eeg_pright_halpha_mean_full_change_precond;eeg_ab_ratio_full_change_precond;pupil_asymmetry_full_change_precond;eeg_c_sampent_full_change_precond;eeg_c_specent_full_change_precond;eeg_tleft_hbeta_mean_full_change_precond"
2025-11-26 19:05:01.297023,31,"stress_label",20,16,0.0625,0.557692307692308,0.557692307692308,NA,20,"top20","eeg_tleft_sampent_full_change_precond;eeg_tleft_halpha_mean_full_change_precond;hrv_rmssd_full_change_precond;pupil_dilation_sd_full_change_precond;eeg_tleft_lalpha_mean_full_change_precond;eeg_fm_theta_mean_full_change_precond;eeg_tright_halpha_mean_full_change_precond;eeg_t_sampent_full_change_precond;gsr_skin_conductance_eda_tonic_mean_nk_full_change_precond;eeg_pright_sampent_full_change_precond;eeg_pleft_halpha_mean_full_change_precond;eeg_fl_hbeta_mean_full_change_precond;eeg_fr_sampent_full_change_precond;hr_heartrate_bpm_med_abs_full_change_precond;eeg_pright_halpha_mean_full_change_precond;eeg_ab_ratio_full_change_precond;pupil_asymmetry_full_change_precond;eeg_c_sampent_full_change_precond;eeg_c_specent_full_change_precond;eeg_tleft_hbeta_mean_full_change_precond"
2025-11-26 19:05:02.46111,31,"stress_label",20,32,0.0625,0.557692307692308,0.506410256410256,NA,20,"top20","eeg_tleft_sampent_full_change_precond;eeg_tleft_halpha_mean_full_change_precond;hrv_rmssd_full_change_precond;pupil_dilation_sd_full_change_precond;eeg_tleft_lalpha_mean_full_change_precond;eeg_fm_theta_mean_full_change_precond;eeg_tright_halpha_mean_full_change_precond;eeg_t_sampent_full_change_precond;gsr_skin_conductance_eda_tonic_mean_nk_full_change_precond;eeg_pright_sampent_full_change_precond;eeg_pleft_halpha_mean_full_change_precond;eeg_fl_hbeta_mean_full_change_precond;eeg_fr_sampent_full_change_precond;hr_heartrate_bpm_med_abs_full_change_precond;eeg_pright_halpha_mean_full_change_precond;eeg_ab_ratio_full_change_precond;pupil_asymmetry_full_change_precond;eeg_c_sampent_full_change_precond;eeg_c_specent_full_change_precond;eeg_tleft_hbeta_mean_full_change_precond"
2025-11-26 19:05:03.579918,31,"stress_label",20,64,0.0625,0.557692307692308,0.532051282051282,NA,20,"top20","eeg_tleft_sampent_full_change_precond;eeg_tleft_halpha_mean_full_change_precond;hrv_rmssd_full_change_precond;pupil_dilation_sd_full_change_precond;eeg_tleft_lalpha_mean_full_change_precond;eeg_fm_theta_mean_full_change_precond;eeg_tright_halpha_mean_full_change_precond;eeg_t_sampent_full_change_precond;gsr_skin_conductance_eda_tonic_mean_nk_full_change_precond;eeg_pright_sampent_full_change_precond;eeg_pleft_halpha_mean_full_change_precond;eeg_fl_hbeta_mean_full_change_precond;eeg_fr_sampent_full_change_precond;hr_heartrate_bpm_med_abs_full_change_precond;eeg_pright_halpha_mean_full_change_precond;eeg_ab_ratio_full_change_precond;pupil_asymmetry_full_change_precond;eeg_c_sampent_full_change_precond;eeg_c_specent_full_change_precond;eeg_tleft_hbeta_mean_full_change_precond"
2025-11-26 19:05:04.796846,31,"stress_label",20,128,0.0625,0.557692307692308,0.57051282051282,NA,20,"top20","eeg_tleft_sampent_full_change_precond;eeg_tleft_halpha_mean_full_change_precond;hrv_rmssd_full_change_precond;pupil_dilation_sd_full_change_precond;eeg_tleft_lalpha_mean_full_change_precond;eeg_fm_theta_mean_full_change_precond;eeg_tright_halpha_mean_full_change_precond;eeg_t_sampent_full_change_precond;gsr_skin_conductance_eda_tonic_mean_nk_full_change_precond;eeg_pright_sampent_full_change_precond;eeg_pleft_halpha_mean_full_change_precond;eeg_fl_hbeta_mean_full_change_precond;eeg_fr_sampent_full_change_precond;hr_heartrate_bpm_med_abs_full_change_precond;eeg_pright_halpha_mean_full_change_precond;eeg_ab_ratio_full_change_precond;pupil_asymmetry_full_change_precond;eeg_c_sampent_full_change_precond;eeg_c_specent_full_change_precond;eeg_tleft_hbeta_mean_full_change_precond"
2025-11-26 19:05:06.008861,31,"stress_label",20,256,0.0625,0.557692307692308,0.544871794871795,NA,20,"top20","eeg_tleft_sampent_full_change_precond;eeg_tleft_halpha_mean_full_change_precond;hrv_rmssd_full_change_precond;pupil_dilation_sd_full_change_precond;eeg_tleft_lalpha_mean_full_change_precond;eeg_fm_theta_mean_full_change_precond;eeg_tright_halpha_mean_full_change_precond;eeg_t_sampent_full_change_precond;gsr_skin_conductance_eda_tonic_mean_nk_full_change_precond;eeg_pright_sampent_full_change_precond;eeg_pleft_halpha_mean_full_change_precond;eeg_fl_hbeta_mean_full_change_precond;eeg_fr_sampent_full_change_precond;hr_heartrate_bpm_med_abs_full_change_precond;eeg_pright_halpha_mean_full_change_precond;eeg_ab_ratio_full_change_precond;pupil_asymmetry_full_change_precond;eeg_c_sampent_full_change_precond;eeg_c_specent_full_change_precond;eeg_tleft_hbeta_mean_full_change_precond"
2025-11-26 19:05:06.960677,31,"stress_label",20,2,0.125,0.544871794871795,0.608974358974359,NA,20,"top20","eeg_tleft_sampent_full_change_precond;eeg_tleft_halpha_mean_full_change_precond;hrv_rmssd_full_change_precond;pupil_dilation_sd_full_change_precond;eeg_tleft_lalpha_mean_full_change_precond;eeg_fm_theta_mean_full_change_precond;eeg_tright_halpha_mean_full_change_precond;eeg_t_sampent_full_change_precond;gsr_skin_conductance_eda_tonic_mean_nk_full_change_precond;eeg_pright_sampent_full_change_precond;eeg_pleft_halpha_mean_full_change_precond;eeg_fl_hbeta_mean_full_change_precond;eeg_fr_sampent_full_change_precond;hr_heartrate_bpm_med_abs_full_change_precond;eeg_pright_halpha_mean_full_change_precond;eeg_ab_ratio_full_change_precond;pupil_asymmetry_full_change_precond;eeg_c_sampent_full_change_precond;eeg_c_specent_full_change_precond;eeg_tleft_hbeta_mean_full_change_precond"
2025-11-26 19:05:08.102471,31,"stress_label",20,4,0.125,0.551282051282051,0.58974358974359,NA,20,"top20","eeg_tleft_sampent_full_change_precond;eeg_tleft_halpha_mean_full_change_precond;hrv_rmssd_full_change_precond;pupil_dilation_sd_full_change_precond;eeg_tleft_lalpha_mean_full_change_precond;eeg_fm_theta_mean_full_change_precond;eeg_tright_halpha_mean_full_change_precond;eeg_t_sampent_full_change_precond;gsr_skin_conductance_eda_tonic_mean_nk_full_change_precond;eeg_pright_sampent_full_change_precond;eeg_pleft_halpha_mean_full_change_precond;eeg_fl_hbeta_mean_full_change_precond;eeg_fr_sampent_full_change_precond;hr_heartrate_bpm_med_abs_full_change_precond;eeg_pright_halpha_mean_full_change_precond;eeg_ab_ratio_full_change_precond;pupil_asymmetry_full_change_precond;eeg_c_sampent_full_change_precond;eeg_c_specent_full_change_precond;eeg_tleft_hbeta_mean_full_change_precond"
2025-11-26 19:05:09.260593,31,"stress_label",20,8,0.125,0.551282051282051,0.564102564102564,NA,20,"top20","eeg_tleft_sampent_full_change_precond;eeg_tleft_halpha_mean_full_change_precond;hrv_rmssd_full_change_precond;pupil_dilation_sd_full_change_precond;eeg_tleft_lalpha_mean_full_change_precond;eeg_fm_theta_mean_full_change_precond;eeg_tright_halpha_mean_full_change_precond;eeg_t_sampent_full_change_precond;gsr_skin_conductance_eda_tonic_mean_nk_full_change_precond;eeg_pright_sampent_full_change_precond;eeg_pleft_halpha_mean_full_change_precond;eeg_fl_hbeta_mean_full_change_precond;eeg_fr_sampent_full_change_precond;hr_heartrate_bpm_med_abs_full_change_precond;eeg_pright_halpha_mean_full_change_precond;eeg_ab_ratio_full_change_precond;pupil_asymmetry_full_change_precond;eeg_c_sampent_full_change_precond;eeg_c_specent_full_change_precond;eeg_tleft_hbeta_mean_full_change_precond"
2025-11-26 19:05:10.409599,31,"stress_label",20,16,0.125,0.551282051282051,0.551282051282051,NA,20,"top20","eeg_tleft_sampent_full_change_precond;eeg_tleft_halpha_mean_full_change_precond;hrv_rmssd_full_change_precond;pupil_dilation_sd_full_change_precond;eeg_tleft_lalpha_mean_full_change_precond;eeg_fm_theta_mean_full_change_precond;eeg_tright_halpha_mean_full_change_precond;eeg_t_sampent_full_change_precond;gsr_skin_conductance_eda_tonic_mean_nk_full_change_precond;eeg_pright_sampent_full_change_precond;eeg_pleft_halpha_mean_full_change_precond;eeg_fl_hbeta_mean_full_change_precond;eeg_fr_sampent_full_change_precond;hr_heartrate_bpm_med_abs_full_change_precond;eeg_pright_halpha_mean_full_change_precond;eeg_ab_ratio_full_change_precond;pupil_asymmetry_full_change_precond;eeg_c_sampent_full_change_precond;eeg_c_specent_full_change_precond;eeg_tleft_hbeta_mean_full_change_precond"
2025-11-26 19:05:11.548687,31,"stress_label",20,32,0.125,0.551282051282051,0.538461538461538,NA,20,"top20","eeg_tleft_sampent_full_change_precond;eeg_tleft_halpha_mean_full_change_precond;hrv_rmssd_full_change_precond;pupil_dilation_sd_full_change_precond;eeg_tleft_lalpha_mean_full_change_precond;eeg_fm_theta_mean_full_change_precond;eeg_tright_halpha_mean_full_change_precond;eeg_t_sampent_full_change_precond;gsr_skin_conductance_eda_tonic_mean_nk_full_change_precond;eeg_pright_sampent_full_change_precond;eeg_pleft_halpha_mean_full_change_precond;eeg_fl_hbeta_mean_full_change_precond;eeg_fr_sampent_full_change_precond;hr_heartrate_bpm_med_abs_full_change_precond;eeg_pright_halpha_mean_full_change_precond;eeg_ab_ratio_full_change_precond;pupil_asymmetry_full_change_precond;eeg_c_sampent_full_change_precond;eeg_c_specent_full_change_precond;eeg_tleft_hbeta_mean_full_change_precond"
2025-11-26 19:05:12.794563,31,"stress_label",20,64,0.125,0.551282051282051,0.564102564102564,NA,20,"top20","eeg_tleft_sampent_full_change_precond;eeg_tleft_halpha_mean_full_change_precond;hrv_rmssd_full_change_precond;pupil_dilation_sd_full_change_precond;eeg_tleft_lalpha_mean_full_change_precond;eeg_fm_theta_mean_full_change_precond;eeg_tright_halpha_mean_full_change_precond;eeg_t_sampent_full_change_precond;gsr_skin_conductance_eda_tonic_mean_nk_full_change_precond;eeg_pright_sampent_full_change_precond;eeg_pleft_halpha_mean_full_change_precond;eeg_fl_hbeta_mean_full_change_precond;eeg_fr_sampent_full_change_precond;hr_heartrate_bpm_med_abs_full_change_precond;eeg_pright_halpha_mean_full_change_precond;eeg_ab_ratio_full_change_precond;pupil_asymmetry_full_change_precond;eeg_c_sampent_full_change_precond;eeg_c_specent_full_change_precond;eeg_tleft_hbeta_mean_full_change_precond"
2025-11-26 19:05:13.827976,31,"stress_label",20,128,0.125,0.551282051282051,0.58974358974359,NA,20,"top20","eeg_tleft_sampent_full_change_precond;eeg_tleft_halpha_mean_full_change_precond;hrv_rmssd_full_change_precond;pupil_dilation_sd_full_change_precond;eeg_tleft_lalpha_mean_full_change_precond;eeg_fm_theta_mean_full_change_precond;eeg_tright_halpha_mean_full_change_precond;eeg_t_sampent_full_change_precond;gsr_skin_conductance_eda_tonic_mean_nk_full_change_precond;eeg_pright_sampent_full_change_precond;eeg_pleft_halpha_mean_full_change_precond;eeg_fl_hbeta_mean_full_change_precond;eeg_fr_sampent_full_change_precond;hr_heartrate_bpm_med_abs_full_change_precond;eeg_pright_halpha_mean_full_change_precond;eeg_ab_ratio_full_change_precond;pupil_asymmetry_full_change_precond;eeg_c_sampent_full_change_precond;eeg_c_specent_full_change_precond;eeg_tleft_hbeta_mean_full_change_precond"
2025-11-26 19:05:14.961386,31,"stress_label",20,256,0.125,0.551282051282051,0.58974358974359,NA,20,"top20","eeg_tleft_sampent_full_change_precond;eeg_tleft_halpha_mean_full_change_precond;hrv_rmssd_full_change_precond;pupil_dilation_sd_full_change_precond;eeg_tleft_lalpha_mean_full_change_precond;eeg_fm_theta_mean_full_change_precond;eeg_tright_halpha_mean_full_change_precond;eeg_t_sampent_full_change_precond;gsr_skin_conductance_eda_tonic_mean_nk_full_change_precond;eeg_pright_sampent_full_change_precond;eeg_pleft_halpha_mean_full_change_precond;eeg_fl_hbeta_mean_full_change_precond;eeg_fr_sampent_full_change_precond;hr_heartrate_bpm_med_abs_full_change_precond;eeg_pright_halpha_mean_full_change_precond;eeg_ab_ratio_full_change_precond;pupil_asymmetry_full_change_precond;eeg_c_sampent_full_change_precond;eeg_c_specent_full_change_precond;eeg_tleft_hbeta_mean_full_change_precond"
2025-11-26 19:05:15.96363,31,"stress_label",20,2,0.03,0.564102564102564,0.58974358974359,NA,20,"top20","eeg_tleft_sampent_full_change_precond;eeg_tleft_halpha_mean_full_change_precond;hrv_rmssd_full_change_precond;pupil_dilation_sd_full_change_precond;eeg_tleft_lalpha_mean_full_change_precond;eeg_fm_theta_mean_full_change_precond;eeg_tright_halpha_mean_full_change_precond;eeg_t_sampent_full_change_precond;gsr_skin_conductance_eda_tonic_mean_nk_full_change_precond;eeg_pright_sampent_full_change_precond;eeg_pleft_halpha_mean_full_change_precond;eeg_fl_hbeta_mean_full_change_precond;eeg_fr_sampent_full_change_precond;hr_heartrate_bpm_med_abs_full_change_precond;eeg_pright_halpha_mean_full_change_precond;eeg_ab_ratio_full_change_precond;pupil_asymmetry_full_change_precond;eeg_c_sampent_full_change_precond;eeg_c_specent_full_change_precond;eeg_tleft_hbeta_mean_full_change_precond"
2025-11-26 19:05:16.914488,31,"stress_label",20,4,0.03,0.532051282051282,0.564102564102564,NA,20,"top20","eeg_tleft_sampent_full_change_precond;eeg_tleft_halpha_mean_full_change_precond;hrv_rmssd_full_change_precond;pupil_dilation_sd_full_change_precond;eeg_tleft_lalpha_mean_full_change_precond;eeg_fm_theta_mean_full_change_precond;eeg_tright_halpha_mean_full_change_precond;eeg_t_sampent_full_change_precond;gsr_skin_conductance_eda_tonic_mean_nk_full_change_precond;eeg_pright_sampent_full_change_precond;eeg_pleft_halpha_mean_full_change_precond;eeg_fl_hbeta_mean_full_change_precond;eeg_fr_sampent_full_change_precond;hr_heartrate_bpm_med_abs_full_change_precond;eeg_pright_halpha_mean_full_change_precond;eeg_ab_ratio_full_change_precond;pupil_asymmetry_full_change_precond;eeg_c_sampent_full_change_precond;eeg_c_specent_full_change_precond;eeg_tleft_hbeta_mean_full_change_precond"
2025-11-26 19:05:18.067009,31,"stress_label",20,8,0.03,0.564102564102564,0.557692307692308,NA,20,"top20","eeg_tleft_sampent_full_change_precond;eeg_tleft_halpha_mean_full_change_precond;hrv_rmssd_full_change_precond;pupil_dilation_sd_full_change_precond;eeg_tleft_lalpha_mean_full_change_precond;eeg_fm_theta_mean_full_change_precond;eeg_tright_halpha_mean_full_change_precond;eeg_t_sampent_full_change_precond;gsr_skin_conductance_eda_tonic_mean_nk_full_change_precond;eeg_pright_sampent_full_change_precond;eeg_pleft_halpha_mean_full_change_precond;eeg_fl_hbeta_mean_full_change_precond;eeg_fr_sampent_full_change_precond;hr_heartrate_bpm_med_abs_full_change_precond;eeg_pright_halpha_mean_full_change_precond;eeg_ab_ratio_full_change_precond;pupil_asymmetry_full_change_precond;eeg_c_sampent_full_change_precond;eeg_c_specent_full_change_precond;eeg_tleft_hbeta_mean_full_change_precond"
2025-11-26 19:05:19.201941,31,"stress_label",20,16,0.03,0.564102564102564,0.57051282051282,NA,20,"top20","eeg_tleft_sampent_full_change_precond;eeg_tleft_halpha_mean_full_change_precond;hrv_rmssd_full_change_precond;pupil_dilation_sd_full_change_precond;eeg_tleft_lalpha_mean_full_change_precond;eeg_fm_theta_mean_full_change_precond;eeg_tright_halpha_mean_full_change_precond;eeg_t_sampent_full_change_precond;gsr_skin_conductance_eda_tonic_mean_nk_full_change_precond;eeg_pright_sampent_full_change_precond;eeg_pleft_halpha_mean_full_change_precond;eeg_fl_hbeta_mean_full_change_precond;eeg_fr_sampent_full_change_precond;hr_heartrate_bpm_med_abs_full_change_precond;eeg_pright_halpha_mean_full_change_precond;eeg_ab_ratio_full_change_precond;pupil_asymmetry_full_change_precond;eeg_c_sampent_full_change_precond;eeg_c_specent_full_change_precond;eeg_tleft_hbeta_mean_full_change_precond"
2025-11-26 19:05:20.302434,31,"stress_label",20,32,0.03,0.538461538461538,0.429487179487179,NA,20,"top20","eeg_tleft_sampent_full_change_precond;eeg_tleft_halpha_mean_full_change_precond;hrv_rmssd_full_change_precond;pupil_dilation_sd_full_change_precond;eeg_tleft_lalpha_mean_full_change_precond;eeg_fm_theta_mean_full_change_precond;eeg_tright_halpha_mean_full_change_precond;eeg_t_sampent_full_change_precond;gsr_skin_conductance_eda_tonic_mean_nk_full_change_precond;eeg_pright_sampent_full_change_precond;eeg_pleft_halpha_mean_full_change_precond;eeg_fl_hbeta_mean_full_change_precond;eeg_fr_sampent_full_change_precond;hr_heartrate_bpm_med_abs_full_change_precond;eeg_pright_halpha_mean_full_change_precond;eeg_ab_ratio_full_change_precond;pupil_asymmetry_full_change_precond;eeg_c_sampent_full_change_precond;eeg_c_specent_full_change_precond;eeg_tleft_hbeta_mean_full_change_precond"
2025-11-26 19:05:21.480517,31,"stress_label",20,64,0.03,0.557692307692308,0.461538461538462,NA,20,"top20","eeg_tleft_sampent_full_change_precond;eeg_tleft_halpha_mean_full_change_precond;hrv_rmssd_full_change_precond;pupil_dilation_sd_full_change_precond;eeg_tleft_lalpha_mean_full_change_precond;eeg_fm_theta_mean_full_change_precond;eeg_tright_halpha_mean_full_change_precond;eeg_t_sampent_full_change_precond;gsr_skin_conductance_eda_tonic_mean_nk_full_change_precond;eeg_pright_sampent_full_change_precond;eeg_pleft_halpha_mean_full_change_precond;eeg_fl_hbeta_mean_full_change_precond;eeg_fr_sampent_full_change_precond;hr_heartrate_bpm_med_abs_full_change_precond;eeg_pright_halpha_mean_full_change_precond;eeg_ab_ratio_full_change_precond;pupil_asymmetry_full_change_precond;eeg_c_sampent_full_change_precond;eeg_c_specent_full_change_precond;eeg_tleft_hbeta_mean_full_change_precond"
2025-11-26 19:05:22.755781,31,"stress_label",20,128,0.03,0.57051282051282,0.474358974358974,NA,20,"top20","eeg_tleft_sampent_full_change_precond;eeg_tleft_halpha_mean_full_change_precond;hrv_rmssd_full_change_precond;pupil_dilation_sd_full_change_precond;eeg_tleft_lalpha_mean_full_change_precond;eeg_fm_theta_mean_full_change_precond;eeg_tright_halpha_mean_full_change_precond;eeg_t_sampent_full_change_precond;gsr_skin_conductance_eda_tonic_mean_nk_full_change_precond;eeg_pright_sampent_full_change_precond;eeg_pleft_halpha_mean_full_change_precond;eeg_fl_hbeta_mean_full_change_precond;eeg_fr_sampent_full_change_precond;hr_heartrate_bpm_med_abs_full_change_precond;eeg_pright_halpha_mean_full_change_precond;eeg_ab_ratio_full_change_precond;pupil_asymmetry_full_change_precond;eeg_c_sampent_full_change_precond;eeg_c_specent_full_change_precond;eeg_tleft_hbeta_mean_full_change_precond"
2025-11-26 19:05:24.03879,31,"stress_label",20,256,0.03,0.57051282051282,0.435897435897436,NA,20,"top20","eeg_tleft_sampent_full_change_precond;eeg_tleft_halpha_mean_full_change_precond;hrv_rmssd_full_change_precond;pupil_dilation_sd_full_change_precond;eeg_tleft_lalpha_mean_full_change_precond;eeg_fm_theta_mean_full_change_precond;eeg_tright_halpha_mean_full_change_precond;eeg_t_sampent_full_change_precond;gsr_skin_conductance_eda_tonic_mean_nk_full_change_precond;eeg_pright_sampent_full_change_precond;eeg_pleft_halpha_mean_full_change_precond;eeg_fl_hbeta_mean_full_change_precond;eeg_fr_sampent_full_change_precond;hr_heartrate_bpm_med_abs_full_change_precond;eeg_pright_halpha_mean_full_change_precond;eeg_ab_ratio_full_change_precond;pupil_asymmetry_full_change_precond;eeg_c_sampent_full_change_precond;eeg_c_specent_full_change_precond;eeg_tleft_hbeta_mean_full_change_precond"
2025-11-26 19:05:25.005353,31,"stress_label",20,2,0.06,0.564102564102564,0.57051282051282,NA,20,"top20","eeg_tleft_sampent_full_change_precond;eeg_tleft_halpha_mean_full_change_precond;hrv_rmssd_full_change_precond;pupil_dilation_sd_full_change_precond;eeg_tleft_lalpha_mean_full_change_precond;eeg_fm_theta_mean_full_change_precond;eeg_tright_halpha_mean_full_change_precond;eeg_t_sampent_full_change_precond;gsr_skin_conductance_eda_tonic_mean_nk_full_change_precond;eeg_pright_sampent_full_change_precond;eeg_pleft_halpha_mean_full_change_precond;eeg_fl_hbeta_mean_full_change_precond;eeg_fr_sampent_full_change_precond;hr_heartrate_bpm_med_abs_full_change_precond;eeg_pright_halpha_mean_full_change_precond;eeg_ab_ratio_full_change_precond;pupil_asymmetry_full_change_precond;eeg_c_sampent_full_change_precond;eeg_c_specent_full_change_precond;eeg_tleft_hbeta_mean_full_change_precond"
2025-11-26 19:05:26.016203,31,"stress_label",20,4,0.06,0.564102564102564,0.576923076923077,NA,20,"top20","eeg_tleft_sampent_full_change_precond;eeg_tleft_halpha_mean_full_change_precond;hrv_rmssd_full_change_precond;pupil_dilation_sd_full_change_precond;eeg_tleft_lalpha_mean_full_change_precond;eeg_fm_theta_mean_full_change_precond;eeg_tright_halpha_mean_full_change_precond;eeg_t_sampent_full_change_precond;gsr_skin_conductance_eda_tonic_mean_nk_full_change_precond;eeg_pright_sampent_full_change_precond;eeg_pleft_halpha_mean_full_change_precond;eeg_fl_hbeta_mean_full_change_precond;eeg_fr_sampent_full_change_precond;hr_heartrate_bpm_med_abs_full_change_precond;eeg_pright_halpha_mean_full_change_precond;eeg_ab_ratio_full_change_precond;pupil_asymmetry_full_change_precond;eeg_c_sampent_full_change_precond;eeg_c_specent_full_change_precond;eeg_tleft_hbeta_mean_full_change_precond"
2025-11-26 19:05:27.198438,31,"stress_label",20,8,0.06,0.564102564102564,0.557692307692308,NA,20,"top20","eeg_tleft_sampent_full_change_precond;eeg_tleft_halpha_mean_full_change_precond;hrv_rmssd_full_change_precond;pupil_dilation_sd_full_change_precond;eeg_tleft_lalpha_mean_full_change_precond;eeg_fm_theta_mean_full_change_precond;eeg_tright_halpha_mean_full_change_precond;eeg_t_sampent_full_change_precond;gsr_skin_conductance_eda_tonic_mean_nk_full_change_precond;eeg_pright_sampent_full_change_precond;eeg_pleft_halpha_mean_full_change_precond;eeg_fl_hbeta_mean_full_change_precond;eeg_fr_sampent_full_change_precond;hr_heartrate_bpm_med_abs_full_change_precond;eeg_pright_halpha_mean_full_change_precond;eeg_ab_ratio_full_change_precond;pupil_asymmetry_full_change_precond;eeg_c_sampent_full_change_precond;eeg_c_specent_full_change_precond;eeg_tleft_hbeta_mean_full_change_precond"
2025-11-26 19:05:28.392969,31,"stress_label",20,16,0.06,0.544871794871795,0.532051282051282,NA,20,"top20","eeg_tleft_sampent_full_change_precond;eeg_tleft_halpha_mean_full_change_precond;hrv_rmssd_full_change_precond;pupil_dilation_sd_full_change_precond;eeg_tleft_lalpha_mean_full_change_precond;eeg_fm_theta_mean_full_change_precond;eeg_tright_halpha_mean_full_change_precond;eeg_t_sampent_full_change_precond;gsr_skin_conductance_eda_tonic_mean_nk_full_change_precond;eeg_pright_sampent_full_change_precond;eeg_pleft_halpha_mean_full_change_precond;eeg_fl_hbeta_mean_full_change_precond;eeg_fr_sampent_full_change_precond;hr_heartrate_bpm_med_abs_full_change_precond;eeg_pright_halpha_mean_full_change_precond;eeg_ab_ratio_full_change_precond;pupil_asymmetry_full_change_precond;eeg_c_sampent_full_change_precond;eeg_c_specent_full_change_precond;eeg_tleft_hbeta_mean_full_change_precond"
2025-11-26 19:05:29.514116,31,"stress_label",20,32,0.06,0.551282051282051,0.519230769230769,NA,20,"top20","eeg_tleft_sampent_full_change_precond;eeg_tleft_halpha_mean_full_change_precond;hrv_rmssd_full_change_precond;pupil_dilation_sd_full_change_precond;eeg_tleft_lalpha_mean_full_change_precond;eeg_fm_theta_mean_full_change_precond;eeg_tright_halpha_mean_full_change_precond;eeg_t_sampent_full_change_precond;gsr_skin_conductance_eda_tonic_mean_nk_full_change_precond;eeg_pright_sampent_full_change_precond;eeg_pleft_halpha_mean_full_change_precond;eeg_fl_hbeta_mean_full_change_precond;eeg_fr_sampent_full_change_precond;hr_heartrate_bpm_med_abs_full_change_precond;eeg_pright_halpha_mean_full_change_precond;eeg_ab_ratio_full_change_precond;pupil_asymmetry_full_change_precond;eeg_c_sampent_full_change_precond;eeg_c_specent_full_change_precond;eeg_tleft_hbeta_mean_full_change_precond"
2025-11-26 19:05:30.657916,31,"stress_label",20,64,0.06,0.551282051282051,0.557692307692308,NA,20,"top20","eeg_tleft_sampent_full_change_precond;eeg_tleft_halpha_mean_full_change_precond;hrv_rmssd_full_change_precond;pupil_dilation_sd_full_change_precond;eeg_tleft_lalpha_mean_full_change_precond;eeg_fm_theta_mean_full_change_precond;eeg_tright_halpha_mean_full_change_precond;eeg_t_sampent_full_change_precond;gsr_skin_conductance_eda_tonic_mean_nk_full_change_precond;eeg_pright_sampent_full_change_precond;eeg_pleft_halpha_mean_full_change_precond;eeg_fl_hbeta_mean_full_change_precond;eeg_fr_sampent_full_change_precond;hr_heartrate_bpm_med_abs_full_change_precond;eeg_pright_halpha_mean_full_change_precond;eeg_ab_ratio_full_change_precond;pupil_asymmetry_full_change_precond;eeg_c_sampent_full_change_precond;eeg_c_specent_full_change_precond;eeg_tleft_hbeta_mean_full_change_precond"
2025-11-26 19:05:31.805351,31,"stress_label",20,128,0.06,0.551282051282051,0.583333333333333,NA,20,"top20","eeg_tleft_sampent_full_change_precond;eeg_tleft_halpha_mean_full_change_precond;hrv_rmssd_full_change_precond;pupil_dilation_sd_full_change_precond;eeg_tleft_lalpha_mean_full_change_precond;eeg_fm_theta_mean_full_change_precond;eeg_tright_halpha_mean_full_change_precond;eeg_t_sampent_full_change_precond;gsr_skin_conductance_eda_tonic_mean_nk_full_change_precond;eeg_pright_sampent_full_change_precond;eeg_pleft_halpha_mean_full_change_precond;eeg_fl_hbeta_mean_full_change_precond;eeg_fr_sampent_full_change_precond;hr_heartrate_bpm_med_abs_full_change_precond;eeg_pright_halpha_mean_full_change_precond;eeg_ab_ratio_full_change_precond;pupil_asymmetry_full_change_precond;eeg_c_sampent_full_change_precond;eeg_c_specent_full_change_precond;eeg_tleft_hbeta_mean_full_change_precond"
2025-11-26 19:05:32.995549,31,"stress_label",20,256,0.06,0.551282051282051,0.596153846153846,NA,20,"top20","eeg_tleft_sampent_full_change_precond;eeg_tleft_halpha_mean_full_change_precond;hrv_rmssd_full_change_precond;pupil_dilation_sd_full_change_precond;eeg_tleft_lalpha_mean_full_change_precond;eeg_fm_theta_mean_full_change_precond;eeg_tright_halpha_mean_full_change_precond;eeg_t_sampent_full_change_precond;gsr_skin_conductance_eda_tonic_mean_nk_full_change_precond;eeg_pright_sampent_full_change_precond;eeg_pleft_halpha_mean_full_change_precond;eeg_fl_hbeta_mean_full_change_precond;eeg_fr_sampent_full_change_precond;hr_heartrate_bpm_med_abs_full_change_precond;eeg_pright_halpha_mean_full_change_precond;eeg_ab_ratio_full_change_precond;pupil_asymmetry_full_change_precond;eeg_c_sampent_full_change_precond;eeg_c_specent_full_change_precond;eeg_tleft_hbeta_mean_full_change_precond"
2025-11-26 19:05:34.080789,31,"stress_label",20,2,0.1,0.557692307692308,0.551282051282051,NA,20,"top20","eeg_tleft_sampent_full_change_precond;eeg_tleft_halpha_mean_full_change_precond;hrv_rmssd_full_change_precond;pupil_dilation_sd_full_change_precond;eeg_tleft_lalpha_mean_full_change_precond;eeg_fm_theta_mean_full_change_precond;eeg_tright_halpha_mean_full_change_precond;eeg_t_sampent_full_change_precond;gsr_skin_conductance_eda_tonic_mean_nk_full_change_precond;eeg_pright_sampent_full_change_precond;eeg_pleft_halpha_mean_full_change_precond;eeg_fl_hbeta_mean_full_change_precond;eeg_fr_sampent_full_change_precond;hr_heartrate_bpm_med_abs_full_change_precond;eeg_pright_halpha_mean_full_change_precond;eeg_ab_ratio_full_change_precond;pupil_asymmetry_full_change_precond;eeg_c_sampent_full_change_precond;eeg_c_specent_full_change_precond;eeg_tleft_hbeta_mean_full_change_precond"
2025-11-26 19:05:35.22459,31,"stress_label",20,4,0.1,0.544871794871795,0.57051282051282,NA,20,"top20","eeg_tleft_sampent_full_change_precond;eeg_tleft_halpha_mean_full_change_precond;hrv_rmssd_full_change_precond;pupil_dilation_sd_full_change_precond;eeg_tleft_lalpha_mean_full_change_precond;eeg_fm_theta_mean_full_change_precond;eeg_tright_halpha_mean_full_change_precond;eeg_t_sampent_full_change_precond;gsr_skin_conductance_eda_tonic_mean_nk_full_change_precond;eeg_pright_sampent_full_change_precond;eeg_pleft_halpha_mean_full_change_precond;eeg_fl_hbeta_mean_full_change_precond;eeg_fr_sampent_full_change_precond;hr_heartrate_bpm_med_abs_full_change_precond;eeg_pright_halpha_mean_full_change_precond;eeg_ab_ratio_full_change_precond;pupil_asymmetry_full_change_precond;eeg_c_sampent_full_change_precond;eeg_c_specent_full_change_precond;eeg_tleft_hbeta_mean_full_change_precond"
2025-11-26 19:05:36.336045,31,"stress_label",20,8,0.1,0.519230769230769,0.564102564102564,NA,20,"top20","eeg_tleft_sampent_full_change_precond;eeg_tleft_halpha_mean_full_change_precond;hrv_rmssd_full_change_precond;pupil_dilation_sd_full_change_precond;eeg_tleft_lalpha_mean_full_change_precond;eeg_fm_theta_mean_full_change_precond;eeg_tright_halpha_mean_full_change_precond;eeg_t_sampent_full_change_precond;gsr_skin_conductance_eda_tonic_mean_nk_full_change_precond;eeg_pright_sampent_full_change_precond;eeg_pleft_halpha_mean_full_change_precond;eeg_fl_hbeta_mean_full_change_precond;eeg_fr_sampent_full_change_precond;hr_heartrate_bpm_med_abs_full_change_precond;eeg_pright_halpha_mean_full_change_precond;eeg_ab_ratio_full_change_precond;pupil_asymmetry_full_change_precond;eeg_c_sampent_full_change_precond;eeg_c_specent_full_change_precond;eeg_tleft_hbeta_mean_full_change_precond"
2025-11-26 19:05:37.483912,31,"stress_label",20,16,0.1,0.519230769230769,0.564102564102564,NA,20,"top20","eeg_tleft_sampent_full_change_precond;eeg_tleft_halpha_mean_full_change_precond;hrv_rmssd_full_change_precond;pupil_dilation_sd_full_change_precond;eeg_tleft_lalpha_mean_full_change_precond;eeg_fm_theta_mean_full_change_precond;eeg_tright_halpha_mean_full_change_precond;eeg_t_sampent_full_change_precond;gsr_skin_conductance_eda_tonic_mean_nk_full_change_precond;eeg_pright_sampent_full_change_precond;eeg_pleft_halpha_mean_full_change_precond;eeg_fl_hbeta_mean_full_change_precond;eeg_fr_sampent_full_change_precond;hr_heartrate_bpm_med_abs_full_change_precond;eeg_pright_halpha_mean_full_change_precond;eeg_ab_ratio_full_change_precond;pupil_asymmetry_full_change_precond;eeg_c_sampent_full_change_precond;eeg_c_specent_full_change_precond;eeg_tleft_hbeta_mean_full_change_precond"
2025-11-26 19:05:38.595722,31,"stress_label",20,32,0.1,0.519230769230769,0.525641025641026,NA,20,"top20","eeg_tleft_sampent_full_change_precond;eeg_tleft_halpha_mean_full_change_precond;hrv_rmssd_full_change_precond;pupil_dilation_sd_full_change_precond;eeg_tleft_lalpha_mean_full_change_precond;eeg_fm_theta_mean_full_change_precond;eeg_tright_halpha_mean_full_change_precond;eeg_t_sampent_full_change_precond;gsr_skin_conductance_eda_tonic_mean_nk_full_change_precond;eeg_pright_sampent_full_change_precond;eeg_pleft_halpha_mean_full_change_precond;eeg_fl_hbeta_mean_full_change_precond;eeg_fr_sampent_full_change_precond;hr_heartrate_bpm_med_abs_full_change_precond;eeg_pright_halpha_mean_full_change_precond;eeg_ab_ratio_full_change_precond;pupil_asymmetry_full_change_precond;eeg_c_sampent_full_change_precond;eeg_c_specent_full_change_precond;eeg_tleft_hbeta_mean_full_change_precond"
2025-11-26 19:05:39.740451,31,"stress_label",20,64,0.1,0.519230769230769,0.615384615384615,NA,20,"top20","eeg_tleft_sampent_full_change_precond;eeg_tleft_halpha_mean_full_change_precond;hrv_rmssd_full_change_precond;pupil_dilation_sd_full_change_precond;eeg_tleft_lalpha_mean_full_change_precond;eeg_fm_theta_mean_full_change_precond;eeg_tright_halpha_mean_full_change_precond;eeg_t_sampent_full_change_precond;gsr_skin_conductance_eda_tonic_mean_nk_full_change_precond;eeg_pright_sampent_full_change_precond;eeg_pleft_halpha_mean_full_change_precond;eeg_fl_hbeta_mean_full_change_precond;eeg_fr_sampent_full_change_precond;hr_heartrate_bpm_med_abs_full_change_precond;eeg_pright_halpha_mean_full_change_precond;eeg_ab_ratio_full_change_precond;pupil_asymmetry_full_change_precond;eeg_c_sampent_full_change_precond;eeg_c_specent_full_change_precond;eeg_tleft_hbeta_mean_full_change_precond"
2025-11-26 19:05:40.899706,31,"stress_label",20,128,0.1,0.519230769230769,0.576923076923077,NA,20,"top20","eeg_tleft_sampent_full_change_precond;eeg_tleft_halpha_mean_full_change_precond;hrv_rmssd_full_change_precond;pupil_dilation_sd_full_change_precond;eeg_tleft_lalpha_mean_full_change_precond;eeg_fm_theta_mean_full_change_precond;eeg_tright_halpha_mean_full_change_precond;eeg_t_sampent_full_change_precond;gsr_skin_conductance_eda_tonic_mean_nk_full_change_precond;eeg_pright_sampent_full_change_precond;eeg_pleft_halpha_mean_full_change_precond;eeg_fl_hbeta_mean_full_change_precond;eeg_fr_sampent_full_change_precond;hr_heartrate_bpm_med_abs_full_change_precond;eeg_pright_halpha_mean_full_change_precond;eeg_ab_ratio_full_change_precond;pupil_asymmetry_full_change_precond;eeg_c_sampent_full_change_precond;eeg_c_specent_full_change_precond;eeg_tleft_hbeta_mean_full_change_precond"
2025-11-26 19:05:42.02642,31,"stress_label",20,256,0.1,0.519230769230769,0.58974358974359,NA,20,"top20","eeg_tleft_sampent_full_change_precond;eeg_tleft_halpha_mean_full_change_precond;hrv_rmssd_full_change_precond;pupil_dilation_sd_full_change_precond;eeg_tleft_lalpha_mean_full_change_precond;eeg_fm_theta_mean_full_change_precond;eeg_tright_halpha_mean_full_change_precond;eeg_t_sampent_full_change_precond;gsr_skin_conductance_eda_tonic_mean_nk_full_change_precond;eeg_pright_sampent_full_change_precond;eeg_pleft_halpha_mean_full_change_precond;eeg_fl_hbeta_mean_full_change_precond;eeg_fr_sampent_full_change_precond;hr_heartrate_bpm_med_abs_full_change_precond;eeg_pright_halpha_mean_full_change_precond;eeg_ab_ratio_full_change_precond;pupil_asymmetry_full_change_precond;eeg_c_sampent_full_change_precond;eeg_c_specent_full_change_precond;eeg_tleft_hbeta_mean_full_change_precond"
2025-11-26 19:05:42.742441,31,"stress_label",10,2,0.0078125,0.615384615384615,0.666666666666667,0.582905982905983,10,"top10","eeg_tleft_sampent_full_change_precond;eeg_tleft_halpha_mean_full_change_precond;hrv_rmssd_full_change_precond;pupil_dilation_sd_full_change_precond;eeg_tleft_lalpha_mean_full_change_precond;eeg_fm_theta_mean_full_change_precond;eeg_tright_halpha_mean_full_change_precond;eeg_t_sampent_full_change_precond;gsr_skin_conductance_eda_tonic_mean_nk_full_change_precond;eeg_pright_sampent_full_change_precond"
2025-11-26 19:05:43.59954,31,"stress_label",10,4,0.0078125,0.608974358974359,0.692307692307692,0.58974358974359,10,"top10","eeg_tleft_sampent_full_change_precond;eeg_tleft_halpha_mean_full_change_precond;hrv_rmssd_full_change_precond;pupil_dilation_sd_full_change_precond;eeg_tleft_lalpha_mean_full_change_precond;eeg_fm_theta_mean_full_change_precond;eeg_tright_halpha_mean_full_change_precond;eeg_t_sampent_full_change_precond;gsr_skin_conductance_eda_tonic_mean_nk_full_change_precond;eeg_pright_sampent_full_change_precond"
2025-11-26 19:05:44.461078,31,"stress_label",10,8,0.0078125,0.602564102564103,0.705128205128205,0.591452991452991,10,"top10","eeg_tleft_sampent_full_change_precond;eeg_tleft_halpha_mean_full_change_precond;hrv_rmssd_full_change_precond;pupil_dilation_sd_full_change_precond;eeg_tleft_lalpha_mean_full_change_precond;eeg_fm_theta_mean_full_change_precond;eeg_tright_halpha_mean_full_change_precond;eeg_t_sampent_full_change_precond;gsr_skin_conductance_eda_tonic_mean_nk_full_change_precond;eeg_pright_sampent_full_change_precond"
2025-11-26 19:05:45.336843,31,"stress_label",10,16,0.0078125,0.576923076923077,0.641025641025641,0.557264957264957,10,"top10","eeg_tleft_sampent_full_change_precond;eeg_tleft_halpha_mean_full_change_precond;hrv_rmssd_full_change_precond;pupil_dilation_sd_full_change_precond;eeg_tleft_lalpha_mean_full_change_precond;eeg_fm_theta_mean_full_change_precond;eeg_tright_halpha_mean_full_change_precond;eeg_t_sampent_full_change_precond;gsr_skin_conductance_eda_tonic_mean_nk_full_change_precond;eeg_pright_sampent_full_change_precond"
2025-11-26 19:05:46.210559,31,"stress_label",10,32,0.0078125,0.557692307692308,0.602564102564103,0.532478632478632,10,"top10","eeg_tleft_sampent_full_change_precond;eeg_tleft_halpha_mean_full_change_precond;hrv_rmssd_full_change_precond;pupil_dilation_sd_full_change_precond;eeg_tleft_lalpha_mean_full_change_precond;eeg_fm_theta_mean_full_change_precond;eeg_tright_halpha_mean_full_change_precond;eeg_t_sampent_full_change_precond;gsr_skin_conductance_eda_tonic_mean_nk_full_change_precond;eeg_pright_sampent_full_change_precond"
2025-11-26 19:05:47.106001,31,"stress_label",10,64,0.0078125,0.57051282051282,0.615384615384615,0.556410256410256,10,"top10","eeg_tleft_sampent_full_change_precond;eeg_tleft_halpha_mean_full_change_precond;hrv_rmssd_full_change_precond;pupil_dilation_sd_full_change_precond;eeg_tleft_lalpha_mean_full_change_precond;eeg_fm_theta_mean_full_change_precond;eeg_tright_halpha_mean_full_change_precond;eeg_t_sampent_full_change_precond;gsr_skin_conductance_eda_tonic_mean_nk_full_change_precond;eeg_pright_sampent_full_change_precond"
2025-11-26 19:05:47.880302,31,"stress_label",10,128,0.0078125,0.544871794871795,0.57051282051282,NA,10,"top10","eeg_tleft_sampent_full_change_precond;eeg_tleft_halpha_mean_full_change_precond;hrv_rmssd_full_change_precond;pupil_dilation_sd_full_change_precond;eeg_tleft_lalpha_mean_full_change_precond;eeg_fm_theta_mean_full_change_precond;eeg_tright_halpha_mean_full_change_precond;eeg_t_sampent_full_change_precond;gsr_skin_conductance_eda_tonic_mean_nk_full_change_precond;eeg_pright_sampent_full_change_precond"
2025-11-26 19:05:48.858683,31,"stress_label",10,256,0.0078125,0.557692307692308,0.551282051282051,0.523931623931624,10,"top10","eeg_tleft_sampent_full_change_precond;eeg_tleft_halpha_mean_full_change_precond;hrv_rmssd_full_change_precond;pupil_dilation_sd_full_change_precond;eeg_tleft_lalpha_mean_full_change_precond;eeg_fm_theta_mean_full_change_precond;eeg_tright_halpha_mean_full_change_precond;eeg_t_sampent_full_change_precond;gsr_skin_conductance_eda_tonic_mean_nk_full_change_precond;eeg_pright_sampent_full_change_precond"
2025-11-26 19:05:49.70379,31,"stress_label",10,2,0.015625,0.608974358974359,0.685897435897436,0.587179487179487,10,"top10","eeg_tleft_sampent_full_change_precond;eeg_tleft_halpha_mean_full_change_precond;hrv_rmssd_full_change_precond;pupil_dilation_sd_full_change_precond;eeg_tleft_lalpha_mean_full_change_precond;eeg_fm_theta_mean_full_change_precond;eeg_tright_halpha_mean_full_change_precond;eeg_t_sampent_full_change_precond;gsr_skin_conductance_eda_tonic_mean_nk_full_change_precond;eeg_pright_sampent_full_change_precond"
2025-11-26 19:05:50.47677,31,"stress_label",10,4,0.015625,0.602564102564103,0.673076923076923,0.586324786324786,10,"top10","eeg_tleft_sampent_full_change_precond;eeg_tleft_halpha_mean_full_change_precond;hrv_rmssd_full_change_precond;pupil_dilation_sd_full_change_precond;eeg_tleft_lalpha_mean_full_change_precond;eeg_fm_theta_mean_full_change_precond;eeg_tright_halpha_mean_full_change_precond;eeg_t_sampent_full_change_precond;gsr_skin_conductance_eda_tonic_mean_nk_full_change_precond;eeg_pright_sampent_full_change_precond"
2025-11-26 19:05:51.314188,31,"stress_label",10,8,0.015625,0.57051282051282,0.602564102564103,0.545299145299145,10,"top10","eeg_tleft_sampent_full_change_precond;eeg_tleft_halpha_mean_full_change_precond;hrv_rmssd_full_change_precond;pupil_dilation_sd_full_change_precond;eeg_tleft_lalpha_mean_full_change_precond;eeg_fm_theta_mean_full_change_precond;eeg_tright_halpha_mean_full_change_precond;eeg_t_sampent_full_change_precond;gsr_skin_conductance_eda_tonic_mean_nk_full_change_precond;eeg_pright_sampent_full_change_precond"
2025-11-26 19:05:52.227774,31,"stress_label",10,16,0.015625,0.564102564102564,0.628205128205128,NA,10,"top10","eeg_tleft_sampent_full_change_precond;eeg_tleft_halpha_mean_full_change_precond;hrv_rmssd_full_change_precond;pupil_dilation_sd_full_change_precond;eeg_tleft_lalpha_mean_full_change_precond;eeg_fm_theta_mean_full_change_precond;eeg_tright_halpha_mean_full_change_precond;eeg_t_sampent_full_change_precond;gsr_skin_conductance_eda_tonic_mean_nk_full_change_precond;eeg_pright_sampent_full_change_precond"
2025-11-26 19:05:53.107692,31,"stress_label",10,32,0.015625,0.544871794871795,0.576923076923077,NA,10,"top10","eeg_tleft_sampent_full_change_precond;eeg_tleft_halpha_mean_full_change_precond;hrv_rmssd_full_change_precond;pupil_dilation_sd_full_change_precond;eeg_tleft_lalpha_mean_full_change_precond;eeg_fm_theta_mean_full_change_precond;eeg_tright_halpha_mean_full_change_precond;eeg_t_sampent_full_change_precond;gsr_skin_conductance_eda_tonic_mean_nk_full_change_precond;eeg_pright_sampent_full_change_precond"
2025-11-26 19:05:53.964012,31,"stress_label",10,64,0.015625,0.532051282051282,0.557692307692308,0.500854700854701,10,"top10","eeg_tleft_sampent_full_change_precond;eeg_tleft_halpha_mean_full_change_precond;hrv_rmssd_full_change_precond;pupil_dilation_sd_full_change_precond;eeg_tleft_lalpha_mean_full_change_precond;eeg_fm_theta_mean_full_change_precond;eeg_tright_halpha_mean_full_change_precond;eeg_t_sampent_full_change_precond;gsr_skin_conductance_eda_tonic_mean_nk_full_change_precond;eeg_pright_sampent_full_change_precond"
2025-11-26 19:05:55.092104,31,"stress_label",10,128,0.015625,0.532051282051282,0.551282051282051,NA,10,"top10","eeg_tleft_sampent_full_change_precond;eeg_tleft_halpha_mean_full_change_precond;hrv_rmssd_full_change_precond;pupil_dilation_sd_full_change_precond;eeg_tleft_lalpha_mean_full_change_precond;eeg_fm_theta_mean_full_change_precond;eeg_tright_halpha_mean_full_change_precond;eeg_t_sampent_full_change_precond;gsr_skin_conductance_eda_tonic_mean_nk_full_change_precond;eeg_pright_sampent_full_change_precond"
2025-11-26 19:05:56.286135,31,"stress_label",10,256,0.015625,0.538461538461538,0.576923076923077,NA,10,"top10","eeg_tleft_sampent_full_change_precond;eeg_tleft_halpha_mean_full_change_precond;hrv_rmssd_full_change_precond;pupil_dilation_sd_full_change_precond;eeg_tleft_lalpha_mean_full_change_precond;eeg_fm_theta_mean_full_change_precond;eeg_tright_halpha_mean_full_change_precond;eeg_t_sampent_full_change_precond;gsr_skin_conductance_eda_tonic_mean_nk_full_change_precond;eeg_pright_sampent_full_change_precond"
2025-11-26 19:05:57.15036,31,"stress_label",10,2,0.03125,0.576923076923077,0.66025641025641,0.544444444444444,10,"top10","eeg_tleft_sampent_full_change_precond;eeg_tleft_halpha_mean_full_change_precond;hrv_rmssd_full_change_precond;pupil_dilation_sd_full_change_precond;eeg_tleft_lalpha_mean_full_change_precond;eeg_fm_theta_mean_full_change_precond;eeg_tright_halpha_mean_full_change_precond;eeg_t_sampent_full_change_precond;gsr_skin_conductance_eda_tonic_mean_nk_full_change_precond;eeg_pright_sampent_full_change_precond"
2025-11-26 19:05:58.005477,31,"stress_label",10,4,0.03125,0.58974358974359,0.647435897435897,0.54957264957265,10,"top10","eeg_tleft_sampent_full_change_precond;eeg_tleft_halpha_mean_full_change_precond;hrv_rmssd_full_change_precond;pupil_dilation_sd_full_change_precond;eeg_tleft_lalpha_mean_full_change_precond;eeg_fm_theta_mean_full_change_precond;eeg_tright_halpha_mean_full_change_precond;eeg_t_sampent_full_change_precond;gsr_skin_conductance_eda_tonic_mean_nk_full_change_precond;eeg_pright_sampent_full_change_precond"
2025-11-26 19:05:58.888168,31,"stress_label",10,8,0.03125,0.564102564102564,0.596153846153846,NA,10,"top10","eeg_tleft_sampent_full_change_precond;eeg_tleft_halpha_mean_full_change_precond;hrv_rmssd_full_change_precond;pupil_dilation_sd_full_change_precond;eeg_tleft_lalpha_mean_full_change_precond;eeg_fm_theta_mean_full_change_precond;eeg_tright_halpha_mean_full_change_precond;eeg_t_sampent_full_change_precond;gsr_skin_conductance_eda_tonic_mean_nk_full_change_precond;eeg_pright_sampent_full_change_precond"
2025-11-26 19:05:59.784549,31,"stress_label",10,16,0.03125,0.506410256410256,0.551282051282051,NA,10,"top10","eeg_tleft_sampent_full_change_precond;eeg_tleft_halpha_mean_full_change_precond;hrv_rmssd_full_change_precond;pupil_dilation_sd_full_change_precond;eeg_tleft_lalpha_mean_full_change_precond;eeg_fm_theta_mean_full_change_precond;eeg_tright_halpha_mean_full_change_precond;eeg_t_sampent_full_change_precond;gsr_skin_conductance_eda_tonic_mean_nk_full_change_precond;eeg_pright_sampent_full_change_precond"
2025-11-26 19:06:00.574795,31,"stress_label",10,32,0.03125,0.532051282051282,0.551282051282051,NA,10,"top10","eeg_tleft_sampent_full_change_precond;eeg_tleft_halpha_mean_full_change_precond;hrv_rmssd_full_change_precond;pupil_dilation_sd_full_change_precond;eeg_tleft_lalpha_mean_full_change_precond;eeg_fm_theta_mean_full_change_precond;eeg_tright_halpha_mean_full_change_precond;eeg_t_sampent_full_change_precond;gsr_skin_conductance_eda_tonic_mean_nk_full_change_precond;eeg_pright_sampent_full_change_precond"
2025-11-26 19:06:01.546859,31,"stress_label",10,64,0.03125,0.512820512820513,0.493589743589744,NA,10,"top10","eeg_tleft_sampent_full_change_precond;eeg_tleft_halpha_mean_full_change_precond;hrv_rmssd_full_change_precond;pupil_dilation_sd_full_change_precond;eeg_tleft_lalpha_mean_full_change_precond;eeg_fm_theta_mean_full_change_precond;eeg_tright_halpha_mean_full_change_precond;eeg_t_sampent_full_change_precond;gsr_skin_conductance_eda_tonic_mean_nk_full_change_precond;eeg_pright_sampent_full_change_precond"
2025-11-26 19:06:02.824689,31,"stress_label",10,128,0.03125,0.519230769230769,0.487179487179487,NA,10,"top10","eeg_tleft_sampent_full_change_precond;eeg_tleft_halpha_mean_full_change_precond;hrv_rmssd_full_change_precond;pupil_dilation_sd_full_change_precond;eeg_tleft_lalpha_mean_full_change_precond;eeg_fm_theta_mean_full_change_precond;eeg_tright_halpha_mean_full_change_precond;eeg_t_sampent_full_change_precond;gsr_skin_conductance_eda_tonic_mean_nk_full_change_precond;eeg_pright_sampent_full_change_precond"
2025-11-26 19:06:04.113191,31,"stress_label",10,256,0.03125,0.512820512820513,0.467948717948718,NA,10,"top10","eeg_tleft_sampent_full_change_precond;eeg_tleft_halpha_mean_full_change_precond;hrv_rmssd_full_change_precond;pupil_dilation_sd_full_change_precond;eeg_tleft_lalpha_mean_full_change_precond;eeg_fm_theta_mean_full_change_precond;eeg_tright_halpha_mean_full_change_precond;eeg_t_sampent_full_change_precond;gsr_skin_conductance_eda_tonic_mean_nk_full_change_precond;eeg_pright_sampent_full_change_precond"
2025-11-26 19:06:04.961018,31,"stress_label",10,2,0.0625,0.576923076923077,0.628205128205128,0.536752136752137,10,"top10","eeg_tleft_sampent_full_change_precond;eeg_tleft_halpha_mean_full_change_precond;hrv_rmssd_full_change_precond;pupil_dilation_sd_full_change_precond;eeg_tleft_lalpha_mean_full_change_precond;eeg_fm_theta_mean_full_change_precond;eeg_tright_halpha_mean_full_change_precond;eeg_t_sampent_full_change_precond;gsr_skin_conductance_eda_tonic_mean_nk_full_change_precond;eeg_pright_sampent_full_change_precond"
2025-11-26 19:06:05.834989,31,"stress_label",10,4,0.0625,0.532051282051282,0.544871794871795,NA,10,"top10","eeg_tleft_sampent_full_change_precond;eeg_tleft_halpha_mean_full_change_precond;hrv_rmssd_full_change_precond;pupil_dilation_sd_full_change_precond;eeg_tleft_lalpha_mean_full_change_precond;eeg_fm_theta_mean_full_change_precond;eeg_tright_halpha_mean_full_change_precond;eeg_t_sampent_full_change_precond;gsr_skin_conductance_eda_tonic_mean_nk_full_change_precond;eeg_pright_sampent_full_change_precond"
2025-11-26 19:06:06.771457,31,"stress_label",10,8,0.0625,0.512820512820513,0.564102564102564,NA,10,"top10","eeg_tleft_sampent_full_change_precond;eeg_tleft_halpha_mean_full_change_precond;hrv_rmssd_full_change_precond;pupil_dilation_sd_full_change_precond;eeg_tleft_lalpha_mean_full_change_precond;eeg_fm_theta_mean_full_change_precond;eeg_tright_halpha_mean_full_change_precond;eeg_t_sampent_full_change_precond;gsr_skin_conductance_eda_tonic_mean_nk_full_change_precond;eeg_pright_sampent_full_change_precond"
2025-11-26 19:06:07.750048,31,"stress_label",10,16,0.0625,0.512820512820513,0.532051282051282,NA,10,"top10","eeg_tleft_sampent_full_change_precond;eeg_tleft_halpha_mean_full_change_precond;hrv_rmssd_full_change_precond;pupil_dilation_sd_full_change_precond;eeg_tleft_lalpha_mean_full_change_precond;eeg_fm_theta_mean_full_change_precond;eeg_tright_halpha_mean_full_change_precond;eeg_t_sampent_full_change_precond;gsr_skin_conductance_eda_tonic_mean_nk_full_change_precond;eeg_pright_sampent_full_change_precond"
2025-11-26 19:06:08.731471,31,"stress_label",10,32,0.0625,0.532051282051282,0.525641025641026,NA,10,"top10","eeg_tleft_sampent_full_change_precond;eeg_tleft_halpha_mean_full_change_precond;hrv_rmssd_full_change_precond;pupil_dilation_sd_full_change_precond;eeg_tleft_lalpha_mean_full_change_precond;eeg_fm_theta_mean_full_change_precond;eeg_tright_halpha_mean_full_change_precond;eeg_t_sampent_full_change_precond;gsr_skin_conductance_eda_tonic_mean_nk_full_change_precond;eeg_pright_sampent_full_change_precond"
2025-11-26 19:06:09.614785,31,"stress_label",10,64,0.0625,0.493589743589744,0.487179487179487,NA,10,"top10","eeg_tleft_sampent_full_change_precond;eeg_tleft_halpha_mean_full_change_precond;hrv_rmssd_full_change_precond;pupil_dilation_sd_full_change_precond;eeg_tleft_lalpha_mean_full_change_precond;eeg_fm_theta_mean_full_change_precond;eeg_tright_halpha_mean_full_change_precond;eeg_t_sampent_full_change_precond;gsr_skin_conductance_eda_tonic_mean_nk_full_change_precond;eeg_pright_sampent_full_change_precond"
2025-11-26 19:06:10.796449,31,"stress_label",10,128,0.0625,0.519230769230769,0.467948717948718,NA,10,"top10","eeg_tleft_sampent_full_change_precond;eeg_tleft_halpha_mean_full_change_precond;hrv_rmssd_full_change_precond;pupil_dilation_sd_full_change_precond;eeg_tleft_lalpha_mean_full_change_precond;eeg_fm_theta_mean_full_change_precond;eeg_tright_halpha_mean_full_change_precond;eeg_t_sampent_full_change_precond;gsr_skin_conductance_eda_tonic_mean_nk_full_change_precond;eeg_pright_sampent_full_change_precond"
2025-11-26 19:06:12.072156,31,"stress_label",10,256,0.0625,0.519230769230769,0.474358974358974,NA,10,"top10","eeg_tleft_sampent_full_change_precond;eeg_tleft_halpha_mean_full_change_precond;hrv_rmssd_full_change_precond;pupil_dilation_sd_full_change_precond;eeg_tleft_lalpha_mean_full_change_precond;eeg_fm_theta_mean_full_change_precond;eeg_tright_halpha_mean_full_change_precond;eeg_t_sampent_full_change_precond;gsr_skin_conductance_eda_tonic_mean_nk_full_change_precond;eeg_pright_sampent_full_change_precond"
2025-11-26 19:06:12.964996,31,"stress_label",10,2,0.125,0.512820512820513,0.532051282051282,NA,10,"top10","eeg_tleft_sampent_full_change_precond;eeg_tleft_halpha_mean_full_change_precond;hrv_rmssd_full_change_precond;pupil_dilation_sd_full_change_precond;eeg_tleft_lalpha_mean_full_change_precond;eeg_fm_theta_mean_full_change_precond;eeg_tright_halpha_mean_full_change_precond;eeg_t_sampent_full_change_precond;gsr_skin_conductance_eda_tonic_mean_nk_full_change_precond;eeg_pright_sampent_full_change_precond"
2025-11-26 19:06:13.849852,31,"stress_label",10,4,0.125,0.493589743589744,0.532051282051282,NA,10,"top10","eeg_tleft_sampent_full_change_precond;eeg_tleft_halpha_mean_full_change_precond;hrv_rmssd_full_change_precond;pupil_dilation_sd_full_change_precond;eeg_tleft_lalpha_mean_full_change_precond;eeg_fm_theta_mean_full_change_precond;eeg_tright_halpha_mean_full_change_precond;eeg_t_sampent_full_change_precond;gsr_skin_conductance_eda_tonic_mean_nk_full_change_precond;eeg_pright_sampent_full_change_precond"
2025-11-26 19:06:14.836268,31,"stress_label",10,8,0.125,0.506410256410256,0.519230769230769,NA,10,"top10","eeg_tleft_sampent_full_change_precond;eeg_tleft_halpha_mean_full_change_precond;hrv_rmssd_full_change_precond;pupil_dilation_sd_full_change_precond;eeg_tleft_lalpha_mean_full_change_precond;eeg_fm_theta_mean_full_change_precond;eeg_tright_halpha_mean_full_change_precond;eeg_t_sampent_full_change_precond;gsr_skin_conductance_eda_tonic_mean_nk_full_change_precond;eeg_pright_sampent_full_change_precond"
2025-11-26 19:06:15.925712,31,"stress_label",10,16,0.125,0.493589743589744,0.5,NA,10,"top10","eeg_tleft_sampent_full_change_precond;eeg_tleft_halpha_mean_full_change_precond;hrv_rmssd_full_change_precond;pupil_dilation_sd_full_change_precond;eeg_tleft_lalpha_mean_full_change_precond;eeg_fm_theta_mean_full_change_precond;eeg_tright_halpha_mean_full_change_precond;eeg_t_sampent_full_change_precond;gsr_skin_conductance_eda_tonic_mean_nk_full_change_precond;eeg_pright_sampent_full_change_precond"
2025-11-26 19:06:17.020234,31,"stress_label",10,32,0.125,0.480769230769231,0.493589743589744,NA,10,"top10","eeg_tleft_sampent_full_change_precond;eeg_tleft_halpha_mean_full_change_precond;hrv_rmssd_full_change_precond;pupil_dilation_sd_full_change_precond;eeg_tleft_lalpha_mean_full_change_precond;eeg_fm_theta_mean_full_change_precond;eeg_tright_halpha_mean_full_change_precond;eeg_t_sampent_full_change_precond;gsr_skin_conductance_eda_tonic_mean_nk_full_change_precond;eeg_pright_sampent_full_change_precond"
2025-11-26 19:06:17.978321,31,"stress_label",10,64,0.125,0.487179487179487,0.512820512820513,NA,10,"top10","eeg_tleft_sampent_full_change_precond;eeg_tleft_halpha_mean_full_change_precond;hrv_rmssd_full_change_precond;pupil_dilation_sd_full_change_precond;eeg_tleft_lalpha_mean_full_change_precond;eeg_fm_theta_mean_full_change_precond;eeg_tright_halpha_mean_full_change_precond;eeg_t_sampent_full_change_precond;gsr_skin_conductance_eda_tonic_mean_nk_full_change_precond;eeg_pright_sampent_full_change_precond"
2025-11-26 19:06:18.980856,31,"stress_label",10,128,0.125,0.487179487179487,0.474358974358974,NA,10,"top10","eeg_tleft_sampent_full_change_precond;eeg_tleft_halpha_mean_full_change_precond;hrv_rmssd_full_change_precond;pupil_dilation_sd_full_change_precond;eeg_tleft_lalpha_mean_full_change_precond;eeg_fm_theta_mean_full_change_precond;eeg_tright_halpha_mean_full_change_precond;eeg_t_sampent_full_change_precond;gsr_skin_conductance_eda_tonic_mean_nk_full_change_precond;eeg_pright_sampent_full_change_precond"
2025-11-26 19:06:19.78108,31,"stress_label",10,256,0.125,0.487179487179487,0.525641025641026,NA,10,"top10","eeg_tleft_sampent_full_change_precond;eeg_tleft_halpha_mean_full_change_precond;hrv_rmssd_full_change_precond;pupil_dilation_sd_full_change_precond;eeg_tleft_lalpha_mean_full_change_precond;eeg_fm_theta_mean_full_change_precond;eeg_tright_halpha_mean_full_change_precond;eeg_t_sampent_full_change_precond;gsr_skin_conductance_eda_tonic_mean_nk_full_change_precond;eeg_pright_sampent_full_change_precond"
2025-11-26 19:06:20.582085,31,"stress_label",10,2,0.03,0.576923076923077,0.666666666666667,0.544444444444444,10,"top10","eeg_tleft_sampent_full_change_precond;eeg_tleft_halpha_mean_full_change_precond;hrv_rmssd_full_change_precond;pupil_dilation_sd_full_change_precond;eeg_tleft_lalpha_mean_full_change_precond;eeg_fm_theta_mean_full_change_precond;eeg_tright_halpha_mean_full_change_precond;eeg_t_sampent_full_change_precond;gsr_skin_conductance_eda_tonic_mean_nk_full_change_precond;eeg_pright_sampent_full_change_precond"
2025-11-26 19:06:21.431404,31,"stress_label",10,4,0.03,0.58974358974359,0.634615384615385,0.54957264957265,10,"top10","eeg_tleft_sampent_full_change_precond;eeg_tleft_halpha_mean_full_change_precond;hrv_rmssd_full_change_precond;pupil_dilation_sd_full_change_precond;eeg_tleft_lalpha_mean_full_change_precond;eeg_fm_theta_mean_full_change_precond;eeg_tright_halpha_mean_full_change_precond;eeg_t_sampent_full_change_precond;gsr_skin_conductance_eda_tonic_mean_nk_full_change_precond;eeg_pright_sampent_full_change_precond"
2025-11-26 19:06:22.439202,31,"stress_label",10,8,0.03,0.576923076923077,0.596153846153846,NA,10,"top10","eeg_tleft_sampent_full_change_precond;eeg_tleft_halpha_mean_full_change_precond;hrv_rmssd_full_change_precond;pupil_dilation_sd_full_change_precond;eeg_tleft_lalpha_mean_full_change_precond;eeg_fm_theta_mean_full_change_precond;eeg_tright_halpha_mean_full_change_precond;eeg_t_sampent_full_change_precond;gsr_skin_conductance_eda_tonic_mean_nk_full_change_precond;eeg_pright_sampent_full_change_precond"
2025-11-26 19:06:23.30621,31,"stress_label",10,16,0.03,0.512820512820513,0.544871794871795,NA,10,"top10","eeg_tleft_sampent_full_change_precond;eeg_tleft_halpha_mean_full_change_precond;hrv_rmssd_full_change_precond;pupil_dilation_sd_full_change_precond;eeg_tleft_lalpha_mean_full_change_precond;eeg_fm_theta_mean_full_change_precond;eeg_tright_halpha_mean_full_change_precond;eeg_t_sampent_full_change_precond;gsr_skin_conductance_eda_tonic_mean_nk_full_change_precond;eeg_pright_sampent_full_change_precond"
2025-11-26 19:06:24.278014,31,"stress_label",10,32,0.03,0.538461538461538,0.564102564102564,NA,10,"top10","eeg_tleft_sampent_full_change_precond;eeg_tleft_halpha_mean_full_change_precond;hrv_rmssd_full_change_precond;pupil_dilation_sd_full_change_precond;eeg_tleft_lalpha_mean_full_change_precond;eeg_fm_theta_mean_full_change_precond;eeg_tright_halpha_mean_full_change_precond;eeg_t_sampent_full_change_precond;gsr_skin_conductance_eda_tonic_mean_nk_full_change_precond;eeg_pright_sampent_full_change_precond"
2025-11-26 19:06:25.240685,31,"stress_label",10,64,0.03,0.512820512820513,0.532051282051282,NA,10,"top10","eeg_tleft_sampent_full_change_precond;eeg_tleft_halpha_mean_full_change_precond;hrv_rmssd_full_change_precond;pupil_dilation_sd_full_change_precond;eeg_tleft_lalpha_mean_full_change_precond;eeg_fm_theta_mean_full_change_precond;eeg_tright_halpha_mean_full_change_precond;eeg_t_sampent_full_change_precond;gsr_skin_conductance_eda_tonic_mean_nk_full_change_precond;eeg_pright_sampent_full_change_precond"
2025-11-26 19:06:26.443636,31,"stress_label",10,128,0.03,0.5,0.467948717948718,NA,10,"top10","eeg_tleft_sampent_full_change_precond;eeg_tleft_halpha_mean_full_change_precond;hrv_rmssd_full_change_precond;pupil_dilation_sd_full_change_precond;eeg_tleft_lalpha_mean_full_change_precond;eeg_fm_theta_mean_full_change_precond;eeg_tright_halpha_mean_full_change_precond;eeg_t_sampent_full_change_precond;gsr_skin_conductance_eda_tonic_mean_nk_full_change_precond;eeg_pright_sampent_full_change_precond"
2025-11-26 19:06:27.990689,31,"stress_label",10,256,0.03,0.519230769230769,0.512820512820513,NA,10,"top10","eeg_tleft_sampent_full_change_precond;eeg_tleft_halpha_mean_full_change_precond;hrv_rmssd_full_change_precond;pupil_dilation_sd_full_change_precond;eeg_tleft_lalpha_mean_full_change_precond;eeg_fm_theta_mean_full_change_precond;eeg_tright_halpha_mean_full_change_precond;eeg_t_sampent_full_change_precond;gsr_skin_conductance_eda_tonic_mean_nk_full_change_precond;eeg_pright_sampent_full_change_precond"
2025-11-26 19:06:28.848544,31,"stress_label",10,2,0.06,0.576923076923077,0.628205128205128,0.536752136752137,10,"top10","eeg_tleft_sampent_full_change_precond;eeg_tleft_halpha_mean_full_change_precond;hrv_rmssd_full_change_precond;pupil_dilation_sd_full_change_precond;eeg_tleft_lalpha_mean_full_change_precond;eeg_fm_theta_mean_full_change_precond;eeg_tright_halpha_mean_full_change_precond;eeg_t_sampent_full_change_precond;gsr_skin_conductance_eda_tonic_mean_nk_full_change_precond;eeg_pright_sampent_full_change_precond"
2025-11-26 19:06:29.704514,31,"stress_label",10,4,0.06,0.532051282051282,0.551282051282051,NA,10,"top10","eeg_tleft_sampent_full_change_precond;eeg_tleft_halpha_mean_full_change_precond;hrv_rmssd_full_change_precond;pupil_dilation_sd_full_change_precond;eeg_tleft_lalpha_mean_full_change_precond;eeg_fm_theta_mean_full_change_precond;eeg_tright_halpha_mean_full_change_precond;eeg_t_sampent_full_change_precond;gsr_skin_conductance_eda_tonic_mean_nk_full_change_precond;eeg_pright_sampent_full_change_precond"
2025-11-26 19:06:30.56846,31,"stress_label",10,8,0.06,0.519230769230769,0.564102564102564,NA,10,"top10","eeg_tleft_sampent_full_change_precond;eeg_tleft_halpha_mean_full_change_precond;hrv_rmssd_full_change_precond;pupil_dilation_sd_full_change_precond;eeg_tleft_lalpha_mean_full_change_precond;eeg_fm_theta_mean_full_change_precond;eeg_tright_halpha_mean_full_change_precond;eeg_t_sampent_full_change_precond;gsr_skin_conductance_eda_tonic_mean_nk_full_change_precond;eeg_pright_sampent_full_change_precond"
2025-11-26 19:06:31.366719,31,"stress_label",10,16,0.06,0.512820512820513,0.506410256410256,NA,10,"top10","eeg_tleft_sampent_full_change_precond;eeg_tleft_halpha_mean_full_change_precond;hrv_rmssd_full_change_precond;pupil_dilation_sd_full_change_precond;eeg_tleft_lalpha_mean_full_change_precond;eeg_fm_theta_mean_full_change_precond;eeg_tright_halpha_mean_full_change_precond;eeg_t_sampent_full_change_precond;gsr_skin_conductance_eda_tonic_mean_nk_full_change_precond;eeg_pright_sampent_full_change_precond"
2025-11-26 19:06:32.398189,31,"stress_label",10,32,0.06,0.525641025641026,0.525641025641026,NA,10,"top10","eeg_tleft_sampent_full_change_precond;eeg_tleft_halpha_mean_full_change_precond;hrv_rmssd_full_change_precond;pupil_dilation_sd_full_change_precond;eeg_tleft_lalpha_mean_full_change_precond;eeg_fm_theta_mean_full_change_precond;eeg_tright_halpha_mean_full_change_precond;eeg_t_sampent_full_change_precond;gsr_skin_conductance_eda_tonic_mean_nk_full_change_precond;eeg_pright_sampent_full_change_precond"
2025-11-26 19:06:33.536072,31,"stress_label",10,64,0.06,0.506410256410256,0.5,NA,10,"top10","eeg_tleft_sampent_full_change_precond;eeg_tleft_halpha_mean_full_change_precond;hrv_rmssd_full_change_precond;pupil_dilation_sd_full_change_precond;eeg_tleft_lalpha_mean_full_change_precond;eeg_fm_theta_mean_full_change_precond;eeg_tright_halpha_mean_full_change_precond;eeg_t_sampent_full_change_precond;gsr_skin_conductance_eda_tonic_mean_nk_full_change_precond;eeg_pright_sampent_full_change_precond"
2025-11-26 19:06:34.801035,31,"stress_label",10,128,0.06,0.525641025641026,0.532051282051282,NA,10,"top10","eeg_tleft_sampent_full_change_precond;eeg_tleft_halpha_mean_full_change_precond;hrv_rmssd_full_change_precond;pupil_dilation_sd_full_change_precond;eeg_tleft_lalpha_mean_full_change_precond;eeg_fm_theta_mean_full_change_precond;eeg_tright_halpha_mean_full_change_precond;eeg_t_sampent_full_change_precond;gsr_skin_conductance_eda_tonic_mean_nk_full_change_precond;eeg_pright_sampent_full_change_precond"
2025-11-26 19:06:36.082496,31,"stress_label",10,256,0.06,0.506410256410256,0.487179487179487,NA,10,"top10","eeg_tleft_sampent_full_change_precond;eeg_tleft_halpha_mean_full_change_precond;hrv_rmssd_full_change_precond;pupil_dilation_sd_full_change_precond;eeg_tleft_lalpha_mean_full_change_precond;eeg_fm_theta_mean_full_change_precond;eeg_tright_halpha_mean_full_change_precond;eeg_t_sampent_full_change_precond;gsr_skin_conductance_eda_tonic_mean_nk_full_change_precond;eeg_pright_sampent_full_change_precond"
2025-11-26 19:06:36.967023,31,"stress_label",10,2,0.1,0.525641025641026,0.57051282051282,NA,10,"top10","eeg_tleft_sampent_full_change_precond;eeg_tleft_halpha_mean_full_change_precond;hrv_rmssd_full_change_precond;pupil_dilation_sd_full_change_precond;eeg_tleft_lalpha_mean_full_change_precond;eeg_fm_theta_mean_full_change_precond;eeg_tright_halpha_mean_full_change_precond;eeg_t_sampent_full_change_precond;gsr_skin_conductance_eda_tonic_mean_nk_full_change_precond;eeg_pright_sampent_full_change_precond"
2025-11-26 19:06:37.826584,31,"stress_label",10,4,0.1,0.512820512820513,0.5,NA,10,"top10","eeg_tleft_sampent_full_change_precond;eeg_tleft_halpha_mean_full_change_precond;hrv_rmssd_full_change_precond;pupil_dilation_sd_full_change_precond;eeg_tleft_lalpha_mean_full_change_precond;eeg_fm_theta_mean_full_change_precond;eeg_tright_halpha_mean_full_change_precond;eeg_t_sampent_full_change_precond;gsr_skin_conductance_eda_tonic_mean_nk_full_change_precond;eeg_pright_sampent_full_change_precond"
2025-11-26 19:06:38.78856,31,"stress_label",10,8,0.1,0.512820512820513,0.532051282051282,NA,10,"top10","eeg_tleft_sampent_full_change_precond;eeg_tleft_halpha_mean_full_change_precond;hrv_rmssd_full_change_precond;pupil_dilation_sd_full_change_precond;eeg_tleft_lalpha_mean_full_change_precond;eeg_fm_theta_mean_full_change_precond;eeg_tright_halpha_mean_full_change_precond;eeg_t_sampent_full_change_precond;gsr_skin_conductance_eda_tonic_mean_nk_full_change_precond;eeg_pright_sampent_full_change_precond"
2025-11-26 19:06:39.749493,31,"stress_label",10,16,0.1,0.493589743589744,0.448717948717949,NA,10,"top10","eeg_tleft_sampent_full_change_precond;eeg_tleft_halpha_mean_full_change_precond;hrv_rmssd_full_change_precond;pupil_dilation_sd_full_change_precond;eeg_tleft_lalpha_mean_full_change_precond;eeg_fm_theta_mean_full_change_precond;eeg_tright_halpha_mean_full_change_precond;eeg_t_sampent_full_change_precond;gsr_skin_conductance_eda_tonic_mean_nk_full_change_precond;eeg_pright_sampent_full_change_precond"
2025-11-26 19:06:40.80291,31,"stress_label",10,32,0.1,0.512820512820513,0.487179487179487,NA,10,"top10","eeg_tleft_sampent_full_change_precond;eeg_tleft_halpha_mean_full_change_precond;hrv_rmssd_full_change_precond;pupil_dilation_sd_full_change_precond;eeg_tleft_lalpha_mean_full_change_precond;eeg_fm_theta_mean_full_change_precond;eeg_tright_halpha_mean_full_change_precond;eeg_t_sampent_full_change_precond;gsr_skin_conductance_eda_tonic_mean_nk_full_change_precond;eeg_pright_sampent_full_change_precond"
2025-11-26 19:06:41.906289,31,"stress_label",10,64,0.1,0.487179487179487,0.532051282051282,NA,10,"top10","eeg_tleft_sampent_full_change_precond;eeg_tleft_halpha_mean_full_change_precond;hrv_rmssd_full_change_precond;pupil_dilation_sd_full_change_precond;eeg_tleft_lalpha_mean_full_change_precond;eeg_fm_theta_mean_full_change_precond;eeg_tright_halpha_mean_full_change_precond;eeg_t_sampent_full_change_precond;gsr_skin_conductance_eda_tonic_mean_nk_full_change_precond;eeg_pright_sampent_full_change_precond"
2025-11-26 19:06:43.003744,31,"stress_label",10,128,0.1,0.487179487179487,0.493589743589744,NA,10,"top10","eeg_tleft_sampent_full_change_precond;eeg_tleft_halpha_mean_full_change_precond;hrv_rmssd_full_change_precond;pupil_dilation_sd_full_change_precond;eeg_tleft_lalpha_mean_full_change_precond;eeg_fm_theta_mean_full_change_precond;eeg_tright_halpha_mean_full_change_precond;eeg_t_sampent_full_change_precond;gsr_skin_conductance_eda_tonic_mean_nk_full_change_precond;eeg_pright_sampent_full_change_precond"
2025-11-26 19:06:44.098902,31,"stress_label",10,256,0.1,0.487179487179487,0.506410256410256,NA,10,"top10","eeg_tleft_sampent_full_change_precond;eeg_tleft_halpha_mean_full_change_precond;hrv_rmssd_full_change_precond;pupil_dilation_sd_full_change_precond;eeg_tleft_lalpha_mean_full_change_precond;eeg_fm_theta_mean_full_change_precond;eeg_tright_halpha_mean_full_change_precond;eeg_t_sampent_full_change_precond;gsr_skin_conductance_eda_tonic_mean_nk_full_change_precond;eeg_pright_sampent_full_change_precond"
2025-11-26 19:06:44.940343,31,"stress_label",5,2,0.0078125,0.641025641025641,0.698717948717949,0.64017094017094,5,"top5","eeg_tleft_sampent_full_change_precond;eeg_tleft_halpha_mean_full_change_precond;hrv_rmssd_full_change_precond;pupil_dilation_sd_full_change_precond;eeg_tleft_lalpha_mean_full_change_precond"
2025-11-26 19:06:45.707016,31,"stress_label",5,4,0.0078125,0.621794871794872,0.666666666666667,0.625641025641026,5,"top5","eeg_tleft_sampent_full_change_precond;eeg_tleft_halpha_mean_full_change_precond;hrv_rmssd_full_change_precond;pupil_dilation_sd_full_change_precond;eeg_tleft_lalpha_mean_full_change_precond"
2025-11-26 19:06:46.478599,31,"stress_label",5,8,0.0078125,0.602564102564103,0.66025641025641,0.607692307692308,5,"top5","eeg_tleft_sampent_full_change_precond;eeg_tleft_halpha_mean_full_change_precond;hrv_rmssd_full_change_precond;pupil_dilation_sd_full_change_precond;eeg_tleft_lalpha_mean_full_change_precond"
2025-11-26 19:06:47.263455,31,"stress_label",5,16,0.0078125,0.602564102564103,0.673076923076923,0.600854700854701,5,"top5","eeg_tleft_sampent_full_change_precond;eeg_tleft_halpha_mean_full_change_precond;hrv_rmssd_full_change_precond;pupil_dilation_sd_full_change_precond;eeg_tleft_lalpha_mean_full_change_precond"
2025-11-26 19:06:47.981766,31,"stress_label",5,32,0.0078125,0.628205128205128,0.685897435897436,0.612820512820513,5,"top5","eeg_tleft_sampent_full_change_precond;eeg_tleft_halpha_mean_full_change_precond;hrv_rmssd_full_change_precond;pupil_dilation_sd_full_change_precond;eeg_tleft_lalpha_mean_full_change_precond"
2025-11-26 19:06:48.709669,31,"stress_label",5,64,0.0078125,0.647435897435897,0.711538461538462,0.634188034188034,5,"top5","eeg_tleft_sampent_full_change_precond;eeg_tleft_halpha_mean_full_change_precond;hrv_rmssd_full_change_precond;pupil_dilation_sd_full_change_precond;eeg_tleft_lalpha_mean_full_change_precond"
2025-11-26 19:06:49.378509,31,"stress_label",5,128,0.0078125,0.641025641025641,0.67948717948718,0.621367521367521,5,"top5","eeg_tleft_sampent_full_change_precond;eeg_tleft_halpha_mean_full_change_precond;hrv_rmssd_full_change_precond;pupil_dilation_sd_full_change_precond;eeg_tleft_lalpha_mean_full_change_precond"
2025-11-26 19:06:50.220217,31,"stress_label",5,256,0.0078125,0.602564102564103,0.653846153846154,0.561538461538462,5,"top5","eeg_tleft_sampent_full_change_precond;eeg_tleft_halpha_mean_full_change_precond;hrv_rmssd_full_change_precond;pupil_dilation_sd_full_change_precond;eeg_tleft_lalpha_mean_full_change_precond"
2025-11-26 19:06:50.988974,31,"stress_label",5,2,0.015625,0.608974358974359,0.666666666666667,0.613675213675214,5,"top5","eeg_tleft_sampent_full_change_precond;eeg_tleft_halpha_mean_full_change_precond;hrv_rmssd_full_change_precond;pupil_dilation_sd_full_change_precond;eeg_tleft_lalpha_mean_full_change_precond"
2025-11-26 19:06:51.760508,31,"stress_label",5,4,0.015625,0.615384615384615,0.66025641025641,0.614529914529915,5,"top5","eeg_tleft_sampent_full_change_precond;eeg_tleft_halpha_mean_full_change_precond;hrv_rmssd_full_change_precond;pupil_dilation_sd_full_change_precond;eeg_tleft_lalpha_mean_full_change_precond"
2025-11-26 19:06:52.491753,31,"stress_label",5,8,0.015625,0.615384615384615,0.673076923076923,0.599145299145299,5,"top5","eeg_tleft_sampent_full_change_precond;eeg_tleft_halpha_mean_full_change_precond;hrv_rmssd_full_change_precond;pupil_dilation_sd_full_change_precond;eeg_tleft_lalpha_mean_full_change_precond"
2025-11-26 19:06:53.268111,31,"stress_label",5,16,0.015625,0.634615384615385,0.705128205128205,0.625641025641026,5,"top5","eeg_tleft_sampent_full_change_precond;eeg_tleft_halpha_mean_full_change_precond;hrv_rmssd_full_change_precond;pupil_dilation_sd_full_change_precond;eeg_tleft_lalpha_mean_full_change_precond"
2025-11-26 19:06:53.992952,31,"stress_label",5,32,0.015625,0.634615384615385,0.666666666666667,0.617094017094017,5,"top5","eeg_tleft_sampent_full_change_precond;eeg_tleft_halpha_mean_full_change_precond;hrv_rmssd_full_change_precond;pupil_dilation_sd_full_change_precond;eeg_tleft_lalpha_mean_full_change_precond"
2025-11-26 19:06:54.763599,31,"stress_label",5,64,0.015625,0.596153846153846,0.66025641025641,0.558974358974359,5,"top5","eeg_tleft_sampent_full_change_precond;eeg_tleft_halpha_mean_full_change_precond;hrv_rmssd_full_change_precond;pupil_dilation_sd_full_change_precond;eeg_tleft_lalpha_mean_full_change_precond"
2025-11-26 19:06:55.516676,31,"stress_label",5,128,0.015625,0.583333333333333,0.647435897435897,NA,5,"top5","eeg_tleft_sampent_full_change_precond;eeg_tleft_halpha_mean_full_change_precond;hrv_rmssd_full_change_precond;pupil_dilation_sd_full_change_precond;eeg_tleft_lalpha_mean_full_change_precond"
2025-11-26 19:06:56.403598,31,"stress_label",5,256,0.015625,0.608974358974359,0.66025641025641,0.576068376068376,5,"top5","eeg_tleft_sampent_full_change_precond;eeg_tleft_halpha_mean_full_change_precond;hrv_rmssd_full_change_precond;pupil_dilation_sd_full_change_precond;eeg_tleft_lalpha_mean_full_change_precond"
2025-11-26 19:06:57.033258,31,"stress_label",5,2,0.03125,0.615384615384615,0.66025641025641,0.614529914529915,5,"top5","eeg_tleft_sampent_full_change_precond;eeg_tleft_halpha_mean_full_change_precond;hrv_rmssd_full_change_precond;pupil_dilation_sd_full_change_precond;eeg_tleft_lalpha_mean_full_change_precond"
2025-11-26 19:06:57.802692,31,"stress_label",5,4,0.03125,0.628205128205128,0.673076923076923,0.620512820512821,5,"top5","eeg_tleft_sampent_full_change_precond;eeg_tleft_halpha_mean_full_change_precond;hrv_rmssd_full_change_precond;pupil_dilation_sd_full_change_precond;eeg_tleft_lalpha_mean_full_change_precond"
2025-11-26 19:06:58.440078,31,"stress_label",5,8,0.03125,0.628205128205128,0.66025641025641,0.617094017094017,5,"top5","eeg_tleft_sampent_full_change_precond;eeg_tleft_halpha_mean_full_change_precond;hrv_rmssd_full_change_precond;pupil_dilation_sd_full_change_precond;eeg_tleft_lalpha_mean_full_change_precond"
2025-11-26 19:06:59.079743,31,"stress_label",5,16,0.03125,0.583333333333333,0.647435897435897,NA,5,"top5","eeg_tleft_sampent_full_change_precond;eeg_tleft_halpha_mean_full_change_precond;hrv_rmssd_full_change_precond;pupil_dilation_sd_full_change_precond;eeg_tleft_lalpha_mean_full_change_precond"
2025-11-26 19:06:59.847533,31,"stress_label",5,32,0.03125,0.596153846153846,0.641025641025641,NA,5,"top5","eeg_tleft_sampent_full_change_precond;eeg_tleft_halpha_mean_full_change_precond;hrv_rmssd_full_change_precond;pupil_dilation_sd_full_change_precond;eeg_tleft_lalpha_mean_full_change_precond"
2025-11-26 19:07:00.675374,31,"stress_label",5,64,0.03125,0.608974358974359,0.673076923076923,0.571794871794872,5,"top5","eeg_tleft_sampent_full_change_precond;eeg_tleft_halpha_mean_full_change_precond;hrv_rmssd_full_change_precond;pupil_dilation_sd_full_change_precond;eeg_tleft_lalpha_mean_full_change_precond"
2025-11-26 19:07:01.474969,31,"stress_label",5,128,0.03125,0.602564102564103,0.66025641025641,0.576068376068376,5,"top5","eeg_tleft_sampent_full_change_precond;eeg_tleft_halpha_mean_full_change_precond;hrv_rmssd_full_change_precond;pupil_dilation_sd_full_change_precond;eeg_tleft_lalpha_mean_full_change_precond"
2025-11-26 19:07:02.551854,31,"stress_label",5,256,0.03125,0.564102564102564,0.583333333333333,0.543589743589744,5,"top5","eeg_tleft_sampent_full_change_precond;eeg_tleft_halpha_mean_full_change_precond;hrv_rmssd_full_change_precond;pupil_dilation_sd_full_change_precond;eeg_tleft_lalpha_mean_full_change_precond"
2025-11-26 19:07:03.313492,31,"stress_label",5,2,0.0625,0.628205128205128,0.67948717948718,0.617094017094017,5,"top5","eeg_tleft_sampent_full_change_precond;eeg_tleft_halpha_mean_full_change_precond;hrv_rmssd_full_change_precond;pupil_dilation_sd_full_change_precond;eeg_tleft_lalpha_mean_full_change_precond"
2025-11-26 19:07:04.098979,31,"stress_label",5,4,0.0625,0.58974358974359,0.653846153846154,NA,5,"top5","eeg_tleft_sampent_full_change_precond;eeg_tleft_halpha_mean_full_change_precond;hrv_rmssd_full_change_precond;pupil_dilation_sd_full_change_precond;eeg_tleft_lalpha_mean_full_change_precond"
2025-11-26 19:07:04.862676,31,"stress_label",5,8,0.0625,0.583333333333333,0.647435897435897,NA,5,"top5","eeg_tleft_sampent_full_change_precond;eeg_tleft_halpha_mean_full_change_precond;hrv_rmssd_full_change_precond;pupil_dilation_sd_full_change_precond;eeg_tleft_lalpha_mean_full_change_precond"
2025-11-26 19:07:05.665993,31,"stress_label",5,16,0.0625,0.608974358974359,0.653846153846154,0.575213675213675,5,"top5","eeg_tleft_sampent_full_change_precond;eeg_tleft_halpha_mean_full_change_precond;hrv_rmssd_full_change_precond;pupil_dilation_sd_full_change_precond;eeg_tleft_lalpha_mean_full_change_precond"
2025-11-26 19:07:06.385171,31,"stress_label",5,32,0.0625,0.58974358974359,0.641025641025641,0.562393162393162,5,"top5","eeg_tleft_sampent_full_change_precond;eeg_tleft_halpha_mean_full_change_precond;hrv_rmssd_full_change_precond;pupil_dilation_sd_full_change_precond;eeg_tleft_lalpha_mean_full_change_precond"
2025-11-26 19:07:07.22103,31,"stress_label",5,64,0.0625,0.57051282051282,0.583333333333333,0.55042735042735,5,"top5","eeg_tleft_sampent_full_change_precond;eeg_tleft_halpha_mean_full_change_precond;hrv_rmssd_full_change_precond;pupil_dilation_sd_full_change_precond;eeg_tleft_lalpha_mean_full_change_precond"
2025-11-26 19:07:08.263242,31,"stress_label",5,128,0.0625,0.544871794871795,0.525641025641026,NA,5,"top5","eeg_tleft_sampent_full_change_precond;eeg_tleft_halpha_mean_full_change_precond;hrv_rmssd_full_change_precond;pupil_dilation_sd_full_change_precond;eeg_tleft_lalpha_mean_full_change_precond"
2025-11-26 19:07:09.641724,31,"stress_label",5,256,0.0625,0.544871794871795,0.551282051282051,NA,5,"top5","eeg_tleft_sampent_full_change_precond;eeg_tleft_halpha_mean_full_change_precond;hrv_rmssd_full_change_precond;pupil_dilation_sd_full_change_precond;eeg_tleft_lalpha_mean_full_change_precond"
2025-11-26 19:07:10.314389,31,"stress_label",5,2,0.125,0.576923076923077,0.647435897435897,NA,5,"top5","eeg_tleft_sampent_full_change_precond;eeg_tleft_halpha_mean_full_change_precond;hrv_rmssd_full_change_precond;pupil_dilation_sd_full_change_precond;eeg_tleft_lalpha_mean_full_change_precond"
2025-11-26 19:07:11.109029,31,"stress_label",5,4,0.125,0.602564102564103,0.653846153846154,NA,5,"top5","eeg_tleft_sampent_full_change_precond;eeg_tleft_halpha_mean_full_change_precond;hrv_rmssd_full_change_precond;pupil_dilation_sd_full_change_precond;eeg_tleft_lalpha_mean_full_change_precond"
2025-11-26 19:07:11.882369,31,"stress_label",5,8,0.125,0.576923076923077,0.634615384615385,0.557264957264957,5,"top5","eeg_tleft_sampent_full_change_precond;eeg_tleft_halpha_mean_full_change_precond;hrv_rmssd_full_change_precond;pupil_dilation_sd_full_change_precond;eeg_tleft_lalpha_mean_full_change_precond"
2025-11-26 19:07:12.70319,31,"stress_label",5,16,0.125,0.557692307692308,0.576923076923077,0.532478632478632,5,"top5","eeg_tleft_sampent_full_change_precond;eeg_tleft_halpha_mean_full_change_precond;hrv_rmssd_full_change_precond;pupil_dilation_sd_full_change_precond;eeg_tleft_lalpha_mean_full_change_precond"
2025-11-26 19:07:13.621985,31,"stress_label",5,32,0.125,0.538461538461538,0.544871794871795,NA,5,"top5","eeg_tleft_sampent_full_change_precond;eeg_tleft_halpha_mean_full_change_precond;hrv_rmssd_full_change_precond;pupil_dilation_sd_full_change_precond;eeg_tleft_lalpha_mean_full_change_precond"
2025-11-26 19:07:14.637673,31,"stress_label",5,64,0.125,0.538461538461538,0.576923076923077,NA,5,"top5","eeg_tleft_sampent_full_change_precond;eeg_tleft_halpha_mean_full_change_precond;hrv_rmssd_full_change_precond;pupil_dilation_sd_full_change_precond;eeg_tleft_lalpha_mean_full_change_precond"
2025-11-26 19:07:15.858701,31,"stress_label",5,128,0.125,0.538461538461538,0.487179487179487,NA,5,"top5","eeg_tleft_sampent_full_change_precond;eeg_tleft_halpha_mean_full_change_precond;hrv_rmssd_full_change_precond;pupil_dilation_sd_full_change_precond;eeg_tleft_lalpha_mean_full_change_precond"
2025-11-26 19:07:17.424051,31,"stress_label",5,256,0.125,0.551282051282051,0.467948717948718,NA,5,"top5","eeg_tleft_sampent_full_change_precond;eeg_tleft_halpha_mean_full_change_precond;hrv_rmssd_full_change_precond;pupil_dilation_sd_full_change_precond;eeg_tleft_lalpha_mean_full_change_precond"
2025-11-26 19:07:18.204086,31,"stress_label",5,2,0.03,0.615384615384615,0.653846153846154,0.614529914529915,5,"top5","eeg_tleft_sampent_full_change_precond;eeg_tleft_halpha_mean_full_change_precond;hrv_rmssd_full_change_precond;pupil_dilation_sd_full_change_precond;eeg_tleft_lalpha_mean_full_change_precond"
2025-11-26 19:07:18.768297,31,"stress_label",5,4,0.03,0.628205128205128,0.673076923076923,0.620512820512821,5,"top5","eeg_tleft_sampent_full_change_precond;eeg_tleft_halpha_mean_full_change_precond;hrv_rmssd_full_change_precond;pupil_dilation_sd_full_change_precond;eeg_tleft_lalpha_mean_full_change_precond"
2025-11-26 19:07:19.46384,31,"stress_label",5,8,0.03,0.628205128205128,0.67948717948718,0.617094017094017,5,"top5","eeg_tleft_sampent_full_change_precond;eeg_tleft_halpha_mean_full_change_precond;hrv_rmssd_full_change_precond;pupil_dilation_sd_full_change_precond;eeg_tleft_lalpha_mean_full_change_precond"
2025-11-26 19:07:20.269158,31,"stress_label",5,16,0.03,0.583333333333333,0.647435897435897,NA,5,"top5","eeg_tleft_sampent_full_change_precond;eeg_tleft_halpha_mean_full_change_precond;hrv_rmssd_full_change_precond;pupil_dilation_sd_full_change_precond;eeg_tleft_lalpha_mean_full_change_precond"
2025-11-26 19:07:21.080923,31,"stress_label",5,32,0.03,0.596153846153846,0.641025641025641,NA,5,"top5","eeg_tleft_sampent_full_change_precond;eeg_tleft_halpha_mean_full_change_precond;hrv_rmssd_full_change_precond;pupil_dilation_sd_full_change_precond;eeg_tleft_lalpha_mean_full_change_precond"
2025-11-26 19:07:21.782708,31,"stress_label",5,64,0.03,0.608974358974359,0.666666666666667,0.579487179487179,5,"top5","eeg_tleft_sampent_full_change_precond;eeg_tleft_halpha_mean_full_change_precond;hrv_rmssd_full_change_precond;pupil_dilation_sd_full_change_precond;eeg_tleft_lalpha_mean_full_change_precond"
2025-11-26 19:07:22.678562,31,"stress_label",5,128,0.03,0.596153846153846,0.66025641025641,0.567521367521368,5,"top5","eeg_tleft_sampent_full_change_precond;eeg_tleft_halpha_mean_full_change_precond;hrv_rmssd_full_change_precond;pupil_dilation_sd_full_change_precond;eeg_tleft_lalpha_mean_full_change_precond"
2025-11-26 19:07:23.735586,31,"stress_label",5,256,0.03,0.57051282051282,0.596153846153846,0.548717948717949,5,"top5","eeg_tleft_sampent_full_change_precond;eeg_tleft_halpha_mean_full_change_precond;hrv_rmssd_full_change_precond;pupil_dilation_sd_full_change_precond;eeg_tleft_lalpha_mean_full_change_precond"
2025-11-26 19:07:24.498497,31,"stress_label",5,2,0.06,0.634615384615385,0.67948717948718,0.624786324786325,5,"top5","eeg_tleft_sampent_full_change_precond;eeg_tleft_halpha_mean_full_change_precond;hrv_rmssd_full_change_precond;pupil_dilation_sd_full_change_precond;eeg_tleft_lalpha_mean_full_change_precond"
2025-11-26 19:07:25.274039,31,"stress_label",5,4,0.06,0.58974358974359,0.653846153846154,NA,5,"top5","eeg_tleft_sampent_full_change_precond;eeg_tleft_halpha_mean_full_change_precond;hrv_rmssd_full_change_precond;pupil_dilation_sd_full_change_precond;eeg_tleft_lalpha_mean_full_change_precond"
2025-11-26 19:07:26.073692,31,"stress_label",5,8,0.06,0.576923076923077,0.634615384615385,NA,5,"top5","eeg_tleft_sampent_full_change_precond;eeg_tleft_halpha_mean_full_change_precond;hrv_rmssd_full_change_precond;pupil_dilation_sd_full_change_precond;eeg_tleft_lalpha_mean_full_change_precond"
2025-11-26 19:07:26.757063,31,"stress_label",5,16,0.06,0.596153846153846,0.66025641025641,NA,5,"top5","eeg_tleft_sampent_full_change_precond;eeg_tleft_halpha_mean_full_change_precond;hrv_rmssd_full_change_precond;pupil_dilation_sd_full_change_precond;eeg_tleft_lalpha_mean_full_change_precond"
2025-11-26 19:07:27.511676,31,"stress_label",5,32,0.06,0.58974358974359,0.647435897435897,0.561538461538462,5,"top5","eeg_tleft_sampent_full_change_precond;eeg_tleft_halpha_mean_full_change_precond;hrv_rmssd_full_change_precond;pupil_dilation_sd_full_change_precond;eeg_tleft_lalpha_mean_full_change_precond"
2025-11-26 19:07:28.390108,31,"stress_label",5,64,0.06,0.57051282051282,0.583333333333333,0.55042735042735,5,"top5","eeg_tleft_sampent_full_change_precond;eeg_tleft_halpha_mean_full_change_precond;hrv_rmssd_full_change_precond;pupil_dilation_sd_full_change_precond;eeg_tleft_lalpha_mean_full_change_precond"
2025-11-26 19:07:29.279056,31,"stress_label",5,128,0.06,0.551282051282051,0.57051282051282,NA,5,"top5","eeg_tleft_sampent_full_change_precond;eeg_tleft_halpha_mean_full_change_precond;hrv_rmssd_full_change_precond;pupil_dilation_sd_full_change_precond;eeg_tleft_lalpha_mean_full_change_precond"
2025-11-26 19:07:30.591888,31,"stress_label",5,256,0.06,0.538461538461538,0.596153846153846,NA,5,"top5","eeg_tleft_sampent_full_change_precond;eeg_tleft_halpha_mean_full_change_precond;hrv_rmssd_full_change_precond;pupil_dilation_sd_full_change_precond;eeg_tleft_lalpha_mean_full_change_precond"
2025-11-26 19:07:31.371333,31,"stress_label",5,2,0.1,0.596153846153846,0.66025641025641,NA,5,"top5","eeg_tleft_sampent_full_change_precond;eeg_tleft_halpha_mean_full_change_precond;hrv_rmssd_full_change_precond;pupil_dilation_sd_full_change_precond;eeg_tleft_lalpha_mean_full_change_precond"
2025-11-26 19:07:32.026978,31,"stress_label",5,4,0.1,0.596153846153846,0.628205128205128,NA,5,"top5","eeg_tleft_sampent_full_change_precond;eeg_tleft_halpha_mean_full_change_precond;hrv_rmssd_full_change_precond;pupil_dilation_sd_full_change_precond;eeg_tleft_lalpha_mean_full_change_precond"
2025-11-26 19:07:32.786148,31,"stress_label",5,8,0.1,0.58974358974359,0.641025641025641,0.556410256410256,5,"top5","eeg_tleft_sampent_full_change_precond;eeg_tleft_halpha_mean_full_change_precond;hrv_rmssd_full_change_precond;pupil_dilation_sd_full_change_precond;eeg_tleft_lalpha_mean_full_change_precond"
2025-11-26 19:07:33.703552,31,"stress_label",5,16,0.1,0.57051282051282,0.634615384615385,0.553846153846154,5,"top5","eeg_tleft_sampent_full_change_precond;eeg_tleft_halpha_mean_full_change_precond;hrv_rmssd_full_change_precond;pupil_dilation_sd_full_change_precond;eeg_tleft_lalpha_mean_full_change_precond"
2025-11-26 19:07:34.501177,31,"stress_label",5,32,0.1,0.544871794871795,0.551282051282051,0.51965811965812,5,"top5","eeg_tleft_sampent_full_change_precond;eeg_tleft_halpha_mean_full_change_precond;hrv_rmssd_full_change_precond;pupil_dilation_sd_full_change_precond;eeg_tleft_lalpha_mean_full_change_precond"
2025-11-26 19:07:35.433128,31,"stress_label",5,64,0.1,0.544871794871795,0.57051282051282,NA,5,"top5","eeg_tleft_sampent_full_change_precond;eeg_tleft_halpha_mean_full_change_precond;hrv_rmssd_full_change_precond;pupil_dilation_sd_full_change_precond;eeg_tleft_lalpha_mean_full_change_precond"
2025-11-26 19:07:36.539872,31,"stress_label",5,128,0.1,0.564102564102564,0.538461538461538,NA,5,"top5","eeg_tleft_sampent_full_change_precond;eeg_tleft_halpha_mean_full_change_precond;hrv_rmssd_full_change_precond;pupil_dilation_sd_full_change_precond;eeg_tleft_lalpha_mean_full_change_precond"
2025-11-26 19:07:38.103518,31,"stress_label",5,256,0.1,0.551282051282051,0.564102564102564,NA,5,"top5","eeg_tleft_sampent_full_change_precond;eeg_tleft_halpha_mean_full_change_precond;hrv_rmssd_full_change_precond;pupil_dilation_sd_full_change_precond;eeg_tleft_lalpha_mean_full_change_precond"
2025-11-26 19:07:39.338476,32,"stress_label",20,2,0.0078125,0.544871794871795,0.634615384615385,0.521367521367521,20,"top20","eeg_tleft_sampent_full_change_precond;eeg_tleft_halpha_mean_full_change_precond;eeg_c_theta_mean_full_change_precond;eeg_fl_hbeta_mean_full_change_precond;eeg_pright_sampent_full_change_precond;pupil_dilation_sd_full_change_precond;hrv_rmssd_full_change_precond;eeg_t_sampent_full_change_precond;eeg_fm_theta_mean_full_change_precond;eeg_tleft_lalpha_mean_full_change_precond;eeg_c_sampent_full_change_precond;gsr_skin_conductance_eda_tonic_mean_nk_full_change_precond;eeg_fr_sampent_full_change_precond;eeg_tright_halpha_mean_full_change_precond;eeg_tleft_hbeta_mean_full_change_precond;eeg_c_specent_full_change_precond;eeg_pleft_halpha_mean_full_change_precond;eeg_fm_sampent_full_change_precond;eeg_fm_lbeta_mean_full_change_precond;eeg_ab_ratio_full_change_precond"
2025-11-26 19:07:40.326603,32,"stress_label",20,4,0.0078125,0.5,0.615384615384615,0.476068376068376,20,"top20","eeg_tleft_sampent_full_change_precond;eeg_tleft_halpha_mean_full_change_precond;eeg_c_theta_mean_full_change_precond;eeg_fl_hbeta_mean_full_change_precond;eeg_pright_sampent_full_change_precond;pupil_dilation_sd_full_change_precond;hrv_rmssd_full_change_precond;eeg_t_sampent_full_change_precond;eeg_fm_theta_mean_full_change_precond;eeg_tleft_lalpha_mean_full_change_precond;eeg_c_sampent_full_change_precond;gsr_skin_conductance_eda_tonic_mean_nk_full_change_precond;eeg_fr_sampent_full_change_precond;eeg_tright_halpha_mean_full_change_precond;eeg_tleft_hbeta_mean_full_change_precond;eeg_c_specent_full_change_precond;eeg_pleft_halpha_mean_full_change_precond;eeg_fm_sampent_full_change_precond;eeg_fm_lbeta_mean_full_change_precond;eeg_ab_ratio_full_change_precond"
2025-11-26 19:07:41.323812,32,"stress_label",20,8,0.0078125,0.493589743589744,0.551282051282051,0.472649572649573,20,"top20","eeg_tleft_sampent_full_change_precond;eeg_tleft_halpha_mean_full_change_precond;eeg_c_theta_mean_full_change_precond;eeg_fl_hbeta_mean_full_change_precond;eeg_pright_sampent_full_change_precond;pupil_dilation_sd_full_change_precond;hrv_rmssd_full_change_precond;eeg_t_sampent_full_change_precond;eeg_fm_theta_mean_full_change_precond;eeg_tleft_lalpha_mean_full_change_precond;eeg_c_sampent_full_change_precond;gsr_skin_conductance_eda_tonic_mean_nk_full_change_precond;eeg_fr_sampent_full_change_precond;eeg_tright_halpha_mean_full_change_precond;eeg_tleft_hbeta_mean_full_change_precond;eeg_c_specent_full_change_precond;eeg_pleft_halpha_mean_full_change_precond;eeg_fm_sampent_full_change_precond;eeg_fm_lbeta_mean_full_change_precond;eeg_ab_ratio_full_change_precond"
2025-11-26 19:07:42.32394,32,"stress_label",20,16,0.0078125,0.525641025641026,0.487179487179487,0.499145299145299,20,"top20","eeg_tleft_sampent_full_change_precond;eeg_tleft_halpha_mean_full_change_precond;eeg_c_theta_mean_full_change_precond;eeg_fl_hbeta_mean_full_change_precond;eeg_pright_sampent_full_change_precond;pupil_dilation_sd_full_change_precond;hrv_rmssd_full_change_precond;eeg_t_sampent_full_change_precond;eeg_fm_theta_mean_full_change_precond;eeg_tleft_lalpha_mean_full_change_precond;eeg_c_sampent_full_change_precond;gsr_skin_conductance_eda_tonic_mean_nk_full_change_precond;eeg_fr_sampent_full_change_precond;eeg_tright_halpha_mean_full_change_precond;eeg_tleft_hbeta_mean_full_change_precond;eeg_c_specent_full_change_precond;eeg_pleft_halpha_mean_full_change_precond;eeg_fm_sampent_full_change_precond;eeg_fm_lbeta_mean_full_change_precond;eeg_ab_ratio_full_change_precond"
2025-11-26 19:07:43.397195,32,"stress_label",20,32,0.0078125,0.519230769230769,0.512820512820513,NA,20,"top20","eeg_tleft_sampent_full_change_precond;eeg_tleft_halpha_mean_full_change_precond;eeg_c_theta_mean_full_change_precond;eeg_fl_hbeta_mean_full_change_precond;eeg_pright_sampent_full_change_precond;pupil_dilation_sd_full_change_precond;hrv_rmssd_full_change_precond;eeg_t_sampent_full_change_precond;eeg_fm_theta_mean_full_change_precond;eeg_tleft_lalpha_mean_full_change_precond;eeg_c_sampent_full_change_precond;gsr_skin_conductance_eda_tonic_mean_nk_full_change_precond;eeg_fr_sampent_full_change_precond;eeg_tright_halpha_mean_full_change_precond;eeg_tleft_hbeta_mean_full_change_precond;eeg_c_specent_full_change_precond;eeg_pleft_halpha_mean_full_change_precond;eeg_fm_sampent_full_change_precond;eeg_fm_lbeta_mean_full_change_precond;eeg_ab_ratio_full_change_precond"
2025-11-26 19:07:44.548664,32,"stress_label",20,64,0.0078125,0.487179487179487,0.5,NA,20,"top20","eeg_tleft_sampent_full_change_precond;eeg_tleft_halpha_mean_full_change_precond;eeg_c_theta_mean_full_change_precond;eeg_fl_hbeta_mean_full_change_precond;eeg_pright_sampent_full_change_precond;pupil_dilation_sd_full_change_precond;hrv_rmssd_full_change_precond;eeg_t_sampent_full_change_precond;eeg_fm_theta_mean_full_change_precond;eeg_tleft_lalpha_mean_full_change_precond;eeg_c_sampent_full_change_precond;gsr_skin_conductance_eda_tonic_mean_nk_full_change_precond;eeg_fr_sampent_full_change_precond;eeg_tright_halpha_mean_full_change_precond;eeg_tleft_hbeta_mean_full_change_precond;eeg_c_specent_full_change_precond;eeg_pleft_halpha_mean_full_change_precond;eeg_fm_sampent_full_change_precond;eeg_fm_lbeta_mean_full_change_precond;eeg_ab_ratio_full_change_precond"
2025-11-26 19:07:45.859178,32,"stress_label",20,128,0.0078125,0.512820512820513,0.544871794871795,NA,20,"top20","eeg_tleft_sampent_full_change_precond;eeg_tleft_halpha_mean_full_change_precond;eeg_c_theta_mean_full_change_precond;eeg_fl_hbeta_mean_full_change_precond;eeg_pright_sampent_full_change_precond;pupil_dilation_sd_full_change_precond;hrv_rmssd_full_change_precond;eeg_t_sampent_full_change_precond;eeg_fm_theta_mean_full_change_precond;eeg_tleft_lalpha_mean_full_change_precond;eeg_c_sampent_full_change_precond;gsr_skin_conductance_eda_tonic_mean_nk_full_change_precond;eeg_fr_sampent_full_change_precond;eeg_tright_halpha_mean_full_change_precond;eeg_tleft_hbeta_mean_full_change_precond;eeg_c_specent_full_change_precond;eeg_pleft_halpha_mean_full_change_precond;eeg_fm_sampent_full_change_precond;eeg_fm_lbeta_mean_full_change_precond;eeg_ab_ratio_full_change_precond"
2025-11-26 19:07:47.457283,32,"stress_label",20,256,0.0078125,0.57051282051282,0.634615384615385,NA,20,"top20","eeg_tleft_sampent_full_change_precond;eeg_tleft_halpha_mean_full_change_precond;eeg_c_theta_mean_full_change_precond;eeg_fl_hbeta_mean_full_change_precond;eeg_pright_sampent_full_change_precond;pupil_dilation_sd_full_change_precond;hrv_rmssd_full_change_precond;eeg_t_sampent_full_change_precond;eeg_fm_theta_mean_full_change_precond;eeg_tleft_lalpha_mean_full_change_precond;eeg_c_sampent_full_change_precond;gsr_skin_conductance_eda_tonic_mean_nk_full_change_precond;eeg_fr_sampent_full_change_precond;eeg_tright_halpha_mean_full_change_precond;eeg_tleft_hbeta_mean_full_change_precond;eeg_c_specent_full_change_precond;eeg_pleft_halpha_mean_full_change_precond;eeg_fm_sampent_full_change_precond;eeg_fm_lbeta_mean_full_change_precond;eeg_ab_ratio_full_change_precond"
2025-11-26 19:07:48.482537,32,"stress_label",20,2,0.015625,0.519230769230769,0.615384615384615,0.483760683760684,20,"top20","eeg_tleft_sampent_full_change_precond;eeg_tleft_halpha_mean_full_change_precond;eeg_c_theta_mean_full_change_precond;eeg_fl_hbeta_mean_full_change_precond;eeg_pright_sampent_full_change_precond;pupil_dilation_sd_full_change_precond;hrv_rmssd_full_change_precond;eeg_t_sampent_full_change_precond;eeg_fm_theta_mean_full_change_precond;eeg_tleft_lalpha_mean_full_change_precond;eeg_c_sampent_full_change_precond;gsr_skin_conductance_eda_tonic_mean_nk_full_change_precond;eeg_fr_sampent_full_change_precond;eeg_tright_halpha_mean_full_change_precond;eeg_tleft_hbeta_mean_full_change_precond;eeg_c_specent_full_change_precond;eeg_pleft_halpha_mean_full_change_precond;eeg_fm_sampent_full_change_precond;eeg_fm_lbeta_mean_full_change_precond;eeg_ab_ratio_full_change_precond"
2025-11-26 19:07:49.455768,32,"stress_label",20,4,0.015625,0.506410256410256,0.57051282051282,0.483760683760684,20,"top20","eeg_tleft_sampent_full_change_precond;eeg_tleft_halpha_mean_full_change_precond;eeg_c_theta_mean_full_change_precond;eeg_fl_hbeta_mean_full_change_precond;eeg_pright_sampent_full_change_precond;pupil_dilation_sd_full_change_precond;hrv_rmssd_full_change_precond;eeg_t_sampent_full_change_precond;eeg_fm_theta_mean_full_change_precond;eeg_tleft_lalpha_mean_full_change_precond;eeg_c_sampent_full_change_precond;gsr_skin_conductance_eda_tonic_mean_nk_full_change_precond;eeg_fr_sampent_full_change_precond;eeg_tright_halpha_mean_full_change_precond;eeg_tleft_hbeta_mean_full_change_precond;eeg_c_specent_full_change_precond;eeg_pleft_halpha_mean_full_change_precond;eeg_fm_sampent_full_change_precond;eeg_fm_lbeta_mean_full_change_precond;eeg_ab_ratio_full_change_precond"
2025-11-26 19:07:50.36344,32,"stress_label",20,8,0.015625,0.519230769230769,0.557692307692308,0.504273504273504,20,"top20","eeg_tleft_sampent_full_change_precond;eeg_tleft_halpha_mean_full_change_precond;eeg_c_theta_mean_full_change_precond;eeg_fl_hbeta_mean_full_change_precond;eeg_pright_sampent_full_change_precond;pupil_dilation_sd_full_change_precond;hrv_rmssd_full_change_precond;eeg_t_sampent_full_change_precond;eeg_fm_theta_mean_full_change_precond;eeg_tleft_lalpha_mean_full_change_precond;eeg_c_sampent_full_change_precond;gsr_skin_conductance_eda_tonic_mean_nk_full_change_precond;eeg_fr_sampent_full_change_precond;eeg_tright_halpha_mean_full_change_precond;eeg_tleft_hbeta_mean_full_change_precond;eeg_c_specent_full_change_precond;eeg_pleft_halpha_mean_full_change_precond;eeg_fm_sampent_full_change_precond;eeg_fm_lbeta_mean_full_change_precond;eeg_ab_ratio_full_change_precond"
2025-11-26 19:07:51.278018,32,"stress_label",20,16,0.015625,0.5,0.512820512820513,NA,20,"top20","eeg_tleft_sampent_full_change_precond;eeg_tleft_halpha_mean_full_change_precond;eeg_c_theta_mean_full_change_precond;eeg_fl_hbeta_mean_full_change_precond;eeg_pright_sampent_full_change_precond;pupil_dilation_sd_full_change_precond;hrv_rmssd_full_change_precond;eeg_t_sampent_full_change_precond;eeg_fm_theta_mean_full_change_precond;eeg_tleft_lalpha_mean_full_change_precond;eeg_c_sampent_full_change_precond;gsr_skin_conductance_eda_tonic_mean_nk_full_change_precond;eeg_fr_sampent_full_change_precond;eeg_tright_halpha_mean_full_change_precond;eeg_tleft_hbeta_mean_full_change_precond;eeg_c_specent_full_change_precond;eeg_pleft_halpha_mean_full_change_precond;eeg_fm_sampent_full_change_precond;eeg_fm_lbeta_mean_full_change_precond;eeg_ab_ratio_full_change_precond"
2025-11-26 19:07:52.45836,32,"stress_label",20,32,0.015625,0.519230769230769,0.57051282051282,NA,20,"top20","eeg_tleft_sampent_full_change_precond;eeg_tleft_halpha_mean_full_change_precond;eeg_c_theta_mean_full_change_precond;eeg_fl_hbeta_mean_full_change_precond;eeg_pright_sampent_full_change_precond;pupil_dilation_sd_full_change_precond;hrv_rmssd_full_change_precond;eeg_t_sampent_full_change_precond;eeg_fm_theta_mean_full_change_precond;eeg_tleft_lalpha_mean_full_change_precond;eeg_c_sampent_full_change_precond;gsr_skin_conductance_eda_tonic_mean_nk_full_change_precond;eeg_fr_sampent_full_change_precond;eeg_tright_halpha_mean_full_change_precond;eeg_tleft_hbeta_mean_full_change_precond;eeg_c_specent_full_change_precond;eeg_pleft_halpha_mean_full_change_precond;eeg_fm_sampent_full_change_precond;eeg_fm_lbeta_mean_full_change_precond;eeg_ab_ratio_full_change_precond"
2025-11-26 19:07:53.724784,32,"stress_label",20,64,0.015625,0.596153846153846,0.615384615384615,NA,20,"top20","eeg_tleft_sampent_full_change_precond;eeg_tleft_halpha_mean_full_change_precond;eeg_c_theta_mean_full_change_precond;eeg_fl_hbeta_mean_full_change_precond;eeg_pright_sampent_full_change_precond;pupil_dilation_sd_full_change_precond;hrv_rmssd_full_change_precond;eeg_t_sampent_full_change_precond;eeg_fm_theta_mean_full_change_precond;eeg_tleft_lalpha_mean_full_change_precond;eeg_c_sampent_full_change_precond;gsr_skin_conductance_eda_tonic_mean_nk_full_change_precond;eeg_fr_sampent_full_change_precond;eeg_tright_halpha_mean_full_change_precond;eeg_tleft_hbeta_mean_full_change_precond;eeg_c_specent_full_change_precond;eeg_pleft_halpha_mean_full_change_precond;eeg_fm_sampent_full_change_precond;eeg_fm_lbeta_mean_full_change_precond;eeg_ab_ratio_full_change_precond"
2025-11-26 19:07:55.102162,32,"stress_label",20,128,0.015625,0.628205128205128,0.673076923076923,NA,20,"top20","eeg_tleft_sampent_full_change_precond;eeg_tleft_halpha_mean_full_change_precond;eeg_c_theta_mean_full_change_precond;eeg_fl_hbeta_mean_full_change_precond;eeg_pright_sampent_full_change_precond;pupil_dilation_sd_full_change_precond;hrv_rmssd_full_change_precond;eeg_t_sampent_full_change_precond;eeg_fm_theta_mean_full_change_precond;eeg_tleft_lalpha_mean_full_change_precond;eeg_c_sampent_full_change_precond;gsr_skin_conductance_eda_tonic_mean_nk_full_change_precond;eeg_fr_sampent_full_change_precond;eeg_tright_halpha_mean_full_change_precond;eeg_tleft_hbeta_mean_full_change_precond;eeg_c_specent_full_change_precond;eeg_pleft_halpha_mean_full_change_precond;eeg_fm_sampent_full_change_precond;eeg_fm_lbeta_mean_full_change_precond;eeg_ab_ratio_full_change_precond"
2025-11-26 19:07:56.491256,32,"stress_label",20,256,0.015625,0.608974358974359,0.673076923076923,NA,20,"top20","eeg_tleft_sampent_full_change_precond;eeg_tleft_halpha_mean_full_change_precond;eeg_c_theta_mean_full_change_precond;eeg_fl_hbeta_mean_full_change_precond;eeg_pright_sampent_full_change_precond;pupil_dilation_sd_full_change_precond;hrv_rmssd_full_change_precond;eeg_t_sampent_full_change_precond;eeg_fm_theta_mean_full_change_precond;eeg_tleft_lalpha_mean_full_change_precond;eeg_c_sampent_full_change_precond;gsr_skin_conductance_eda_tonic_mean_nk_full_change_precond;eeg_fr_sampent_full_change_precond;eeg_tright_halpha_mean_full_change_precond;eeg_tleft_hbeta_mean_full_change_precond;eeg_c_specent_full_change_precond;eeg_pleft_halpha_mean_full_change_precond;eeg_fm_sampent_full_change_precond;eeg_fm_lbeta_mean_full_change_precond;eeg_ab_ratio_full_change_precond"
2025-11-26 19:07:57.52664,32,"stress_label",20,2,0.03125,0.525641025641026,0.602564102564103,0.506837606837607,20,"top20","eeg_tleft_sampent_full_change_precond;eeg_tleft_halpha_mean_full_change_precond;eeg_c_theta_mean_full_change_precond;eeg_fl_hbeta_mean_full_change_precond;eeg_pright_sampent_full_change_precond;pupil_dilation_sd_full_change_precond;hrv_rmssd_full_change_precond;eeg_t_sampent_full_change_precond;eeg_fm_theta_mean_full_change_precond;eeg_tleft_lalpha_mean_full_change_precond;eeg_c_sampent_full_change_precond;gsr_skin_conductance_eda_tonic_mean_nk_full_change_precond;eeg_fr_sampent_full_change_precond;eeg_tright_halpha_mean_full_change_precond;eeg_tleft_hbeta_mean_full_change_precond;eeg_c_specent_full_change_precond;eeg_pleft_halpha_mean_full_change_precond;eeg_fm_sampent_full_change_precond;eeg_fm_lbeta_mean_full_change_precond;eeg_ab_ratio_full_change_precond"
2025-11-26 19:07:58.553403,32,"stress_label",20,4,0.03125,0.532051282051282,0.557692307692308,NA,20,"top20","eeg_tleft_sampent_full_change_precond;eeg_tleft_halpha_mean_full_change_precond;eeg_c_theta_mean_full_change_precond;eeg_fl_hbeta_mean_full_change_precond;eeg_pright_sampent_full_change_precond;pupil_dilation_sd_full_change_precond;hrv_rmssd_full_change_precond;eeg_t_sampent_full_change_precond;eeg_fm_theta_mean_full_change_precond;eeg_tleft_lalpha_mean_full_change_precond;eeg_c_sampent_full_change_precond;gsr_skin_conductance_eda_tonic_mean_nk_full_change_precond;eeg_fr_sampent_full_change_precond;eeg_tright_halpha_mean_full_change_precond;eeg_tleft_hbeta_mean_full_change_precond;eeg_c_specent_full_change_precond;eeg_pleft_halpha_mean_full_change_precond;eeg_fm_sampent_full_change_precond;eeg_fm_lbeta_mean_full_change_precond;eeg_ab_ratio_full_change_precond"
2025-11-26 19:07:59.667692,32,"stress_label",20,8,0.03125,0.532051282051282,0.576923076923077,NA,20,"top20","eeg_tleft_sampent_full_change_precond;eeg_tleft_halpha_mean_full_change_precond;eeg_c_theta_mean_full_change_precond;eeg_fl_hbeta_mean_full_change_precond;eeg_pright_sampent_full_change_precond;pupil_dilation_sd_full_change_precond;hrv_rmssd_full_change_precond;eeg_t_sampent_full_change_precond;eeg_fm_theta_mean_full_change_precond;eeg_tleft_lalpha_mean_full_change_precond;eeg_c_sampent_full_change_precond;gsr_skin_conductance_eda_tonic_mean_nk_full_change_precond;eeg_fr_sampent_full_change_precond;eeg_tright_halpha_mean_full_change_precond;eeg_tleft_hbeta_mean_full_change_precond;eeg_c_specent_full_change_precond;eeg_pleft_halpha_mean_full_change_precond;eeg_fm_sampent_full_change_precond;eeg_fm_lbeta_mean_full_change_precond;eeg_ab_ratio_full_change_precond"
2025-11-26 19:08:00.803674,32,"stress_label",20,16,0.03125,0.57051282051282,0.621794871794872,NA,20,"top20","eeg_tleft_sampent_full_change_precond;eeg_tleft_halpha_mean_full_change_precond;eeg_c_theta_mean_full_change_precond;eeg_fl_hbeta_mean_full_change_precond;eeg_pright_sampent_full_change_precond;pupil_dilation_sd_full_change_precond;hrv_rmssd_full_change_precond;eeg_t_sampent_full_change_precond;eeg_fm_theta_mean_full_change_precond;eeg_tleft_lalpha_mean_full_change_precond;eeg_c_sampent_full_change_precond;gsr_skin_conductance_eda_tonic_mean_nk_full_change_precond;eeg_fr_sampent_full_change_precond;eeg_tright_halpha_mean_full_change_precond;eeg_tleft_hbeta_mean_full_change_precond;eeg_c_specent_full_change_precond;eeg_pleft_halpha_mean_full_change_precond;eeg_fm_sampent_full_change_precond;eeg_fm_lbeta_mean_full_change_precond;eeg_ab_ratio_full_change_precond"
2025-11-26 19:08:01.953946,32,"stress_label",20,32,0.03125,0.621794871794872,0.634615384615385,0.609401709401709,20,"top20","eeg_tleft_sampent_full_change_precond;eeg_tleft_halpha_mean_full_change_precond;eeg_c_theta_mean_full_change_precond;eeg_fl_hbeta_mean_full_change_precond;eeg_pright_sampent_full_change_precond;pupil_dilation_sd_full_change_precond;hrv_rmssd_full_change_precond;eeg_t_sampent_full_change_precond;eeg_fm_theta_mean_full_change_precond;eeg_tleft_lalpha_mean_full_change_precond;eeg_c_sampent_full_change_precond;gsr_skin_conductance_eda_tonic_mean_nk_full_change_precond;eeg_fr_sampent_full_change_precond;eeg_tright_halpha_mean_full_change_precond;eeg_tleft_hbeta_mean_full_change_precond;eeg_c_specent_full_change_precond;eeg_pleft_halpha_mean_full_change_precond;eeg_fm_sampent_full_change_precond;eeg_fm_lbeta_mean_full_change_precond;eeg_ab_ratio_full_change_precond"
2025-11-26 19:08:03.059429,32,"stress_label",20,64,0.03125,0.628205128205128,0.66025641025641,NA,20,"top20","eeg_tleft_sampent_full_change_precond;eeg_tleft_halpha_mean_full_change_precond;eeg_c_theta_mean_full_change_precond;eeg_fl_hbeta_mean_full_change_precond;eeg_pright_sampent_full_change_precond;pupil_dilation_sd_full_change_precond;hrv_rmssd_full_change_precond;eeg_t_sampent_full_change_precond;eeg_fm_theta_mean_full_change_precond;eeg_tleft_lalpha_mean_full_change_precond;eeg_c_sampent_full_change_precond;gsr_skin_conductance_eda_tonic_mean_nk_full_change_precond;eeg_fr_sampent_full_change_precond;eeg_tright_halpha_mean_full_change_precond;eeg_tleft_hbeta_mean_full_change_precond;eeg_c_specent_full_change_precond;eeg_pleft_halpha_mean_full_change_precond;eeg_fm_sampent_full_change_precond;eeg_fm_lbeta_mean_full_change_precond;eeg_ab_ratio_full_change_precond"
2025-11-26 19:08:04.249533,32,"stress_label",20,128,0.03125,0.634615384615385,0.666666666666667,NA,20,"top20","eeg_tleft_sampent_full_change_precond;eeg_tleft_halpha_mean_full_change_precond;eeg_c_theta_mean_full_change_precond;eeg_fl_hbeta_mean_full_change_precond;eeg_pright_sampent_full_change_precond;pupil_dilation_sd_full_change_precond;hrv_rmssd_full_change_precond;eeg_t_sampent_full_change_precond;eeg_fm_theta_mean_full_change_precond;eeg_tleft_lalpha_mean_full_change_precond;eeg_c_sampent_full_change_precond;gsr_skin_conductance_eda_tonic_mean_nk_full_change_precond;eeg_fr_sampent_full_change_precond;eeg_tright_halpha_mean_full_change_precond;eeg_tleft_hbeta_mean_full_change_precond;eeg_c_specent_full_change_precond;eeg_pleft_halpha_mean_full_change_precond;eeg_fm_sampent_full_change_precond;eeg_fm_lbeta_mean_full_change_precond;eeg_ab_ratio_full_change_precond"
2025-11-26 19:08:05.345839,32,"stress_label",20,256,0.03125,0.634615384615385,0.666666666666667,NA,20,"top20","eeg_tleft_sampent_full_change_precond;eeg_tleft_halpha_mean_full_change_precond;eeg_c_theta_mean_full_change_precond;eeg_fl_hbeta_mean_full_change_precond;eeg_pright_sampent_full_change_precond;pupil_dilation_sd_full_change_precond;hrv_rmssd_full_change_precond;eeg_t_sampent_full_change_precond;eeg_fm_theta_mean_full_change_precond;eeg_tleft_lalpha_mean_full_change_precond;eeg_c_sampent_full_change_precond;gsr_skin_conductance_eda_tonic_mean_nk_full_change_precond;eeg_fr_sampent_full_change_precond;eeg_tright_halpha_mean_full_change_precond;eeg_tleft_hbeta_mean_full_change_precond;eeg_c_specent_full_change_precond;eeg_pleft_halpha_mean_full_change_precond;eeg_fm_sampent_full_change_precond;eeg_fm_lbeta_mean_full_change_precond;eeg_ab_ratio_full_change_precond"
2025-11-26 19:08:06.295076,32,"stress_label",20,2,0.0625,0.544871794871795,0.641025641025641,0.523931623931624,20,"top20","eeg_tleft_sampent_full_change_precond;eeg_tleft_halpha_mean_full_change_precond;eeg_c_theta_mean_full_change_precond;eeg_fl_hbeta_mean_full_change_precond;eeg_pright_sampent_full_change_precond;pupil_dilation_sd_full_change_precond;hrv_rmssd_full_change_precond;eeg_t_sampent_full_change_precond;eeg_fm_theta_mean_full_change_precond;eeg_tleft_lalpha_mean_full_change_precond;eeg_c_sampent_full_change_precond;gsr_skin_conductance_eda_tonic_mean_nk_full_change_precond;eeg_fr_sampent_full_change_precond;eeg_tright_halpha_mean_full_change_precond;eeg_tleft_hbeta_mean_full_change_precond;eeg_c_specent_full_change_precond;eeg_pleft_halpha_mean_full_change_precond;eeg_fm_sampent_full_change_precond;eeg_fm_lbeta_mean_full_change_precond;eeg_ab_ratio_full_change_precond"
2025-11-26 19:08:07.313305,32,"stress_label",20,4,0.0625,0.57051282051282,0.621794871794872,NA,20,"top20","eeg_tleft_sampent_full_change_precond;eeg_tleft_halpha_mean_full_change_precond;eeg_c_theta_mean_full_change_precond;eeg_fl_hbeta_mean_full_change_precond;eeg_pright_sampent_full_change_precond;pupil_dilation_sd_full_change_precond;hrv_rmssd_full_change_precond;eeg_t_sampent_full_change_precond;eeg_fm_theta_mean_full_change_precond;eeg_tleft_lalpha_mean_full_change_precond;eeg_c_sampent_full_change_precond;gsr_skin_conductance_eda_tonic_mean_nk_full_change_precond;eeg_fr_sampent_full_change_precond;eeg_tright_halpha_mean_full_change_precond;eeg_tleft_hbeta_mean_full_change_precond;eeg_c_specent_full_change_precond;eeg_pleft_halpha_mean_full_change_precond;eeg_fm_sampent_full_change_precond;eeg_fm_lbeta_mean_full_change_precond;eeg_ab_ratio_full_change_precond"
2025-11-26 19:08:08.416602,32,"stress_label",20,8,0.0625,0.602564102564103,0.634615384615385,0.595726495726496,20,"top20","eeg_tleft_sampent_full_change_precond;eeg_tleft_halpha_mean_full_change_precond;eeg_c_theta_mean_full_change_precond;eeg_fl_hbeta_mean_full_change_precond;eeg_pright_sampent_full_change_precond;pupil_dilation_sd_full_change_precond;hrv_rmssd_full_change_precond;eeg_t_sampent_full_change_precond;eeg_fm_theta_mean_full_change_precond;eeg_tleft_lalpha_mean_full_change_precond;eeg_c_sampent_full_change_precond;gsr_skin_conductance_eda_tonic_mean_nk_full_change_precond;eeg_fr_sampent_full_change_precond;eeg_tright_halpha_mean_full_change_precond;eeg_tleft_hbeta_mean_full_change_precond;eeg_c_specent_full_change_precond;eeg_pleft_halpha_mean_full_change_precond;eeg_fm_sampent_full_change_precond;eeg_fm_lbeta_mean_full_change_precond;eeg_ab_ratio_full_change_precond"
2025-11-26 19:08:09.504809,32,"stress_label",20,16,0.0625,0.58974358974359,0.653846153846154,0.58974358974359,20,"top20","eeg_tleft_sampent_full_change_precond;eeg_tleft_halpha_mean_full_change_precond;eeg_c_theta_mean_full_change_precond;eeg_fl_hbeta_mean_full_change_precond;eeg_pright_sampent_full_change_precond;pupil_dilation_sd_full_change_precond;hrv_rmssd_full_change_precond;eeg_t_sampent_full_change_precond;eeg_fm_theta_mean_full_change_precond;eeg_tleft_lalpha_mean_full_change_precond;eeg_c_sampent_full_change_precond;gsr_skin_conductance_eda_tonic_mean_nk_full_change_precond;eeg_fr_sampent_full_change_precond;eeg_tright_halpha_mean_full_change_precond;eeg_tleft_hbeta_mean_full_change_precond;eeg_c_specent_full_change_precond;eeg_pleft_halpha_mean_full_change_precond;eeg_fm_sampent_full_change_precond;eeg_fm_lbeta_mean_full_change_precond;eeg_ab_ratio_full_change_precond"
2025-11-26 19:08:10.609561,32,"stress_label",20,32,0.0625,0.602564102564103,0.653846153846154,0.603418803418803,20,"top20","eeg_tleft_sampent_full_change_precond;eeg_tleft_halpha_mean_full_change_precond;eeg_c_theta_mean_full_change_precond;eeg_fl_hbeta_mean_full_change_precond;eeg_pright_sampent_full_change_precond;pupil_dilation_sd_full_change_precond;hrv_rmssd_full_change_precond;eeg_t_sampent_full_change_precond;eeg_fm_theta_mean_full_change_precond;eeg_tleft_lalpha_mean_full_change_precond;eeg_c_sampent_full_change_precond;gsr_skin_conductance_eda_tonic_mean_nk_full_change_precond;eeg_fr_sampent_full_change_precond;eeg_tright_halpha_mean_full_change_precond;eeg_tleft_hbeta_mean_full_change_precond;eeg_c_specent_full_change_precond;eeg_pleft_halpha_mean_full_change_precond;eeg_fm_sampent_full_change_precond;eeg_fm_lbeta_mean_full_change_precond;eeg_ab_ratio_full_change_precond"
2025-11-26 19:08:11.66218,32,"stress_label",20,64,0.0625,0.602564102564103,0.653846153846154,0.603418803418803,20,"top20","eeg_tleft_sampent_full_change_precond;eeg_tleft_halpha_mean_full_change_precond;eeg_c_theta_mean_full_change_precond;eeg_fl_hbeta_mean_full_change_precond;eeg_pright_sampent_full_change_precond;pupil_dilation_sd_full_change_precond;hrv_rmssd_full_change_precond;eeg_t_sampent_full_change_precond;eeg_fm_theta_mean_full_change_precond;eeg_tleft_lalpha_mean_full_change_precond;eeg_c_sampent_full_change_precond;gsr_skin_conductance_eda_tonic_mean_nk_full_change_precond;eeg_fr_sampent_full_change_precond;eeg_tright_halpha_mean_full_change_precond;eeg_tleft_hbeta_mean_full_change_precond;eeg_c_specent_full_change_precond;eeg_pleft_halpha_mean_full_change_precond;eeg_fm_sampent_full_change_precond;eeg_fm_lbeta_mean_full_change_precond;eeg_ab_ratio_full_change_precond"
2025-11-26 19:08:12.797592,32,"stress_label",20,128,0.0625,0.602564102564103,0.653846153846154,0.603418803418803,20,"top20","eeg_tleft_sampent_full_change_precond;eeg_tleft_halpha_mean_full_change_precond;eeg_c_theta_mean_full_change_precond;eeg_fl_hbeta_mean_full_change_precond;eeg_pright_sampent_full_change_precond;pupil_dilation_sd_full_change_precond;hrv_rmssd_full_change_precond;eeg_t_sampent_full_change_precond;eeg_fm_theta_mean_full_change_precond;eeg_tleft_lalpha_mean_full_change_precond;eeg_c_sampent_full_change_precond;gsr_skin_conductance_eda_tonic_mean_nk_full_change_precond;eeg_fr_sampent_full_change_precond;eeg_tright_halpha_mean_full_change_precond;eeg_tleft_hbeta_mean_full_change_precond;eeg_c_specent_full_change_precond;eeg_pleft_halpha_mean_full_change_precond;eeg_fm_sampent_full_change_precond;eeg_fm_lbeta_mean_full_change_precond;eeg_ab_ratio_full_change_precond"
2025-11-26 19:08:13.922809,32,"stress_label",20,256,0.0625,0.602564102564103,0.653846153846154,0.603418803418803,20,"top20","eeg_tleft_sampent_full_change_precond;eeg_tleft_halpha_mean_full_change_precond;eeg_c_theta_mean_full_change_precond;eeg_fl_hbeta_mean_full_change_precond;eeg_pright_sampent_full_change_precond;pupil_dilation_sd_full_change_precond;hrv_rmssd_full_change_precond;eeg_t_sampent_full_change_precond;eeg_fm_theta_mean_full_change_precond;eeg_tleft_lalpha_mean_full_change_precond;eeg_c_sampent_full_change_precond;gsr_skin_conductance_eda_tonic_mean_nk_full_change_precond;eeg_fr_sampent_full_change_precond;eeg_tright_halpha_mean_full_change_precond;eeg_tleft_hbeta_mean_full_change_precond;eeg_c_specent_full_change_precond;eeg_pleft_halpha_mean_full_change_precond;eeg_fm_sampent_full_change_precond;eeg_fm_lbeta_mean_full_change_precond;eeg_ab_ratio_full_change_precond"
2025-11-26 19:08:15.038118,32,"stress_label",20,2,0.125,0.551282051282051,0.634615384615385,0.541880341880342,20,"top20","eeg_tleft_sampent_full_change_precond;eeg_tleft_halpha_mean_full_change_precond;eeg_c_theta_mean_full_change_precond;eeg_fl_hbeta_mean_full_change_precond;eeg_pright_sampent_full_change_precond;pupil_dilation_sd_full_change_precond;hrv_rmssd_full_change_precond;eeg_t_sampent_full_change_precond;eeg_fm_theta_mean_full_change_precond;eeg_tleft_lalpha_mean_full_change_precond;eeg_c_sampent_full_change_precond;gsr_skin_conductance_eda_tonic_mean_nk_full_change_precond;eeg_fr_sampent_full_change_precond;eeg_tright_halpha_mean_full_change_precond;eeg_tleft_hbeta_mean_full_change_precond;eeg_c_specent_full_change_precond;eeg_pleft_halpha_mean_full_change_precond;eeg_fm_sampent_full_change_precond;eeg_fm_lbeta_mean_full_change_precond;eeg_ab_ratio_full_change_precond"
2025-11-26 19:08:16.074117,32,"stress_label",20,4,0.125,0.58974358974359,0.647435897435897,0.583760683760684,20,"top20","eeg_tleft_sampent_full_change_precond;eeg_tleft_halpha_mean_full_change_precond;eeg_c_theta_mean_full_change_precond;eeg_fl_hbeta_mean_full_change_precond;eeg_pright_sampent_full_change_precond;pupil_dilation_sd_full_change_precond;hrv_rmssd_full_change_precond;eeg_t_sampent_full_change_precond;eeg_fm_theta_mean_full_change_precond;eeg_tleft_lalpha_mean_full_change_precond;eeg_c_sampent_full_change_precond;gsr_skin_conductance_eda_tonic_mean_nk_full_change_precond;eeg_fr_sampent_full_change_precond;eeg_tright_halpha_mean_full_change_precond;eeg_tleft_hbeta_mean_full_change_precond;eeg_c_specent_full_change_precond;eeg_pleft_halpha_mean_full_change_precond;eeg_fm_sampent_full_change_precond;eeg_fm_lbeta_mean_full_change_precond;eeg_ab_ratio_full_change_precond"
2025-11-26 19:08:17.049563,32,"stress_label",20,8,0.125,0.583333333333333,0.647435897435897,0.583760683760684,20,"top20","eeg_tleft_sampent_full_change_precond;eeg_tleft_halpha_mean_full_change_precond;eeg_c_theta_mean_full_change_precond;eeg_fl_hbeta_mean_full_change_precond;eeg_pright_sampent_full_change_precond;pupil_dilation_sd_full_change_precond;hrv_rmssd_full_change_precond;eeg_t_sampent_full_change_precond;eeg_fm_theta_mean_full_change_precond;eeg_tleft_lalpha_mean_full_change_precond;eeg_c_sampent_full_change_precond;gsr_skin_conductance_eda_tonic_mean_nk_full_change_precond;eeg_fr_sampent_full_change_precond;eeg_tright_halpha_mean_full_change_precond;eeg_tleft_hbeta_mean_full_change_precond;eeg_c_specent_full_change_precond;eeg_pleft_halpha_mean_full_change_precond;eeg_fm_sampent_full_change_precond;eeg_fm_lbeta_mean_full_change_precond;eeg_ab_ratio_full_change_precond"
2025-11-26 19:08:18.158394,32,"stress_label",20,16,0.125,0.583333333333333,0.647435897435897,0.583760683760684,20,"top20","eeg_tleft_sampent_full_change_precond;eeg_tleft_halpha_mean_full_change_precond;eeg_c_theta_mean_full_change_precond;eeg_fl_hbeta_mean_full_change_precond;eeg_pright_sampent_full_change_precond;pupil_dilation_sd_full_change_precond;hrv_rmssd_full_change_precond;eeg_t_sampent_full_change_precond;eeg_fm_theta_mean_full_change_precond;eeg_tleft_lalpha_mean_full_change_precond;eeg_c_sampent_full_change_precond;gsr_skin_conductance_eda_tonic_mean_nk_full_change_precond;eeg_fr_sampent_full_change_precond;eeg_tright_halpha_mean_full_change_precond;eeg_tleft_hbeta_mean_full_change_precond;eeg_c_specent_full_change_precond;eeg_pleft_halpha_mean_full_change_precond;eeg_fm_sampent_full_change_precond;eeg_fm_lbeta_mean_full_change_precond;eeg_ab_ratio_full_change_precond"
2025-11-26 19:08:19.284569,32,"stress_label",20,32,0.125,0.583333333333333,0.647435897435897,0.583760683760684,20,"top20","eeg_tleft_sampent_full_change_precond;eeg_tleft_halpha_mean_full_change_precond;eeg_c_theta_mean_full_change_precond;eeg_fl_hbeta_mean_full_change_precond;eeg_pright_sampent_full_change_precond;pupil_dilation_sd_full_change_precond;hrv_rmssd_full_change_precond;eeg_t_sampent_full_change_precond;eeg_fm_theta_mean_full_change_precond;eeg_tleft_lalpha_mean_full_change_precond;eeg_c_sampent_full_change_precond;gsr_skin_conductance_eda_tonic_mean_nk_full_change_precond;eeg_fr_sampent_full_change_precond;eeg_tright_halpha_mean_full_change_precond;eeg_tleft_hbeta_mean_full_change_precond;eeg_c_specent_full_change_precond;eeg_pleft_halpha_mean_full_change_precond;eeg_fm_sampent_full_change_precond;eeg_fm_lbeta_mean_full_change_precond;eeg_ab_ratio_full_change_precond"
2025-11-26 19:08:20.393003,32,"stress_label",20,64,0.125,0.583333333333333,0.647435897435897,0.583760683760684,20,"top20","eeg_tleft_sampent_full_change_precond;eeg_tleft_halpha_mean_full_change_precond;eeg_c_theta_mean_full_change_precond;eeg_fl_hbeta_mean_full_change_precond;eeg_pright_sampent_full_change_precond;pupil_dilation_sd_full_change_precond;hrv_rmssd_full_change_precond;eeg_t_sampent_full_change_precond;eeg_fm_theta_mean_full_change_precond;eeg_tleft_lalpha_mean_full_change_precond;eeg_c_sampent_full_change_precond;gsr_skin_conductance_eda_tonic_mean_nk_full_change_precond;eeg_fr_sampent_full_change_precond;eeg_tright_halpha_mean_full_change_precond;eeg_tleft_hbeta_mean_full_change_precond;eeg_c_specent_full_change_precond;eeg_pleft_halpha_mean_full_change_precond;eeg_fm_sampent_full_change_precond;eeg_fm_lbeta_mean_full_change_precond;eeg_ab_ratio_full_change_precond"
2025-11-26 19:08:21.506939,32,"stress_label",20,128,0.125,0.583333333333333,0.647435897435897,0.583760683760684,20,"top20","eeg_tleft_sampent_full_change_precond;eeg_tleft_halpha_mean_full_change_precond;eeg_c_theta_mean_full_change_precond;eeg_fl_hbeta_mean_full_change_precond;eeg_pright_sampent_full_change_precond;pupil_dilation_sd_full_change_precond;hrv_rmssd_full_change_precond;eeg_t_sampent_full_change_precond;eeg_fm_theta_mean_full_change_precond;eeg_tleft_lalpha_mean_full_change_precond;eeg_c_sampent_full_change_precond;gsr_skin_conductance_eda_tonic_mean_nk_full_change_precond;eeg_fr_sampent_full_change_precond;eeg_tright_halpha_mean_full_change_precond;eeg_tleft_hbeta_mean_full_change_precond;eeg_c_specent_full_change_precond;eeg_pleft_halpha_mean_full_change_precond;eeg_fm_sampent_full_change_precond;eeg_fm_lbeta_mean_full_change_precond;eeg_ab_ratio_full_change_precond"
2025-11-26 19:08:22.61458,32,"stress_label",20,256,0.125,0.583333333333333,0.647435897435897,0.583760683760684,20,"top20","eeg_tleft_sampent_full_change_precond;eeg_tleft_halpha_mean_full_change_precond;eeg_c_theta_mean_full_change_precond;eeg_fl_hbeta_mean_full_change_precond;eeg_pright_sampent_full_change_precond;pupil_dilation_sd_full_change_precond;hrv_rmssd_full_change_precond;eeg_t_sampent_full_change_precond;eeg_fm_theta_mean_full_change_precond;eeg_tleft_lalpha_mean_full_change_precond;eeg_c_sampent_full_change_precond;gsr_skin_conductance_eda_tonic_mean_nk_full_change_precond;eeg_fr_sampent_full_change_precond;eeg_tright_halpha_mean_full_change_precond;eeg_tleft_hbeta_mean_full_change_precond;eeg_c_specent_full_change_precond;eeg_pleft_halpha_mean_full_change_precond;eeg_fm_sampent_full_change_precond;eeg_fm_lbeta_mean_full_change_precond;eeg_ab_ratio_full_change_precond"
2025-11-26 19:08:23.669994,32,"stress_label",20,2,0.03,0.525641025641026,0.602564102564103,0.506837606837607,20,"top20","eeg_tleft_sampent_full_change_precond;eeg_tleft_halpha_mean_full_change_precond;eeg_c_theta_mean_full_change_precond;eeg_fl_hbeta_mean_full_change_precond;eeg_pright_sampent_full_change_precond;pupil_dilation_sd_full_change_precond;hrv_rmssd_full_change_precond;eeg_t_sampent_full_change_precond;eeg_fm_theta_mean_full_change_precond;eeg_tleft_lalpha_mean_full_change_precond;eeg_c_sampent_full_change_precond;gsr_skin_conductance_eda_tonic_mean_nk_full_change_precond;eeg_fr_sampent_full_change_precond;eeg_tright_halpha_mean_full_change_precond;eeg_tleft_hbeta_mean_full_change_precond;eeg_c_specent_full_change_precond;eeg_pleft_halpha_mean_full_change_precond;eeg_fm_sampent_full_change_precond;eeg_fm_lbeta_mean_full_change_precond;eeg_ab_ratio_full_change_precond"
2025-11-26 19:08:24.538002,32,"stress_label",20,4,0.03,0.525641025641026,0.551282051282051,0.5,20,"top20","eeg_tleft_sampent_full_change_precond;eeg_tleft_halpha_mean_full_change_precond;eeg_c_theta_mean_full_change_precond;eeg_fl_hbeta_mean_full_change_precond;eeg_pright_sampent_full_change_precond;pupil_dilation_sd_full_change_precond;hrv_rmssd_full_change_precond;eeg_t_sampent_full_change_precond;eeg_fm_theta_mean_full_change_precond;eeg_tleft_lalpha_mean_full_change_precond;eeg_c_sampent_full_change_precond;gsr_skin_conductance_eda_tonic_mean_nk_full_change_precond;eeg_fr_sampent_full_change_precond;eeg_tright_halpha_mean_full_change_precond;eeg_tleft_hbeta_mean_full_change_precond;eeg_c_specent_full_change_precond;eeg_pleft_halpha_mean_full_change_precond;eeg_fm_sampent_full_change_precond;eeg_fm_lbeta_mean_full_change_precond;eeg_ab_ratio_full_change_precond"
2025-11-26 19:08:25.477462,32,"stress_label",20,8,0.03,0.519230769230769,0.583333333333333,NA,20,"top20","eeg_tleft_sampent_full_change_precond;eeg_tleft_halpha_mean_full_change_precond;eeg_c_theta_mean_full_change_precond;eeg_fl_hbeta_mean_full_change_precond;eeg_pright_sampent_full_change_precond;pupil_dilation_sd_full_change_precond;hrv_rmssd_full_change_precond;eeg_t_sampent_full_change_precond;eeg_fm_theta_mean_full_change_precond;eeg_tleft_lalpha_mean_full_change_precond;eeg_c_sampent_full_change_precond;gsr_skin_conductance_eda_tonic_mean_nk_full_change_precond;eeg_fr_sampent_full_change_precond;eeg_tright_halpha_mean_full_change_precond;eeg_tleft_hbeta_mean_full_change_precond;eeg_c_specent_full_change_precond;eeg_pleft_halpha_mean_full_change_precond;eeg_fm_sampent_full_change_precond;eeg_fm_lbeta_mean_full_change_precond;eeg_ab_ratio_full_change_precond"
2025-11-26 19:08:26.62432,32,"stress_label",20,16,0.03,0.564102564102564,0.615384615384615,NA,20,"top20","eeg_tleft_sampent_full_change_precond;eeg_tleft_halpha_mean_full_change_precond;eeg_c_theta_mean_full_change_precond;eeg_fl_hbeta_mean_full_change_precond;eeg_pright_sampent_full_change_precond;pupil_dilation_sd_full_change_precond;hrv_rmssd_full_change_precond;eeg_t_sampent_full_change_precond;eeg_fm_theta_mean_full_change_precond;eeg_tleft_lalpha_mean_full_change_precond;eeg_c_sampent_full_change_precond;gsr_skin_conductance_eda_tonic_mean_nk_full_change_precond;eeg_fr_sampent_full_change_precond;eeg_tright_halpha_mean_full_change_precond;eeg_tleft_hbeta_mean_full_change_precond;eeg_c_specent_full_change_precond;eeg_pleft_halpha_mean_full_change_precond;eeg_fm_sampent_full_change_precond;eeg_fm_lbeta_mean_full_change_precond;eeg_ab_ratio_full_change_precond"
2025-11-26 19:08:27.848062,32,"stress_label",20,32,0.03,0.615384615384615,0.634615384615385,NA,20,"top20","eeg_tleft_sampent_full_change_precond;eeg_tleft_halpha_mean_full_change_precond;eeg_c_theta_mean_full_change_precond;eeg_fl_hbeta_mean_full_change_precond;eeg_pright_sampent_full_change_precond;pupil_dilation_sd_full_change_precond;hrv_rmssd_full_change_precond;eeg_t_sampent_full_change_precond;eeg_fm_theta_mean_full_change_precond;eeg_tleft_lalpha_mean_full_change_precond;eeg_c_sampent_full_change_precond;gsr_skin_conductance_eda_tonic_mean_nk_full_change_precond;eeg_fr_sampent_full_change_precond;eeg_tright_halpha_mean_full_change_precond;eeg_tleft_hbeta_mean_full_change_precond;eeg_c_specent_full_change_precond;eeg_pleft_halpha_mean_full_change_precond;eeg_fm_sampent_full_change_precond;eeg_fm_lbeta_mean_full_change_precond;eeg_ab_ratio_full_change_precond"
2025-11-26 19:08:28.880102,32,"stress_label",20,64,0.03,0.615384615384615,0.66025641025641,NA,20,"top20","eeg_tleft_sampent_full_change_precond;eeg_tleft_halpha_mean_full_change_precond;eeg_c_theta_mean_full_change_precond;eeg_fl_hbeta_mean_full_change_precond;eeg_pright_sampent_full_change_precond;pupil_dilation_sd_full_change_precond;hrv_rmssd_full_change_precond;eeg_t_sampent_full_change_precond;eeg_fm_theta_mean_full_change_precond;eeg_tleft_lalpha_mean_full_change_precond;eeg_c_sampent_full_change_precond;gsr_skin_conductance_eda_tonic_mean_nk_full_change_precond;eeg_fr_sampent_full_change_precond;eeg_tright_halpha_mean_full_change_precond;eeg_tleft_hbeta_mean_full_change_precond;eeg_c_specent_full_change_precond;eeg_pleft_halpha_mean_full_change_precond;eeg_fm_sampent_full_change_precond;eeg_fm_lbeta_mean_full_change_precond;eeg_ab_ratio_full_change_precond"
2025-11-26 19:08:30.080299,32,"stress_label",20,128,0.03,0.634615384615385,0.673076923076923,NA,20,"top20","eeg_tleft_sampent_full_change_precond;eeg_tleft_halpha_mean_full_change_precond;eeg_c_theta_mean_full_change_precond;eeg_fl_hbeta_mean_full_change_precond;eeg_pright_sampent_full_change_precond;pupil_dilation_sd_full_change_precond;hrv_rmssd_full_change_precond;eeg_t_sampent_full_change_precond;eeg_fm_theta_mean_full_change_precond;eeg_tleft_lalpha_mean_full_change_precond;eeg_c_sampent_full_change_precond;gsr_skin_conductance_eda_tonic_mean_nk_full_change_precond;eeg_fr_sampent_full_change_precond;eeg_tright_halpha_mean_full_change_precond;eeg_tleft_hbeta_mean_full_change_precond;eeg_c_specent_full_change_precond;eeg_pleft_halpha_mean_full_change_precond;eeg_fm_sampent_full_change_precond;eeg_fm_lbeta_mean_full_change_precond;eeg_ab_ratio_full_change_precond"
2025-11-26 19:08:31.308066,32,"stress_label",20,256,0.03,0.634615384615385,0.673076923076923,NA,20,"top20","eeg_tleft_sampent_full_change_precond;eeg_tleft_halpha_mean_full_change_precond;eeg_c_theta_mean_full_change_precond;eeg_fl_hbeta_mean_full_change_precond;eeg_pright_sampent_full_change_precond;pupil_dilation_sd_full_change_precond;hrv_rmssd_full_change_precond;eeg_t_sampent_full_change_precond;eeg_fm_theta_mean_full_change_precond;eeg_tleft_lalpha_mean_full_change_precond;eeg_c_sampent_full_change_precond;gsr_skin_conductance_eda_tonic_mean_nk_full_change_precond;eeg_fr_sampent_full_change_precond;eeg_tright_halpha_mean_full_change_precond;eeg_tleft_hbeta_mean_full_change_precond;eeg_c_specent_full_change_precond;eeg_pleft_halpha_mean_full_change_precond;eeg_fm_sampent_full_change_precond;eeg_fm_lbeta_mean_full_change_precond;eeg_ab_ratio_full_change_precond"
2025-11-26 19:08:32.368793,32,"stress_label",20,2,0.06,0.544871794871795,0.641025641025641,0.523931623931624,20,"top20","eeg_tleft_sampent_full_change_precond;eeg_tleft_halpha_mean_full_change_precond;eeg_c_theta_mean_full_change_precond;eeg_fl_hbeta_mean_full_change_precond;eeg_pright_sampent_full_change_precond;pupil_dilation_sd_full_change_precond;hrv_rmssd_full_change_precond;eeg_t_sampent_full_change_precond;eeg_fm_theta_mean_full_change_precond;eeg_tleft_lalpha_mean_full_change_precond;eeg_c_sampent_full_change_precond;gsr_skin_conductance_eda_tonic_mean_nk_full_change_precond;eeg_fr_sampent_full_change_precond;eeg_tright_halpha_mean_full_change_precond;eeg_tleft_hbeta_mean_full_change_precond;eeg_c_specent_full_change_precond;eeg_pleft_halpha_mean_full_change_precond;eeg_fm_sampent_full_change_precond;eeg_fm_lbeta_mean_full_change_precond;eeg_ab_ratio_full_change_precond"
2025-11-26 19:08:33.377235,32,"stress_label",20,4,0.06,0.57051282051282,0.621794871794872,NA,20,"top20","eeg_tleft_sampent_full_change_precond;eeg_tleft_halpha_mean_full_change_precond;eeg_c_theta_mean_full_change_precond;eeg_fl_hbeta_mean_full_change_precond;eeg_pright_sampent_full_change_precond;pupil_dilation_sd_full_change_precond;hrv_rmssd_full_change_precond;eeg_t_sampent_full_change_precond;eeg_fm_theta_mean_full_change_precond;eeg_tleft_lalpha_mean_full_change_precond;eeg_c_sampent_full_change_precond;gsr_skin_conductance_eda_tonic_mean_nk_full_change_precond;eeg_fr_sampent_full_change_precond;eeg_tright_halpha_mean_full_change_precond;eeg_tleft_hbeta_mean_full_change_precond;eeg_c_specent_full_change_precond;eeg_pleft_halpha_mean_full_change_precond;eeg_fm_sampent_full_change_precond;eeg_fm_lbeta_mean_full_change_precond;eeg_ab_ratio_full_change_precond"
2025-11-26 19:08:34.46448,32,"stress_label",20,8,0.06,0.602564102564103,0.621794871794872,0.595726495726496,20,"top20","eeg_tleft_sampent_full_change_precond;eeg_tleft_halpha_mean_full_change_precond;eeg_c_theta_mean_full_change_precond;eeg_fl_hbeta_mean_full_change_precond;eeg_pright_sampent_full_change_precond;pupil_dilation_sd_full_change_precond;hrv_rmssd_full_change_precond;eeg_t_sampent_full_change_precond;eeg_fm_theta_mean_full_change_precond;eeg_tleft_lalpha_mean_full_change_precond;eeg_c_sampent_full_change_precond;gsr_skin_conductance_eda_tonic_mean_nk_full_change_precond;eeg_fr_sampent_full_change_precond;eeg_tright_halpha_mean_full_change_precond;eeg_tleft_hbeta_mean_full_change_precond;eeg_c_specent_full_change_precond;eeg_pleft_halpha_mean_full_change_precond;eeg_fm_sampent_full_change_precond;eeg_fm_lbeta_mean_full_change_precond;eeg_ab_ratio_full_change_precond"
2025-11-26 19:08:35.472442,32,"stress_label",20,16,0.06,0.608974358974359,0.653846153846154,0.607692307692308,20,"top20","eeg_tleft_sampent_full_change_precond;eeg_tleft_halpha_mean_full_change_precond;eeg_c_theta_mean_full_change_precond;eeg_fl_hbeta_mean_full_change_precond;eeg_pright_sampent_full_change_precond;pupil_dilation_sd_full_change_precond;hrv_rmssd_full_change_precond;eeg_t_sampent_full_change_precond;eeg_fm_theta_mean_full_change_precond;eeg_tleft_lalpha_mean_full_change_precond;eeg_c_sampent_full_change_precond;gsr_skin_conductance_eda_tonic_mean_nk_full_change_precond;eeg_fr_sampent_full_change_precond;eeg_tright_halpha_mean_full_change_precond;eeg_tleft_hbeta_mean_full_change_precond;eeg_c_specent_full_change_precond;eeg_pleft_halpha_mean_full_change_precond;eeg_fm_sampent_full_change_precond;eeg_fm_lbeta_mean_full_change_precond;eeg_ab_ratio_full_change_precond"
2025-11-26 19:08:36.579972,32,"stress_label",20,32,0.06,0.602564102564103,0.653846153846154,0.599145299145299,20,"top20","eeg_tleft_sampent_full_change_precond;eeg_tleft_halpha_mean_full_change_precond;eeg_c_theta_mean_full_change_precond;eeg_fl_hbeta_mean_full_change_precond;eeg_pright_sampent_full_change_precond;pupil_dilation_sd_full_change_precond;hrv_rmssd_full_change_precond;eeg_t_sampent_full_change_precond;eeg_fm_theta_mean_full_change_precond;eeg_tleft_lalpha_mean_full_change_precond;eeg_c_sampent_full_change_precond;gsr_skin_conductance_eda_tonic_mean_nk_full_change_precond;eeg_fr_sampent_full_change_precond;eeg_tright_halpha_mean_full_change_precond;eeg_tleft_hbeta_mean_full_change_precond;eeg_c_specent_full_change_precond;eeg_pleft_halpha_mean_full_change_precond;eeg_fm_sampent_full_change_precond;eeg_fm_lbeta_mean_full_change_precond;eeg_ab_ratio_full_change_precond"
2025-11-26 19:08:37.663946,32,"stress_label",20,64,0.06,0.602564102564103,0.653846153846154,0.599145299145299,20,"top20","eeg_tleft_sampent_full_change_precond;eeg_tleft_halpha_mean_full_change_precond;eeg_c_theta_mean_full_change_precond;eeg_fl_hbeta_mean_full_change_precond;eeg_pright_sampent_full_change_precond;pupil_dilation_sd_full_change_precond;hrv_rmssd_full_change_precond;eeg_t_sampent_full_change_precond;eeg_fm_theta_mean_full_change_precond;eeg_tleft_lalpha_mean_full_change_precond;eeg_c_sampent_full_change_precond;gsr_skin_conductance_eda_tonic_mean_nk_full_change_precond;eeg_fr_sampent_full_change_precond;eeg_tright_halpha_mean_full_change_precond;eeg_tleft_hbeta_mean_full_change_precond;eeg_c_specent_full_change_precond;eeg_pleft_halpha_mean_full_change_precond;eeg_fm_sampent_full_change_precond;eeg_fm_lbeta_mean_full_change_precond;eeg_ab_ratio_full_change_precond"
2025-11-26 19:08:38.753256,32,"stress_label",20,128,0.06,0.602564102564103,0.653846153846154,0.599145299145299,20,"top20","eeg_tleft_sampent_full_change_precond;eeg_tleft_halpha_mean_full_change_precond;eeg_c_theta_mean_full_change_precond;eeg_fl_hbeta_mean_full_change_precond;eeg_pright_sampent_full_change_precond;pupil_dilation_sd_full_change_precond;hrv_rmssd_full_change_precond;eeg_t_sampent_full_change_precond;eeg_fm_theta_mean_full_change_precond;eeg_tleft_lalpha_mean_full_change_precond;eeg_c_sampent_full_change_precond;gsr_skin_conductance_eda_tonic_mean_nk_full_change_precond;eeg_fr_sampent_full_change_precond;eeg_tright_halpha_mean_full_change_precond;eeg_tleft_hbeta_mean_full_change_precond;eeg_c_specent_full_change_precond;eeg_pleft_halpha_mean_full_change_precond;eeg_fm_sampent_full_change_precond;eeg_fm_lbeta_mean_full_change_precond;eeg_ab_ratio_full_change_precond"
2025-11-26 19:08:39.69032,32,"stress_label",20,256,0.06,0.602564102564103,0.653846153846154,0.599145299145299,20,"top20","eeg_tleft_sampent_full_change_precond;eeg_tleft_halpha_mean_full_change_precond;eeg_c_theta_mean_full_change_precond;eeg_fl_hbeta_mean_full_change_precond;eeg_pright_sampent_full_change_precond;pupil_dilation_sd_full_change_precond;hrv_rmssd_full_change_precond;eeg_t_sampent_full_change_precond;eeg_fm_theta_mean_full_change_precond;eeg_tleft_lalpha_mean_full_change_precond;eeg_c_sampent_full_change_precond;gsr_skin_conductance_eda_tonic_mean_nk_full_change_precond;eeg_fr_sampent_full_change_precond;eeg_tright_halpha_mean_full_change_precond;eeg_tleft_hbeta_mean_full_change_precond;eeg_c_specent_full_change_precond;eeg_pleft_halpha_mean_full_change_precond;eeg_fm_sampent_full_change_precond;eeg_fm_lbeta_mean_full_change_precond;eeg_ab_ratio_full_change_precond"
2025-11-26 19:08:40.764782,32,"stress_label",20,2,0.1,0.564102564102564,0.634615384615385,0.543589743589744,20,"top20","eeg_tleft_sampent_full_change_precond;eeg_tleft_halpha_mean_full_change_precond;eeg_c_theta_mean_full_change_precond;eeg_fl_hbeta_mean_full_change_precond;eeg_pright_sampent_full_change_precond;pupil_dilation_sd_full_change_precond;hrv_rmssd_full_change_precond;eeg_t_sampent_full_change_precond;eeg_fm_theta_mean_full_change_precond;eeg_tleft_lalpha_mean_full_change_precond;eeg_c_sampent_full_change_precond;gsr_skin_conductance_eda_tonic_mean_nk_full_change_precond;eeg_fr_sampent_full_change_precond;eeg_tright_halpha_mean_full_change_precond;eeg_tleft_hbeta_mean_full_change_precond;eeg_c_specent_full_change_precond;eeg_pleft_halpha_mean_full_change_precond;eeg_fm_sampent_full_change_precond;eeg_fm_lbeta_mean_full_change_precond;eeg_ab_ratio_full_change_precond"
2025-11-26 19:08:41.883822,32,"stress_label",20,4,0.1,0.576923076923077,0.653846153846154,0.565811965811966,20,"top20","eeg_tleft_sampent_full_change_precond;eeg_tleft_halpha_mean_full_change_precond;eeg_c_theta_mean_full_change_precond;eeg_fl_hbeta_mean_full_change_precond;eeg_pright_sampent_full_change_precond;pupil_dilation_sd_full_change_precond;hrv_rmssd_full_change_precond;eeg_t_sampent_full_change_precond;eeg_fm_theta_mean_full_change_precond;eeg_tleft_lalpha_mean_full_change_precond;eeg_c_sampent_full_change_precond;gsr_skin_conductance_eda_tonic_mean_nk_full_change_precond;eeg_fr_sampent_full_change_precond;eeg_tright_halpha_mean_full_change_precond;eeg_tleft_hbeta_mean_full_change_precond;eeg_c_specent_full_change_precond;eeg_pleft_halpha_mean_full_change_precond;eeg_fm_sampent_full_change_precond;eeg_fm_lbeta_mean_full_change_precond;eeg_ab_ratio_full_change_precond"
2025-11-26 19:08:42.986942,32,"stress_label",20,8,0.1,0.564102564102564,0.66025641025641,0.562393162393162,20,"top20","eeg_tleft_sampent_full_change_precond;eeg_tleft_halpha_mean_full_change_precond;eeg_c_theta_mean_full_change_precond;eeg_fl_hbeta_mean_full_change_precond;eeg_pright_sampent_full_change_precond;pupil_dilation_sd_full_change_precond;hrv_rmssd_full_change_precond;eeg_t_sampent_full_change_precond;eeg_fm_theta_mean_full_change_precond;eeg_tleft_lalpha_mean_full_change_precond;eeg_c_sampent_full_change_precond;gsr_skin_conductance_eda_tonic_mean_nk_full_change_precond;eeg_fr_sampent_full_change_precond;eeg_tright_halpha_mean_full_change_precond;eeg_tleft_hbeta_mean_full_change_precond;eeg_c_specent_full_change_precond;eeg_pleft_halpha_mean_full_change_precond;eeg_fm_sampent_full_change_precond;eeg_fm_lbeta_mean_full_change_precond;eeg_ab_ratio_full_change_precond"
2025-11-26 19:08:44.111569,32,"stress_label",20,16,0.1,0.564102564102564,0.66025641025641,0.562393162393162,20,"top20","eeg_tleft_sampent_full_change_precond;eeg_tleft_halpha_mean_full_change_precond;eeg_c_theta_mean_full_change_precond;eeg_fl_hbeta_mean_full_change_precond;eeg_pright_sampent_full_change_precond;pupil_dilation_sd_full_change_precond;hrv_rmssd_full_change_precond;eeg_t_sampent_full_change_precond;eeg_fm_theta_mean_full_change_precond;eeg_tleft_lalpha_mean_full_change_precond;eeg_c_sampent_full_change_precond;gsr_skin_conductance_eda_tonic_mean_nk_full_change_precond;eeg_fr_sampent_full_change_precond;eeg_tright_halpha_mean_full_change_precond;eeg_tleft_hbeta_mean_full_change_precond;eeg_c_specent_full_change_precond;eeg_pleft_halpha_mean_full_change_precond;eeg_fm_sampent_full_change_precond;eeg_fm_lbeta_mean_full_change_precond;eeg_ab_ratio_full_change_precond"
2025-11-26 19:08:45.240099,32,"stress_label",20,32,0.1,0.564102564102564,0.66025641025641,0.562393162393162,20,"top20","eeg_tleft_sampent_full_change_precond;eeg_tleft_halpha_mean_full_change_precond;eeg_c_theta_mean_full_change_precond;eeg_fl_hbeta_mean_full_change_precond;eeg_pright_sampent_full_change_precond;pupil_dilation_sd_full_change_precond;hrv_rmssd_full_change_precond;eeg_t_sampent_full_change_precond;eeg_fm_theta_mean_full_change_precond;eeg_tleft_lalpha_mean_full_change_precond;eeg_c_sampent_full_change_precond;gsr_skin_conductance_eda_tonic_mean_nk_full_change_precond;eeg_fr_sampent_full_change_precond;eeg_tright_halpha_mean_full_change_precond;eeg_tleft_hbeta_mean_full_change_precond;eeg_c_specent_full_change_precond;eeg_pleft_halpha_mean_full_change_precond;eeg_fm_sampent_full_change_precond;eeg_fm_lbeta_mean_full_change_precond;eeg_ab_ratio_full_change_precond"
2025-11-26 19:08:46.519459,32,"stress_label",20,64,0.1,0.564102564102564,0.66025641025641,0.562393162393162,20,"top20","eeg_tleft_sampent_full_change_precond;eeg_tleft_halpha_mean_full_change_precond;eeg_c_theta_mean_full_change_precond;eeg_fl_hbeta_mean_full_change_precond;eeg_pright_sampent_full_change_precond;pupil_dilation_sd_full_change_precond;hrv_rmssd_full_change_precond;eeg_t_sampent_full_change_precond;eeg_fm_theta_mean_full_change_precond;eeg_tleft_lalpha_mean_full_change_precond;eeg_c_sampent_full_change_precond;gsr_skin_conductance_eda_tonic_mean_nk_full_change_precond;eeg_fr_sampent_full_change_precond;eeg_tright_halpha_mean_full_change_precond;eeg_tleft_hbeta_mean_full_change_precond;eeg_c_specent_full_change_precond;eeg_pleft_halpha_mean_full_change_precond;eeg_fm_sampent_full_change_precond;eeg_fm_lbeta_mean_full_change_precond;eeg_ab_ratio_full_change_precond"
2025-11-26 19:08:47.543431,32,"stress_label",20,128,0.1,0.564102564102564,0.66025641025641,0.562393162393162,20,"top20","eeg_tleft_sampent_full_change_precond;eeg_tleft_halpha_mean_full_change_precond;eeg_c_theta_mean_full_change_precond;eeg_fl_hbeta_mean_full_change_precond;eeg_pright_sampent_full_change_precond;pupil_dilation_sd_full_change_precond;hrv_rmssd_full_change_precond;eeg_t_sampent_full_change_precond;eeg_fm_theta_mean_full_change_precond;eeg_tleft_lalpha_mean_full_change_precond;eeg_c_sampent_full_change_precond;gsr_skin_conductance_eda_tonic_mean_nk_full_change_precond;eeg_fr_sampent_full_change_precond;eeg_tright_halpha_mean_full_change_precond;eeg_tleft_hbeta_mean_full_change_precond;eeg_c_specent_full_change_precond;eeg_pleft_halpha_mean_full_change_precond;eeg_fm_sampent_full_change_precond;eeg_fm_lbeta_mean_full_change_precond;eeg_ab_ratio_full_change_precond"
2025-11-26 19:08:48.637884,32,"stress_label",20,256,0.1,0.564102564102564,0.66025641025641,0.562393162393162,20,"top20","eeg_tleft_sampent_full_change_precond;eeg_tleft_halpha_mean_full_change_precond;eeg_c_theta_mean_full_change_precond;eeg_fl_hbeta_mean_full_change_precond;eeg_pright_sampent_full_change_precond;pupil_dilation_sd_full_change_precond;hrv_rmssd_full_change_precond;eeg_t_sampent_full_change_precond;eeg_fm_theta_mean_full_change_precond;eeg_tleft_lalpha_mean_full_change_precond;eeg_c_sampent_full_change_precond;gsr_skin_conductance_eda_tonic_mean_nk_full_change_precond;eeg_fr_sampent_full_change_precond;eeg_tright_halpha_mean_full_change_precond;eeg_tleft_hbeta_mean_full_change_precond;eeg_c_specent_full_change_precond;eeg_pleft_halpha_mean_full_change_precond;eeg_fm_sampent_full_change_precond;eeg_fm_lbeta_mean_full_change_precond;eeg_ab_ratio_full_change_precond"
2025-11-26 19:08:49.556999,32,"stress_label",10,2,0.0078125,0.57051282051282,0.583333333333333,0.57008547008547,10,"top10","eeg_tleft_sampent_full_change_precond;eeg_tleft_halpha_mean_full_change_precond;eeg_c_theta_mean_full_change_precond;eeg_fl_hbeta_mean_full_change_precond;eeg_pright_sampent_full_change_precond;pupil_dilation_sd_full_change_precond;hrv_rmssd_full_change_precond;eeg_t_sampent_full_change_precond;eeg_fm_theta_mean_full_change_precond;eeg_tleft_lalpha_mean_full_change_precond"
2025-11-26 19:08:50.417054,32,"stress_label",10,4,0.0078125,0.564102564102564,0.602564102564103,0.564102564102564,10,"top10","eeg_tleft_sampent_full_change_precond;eeg_tleft_halpha_mean_full_change_precond;eeg_c_theta_mean_full_change_precond;eeg_fl_hbeta_mean_full_change_precond;eeg_pright_sampent_full_change_precond;pupil_dilation_sd_full_change_precond;hrv_rmssd_full_change_precond;eeg_t_sampent_full_change_precond;eeg_fm_theta_mean_full_change_precond;eeg_tleft_lalpha_mean_full_change_precond"
2025-11-26 19:08:51.282924,32,"stress_label",10,8,0.0078125,0.557692307692308,0.583333333333333,0.553846153846154,10,"top10","eeg_tleft_sampent_full_change_precond;eeg_tleft_halpha_mean_full_change_precond;eeg_c_theta_mean_full_change_precond;eeg_fl_hbeta_mean_full_change_precond;eeg_pright_sampent_full_change_precond;pupil_dilation_sd_full_change_precond;hrv_rmssd_full_change_precond;eeg_t_sampent_full_change_precond;eeg_fm_theta_mean_full_change_precond;eeg_tleft_lalpha_mean_full_change_precond"
2025-11-26 19:08:52.144117,32,"stress_label",10,16,0.0078125,0.57051282051282,0.608974358974359,0.562393162393162,10,"top10","eeg_tleft_sampent_full_change_precond;eeg_tleft_halpha_mean_full_change_precond;eeg_c_theta_mean_full_change_precond;eeg_fl_hbeta_mean_full_change_precond;eeg_pright_sampent_full_change_precond;pupil_dilation_sd_full_change_precond;hrv_rmssd_full_change_precond;eeg_t_sampent_full_change_precond;eeg_fm_theta_mean_full_change_precond;eeg_tleft_lalpha_mean_full_change_precond"
2025-11-26 19:08:53.014538,32,"stress_label",10,32,0.0078125,0.544871794871795,0.596153846153846,0.55042735042735,10,"top10","eeg_tleft_sampent_full_change_precond;eeg_tleft_halpha_mean_full_change_precond;eeg_c_theta_mean_full_change_precond;eeg_fl_hbeta_mean_full_change_precond;eeg_pright_sampent_full_change_precond;pupil_dilation_sd_full_change_precond;hrv_rmssd_full_change_precond;eeg_t_sampent_full_change_precond;eeg_fm_theta_mean_full_change_precond;eeg_tleft_lalpha_mean_full_change_precond"
2025-11-26 19:08:53.910255,32,"stress_label",10,64,0.0078125,0.544871794871795,0.57051282051282,0.548717948717949,10,"top10","eeg_tleft_sampent_full_change_precond;eeg_tleft_halpha_mean_full_change_precond;eeg_c_theta_mean_full_change_precond;eeg_fl_hbeta_mean_full_change_precond;eeg_pright_sampent_full_change_precond;pupil_dilation_sd_full_change_precond;hrv_rmssd_full_change_precond;eeg_t_sampent_full_change_precond;eeg_fm_theta_mean_full_change_precond;eeg_tleft_lalpha_mean_full_change_precond"
2025-11-26 19:08:54.855913,32,"stress_label",10,128,0.0078125,0.512820512820513,0.532051282051282,0.511111111111111,10,"top10","eeg_tleft_sampent_full_change_precond;eeg_tleft_halpha_mean_full_change_precond;eeg_c_theta_mean_full_change_precond;eeg_fl_hbeta_mean_full_change_precond;eeg_pright_sampent_full_change_precond;pupil_dilation_sd_full_change_precond;hrv_rmssd_full_change_precond;eeg_t_sampent_full_change_precond;eeg_fm_theta_mean_full_change_precond;eeg_tleft_lalpha_mean_full_change_precond"
2025-11-26 19:08:55.863105,32,"stress_label",10,256,0.0078125,0.519230769230769,0.538461538461538,0.509401709401709,10,"top10","eeg_tleft_sampent_full_change_precond;eeg_tleft_halpha_mean_full_change_precond;eeg_c_theta_mean_full_change_precond;eeg_fl_hbeta_mean_full_change_precond;eeg_pright_sampent_full_change_precond;pupil_dilation_sd_full_change_precond;hrv_rmssd_full_change_precond;eeg_t_sampent_full_change_precond;eeg_fm_theta_mean_full_change_precond;eeg_tleft_lalpha_mean_full_change_precond"
2025-11-26 19:08:56.706507,32,"stress_label",10,2,0.015625,0.576923076923077,0.58974358974359,0.584615384615385,10,"top10","eeg_tleft_sampent_full_change_precond;eeg_tleft_halpha_mean_full_change_precond;eeg_c_theta_mean_full_change_precond;eeg_fl_hbeta_mean_full_change_precond;eeg_pright_sampent_full_change_precond;pupil_dilation_sd_full_change_precond;hrv_rmssd_full_change_precond;eeg_t_sampent_full_change_precond;eeg_fm_theta_mean_full_change_precond;eeg_tleft_lalpha_mean_full_change_precond"
2025-11-26 19:08:57.460615,32,"stress_label",10,4,0.015625,0.564102564102564,0.602564102564103,0.558119658119658,10,"top10","eeg_tleft_sampent_full_change_precond;eeg_tleft_halpha_mean_full_change_precond;eeg_c_theta_mean_full_change_precond;eeg_fl_hbeta_mean_full_change_precond;eeg_pright_sampent_full_change_precond;pupil_dilation_sd_full_change_precond;hrv_rmssd_full_change_precond;eeg_t_sampent_full_change_precond;eeg_fm_theta_mean_full_change_precond;eeg_tleft_lalpha_mean_full_change_precond"
2025-11-26 19:08:58.327392,32,"stress_label",10,8,0.015625,0.557692307692308,0.58974358974359,0.555555555555556,10,"top10","eeg_tleft_sampent_full_change_precond;eeg_tleft_halpha_mean_full_change_precond;eeg_c_theta_mean_full_change_precond;eeg_fl_hbeta_mean_full_change_precond;eeg_pright_sampent_full_change_precond;pupil_dilation_sd_full_change_precond;hrv_rmssd_full_change_precond;eeg_t_sampent_full_change_precond;eeg_fm_theta_mean_full_change_precond;eeg_tleft_lalpha_mean_full_change_precond"
2025-11-26 19:08:59.142399,32,"stress_label",10,16,0.015625,0.551282051282051,0.576923076923077,0.558974358974359,10,"top10","eeg_tleft_sampent_full_change_precond;eeg_tleft_halpha_mean_full_change_precond;eeg_c_theta_mean_full_change_precond;eeg_fl_hbeta_mean_full_change_precond;eeg_pright_sampent_full_change_precond;pupil_dilation_sd_full_change_precond;hrv_rmssd_full_change_precond;eeg_t_sampent_full_change_precond;eeg_fm_theta_mean_full_change_precond;eeg_tleft_lalpha_mean_full_change_precond"
2025-11-26 19:08:59.883458,32,"stress_label",10,32,0.015625,0.532051282051282,0.557692307692308,0.530769230769231,10,"top10","eeg_tleft_sampent_full_change_precond;eeg_tleft_halpha_mean_full_change_precond;eeg_c_theta_mean_full_change_precond;eeg_fl_hbeta_mean_full_change_precond;eeg_pright_sampent_full_change_precond;pupil_dilation_sd_full_change_precond;hrv_rmssd_full_change_precond;eeg_t_sampent_full_change_precond;eeg_fm_theta_mean_full_change_precond;eeg_tleft_lalpha_mean_full_change_precond"
2025-11-26 19:09:00.785587,32,"stress_label",10,64,0.015625,0.519230769230769,0.532051282051282,0.514529914529914,10,"top10","eeg_tleft_sampent_full_change_precond;eeg_tleft_halpha_mean_full_change_precond;eeg_c_theta_mean_full_change_precond;eeg_fl_hbeta_mean_full_change_precond;eeg_pright_sampent_full_change_precond;pupil_dilation_sd_full_change_precond;hrv_rmssd_full_change_precond;eeg_t_sampent_full_change_precond;eeg_fm_theta_mean_full_change_precond;eeg_tleft_lalpha_mean_full_change_precond"
2025-11-26 19:09:01.793551,32,"stress_label",10,128,0.015625,0.5,0.538461538461538,NA,10,"top10","eeg_tleft_sampent_full_change_precond;eeg_tleft_halpha_mean_full_change_precond;eeg_c_theta_mean_full_change_precond;eeg_fl_hbeta_mean_full_change_precond;eeg_pright_sampent_full_change_precond;pupil_dilation_sd_full_change_precond;hrv_rmssd_full_change_precond;eeg_t_sampent_full_change_precond;eeg_fm_theta_mean_full_change_precond;eeg_tleft_lalpha_mean_full_change_precond"
2025-11-26 19:09:02.853533,32,"stress_label",10,256,0.015625,0.57051282051282,0.621794871794872,NA,10,"top10","eeg_tleft_sampent_full_change_precond;eeg_tleft_halpha_mean_full_change_precond;eeg_c_theta_mean_full_change_precond;eeg_fl_hbeta_mean_full_change_precond;eeg_pright_sampent_full_change_precond;pupil_dilation_sd_full_change_precond;hrv_rmssd_full_change_precond;eeg_t_sampent_full_change_precond;eeg_fm_theta_mean_full_change_precond;eeg_tleft_lalpha_mean_full_change_precond"
2025-11-26 19:09:03.667968,32,"stress_label",10,2,0.03125,0.583333333333333,0.628205128205128,0.584615384615385,10,"top10","eeg_tleft_sampent_full_change_precond;eeg_tleft_halpha_mean_full_change_precond;eeg_c_theta_mean_full_change_precond;eeg_fl_hbeta_mean_full_change_precond;eeg_pright_sampent_full_change_precond;pupil_dilation_sd_full_change_precond;hrv_rmssd_full_change_precond;eeg_t_sampent_full_change_precond;eeg_fm_theta_mean_full_change_precond;eeg_tleft_lalpha_mean_full_change_precond"
2025-11-26 19:09:04.489949,32,"stress_label",10,4,0.03125,0.544871794871795,0.583333333333333,0.551282051282051,10,"top10","eeg_tleft_sampent_full_change_precond;eeg_tleft_halpha_mean_full_change_precond;eeg_c_theta_mean_full_change_precond;eeg_fl_hbeta_mean_full_change_precond;eeg_pright_sampent_full_change_precond;pupil_dilation_sd_full_change_precond;hrv_rmssd_full_change_precond;eeg_t_sampent_full_change_precond;eeg_fm_theta_mean_full_change_precond;eeg_tleft_lalpha_mean_full_change_precond"
2025-11-26 19:09:05.36338,32,"stress_label",10,8,0.03125,0.538461538461538,0.551282051282051,0.547863247863248,10,"top10","eeg_tleft_sampent_full_change_precond;eeg_tleft_halpha_mean_full_change_precond;eeg_c_theta_mean_full_change_precond;eeg_fl_hbeta_mean_full_change_precond;eeg_pright_sampent_full_change_precond;pupil_dilation_sd_full_change_precond;hrv_rmssd_full_change_precond;eeg_t_sampent_full_change_precond;eeg_fm_theta_mean_full_change_precond;eeg_tleft_lalpha_mean_full_change_precond"
2025-11-26 19:09:06.166647,32,"stress_label",10,16,0.03125,0.519230769230769,0.525641025641026,NA,10,"top10","eeg_tleft_sampent_full_change_precond;eeg_tleft_halpha_mean_full_change_precond;eeg_c_theta_mean_full_change_precond;eeg_fl_hbeta_mean_full_change_precond;eeg_pright_sampent_full_change_precond;pupil_dilation_sd_full_change_precond;hrv_rmssd_full_change_precond;eeg_t_sampent_full_change_precond;eeg_fm_theta_mean_full_change_precond;eeg_tleft_lalpha_mean_full_change_precond"
2025-11-26 19:09:07.13139,32,"stress_label",10,32,0.03125,0.544871794871795,0.57051282051282,NA,10,"top10","eeg_tleft_sampent_full_change_precond;eeg_tleft_halpha_mean_full_change_precond;eeg_c_theta_mean_full_change_precond;eeg_fl_hbeta_mean_full_change_precond;eeg_pright_sampent_full_change_precond;pupil_dilation_sd_full_change_precond;hrv_rmssd_full_change_precond;eeg_t_sampent_full_change_precond;eeg_fm_theta_mean_full_change_precond;eeg_tleft_lalpha_mean_full_change_precond"
2025-11-26 19:09:08.253859,32,"stress_label",10,64,0.03125,0.583333333333333,0.653846153846154,NA,10,"top10","eeg_tleft_sampent_full_change_precond;eeg_tleft_halpha_mean_full_change_precond;eeg_c_theta_mean_full_change_precond;eeg_fl_hbeta_mean_full_change_precond;eeg_pright_sampent_full_change_precond;pupil_dilation_sd_full_change_precond;hrv_rmssd_full_change_precond;eeg_t_sampent_full_change_precond;eeg_fm_theta_mean_full_change_precond;eeg_tleft_lalpha_mean_full_change_precond"
2025-11-26 19:09:09.542989,32,"stress_label",10,128,0.03125,0.615384615384615,0.66025641025641,NA,10,"top10","eeg_tleft_sampent_full_change_precond;eeg_tleft_halpha_mean_full_change_precond;eeg_c_theta_mean_full_change_precond;eeg_fl_hbeta_mean_full_change_precond;eeg_pright_sampent_full_change_precond;pupil_dilation_sd_full_change_precond;hrv_rmssd_full_change_precond;eeg_t_sampent_full_change_precond;eeg_fm_theta_mean_full_change_precond;eeg_tleft_lalpha_mean_full_change_precond"
2025-11-26 19:09:10.906108,32,"stress_label",10,256,0.03125,0.564102564102564,0.608974358974359,NA,10,"top10","eeg_tleft_sampent_full_change_precond;eeg_tleft_halpha_mean_full_change_precond;eeg_c_theta_mean_full_change_precond;eeg_fl_hbeta_mean_full_change_precond;eeg_pright_sampent_full_change_precond;pupil_dilation_sd_full_change_precond;hrv_rmssd_full_change_precond;eeg_t_sampent_full_change_precond;eeg_fm_theta_mean_full_change_precond;eeg_tleft_lalpha_mean_full_change_precond"
2025-11-26 19:09:11.727834,32,"stress_label",10,2,0.0625,0.544871794871795,0.576923076923077,0.552991452991453,10,"top10","eeg_tleft_sampent_full_change_precond;eeg_tleft_halpha_mean_full_change_precond;eeg_c_theta_mean_full_change_precond;eeg_fl_hbeta_mean_full_change_precond;eeg_pright_sampent_full_change_precond;pupil_dilation_sd_full_change_precond;hrv_rmssd_full_change_precond;eeg_t_sampent_full_change_precond;eeg_fm_theta_mean_full_change_precond;eeg_tleft_lalpha_mean_full_change_precond"
2025-11-26 19:09:12.604124,32,"stress_label",10,4,0.0625,0.551282051282051,0.57051282051282,NA,10,"top10","eeg_tleft_sampent_full_change_precond;eeg_tleft_halpha_mean_full_change_precond;eeg_c_theta_mean_full_change_precond;eeg_fl_hbeta_mean_full_change_precond;eeg_pright_sampent_full_change_precond;pupil_dilation_sd_full_change_precond;hrv_rmssd_full_change_precond;eeg_t_sampent_full_change_precond;eeg_fm_theta_mean_full_change_precond;eeg_tleft_lalpha_mean_full_change_precond"
2025-11-26 19:09:13.452723,32,"stress_label",10,8,0.0625,0.608974358974359,0.596153846153846,NA,10,"top10","eeg_tleft_sampent_full_change_precond;eeg_tleft_halpha_mean_full_change_precond;eeg_c_theta_mean_full_change_precond;eeg_fl_hbeta_mean_full_change_precond;eeg_pright_sampent_full_change_precond;pupil_dilation_sd_full_change_precond;hrv_rmssd_full_change_precond;eeg_t_sampent_full_change_precond;eeg_fm_theta_mean_full_change_precond;eeg_tleft_lalpha_mean_full_change_precond"
2025-11-26 19:09:14.327187,32,"stress_label",10,16,0.0625,0.602564102564103,0.666666666666667,NA,10,"top10","eeg_tleft_sampent_full_change_precond;eeg_tleft_halpha_mean_full_change_precond;eeg_c_theta_mean_full_change_precond;eeg_fl_hbeta_mean_full_change_precond;eeg_pright_sampent_full_change_precond;pupil_dilation_sd_full_change_precond;hrv_rmssd_full_change_precond;eeg_t_sampent_full_change_precond;eeg_fm_theta_mean_full_change_precond;eeg_tleft_lalpha_mean_full_change_precond"
2025-11-26 19:09:15.216493,32,"stress_label",10,32,0.0625,0.583333333333333,0.66025641025641,NA,10,"top10","eeg_tleft_sampent_full_change_precond;eeg_tleft_halpha_mean_full_change_precond;eeg_c_theta_mean_full_change_precond;eeg_fl_hbeta_mean_full_change_precond;eeg_pright_sampent_full_change_precond;pupil_dilation_sd_full_change_precond;hrv_rmssd_full_change_precond;eeg_t_sampent_full_change_precond;eeg_fm_theta_mean_full_change_precond;eeg_tleft_lalpha_mean_full_change_precond"
2025-11-26 19:09:16.34777,32,"stress_label",10,64,0.0625,0.596153846153846,0.653846153846154,NA,10,"top10","eeg_tleft_sampent_full_change_precond;eeg_tleft_halpha_mean_full_change_precond;eeg_c_theta_mean_full_change_precond;eeg_fl_hbeta_mean_full_change_precond;eeg_pright_sampent_full_change_precond;pupil_dilation_sd_full_change_precond;hrv_rmssd_full_change_precond;eeg_t_sampent_full_change_precond;eeg_fm_theta_mean_full_change_precond;eeg_tleft_lalpha_mean_full_change_precond"
2025-11-26 19:09:17.563832,32,"stress_label",10,128,0.0625,0.596153846153846,0.628205128205128,NA,10,"top10","eeg_tleft_sampent_full_change_precond;eeg_tleft_halpha_mean_full_change_precond;eeg_c_theta_mean_full_change_precond;eeg_fl_hbeta_mean_full_change_precond;eeg_pright_sampent_full_change_precond;pupil_dilation_sd_full_change_precond;hrv_rmssd_full_change_precond;eeg_t_sampent_full_change_precond;eeg_fm_theta_mean_full_change_precond;eeg_tleft_lalpha_mean_full_change_precond"
2025-11-26 19:09:18.706242,32,"stress_label",10,256,0.0625,0.596153846153846,0.608974358974359,NA,10,"top10","eeg_tleft_sampent_full_change_precond;eeg_tleft_halpha_mean_full_change_precond;eeg_c_theta_mean_full_change_precond;eeg_fl_hbeta_mean_full_change_precond;eeg_pright_sampent_full_change_precond;pupil_dilation_sd_full_change_precond;hrv_rmssd_full_change_precond;eeg_t_sampent_full_change_precond;eeg_fm_theta_mean_full_change_precond;eeg_tleft_lalpha_mean_full_change_precond"
2025-11-26 19:09:19.581815,32,"stress_label",10,2,0.125,0.583333333333333,0.647435897435897,NA,10,"top10","eeg_tleft_sampent_full_change_precond;eeg_tleft_halpha_mean_full_change_precond;eeg_c_theta_mean_full_change_precond;eeg_fl_hbeta_mean_full_change_precond;eeg_pright_sampent_full_change_precond;pupil_dilation_sd_full_change_precond;hrv_rmssd_full_change_precond;eeg_t_sampent_full_change_precond;eeg_fm_theta_mean_full_change_precond;eeg_tleft_lalpha_mean_full_change_precond"
2025-11-26 19:09:20.489094,32,"stress_label",10,4,0.125,0.615384615384615,0.66025641025641,NA,10,"top10","eeg_tleft_sampent_full_change_precond;eeg_tleft_halpha_mean_full_change_precond;eeg_c_theta_mean_full_change_precond;eeg_fl_hbeta_mean_full_change_precond;eeg_pright_sampent_full_change_precond;pupil_dilation_sd_full_change_precond;hrv_rmssd_full_change_precond;eeg_t_sampent_full_change_precond;eeg_fm_theta_mean_full_change_precond;eeg_tleft_lalpha_mean_full_change_precond"
2025-11-26 19:09:21.419324,32,"stress_label",10,8,0.125,0.615384615384615,0.66025641025641,NA,10,"top10","eeg_tleft_sampent_full_change_precond;eeg_tleft_halpha_mean_full_change_precond;eeg_c_theta_mean_full_change_precond;eeg_fl_hbeta_mean_full_change_precond;eeg_pright_sampent_full_change_precond;pupil_dilation_sd_full_change_precond;hrv_rmssd_full_change_precond;eeg_t_sampent_full_change_precond;eeg_fm_theta_mean_full_change_precond;eeg_tleft_lalpha_mean_full_change_precond"
2025-11-26 19:09:22.243379,32,"stress_label",10,16,0.125,0.621794871794872,0.634615384615385,NA,10,"top10","eeg_tleft_sampent_full_change_precond;eeg_tleft_halpha_mean_full_change_precond;eeg_c_theta_mean_full_change_precond;eeg_fl_hbeta_mean_full_change_precond;eeg_pright_sampent_full_change_precond;pupil_dilation_sd_full_change_precond;hrv_rmssd_full_change_precond;eeg_t_sampent_full_change_precond;eeg_fm_theta_mean_full_change_precond;eeg_tleft_lalpha_mean_full_change_precond"
2025-11-26 19:09:23.268876,32,"stress_label",10,32,0.125,0.602564102564103,0.621794871794872,NA,10,"top10","eeg_tleft_sampent_full_change_precond;eeg_tleft_halpha_mean_full_change_precond;eeg_c_theta_mean_full_change_precond;eeg_fl_hbeta_mean_full_change_precond;eeg_pright_sampent_full_change_precond;pupil_dilation_sd_full_change_precond;hrv_rmssd_full_change_precond;eeg_t_sampent_full_change_precond;eeg_fm_theta_mean_full_change_precond;eeg_tleft_lalpha_mean_full_change_precond"
2025-11-26 19:09:24.310956,32,"stress_label",10,64,0.125,0.602564102564103,0.615384615384615,NA,10,"top10","eeg_tleft_sampent_full_change_precond;eeg_tleft_halpha_mean_full_change_precond;eeg_c_theta_mean_full_change_precond;eeg_fl_hbeta_mean_full_change_precond;eeg_pright_sampent_full_change_precond;pupil_dilation_sd_full_change_precond;hrv_rmssd_full_change_precond;eeg_t_sampent_full_change_precond;eeg_fm_theta_mean_full_change_precond;eeg_tleft_lalpha_mean_full_change_precond"
2025-11-26 19:09:25.345659,32,"stress_label",10,128,0.125,0.602564102564103,0.615384615384615,NA,10,"top10","eeg_tleft_sampent_full_change_precond;eeg_tleft_halpha_mean_full_change_precond;eeg_c_theta_mean_full_change_precond;eeg_fl_hbeta_mean_full_change_precond;eeg_pright_sampent_full_change_precond;pupil_dilation_sd_full_change_precond;hrv_rmssd_full_change_precond;eeg_t_sampent_full_change_precond;eeg_fm_theta_mean_full_change_precond;eeg_tleft_lalpha_mean_full_change_precond"
2025-11-26 19:09:26.376244,32,"stress_label",10,256,0.125,0.602564102564103,0.615384615384615,NA,10,"top10","eeg_tleft_sampent_full_change_precond;eeg_tleft_halpha_mean_full_change_precond;eeg_c_theta_mean_full_change_precond;eeg_fl_hbeta_mean_full_change_precond;eeg_pright_sampent_full_change_precond;pupil_dilation_sd_full_change_precond;hrv_rmssd_full_change_precond;eeg_t_sampent_full_change_precond;eeg_fm_theta_mean_full_change_precond;eeg_tleft_lalpha_mean_full_change_precond"
2025-11-26 19:09:27.235087,32,"stress_label",10,2,0.03,0.583333333333333,0.621794871794872,0.584615384615385,10,"top10","eeg_tleft_sampent_full_change_precond;eeg_tleft_halpha_mean_full_change_precond;eeg_c_theta_mean_full_change_precond;eeg_fl_hbeta_mean_full_change_precond;eeg_pright_sampent_full_change_precond;pupil_dilation_sd_full_change_precond;hrv_rmssd_full_change_precond;eeg_t_sampent_full_change_precond;eeg_fm_theta_mean_full_change_precond;eeg_tleft_lalpha_mean_full_change_precond"
2025-11-26 19:09:28.083891,32,"stress_label",10,4,0.03,0.544871794871795,0.583333333333333,0.551282051282051,10,"top10","eeg_tleft_sampent_full_change_precond;eeg_tleft_halpha_mean_full_change_precond;eeg_c_theta_mean_full_change_precond;eeg_fl_hbeta_mean_full_change_precond;eeg_pright_sampent_full_change_precond;pupil_dilation_sd_full_change_precond;hrv_rmssd_full_change_precond;eeg_t_sampent_full_change_precond;eeg_fm_theta_mean_full_change_precond;eeg_tleft_lalpha_mean_full_change_precond"
2025-11-26 19:09:28.94361,32,"stress_label",10,8,0.03,0.532051282051282,0.557692307692308,0.54017094017094,10,"top10","eeg_tleft_sampent_full_change_precond;eeg_tleft_halpha_mean_full_change_precond;eeg_c_theta_mean_full_change_precond;eeg_fl_hbeta_mean_full_change_precond;eeg_pright_sampent_full_change_precond;pupil_dilation_sd_full_change_precond;hrv_rmssd_full_change_precond;eeg_t_sampent_full_change_precond;eeg_fm_theta_mean_full_change_precond;eeg_tleft_lalpha_mean_full_change_precond"
2025-11-26 19:09:29.850678,32,"stress_label",10,16,0.03,0.512820512820513,0.525641025641026,NA,10,"top10","eeg_tleft_sampent_full_change_precond;eeg_tleft_halpha_mean_full_change_precond;eeg_c_theta_mean_full_change_precond;eeg_fl_hbeta_mean_full_change_precond;eeg_pright_sampent_full_change_precond;pupil_dilation_sd_full_change_precond;hrv_rmssd_full_change_precond;eeg_t_sampent_full_change_precond;eeg_fm_theta_mean_full_change_precond;eeg_tleft_lalpha_mean_full_change_precond"
2025-11-26 19:09:30.666114,32,"stress_label",10,32,0.03,0.544871794871795,0.557692307692308,NA,10,"top10","eeg_tleft_sampent_full_change_precond;eeg_tleft_halpha_mean_full_change_precond;eeg_c_theta_mean_full_change_precond;eeg_fl_hbeta_mean_full_change_precond;eeg_pright_sampent_full_change_precond;pupil_dilation_sd_full_change_precond;hrv_rmssd_full_change_precond;eeg_t_sampent_full_change_precond;eeg_fm_theta_mean_full_change_precond;eeg_tleft_lalpha_mean_full_change_precond"
2025-11-26 19:09:31.763173,32,"stress_label",10,64,0.03,0.583333333333333,0.641025641025641,NA,10,"top10","eeg_tleft_sampent_full_change_precond;eeg_tleft_halpha_mean_full_change_precond;eeg_c_theta_mean_full_change_precond;eeg_fl_hbeta_mean_full_change_precond;eeg_pright_sampent_full_change_precond;pupil_dilation_sd_full_change_precond;hrv_rmssd_full_change_precond;eeg_t_sampent_full_change_precond;eeg_fm_theta_mean_full_change_precond;eeg_tleft_lalpha_mean_full_change_precond"
2025-11-26 19:09:33.033758,32,"stress_label",10,128,0.03,0.608974358974359,0.66025641025641,NA,10,"top10","eeg_tleft_sampent_full_change_precond;eeg_tleft_halpha_mean_full_change_precond;eeg_c_theta_mean_full_change_precond;eeg_fl_hbeta_mean_full_change_precond;eeg_pright_sampent_full_change_precond;pupil_dilation_sd_full_change_precond;hrv_rmssd_full_change_precond;eeg_t_sampent_full_change_precond;eeg_fm_theta_mean_full_change_precond;eeg_tleft_lalpha_mean_full_change_precond"
2025-11-26 19:09:34.574836,32,"stress_label",10,256,0.03,0.564102564102564,0.608974358974359,NA,10,"top10","eeg_tleft_sampent_full_change_precond;eeg_tleft_halpha_mean_full_change_precond;eeg_c_theta_mean_full_change_precond;eeg_fl_hbeta_mean_full_change_precond;eeg_pright_sampent_full_change_precond;pupil_dilation_sd_full_change_precond;hrv_rmssd_full_change_precond;eeg_t_sampent_full_change_precond;eeg_fm_theta_mean_full_change_precond;eeg_tleft_lalpha_mean_full_change_precond"
2025-11-26 19:09:35.388912,32,"stress_label",10,2,0.06,0.538461538461538,0.583333333333333,0.548717948717949,10,"top10","eeg_tleft_sampent_full_change_precond;eeg_tleft_halpha_mean_full_change_precond;eeg_c_theta_mean_full_change_precond;eeg_fl_hbeta_mean_full_change_precond;eeg_pright_sampent_full_change_precond;pupil_dilation_sd_full_change_precond;hrv_rmssd_full_change_precond;eeg_t_sampent_full_change_precond;eeg_fm_theta_mean_full_change_precond;eeg_tleft_lalpha_mean_full_change_precond"
2025-11-26 19:09:36.082205,32,"stress_label",10,4,0.06,0.551282051282051,0.576923076923077,NA,10,"top10","eeg_tleft_sampent_full_change_precond;eeg_tleft_halpha_mean_full_change_precond;eeg_c_theta_mean_full_change_precond;eeg_fl_hbeta_mean_full_change_precond;eeg_pright_sampent_full_change_precond;pupil_dilation_sd_full_change_precond;hrv_rmssd_full_change_precond;eeg_t_sampent_full_change_precond;eeg_fm_theta_mean_full_change_precond;eeg_tleft_lalpha_mean_full_change_precond"
2025-11-26 19:09:36.984449,32,"stress_label",10,8,0.06,0.608974358974359,0.596153846153846,NA,10,"top10","eeg_tleft_sampent_full_change_precond;eeg_tleft_halpha_mean_full_change_precond;eeg_c_theta_mean_full_change_precond;eeg_fl_hbeta_mean_full_change_precond;eeg_pright_sampent_full_change_precond;pupil_dilation_sd_full_change_precond;hrv_rmssd_full_change_precond;eeg_t_sampent_full_change_precond;eeg_fm_theta_mean_full_change_precond;eeg_tleft_lalpha_mean_full_change_precond"
2025-11-26 19:09:37.922454,32,"stress_label",10,16,0.06,0.596153846153846,0.66025641025641,NA,10,"top10","eeg_tleft_sampent_full_change_precond;eeg_tleft_halpha_mean_full_change_precond;eeg_c_theta_mean_full_change_precond;eeg_fl_hbeta_mean_full_change_precond;eeg_pright_sampent_full_change_precond;pupil_dilation_sd_full_change_precond;hrv_rmssd_full_change_precond;eeg_t_sampent_full_change_precond;eeg_fm_theta_mean_full_change_precond;eeg_tleft_lalpha_mean_full_change_precond"
2025-11-26 19:09:38.975569,32,"stress_label",10,32,0.06,0.602564102564103,0.66025641025641,NA,10,"top10","eeg_tleft_sampent_full_change_precond;eeg_tleft_halpha_mean_full_change_precond;eeg_c_theta_mean_full_change_precond;eeg_fl_hbeta_mean_full_change_precond;eeg_pright_sampent_full_change_precond;pupil_dilation_sd_full_change_precond;hrv_rmssd_full_change_precond;eeg_t_sampent_full_change_precond;eeg_fm_theta_mean_full_change_precond;eeg_tleft_lalpha_mean_full_change_precond"
2025-11-26 19:09:40.059235,32,"stress_label",10,64,0.06,0.596153846153846,0.647435897435897,NA,10,"top10","eeg_tleft_sampent_full_change_precond;eeg_tleft_halpha_mean_full_change_precond;eeg_c_theta_mean_full_change_precond;eeg_fl_hbeta_mean_full_change_precond;eeg_pright_sampent_full_change_precond;pupil_dilation_sd_full_change_precond;hrv_rmssd_full_change_precond;eeg_t_sampent_full_change_precond;eeg_fm_theta_mean_full_change_precond;eeg_tleft_lalpha_mean_full_change_precond"
2025-11-26 19:09:41.033934,32,"stress_label",10,128,0.06,0.58974358974359,0.628205128205128,NA,10,"top10","eeg_tleft_sampent_full_change_precond;eeg_tleft_halpha_mean_full_change_precond;eeg_c_theta_mean_full_change_precond;eeg_fl_hbeta_mean_full_change_precond;eeg_pright_sampent_full_change_precond;pupil_dilation_sd_full_change_precond;hrv_rmssd_full_change_precond;eeg_t_sampent_full_change_precond;eeg_fm_theta_mean_full_change_precond;eeg_tleft_lalpha_mean_full_change_precond"
2025-11-26 19:09:41.906836,32,"stress_label",10,256,0.06,0.596153846153846,0.634615384615385,NA,10,"top10","eeg_tleft_sampent_full_change_precond;eeg_tleft_halpha_mean_full_change_precond;eeg_c_theta_mean_full_change_precond;eeg_fl_hbeta_mean_full_change_precond;eeg_pright_sampent_full_change_precond;pupil_dilation_sd_full_change_precond;hrv_rmssd_full_change_precond;eeg_t_sampent_full_change_precond;eeg_fm_theta_mean_full_change_precond;eeg_tleft_lalpha_mean_full_change_precond"
2025-11-26 19:09:42.573665,32,"stress_label",10,2,0.1,0.57051282051282,0.615384615384615,0.565811965811966,10,"top10","eeg_tleft_sampent_full_change_precond;eeg_tleft_halpha_mean_full_change_precond;eeg_c_theta_mean_full_change_precond;eeg_fl_hbeta_mean_full_change_precond;eeg_pright_sampent_full_change_precond;pupil_dilation_sd_full_change_precond;hrv_rmssd_full_change_precond;eeg_t_sampent_full_change_precond;eeg_fm_theta_mean_full_change_precond;eeg_tleft_lalpha_mean_full_change_precond"
2025-11-26 19:09:43.333372,32,"stress_label",10,4,0.1,0.615384615384615,0.647435897435897,NA,10,"top10","eeg_tleft_sampent_full_change_precond;eeg_tleft_halpha_mean_full_change_precond;eeg_c_theta_mean_full_change_precond;eeg_fl_hbeta_mean_full_change_precond;eeg_pright_sampent_full_change_precond;pupil_dilation_sd_full_change_precond;hrv_rmssd_full_change_precond;eeg_t_sampent_full_change_precond;eeg_fm_theta_mean_full_change_precond;eeg_tleft_lalpha_mean_full_change_precond"
2025-11-26 19:09:44.265351,32,"stress_label",10,8,0.1,0.628205128205128,0.647435897435897,NA,10,"top10","eeg_tleft_sampent_full_change_precond;eeg_tleft_halpha_mean_full_change_precond;eeg_c_theta_mean_full_change_precond;eeg_fl_hbeta_mean_full_change_precond;eeg_pright_sampent_full_change_precond;pupil_dilation_sd_full_change_precond;hrv_rmssd_full_change_precond;eeg_t_sampent_full_change_precond;eeg_fm_theta_mean_full_change_precond;eeg_tleft_lalpha_mean_full_change_precond"
2025-11-26 19:09:45.274052,32,"stress_label",10,16,0.1,0.621794871794872,0.653846153846154,NA,10,"top10","eeg_tleft_sampent_full_change_precond;eeg_tleft_halpha_mean_full_change_precond;eeg_c_theta_mean_full_change_precond;eeg_fl_hbeta_mean_full_change_precond;eeg_pright_sampent_full_change_precond;pupil_dilation_sd_full_change_precond;hrv_rmssd_full_change_precond;eeg_t_sampent_full_change_precond;eeg_fm_theta_mean_full_change_precond;eeg_tleft_lalpha_mean_full_change_precond"
2025-11-26 19:09:46.347142,32,"stress_label",10,32,0.1,0.621794871794872,0.647435897435897,NA,10,"top10","eeg_tleft_sampent_full_change_precond;eeg_tleft_halpha_mean_full_change_precond;eeg_c_theta_mean_full_change_precond;eeg_fl_hbeta_mean_full_change_precond;eeg_pright_sampent_full_change_precond;pupil_dilation_sd_full_change_precond;hrv_rmssd_full_change_precond;eeg_t_sampent_full_change_precond;eeg_fm_theta_mean_full_change_precond;eeg_tleft_lalpha_mean_full_change_precond"
2025-11-26 19:09:47.334871,32,"stress_label",10,64,0.1,0.608974358974359,0.634615384615385,NA,10,"top10","eeg_tleft_sampent_full_change_precond;eeg_tleft_halpha_mean_full_change_precond;eeg_c_theta_mean_full_change_precond;eeg_fl_hbeta_mean_full_change_precond;eeg_pright_sampent_full_change_precond;pupil_dilation_sd_full_change_precond;hrv_rmssd_full_change_precond;eeg_t_sampent_full_change_precond;eeg_fm_theta_mean_full_change_precond;eeg_tleft_lalpha_mean_full_change_precond"
2025-11-26 19:09:48.159093,32,"stress_label",10,128,0.1,0.608974358974359,0.634615384615385,NA,10,"top10","eeg_tleft_sampent_full_change_precond;eeg_tleft_halpha_mean_full_change_precond;eeg_c_theta_mean_full_change_precond;eeg_fl_hbeta_mean_full_change_precond;eeg_pright_sampent_full_change_precond;pupil_dilation_sd_full_change_precond;hrv_rmssd_full_change_precond;eeg_t_sampent_full_change_precond;eeg_fm_theta_mean_full_change_precond;eeg_tleft_lalpha_mean_full_change_precond"
2025-11-26 19:09:49.225838,32,"stress_label",10,256,0.1,0.608974358974359,0.634615384615385,NA,10,"top10","eeg_tleft_sampent_full_change_precond;eeg_tleft_halpha_mean_full_change_precond;eeg_c_theta_mean_full_change_precond;eeg_fl_hbeta_mean_full_change_precond;eeg_pright_sampent_full_change_precond;pupil_dilation_sd_full_change_precond;hrv_rmssd_full_change_precond;eeg_t_sampent_full_change_precond;eeg_fm_theta_mean_full_change_precond;eeg_tleft_lalpha_mean_full_change_precond"
2025-11-26 19:09:50.046436,32,"stress_label",5,2,0.0078125,0.58974358974359,0.608974358974359,0.555555555555556,5,"top5","eeg_tleft_sampent_full_change_precond;eeg_tleft_halpha_mean_full_change_precond;eeg_c_theta_mean_full_change_precond;eeg_fl_hbeta_mean_full_change_precond;eeg_pright_sampent_full_change_precond"
2025-11-26 19:09:50.802652,32,"stress_label",5,4,0.0078125,0.58974358974359,0.615384615384615,0.555555555555556,5,"top5","eeg_tleft_sampent_full_change_precond;eeg_tleft_halpha_mean_full_change_precond;eeg_c_theta_mean_full_change_precond;eeg_fl_hbeta_mean_full_change_precond;eeg_pright_sampent_full_change_precond"
2025-11-26 19:09:51.603086,32,"stress_label",5,8,0.0078125,0.57051282051282,0.583333333333333,0.541025641025641,5,"top5","eeg_tleft_sampent_full_change_precond;eeg_tleft_halpha_mean_full_change_precond;eeg_c_theta_mean_full_change_precond;eeg_fl_hbeta_mean_full_change_precond;eeg_pright_sampent_full_change_precond"
2025-11-26 19:09:52.327975,32,"stress_label",5,16,0.0078125,0.57051282051282,0.583333333333333,0.552136752136752,5,"top5","eeg_tleft_sampent_full_change_precond;eeg_tleft_halpha_mean_full_change_precond;eeg_c_theta_mean_full_change_precond;eeg_fl_hbeta_mean_full_change_precond;eeg_pright_sampent_full_change_precond"
2025-11-26 19:09:53.095867,32,"stress_label",5,32,0.0078125,0.564102564102564,0.564102564102564,0.55042735042735,5,"top5","eeg_tleft_sampent_full_change_precond;eeg_tleft_halpha_mean_full_change_precond;eeg_c_theta_mean_full_change_precond;eeg_fl_hbeta_mean_full_change_precond;eeg_pright_sampent_full_change_precond"
2025-11-26 19:09:53.863866,32,"stress_label",5,64,0.0078125,0.57051282051282,0.576923076923077,0.541025641025641,5,"top5","eeg_tleft_sampent_full_change_precond;eeg_tleft_halpha_mean_full_change_precond;eeg_c_theta_mean_full_change_precond;eeg_fl_hbeta_mean_full_change_precond;eeg_pright_sampent_full_change_precond"
2025-11-26 19:09:54.657697,32,"stress_label",5,128,0.0078125,0.564102564102564,0.583333333333333,0.533333333333333,5,"top5","eeg_tleft_sampent_full_change_precond;eeg_tleft_halpha_mean_full_change_precond;eeg_c_theta_mean_full_change_precond;eeg_fl_hbeta_mean_full_change_precond;eeg_pright_sampent_full_change_precond"
2025-11-26 19:09:55.521844,32,"stress_label",5,256,0.0078125,0.576923076923077,0.583333333333333,NA,5,"top5","eeg_tleft_sampent_full_change_precond;eeg_tleft_halpha_mean_full_change_precond;eeg_c_theta_mean_full_change_precond;eeg_fl_hbeta_mean_full_change_precond;eeg_pright_sampent_full_change_precond"
2025-11-26 19:09:56.297689,32,"stress_label",5,2,0.015625,0.596153846153846,0.608974358974359,0.560683760683761,5,"top5","eeg_tleft_sampent_full_change_precond;eeg_tleft_halpha_mean_full_change_precond;eeg_c_theta_mean_full_change_precond;eeg_fl_hbeta_mean_full_change_precond;eeg_pright_sampent_full_change_precond"
2025-11-26 19:09:57.256049,32,"stress_label",5,4,0.015625,0.576923076923077,0.583333333333333,0.548717948717949,5,"top5","eeg_tleft_sampent_full_change_precond;eeg_tleft_halpha_mean_full_change_precond;eeg_c_theta_mean_full_change_precond;eeg_fl_hbeta_mean_full_change_precond;eeg_pright_sampent_full_change_precond"
2025-11-26 19:09:58.040067,32,"stress_label",5,8,0.015625,0.564102564102564,0.576923076923077,0.541025641025641,5,"top5","eeg_tleft_sampent_full_change_precond;eeg_tleft_halpha_mean_full_change_precond;eeg_c_theta_mean_full_change_precond;eeg_fl_hbeta_mean_full_change_precond;eeg_pright_sampent_full_change_precond"
2025-11-26 19:09:58.825821,32,"stress_label",5,16,0.015625,0.557692307692308,0.564102564102564,0.532478632478632,5,"top5","eeg_tleft_sampent_full_change_precond;eeg_tleft_halpha_mean_full_change_precond;eeg_c_theta_mean_full_change_precond;eeg_fl_hbeta_mean_full_change_precond;eeg_pright_sampent_full_change_precond"
2025-11-26 19:09:59.606973,32,"stress_label",5,32,0.015625,0.576923076923077,0.596153846153846,0.54957264957265,5,"top5","eeg_tleft_sampent_full_change_precond;eeg_tleft_halpha_mean_full_change_precond;eeg_c_theta_mean_full_change_precond;eeg_fl_hbeta_mean_full_change_precond;eeg_pright_sampent_full_change_precond"
2025-11-26 19:10:00.420924,32,"stress_label",5,64,0.015625,0.57051282051282,0.58974358974359,NA,5,"top5","eeg_tleft_sampent_full_change_precond;eeg_tleft_halpha_mean_full_change_precond;eeg_c_theta_mean_full_change_precond;eeg_fl_hbeta_mean_full_change_precond;eeg_pright_sampent_full_change_precond"
2025-11-26 19:10:01.222382,32,"stress_label",5,128,0.015625,0.57051282051282,0.596153846153846,NA,5,"top5","eeg_tleft_sampent_full_change_precond;eeg_tleft_halpha_mean_full_change_precond;eeg_c_theta_mean_full_change_precond;eeg_fl_hbeta_mean_full_change_precond;eeg_pright_sampent_full_change_precond"
2025-11-26 19:10:02.137773,32,"stress_label",5,256,0.015625,0.532051282051282,0.538461538461538,0.499145299145299,5,"top5","eeg_tleft_sampent_full_change_precond;eeg_tleft_halpha_mean_full_change_precond;eeg_c_theta_mean_full_change_precond;eeg_fl_hbeta_mean_full_change_precond;eeg_pright_sampent_full_change_precond"
2025-11-26 19:10:02.909582,32,"stress_label",5,2,0.03125,0.596153846153846,0.608974358974359,0.571794871794872,5,"top5","eeg_tleft_sampent_full_change_precond;eeg_tleft_halpha_mean_full_change_precond;eeg_c_theta_mean_full_change_precond;eeg_fl_hbeta_mean_full_change_precond;eeg_pright_sampent_full_change_precond"
2025-11-26 19:10:03.683222,32,"stress_label",5,4,0.03125,0.564102564102564,0.58974358974359,0.545299145299145,5,"top5","eeg_tleft_sampent_full_change_precond;eeg_tleft_halpha_mean_full_change_precond;eeg_c_theta_mean_full_change_precond;eeg_fl_hbeta_mean_full_change_precond;eeg_pright_sampent_full_change_precond"
2025-11-26 19:10:04.472133,32,"stress_label",5,8,0.03125,0.57051282051282,0.608974358974359,0.548717948717949,5,"top5","eeg_tleft_sampent_full_change_precond;eeg_tleft_halpha_mean_full_change_precond;eeg_c_theta_mean_full_change_precond;eeg_fl_hbeta_mean_full_change_precond;eeg_pright_sampent_full_change_precond"
2025-11-26 19:10:05.201054,32,"stress_label",5,16,0.03125,0.564102564102564,0.576923076923077,NA,5,"top5","eeg_tleft_sampent_full_change_precond;eeg_tleft_halpha_mean_full_change_precond;eeg_c_theta_mean_full_change_precond;eeg_fl_hbeta_mean_full_change_precond;eeg_pright_sampent_full_change_precond"
2025-11-26 19:10:06.003105,32,"stress_label",5,32,0.03125,0.557692307692308,0.564102564102564,NA,5,"top5","eeg_tleft_sampent_full_change_precond;eeg_tleft_halpha_mean_full_change_precond;eeg_c_theta_mean_full_change_precond;eeg_fl_hbeta_mean_full_change_precond;eeg_pright_sampent_full_change_precond"
2025-11-26 19:10:06.770163,32,"stress_label",5,64,0.03125,0.538461538461538,0.538461538461538,0.506837606837607,5,"top5","eeg_tleft_sampent_full_change_precond;eeg_tleft_halpha_mean_full_change_precond;eeg_c_theta_mean_full_change_precond;eeg_fl_hbeta_mean_full_change_precond;eeg_pright_sampent_full_change_precond"
2025-11-26 19:10:07.713703,32,"stress_label",5,128,0.03125,0.538461538461538,0.461538461538462,0.511965811965812,5,"top5","eeg_tleft_sampent_full_change_precond;eeg_tleft_halpha_mean_full_change_precond;eeg_c_theta_mean_full_change_precond;eeg_fl_hbeta_mean_full_change_precond;eeg_pright_sampent_full_change_precond"
2025-11-26 19:10:08.768738,32,"stress_label",5,256,0.03125,0.551282051282051,0.506410256410256,0.51965811965812,5,"top5","eeg_tleft_sampent_full_change_precond;eeg_tleft_halpha_mean_full_change_precond;eeg_c_theta_mean_full_change_precond;eeg_fl_hbeta_mean_full_change_precond;eeg_pright_sampent_full_change_precond"
2025-11-26 19:10:09.48749,32,"stress_label",5,2,0.0625,0.58974358974359,0.608974358974359,0.556410256410256,5,"top5","eeg_tleft_sampent_full_change_precond;eeg_tleft_halpha_mean_full_change_precond;eeg_c_theta_mean_full_change_precond;eeg_fl_hbeta_mean_full_change_precond;eeg_pright_sampent_full_change_precond"
2025-11-26 19:10:10.226967,32,"stress_label",5,4,0.0625,0.564102564102564,0.608974358974359,0.536752136752137,5,"top5","eeg_tleft_sampent_full_change_precond;eeg_tleft_halpha_mean_full_change_precond;eeg_c_theta_mean_full_change_precond;eeg_fl_hbeta_mean_full_change_precond;eeg_pright_sampent_full_change_precond"
2025-11-26 19:10:11.015866,32,"stress_label",5,8,0.0625,0.544871794871795,0.544871794871795,NA,5,"top5","eeg_tleft_sampent_full_change_precond;eeg_tleft_halpha_mean_full_change_precond;eeg_c_theta_mean_full_change_precond;eeg_fl_hbeta_mean_full_change_precond;eeg_pright_sampent_full_change_precond"
2025-11-26 19:10:11.823817,32,"stress_label",5,16,0.0625,0.525641025641026,0.538461538461538,0.488888888888889,5,"top5","eeg_tleft_sampent_full_change_precond;eeg_tleft_halpha_mean_full_change_precond;eeg_c_theta_mean_full_change_precond;eeg_fl_hbeta_mean_full_change_precond;eeg_pright_sampent_full_change_precond"
2025-11-26 19:10:12.657224,32,"stress_label",5,32,0.0625,0.557692307692308,0.557692307692308,0.54017094017094,5,"top5","eeg_tleft_sampent_full_change_precond;eeg_tleft_halpha_mean_full_change_precond;eeg_c_theta_mean_full_change_precond;eeg_fl_hbeta_mean_full_change_precond;eeg_pright_sampent_full_change_precond"
2025-11-26 19:10:13.535824,32,"stress_label",5,64,0.0625,0.532051282051282,0.442307692307692,0.502564102564103,5,"top5","eeg_tleft_sampent_full_change_precond;eeg_tleft_halpha_mean_full_change_precond;eeg_c_theta_mean_full_change_precond;eeg_fl_hbeta_mean_full_change_precond;eeg_pright_sampent_full_change_precond"
2025-11-26 19:10:14.567534,32,"stress_label",5,128,0.0625,0.532051282051282,0.506410256410256,NA,5,"top5","eeg_tleft_sampent_full_change_precond;eeg_tleft_halpha_mean_full_change_precond;eeg_c_theta_mean_full_change_precond;eeg_fl_hbeta_mean_full_change_precond;eeg_pright_sampent_full_change_precond"
2025-11-26 19:10:15.849448,32,"stress_label",5,256,0.0625,0.551282051282051,0.467948717948718,NA,5,"top5","eeg_tleft_sampent_full_change_precond;eeg_tleft_halpha_mean_full_change_precond;eeg_c_theta_mean_full_change_precond;eeg_fl_hbeta_mean_full_change_precond;eeg_pright_sampent_full_change_precond"
2025-11-26 19:10:16.579192,32,"stress_label",5,2,0.125,0.544871794871795,0.564102564102564,NA,5,"top5","eeg_tleft_sampent_full_change_precond;eeg_tleft_halpha_mean_full_change_precond;eeg_c_theta_mean_full_change_precond;eeg_fl_hbeta_mean_full_change_precond;eeg_pright_sampent_full_change_precond"
2025-11-26 19:10:17.355413,32,"stress_label",5,4,0.125,0.506410256410256,0.532051282051282,0.470940170940171,5,"top5","eeg_tleft_sampent_full_change_precond;eeg_tleft_halpha_mean_full_change_precond;eeg_c_theta_mean_full_change_precond;eeg_fl_hbeta_mean_full_change_precond;eeg_pright_sampent_full_change_precond"
2025-11-26 19:10:18.119091,32,"stress_label",5,8,0.125,0.525641025641026,0.532051282051282,0.499145299145299,5,"top5","eeg_tleft_sampent_full_change_precond;eeg_tleft_halpha_mean_full_change_precond;eeg_c_theta_mean_full_change_precond;eeg_fl_hbeta_mean_full_change_precond;eeg_pright_sampent_full_change_precond"
2025-11-26 19:10:18.878202,32,"stress_label",5,16,0.125,0.5,0.525641025641026,0.482905982905983,5,"top5","eeg_tleft_sampent_full_change_precond;eeg_tleft_halpha_mean_full_change_precond;eeg_c_theta_mean_full_change_precond;eeg_fl_hbeta_mean_full_change_precond;eeg_pright_sampent_full_change_precond"
2025-11-26 19:10:19.693049,32,"stress_label",5,32,0.125,0.512820512820513,0.467948717948718,NA,5,"top5","eeg_tleft_sampent_full_change_precond;eeg_tleft_halpha_mean_full_change_precond;eeg_c_theta_mean_full_change_precond;eeg_fl_hbeta_mean_full_change_precond;eeg_pright_sampent_full_change_precond"
2025-11-26 19:10:20.738018,32,"stress_label",5,64,0.125,0.532051282051282,0.467948717948718,NA,5,"top5","eeg_tleft_sampent_full_change_precond;eeg_tleft_halpha_mean_full_change_precond;eeg_c_theta_mean_full_change_precond;eeg_fl_hbeta_mean_full_change_precond;eeg_pright_sampent_full_change_precond"
2025-11-26 19:10:21.880941,32,"stress_label",5,128,0.125,0.538461538461538,0.397435897435897,NA,5,"top5","eeg_tleft_sampent_full_change_precond;eeg_tleft_halpha_mean_full_change_precond;eeg_c_theta_mean_full_change_precond;eeg_fl_hbeta_mean_full_change_precond;eeg_pright_sampent_full_change_precond"
2025-11-26 19:10:23.181955,32,"stress_label",5,256,0.125,0.512820512820513,0.467948717948718,NA,5,"top5","eeg_tleft_sampent_full_change_precond;eeg_tleft_halpha_mean_full_change_precond;eeg_c_theta_mean_full_change_precond;eeg_fl_hbeta_mean_full_change_precond;eeg_pright_sampent_full_change_precond"
2025-11-26 19:10:23.918296,32,"stress_label",5,2,0.03,0.596153846153846,0.608974358974359,0.571794871794872,5,"top5","eeg_tleft_sampent_full_change_precond;eeg_tleft_halpha_mean_full_change_precond;eeg_c_theta_mean_full_change_precond;eeg_fl_hbeta_mean_full_change_precond;eeg_pright_sampent_full_change_precond"
2025-11-26 19:10:24.700058,32,"stress_label",5,4,0.03,0.564102564102564,0.596153846153846,0.545299145299145,5,"top5","eeg_tleft_sampent_full_change_precond;eeg_tleft_halpha_mean_full_change_precond;eeg_c_theta_mean_full_change_precond;eeg_fl_hbeta_mean_full_change_precond;eeg_pright_sampent_full_change_precond"
2025-11-26 19:10:25.439429,32,"stress_label",5,8,0.03,0.576923076923077,0.608974358974359,0.553846153846154,5,"top5","eeg_tleft_sampent_full_change_precond;eeg_tleft_halpha_mean_full_change_precond;eeg_c_theta_mean_full_change_precond;eeg_fl_hbeta_mean_full_change_precond;eeg_pright_sampent_full_change_precond"
2025-11-26 19:10:26.239138,32,"stress_label",5,16,0.03,0.564102564102564,0.602564102564103,NA,5,"top5","eeg_tleft_sampent_full_change_precond;eeg_tleft_halpha_mean_full_change_precond;eeg_c_theta_mean_full_change_precond;eeg_fl_hbeta_mean_full_change_precond;eeg_pright_sampent_full_change_precond"
2025-11-26 19:10:27.045162,32,"stress_label",5,32,0.03,0.564102564102564,0.576923076923077,NA,5,"top5","eeg_tleft_sampent_full_change_precond;eeg_tleft_halpha_mean_full_change_precond;eeg_c_theta_mean_full_change_precond;eeg_fl_hbeta_mean_full_change_precond;eeg_pright_sampent_full_change_precond"
2025-11-26 19:10:27.84005,32,"stress_label",5,64,0.03,0.538461538461538,0.525641025641026,0.506837606837607,5,"top5","eeg_tleft_sampent_full_change_precond;eeg_tleft_halpha_mean_full_change_precond;eeg_c_theta_mean_full_change_precond;eeg_fl_hbeta_mean_full_change_precond;eeg_pright_sampent_full_change_precond"
2025-11-26 19:10:28.637979,32,"stress_label",5,128,0.03,0.532051282051282,0.512820512820513,0.507692307692308,5,"top5","eeg_tleft_sampent_full_change_precond;eeg_tleft_halpha_mean_full_change_precond;eeg_c_theta_mean_full_change_precond;eeg_fl_hbeta_mean_full_change_precond;eeg_pright_sampent_full_change_precond"
2025-11-26 19:10:29.656068,32,"stress_label",5,256,0.03,0.544871794871795,0.5,0.51025641025641,5,"top5","eeg_tleft_sampent_full_change_precond;eeg_tleft_halpha_mean_full_change_precond;eeg_c_theta_mean_full_change_precond;eeg_fl_hbeta_mean_full_change_precond;eeg_pright_sampent_full_change_precond"
2025-11-26 19:10:30.404084,32,"stress_label",5,2,0.06,0.583333333333333,0.608974358974359,0.553846153846154,5,"top5","eeg_tleft_sampent_full_change_precond;eeg_tleft_halpha_mean_full_change_precond;eeg_c_theta_mean_full_change_precond;eeg_fl_hbeta_mean_full_change_precond;eeg_pright_sampent_full_change_precond"
2025-11-26 19:10:31.202283,32,"stress_label",5,4,0.06,0.564102564102564,0.615384615384615,0.536752136752137,5,"top5","eeg_tleft_sampent_full_change_precond;eeg_tleft_halpha_mean_full_change_precond;eeg_c_theta_mean_full_change_precond;eeg_fl_hbeta_mean_full_change_precond;eeg_pright_sampent_full_change_precond"
2025-11-26 19:10:31.991848,32,"stress_label",5,8,0.06,0.544871794871795,0.544871794871795,NA,5,"top5","eeg_tleft_sampent_full_change_precond;eeg_tleft_halpha_mean_full_change_precond;eeg_c_theta_mean_full_change_precond;eeg_fl_hbeta_mean_full_change_precond;eeg_pright_sampent_full_change_precond"
2025-11-26 19:10:32.7714,32,"stress_label",5,16,0.06,0.519230769230769,0.525641025641026,0.476068376068376,5,"top5","eeg_tleft_sampent_full_change_precond;eeg_tleft_halpha_mean_full_change_precond;eeg_c_theta_mean_full_change_precond;eeg_fl_hbeta_mean_full_change_precond;eeg_pright_sampent_full_change_precond"
2025-11-26 19:10:33.611592,32,"stress_label",5,32,0.06,0.538461538461538,0.544871794871795,0.515384615384615,5,"top5","eeg_tleft_sampent_full_change_precond;eeg_tleft_halpha_mean_full_change_precond;eeg_c_theta_mean_full_change_precond;eeg_fl_hbeta_mean_full_change_precond;eeg_pright_sampent_full_change_precond"
2025-11-26 19:10:34.524323,32,"stress_label",5,64,0.06,0.551282051282051,0.564102564102564,0.515384615384615,5,"top5","eeg_tleft_sampent_full_change_precond;eeg_tleft_halpha_mean_full_change_precond;eeg_c_theta_mean_full_change_precond;eeg_fl_hbeta_mean_full_change_precond;eeg_pright_sampent_full_change_precond"
2025-11-26 19:10:35.5784,32,"stress_label",5,128,0.06,0.519230769230769,0.429487179487179,NA,5,"top5","eeg_tleft_sampent_full_change_precond;eeg_tleft_halpha_mean_full_change_precond;eeg_c_theta_mean_full_change_precond;eeg_fl_hbeta_mean_full_change_precond;eeg_pright_sampent_full_change_precond"
2025-11-26 19:10:36.913915,32,"stress_label",5,256,0.06,0.557692307692308,0.455128205128205,NA,5,"top5","eeg_tleft_sampent_full_change_precond;eeg_tleft_halpha_mean_full_change_precond;eeg_c_theta_mean_full_change_precond;eeg_fl_hbeta_mean_full_change_precond;eeg_pright_sampent_full_change_precond"
2025-11-26 19:10:37.709014,32,"stress_label",5,2,0.1,0.557692307692308,0.602564102564103,NA,5,"top5","eeg_tleft_sampent_full_change_precond;eeg_tleft_halpha_mean_full_change_precond;eeg_c_theta_mean_full_change_precond;eeg_fl_hbeta_mean_full_change_precond;eeg_pright_sampent_full_change_precond"
2025-11-26 19:10:38.388123,32,"stress_label",5,4,0.1,0.538461538461538,0.532051282051282,0.51025641025641,5,"top5","eeg_tleft_sampent_full_change_precond;eeg_tleft_halpha_mean_full_change_precond;eeg_c_theta_mean_full_change_precond;eeg_fl_hbeta_mean_full_change_precond;eeg_pright_sampent_full_change_precond"
2025-11-26 19:10:39.156122,32,"stress_label",5,8,0.1,0.519230769230769,0.538461538461538,0.490598290598291,5,"top5","eeg_tleft_sampent_full_change_precond;eeg_tleft_halpha_mean_full_change_precond;eeg_c_theta_mean_full_change_precond;eeg_fl_hbeta_mean_full_change_precond;eeg_pright_sampent_full_change_precond"
2025-11-26 19:10:39.825023,32,"stress_label",5,16,0.1,0.544871794871795,0.512820512820513,0.513675213675214,5,"top5","eeg_tleft_sampent_full_change_precond;eeg_tleft_halpha_mean_full_change_precond;eeg_c_theta_mean_full_change_precond;eeg_fl_hbeta_mean_full_change_precond;eeg_pright_sampent_full_change_precond"
2025-11-26 19:10:40.68237,32,"stress_label",5,32,0.1,0.519230769230769,0.493589743589744,0.495726495726496,5,"top5","eeg_tleft_sampent_full_change_precond;eeg_tleft_halpha_mean_full_change_precond;eeg_c_theta_mean_full_change_precond;eeg_fl_hbeta_mean_full_change_precond;eeg_pright_sampent_full_change_precond"
2025-11-26 19:10:41.639472,32,"stress_label",5,64,0.1,0.512820512820513,0.429487179487179,NA,5,"top5","eeg_tleft_sampent_full_change_precond;eeg_tleft_halpha_mean_full_change_precond;eeg_c_theta_mean_full_change_precond;eeg_fl_hbeta_mean_full_change_precond;eeg_pright_sampent_full_change_precond"
2025-11-26 19:10:42.829709,32,"stress_label",5,128,0.1,0.544871794871795,0.416666666666667,NA,5,"top5","eeg_tleft_sampent_full_change_precond;eeg_tleft_halpha_mean_full_change_precond;eeg_c_theta_mean_full_change_precond;eeg_fl_hbeta_mean_full_change_precond;eeg_pright_sampent_full_change_precond"
2025-11-26 19:10:44.271214,32,"stress_label",5,256,0.1,0.544871794871795,0.461538461538462,NA,5,"top5","eeg_tleft_sampent_full_change_precond;eeg_tleft_halpha_mean_full_change_precond;eeg_c_theta_mean_full_change_precond;eeg_fl_hbeta_mean_full_change_precond;eeg_pright_sampent_full_change_precond"
2025-11-26 19:10:45.490239,33,"stress_label",20,2,0.0078125,0.602564102564103,0.634615384615385,0.556410256410256,20,"top20","eeg_tleft_sampent_full_change_precond;eeg_tleft_halpha_mean_full_change_precond;eeg_tleft_lalpha_mean_full_change_precond;eeg_pright_sampent_full_change_precond;eeg_t_sampent_full_change_precond;eeg_c_theta_mean_full_change_precond;eeg_fr_sampent_full_change_precond;gsr_skin_conductance_eda_tonic_mean_nk_full_change_precond;pupil_dilation_sd_full_change_precond;eeg_tright_halpha_mean_full_change_precond;hrv_rmssd_full_change_precond;eeg_pleft_halpha_mean_full_change_precond;eeg_fl_hbeta_mean_full_change_precond;eeg_pleft_lbeta_mean_full_change_precond;hr_heartrate_bpm_med_abs_full_change_precond;eeg_ab_ratio_full_change_precond;eeg_pright_halpha_mean_full_change_precond;eeg_c_sampent_full_change_precond;eeg_c_specent_full_change_precond;eeg_fm_theta_mean_full_change_precond"
2025-11-26 19:10:46.535124,33,"stress_label",20,4,0.0078125,0.557692307692308,0.628205128205128,0.544444444444444,20,"top20","eeg_tleft_sampent_full_change_precond;eeg_tleft_halpha_mean_full_change_precond;eeg_tleft_lalpha_mean_full_change_precond;eeg_pright_sampent_full_change_precond;eeg_t_sampent_full_change_precond;eeg_c_theta_mean_full_change_precond;eeg_fr_sampent_full_change_precond;gsr_skin_conductance_eda_tonic_mean_nk_full_change_precond;pupil_dilation_sd_full_change_precond;eeg_tright_halpha_mean_full_change_precond;hrv_rmssd_full_change_precond;eeg_pleft_halpha_mean_full_change_precond;eeg_fl_hbeta_mean_full_change_precond;eeg_pleft_lbeta_mean_full_change_precond;hr_heartrate_bpm_med_abs_full_change_precond;eeg_ab_ratio_full_change_precond;eeg_pright_halpha_mean_full_change_precond;eeg_c_sampent_full_change_precond;eeg_c_specent_full_change_precond;eeg_fm_theta_mean_full_change_precond"
2025-11-26 19:10:47.54038,33,"stress_label",20,8,0.0078125,0.544871794871795,0.621794871794872,0.531623931623932,20,"top20","eeg_tleft_sampent_full_change_precond;eeg_tleft_halpha_mean_full_change_precond;eeg_tleft_lalpha_mean_full_change_precond;eeg_pright_sampent_full_change_precond;eeg_t_sampent_full_change_precond;eeg_c_theta_mean_full_change_precond;eeg_fr_sampent_full_change_precond;gsr_skin_conductance_eda_tonic_mean_nk_full_change_precond;pupil_dilation_sd_full_change_precond;eeg_tright_halpha_mean_full_change_precond;hrv_rmssd_full_change_precond;eeg_pleft_halpha_mean_full_change_precond;eeg_fl_hbeta_mean_full_change_precond;eeg_pleft_lbeta_mean_full_change_precond;hr_heartrate_bpm_med_abs_full_change_precond;eeg_ab_ratio_full_change_precond;eeg_pright_halpha_mean_full_change_precond;eeg_c_sampent_full_change_precond;eeg_c_specent_full_change_precond;eeg_fm_theta_mean_full_change_precond"
2025-11-26 19:10:48.465126,33,"stress_label",20,16,0.0078125,0.557692307692308,0.58974358974359,NA,20,"top20","eeg_tleft_sampent_full_change_precond;eeg_tleft_halpha_mean_full_change_precond;eeg_tleft_lalpha_mean_full_change_precond;eeg_pright_sampent_full_change_precond;eeg_t_sampent_full_change_precond;eeg_c_theta_mean_full_change_precond;eeg_fr_sampent_full_change_precond;gsr_skin_conductance_eda_tonic_mean_nk_full_change_precond;pupil_dilation_sd_full_change_precond;eeg_tright_halpha_mean_full_change_precond;hrv_rmssd_full_change_precond;eeg_pleft_halpha_mean_full_change_precond;eeg_fl_hbeta_mean_full_change_precond;eeg_pleft_lbeta_mean_full_change_precond;hr_heartrate_bpm_med_abs_full_change_precond;eeg_ab_ratio_full_change_precond;eeg_pright_halpha_mean_full_change_precond;eeg_c_sampent_full_change_precond;eeg_c_specent_full_change_precond;eeg_fm_theta_mean_full_change_precond"
2025-11-26 19:10:49.512511,33,"stress_label",20,32,0.0078125,0.538461538461538,0.564102564102564,NA,20,"top20","eeg_tleft_sampent_full_change_precond;eeg_tleft_halpha_mean_full_change_precond;eeg_tleft_lalpha_mean_full_change_precond;eeg_pright_sampent_full_change_precond;eeg_t_sampent_full_change_precond;eeg_c_theta_mean_full_change_precond;eeg_fr_sampent_full_change_precond;gsr_skin_conductance_eda_tonic_mean_nk_full_change_precond;pupil_dilation_sd_full_change_precond;eeg_tright_halpha_mean_full_change_precond;hrv_rmssd_full_change_precond;eeg_pleft_halpha_mean_full_change_precond;eeg_fl_hbeta_mean_full_change_precond;eeg_pleft_lbeta_mean_full_change_precond;hr_heartrate_bpm_med_abs_full_change_precond;eeg_ab_ratio_full_change_precond;eeg_pright_halpha_mean_full_change_precond;eeg_c_sampent_full_change_precond;eeg_c_specent_full_change_precond;eeg_fm_theta_mean_full_change_precond"
2025-11-26 19:10:50.460677,33,"stress_label",20,64,0.0078125,0.512820512820513,0.57051282051282,NA,20,"top20","eeg_tleft_sampent_full_change_precond;eeg_tleft_halpha_mean_full_change_precond;eeg_tleft_lalpha_mean_full_change_precond;eeg_pright_sampent_full_change_precond;eeg_t_sampent_full_change_precond;eeg_c_theta_mean_full_change_precond;eeg_fr_sampent_full_change_precond;gsr_skin_conductance_eda_tonic_mean_nk_full_change_precond;pupil_dilation_sd_full_change_precond;eeg_tright_halpha_mean_full_change_precond;hrv_rmssd_full_change_precond;eeg_pleft_halpha_mean_full_change_precond;eeg_fl_hbeta_mean_full_change_precond;eeg_pleft_lbeta_mean_full_change_precond;hr_heartrate_bpm_med_abs_full_change_precond;eeg_ab_ratio_full_change_precond;eeg_pright_halpha_mean_full_change_precond;eeg_c_sampent_full_change_precond;eeg_c_specent_full_change_precond;eeg_fm_theta_mean_full_change_precond"
2025-11-26 19:10:51.590688,33,"stress_label",20,128,0.0078125,0.519230769230769,0.538461538461538,NA,20,"top20","eeg_tleft_sampent_full_change_precond;eeg_tleft_halpha_mean_full_change_precond;eeg_tleft_lalpha_mean_full_change_precond;eeg_pright_sampent_full_change_precond;eeg_t_sampent_full_change_precond;eeg_c_theta_mean_full_change_precond;eeg_fr_sampent_full_change_precond;gsr_skin_conductance_eda_tonic_mean_nk_full_change_precond;pupil_dilation_sd_full_change_precond;eeg_tright_halpha_mean_full_change_precond;hrv_rmssd_full_change_precond;eeg_pleft_halpha_mean_full_change_precond;eeg_fl_hbeta_mean_full_change_precond;eeg_pleft_lbeta_mean_full_change_precond;hr_heartrate_bpm_med_abs_full_change_precond;eeg_ab_ratio_full_change_precond;eeg_pright_halpha_mean_full_change_precond;eeg_c_sampent_full_change_precond;eeg_c_specent_full_change_precond;eeg_fm_theta_mean_full_change_precond"
2025-11-26 19:10:53.122109,33,"stress_label",20,256,0.0078125,0.525641025641026,0.557692307692308,NA,20,"top20","eeg_tleft_sampent_full_change_precond;eeg_tleft_halpha_mean_full_change_precond;eeg_tleft_lalpha_mean_full_change_precond;eeg_pright_sampent_full_change_precond;eeg_t_sampent_full_change_precond;eeg_c_theta_mean_full_change_precond;eeg_fr_sampent_full_change_precond;gsr_skin_conductance_eda_tonic_mean_nk_full_change_precond;pupil_dilation_sd_full_change_precond;eeg_tright_halpha_mean_full_change_precond;hrv_rmssd_full_change_precond;eeg_pleft_halpha_mean_full_change_precond;eeg_fl_hbeta_mean_full_change_precond;eeg_pleft_lbeta_mean_full_change_precond;hr_heartrate_bpm_med_abs_full_change_precond;eeg_ab_ratio_full_change_precond;eeg_pright_halpha_mean_full_change_precond;eeg_c_sampent_full_change_precond;eeg_c_specent_full_change_precond;eeg_fm_theta_mean_full_change_precond"
2025-11-26 19:10:54.148356,33,"stress_label",20,2,0.015625,0.557692307692308,0.628205128205128,0.535897435897436,20,"top20","eeg_tleft_sampent_full_change_precond;eeg_tleft_halpha_mean_full_change_precond;eeg_tleft_lalpha_mean_full_change_precond;eeg_pright_sampent_full_change_precond;eeg_t_sampent_full_change_precond;eeg_c_theta_mean_full_change_precond;eeg_fr_sampent_full_change_precond;gsr_skin_conductance_eda_tonic_mean_nk_full_change_precond;pupil_dilation_sd_full_change_precond;eeg_tright_halpha_mean_full_change_precond;hrv_rmssd_full_change_precond;eeg_pleft_halpha_mean_full_change_precond;eeg_fl_hbeta_mean_full_change_precond;eeg_pleft_lbeta_mean_full_change_precond;hr_heartrate_bpm_med_abs_full_change_precond;eeg_ab_ratio_full_change_precond;eeg_pright_halpha_mean_full_change_precond;eeg_c_sampent_full_change_precond;eeg_c_specent_full_change_precond;eeg_fm_theta_mean_full_change_precond"
2025-11-26 19:10:55.093438,33,"stress_label",20,4,0.015625,0.557692307692308,0.608974358974359,0.545299145299145,20,"top20","eeg_tleft_sampent_full_change_precond;eeg_tleft_halpha_mean_full_change_precond;eeg_tleft_lalpha_mean_full_change_precond;eeg_pright_sampent_full_change_precond;eeg_t_sampent_full_change_precond;eeg_c_theta_mean_full_change_precond;eeg_fr_sampent_full_change_precond;gsr_skin_conductance_eda_tonic_mean_nk_full_change_precond;pupil_dilation_sd_full_change_precond;eeg_tright_halpha_mean_full_change_precond;hrv_rmssd_full_change_precond;eeg_pleft_halpha_mean_full_change_precond;eeg_fl_hbeta_mean_full_change_precond;eeg_pleft_lbeta_mean_full_change_precond;hr_heartrate_bpm_med_abs_full_change_precond;eeg_ab_ratio_full_change_precond;eeg_pright_halpha_mean_full_change_precond;eeg_c_sampent_full_change_precond;eeg_c_specent_full_change_precond;eeg_fm_theta_mean_full_change_precond"
2025-11-26 19:10:56.118512,33,"stress_label",20,8,0.015625,0.564102564102564,0.583333333333333,NA,20,"top20","eeg_tleft_sampent_full_change_precond;eeg_tleft_halpha_mean_full_change_precond;eeg_tleft_lalpha_mean_full_change_precond;eeg_pright_sampent_full_change_precond;eeg_t_sampent_full_change_precond;eeg_c_theta_mean_full_change_precond;eeg_fr_sampent_full_change_precond;gsr_skin_conductance_eda_tonic_mean_nk_full_change_precond;pupil_dilation_sd_full_change_precond;eeg_tright_halpha_mean_full_change_precond;hrv_rmssd_full_change_precond;eeg_pleft_halpha_mean_full_change_precond;eeg_fl_hbeta_mean_full_change_precond;eeg_pleft_lbeta_mean_full_change_precond;hr_heartrate_bpm_med_abs_full_change_precond;eeg_ab_ratio_full_change_precond;eeg_pright_halpha_mean_full_change_precond;eeg_c_sampent_full_change_precond;eeg_c_specent_full_change_precond;eeg_fm_theta_mean_full_change_precond"
2025-11-26 19:10:57.20507,33,"stress_label",20,16,0.015625,0.532051282051282,0.519230769230769,NA,20,"top20","eeg_tleft_sampent_full_change_precond;eeg_tleft_halpha_mean_full_change_precond;eeg_tleft_lalpha_mean_full_change_precond;eeg_pright_sampent_full_change_precond;eeg_t_sampent_full_change_precond;eeg_c_theta_mean_full_change_precond;eeg_fr_sampent_full_change_precond;gsr_skin_conductance_eda_tonic_mean_nk_full_change_precond;pupil_dilation_sd_full_change_precond;eeg_tright_halpha_mean_full_change_precond;hrv_rmssd_full_change_precond;eeg_pleft_halpha_mean_full_change_precond;eeg_fl_hbeta_mean_full_change_precond;eeg_pleft_lbeta_mean_full_change_precond;hr_heartrate_bpm_med_abs_full_change_precond;eeg_ab_ratio_full_change_precond;eeg_pright_halpha_mean_full_change_precond;eeg_c_sampent_full_change_precond;eeg_c_specent_full_change_precond;eeg_fm_theta_mean_full_change_precond"
2025-11-26 19:10:58.375557,33,"stress_label",20,32,0.015625,0.519230769230769,0.532051282051282,NA,20,"top20","eeg_tleft_sampent_full_change_precond;eeg_tleft_halpha_mean_full_change_precond;eeg_tleft_lalpha_mean_full_change_precond;eeg_pright_sampent_full_change_precond;eeg_t_sampent_full_change_precond;eeg_c_theta_mean_full_change_precond;eeg_fr_sampent_full_change_precond;gsr_skin_conductance_eda_tonic_mean_nk_full_change_precond;pupil_dilation_sd_full_change_precond;eeg_tright_halpha_mean_full_change_precond;hrv_rmssd_full_change_precond;eeg_pleft_halpha_mean_full_change_precond;eeg_fl_hbeta_mean_full_change_precond;eeg_pleft_lbeta_mean_full_change_precond;hr_heartrate_bpm_med_abs_full_change_precond;eeg_ab_ratio_full_change_precond;eeg_pright_halpha_mean_full_change_precond;eeg_c_sampent_full_change_precond;eeg_c_specent_full_change_precond;eeg_fm_theta_mean_full_change_precond"
2025-11-26 19:10:59.66272,33,"stress_label",20,64,0.015625,0.532051282051282,0.538461538461538,NA,20,"top20","eeg_tleft_sampent_full_change_precond;eeg_tleft_halpha_mean_full_change_precond;eeg_tleft_lalpha_mean_full_change_precond;eeg_pright_sampent_full_change_precond;eeg_t_sampent_full_change_precond;eeg_c_theta_mean_full_change_precond;eeg_fr_sampent_full_change_precond;gsr_skin_conductance_eda_tonic_mean_nk_full_change_precond;pupil_dilation_sd_full_change_precond;eeg_tright_halpha_mean_full_change_precond;hrv_rmssd_full_change_precond;eeg_pleft_halpha_mean_full_change_precond;eeg_fl_hbeta_mean_full_change_precond;eeg_pleft_lbeta_mean_full_change_precond;hr_heartrate_bpm_med_abs_full_change_precond;eeg_ab_ratio_full_change_precond;eeg_pright_halpha_mean_full_change_precond;eeg_c_sampent_full_change_precond;eeg_c_specent_full_change_precond;eeg_fm_theta_mean_full_change_precond"
2025-11-26 19:11:01.041372,33,"stress_label",20,128,0.015625,0.544871794871795,0.519230769230769,NA,20,"top20","eeg_tleft_sampent_full_change_precond;eeg_tleft_halpha_mean_full_change_precond;eeg_tleft_lalpha_mean_full_change_precond;eeg_pright_sampent_full_change_precond;eeg_t_sampent_full_change_precond;eeg_c_theta_mean_full_change_precond;eeg_fr_sampent_full_change_precond;gsr_skin_conductance_eda_tonic_mean_nk_full_change_precond;pupil_dilation_sd_full_change_precond;eeg_tright_halpha_mean_full_change_precond;hrv_rmssd_full_change_precond;eeg_pleft_halpha_mean_full_change_precond;eeg_fl_hbeta_mean_full_change_precond;eeg_pleft_lbeta_mean_full_change_precond;hr_heartrate_bpm_med_abs_full_change_precond;eeg_ab_ratio_full_change_precond;eeg_pright_halpha_mean_full_change_precond;eeg_c_sampent_full_change_precond;eeg_c_specent_full_change_precond;eeg_fm_theta_mean_full_change_precond"
2025-11-26 19:11:02.408986,33,"stress_label",20,256,0.015625,0.544871794871795,0.512820512820513,NA,20,"top20","eeg_tleft_sampent_full_change_precond;eeg_tleft_halpha_mean_full_change_precond;eeg_tleft_lalpha_mean_full_change_precond;eeg_pright_sampent_full_change_precond;eeg_t_sampent_full_change_precond;eeg_c_theta_mean_full_change_precond;eeg_fr_sampent_full_change_precond;gsr_skin_conductance_eda_tonic_mean_nk_full_change_precond;pupil_dilation_sd_full_change_precond;eeg_tright_halpha_mean_full_change_precond;hrv_rmssd_full_change_precond;eeg_pleft_halpha_mean_full_change_precond;eeg_fl_hbeta_mean_full_change_precond;eeg_pleft_lbeta_mean_full_change_precond;hr_heartrate_bpm_med_abs_full_change_precond;eeg_ab_ratio_full_change_precond;eeg_pright_halpha_mean_full_change_precond;eeg_c_sampent_full_change_precond;eeg_c_specent_full_change_precond;eeg_fm_theta_mean_full_change_precond"
2025-11-26 19:11:03.47059,33,"stress_label",20,2,0.03125,0.596153846153846,0.583333333333333,NA,20,"top20","eeg_tleft_sampent_full_change_precond;eeg_tleft_halpha_mean_full_change_precond;eeg_tleft_lalpha_mean_full_change_precond;eeg_pright_sampent_full_change_precond;eeg_t_sampent_full_change_precond;eeg_c_theta_mean_full_change_precond;eeg_fr_sampent_full_change_precond;gsr_skin_conductance_eda_tonic_mean_nk_full_change_precond;pupil_dilation_sd_full_change_precond;eeg_tright_halpha_mean_full_change_precond;hrv_rmssd_full_change_precond;eeg_pleft_halpha_mean_full_change_precond;eeg_fl_hbeta_mean_full_change_precond;eeg_pleft_lbeta_mean_full_change_precond;hr_heartrate_bpm_med_abs_full_change_precond;eeg_ab_ratio_full_change_precond;eeg_pright_halpha_mean_full_change_precond;eeg_c_sampent_full_change_precond;eeg_c_specent_full_change_precond;eeg_fm_theta_mean_full_change_precond"
2025-11-26 19:11:04.556066,33,"stress_label",20,4,0.03125,0.576923076923077,0.583333333333333,NA,20,"top20","eeg_tleft_sampent_full_change_precond;eeg_tleft_halpha_mean_full_change_precond;eeg_tleft_lalpha_mean_full_change_precond;eeg_pright_sampent_full_change_precond;eeg_t_sampent_full_change_precond;eeg_c_theta_mean_full_change_precond;eeg_fr_sampent_full_change_precond;gsr_skin_conductance_eda_tonic_mean_nk_full_change_precond;pupil_dilation_sd_full_change_precond;eeg_tright_halpha_mean_full_change_precond;hrv_rmssd_full_change_precond;eeg_pleft_halpha_mean_full_change_precond;eeg_fl_hbeta_mean_full_change_precond;eeg_pleft_lbeta_mean_full_change_precond;hr_heartrate_bpm_med_abs_full_change_precond;eeg_ab_ratio_full_change_precond;eeg_pright_halpha_mean_full_change_precond;eeg_c_sampent_full_change_precond;eeg_c_specent_full_change_precond;eeg_fm_theta_mean_full_change_precond"
2025-11-26 19:11:05.700241,33,"stress_label",20,8,0.03125,0.525641025641026,0.512820512820513,NA,20,"top20","eeg_tleft_sampent_full_change_precond;eeg_tleft_halpha_mean_full_change_precond;eeg_tleft_lalpha_mean_full_change_precond;eeg_pright_sampent_full_change_precond;eeg_t_sampent_full_change_precond;eeg_c_theta_mean_full_change_precond;eeg_fr_sampent_full_change_precond;gsr_skin_conductance_eda_tonic_mean_nk_full_change_precond;pupil_dilation_sd_full_change_precond;eeg_tright_halpha_mean_full_change_precond;hrv_rmssd_full_change_precond;eeg_pleft_halpha_mean_full_change_precond;eeg_fl_hbeta_mean_full_change_precond;eeg_pleft_lbeta_mean_full_change_precond;hr_heartrate_bpm_med_abs_full_change_precond;eeg_ab_ratio_full_change_precond;eeg_pright_halpha_mean_full_change_precond;eeg_c_sampent_full_change_precond;eeg_c_specent_full_change_precond;eeg_fm_theta_mean_full_change_precond"
2025-11-26 19:11:06.832119,33,"stress_label",20,16,0.03125,0.544871794871795,0.525641025641026,NA,20,"top20","eeg_tleft_sampent_full_change_precond;eeg_tleft_halpha_mean_full_change_precond;eeg_tleft_lalpha_mean_full_change_precond;eeg_pright_sampent_full_change_precond;eeg_t_sampent_full_change_precond;eeg_c_theta_mean_full_change_precond;eeg_fr_sampent_full_change_precond;gsr_skin_conductance_eda_tonic_mean_nk_full_change_precond;pupil_dilation_sd_full_change_precond;eeg_tright_halpha_mean_full_change_precond;hrv_rmssd_full_change_precond;eeg_pleft_halpha_mean_full_change_precond;eeg_fl_hbeta_mean_full_change_precond;eeg_pleft_lbeta_mean_full_change_precond;hr_heartrate_bpm_med_abs_full_change_precond;eeg_ab_ratio_full_change_precond;eeg_pright_halpha_mean_full_change_precond;eeg_c_sampent_full_change_precond;eeg_c_specent_full_change_precond;eeg_fm_theta_mean_full_change_precond"
2025-11-26 19:11:08.098838,33,"stress_label",20,32,0.03125,0.557692307692308,0.544871794871795,NA,20,"top20","eeg_tleft_sampent_full_change_precond;eeg_tleft_halpha_mean_full_change_precond;eeg_tleft_lalpha_mean_full_change_precond;eeg_pright_sampent_full_change_precond;eeg_t_sampent_full_change_precond;eeg_c_theta_mean_full_change_precond;eeg_fr_sampent_full_change_precond;gsr_skin_conductance_eda_tonic_mean_nk_full_change_precond;pupil_dilation_sd_full_change_precond;eeg_tright_halpha_mean_full_change_precond;hrv_rmssd_full_change_precond;eeg_pleft_halpha_mean_full_change_precond;eeg_fl_hbeta_mean_full_change_precond;eeg_pleft_lbeta_mean_full_change_precond;hr_heartrate_bpm_med_abs_full_change_precond;eeg_ab_ratio_full_change_precond;eeg_pright_halpha_mean_full_change_precond;eeg_c_sampent_full_change_precond;eeg_c_specent_full_change_precond;eeg_fm_theta_mean_full_change_precond"
2025-11-26 19:11:09.353671,33,"stress_label",20,64,0.03125,0.544871794871795,0.544871794871795,NA,20,"top20","eeg_tleft_sampent_full_change_precond;eeg_tleft_halpha_mean_full_change_precond;eeg_tleft_lalpha_mean_full_change_precond;eeg_pright_sampent_full_change_precond;eeg_t_sampent_full_change_precond;eeg_c_theta_mean_full_change_precond;eeg_fr_sampent_full_change_precond;gsr_skin_conductance_eda_tonic_mean_nk_full_change_precond;pupil_dilation_sd_full_change_precond;eeg_tright_halpha_mean_full_change_precond;hrv_rmssd_full_change_precond;eeg_pleft_halpha_mean_full_change_precond;eeg_fl_hbeta_mean_full_change_precond;eeg_pleft_lbeta_mean_full_change_precond;hr_heartrate_bpm_med_abs_full_change_precond;eeg_ab_ratio_full_change_precond;eeg_pright_halpha_mean_full_change_precond;eeg_c_sampent_full_change_precond;eeg_c_specent_full_change_precond;eeg_fm_theta_mean_full_change_precond"
2025-11-26 19:11:10.823341,33,"stress_label",20,128,0.03125,0.519230769230769,0.467948717948718,NA,20,"top20","eeg_tleft_sampent_full_change_precond;eeg_tleft_halpha_mean_full_change_precond;eeg_tleft_lalpha_mean_full_change_precond;eeg_pright_sampent_full_change_precond;eeg_t_sampent_full_change_precond;eeg_c_theta_mean_full_change_precond;eeg_fr_sampent_full_change_precond;gsr_skin_conductance_eda_tonic_mean_nk_full_change_precond;pupil_dilation_sd_full_change_precond;eeg_tright_halpha_mean_full_change_precond;hrv_rmssd_full_change_precond;eeg_pleft_halpha_mean_full_change_precond;eeg_fl_hbeta_mean_full_change_precond;eeg_pleft_lbeta_mean_full_change_precond;hr_heartrate_bpm_med_abs_full_change_precond;eeg_ab_ratio_full_change_precond;eeg_pright_halpha_mean_full_change_precond;eeg_c_sampent_full_change_precond;eeg_c_specent_full_change_precond;eeg_fm_theta_mean_full_change_precond"
2025-11-26 19:11:12.056842,33,"stress_label",20,256,0.03125,0.519230769230769,0.506410256410256,NA,20,"top20","eeg_tleft_sampent_full_change_precond;eeg_tleft_halpha_mean_full_change_precond;eeg_tleft_lalpha_mean_full_change_precond;eeg_pright_sampent_full_change_precond;eeg_t_sampent_full_change_precond;eeg_c_theta_mean_full_change_precond;eeg_fr_sampent_full_change_precond;gsr_skin_conductance_eda_tonic_mean_nk_full_change_precond;pupil_dilation_sd_full_change_precond;eeg_tright_halpha_mean_full_change_precond;hrv_rmssd_full_change_precond;eeg_pleft_halpha_mean_full_change_precond;eeg_fl_hbeta_mean_full_change_precond;eeg_pleft_lbeta_mean_full_change_precond;hr_heartrate_bpm_med_abs_full_change_precond;eeg_ab_ratio_full_change_precond;eeg_pright_halpha_mean_full_change_precond;eeg_c_sampent_full_change_precond;eeg_c_specent_full_change_precond;eeg_fm_theta_mean_full_change_precond"
2025-11-26 19:11:12.93121,33,"stress_label",20,2,0.0625,0.576923076923077,0.557692307692308,NA,20,"top20","eeg_tleft_sampent_full_change_precond;eeg_tleft_halpha_mean_full_change_precond;eeg_tleft_lalpha_mean_full_change_precond;eeg_pright_sampent_full_change_precond;eeg_t_sampent_full_change_precond;eeg_c_theta_mean_full_change_precond;eeg_fr_sampent_full_change_precond;gsr_skin_conductance_eda_tonic_mean_nk_full_change_precond;pupil_dilation_sd_full_change_precond;eeg_tright_halpha_mean_full_change_precond;hrv_rmssd_full_change_precond;eeg_pleft_halpha_mean_full_change_precond;eeg_fl_hbeta_mean_full_change_precond;eeg_pleft_lbeta_mean_full_change_precond;hr_heartrate_bpm_med_abs_full_change_precond;eeg_ab_ratio_full_change_precond;eeg_pright_halpha_mean_full_change_precond;eeg_c_sampent_full_change_precond;eeg_c_specent_full_change_precond;eeg_fm_theta_mean_full_change_precond"
2025-11-26 19:11:13.991388,33,"stress_label",20,4,0.0625,0.564102564102564,0.564102564102564,NA,20,"top20","eeg_tleft_sampent_full_change_precond;eeg_tleft_halpha_mean_full_change_precond;eeg_tleft_lalpha_mean_full_change_precond;eeg_pright_sampent_full_change_precond;eeg_t_sampent_full_change_precond;eeg_c_theta_mean_full_change_precond;eeg_fr_sampent_full_change_precond;gsr_skin_conductance_eda_tonic_mean_nk_full_change_precond;pupil_dilation_sd_full_change_precond;eeg_tright_halpha_mean_full_change_precond;hrv_rmssd_full_change_precond;eeg_pleft_halpha_mean_full_change_precond;eeg_fl_hbeta_mean_full_change_precond;eeg_pleft_lbeta_mean_full_change_precond;hr_heartrate_bpm_med_abs_full_change_precond;eeg_ab_ratio_full_change_precond;eeg_pright_halpha_mean_full_change_precond;eeg_c_sampent_full_change_precond;eeg_c_specent_full_change_precond;eeg_fm_theta_mean_full_change_precond"
2025-11-26 19:11:15.206927,33,"stress_label",20,8,0.0625,0.538461538461538,0.57051282051282,NA,20,"top20","eeg_tleft_sampent_full_change_precond;eeg_tleft_halpha_mean_full_change_precond;eeg_tleft_lalpha_mean_full_change_precond;eeg_pright_sampent_full_change_precond;eeg_t_sampent_full_change_precond;eeg_c_theta_mean_full_change_precond;eeg_fr_sampent_full_change_precond;gsr_skin_conductance_eda_tonic_mean_nk_full_change_precond;pupil_dilation_sd_full_change_precond;eeg_tright_halpha_mean_full_change_precond;hrv_rmssd_full_change_precond;eeg_pleft_halpha_mean_full_change_precond;eeg_fl_hbeta_mean_full_change_precond;eeg_pleft_lbeta_mean_full_change_precond;hr_heartrate_bpm_med_abs_full_change_precond;eeg_ab_ratio_full_change_precond;eeg_pright_halpha_mean_full_change_precond;eeg_c_sampent_full_change_precond;eeg_c_specent_full_change_precond;eeg_fm_theta_mean_full_change_precond"
2025-11-26 19:11:16.261004,33,"stress_label",20,16,0.0625,0.525641025641026,0.551282051282051,NA,20,"top20","eeg_tleft_sampent_full_change_precond;eeg_tleft_halpha_mean_full_change_precond;eeg_tleft_lalpha_mean_full_change_precond;eeg_pright_sampent_full_change_precond;eeg_t_sampent_full_change_precond;eeg_c_theta_mean_full_change_precond;eeg_fr_sampent_full_change_precond;gsr_skin_conductance_eda_tonic_mean_nk_full_change_precond;pupil_dilation_sd_full_change_precond;eeg_tright_halpha_mean_full_change_precond;hrv_rmssd_full_change_precond;eeg_pleft_halpha_mean_full_change_precond;eeg_fl_hbeta_mean_full_change_precond;eeg_pleft_lbeta_mean_full_change_precond;hr_heartrate_bpm_med_abs_full_change_precond;eeg_ab_ratio_full_change_precond;eeg_pright_halpha_mean_full_change_precond;eeg_c_sampent_full_change_precond;eeg_c_specent_full_change_precond;eeg_fm_theta_mean_full_change_precond"
2025-11-26 19:11:17.387512,33,"stress_label",20,32,0.0625,0.519230769230769,0.512820512820513,NA,20,"top20","eeg_tleft_sampent_full_change_precond;eeg_tleft_halpha_mean_full_change_precond;eeg_tleft_lalpha_mean_full_change_precond;eeg_pright_sampent_full_change_precond;eeg_t_sampent_full_change_precond;eeg_c_theta_mean_full_change_precond;eeg_fr_sampent_full_change_precond;gsr_skin_conductance_eda_tonic_mean_nk_full_change_precond;pupil_dilation_sd_full_change_precond;eeg_tright_halpha_mean_full_change_precond;hrv_rmssd_full_change_precond;eeg_pleft_halpha_mean_full_change_precond;eeg_fl_hbeta_mean_full_change_precond;eeg_pleft_lbeta_mean_full_change_precond;hr_heartrate_bpm_med_abs_full_change_precond;eeg_ab_ratio_full_change_precond;eeg_pright_halpha_mean_full_change_precond;eeg_c_sampent_full_change_precond;eeg_c_specent_full_change_precond;eeg_fm_theta_mean_full_change_precond"
2025-11-26 19:11:18.487959,33,"stress_label",20,64,0.0625,0.519230769230769,0.551282051282051,NA,20,"top20","eeg_tleft_sampent_full_change_precond;eeg_tleft_halpha_mean_full_change_precond;eeg_tleft_lalpha_mean_full_change_precond;eeg_pright_sampent_full_change_precond;eeg_t_sampent_full_change_precond;eeg_c_theta_mean_full_change_precond;eeg_fr_sampent_full_change_precond;gsr_skin_conductance_eda_tonic_mean_nk_full_change_precond;pupil_dilation_sd_full_change_precond;eeg_tright_halpha_mean_full_change_precond;hrv_rmssd_full_change_precond;eeg_pleft_halpha_mean_full_change_precond;eeg_fl_hbeta_mean_full_change_precond;eeg_pleft_lbeta_mean_full_change_precond;hr_heartrate_bpm_med_abs_full_change_precond;eeg_ab_ratio_full_change_precond;eeg_pright_halpha_mean_full_change_precond;eeg_c_sampent_full_change_precond;eeg_c_specent_full_change_precond;eeg_fm_theta_mean_full_change_precond"
2025-11-26 19:11:19.61681,33,"stress_label",20,128,0.0625,0.519230769230769,0.461538461538462,NA,20,"top20","eeg_tleft_sampent_full_change_precond;eeg_tleft_halpha_mean_full_change_precond;eeg_tleft_lalpha_mean_full_change_precond;eeg_pright_sampent_full_change_precond;eeg_t_sampent_full_change_precond;eeg_c_theta_mean_full_change_precond;eeg_fr_sampent_full_change_precond;gsr_skin_conductance_eda_tonic_mean_nk_full_change_precond;pupil_dilation_sd_full_change_precond;eeg_tright_halpha_mean_full_change_precond;hrv_rmssd_full_change_precond;eeg_pleft_halpha_mean_full_change_precond;eeg_fl_hbeta_mean_full_change_precond;eeg_pleft_lbeta_mean_full_change_precond;hr_heartrate_bpm_med_abs_full_change_precond;eeg_ab_ratio_full_change_precond;eeg_pright_halpha_mean_full_change_precond;eeg_c_sampent_full_change_precond;eeg_c_specent_full_change_precond;eeg_fm_theta_mean_full_change_precond"
2025-11-26 19:11:20.705944,33,"stress_label",20,256,0.0625,0.519230769230769,0.5,NA,20,"top20","eeg_tleft_sampent_full_change_precond;eeg_tleft_halpha_mean_full_change_precond;eeg_tleft_lalpha_mean_full_change_precond;eeg_pright_sampent_full_change_precond;eeg_t_sampent_full_change_precond;eeg_c_theta_mean_full_change_precond;eeg_fr_sampent_full_change_precond;gsr_skin_conductance_eda_tonic_mean_nk_full_change_precond;pupil_dilation_sd_full_change_precond;eeg_tright_halpha_mean_full_change_precond;hrv_rmssd_full_change_precond;eeg_pleft_halpha_mean_full_change_precond;eeg_fl_hbeta_mean_full_change_precond;eeg_pleft_lbeta_mean_full_change_precond;hr_heartrate_bpm_med_abs_full_change_precond;eeg_ab_ratio_full_change_precond;eeg_pright_halpha_mean_full_change_precond;eeg_c_sampent_full_change_precond;eeg_c_specent_full_change_precond;eeg_fm_theta_mean_full_change_precond"
2025-11-26 19:11:21.764783,33,"stress_label",20,2,0.125,0.564102564102564,0.58974358974359,NA,20,"top20","eeg_tleft_sampent_full_change_precond;eeg_tleft_halpha_mean_full_change_precond;eeg_tleft_lalpha_mean_full_change_precond;eeg_pright_sampent_full_change_precond;eeg_t_sampent_full_change_precond;eeg_c_theta_mean_full_change_precond;eeg_fr_sampent_full_change_precond;gsr_skin_conductance_eda_tonic_mean_nk_full_change_precond;pupil_dilation_sd_full_change_precond;eeg_tright_halpha_mean_full_change_precond;hrv_rmssd_full_change_precond;eeg_pleft_halpha_mean_full_change_precond;eeg_fl_hbeta_mean_full_change_precond;eeg_pleft_lbeta_mean_full_change_precond;hr_heartrate_bpm_med_abs_full_change_precond;eeg_ab_ratio_full_change_precond;eeg_pright_halpha_mean_full_change_precond;eeg_c_sampent_full_change_precond;eeg_c_specent_full_change_precond;eeg_fm_theta_mean_full_change_precond"
2025-11-26 19:11:22.843306,33,"stress_label",20,4,0.125,0.557692307692308,0.551282051282051,NA,20,"top20","eeg_tleft_sampent_full_change_precond;eeg_tleft_halpha_mean_full_change_precond;eeg_tleft_lalpha_mean_full_change_precond;eeg_pright_sampent_full_change_precond;eeg_t_sampent_full_change_precond;eeg_c_theta_mean_full_change_precond;eeg_fr_sampent_full_change_precond;gsr_skin_conductance_eda_tonic_mean_nk_full_change_precond;pupil_dilation_sd_full_change_precond;eeg_tright_halpha_mean_full_change_precond;hrv_rmssd_full_change_precond;eeg_pleft_halpha_mean_full_change_precond;eeg_fl_hbeta_mean_full_change_precond;eeg_pleft_lbeta_mean_full_change_precond;hr_heartrate_bpm_med_abs_full_change_precond;eeg_ab_ratio_full_change_precond;eeg_pright_halpha_mean_full_change_precond;eeg_c_sampent_full_change_precond;eeg_c_specent_full_change_precond;eeg_fm_theta_mean_full_change_precond"
2025-11-26 19:11:23.750201,33,"stress_label",20,8,0.125,0.544871794871795,0.544871794871795,NA,20,"top20","eeg_tleft_sampent_full_change_precond;eeg_tleft_halpha_mean_full_change_precond;eeg_tleft_lalpha_mean_full_change_precond;eeg_pright_sampent_full_change_precond;eeg_t_sampent_full_change_precond;eeg_c_theta_mean_full_change_precond;eeg_fr_sampent_full_change_precond;gsr_skin_conductance_eda_tonic_mean_nk_full_change_precond;pupil_dilation_sd_full_change_precond;eeg_tright_halpha_mean_full_change_precond;hrv_rmssd_full_change_precond;eeg_pleft_halpha_mean_full_change_precond;eeg_fl_hbeta_mean_full_change_precond;eeg_pleft_lbeta_mean_full_change_precond;hr_heartrate_bpm_med_abs_full_change_precond;eeg_ab_ratio_full_change_precond;eeg_pright_halpha_mean_full_change_precond;eeg_c_sampent_full_change_precond;eeg_c_specent_full_change_precond;eeg_fm_theta_mean_full_change_precond"
2025-11-26 19:11:24.756469,33,"stress_label",20,16,0.125,0.544871794871795,0.57051282051282,NA,20,"top20","eeg_tleft_sampent_full_change_precond;eeg_tleft_halpha_mean_full_change_precond;eeg_tleft_lalpha_mean_full_change_precond;eeg_pright_sampent_full_change_precond;eeg_t_sampent_full_change_precond;eeg_c_theta_mean_full_change_precond;eeg_fr_sampent_full_change_precond;gsr_skin_conductance_eda_tonic_mean_nk_full_change_precond;pupil_dilation_sd_full_change_precond;eeg_tright_halpha_mean_full_change_precond;hrv_rmssd_full_change_precond;eeg_pleft_halpha_mean_full_change_precond;eeg_fl_hbeta_mean_full_change_precond;eeg_pleft_lbeta_mean_full_change_precond;hr_heartrate_bpm_med_abs_full_change_precond;eeg_ab_ratio_full_change_precond;eeg_pright_halpha_mean_full_change_precond;eeg_c_sampent_full_change_precond;eeg_c_specent_full_change_precond;eeg_fm_theta_mean_full_change_precond"
2025-11-26 19:11:25.907625,33,"stress_label",20,32,0.125,0.544871794871795,0.544871794871795,NA,20,"top20","eeg_tleft_sampent_full_change_precond;eeg_tleft_halpha_mean_full_change_precond;eeg_tleft_lalpha_mean_full_change_precond;eeg_pright_sampent_full_change_precond;eeg_t_sampent_full_change_precond;eeg_c_theta_mean_full_change_precond;eeg_fr_sampent_full_change_precond;gsr_skin_conductance_eda_tonic_mean_nk_full_change_precond;pupil_dilation_sd_full_change_precond;eeg_tright_halpha_mean_full_change_precond;hrv_rmssd_full_change_precond;eeg_pleft_halpha_mean_full_change_precond;eeg_fl_hbeta_mean_full_change_precond;eeg_pleft_lbeta_mean_full_change_precond;hr_heartrate_bpm_med_abs_full_change_precond;eeg_ab_ratio_full_change_precond;eeg_pright_halpha_mean_full_change_precond;eeg_c_sampent_full_change_precond;eeg_c_specent_full_change_precond;eeg_fm_theta_mean_full_change_precond"
2025-11-26 19:11:27.055256,33,"stress_label",20,64,0.125,0.544871794871795,0.557692307692308,NA,20,"top20","eeg_tleft_sampent_full_change_precond;eeg_tleft_halpha_mean_full_change_precond;eeg_tleft_lalpha_mean_full_change_precond;eeg_pright_sampent_full_change_precond;eeg_t_sampent_full_change_precond;eeg_c_theta_mean_full_change_precond;eeg_fr_sampent_full_change_precond;gsr_skin_conductance_eda_tonic_mean_nk_full_change_precond;pupil_dilation_sd_full_change_precond;eeg_tright_halpha_mean_full_change_precond;hrv_rmssd_full_change_precond;eeg_pleft_halpha_mean_full_change_precond;eeg_fl_hbeta_mean_full_change_precond;eeg_pleft_lbeta_mean_full_change_precond;hr_heartrate_bpm_med_abs_full_change_precond;eeg_ab_ratio_full_change_precond;eeg_pright_halpha_mean_full_change_precond;eeg_c_sampent_full_change_precond;eeg_c_specent_full_change_precond;eeg_fm_theta_mean_full_change_precond"
2025-11-26 19:11:28.243038,33,"stress_label",20,128,0.125,0.544871794871795,0.532051282051282,NA,20,"top20","eeg_tleft_sampent_full_change_precond;eeg_tleft_halpha_mean_full_change_precond;eeg_tleft_lalpha_mean_full_change_precond;eeg_pright_sampent_full_change_precond;eeg_t_sampent_full_change_precond;eeg_c_theta_mean_full_change_precond;eeg_fr_sampent_full_change_precond;gsr_skin_conductance_eda_tonic_mean_nk_full_change_precond;pupil_dilation_sd_full_change_precond;eeg_tright_halpha_mean_full_change_precond;hrv_rmssd_full_change_precond;eeg_pleft_halpha_mean_full_change_precond;eeg_fl_hbeta_mean_full_change_precond;eeg_pleft_lbeta_mean_full_change_precond;hr_heartrate_bpm_med_abs_full_change_precond;eeg_ab_ratio_full_change_precond;eeg_pright_halpha_mean_full_change_precond;eeg_c_sampent_full_change_precond;eeg_c_specent_full_change_precond;eeg_fm_theta_mean_full_change_precond"
2025-11-26 19:11:29.3844,33,"stress_label",20,256,0.125,0.544871794871795,0.57051282051282,NA,20,"top20","eeg_tleft_sampent_full_change_precond;eeg_tleft_halpha_mean_full_change_precond;eeg_tleft_lalpha_mean_full_change_precond;eeg_pright_sampent_full_change_precond;eeg_t_sampent_full_change_precond;eeg_c_theta_mean_full_change_precond;eeg_fr_sampent_full_change_precond;gsr_skin_conductance_eda_tonic_mean_nk_full_change_precond;pupil_dilation_sd_full_change_precond;eeg_tright_halpha_mean_full_change_precond;hrv_rmssd_full_change_precond;eeg_pleft_halpha_mean_full_change_precond;eeg_fl_hbeta_mean_full_change_precond;eeg_pleft_lbeta_mean_full_change_precond;hr_heartrate_bpm_med_abs_full_change_precond;eeg_ab_ratio_full_change_precond;eeg_pright_halpha_mean_full_change_precond;eeg_c_sampent_full_change_precond;eeg_c_specent_full_change_precond;eeg_fm_theta_mean_full_change_precond"
2025-11-26 19:11:30.254865,33,"stress_label",20,2,0.03,0.58974358974359,0.583333333333333,NA,20,"top20","eeg_tleft_sampent_full_change_precond;eeg_tleft_halpha_mean_full_change_precond;eeg_tleft_lalpha_mean_full_change_precond;eeg_pright_sampent_full_change_precond;eeg_t_sampent_full_change_precond;eeg_c_theta_mean_full_change_precond;eeg_fr_sampent_full_change_precond;gsr_skin_conductance_eda_tonic_mean_nk_full_change_precond;pupil_dilation_sd_full_change_precond;eeg_tright_halpha_mean_full_change_precond;hrv_rmssd_full_change_precond;eeg_pleft_halpha_mean_full_change_precond;eeg_fl_hbeta_mean_full_change_precond;eeg_pleft_lbeta_mean_full_change_precond;hr_heartrate_bpm_med_abs_full_change_precond;eeg_ab_ratio_full_change_precond;eeg_pright_halpha_mean_full_change_precond;eeg_c_sampent_full_change_precond;eeg_c_specent_full_change_precond;eeg_fm_theta_mean_full_change_precond"
2025-11-26 19:11:31.220045,33,"stress_label",20,4,0.03,0.57051282051282,0.583333333333333,NA,20,"top20","eeg_tleft_sampent_full_change_precond;eeg_tleft_halpha_mean_full_change_precond;eeg_tleft_lalpha_mean_full_change_precond;eeg_pright_sampent_full_change_precond;eeg_t_sampent_full_change_precond;eeg_c_theta_mean_full_change_precond;eeg_fr_sampent_full_change_precond;gsr_skin_conductance_eda_tonic_mean_nk_full_change_precond;pupil_dilation_sd_full_change_precond;eeg_tright_halpha_mean_full_change_precond;hrv_rmssd_full_change_precond;eeg_pleft_halpha_mean_full_change_precond;eeg_fl_hbeta_mean_full_change_precond;eeg_pleft_lbeta_mean_full_change_precond;hr_heartrate_bpm_med_abs_full_change_precond;eeg_ab_ratio_full_change_precond;eeg_pright_halpha_mean_full_change_precond;eeg_c_sampent_full_change_precond;eeg_c_specent_full_change_precond;eeg_fm_theta_mean_full_change_precond"
2025-11-26 19:11:32.35489,33,"stress_label",20,8,0.03,0.525641025641026,0.493589743589744,NA,20,"top20","eeg_tleft_sampent_full_change_precond;eeg_tleft_halpha_mean_full_change_precond;eeg_tleft_lalpha_mean_full_change_precond;eeg_pright_sampent_full_change_precond;eeg_t_sampent_full_change_precond;eeg_c_theta_mean_full_change_precond;eeg_fr_sampent_full_change_precond;gsr_skin_conductance_eda_tonic_mean_nk_full_change_precond;pupil_dilation_sd_full_change_precond;eeg_tright_halpha_mean_full_change_precond;hrv_rmssd_full_change_precond;eeg_pleft_halpha_mean_full_change_precond;eeg_fl_hbeta_mean_full_change_precond;eeg_pleft_lbeta_mean_full_change_precond;hr_heartrate_bpm_med_abs_full_change_precond;eeg_ab_ratio_full_change_precond;eeg_pright_halpha_mean_full_change_precond;eeg_c_sampent_full_change_precond;eeg_c_specent_full_change_precond;eeg_fm_theta_mean_full_change_precond"
2025-11-26 19:11:33.597867,33,"stress_label",20,16,0.03,0.532051282051282,0.525641025641026,NA,20,"top20","eeg_tleft_sampent_full_change_precond;eeg_tleft_halpha_mean_full_change_precond;eeg_tleft_lalpha_mean_full_change_precond;eeg_pright_sampent_full_change_precond;eeg_t_sampent_full_change_precond;eeg_c_theta_mean_full_change_precond;eeg_fr_sampent_full_change_precond;gsr_skin_conductance_eda_tonic_mean_nk_full_change_precond;pupil_dilation_sd_full_change_precond;eeg_tright_halpha_mean_full_change_precond;hrv_rmssd_full_change_precond;eeg_pleft_halpha_mean_full_change_precond;eeg_fl_hbeta_mean_full_change_precond;eeg_pleft_lbeta_mean_full_change_precond;hr_heartrate_bpm_med_abs_full_change_precond;eeg_ab_ratio_full_change_precond;eeg_pright_halpha_mean_full_change_precond;eeg_c_sampent_full_change_precond;eeg_c_specent_full_change_precond;eeg_fm_theta_mean_full_change_precond"
2025-11-26 19:11:34.857409,33,"stress_label",20,32,0.03,0.551282051282051,0.551282051282051,NA,20,"top20","eeg_tleft_sampent_full_change_precond;eeg_tleft_halpha_mean_full_change_precond;eeg_tleft_lalpha_mean_full_change_precond;eeg_pright_sampent_full_change_precond;eeg_t_sampent_full_change_precond;eeg_c_theta_mean_full_change_precond;eeg_fr_sampent_full_change_precond;gsr_skin_conductance_eda_tonic_mean_nk_full_change_precond;pupil_dilation_sd_full_change_precond;eeg_tright_halpha_mean_full_change_precond;hrv_rmssd_full_change_precond;eeg_pleft_halpha_mean_full_change_precond;eeg_fl_hbeta_mean_full_change_precond;eeg_pleft_lbeta_mean_full_change_precond;hr_heartrate_bpm_med_abs_full_change_precond;eeg_ab_ratio_full_change_precond;eeg_pright_halpha_mean_full_change_precond;eeg_c_sampent_full_change_precond;eeg_c_specent_full_change_precond;eeg_fm_theta_mean_full_change_precond"
2025-11-26 19:11:36.081837,33,"stress_label",20,64,0.03,0.551282051282051,0.506410256410256,NA,20,"top20","eeg_tleft_sampent_full_change_precond;eeg_tleft_halpha_mean_full_change_precond;eeg_tleft_lalpha_mean_full_change_precond;eeg_pright_sampent_full_change_precond;eeg_t_sampent_full_change_precond;eeg_c_theta_mean_full_change_precond;eeg_fr_sampent_full_change_precond;gsr_skin_conductance_eda_tonic_mean_nk_full_change_precond;pupil_dilation_sd_full_change_precond;eeg_tright_halpha_mean_full_change_precond;hrv_rmssd_full_change_precond;eeg_pleft_halpha_mean_full_change_precond;eeg_fl_hbeta_mean_full_change_precond;eeg_pleft_lbeta_mean_full_change_precond;hr_heartrate_bpm_med_abs_full_change_precond;eeg_ab_ratio_full_change_precond;eeg_pright_halpha_mean_full_change_precond;eeg_c_sampent_full_change_precond;eeg_c_specent_full_change_precond;eeg_fm_theta_mean_full_change_precond"
2025-11-26 19:11:37.362476,33,"stress_label",20,128,0.03,0.519230769230769,0.455128205128205,NA,20,"top20","eeg_tleft_sampent_full_change_precond;eeg_tleft_halpha_mean_full_change_precond;eeg_tleft_lalpha_mean_full_change_precond;eeg_pright_sampent_full_change_precond;eeg_t_sampent_full_change_precond;eeg_c_theta_mean_full_change_precond;eeg_fr_sampent_full_change_precond;gsr_skin_conductance_eda_tonic_mean_nk_full_change_precond;pupil_dilation_sd_full_change_precond;eeg_tright_halpha_mean_full_change_precond;hrv_rmssd_full_change_precond;eeg_pleft_halpha_mean_full_change_precond;eeg_fl_hbeta_mean_full_change_precond;eeg_pleft_lbeta_mean_full_change_precond;hr_heartrate_bpm_med_abs_full_change_precond;eeg_ab_ratio_full_change_precond;eeg_pright_halpha_mean_full_change_precond;eeg_c_sampent_full_change_precond;eeg_c_specent_full_change_precond;eeg_fm_theta_mean_full_change_precond"
2025-11-26 19:11:38.579749,33,"stress_label",20,256,0.03,0.519230769230769,0.532051282051282,NA,20,"top20","eeg_tleft_sampent_full_change_precond;eeg_tleft_halpha_mean_full_change_precond;eeg_tleft_lalpha_mean_full_change_precond;eeg_pright_sampent_full_change_precond;eeg_t_sampent_full_change_precond;eeg_c_theta_mean_full_change_precond;eeg_fr_sampent_full_change_precond;gsr_skin_conductance_eda_tonic_mean_nk_full_change_precond;pupil_dilation_sd_full_change_precond;eeg_tright_halpha_mean_full_change_precond;hrv_rmssd_full_change_precond;eeg_pleft_halpha_mean_full_change_precond;eeg_fl_hbeta_mean_full_change_precond;eeg_pleft_lbeta_mean_full_change_precond;hr_heartrate_bpm_med_abs_full_change_precond;eeg_ab_ratio_full_change_precond;eeg_pright_halpha_mean_full_change_precond;eeg_c_sampent_full_change_precond;eeg_c_specent_full_change_precond;eeg_fm_theta_mean_full_change_precond"
2025-11-26 19:11:39.645191,33,"stress_label",20,2,0.06,0.576923076923077,0.564102564102564,NA,20,"top20","eeg_tleft_sampent_full_change_precond;eeg_tleft_halpha_mean_full_change_precond;eeg_tleft_lalpha_mean_full_change_precond;eeg_pright_sampent_full_change_precond;eeg_t_sampent_full_change_precond;eeg_c_theta_mean_full_change_precond;eeg_fr_sampent_full_change_precond;gsr_skin_conductance_eda_tonic_mean_nk_full_change_precond;pupil_dilation_sd_full_change_precond;eeg_tright_halpha_mean_full_change_precond;hrv_rmssd_full_change_precond;eeg_pleft_halpha_mean_full_change_precond;eeg_fl_hbeta_mean_full_change_precond;eeg_pleft_lbeta_mean_full_change_precond;hr_heartrate_bpm_med_abs_full_change_precond;eeg_ab_ratio_full_change_precond;eeg_pright_halpha_mean_full_change_precond;eeg_c_sampent_full_change_precond;eeg_c_specent_full_change_precond;eeg_fm_theta_mean_full_change_precond"
2025-11-26 19:11:40.767667,33,"stress_label",20,4,0.06,0.564102564102564,0.57051282051282,NA,20,"top20","eeg_tleft_sampent_full_change_precond;eeg_tleft_halpha_mean_full_change_precond;eeg_tleft_lalpha_mean_full_change_precond;eeg_pright_sampent_full_change_precond;eeg_t_sampent_full_change_precond;eeg_c_theta_mean_full_change_precond;eeg_fr_sampent_full_change_precond;gsr_skin_conductance_eda_tonic_mean_nk_full_change_precond;pupil_dilation_sd_full_change_precond;eeg_tright_halpha_mean_full_change_precond;hrv_rmssd_full_change_precond;eeg_pleft_halpha_mean_full_change_precond;eeg_fl_hbeta_mean_full_change_precond;eeg_pleft_lbeta_mean_full_change_precond;hr_heartrate_bpm_med_abs_full_change_precond;eeg_ab_ratio_full_change_precond;eeg_pright_halpha_mean_full_change_precond;eeg_c_sampent_full_change_precond;eeg_c_specent_full_change_precond;eeg_fm_theta_mean_full_change_precond"
2025-11-26 19:11:41.966933,33,"stress_label",20,8,0.06,0.551282051282051,0.576923076923077,NA,20,"top20","eeg_tleft_sampent_full_change_precond;eeg_tleft_halpha_mean_full_change_precond;eeg_tleft_lalpha_mean_full_change_precond;eeg_pright_sampent_full_change_precond;eeg_t_sampent_full_change_precond;eeg_c_theta_mean_full_change_precond;eeg_fr_sampent_full_change_precond;gsr_skin_conductance_eda_tonic_mean_nk_full_change_precond;pupil_dilation_sd_full_change_precond;eeg_tright_halpha_mean_full_change_precond;hrv_rmssd_full_change_precond;eeg_pleft_halpha_mean_full_change_precond;eeg_fl_hbeta_mean_full_change_precond;eeg_pleft_lbeta_mean_full_change_precond;hr_heartrate_bpm_med_abs_full_change_precond;eeg_ab_ratio_full_change_precond;eeg_pright_halpha_mean_full_change_precond;eeg_c_sampent_full_change_precond;eeg_c_specent_full_change_precond;eeg_fm_theta_mean_full_change_precond"
2025-11-26 19:11:43.180472,33,"stress_label",20,16,0.06,0.532051282051282,0.5,NA,20,"top20","eeg_tleft_sampent_full_change_precond;eeg_tleft_halpha_mean_full_change_precond;eeg_tleft_lalpha_mean_full_change_precond;eeg_pright_sampent_full_change_precond;eeg_t_sampent_full_change_precond;eeg_c_theta_mean_full_change_precond;eeg_fr_sampent_full_change_precond;gsr_skin_conductance_eda_tonic_mean_nk_full_change_precond;pupil_dilation_sd_full_change_precond;eeg_tright_halpha_mean_full_change_precond;hrv_rmssd_full_change_precond;eeg_pleft_halpha_mean_full_change_precond;eeg_fl_hbeta_mean_full_change_precond;eeg_pleft_lbeta_mean_full_change_precond;hr_heartrate_bpm_med_abs_full_change_precond;eeg_ab_ratio_full_change_precond;eeg_pright_halpha_mean_full_change_precond;eeg_c_sampent_full_change_precond;eeg_c_specent_full_change_precond;eeg_fm_theta_mean_full_change_precond"
2025-11-26 19:11:44.370325,33,"stress_label",20,32,0.06,0.525641025641026,0.474358974358974,NA,20,"top20","eeg_tleft_sampent_full_change_precond;eeg_tleft_halpha_mean_full_change_precond;eeg_tleft_lalpha_mean_full_change_precond;eeg_pright_sampent_full_change_precond;eeg_t_sampent_full_change_precond;eeg_c_theta_mean_full_change_precond;eeg_fr_sampent_full_change_precond;gsr_skin_conductance_eda_tonic_mean_nk_full_change_precond;pupil_dilation_sd_full_change_precond;eeg_tright_halpha_mean_full_change_precond;hrv_rmssd_full_change_precond;eeg_pleft_halpha_mean_full_change_precond;eeg_fl_hbeta_mean_full_change_precond;eeg_pleft_lbeta_mean_full_change_precond;hr_heartrate_bpm_med_abs_full_change_precond;eeg_ab_ratio_full_change_precond;eeg_pright_halpha_mean_full_change_precond;eeg_c_sampent_full_change_precond;eeg_c_specent_full_change_precond;eeg_fm_theta_mean_full_change_precond"
2025-11-26 19:11:45.534065,33,"stress_label",20,64,0.06,0.525641025641026,0.525641025641026,NA,20,"top20","eeg_tleft_sampent_full_change_precond;eeg_tleft_halpha_mean_full_change_precond;eeg_tleft_lalpha_mean_full_change_precond;eeg_pright_sampent_full_change_precond;eeg_t_sampent_full_change_precond;eeg_c_theta_mean_full_change_precond;eeg_fr_sampent_full_change_precond;gsr_skin_conductance_eda_tonic_mean_nk_full_change_precond;pupil_dilation_sd_full_change_precond;eeg_tright_halpha_mean_full_change_precond;hrv_rmssd_full_change_precond;eeg_pleft_halpha_mean_full_change_precond;eeg_fl_hbeta_mean_full_change_precond;eeg_pleft_lbeta_mean_full_change_precond;hr_heartrate_bpm_med_abs_full_change_precond;eeg_ab_ratio_full_change_precond;eeg_pright_halpha_mean_full_change_precond;eeg_c_sampent_full_change_precond;eeg_c_specent_full_change_precond;eeg_fm_theta_mean_full_change_precond"
2025-11-26 19:11:46.50368,33,"stress_label",20,128,0.06,0.525641025641026,0.525641025641026,NA,20,"top20","eeg_tleft_sampent_full_change_precond;eeg_tleft_halpha_mean_full_change_precond;eeg_tleft_lalpha_mean_full_change_precond;eeg_pright_sampent_full_change_precond;eeg_t_sampent_full_change_precond;eeg_c_theta_mean_full_change_precond;eeg_fr_sampent_full_change_precond;gsr_skin_conductance_eda_tonic_mean_nk_full_change_precond;pupil_dilation_sd_full_change_precond;eeg_tright_halpha_mean_full_change_precond;hrv_rmssd_full_change_precond;eeg_pleft_halpha_mean_full_change_precond;eeg_fl_hbeta_mean_full_change_precond;eeg_pleft_lbeta_mean_full_change_precond;hr_heartrate_bpm_med_abs_full_change_precond;eeg_ab_ratio_full_change_precond;eeg_pright_halpha_mean_full_change_precond;eeg_c_sampent_full_change_precond;eeg_c_specent_full_change_precond;eeg_fm_theta_mean_full_change_precond"
2025-11-26 19:11:47.536586,33,"stress_label",20,256,0.06,0.525641025641026,0.525641025641026,NA,20,"top20","eeg_tleft_sampent_full_change_precond;eeg_tleft_halpha_mean_full_change_precond;eeg_tleft_lalpha_mean_full_change_precond;eeg_pright_sampent_full_change_precond;eeg_t_sampent_full_change_precond;eeg_c_theta_mean_full_change_precond;eeg_fr_sampent_full_change_precond;gsr_skin_conductance_eda_tonic_mean_nk_full_change_precond;pupil_dilation_sd_full_change_precond;eeg_tright_halpha_mean_full_change_precond;hrv_rmssd_full_change_precond;eeg_pleft_halpha_mean_full_change_precond;eeg_fl_hbeta_mean_full_change_precond;eeg_pleft_lbeta_mean_full_change_precond;hr_heartrate_bpm_med_abs_full_change_precond;eeg_ab_ratio_full_change_precond;eeg_pright_halpha_mean_full_change_precond;eeg_c_sampent_full_change_precond;eeg_c_specent_full_change_precond;eeg_fm_theta_mean_full_change_precond"
2025-11-26 19:11:48.693314,33,"stress_label",20,2,0.1,0.564102564102564,0.576923076923077,NA,20,"top20","eeg_tleft_sampent_full_change_precond;eeg_tleft_halpha_mean_full_change_precond;eeg_tleft_lalpha_mean_full_change_precond;eeg_pright_sampent_full_change_precond;eeg_t_sampent_full_change_precond;eeg_c_theta_mean_full_change_precond;eeg_fr_sampent_full_change_precond;gsr_skin_conductance_eda_tonic_mean_nk_full_change_precond;pupil_dilation_sd_full_change_precond;eeg_tright_halpha_mean_full_change_precond;hrv_rmssd_full_change_precond;eeg_pleft_halpha_mean_full_change_precond;eeg_fl_hbeta_mean_full_change_precond;eeg_pleft_lbeta_mean_full_change_precond;hr_heartrate_bpm_med_abs_full_change_precond;eeg_ab_ratio_full_change_precond;eeg_pright_halpha_mean_full_change_precond;eeg_c_sampent_full_change_precond;eeg_c_specent_full_change_precond;eeg_fm_theta_mean_full_change_precond"
2025-11-26 19:11:49.832694,33,"stress_label",20,4,0.1,0.557692307692308,0.557692307692308,NA,20,"top20","eeg_tleft_sampent_full_change_precond;eeg_tleft_halpha_mean_full_change_precond;eeg_tleft_lalpha_mean_full_change_precond;eeg_pright_sampent_full_change_precond;eeg_t_sampent_full_change_precond;eeg_c_theta_mean_full_change_precond;eeg_fr_sampent_full_change_precond;gsr_skin_conductance_eda_tonic_mean_nk_full_change_precond;pupil_dilation_sd_full_change_precond;eeg_tright_halpha_mean_full_change_precond;hrv_rmssd_full_change_precond;eeg_pleft_halpha_mean_full_change_precond;eeg_fl_hbeta_mean_full_change_precond;eeg_pleft_lbeta_mean_full_change_precond;hr_heartrate_bpm_med_abs_full_change_precond;eeg_ab_ratio_full_change_precond;eeg_pright_halpha_mean_full_change_precond;eeg_c_sampent_full_change_precond;eeg_c_specent_full_change_precond;eeg_fm_theta_mean_full_change_precond"
2025-11-26 19:11:50.738461,33,"stress_label",20,8,0.1,0.544871794871795,0.538461538461538,NA,20,"top20","eeg_tleft_sampent_full_change_precond;eeg_tleft_halpha_mean_full_change_precond;eeg_tleft_lalpha_mean_full_change_precond;eeg_pright_sampent_full_change_precond;eeg_t_sampent_full_change_precond;eeg_c_theta_mean_full_change_precond;eeg_fr_sampent_full_change_precond;gsr_skin_conductance_eda_tonic_mean_nk_full_change_precond;pupil_dilation_sd_full_change_precond;eeg_tright_halpha_mean_full_change_precond;hrv_rmssd_full_change_precond;eeg_pleft_halpha_mean_full_change_precond;eeg_fl_hbeta_mean_full_change_precond;eeg_pleft_lbeta_mean_full_change_precond;hr_heartrate_bpm_med_abs_full_change_precond;eeg_ab_ratio_full_change_precond;eeg_pright_halpha_mean_full_change_precond;eeg_c_sampent_full_change_precond;eeg_c_specent_full_change_precond;eeg_fm_theta_mean_full_change_precond"
2025-11-26 19:11:51.895033,33,"stress_label",20,16,0.1,0.544871794871795,0.525641025641026,NA,20,"top20","eeg_tleft_sampent_full_change_precond;eeg_tleft_halpha_mean_full_change_precond;eeg_tleft_lalpha_mean_full_change_precond;eeg_pright_sampent_full_change_precond;eeg_t_sampent_full_change_precond;eeg_c_theta_mean_full_change_precond;eeg_fr_sampent_full_change_precond;gsr_skin_conductance_eda_tonic_mean_nk_full_change_precond;pupil_dilation_sd_full_change_precond;eeg_tright_halpha_mean_full_change_precond;hrv_rmssd_full_change_precond;eeg_pleft_halpha_mean_full_change_precond;eeg_fl_hbeta_mean_full_change_precond;eeg_pleft_lbeta_mean_full_change_precond;hr_heartrate_bpm_med_abs_full_change_precond;eeg_ab_ratio_full_change_precond;eeg_pright_halpha_mean_full_change_precond;eeg_c_sampent_full_change_precond;eeg_c_specent_full_change_precond;eeg_fm_theta_mean_full_change_precond"
2025-11-26 19:11:53.040838,33,"stress_label",20,32,0.1,0.544871794871795,0.5,NA,20,"top20","eeg_tleft_sampent_full_change_precond;eeg_tleft_halpha_mean_full_change_precond;eeg_tleft_lalpha_mean_full_change_precond;eeg_pright_sampent_full_change_precond;eeg_t_sampent_full_change_precond;eeg_c_theta_mean_full_change_precond;eeg_fr_sampent_full_change_precond;gsr_skin_conductance_eda_tonic_mean_nk_full_change_precond;pupil_dilation_sd_full_change_precond;eeg_tright_halpha_mean_full_change_precond;hrv_rmssd_full_change_precond;eeg_pleft_halpha_mean_full_change_precond;eeg_fl_hbeta_mean_full_change_precond;eeg_pleft_lbeta_mean_full_change_precond;hr_heartrate_bpm_med_abs_full_change_precond;eeg_ab_ratio_full_change_precond;eeg_pright_halpha_mean_full_change_precond;eeg_c_sampent_full_change_precond;eeg_c_specent_full_change_precond;eeg_fm_theta_mean_full_change_precond"
2025-11-26 19:11:54.056839,33,"stress_label",20,64,0.1,0.544871794871795,0.5,NA,20,"top20","eeg_tleft_sampent_full_change_precond;eeg_tleft_halpha_mean_full_change_precond;eeg_tleft_lalpha_mean_full_change_precond;eeg_pright_sampent_full_change_precond;eeg_t_sampent_full_change_precond;eeg_c_theta_mean_full_change_precond;eeg_fr_sampent_full_change_precond;gsr_skin_conductance_eda_tonic_mean_nk_full_change_precond;pupil_dilation_sd_full_change_precond;eeg_tright_halpha_mean_full_change_precond;hrv_rmssd_full_change_precond;eeg_pleft_halpha_mean_full_change_precond;eeg_fl_hbeta_mean_full_change_precond;eeg_pleft_lbeta_mean_full_change_precond;hr_heartrate_bpm_med_abs_full_change_precond;eeg_ab_ratio_full_change_precond;eeg_pright_halpha_mean_full_change_precond;eeg_c_sampent_full_change_precond;eeg_c_specent_full_change_precond;eeg_fm_theta_mean_full_change_precond"
2025-11-26 19:11:55.198716,33,"stress_label",20,128,0.1,0.544871794871795,0.525641025641026,NA,20,"top20","eeg_tleft_sampent_full_change_precond;eeg_tleft_halpha_mean_full_change_precond;eeg_tleft_lalpha_mean_full_change_precond;eeg_pright_sampent_full_change_precond;eeg_t_sampent_full_change_precond;eeg_c_theta_mean_full_change_precond;eeg_fr_sampent_full_change_precond;gsr_skin_conductance_eda_tonic_mean_nk_full_change_precond;pupil_dilation_sd_full_change_precond;eeg_tright_halpha_mean_full_change_precond;hrv_rmssd_full_change_precond;eeg_pleft_halpha_mean_full_change_precond;eeg_fl_hbeta_mean_full_change_precond;eeg_pleft_lbeta_mean_full_change_precond;hr_heartrate_bpm_med_abs_full_change_precond;eeg_ab_ratio_full_change_precond;eeg_pright_halpha_mean_full_change_precond;eeg_c_sampent_full_change_precond;eeg_c_specent_full_change_precond;eeg_fm_theta_mean_full_change_precond"
2025-11-26 19:11:56.178262,33,"stress_label",20,256,0.1,0.544871794871795,0.525641025641026,NA,20,"top20","eeg_tleft_sampent_full_change_precond;eeg_tleft_halpha_mean_full_change_precond;eeg_tleft_lalpha_mean_full_change_precond;eeg_pright_sampent_full_change_precond;eeg_t_sampent_full_change_precond;eeg_c_theta_mean_full_change_precond;eeg_fr_sampent_full_change_precond;gsr_skin_conductance_eda_tonic_mean_nk_full_change_precond;pupil_dilation_sd_full_change_precond;eeg_tright_halpha_mean_full_change_precond;hrv_rmssd_full_change_precond;eeg_pleft_halpha_mean_full_change_precond;eeg_fl_hbeta_mean_full_change_precond;eeg_pleft_lbeta_mean_full_change_precond;hr_heartrate_bpm_med_abs_full_change_precond;eeg_ab_ratio_full_change_precond;eeg_pright_halpha_mean_full_change_precond;eeg_c_sampent_full_change_precond;eeg_c_specent_full_change_precond;eeg_fm_theta_mean_full_change_precond"
2025-11-26 19:11:56.954927,33,"stress_label",10,2,0.0078125,0.628205128205128,0.641025641025641,NA,10,"top10","eeg_tleft_sampent_full_change_precond;eeg_tleft_halpha_mean_full_change_precond;eeg_tleft_lalpha_mean_full_change_precond;eeg_pright_sampent_full_change_precond;eeg_t_sampent_full_change_precond;eeg_c_theta_mean_full_change_precond;eeg_fr_sampent_full_change_precond;gsr_skin_conductance_eda_tonic_mean_nk_full_change_precond;pupil_dilation_sd_full_change_precond;eeg_tright_halpha_mean_full_change_precond"
2025-11-26 19:11:57.604696,33,"stress_label",10,4,0.0078125,0.628205128205128,0.66025641025641,0.600854700854701,10,"top10","eeg_tleft_sampent_full_change_precond;eeg_tleft_halpha_mean_full_change_precond;eeg_tleft_lalpha_mean_full_change_precond;eeg_pright_sampent_full_change_precond;eeg_t_sampent_full_change_precond;eeg_c_theta_mean_full_change_precond;eeg_fr_sampent_full_change_precond;gsr_skin_conductance_eda_tonic_mean_nk_full_change_precond;pupil_dilation_sd_full_change_precond;eeg_tright_halpha_mean_full_change_precond"
2025-11-26 19:11:58.269583,33,"stress_label",10,8,0.0078125,0.621794871794872,0.647435897435897,0.602564102564103,10,"top10","eeg_tleft_sampent_full_change_precond;eeg_tleft_halpha_mean_full_change_precond;eeg_tleft_lalpha_mean_full_change_precond;eeg_pright_sampent_full_change_precond;eeg_t_sampent_full_change_precond;eeg_c_theta_mean_full_change_precond;eeg_fr_sampent_full_change_precond;gsr_skin_conductance_eda_tonic_mean_nk_full_change_precond;pupil_dilation_sd_full_change_precond;eeg_tright_halpha_mean_full_change_precond"
2025-11-26 19:11:59.088669,33,"stress_label",10,16,0.0078125,0.602564102564103,0.641025641025641,0.579487179487179,10,"top10","eeg_tleft_sampent_full_change_precond;eeg_tleft_halpha_mean_full_change_precond;eeg_tleft_lalpha_mean_full_change_precond;eeg_pright_sampent_full_change_precond;eeg_t_sampent_full_change_precond;eeg_c_theta_mean_full_change_precond;eeg_fr_sampent_full_change_precond;gsr_skin_conductance_eda_tonic_mean_nk_full_change_precond;pupil_dilation_sd_full_change_precond;eeg_tright_halpha_mean_full_change_precond"
2025-11-26 19:11:59.969157,33,"stress_label",10,32,0.0078125,0.634615384615385,0.634615384615385,0.608547008547008,10,"top10","eeg_tleft_sampent_full_change_precond;eeg_tleft_halpha_mean_full_change_precond;eeg_tleft_lalpha_mean_full_change_precond;eeg_pright_sampent_full_change_precond;eeg_t_sampent_full_change_precond;eeg_c_theta_mean_full_change_precond;eeg_fr_sampent_full_change_precond;gsr_skin_conductance_eda_tonic_mean_nk_full_change_precond;pupil_dilation_sd_full_change_precond;eeg_tright_halpha_mean_full_change_precond"
2025-11-26 19:12:00.851714,33,"stress_label",10,64,0.0078125,0.647435897435897,0.647435897435897,0.627350427350427,10,"top10","eeg_tleft_sampent_full_change_precond;eeg_tleft_halpha_mean_full_change_precond;eeg_tleft_lalpha_mean_full_change_precond;eeg_pright_sampent_full_change_precond;eeg_t_sampent_full_change_precond;eeg_c_theta_mean_full_change_precond;eeg_fr_sampent_full_change_precond;gsr_skin_conductance_eda_tonic_mean_nk_full_change_precond;pupil_dilation_sd_full_change_precond;eeg_tright_halpha_mean_full_change_precond"
2025-11-26 19:12:01.830808,33,"stress_label",10,128,0.0078125,0.641025641025641,0.628205128205128,0.617094017094017,10,"top10","eeg_tleft_sampent_full_change_precond;eeg_tleft_halpha_mean_full_change_precond;eeg_tleft_lalpha_mean_full_change_precond;eeg_pright_sampent_full_change_precond;eeg_t_sampent_full_change_precond;eeg_c_theta_mean_full_change_precond;eeg_fr_sampent_full_change_precond;gsr_skin_conductance_eda_tonic_mean_nk_full_change_precond;pupil_dilation_sd_full_change_precond;eeg_tright_halpha_mean_full_change_precond"
2025-11-26 19:12:02.98814,33,"stress_label",10,256,0.0078125,0.608974358974359,0.647435897435897,NA,10,"top10","eeg_tleft_sampent_full_change_precond;eeg_tleft_halpha_mean_full_change_precond;eeg_tleft_lalpha_mean_full_change_precond;eeg_pright_sampent_full_change_precond;eeg_t_sampent_full_change_precond;eeg_c_theta_mean_full_change_precond;eeg_fr_sampent_full_change_precond;gsr_skin_conductance_eda_tonic_mean_nk_full_change_precond;pupil_dilation_sd_full_change_precond;eeg_tright_halpha_mean_full_change_precond"
2025-11-26 19:12:03.863798,33,"stress_label",10,2,0.015625,0.621794871794872,0.653846153846154,NA,10,"top10","eeg_tleft_sampent_full_change_precond;eeg_tleft_halpha_mean_full_change_precond;eeg_tleft_lalpha_mean_full_change_precond;eeg_pright_sampent_full_change_precond;eeg_t_sampent_full_change_precond;eeg_c_theta_mean_full_change_precond;eeg_fr_sampent_full_change_precond;gsr_skin_conductance_eda_tonic_mean_nk_full_change_precond;pupil_dilation_sd_full_change_precond;eeg_tright_halpha_mean_full_change_precond"
2025-11-26 19:12:04.718238,33,"stress_label",10,4,0.015625,0.621794871794872,0.647435897435897,0.598290598290598,10,"top10","eeg_tleft_sampent_full_change_precond;eeg_tleft_halpha_mean_full_change_precond;eeg_tleft_lalpha_mean_full_change_precond;eeg_pright_sampent_full_change_precond;eeg_t_sampent_full_change_precond;eeg_c_theta_mean_full_change_precond;eeg_fr_sampent_full_change_precond;gsr_skin_conductance_eda_tonic_mean_nk_full_change_precond;pupil_dilation_sd_full_change_precond;eeg_tright_halpha_mean_full_change_precond"
2025-11-26 19:12:05.441051,33,"stress_label",10,8,0.015625,0.628205128205128,0.641025641025641,0.599145299145299,10,"top10","eeg_tleft_sampent_full_change_precond;eeg_tleft_halpha_mean_full_change_precond;eeg_tleft_lalpha_mean_full_change_precond;eeg_pright_sampent_full_change_precond;eeg_t_sampent_full_change_precond;eeg_c_theta_mean_full_change_precond;eeg_fr_sampent_full_change_precond;gsr_skin_conductance_eda_tonic_mean_nk_full_change_precond;pupil_dilation_sd_full_change_precond;eeg_tright_halpha_mean_full_change_precond"
2025-11-26 19:12:06.305487,33,"stress_label",10,16,0.015625,0.634615384615385,0.641025641025641,0.614529914529915,10,"top10","eeg_tleft_sampent_full_change_precond;eeg_tleft_halpha_mean_full_change_precond;eeg_tleft_lalpha_mean_full_change_precond;eeg_pright_sampent_full_change_precond;eeg_t_sampent_full_change_precond;eeg_c_theta_mean_full_change_precond;eeg_fr_sampent_full_change_precond;gsr_skin_conductance_eda_tonic_mean_nk_full_change_precond;pupil_dilation_sd_full_change_precond;eeg_tright_halpha_mean_full_change_precond"
2025-11-26 19:12:07.226462,33,"stress_label",10,32,0.015625,0.621794871794872,0.628205128205128,0.595726495726496,10,"top10","eeg_tleft_sampent_full_change_precond;eeg_tleft_halpha_mean_full_change_precond;eeg_tleft_lalpha_mean_full_change_precond;eeg_pright_sampent_full_change_precond;eeg_t_sampent_full_change_precond;eeg_c_theta_mean_full_change_precond;eeg_fr_sampent_full_change_precond;gsr_skin_conductance_eda_tonic_mean_nk_full_change_precond;pupil_dilation_sd_full_change_precond;eeg_tright_halpha_mean_full_change_precond"
2025-11-26 19:12:08.200628,33,"stress_label",10,64,0.015625,0.602564102564103,0.628205128205128,NA,10,"top10","eeg_tleft_sampent_full_change_precond;eeg_tleft_halpha_mean_full_change_precond;eeg_tleft_lalpha_mean_full_change_precond;eeg_pright_sampent_full_change_precond;eeg_t_sampent_full_change_precond;eeg_c_theta_mean_full_change_precond;eeg_fr_sampent_full_change_precond;gsr_skin_conductance_eda_tonic_mean_nk_full_change_precond;pupil_dilation_sd_full_change_precond;eeg_tright_halpha_mean_full_change_precond"
2025-11-26 19:12:09.246148,33,"stress_label",10,128,0.015625,0.583333333333333,0.596153846153846,0.566666666666667,10,"top10","eeg_tleft_sampent_full_change_precond;eeg_tleft_halpha_mean_full_change_precond;eeg_tleft_lalpha_mean_full_change_precond;eeg_pright_sampent_full_change_precond;eeg_t_sampent_full_change_precond;eeg_c_theta_mean_full_change_precond;eeg_fr_sampent_full_change_precond;gsr_skin_conductance_eda_tonic_mean_nk_full_change_precond;pupil_dilation_sd_full_change_precond;eeg_tright_halpha_mean_full_change_precond"
2025-11-26 19:12:10.530164,33,"stress_label",10,256,0.015625,0.519230769230769,0.525641025641026,NA,10,"top10","eeg_tleft_sampent_full_change_precond;eeg_tleft_halpha_mean_full_change_precond;eeg_tleft_lalpha_mean_full_change_precond;eeg_pright_sampent_full_change_precond;eeg_t_sampent_full_change_precond;eeg_c_theta_mean_full_change_precond;eeg_fr_sampent_full_change_precond;gsr_skin_conductance_eda_tonic_mean_nk_full_change_precond;pupil_dilation_sd_full_change_precond;eeg_tright_halpha_mean_full_change_precond"
2025-11-26 19:12:11.394533,33,"stress_label",10,2,0.03125,0.621794871794872,0.653846153846154,0.6,10,"top10","eeg_tleft_sampent_full_change_precond;eeg_tleft_halpha_mean_full_change_precond;eeg_tleft_lalpha_mean_full_change_precond;eeg_pright_sampent_full_change_precond;eeg_t_sampent_full_change_precond;eeg_c_theta_mean_full_change_precond;eeg_fr_sampent_full_change_precond;gsr_skin_conductance_eda_tonic_mean_nk_full_change_precond;pupil_dilation_sd_full_change_precond;eeg_tright_halpha_mean_full_change_precond"
2025-11-26 19:12:12.270178,33,"stress_label",10,4,0.03125,0.615384615384615,0.641025641025641,0.594017094017094,10,"top10","eeg_tleft_sampent_full_change_precond;eeg_tleft_halpha_mean_full_change_precond;eeg_tleft_lalpha_mean_full_change_precond;eeg_pright_sampent_full_change_precond;eeg_t_sampent_full_change_precond;eeg_c_theta_mean_full_change_precond;eeg_fr_sampent_full_change_precond;gsr_skin_conductance_eda_tonic_mean_nk_full_change_precond;pupil_dilation_sd_full_change_precond;eeg_tright_halpha_mean_full_change_precond"
2025-11-26 19:12:13.150132,33,"stress_label",10,8,0.03125,0.628205128205128,0.641025641025641,0.598290598290598,10,"top10","eeg_tleft_sampent_full_change_precond;eeg_tleft_halpha_mean_full_change_precond;eeg_tleft_lalpha_mean_full_change_precond;eeg_pright_sampent_full_change_precond;eeg_t_sampent_full_change_precond;eeg_c_theta_mean_full_change_precond;eeg_fr_sampent_full_change_precond;gsr_skin_conductance_eda_tonic_mean_nk_full_change_precond;pupil_dilation_sd_full_change_precond;eeg_tright_halpha_mean_full_change_precond"
2025-11-26 19:12:14.093496,33,"stress_label",10,16,0.03125,0.58974358974359,0.647435897435897,NA,10,"top10","eeg_tleft_sampent_full_change_precond;eeg_tleft_halpha_mean_full_change_precond;eeg_tleft_lalpha_mean_full_change_precond;eeg_pright_sampent_full_change_precond;eeg_t_sampent_full_change_precond;eeg_c_theta_mean_full_change_precond;eeg_fr_sampent_full_change_precond;gsr_skin_conductance_eda_tonic_mean_nk_full_change_precond;pupil_dilation_sd_full_change_precond;eeg_tright_halpha_mean_full_change_precond"
2025-11-26 19:12:15.085337,33,"stress_label",10,32,0.03125,0.58974358974359,0.596153846153846,NA,10,"top10","eeg_tleft_sampent_full_change_precond;eeg_tleft_halpha_mean_full_change_precond;eeg_tleft_lalpha_mean_full_change_precond;eeg_pright_sampent_full_change_precond;eeg_t_sampent_full_change_precond;eeg_c_theta_mean_full_change_precond;eeg_fr_sampent_full_change_precond;gsr_skin_conductance_eda_tonic_mean_nk_full_change_precond;pupil_dilation_sd_full_change_precond;eeg_tright_halpha_mean_full_change_precond"
2025-11-26 19:12:16.17466,33,"stress_label",10,64,0.03125,0.538461538461538,0.544871794871795,NA,10,"top10","eeg_tleft_sampent_full_change_precond;eeg_tleft_halpha_mean_full_change_precond;eeg_tleft_lalpha_mean_full_change_precond;eeg_pright_sampent_full_change_precond;eeg_t_sampent_full_change_precond;eeg_c_theta_mean_full_change_precond;eeg_fr_sampent_full_change_precond;gsr_skin_conductance_eda_tonic_mean_nk_full_change_precond;pupil_dilation_sd_full_change_precond;eeg_tright_halpha_mean_full_change_precond"
2025-11-26 19:12:17.49306,33,"stress_label",10,128,0.03125,0.525641025641026,0.519230769230769,NA,10,"top10","eeg_tleft_sampent_full_change_precond;eeg_tleft_halpha_mean_full_change_precond;eeg_tleft_lalpha_mean_full_change_precond;eeg_pright_sampent_full_change_precond;eeg_t_sampent_full_change_precond;eeg_c_theta_mean_full_change_precond;eeg_fr_sampent_full_change_precond;gsr_skin_conductance_eda_tonic_mean_nk_full_change_precond;pupil_dilation_sd_full_change_precond;eeg_tright_halpha_mean_full_change_precond"
2025-11-26 19:12:18.983155,33,"stress_label",10,256,0.03125,0.544871794871795,0.564102564102564,NA,10,"top10","eeg_tleft_sampent_full_change_precond;eeg_tleft_halpha_mean_full_change_precond;eeg_tleft_lalpha_mean_full_change_precond;eeg_pright_sampent_full_change_precond;eeg_t_sampent_full_change_precond;eeg_c_theta_mean_full_change_precond;eeg_fr_sampent_full_change_precond;gsr_skin_conductance_eda_tonic_mean_nk_full_change_precond;pupil_dilation_sd_full_change_precond;eeg_tright_halpha_mean_full_change_precond"
2025-11-26 19:12:19.859303,33,"stress_label",10,2,0.0625,0.621794871794872,0.628205128205128,0.594017094017094,10,"top10","eeg_tleft_sampent_full_change_precond;eeg_tleft_halpha_mean_full_change_precond;eeg_tleft_lalpha_mean_full_change_precond;eeg_pright_sampent_full_change_precond;eeg_t_sampent_full_change_precond;eeg_c_theta_mean_full_change_precond;eeg_fr_sampent_full_change_precond;gsr_skin_conductance_eda_tonic_mean_nk_full_change_precond;pupil_dilation_sd_full_change_precond;eeg_tright_halpha_mean_full_change_precond"
2025-11-26 19:12:20.96365,33,"stress_label",10,4,0.0625,0.596153846153846,0.66025641025641,NA,10,"top10","eeg_tleft_sampent_full_change_precond;eeg_tleft_halpha_mean_full_change_precond;eeg_tleft_lalpha_mean_full_change_precond;eeg_pright_sampent_full_change_precond;eeg_t_sampent_full_change_precond;eeg_c_theta_mean_full_change_precond;eeg_fr_sampent_full_change_precond;gsr_skin_conductance_eda_tonic_mean_nk_full_change_precond;pupil_dilation_sd_full_change_precond;eeg_tright_halpha_mean_full_change_precond"
2025-11-26 19:12:21.902567,33,"stress_label",10,8,0.0625,0.602564102564103,0.615384615384615,NA,10,"top10","eeg_tleft_sampent_full_change_precond;eeg_tleft_halpha_mean_full_change_precond;eeg_tleft_lalpha_mean_full_change_precond;eeg_pright_sampent_full_change_precond;eeg_t_sampent_full_change_precond;eeg_c_theta_mean_full_change_precond;eeg_fr_sampent_full_change_precond;gsr_skin_conductance_eda_tonic_mean_nk_full_change_precond;pupil_dilation_sd_full_change_precond;eeg_tright_halpha_mean_full_change_precond"
2025-11-26 19:12:22.85969,33,"stress_label",10,16,0.0625,0.57051282051282,0.564102564102564,NA,10,"top10","eeg_tleft_sampent_full_change_precond;eeg_tleft_halpha_mean_full_change_precond;eeg_tleft_lalpha_mean_full_change_precond;eeg_pright_sampent_full_change_precond;eeg_t_sampent_full_change_precond;eeg_c_theta_mean_full_change_precond;eeg_fr_sampent_full_change_precond;gsr_skin_conductance_eda_tonic_mean_nk_full_change_precond;pupil_dilation_sd_full_change_precond;eeg_tright_halpha_mean_full_change_precond"
2025-11-26 19:12:23.907708,33,"stress_label",10,32,0.0625,0.538461538461538,0.532051282051282,NA,10,"top10","eeg_tleft_sampent_full_change_precond;eeg_tleft_halpha_mean_full_change_precond;eeg_tleft_lalpha_mean_full_change_precond;eeg_pright_sampent_full_change_precond;eeg_t_sampent_full_change_precond;eeg_c_theta_mean_full_change_precond;eeg_fr_sampent_full_change_precond;gsr_skin_conductance_eda_tonic_mean_nk_full_change_precond;pupil_dilation_sd_full_change_precond;eeg_tright_halpha_mean_full_change_precond"
2025-11-26 19:12:25.000908,33,"stress_label",10,64,0.0625,0.551282051282051,0.564102564102564,NA,10,"top10","eeg_tleft_sampent_full_change_precond;eeg_tleft_halpha_mean_full_change_precond;eeg_tleft_lalpha_mean_full_change_precond;eeg_pright_sampent_full_change_precond;eeg_t_sampent_full_change_precond;eeg_c_theta_mean_full_change_precond;eeg_fr_sampent_full_change_precond;gsr_skin_conductance_eda_tonic_mean_nk_full_change_precond;pupil_dilation_sd_full_change_precond;eeg_tright_halpha_mean_full_change_precond"
2025-11-26 19:12:26.124914,33,"stress_label",10,128,0.0625,0.564102564102564,0.58974358974359,NA,10,"top10","eeg_tleft_sampent_full_change_precond;eeg_tleft_halpha_mean_full_change_precond;eeg_tleft_lalpha_mean_full_change_precond;eeg_pright_sampent_full_change_precond;eeg_t_sampent_full_change_precond;eeg_c_theta_mean_full_change_precond;eeg_fr_sampent_full_change_precond;gsr_skin_conductance_eda_tonic_mean_nk_full_change_precond;pupil_dilation_sd_full_change_precond;eeg_tright_halpha_mean_full_change_precond"
2025-11-26 19:12:27.171308,33,"stress_label",10,256,0.0625,0.557692307692308,0.583333333333333,NA,10,"top10","eeg_tleft_sampent_full_change_precond;eeg_tleft_halpha_mean_full_change_precond;eeg_tleft_lalpha_mean_full_change_precond;eeg_pright_sampent_full_change_precond;eeg_t_sampent_full_change_precond;eeg_c_theta_mean_full_change_precond;eeg_fr_sampent_full_change_precond;gsr_skin_conductance_eda_tonic_mean_nk_full_change_precond;pupil_dilation_sd_full_change_precond;eeg_tright_halpha_mean_full_change_precond"
2025-11-26 19:12:28.027551,33,"stress_label",10,2,0.125,0.576923076923077,0.602564102564103,NA,10,"top10","eeg_tleft_sampent_full_change_precond;eeg_tleft_halpha_mean_full_change_precond;eeg_tleft_lalpha_mean_full_change_precond;eeg_pright_sampent_full_change_precond;eeg_t_sampent_full_change_precond;eeg_c_theta_mean_full_change_precond;eeg_fr_sampent_full_change_precond;gsr_skin_conductance_eda_tonic_mean_nk_full_change_precond;pupil_dilation_sd_full_change_precond;eeg_tright_halpha_mean_full_change_precond"
2025-11-26 19:12:28.876961,33,"stress_label",10,4,0.125,0.596153846153846,0.57051282051282,0.57948717948718,10,"top10","eeg_tleft_sampent_full_change_precond;eeg_tleft_halpha_mean_full_change_precond;eeg_tleft_lalpha_mean_full_change_precond;eeg_pright_sampent_full_change_precond;eeg_t_sampent_full_change_precond;eeg_c_theta_mean_full_change_precond;eeg_fr_sampent_full_change_precond;gsr_skin_conductance_eda_tonic_mean_nk_full_change_precond;pupil_dilation_sd_full_change_precond;eeg_tright_halpha_mean_full_change_precond"
2025-11-26 19:12:29.848963,33,"stress_label",10,8,0.125,0.596153846153846,0.583333333333333,NA,10,"top10","eeg_tleft_sampent_full_change_precond;eeg_tleft_halpha_mean_full_change_precond;eeg_tleft_lalpha_mean_full_change_precond;eeg_pright_sampent_full_change_precond;eeg_t_sampent_full_change_precond;eeg_c_theta_mean_full_change_precond;eeg_fr_sampent_full_change_precond;gsr_skin_conductance_eda_tonic_mean_nk_full_change_precond;pupil_dilation_sd_full_change_precond;eeg_tright_halpha_mean_full_change_precond"
2025-11-26 19:12:30.82511,33,"stress_label",10,16,0.125,0.564102564102564,0.57051282051282,NA,10,"top10","eeg_tleft_sampent_full_change_precond;eeg_tleft_halpha_mean_full_change_precond;eeg_tleft_lalpha_mean_full_change_precond;eeg_pright_sampent_full_change_precond;eeg_t_sampent_full_change_precond;eeg_c_theta_mean_full_change_precond;eeg_fr_sampent_full_change_precond;gsr_skin_conductance_eda_tonic_mean_nk_full_change_precond;pupil_dilation_sd_full_change_precond;eeg_tright_halpha_mean_full_change_precond"
2025-11-26 19:12:31.847739,33,"stress_label",10,32,0.125,0.557692307692308,0.58974358974359,NA,10,"top10","eeg_tleft_sampent_full_change_precond;eeg_tleft_halpha_mean_full_change_precond;eeg_tleft_lalpha_mean_full_change_precond;eeg_pright_sampent_full_change_precond;eeg_t_sampent_full_change_precond;eeg_c_theta_mean_full_change_precond;eeg_fr_sampent_full_change_precond;gsr_skin_conductance_eda_tonic_mean_nk_full_change_precond;pupil_dilation_sd_full_change_precond;eeg_tright_halpha_mean_full_change_precond"
2025-11-26 19:12:32.733052,33,"stress_label",10,64,0.125,0.564102564102564,0.615384615384615,NA,10,"top10","eeg_tleft_sampent_full_change_precond;eeg_tleft_halpha_mean_full_change_precond;eeg_tleft_lalpha_mean_full_change_precond;eeg_pright_sampent_full_change_precond;eeg_t_sampent_full_change_precond;eeg_c_theta_mean_full_change_precond;eeg_fr_sampent_full_change_precond;gsr_skin_conductance_eda_tonic_mean_nk_full_change_precond;pupil_dilation_sd_full_change_precond;eeg_tright_halpha_mean_full_change_precond"
2025-11-26 19:12:33.787209,33,"stress_label",10,128,0.125,0.57051282051282,0.576923076923077,0.564102564102564,10,"top10","eeg_tleft_sampent_full_change_precond;eeg_tleft_halpha_mean_full_change_precond;eeg_tleft_lalpha_mean_full_change_precond;eeg_pright_sampent_full_change_precond;eeg_t_sampent_full_change_precond;eeg_c_theta_mean_full_change_precond;eeg_fr_sampent_full_change_precond;gsr_skin_conductance_eda_tonic_mean_nk_full_change_precond;pupil_dilation_sd_full_change_precond;eeg_tright_halpha_mean_full_change_precond"
2025-11-26 19:12:34.834615,33,"stress_label",10,256,0.125,0.57051282051282,0.58974358974359,0.564102564102564,10,"top10","eeg_tleft_sampent_full_change_precond;eeg_tleft_halpha_mean_full_change_precond;eeg_tleft_lalpha_mean_full_change_precond;eeg_pright_sampent_full_change_precond;eeg_t_sampent_full_change_precond;eeg_c_theta_mean_full_change_precond;eeg_fr_sampent_full_change_precond;gsr_skin_conductance_eda_tonic_mean_nk_full_change_precond;pupil_dilation_sd_full_change_precond;eeg_tright_halpha_mean_full_change_precond"
2025-11-26 19:12:35.612051,33,"stress_label",10,2,0.03,0.615384615384615,0.653846153846154,0.58974358974359,10,"top10","eeg_tleft_sampent_full_change_precond;eeg_tleft_halpha_mean_full_change_precond;eeg_tleft_lalpha_mean_full_change_precond;eeg_pright_sampent_full_change_precond;eeg_t_sampent_full_change_precond;eeg_c_theta_mean_full_change_precond;eeg_fr_sampent_full_change_precond;gsr_skin_conductance_eda_tonic_mean_nk_full_change_precond;pupil_dilation_sd_full_change_precond;eeg_tright_halpha_mean_full_change_precond"
2025-11-26 19:12:36.403308,33,"stress_label",10,4,0.03,0.615384615384615,0.647435897435897,0.594017094017094,10,"top10","eeg_tleft_sampent_full_change_precond;eeg_tleft_halpha_mean_full_change_precond;eeg_tleft_lalpha_mean_full_change_precond;eeg_pright_sampent_full_change_precond;eeg_t_sampent_full_change_precond;eeg_c_theta_mean_full_change_precond;eeg_fr_sampent_full_change_precond;gsr_skin_conductance_eda_tonic_mean_nk_full_change_precond;pupil_dilation_sd_full_change_precond;eeg_tright_halpha_mean_full_change_precond"
2025-11-26 19:12:37.037418,33,"stress_label",10,8,0.03,0.628205128205128,0.641025641025641,0.598290598290598,10,"top10","eeg_tleft_sampent_full_change_precond;eeg_tleft_halpha_mean_full_change_precond;eeg_tleft_lalpha_mean_full_change_precond;eeg_pright_sampent_full_change_precond;eeg_t_sampent_full_change_precond;eeg_c_theta_mean_full_change_precond;eeg_fr_sampent_full_change_precond;gsr_skin_conductance_eda_tonic_mean_nk_full_change_precond;pupil_dilation_sd_full_change_precond;eeg_tright_halpha_mean_full_change_precond"
2025-11-26 19:12:37.87131,33,"stress_label",10,16,0.03,0.58974358974359,0.647435897435897,NA,10,"top10","eeg_tleft_sampent_full_change_precond;eeg_tleft_halpha_mean_full_change_precond;eeg_tleft_lalpha_mean_full_change_precond;eeg_pright_sampent_full_change_precond;eeg_t_sampent_full_change_precond;eeg_c_theta_mean_full_change_precond;eeg_fr_sampent_full_change_precond;gsr_skin_conductance_eda_tonic_mean_nk_full_change_precond;pupil_dilation_sd_full_change_precond;eeg_tright_halpha_mean_full_change_precond"
2025-11-26 19:12:38.831079,33,"stress_label",10,32,0.03,0.58974358974359,0.596153846153846,NA,10,"top10","eeg_tleft_sampent_full_change_precond;eeg_tleft_halpha_mean_full_change_precond;eeg_tleft_lalpha_mean_full_change_precond;eeg_pright_sampent_full_change_precond;eeg_t_sampent_full_change_precond;eeg_c_theta_mean_full_change_precond;eeg_fr_sampent_full_change_precond;gsr_skin_conductance_eda_tonic_mean_nk_full_change_precond;pupil_dilation_sd_full_change_precond;eeg_tright_halpha_mean_full_change_precond"
2025-11-26 19:12:39.915672,33,"stress_label",10,64,0.03,0.544871794871795,0.557692307692308,NA,10,"top10","eeg_tleft_sampent_full_change_precond;eeg_tleft_halpha_mean_full_change_precond;eeg_tleft_lalpha_mean_full_change_precond;eeg_pright_sampent_full_change_precond;eeg_t_sampent_full_change_precond;eeg_c_theta_mean_full_change_precond;eeg_fr_sampent_full_change_precond;gsr_skin_conductance_eda_tonic_mean_nk_full_change_precond;pupil_dilation_sd_full_change_precond;eeg_tright_halpha_mean_full_change_precond"
2025-11-26 19:12:41.021036,33,"stress_label",10,128,0.03,0.538461538461538,0.532051282051282,NA,10,"top10","eeg_tleft_sampent_full_change_precond;eeg_tleft_halpha_mean_full_change_precond;eeg_tleft_lalpha_mean_full_change_precond;eeg_pright_sampent_full_change_precond;eeg_t_sampent_full_change_precond;eeg_c_theta_mean_full_change_precond;eeg_fr_sampent_full_change_precond;gsr_skin_conductance_eda_tonic_mean_nk_full_change_precond;pupil_dilation_sd_full_change_precond;eeg_tright_halpha_mean_full_change_precond"
2025-11-26 19:12:42.476012,33,"stress_label",10,256,0.03,0.551282051282051,0.538461538461538,NA,10,"top10","eeg_tleft_sampent_full_change_precond;eeg_tleft_halpha_mean_full_change_precond;eeg_tleft_lalpha_mean_full_change_precond;eeg_pright_sampent_full_change_precond;eeg_t_sampent_full_change_precond;eeg_c_theta_mean_full_change_precond;eeg_fr_sampent_full_change_precond;gsr_skin_conductance_eda_tonic_mean_nk_full_change_precond;pupil_dilation_sd_full_change_precond;eeg_tright_halpha_mean_full_change_precond"
2025-11-26 19:12:43.325207,33,"stress_label",10,2,0.06,0.621794871794872,0.608974358974359,0.594017094017094,10,"top10","eeg_tleft_sampent_full_change_precond;eeg_tleft_halpha_mean_full_change_precond;eeg_tleft_lalpha_mean_full_change_precond;eeg_pright_sampent_full_change_precond;eeg_t_sampent_full_change_precond;eeg_c_theta_mean_full_change_precond;eeg_fr_sampent_full_change_precond;gsr_skin_conductance_eda_tonic_mean_nk_full_change_precond;pupil_dilation_sd_full_change_precond;eeg_tright_halpha_mean_full_change_precond"
2025-11-26 19:12:44.190824,33,"stress_label",10,4,0.06,0.596153846153846,0.66025641025641,NA,10,"top10","eeg_tleft_sampent_full_change_precond;eeg_tleft_halpha_mean_full_change_precond;eeg_tleft_lalpha_mean_full_change_precond;eeg_pright_sampent_full_change_precond;eeg_t_sampent_full_change_precond;eeg_c_theta_mean_full_change_precond;eeg_fr_sampent_full_change_precond;gsr_skin_conductance_eda_tonic_mean_nk_full_change_precond;pupil_dilation_sd_full_change_precond;eeg_tright_halpha_mean_full_change_precond"
2025-11-26 19:12:45.129312,33,"stress_label",10,8,0.06,0.596153846153846,0.596153846153846,NA,10,"top10","eeg_tleft_sampent_full_change_precond;eeg_tleft_halpha_mean_full_change_precond;eeg_tleft_lalpha_mean_full_change_precond;eeg_pright_sampent_full_change_precond;eeg_t_sampent_full_change_precond;eeg_c_theta_mean_full_change_precond;eeg_fr_sampent_full_change_precond;gsr_skin_conductance_eda_tonic_mean_nk_full_change_precond;pupil_dilation_sd_full_change_precond;eeg_tright_halpha_mean_full_change_precond"
2025-11-26 19:12:46.105956,33,"stress_label",10,16,0.06,0.583333333333333,0.564102564102564,NA,10,"top10","eeg_tleft_sampent_full_change_precond;eeg_tleft_halpha_mean_full_change_precond;eeg_tleft_lalpha_mean_full_change_precond;eeg_pright_sampent_full_change_precond;eeg_t_sampent_full_change_precond;eeg_c_theta_mean_full_change_precond;eeg_fr_sampent_full_change_precond;gsr_skin_conductance_eda_tonic_mean_nk_full_change_precond;pupil_dilation_sd_full_change_precond;eeg_tright_halpha_mean_full_change_precond"
2025-11-26 19:12:47.157035,33,"stress_label",10,32,0.06,0.538461538461538,0.512820512820513,NA,10,"top10","eeg_tleft_sampent_full_change_precond;eeg_tleft_halpha_mean_full_change_precond;eeg_tleft_lalpha_mean_full_change_precond;eeg_pright_sampent_full_change_precond;eeg_t_sampent_full_change_precond;eeg_c_theta_mean_full_change_precond;eeg_fr_sampent_full_change_precond;gsr_skin_conductance_eda_tonic_mean_nk_full_change_precond;pupil_dilation_sd_full_change_precond;eeg_tright_halpha_mean_full_change_precond"
2025-11-26 19:12:48.305001,33,"stress_label",10,64,0.06,0.564102564102564,0.58974358974359,NA,10,"top10","eeg_tleft_sampent_full_change_precond;eeg_tleft_halpha_mean_full_change_precond;eeg_tleft_lalpha_mean_full_change_precond;eeg_pright_sampent_full_change_precond;eeg_t_sampent_full_change_precond;eeg_c_theta_mean_full_change_precond;eeg_fr_sampent_full_change_precond;gsr_skin_conductance_eda_tonic_mean_nk_full_change_precond;pupil_dilation_sd_full_change_precond;eeg_tright_halpha_mean_full_change_precond"
2025-11-26 19:12:49.574761,33,"stress_label",10,128,0.06,0.557692307692308,0.557692307692308,NA,10,"top10","eeg_tleft_sampent_full_change_precond;eeg_tleft_halpha_mean_full_change_precond;eeg_tleft_lalpha_mean_full_change_precond;eeg_pright_sampent_full_change_precond;eeg_t_sampent_full_change_precond;eeg_c_theta_mean_full_change_precond;eeg_fr_sampent_full_change_precond;gsr_skin_conductance_eda_tonic_mean_nk_full_change_precond;pupil_dilation_sd_full_change_precond;eeg_tright_halpha_mean_full_change_precond"
2025-11-26 19:12:50.891757,33,"stress_label",10,256,0.06,0.583333333333333,0.576923076923077,NA,10,"top10","eeg_tleft_sampent_full_change_precond;eeg_tleft_halpha_mean_full_change_precond;eeg_tleft_lalpha_mean_full_change_precond;eeg_pright_sampent_full_change_precond;eeg_t_sampent_full_change_precond;eeg_c_theta_mean_full_change_precond;eeg_fr_sampent_full_change_precond;gsr_skin_conductance_eda_tonic_mean_nk_full_change_precond;pupil_dilation_sd_full_change_precond;eeg_tright_halpha_mean_full_change_precond"
2025-11-26 19:12:51.766708,33,"stress_label",10,2,0.1,0.58974358974359,0.628205128205128,NA,10,"top10","eeg_tleft_sampent_full_change_precond;eeg_tleft_halpha_mean_full_change_precond;eeg_tleft_lalpha_mean_full_change_precond;eeg_pright_sampent_full_change_precond;eeg_t_sampent_full_change_precond;eeg_c_theta_mean_full_change_precond;eeg_fr_sampent_full_change_precond;gsr_skin_conductance_eda_tonic_mean_nk_full_change_precond;pupil_dilation_sd_full_change_precond;eeg_tright_halpha_mean_full_change_precond"
2025-11-26 19:12:52.599544,33,"stress_label",10,4,0.1,0.596153846153846,0.602564102564103,NA,10,"top10","eeg_tleft_sampent_full_change_precond;eeg_tleft_halpha_mean_full_change_precond;eeg_tleft_lalpha_mean_full_change_precond;eeg_pright_sampent_full_change_precond;eeg_t_sampent_full_change_precond;eeg_c_theta_mean_full_change_precond;eeg_fr_sampent_full_change_precond;gsr_skin_conductance_eda_tonic_mean_nk_full_change_precond;pupil_dilation_sd_full_change_precond;eeg_tright_halpha_mean_full_change_precond"
2025-11-26 19:12:53.456685,33,"stress_label",10,8,0.1,0.596153846153846,0.583333333333333,NA,10,"top10","eeg_tleft_sampent_full_change_precond;eeg_tleft_halpha_mean_full_change_precond;eeg_tleft_lalpha_mean_full_change_precond;eeg_pright_sampent_full_change_precond;eeg_t_sampent_full_change_precond;eeg_c_theta_mean_full_change_precond;eeg_fr_sampent_full_change_precond;gsr_skin_conductance_eda_tonic_mean_nk_full_change_precond;pupil_dilation_sd_full_change_precond;eeg_tright_halpha_mean_full_change_precond"
2025-11-26 19:12:54.402887,33,"stress_label",10,16,0.1,0.57051282051282,0.564102564102564,NA,10,"top10","eeg_tleft_sampent_full_change_precond;eeg_tleft_halpha_mean_full_change_precond;eeg_tleft_lalpha_mean_full_change_precond;eeg_pright_sampent_full_change_precond;eeg_t_sampent_full_change_precond;eeg_c_theta_mean_full_change_precond;eeg_fr_sampent_full_change_precond;gsr_skin_conductance_eda_tonic_mean_nk_full_change_precond;pupil_dilation_sd_full_change_precond;eeg_tright_halpha_mean_full_change_precond"
2025-11-26 19:12:55.455256,33,"stress_label",10,32,0.1,0.564102564102564,0.596153846153846,NA,10,"top10","eeg_tleft_sampent_full_change_precond;eeg_tleft_halpha_mean_full_change_precond;eeg_tleft_lalpha_mean_full_change_precond;eeg_pright_sampent_full_change_precond;eeg_t_sampent_full_change_precond;eeg_c_theta_mean_full_change_precond;eeg_fr_sampent_full_change_precond;gsr_skin_conductance_eda_tonic_mean_nk_full_change_precond;pupil_dilation_sd_full_change_precond;eeg_tright_halpha_mean_full_change_precond"
2025-11-26 19:12:56.548044,33,"stress_label",10,64,0.1,0.538461538461538,0.602564102564103,NA,10,"top10","eeg_tleft_sampent_full_change_precond;eeg_tleft_halpha_mean_full_change_precond;eeg_tleft_lalpha_mean_full_change_precond;eeg_pright_sampent_full_change_precond;eeg_t_sampent_full_change_precond;eeg_c_theta_mean_full_change_precond;eeg_fr_sampent_full_change_precond;gsr_skin_conductance_eda_tonic_mean_nk_full_change_precond;pupil_dilation_sd_full_change_precond;eeg_tright_halpha_mean_full_change_precond"
2025-11-26 19:12:57.579283,33,"stress_label",10,128,0.1,0.564102564102564,0.532051282051282,NA,10,"top10","eeg_tleft_sampent_full_change_precond;eeg_tleft_halpha_mean_full_change_precond;eeg_tleft_lalpha_mean_full_change_precond;eeg_pright_sampent_full_change_precond;eeg_t_sampent_full_change_precond;eeg_c_theta_mean_full_change_precond;eeg_fr_sampent_full_change_precond;gsr_skin_conductance_eda_tonic_mean_nk_full_change_precond;pupil_dilation_sd_full_change_precond;eeg_tright_halpha_mean_full_change_precond"
2025-11-26 19:12:58.693644,33,"stress_label",10,256,0.1,0.557692307692308,0.480769230769231,NA,10,"top10","eeg_tleft_sampent_full_change_precond;eeg_tleft_halpha_mean_full_change_precond;eeg_tleft_lalpha_mean_full_change_precond;eeg_pright_sampent_full_change_precond;eeg_t_sampent_full_change_precond;eeg_c_theta_mean_full_change_precond;eeg_fr_sampent_full_change_precond;gsr_skin_conductance_eda_tonic_mean_nk_full_change_precond;pupil_dilation_sd_full_change_precond;eeg_tright_halpha_mean_full_change_precond"
2025-11-26 19:12:59.521159,33,"stress_label",5,2,0.0078125,0.58974358974359,0.596153846153846,0.575213675213675,5,"top5","eeg_tleft_sampent_full_change_precond;eeg_tleft_halpha_mean_full_change_precond;eeg_tleft_lalpha_mean_full_change_precond;eeg_pright_sampent_full_change_precond;eeg_t_sampent_full_change_precond"
2025-11-26 19:13:00.29173,33,"stress_label",5,4,0.0078125,0.576923076923077,0.596153846153846,0.537606837606838,5,"top5","eeg_tleft_sampent_full_change_precond;eeg_tleft_halpha_mean_full_change_precond;eeg_tleft_lalpha_mean_full_change_precond;eeg_pright_sampent_full_change_precond;eeg_t_sampent_full_change_precond"
2025-11-26 19:13:01.0618,33,"stress_label",5,8,0.0078125,0.58974358974359,0.602564102564103,0.552136752136752,5,"top5","eeg_tleft_sampent_full_change_precond;eeg_tleft_halpha_mean_full_change_precond;eeg_tleft_lalpha_mean_full_change_precond;eeg_pright_sampent_full_change_precond;eeg_t_sampent_full_change_precond"
2025-11-26 19:13:01.800352,33,"stress_label",5,16,0.0078125,0.583333333333333,0.583333333333333,0.533333333333333,5,"top5","eeg_tleft_sampent_full_change_precond;eeg_tleft_halpha_mean_full_change_precond;eeg_tleft_lalpha_mean_full_change_precond;eeg_pright_sampent_full_change_precond;eeg_t_sampent_full_change_precond"
2025-11-26 19:13:02.553249,33,"stress_label",5,32,0.0078125,0.596153846153846,0.58974358974359,0.541880341880342,5,"top5","eeg_tleft_sampent_full_change_precond;eeg_tleft_halpha_mean_full_change_precond;eeg_tleft_lalpha_mean_full_change_precond;eeg_pright_sampent_full_change_precond;eeg_t_sampent_full_change_precond"
2025-11-26 19:13:03.347407,33,"stress_label",5,64,0.0078125,0.621794871794872,0.608974358974359,0.567521367521368,5,"top5","eeg_tleft_sampent_full_change_precond;eeg_tleft_halpha_mean_full_change_precond;eeg_tleft_lalpha_mean_full_change_precond;eeg_pright_sampent_full_change_precond;eeg_t_sampent_full_change_precond"
2025-11-26 19:13:04.203934,33,"stress_label",5,128,0.0078125,0.602564102564103,0.596153846153846,NA,5,"top5","eeg_tleft_sampent_full_change_precond;eeg_tleft_halpha_mean_full_change_precond;eeg_tleft_lalpha_mean_full_change_precond;eeg_pright_sampent_full_change_precond;eeg_t_sampent_full_change_precond"
2025-11-26 19:13:05.080329,33,"stress_label",5,256,0.0078125,0.596153846153846,0.602564102564103,NA,5,"top5","eeg_tleft_sampent_full_change_precond;eeg_tleft_halpha_mean_full_change_precond;eeg_tleft_lalpha_mean_full_change_precond;eeg_pright_sampent_full_change_precond;eeg_t_sampent_full_change_precond"
2025-11-26 19:13:05.753013,33,"stress_label",5,2,0.015625,0.576923076923077,0.602564102564103,0.534188034188034,5,"top5","eeg_tleft_sampent_full_change_precond;eeg_tleft_halpha_mean_full_change_precond;eeg_tleft_lalpha_mean_full_change_precond;eeg_pright_sampent_full_change_precond;eeg_t_sampent_full_change_precond"
2025-11-26 19:13:06.490925,33,"stress_label",5,4,0.015625,0.58974358974359,0.596153846153846,0.541880341880342,5,"top5","eeg_tleft_sampent_full_change_precond;eeg_tleft_halpha_mean_full_change_precond;eeg_tleft_lalpha_mean_full_change_precond;eeg_pright_sampent_full_change_precond;eeg_t_sampent_full_change_precond"
2025-11-26 19:13:07.277369,33,"stress_label",5,8,0.015625,0.596153846153846,0.608974358974359,0.541880341880342,5,"top5","eeg_tleft_sampent_full_change_precond;eeg_tleft_halpha_mean_full_change_precond;eeg_tleft_lalpha_mean_full_change_precond;eeg_pright_sampent_full_change_precond;eeg_t_sampent_full_change_precond"
2025-11-26 19:13:08.04803,33,"stress_label",5,16,0.015625,0.615384615384615,0.628205128205128,0.563247863247863,5,"top5","eeg_tleft_sampent_full_change_precond;eeg_tleft_halpha_mean_full_change_precond;eeg_tleft_lalpha_mean_full_change_precond;eeg_pright_sampent_full_change_precond;eeg_t_sampent_full_change_precond"
2025-11-26 19:13:08.867271,33,"stress_label",5,32,0.015625,0.608974358974359,0.602564102564103,NA,5,"top5","eeg_tleft_sampent_full_change_precond;eeg_tleft_halpha_mean_full_change_precond;eeg_tleft_lalpha_mean_full_change_precond;eeg_pright_sampent_full_change_precond;eeg_t_sampent_full_change_precond"
2025-11-26 19:13:09.727188,33,"stress_label",5,64,0.015625,0.596153846153846,0.602564102564103,NA,5,"top5","eeg_tleft_sampent_full_change_precond;eeg_tleft_halpha_mean_full_change_precond;eeg_tleft_lalpha_mean_full_change_precond;eeg_pright_sampent_full_change_precond;eeg_t_sampent_full_change_precond"
2025-11-26 19:13:10.528615,33,"stress_label",5,128,0.015625,0.602564102564103,0.576923076923077,NA,5,"top5","eeg_tleft_sampent_full_change_precond;eeg_tleft_halpha_mean_full_change_precond;eeg_tleft_lalpha_mean_full_change_precond;eeg_pright_sampent_full_change_precond;eeg_t_sampent_full_change_precond"
2025-11-26 19:13:11.367908,33,"stress_label",5,256,0.015625,0.615384615384615,0.506410256410256,NA,5,"top5","eeg_tleft_sampent_full_change_precond;eeg_tleft_halpha_mean_full_change_precond;eeg_tleft_lalpha_mean_full_change_precond;eeg_pright_sampent_full_change_precond;eeg_t_sampent_full_change_precond"
2025-11-26 19:13:12.145869,33,"stress_label",5,2,0.03125,0.608974358974359,0.615384615384615,0.554700854700855,5,"top5","eeg_tleft_sampent_full_change_precond;eeg_tleft_halpha_mean_full_change_precond;eeg_tleft_lalpha_mean_full_change_precond;eeg_pright_sampent_full_change_precond;eeg_t_sampent_full_change_precond"
2025-11-26 19:13:12.91015,33,"stress_label",5,4,0.03125,0.615384615384615,0.628205128205128,0.563247863247863,5,"top5","eeg_tleft_sampent_full_change_precond;eeg_tleft_halpha_mean_full_change_precond;eeg_tleft_lalpha_mean_full_change_precond;eeg_pright_sampent_full_change_precond;eeg_t_sampent_full_change_precond"
2025-11-26 19:13:13.691563,33,"stress_label",5,8,0.03125,0.621794871794872,0.628205128205128,0.567521367521368,5,"top5","eeg_tleft_sampent_full_change_precond;eeg_tleft_halpha_mean_full_change_precond;eeg_tleft_lalpha_mean_full_change_precond;eeg_pright_sampent_full_change_precond;eeg_t_sampent_full_change_precond"
2025-11-26 19:13:14.435886,33,"stress_label",5,16,0.03125,0.583333333333333,0.602564102564103,NA,5,"top5","eeg_tleft_sampent_full_change_precond;eeg_tleft_halpha_mean_full_change_precond;eeg_tleft_lalpha_mean_full_change_precond;eeg_pright_sampent_full_change_precond;eeg_t_sampent_full_change_precond"
2025-11-26 19:13:15.286472,33,"stress_label",5,32,0.03125,0.608974358974359,0.576923076923077,NA,5,"top5","eeg_tleft_sampent_full_change_precond;eeg_tleft_halpha_mean_full_change_precond;eeg_tleft_lalpha_mean_full_change_precond;eeg_pright_sampent_full_change_precond;eeg_t_sampent_full_change_precond"
2025-11-26 19:13:16.158677,33,"stress_label",5,64,0.03125,0.615384615384615,0.57051282051282,NA,5,"top5","eeg_tleft_sampent_full_change_precond;eeg_tleft_halpha_mean_full_change_precond;eeg_tleft_lalpha_mean_full_change_precond;eeg_pright_sampent_full_change_precond;eeg_t_sampent_full_change_precond"
2025-11-26 19:13:17.118192,33,"stress_label",5,128,0.03125,0.615384615384615,0.487179487179487,NA,5,"top5","eeg_tleft_sampent_full_change_precond;eeg_tleft_halpha_mean_full_change_precond;eeg_tleft_lalpha_mean_full_change_precond;eeg_pright_sampent_full_change_precond;eeg_t_sampent_full_change_precond"
2025-11-26 19:13:18.231604,33,"stress_label",5,256,0.03125,0.564102564102564,0.435897435897436,NA,5,"top5","eeg_tleft_sampent_full_change_precond;eeg_tleft_halpha_mean_full_change_precond;eeg_tleft_lalpha_mean_full_change_precond;eeg_pright_sampent_full_change_precond;eeg_t_sampent_full_change_precond"
2025-11-26 19:13:18.990923,33,"stress_label",5,2,0.0625,0.628205128205128,0.628205128205128,0.576068376068376,5,"top5","eeg_tleft_sampent_full_change_precond;eeg_tleft_halpha_mean_full_change_precond;eeg_tleft_lalpha_mean_full_change_precond;eeg_pright_sampent_full_change_precond;eeg_t_sampent_full_change_precond"
2025-11-26 19:13:19.780014,33,"stress_label",5,4,0.0625,0.615384615384615,0.621794871794872,0.564957264957265,5,"top5","eeg_tleft_sampent_full_change_precond;eeg_tleft_halpha_mean_full_change_precond;eeg_tleft_lalpha_mean_full_change_precond;eeg_pright_sampent_full_change_precond;eeg_t_sampent_full_change_precond"
2025-11-26 19:13:20.567921,33,"stress_label",5,8,0.0625,0.596153846153846,0.583333333333333,NA,5,"top5","eeg_tleft_sampent_full_change_precond;eeg_tleft_halpha_mean_full_change_precond;eeg_tleft_lalpha_mean_full_change_precond;eeg_pright_sampent_full_change_precond;eeg_t_sampent_full_change_precond"
2025-11-26 19:13:21.412393,33,"stress_label",5,16,0.0625,0.596153846153846,0.576923076923077,NA,5,"top5","eeg_tleft_sampent_full_change_precond;eeg_tleft_halpha_mean_full_change_precond;eeg_tleft_lalpha_mean_full_change_precond;eeg_pright_sampent_full_change_precond;eeg_t_sampent_full_change_precond"
2025-11-26 19:13:22.176783,33,"stress_label",5,32,0.0625,0.58974358974359,0.551282051282051,NA,5,"top5","eeg_tleft_sampent_full_change_precond;eeg_tleft_halpha_mean_full_change_precond;eeg_tleft_lalpha_mean_full_change_precond;eeg_pright_sampent_full_change_precond;eeg_t_sampent_full_change_precond"
2025-11-26 19:13:23.035603,33,"stress_label",5,64,0.0625,0.525641025641026,0.493589743589744,NA,5,"top5","eeg_tleft_sampent_full_change_precond;eeg_tleft_halpha_mean_full_change_precond;eeg_tleft_lalpha_mean_full_change_precond;eeg_pright_sampent_full_change_precond;eeg_t_sampent_full_change_precond"
2025-11-26 19:13:24.06444,33,"stress_label",5,128,0.0625,0.519230769230769,0.480769230769231,NA,5,"top5","eeg_tleft_sampent_full_change_precond;eeg_tleft_halpha_mean_full_change_precond;eeg_tleft_lalpha_mean_full_change_precond;eeg_pright_sampent_full_change_precond;eeg_t_sampent_full_change_precond"
2025-11-26 19:13:25.376037,33,"stress_label",5,256,0.0625,0.532051282051282,0.487179487179487,NA,5,"top5","eeg_tleft_sampent_full_change_precond;eeg_tleft_halpha_mean_full_change_precond;eeg_tleft_lalpha_mean_full_change_precond;eeg_pright_sampent_full_change_precond;eeg_t_sampent_full_change_precond"
2025-11-26 19:13:26.174385,33,"stress_label",5,2,0.125,0.602564102564103,0.596153846153846,NA,5,"top5","eeg_tleft_sampent_full_change_precond;eeg_tleft_halpha_mean_full_change_precond;eeg_tleft_lalpha_mean_full_change_precond;eeg_pright_sampent_full_change_precond;eeg_t_sampent_full_change_precond"
2025-11-26 19:13:26.995463,33,"stress_label",5,4,0.125,0.583333333333333,0.551282051282051,NA,5,"top5","eeg_tleft_sampent_full_change_precond;eeg_tleft_halpha_mean_full_change_precond;eeg_tleft_lalpha_mean_full_change_precond;eeg_pright_sampent_full_change_precond;eeg_t_sampent_full_change_precond"
2025-11-26 19:13:27.805273,33,"stress_label",5,8,0.125,0.564102564102564,0.5,NA,5,"top5","eeg_tleft_sampent_full_change_precond;eeg_tleft_halpha_mean_full_change_precond;eeg_tleft_lalpha_mean_full_change_precond;eeg_pright_sampent_full_change_precond;eeg_t_sampent_full_change_precond"
2025-11-26 19:13:28.521932,33,"stress_label",5,16,0.125,0.506410256410256,0.467948717948718,NA,5,"top5","eeg_tleft_sampent_full_change_precond;eeg_tleft_halpha_mean_full_change_precond;eeg_tleft_lalpha_mean_full_change_precond;eeg_pright_sampent_full_change_precond;eeg_t_sampent_full_change_precond"
2025-11-26 19:13:29.263547,33,"stress_label",5,32,0.125,0.544871794871795,0.480769230769231,NA,5,"top5","eeg_tleft_sampent_full_change_precond;eeg_tleft_halpha_mean_full_change_precond;eeg_tleft_lalpha_mean_full_change_precond;eeg_pright_sampent_full_change_precond;eeg_t_sampent_full_change_precond"
2025-11-26 19:13:30.244178,33,"stress_label",5,64,0.125,0.5,0.41025641025641,NA,5,"top5","eeg_tleft_sampent_full_change_precond;eeg_tleft_halpha_mean_full_change_precond;eeg_tleft_lalpha_mean_full_change_precond;eeg_pright_sampent_full_change_precond;eeg_t_sampent_full_change_precond"
2025-11-26 19:13:31.432415,33,"stress_label",5,128,0.125,0.5,0.506410256410256,NA,5,"top5","eeg_tleft_sampent_full_change_precond;eeg_tleft_halpha_mean_full_change_precond;eeg_tleft_lalpha_mean_full_change_precond;eeg_pright_sampent_full_change_precond;eeg_t_sampent_full_change_precond"
2025-11-26 19:13:32.734905,33,"stress_label",5,256,0.125,0.544871794871795,0.455128205128205,NA,5,"top5","eeg_tleft_sampent_full_change_precond;eeg_tleft_halpha_mean_full_change_precond;eeg_tleft_lalpha_mean_full_change_precond;eeg_pright_sampent_full_change_precond;eeg_t_sampent_full_change_precond"
2025-11-26 19:13:33.730364,33,"stress_label",5,2,0.03,0.602564102564103,0.621794871794872,0.55042735042735,5,"top5","eeg_tleft_sampent_full_change_precond;eeg_tleft_halpha_mean_full_change_precond;eeg_tleft_lalpha_mean_full_change_precond;eeg_pright_sampent_full_change_precond;eeg_t_sampent_full_change_precond"
2025-11-26 19:13:34.489845,33,"stress_label",5,4,0.03,0.615384615384615,0.634615384615385,0.563247863247863,5,"top5","eeg_tleft_sampent_full_change_precond;eeg_tleft_halpha_mean_full_change_precond;eeg_tleft_lalpha_mean_full_change_precond;eeg_pright_sampent_full_change_precond;eeg_t_sampent_full_change_precond"
2025-11-26 19:13:35.236879,33,"stress_label",5,8,0.03,0.621794871794872,0.634615384615385,0.567521367521368,5,"top5","eeg_tleft_sampent_full_change_precond;eeg_tleft_halpha_mean_full_change_precond;eeg_tleft_lalpha_mean_full_change_precond;eeg_pright_sampent_full_change_precond;eeg_t_sampent_full_change_precond"
2025-11-26 19:13:36.034502,33,"stress_label",5,16,0.03,0.583333333333333,0.58974358974359,NA,5,"top5","eeg_tleft_sampent_full_change_precond;eeg_tleft_halpha_mean_full_change_precond;eeg_tleft_lalpha_mean_full_change_precond;eeg_pright_sampent_full_change_precond;eeg_t_sampent_full_change_precond"
2025-11-26 19:13:36.854291,33,"stress_label",5,32,0.03,0.602564102564103,0.583333333333333,NA,5,"top5","eeg_tleft_sampent_full_change_precond;eeg_tleft_halpha_mean_full_change_precond;eeg_tleft_lalpha_mean_full_change_precond;eeg_pright_sampent_full_change_precond;eeg_t_sampent_full_change_precond"
2025-11-26 19:13:37.722413,33,"stress_label",5,64,0.03,0.608974358974359,0.564102564102564,NA,5,"top5","eeg_tleft_sampent_full_change_precond;eeg_tleft_halpha_mean_full_change_precond;eeg_tleft_lalpha_mean_full_change_precond;eeg_pright_sampent_full_change_precond;eeg_t_sampent_full_change_precond"
2025-11-26 19:13:38.578756,33,"stress_label",5,128,0.03,0.615384615384615,0.519230769230769,NA,5,"top5","eeg_tleft_sampent_full_change_precond;eeg_tleft_halpha_mean_full_change_precond;eeg_tleft_lalpha_mean_full_change_precond;eeg_pright_sampent_full_change_precond;eeg_t_sampent_full_change_precond"
2025-11-26 19:13:39.539843,33,"stress_label",5,256,0.03,0.576923076923077,0.423076923076923,NA,5,"top5","eeg_tleft_sampent_full_change_precond;eeg_tleft_halpha_mean_full_change_precond;eeg_tleft_lalpha_mean_full_change_precond;eeg_pright_sampent_full_change_precond;eeg_t_sampent_full_change_precond"
2025-11-26 19:13:40.27028,33,"stress_label",5,2,0.06,0.628205128205128,0.628205128205128,0.576068376068376,5,"top5","eeg_tleft_sampent_full_change_precond;eeg_tleft_halpha_mean_full_change_precond;eeg_tleft_lalpha_mean_full_change_precond;eeg_pright_sampent_full_change_precond;eeg_t_sampent_full_change_precond"
2025-11-26 19:13:41.025072,33,"stress_label",5,4,0.06,0.608974358974359,0.621794871794872,0.560683760683761,5,"top5","eeg_tleft_sampent_full_change_precond;eeg_tleft_halpha_mean_full_change_precond;eeg_tleft_lalpha_mean_full_change_precond;eeg_pright_sampent_full_change_precond;eeg_t_sampent_full_change_precond"
2025-11-26 19:13:41.830484,33,"stress_label",5,8,0.06,0.596153846153846,0.58974358974359,NA,5,"top5","eeg_tleft_sampent_full_change_precond;eeg_tleft_halpha_mean_full_change_precond;eeg_tleft_lalpha_mean_full_change_precond;eeg_pright_sampent_full_change_precond;eeg_t_sampent_full_change_precond"
2025-11-26 19:13:42.651339,33,"stress_label",5,16,0.06,0.596153846153846,0.544871794871795,NA,5,"top5","eeg_tleft_sampent_full_change_precond;eeg_tleft_halpha_mean_full_change_precond;eeg_tleft_lalpha_mean_full_change_precond;eeg_pright_sampent_full_change_precond;eeg_t_sampent_full_change_precond"
2025-11-26 19:13:43.493821,33,"stress_label",5,32,0.06,0.596153846153846,0.538461538461538,NA,5,"top5","eeg_tleft_sampent_full_change_precond;eeg_tleft_halpha_mean_full_change_precond;eeg_tleft_lalpha_mean_full_change_precond;eeg_pright_sampent_full_change_precond;eeg_t_sampent_full_change_precond"
2025-11-26 19:13:44.418309,33,"stress_label",5,64,0.06,0.525641025641026,0.493589743589744,NA,5,"top5","eeg_tleft_sampent_full_change_precond;eeg_tleft_halpha_mean_full_change_precond;eeg_tleft_lalpha_mean_full_change_precond;eeg_pright_sampent_full_change_precond;eeg_t_sampent_full_change_precond"
2025-11-26 19:13:45.422372,33,"stress_label",5,128,0.06,0.512820512820513,0.429487179487179,NA,5,"top5","eeg_tleft_sampent_full_change_precond;eeg_tleft_halpha_mean_full_change_precond;eeg_tleft_lalpha_mean_full_change_precond;eeg_pright_sampent_full_change_precond;eeg_t_sampent_full_change_precond"
2025-11-26 19:13:46.70845,33,"stress_label",5,256,0.06,0.525641025641026,0.480769230769231,NA,5,"top5","eeg_tleft_sampent_full_change_precond;eeg_tleft_halpha_mean_full_change_precond;eeg_tleft_lalpha_mean_full_change_precond;eeg_pright_sampent_full_change_precond;eeg_t_sampent_full_change_precond"
2025-11-26 19:13:47.48702,33,"stress_label",5,2,0.1,0.615384615384615,0.628205128205128,0.564957264957265,5,"top5","eeg_tleft_sampent_full_change_precond;eeg_tleft_halpha_mean_full_change_precond;eeg_tleft_lalpha_mean_full_change_precond;eeg_pright_sampent_full_change_precond;eeg_t_sampent_full_change_precond"
2025-11-26 19:13:48.279567,33,"stress_label",5,4,0.1,0.596153846153846,0.583333333333333,NA,5,"top5","eeg_tleft_sampent_full_change_precond;eeg_tleft_halpha_mean_full_change_precond;eeg_tleft_lalpha_mean_full_change_precond;eeg_pright_sampent_full_change_precond;eeg_t_sampent_full_change_precond"
2025-11-26 19:13:49.086121,33,"stress_label",5,8,0.1,0.596153846153846,0.596153846153846,NA,5,"top5","eeg_tleft_sampent_full_change_precond;eeg_tleft_halpha_mean_full_change_precond;eeg_tleft_lalpha_mean_full_change_precond;eeg_pright_sampent_full_change_precond;eeg_t_sampent_full_change_precond"
2025-11-26 19:13:49.878882,33,"stress_label",5,16,0.1,0.532051282051282,0.474358974358974,NA,5,"top5","eeg_tleft_sampent_full_change_precond;eeg_tleft_halpha_mean_full_change_precond;eeg_tleft_lalpha_mean_full_change_precond;eeg_pright_sampent_full_change_precond;eeg_t_sampent_full_change_precond"
2025-11-26 19:13:50.62596,33,"stress_label",5,32,0.1,0.5,0.435897435897436,NA,5,"top5","eeg_tleft_sampent_full_change_precond;eeg_tleft_halpha_mean_full_change_precond;eeg_tleft_lalpha_mean_full_change_precond;eeg_pright_sampent_full_change_precond;eeg_t_sampent_full_change_precond"
2025-11-26 19:13:51.595522,33,"stress_label",5,64,0.1,0.551282051282051,0.455128205128205,NA,5,"top5","eeg_tleft_sampent_full_change_precond;eeg_tleft_halpha_mean_full_change_precond;eeg_tleft_lalpha_mean_full_change_precond;eeg_pright_sampent_full_change_precond;eeg_t_sampent_full_change_precond"
2025-11-26 19:13:52.700354,33,"stress_label",5,128,0.1,0.506410256410256,0.442307692307692,NA,5,"top5","eeg_tleft_sampent_full_change_precond;eeg_tleft_halpha_mean_full_change_precond;eeg_tleft_lalpha_mean_full_change_precond;eeg_pright_sampent_full_change_precond;eeg_t_sampent_full_change_precond"
2025-11-26 19:13:54.083441,33,"stress_label",5,256,0.1,0.480769230769231,0.493589743589744,NA,5,"top5","eeg_tleft_sampent_full_change_precond;eeg_tleft_halpha_mean_full_change_precond;eeg_tleft_lalpha_mean_full_change_precond;eeg_pright_sampent_full_change_precond;eeg_t_sampent_full_change_precond"
2025-11-26 19:13:55.330612,36,"stress_label",20,2,0.0078125,0.544871794871795,0.647435897435897,0.523931623931624,20,"top20","eeg_tleft_sampent_full_change_precond;eeg_tleft_halpha_mean_full_change_precond;eeg_pright_sampent_full_change_precond;pupil_dilation_sd_full_change_precond;eeg_tleft_lalpha_mean_full_change_precond;eeg_t_sampent_full_change_precond;eeg_fl_hbeta_mean_full_change_precond;eeg_c_theta_mean_full_change_precond;eeg_fr_sampent_full_change_precond;gsr_skin_conductance_eda_tonic_mean_nk_full_change_precond;eeg_tright_halpha_mean_full_change_precond;eeg_fm_theta_mean_full_change_precond;hrv_rmssd_full_change_precond;eeg_fm_sampent_full_change_precond;eeg_c_sampent_full_change_precond;eeg_pleft_lbeta_mean_full_change_precond;eeg_pleft_halpha_mean_full_change_precond;hr_heartrate_bpm_med_abs_full_change_precond;eeg_ab_ratio_full_change_precond;eeg_c_specent_full_change_precond"
2025-11-26 19:13:56.29692,36,"stress_label",20,4,0.0078125,0.551282051282051,0.634615384615385,0.547863247863248,20,"top20","eeg_tleft_sampent_full_change_precond;eeg_tleft_halpha_mean_full_change_precond;eeg_pright_sampent_full_change_precond;pupil_dilation_sd_full_change_precond;eeg_tleft_lalpha_mean_full_change_precond;eeg_t_sampent_full_change_precond;eeg_fl_hbeta_mean_full_change_precond;eeg_c_theta_mean_full_change_precond;eeg_fr_sampent_full_change_precond;gsr_skin_conductance_eda_tonic_mean_nk_full_change_precond;eeg_tright_halpha_mean_full_change_precond;eeg_fm_theta_mean_full_change_precond;hrv_rmssd_full_change_precond;eeg_fm_sampent_full_change_precond;eeg_c_sampent_full_change_precond;eeg_pleft_lbeta_mean_full_change_precond;eeg_pleft_halpha_mean_full_change_precond;hr_heartrate_bpm_med_abs_full_change_precond;eeg_ab_ratio_full_change_precond;eeg_c_specent_full_change_precond"
2025-11-26 19:13:57.237336,36,"stress_label",20,8,0.0078125,0.519230769230769,0.596153846153846,0.504273504273504,20,"top20","eeg_tleft_sampent_full_change_precond;eeg_tleft_halpha_mean_full_change_precond;eeg_pright_sampent_full_change_precond;pupil_dilation_sd_full_change_precond;eeg_tleft_lalpha_mean_full_change_precond;eeg_t_sampent_full_change_precond;eeg_fl_hbeta_mean_full_change_precond;eeg_c_theta_mean_full_change_precond;eeg_fr_sampent_full_change_precond;gsr_skin_conductance_eda_tonic_mean_nk_full_change_precond;eeg_tright_halpha_mean_full_change_precond;eeg_fm_theta_mean_full_change_precond;hrv_rmssd_full_change_precond;eeg_fm_sampent_full_change_precond;eeg_c_sampent_full_change_precond;eeg_pleft_lbeta_mean_full_change_precond;eeg_pleft_halpha_mean_full_change_precond;hr_heartrate_bpm_med_abs_full_change_precond;eeg_ab_ratio_full_change_precond;eeg_c_specent_full_change_precond"
2025-11-26 19:13:58.229082,36,"stress_label",20,16,0.0078125,0.532051282051282,0.58974358974359,0.520512820512821,20,"top20","eeg_tleft_sampent_full_change_precond;eeg_tleft_halpha_mean_full_change_precond;eeg_pright_sampent_full_change_precond;pupil_dilation_sd_full_change_precond;eeg_tleft_lalpha_mean_full_change_precond;eeg_t_sampent_full_change_precond;eeg_fl_hbeta_mean_full_change_precond;eeg_c_theta_mean_full_change_precond;eeg_fr_sampent_full_change_precond;gsr_skin_conductance_eda_tonic_mean_nk_full_change_precond;eeg_tright_halpha_mean_full_change_precond;eeg_fm_theta_mean_full_change_precond;hrv_rmssd_full_change_precond;eeg_fm_sampent_full_change_precond;eeg_c_sampent_full_change_precond;eeg_pleft_lbeta_mean_full_change_precond;eeg_pleft_halpha_mean_full_change_precond;hr_heartrate_bpm_med_abs_full_change_precond;eeg_ab_ratio_full_change_precond;eeg_c_specent_full_change_precond"
2025-11-26 19:13:59.306703,36,"stress_label",20,32,0.0078125,0.551282051282051,0.538461538461538,NA,20,"top20","eeg_tleft_sampent_full_change_precond;eeg_tleft_halpha_mean_full_change_precond;eeg_pright_sampent_full_change_precond;pupil_dilation_sd_full_change_precond;eeg_tleft_lalpha_mean_full_change_precond;eeg_t_sampent_full_change_precond;eeg_fl_hbeta_mean_full_change_precond;eeg_c_theta_mean_full_change_precond;eeg_fr_sampent_full_change_precond;gsr_skin_conductance_eda_tonic_mean_nk_full_change_precond;eeg_tright_halpha_mean_full_change_precond;eeg_fm_theta_mean_full_change_precond;hrv_rmssd_full_change_precond;eeg_fm_sampent_full_change_precond;eeg_c_sampent_full_change_precond;eeg_pleft_lbeta_mean_full_change_precond;eeg_pleft_halpha_mean_full_change_precond;hr_heartrate_bpm_med_abs_full_change_precond;eeg_ab_ratio_full_change_precond;eeg_c_specent_full_change_precond"
2025-11-26 19:14:00.275473,36,"stress_label",20,64,0.0078125,0.525641025641026,0.461538461538462,0.505128205128205,20,"top20","eeg_tleft_sampent_full_change_precond;eeg_tleft_halpha_mean_full_change_precond;eeg_pright_sampent_full_change_precond;pupil_dilation_sd_full_change_precond;eeg_tleft_lalpha_mean_full_change_precond;eeg_t_sampent_full_change_precond;eeg_fl_hbeta_mean_full_change_precond;eeg_c_theta_mean_full_change_precond;eeg_fr_sampent_full_change_precond;gsr_skin_conductance_eda_tonic_mean_nk_full_change_precond;eeg_tright_halpha_mean_full_change_precond;eeg_fm_theta_mean_full_change_precond;hrv_rmssd_full_change_precond;eeg_fm_sampent_full_change_precond;eeg_c_sampent_full_change_precond;eeg_pleft_lbeta_mean_full_change_precond;eeg_pleft_halpha_mean_full_change_precond;hr_heartrate_bpm_med_abs_full_change_precond;eeg_ab_ratio_full_change_precond;eeg_c_specent_full_change_precond"
2025-11-26 19:14:01.269968,36,"stress_label",20,128,0.0078125,0.5,0.455128205128205,NA,20,"top20","eeg_tleft_sampent_full_change_precond;eeg_tleft_halpha_mean_full_change_precond;eeg_pright_sampent_full_change_precond;pupil_dilation_sd_full_change_precond;eeg_tleft_lalpha_mean_full_change_precond;eeg_t_sampent_full_change_precond;eeg_fl_hbeta_mean_full_change_precond;eeg_c_theta_mean_full_change_precond;eeg_fr_sampent_full_change_precond;gsr_skin_conductance_eda_tonic_mean_nk_full_change_precond;eeg_tright_halpha_mean_full_change_precond;eeg_fm_theta_mean_full_change_precond;hrv_rmssd_full_change_precond;eeg_fm_sampent_full_change_precond;eeg_c_sampent_full_change_precond;eeg_pleft_lbeta_mean_full_change_precond;eeg_pleft_halpha_mean_full_change_precond;hr_heartrate_bpm_med_abs_full_change_precond;eeg_ab_ratio_full_change_precond;eeg_c_specent_full_change_precond"
2025-11-26 19:14:02.808645,36,"stress_label",20,256,0.0078125,0.538461538461538,0.525641025641026,NA,20,"top20","eeg_tleft_sampent_full_change_precond;eeg_tleft_halpha_mean_full_change_precond;eeg_pright_sampent_full_change_precond;pupil_dilation_sd_full_change_precond;eeg_tleft_lalpha_mean_full_change_precond;eeg_t_sampent_full_change_precond;eeg_fl_hbeta_mean_full_change_precond;eeg_c_theta_mean_full_change_precond;eeg_fr_sampent_full_change_precond;gsr_skin_conductance_eda_tonic_mean_nk_full_change_precond;eeg_tright_halpha_mean_full_change_precond;eeg_fm_theta_mean_full_change_precond;hrv_rmssd_full_change_precond;eeg_fm_sampent_full_change_precond;eeg_c_sampent_full_change_precond;eeg_pleft_lbeta_mean_full_change_precond;eeg_pleft_halpha_mean_full_change_precond;hr_heartrate_bpm_med_abs_full_change_precond;eeg_ab_ratio_full_change_precond;eeg_c_specent_full_change_precond"
2025-11-26 19:14:03.706013,36,"stress_label",20,2,0.015625,0.538461538461538,0.634615384615385,0.528205128205128,20,"top20","eeg_tleft_sampent_full_change_precond;eeg_tleft_halpha_mean_full_change_precond;eeg_pright_sampent_full_change_precond;pupil_dilation_sd_full_change_precond;eeg_tleft_lalpha_mean_full_change_precond;eeg_t_sampent_full_change_precond;eeg_fl_hbeta_mean_full_change_precond;eeg_c_theta_mean_full_change_precond;eeg_fr_sampent_full_change_precond;gsr_skin_conductance_eda_tonic_mean_nk_full_change_precond;eeg_tright_halpha_mean_full_change_precond;eeg_fm_theta_mean_full_change_precond;hrv_rmssd_full_change_precond;eeg_fm_sampent_full_change_precond;eeg_c_sampent_full_change_precond;eeg_pleft_lbeta_mean_full_change_precond;eeg_pleft_halpha_mean_full_change_precond;hr_heartrate_bpm_med_abs_full_change_precond;eeg_ab_ratio_full_change_precond;eeg_c_specent_full_change_precond"
2025-11-26 19:14:04.704735,36,"stress_label",20,4,0.015625,0.557692307692308,0.608974358974359,0.545299145299145,20,"top20","eeg_tleft_sampent_full_change_precond;eeg_tleft_halpha_mean_full_change_precond;eeg_pright_sampent_full_change_precond;pupil_dilation_sd_full_change_precond;eeg_tleft_lalpha_mean_full_change_precond;eeg_t_sampent_full_change_precond;eeg_fl_hbeta_mean_full_change_precond;eeg_c_theta_mean_full_change_precond;eeg_fr_sampent_full_change_precond;gsr_skin_conductance_eda_tonic_mean_nk_full_change_precond;eeg_tright_halpha_mean_full_change_precond;eeg_fm_theta_mean_full_change_precond;hrv_rmssd_full_change_precond;eeg_fm_sampent_full_change_precond;eeg_c_sampent_full_change_precond;eeg_pleft_lbeta_mean_full_change_precond;eeg_pleft_halpha_mean_full_change_precond;hr_heartrate_bpm_med_abs_full_change_precond;eeg_ab_ratio_full_change_precond;eeg_c_specent_full_change_precond"
2025-11-26 19:14:05.646252,36,"stress_label",20,8,0.015625,0.564102564102564,0.596153846153846,0.547008547008547,20,"top20","eeg_tleft_sampent_full_change_precond;eeg_tleft_halpha_mean_full_change_precond;eeg_pright_sampent_full_change_precond;pupil_dilation_sd_full_change_precond;eeg_tleft_lalpha_mean_full_change_precond;eeg_t_sampent_full_change_precond;eeg_fl_hbeta_mean_full_change_precond;eeg_c_theta_mean_full_change_precond;eeg_fr_sampent_full_change_precond;gsr_skin_conductance_eda_tonic_mean_nk_full_change_precond;eeg_tright_halpha_mean_full_change_precond;eeg_fm_theta_mean_full_change_precond;hrv_rmssd_full_change_precond;eeg_fm_sampent_full_change_precond;eeg_c_sampent_full_change_precond;eeg_pleft_lbeta_mean_full_change_precond;eeg_pleft_halpha_mean_full_change_precond;hr_heartrate_bpm_med_abs_full_change_precond;eeg_ab_ratio_full_change_precond;eeg_c_specent_full_change_precond"
2025-11-26 19:14:06.540451,36,"stress_label",20,16,0.015625,0.525641025641026,0.525641025641026,NA,20,"top20","eeg_tleft_sampent_full_change_precond;eeg_tleft_halpha_mean_full_change_precond;eeg_pright_sampent_full_change_precond;pupil_dilation_sd_full_change_precond;eeg_tleft_lalpha_mean_full_change_precond;eeg_t_sampent_full_change_precond;eeg_fl_hbeta_mean_full_change_precond;eeg_c_theta_mean_full_change_precond;eeg_fr_sampent_full_change_precond;gsr_skin_conductance_eda_tonic_mean_nk_full_change_precond;eeg_tright_halpha_mean_full_change_precond;eeg_fm_theta_mean_full_change_precond;hrv_rmssd_full_change_precond;eeg_fm_sampent_full_change_precond;eeg_c_sampent_full_change_precond;eeg_pleft_lbeta_mean_full_change_precond;eeg_pleft_halpha_mean_full_change_precond;hr_heartrate_bpm_med_abs_full_change_precond;eeg_ab_ratio_full_change_precond;eeg_c_specent_full_change_precond"
2025-11-26 19:14:07.68118,36,"stress_label",20,32,0.015625,0.519230769230769,0.474358974358974,NA,20,"top20","eeg_tleft_sampent_full_change_precond;eeg_tleft_halpha_mean_full_change_precond;eeg_pright_sampent_full_change_precond;pupil_dilation_sd_full_change_precond;eeg_tleft_lalpha_mean_full_change_precond;eeg_t_sampent_full_change_precond;eeg_fl_hbeta_mean_full_change_precond;eeg_c_theta_mean_full_change_precond;eeg_fr_sampent_full_change_precond;gsr_skin_conductance_eda_tonic_mean_nk_full_change_precond;eeg_tright_halpha_mean_full_change_precond;eeg_fm_theta_mean_full_change_precond;hrv_rmssd_full_change_precond;eeg_fm_sampent_full_change_precond;eeg_c_sampent_full_change_precond;eeg_pleft_lbeta_mean_full_change_precond;eeg_pleft_halpha_mean_full_change_precond;hr_heartrate_bpm_med_abs_full_change_precond;eeg_ab_ratio_full_change_precond;eeg_c_specent_full_change_precond"
2025-11-26 19:14:08.959031,36,"stress_label",20,64,0.015625,0.551282051282051,0.525641025641026,NA,20,"top20","eeg_tleft_sampent_full_change_precond;eeg_tleft_halpha_mean_full_change_precond;eeg_pright_sampent_full_change_precond;pupil_dilation_sd_full_change_precond;eeg_tleft_lalpha_mean_full_change_precond;eeg_t_sampent_full_change_precond;eeg_fl_hbeta_mean_full_change_precond;eeg_c_theta_mean_full_change_precond;eeg_fr_sampent_full_change_precond;gsr_skin_conductance_eda_tonic_mean_nk_full_change_precond;eeg_tright_halpha_mean_full_change_precond;eeg_fm_theta_mean_full_change_precond;hrv_rmssd_full_change_precond;eeg_fm_sampent_full_change_precond;eeg_c_sampent_full_change_precond;eeg_pleft_lbeta_mean_full_change_precond;eeg_pleft_halpha_mean_full_change_precond;hr_heartrate_bpm_med_abs_full_change_precond;eeg_ab_ratio_full_change_precond;eeg_c_specent_full_change_precond"
2025-11-26 19:14:10.361027,36,"stress_label",20,128,0.015625,0.551282051282051,0.576923076923077,NA,20,"top20","eeg_tleft_sampent_full_change_precond;eeg_tleft_halpha_mean_full_change_precond;eeg_pright_sampent_full_change_precond;pupil_dilation_sd_full_change_precond;eeg_tleft_lalpha_mean_full_change_precond;eeg_t_sampent_full_change_precond;eeg_fl_hbeta_mean_full_change_precond;eeg_c_theta_mean_full_change_precond;eeg_fr_sampent_full_change_precond;gsr_skin_conductance_eda_tonic_mean_nk_full_change_precond;eeg_tright_halpha_mean_full_change_precond;eeg_fm_theta_mean_full_change_precond;hrv_rmssd_full_change_precond;eeg_fm_sampent_full_change_precond;eeg_c_sampent_full_change_precond;eeg_pleft_lbeta_mean_full_change_precond;eeg_pleft_halpha_mean_full_change_precond;hr_heartrate_bpm_med_abs_full_change_precond;eeg_ab_ratio_full_change_precond;eeg_c_specent_full_change_precond"
2025-11-26 19:14:11.735682,36,"stress_label",20,256,0.015625,0.551282051282051,0.58974358974359,NA,20,"top20","eeg_tleft_sampent_full_change_precond;eeg_tleft_halpha_mean_full_change_precond;eeg_pright_sampent_full_change_precond;pupil_dilation_sd_full_change_precond;eeg_tleft_lalpha_mean_full_change_precond;eeg_t_sampent_full_change_precond;eeg_fl_hbeta_mean_full_change_precond;eeg_c_theta_mean_full_change_precond;eeg_fr_sampent_full_change_precond;gsr_skin_conductance_eda_tonic_mean_nk_full_change_precond;eeg_tright_halpha_mean_full_change_precond;eeg_fm_theta_mean_full_change_precond;hrv_rmssd_full_change_precond;eeg_fm_sampent_full_change_precond;eeg_c_sampent_full_change_precond;eeg_pleft_lbeta_mean_full_change_precond;eeg_pleft_halpha_mean_full_change_precond;hr_heartrate_bpm_med_abs_full_change_precond;eeg_ab_ratio_full_change_precond;eeg_c_specent_full_change_precond"
2025-11-26 19:14:12.7941,36,"stress_label",20,2,0.03125,0.583333333333333,0.602564102564103,NA,20,"top20","eeg_tleft_sampent_full_change_precond;eeg_tleft_halpha_mean_full_change_precond;eeg_pright_sampent_full_change_precond;pupil_dilation_sd_full_change_precond;eeg_tleft_lalpha_mean_full_change_precond;eeg_t_sampent_full_change_precond;eeg_fl_hbeta_mean_full_change_precond;eeg_c_theta_mean_full_change_precond;eeg_fr_sampent_full_change_precond;gsr_skin_conductance_eda_tonic_mean_nk_full_change_precond;eeg_tright_halpha_mean_full_change_precond;eeg_fm_theta_mean_full_change_precond;hrv_rmssd_full_change_precond;eeg_fm_sampent_full_change_precond;eeg_c_sampent_full_change_precond;eeg_pleft_lbeta_mean_full_change_precond;eeg_pleft_halpha_mean_full_change_precond;hr_heartrate_bpm_med_abs_full_change_precond;eeg_ab_ratio_full_change_precond;eeg_c_specent_full_change_precond"
2025-11-26 19:14:13.826506,36,"stress_label",20,4,0.03125,0.564102564102564,0.564102564102564,NA,20,"top20","eeg_tleft_sampent_full_change_precond;eeg_tleft_halpha_mean_full_change_precond;eeg_pright_sampent_full_change_precond;pupil_dilation_sd_full_change_precond;eeg_tleft_lalpha_mean_full_change_precond;eeg_t_sampent_full_change_precond;eeg_fl_hbeta_mean_full_change_precond;eeg_c_theta_mean_full_change_precond;eeg_fr_sampent_full_change_precond;gsr_skin_conductance_eda_tonic_mean_nk_full_change_precond;eeg_tright_halpha_mean_full_change_precond;eeg_fm_theta_mean_full_change_precond;hrv_rmssd_full_change_precond;eeg_fm_sampent_full_change_precond;eeg_c_sampent_full_change_precond;eeg_pleft_lbeta_mean_full_change_precond;eeg_pleft_halpha_mean_full_change_precond;hr_heartrate_bpm_med_abs_full_change_precond;eeg_ab_ratio_full_change_precond;eeg_c_specent_full_change_precond"
2025-11-26 19:14:14.997065,36,"stress_label",20,8,0.03125,0.519230769230769,0.564102564102564,NA,20,"top20","eeg_tleft_sampent_full_change_precond;eeg_tleft_halpha_mean_full_change_precond;eeg_pright_sampent_full_change_precond;pupil_dilation_sd_full_change_precond;eeg_tleft_lalpha_mean_full_change_precond;eeg_t_sampent_full_change_precond;eeg_fl_hbeta_mean_full_change_precond;eeg_c_theta_mean_full_change_precond;eeg_fr_sampent_full_change_precond;gsr_skin_conductance_eda_tonic_mean_nk_full_change_precond;eeg_tright_halpha_mean_full_change_precond;eeg_fm_theta_mean_full_change_precond;hrv_rmssd_full_change_precond;eeg_fm_sampent_full_change_precond;eeg_c_sampent_full_change_precond;eeg_pleft_lbeta_mean_full_change_precond;eeg_pleft_halpha_mean_full_change_precond;hr_heartrate_bpm_med_abs_full_change_precond;eeg_ab_ratio_full_change_precond;eeg_c_specent_full_change_precond"
2025-11-26 19:14:16.216357,36,"stress_label",20,16,0.03125,0.564102564102564,0.551282051282051,NA,20,"top20","eeg_tleft_sampent_full_change_precond;eeg_tleft_halpha_mean_full_change_precond;eeg_pright_sampent_full_change_precond;pupil_dilation_sd_full_change_precond;eeg_tleft_lalpha_mean_full_change_precond;eeg_t_sampent_full_change_precond;eeg_fl_hbeta_mean_full_change_precond;eeg_c_theta_mean_full_change_precond;eeg_fr_sampent_full_change_precond;gsr_skin_conductance_eda_tonic_mean_nk_full_change_precond;eeg_tright_halpha_mean_full_change_precond;eeg_fm_theta_mean_full_change_precond;hrv_rmssd_full_change_precond;eeg_fm_sampent_full_change_precond;eeg_c_sampent_full_change_precond;eeg_pleft_lbeta_mean_full_change_precond;eeg_pleft_halpha_mean_full_change_precond;hr_heartrate_bpm_med_abs_full_change_precond;eeg_ab_ratio_full_change_precond;eeg_c_specent_full_change_precond"
2025-11-26 19:14:17.39778,36,"stress_label",20,32,0.03125,0.551282051282051,0.564102564102564,NA,20,"top20","eeg_tleft_sampent_full_change_precond;eeg_tleft_halpha_mean_full_change_precond;eeg_pright_sampent_full_change_precond;pupil_dilation_sd_full_change_precond;eeg_tleft_lalpha_mean_full_change_precond;eeg_t_sampent_full_change_precond;eeg_fl_hbeta_mean_full_change_precond;eeg_c_theta_mean_full_change_precond;eeg_fr_sampent_full_change_precond;gsr_skin_conductance_eda_tonic_mean_nk_full_change_precond;eeg_tright_halpha_mean_full_change_precond;eeg_fm_theta_mean_full_change_precond;hrv_rmssd_full_change_precond;eeg_fm_sampent_full_change_precond;eeg_c_sampent_full_change_precond;eeg_pleft_lbeta_mean_full_change_precond;eeg_pleft_halpha_mean_full_change_precond;hr_heartrate_bpm_med_abs_full_change_precond;eeg_ab_ratio_full_change_precond;eeg_c_specent_full_change_precond"
2025-11-26 19:14:18.380043,36,"stress_label",20,64,0.03125,0.596153846153846,0.557692307692308,NA,20,"top20","eeg_tleft_sampent_full_change_precond;eeg_tleft_halpha_mean_full_change_precond;eeg_pright_sampent_full_change_precond;pupil_dilation_sd_full_change_precond;eeg_tleft_lalpha_mean_full_change_precond;eeg_t_sampent_full_change_precond;eeg_fl_hbeta_mean_full_change_precond;eeg_c_theta_mean_full_change_precond;eeg_fr_sampent_full_change_precond;gsr_skin_conductance_eda_tonic_mean_nk_full_change_precond;eeg_tright_halpha_mean_full_change_precond;eeg_fm_theta_mean_full_change_precond;hrv_rmssd_full_change_precond;eeg_fm_sampent_full_change_precond;eeg_c_sampent_full_change_precond;eeg_pleft_lbeta_mean_full_change_precond;eeg_pleft_halpha_mean_full_change_precond;hr_heartrate_bpm_med_abs_full_change_precond;eeg_ab_ratio_full_change_precond;eeg_c_specent_full_change_precond"
2025-11-26 19:14:19.601564,36,"stress_label",20,128,0.03125,0.596153846153846,0.583333333333333,NA,20,"top20","eeg_tleft_sampent_full_change_precond;eeg_tleft_halpha_mean_full_change_precond;eeg_pright_sampent_full_change_precond;pupil_dilation_sd_full_change_precond;eeg_tleft_lalpha_mean_full_change_precond;eeg_t_sampent_full_change_precond;eeg_fl_hbeta_mean_full_change_precond;eeg_c_theta_mean_full_change_precond;eeg_fr_sampent_full_change_precond;gsr_skin_conductance_eda_tonic_mean_nk_full_change_precond;eeg_tright_halpha_mean_full_change_precond;eeg_fm_theta_mean_full_change_precond;hrv_rmssd_full_change_precond;eeg_fm_sampent_full_change_precond;eeg_c_sampent_full_change_precond;eeg_pleft_lbeta_mean_full_change_precond;eeg_pleft_halpha_mean_full_change_precond;hr_heartrate_bpm_med_abs_full_change_precond;eeg_ab_ratio_full_change_precond;eeg_c_specent_full_change_precond"
2025-11-26 19:14:20.794219,36,"stress_label",20,256,0.03125,0.596153846153846,0.583333333333333,NA,20,"top20","eeg_tleft_sampent_full_change_precond;eeg_tleft_halpha_mean_full_change_precond;eeg_pright_sampent_full_change_precond;pupil_dilation_sd_full_change_precond;eeg_tleft_lalpha_mean_full_change_precond;eeg_t_sampent_full_change_precond;eeg_fl_hbeta_mean_full_change_precond;eeg_c_theta_mean_full_change_precond;eeg_fr_sampent_full_change_precond;gsr_skin_conductance_eda_tonic_mean_nk_full_change_precond;eeg_tright_halpha_mean_full_change_precond;eeg_fm_theta_mean_full_change_precond;hrv_rmssd_full_change_precond;eeg_fm_sampent_full_change_precond;eeg_c_sampent_full_change_precond;eeg_pleft_lbeta_mean_full_change_precond;eeg_pleft_halpha_mean_full_change_precond;hr_heartrate_bpm_med_abs_full_change_precond;eeg_ab_ratio_full_change_precond;eeg_c_specent_full_change_precond"
2025-11-26 19:14:21.760082,36,"stress_label",20,2,0.0625,0.57051282051282,0.58974358974359,NA,20,"top20","eeg_tleft_sampent_full_change_precond;eeg_tleft_halpha_mean_full_change_precond;eeg_pright_sampent_full_change_precond;pupil_dilation_sd_full_change_precond;eeg_tleft_lalpha_mean_full_change_precond;eeg_t_sampent_full_change_precond;eeg_fl_hbeta_mean_full_change_precond;eeg_c_theta_mean_full_change_precond;eeg_fr_sampent_full_change_precond;gsr_skin_conductance_eda_tonic_mean_nk_full_change_precond;eeg_tright_halpha_mean_full_change_precond;eeg_fm_theta_mean_full_change_precond;hrv_rmssd_full_change_precond;eeg_fm_sampent_full_change_precond;eeg_c_sampent_full_change_precond;eeg_pleft_lbeta_mean_full_change_precond;eeg_pleft_halpha_mean_full_change_precond;hr_heartrate_bpm_med_abs_full_change_precond;eeg_ab_ratio_full_change_precond;eeg_c_specent_full_change_precond"
2025-11-26 19:14:22.924857,36,"stress_label",20,4,0.0625,0.576923076923077,0.58974358974359,NA,20,"top20","eeg_tleft_sampent_full_change_precond;eeg_tleft_halpha_mean_full_change_precond;eeg_pright_sampent_full_change_precond;pupil_dilation_sd_full_change_precond;eeg_tleft_lalpha_mean_full_change_precond;eeg_t_sampent_full_change_precond;eeg_fl_hbeta_mean_full_change_precond;eeg_c_theta_mean_full_change_precond;eeg_fr_sampent_full_change_precond;gsr_skin_conductance_eda_tonic_mean_nk_full_change_precond;eeg_tright_halpha_mean_full_change_precond;eeg_fm_theta_mean_full_change_precond;hrv_rmssd_full_change_precond;eeg_fm_sampent_full_change_precond;eeg_c_sampent_full_change_precond;eeg_pleft_lbeta_mean_full_change_precond;eeg_pleft_halpha_mean_full_change_precond;hr_heartrate_bpm_med_abs_full_change_precond;eeg_ab_ratio_full_change_precond;eeg_c_specent_full_change_precond"
2025-11-26 19:14:24.064458,36,"stress_label",20,8,0.0625,0.57051282051282,0.608974358974359,NA,20,"top20","eeg_tleft_sampent_full_change_precond;eeg_tleft_halpha_mean_full_change_precond;eeg_pright_sampent_full_change_precond;pupil_dilation_sd_full_change_precond;eeg_tleft_lalpha_mean_full_change_precond;eeg_t_sampent_full_change_precond;eeg_fl_hbeta_mean_full_change_precond;eeg_c_theta_mean_full_change_precond;eeg_fr_sampent_full_change_precond;gsr_skin_conductance_eda_tonic_mean_nk_full_change_precond;eeg_tright_halpha_mean_full_change_precond;eeg_fm_theta_mean_full_change_precond;hrv_rmssd_full_change_precond;eeg_fm_sampent_full_change_precond;eeg_c_sampent_full_change_precond;eeg_pleft_lbeta_mean_full_change_precond;eeg_pleft_halpha_mean_full_change_precond;hr_heartrate_bpm_med_abs_full_change_precond;eeg_ab_ratio_full_change_precond;eeg_c_specent_full_change_precond"
2025-11-26 19:14:25.233949,36,"stress_label",20,16,0.0625,0.57051282051282,0.58974358974359,NA,20,"top20","eeg_tleft_sampent_full_change_precond;eeg_tleft_halpha_mean_full_change_precond;eeg_pright_sampent_full_change_precond;pupil_dilation_sd_full_change_precond;eeg_tleft_lalpha_mean_full_change_precond;eeg_t_sampent_full_change_precond;eeg_fl_hbeta_mean_full_change_precond;eeg_c_theta_mean_full_change_precond;eeg_fr_sampent_full_change_precond;gsr_skin_conductance_eda_tonic_mean_nk_full_change_precond;eeg_tright_halpha_mean_full_change_precond;eeg_fm_theta_mean_full_change_precond;hrv_rmssd_full_change_precond;eeg_fm_sampent_full_change_precond;eeg_c_sampent_full_change_precond;eeg_pleft_lbeta_mean_full_change_precond;eeg_pleft_halpha_mean_full_change_precond;hr_heartrate_bpm_med_abs_full_change_precond;eeg_ab_ratio_full_change_precond;eeg_c_specent_full_change_precond"
2025-11-26 19:14:26.348325,36,"stress_label",20,32,0.0625,0.57051282051282,0.564102564102564,NA,20,"top20","eeg_tleft_sampent_full_change_precond;eeg_tleft_halpha_mean_full_change_precond;eeg_pright_sampent_full_change_precond;pupil_dilation_sd_full_change_precond;eeg_tleft_lalpha_mean_full_change_precond;eeg_t_sampent_full_change_precond;eeg_fl_hbeta_mean_full_change_precond;eeg_c_theta_mean_full_change_precond;eeg_fr_sampent_full_change_precond;gsr_skin_conductance_eda_tonic_mean_nk_full_change_precond;eeg_tright_halpha_mean_full_change_precond;eeg_fm_theta_mean_full_change_precond;hrv_rmssd_full_change_precond;eeg_fm_sampent_full_change_precond;eeg_c_sampent_full_change_precond;eeg_pleft_lbeta_mean_full_change_precond;eeg_pleft_halpha_mean_full_change_precond;hr_heartrate_bpm_med_abs_full_change_precond;eeg_ab_ratio_full_change_precond;eeg_c_specent_full_change_precond"
2025-11-26 19:14:27.496864,36,"stress_label",20,64,0.0625,0.57051282051282,0.58974358974359,NA,20,"top20","eeg_tleft_sampent_full_change_precond;eeg_tleft_halpha_mean_full_change_precond;eeg_pright_sampent_full_change_precond;pupil_dilation_sd_full_change_precond;eeg_tleft_lalpha_mean_full_change_precond;eeg_t_sampent_full_change_precond;eeg_fl_hbeta_mean_full_change_precond;eeg_c_theta_mean_full_change_precond;eeg_fr_sampent_full_change_precond;gsr_skin_conductance_eda_tonic_mean_nk_full_change_precond;eeg_tright_halpha_mean_full_change_precond;eeg_fm_theta_mean_full_change_precond;hrv_rmssd_full_change_precond;eeg_fm_sampent_full_change_precond;eeg_c_sampent_full_change_precond;eeg_pleft_lbeta_mean_full_change_precond;eeg_pleft_halpha_mean_full_change_precond;hr_heartrate_bpm_med_abs_full_change_precond;eeg_ab_ratio_full_change_precond;eeg_c_specent_full_change_precond"
2025-11-26 19:14:28.651603,36,"stress_label",20,128,0.0625,0.57051282051282,0.58974358974359,NA,20,"top20","eeg_tleft_sampent_full_change_precond;eeg_tleft_halpha_mean_full_change_precond;eeg_pright_sampent_full_change_precond;pupil_dilation_sd_full_change_precond;eeg_tleft_lalpha_mean_full_change_precond;eeg_t_sampent_full_change_precond;eeg_fl_hbeta_mean_full_change_precond;eeg_c_theta_mean_full_change_precond;eeg_fr_sampent_full_change_precond;gsr_skin_conductance_eda_tonic_mean_nk_full_change_precond;eeg_tright_halpha_mean_full_change_precond;eeg_fm_theta_mean_full_change_precond;hrv_rmssd_full_change_precond;eeg_fm_sampent_full_change_precond;eeg_c_sampent_full_change_precond;eeg_pleft_lbeta_mean_full_change_precond;eeg_pleft_halpha_mean_full_change_precond;hr_heartrate_bpm_med_abs_full_change_precond;eeg_ab_ratio_full_change_precond;eeg_c_specent_full_change_precond"
2025-11-26 19:14:29.710133,36,"stress_label",20,256,0.0625,0.57051282051282,0.58974358974359,NA,20,"top20","eeg_tleft_sampent_full_change_precond;eeg_tleft_halpha_mean_full_change_precond;eeg_pright_sampent_full_change_precond;pupil_dilation_sd_full_change_precond;eeg_tleft_lalpha_mean_full_change_precond;eeg_t_sampent_full_change_precond;eeg_fl_hbeta_mean_full_change_precond;eeg_c_theta_mean_full_change_precond;eeg_fr_sampent_full_change_precond;gsr_skin_conductance_eda_tonic_mean_nk_full_change_precond;eeg_tright_halpha_mean_full_change_precond;eeg_fm_theta_mean_full_change_precond;hrv_rmssd_full_change_precond;eeg_fm_sampent_full_change_precond;eeg_c_sampent_full_change_precond;eeg_pleft_lbeta_mean_full_change_precond;eeg_pleft_halpha_mean_full_change_precond;hr_heartrate_bpm_med_abs_full_change_precond;eeg_ab_ratio_full_change_precond;eeg_c_specent_full_change_precond"
2025-11-26 19:14:30.70285,36,"stress_label",20,2,0.125,0.596153846153846,0.621794871794872,NA,20,"top20","eeg_tleft_sampent_full_change_precond;eeg_tleft_halpha_mean_full_change_precond;eeg_pright_sampent_full_change_precond;pupil_dilation_sd_full_change_precond;eeg_tleft_lalpha_mean_full_change_precond;eeg_t_sampent_full_change_precond;eeg_fl_hbeta_mean_full_change_precond;eeg_c_theta_mean_full_change_precond;eeg_fr_sampent_full_change_precond;gsr_skin_conductance_eda_tonic_mean_nk_full_change_precond;eeg_tright_halpha_mean_full_change_precond;eeg_fm_theta_mean_full_change_precond;hrv_rmssd_full_change_precond;eeg_fm_sampent_full_change_precond;eeg_c_sampent_full_change_precond;eeg_pleft_lbeta_mean_full_change_precond;eeg_pleft_halpha_mean_full_change_precond;hr_heartrate_bpm_med_abs_full_change_precond;eeg_ab_ratio_full_change_precond;eeg_c_specent_full_change_precond"
2025-11-26 19:14:31.884024,36,"stress_label",20,4,0.125,0.583333333333333,0.634615384615385,NA,20,"top20","eeg_tleft_sampent_full_change_precond;eeg_tleft_halpha_mean_full_change_precond;eeg_pright_sampent_full_change_precond;pupil_dilation_sd_full_change_precond;eeg_tleft_lalpha_mean_full_change_precond;eeg_t_sampent_full_change_precond;eeg_fl_hbeta_mean_full_change_precond;eeg_c_theta_mean_full_change_precond;eeg_fr_sampent_full_change_precond;gsr_skin_conductance_eda_tonic_mean_nk_full_change_precond;eeg_tright_halpha_mean_full_change_precond;eeg_fm_theta_mean_full_change_precond;hrv_rmssd_full_change_precond;eeg_fm_sampent_full_change_precond;eeg_c_sampent_full_change_precond;eeg_pleft_lbeta_mean_full_change_precond;eeg_pleft_halpha_mean_full_change_precond;hr_heartrate_bpm_med_abs_full_change_precond;eeg_ab_ratio_full_change_precond;eeg_c_specent_full_change_precond"
2025-11-26 19:14:33.040421,36,"stress_label",20,8,0.125,0.58974358974359,0.634615384615385,NA,20,"top20","eeg_tleft_sampent_full_change_precond;eeg_tleft_halpha_mean_full_change_precond;eeg_pright_sampent_full_change_precond;pupil_dilation_sd_full_change_precond;eeg_tleft_lalpha_mean_full_change_precond;eeg_t_sampent_full_change_precond;eeg_fl_hbeta_mean_full_change_precond;eeg_c_theta_mean_full_change_precond;eeg_fr_sampent_full_change_precond;gsr_skin_conductance_eda_tonic_mean_nk_full_change_precond;eeg_tright_halpha_mean_full_change_precond;eeg_fm_theta_mean_full_change_precond;hrv_rmssd_full_change_precond;eeg_fm_sampent_full_change_precond;eeg_c_sampent_full_change_precond;eeg_pleft_lbeta_mean_full_change_precond;eeg_pleft_halpha_mean_full_change_precond;hr_heartrate_bpm_med_abs_full_change_precond;eeg_ab_ratio_full_change_precond;eeg_c_specent_full_change_precond"
2025-11-26 19:14:34.190118,36,"stress_label",20,16,0.125,0.58974358974359,0.634615384615385,NA,20,"top20","eeg_tleft_sampent_full_change_precond;eeg_tleft_halpha_mean_full_change_precond;eeg_pright_sampent_full_change_precond;pupil_dilation_sd_full_change_precond;eeg_tleft_lalpha_mean_full_change_precond;eeg_t_sampent_full_change_precond;eeg_fl_hbeta_mean_full_change_precond;eeg_c_theta_mean_full_change_precond;eeg_fr_sampent_full_change_precond;gsr_skin_conductance_eda_tonic_mean_nk_full_change_precond;eeg_tright_halpha_mean_full_change_precond;eeg_fm_theta_mean_full_change_precond;hrv_rmssd_full_change_precond;eeg_fm_sampent_full_change_precond;eeg_c_sampent_full_change_precond;eeg_pleft_lbeta_mean_full_change_precond;eeg_pleft_halpha_mean_full_change_precond;hr_heartrate_bpm_med_abs_full_change_precond;eeg_ab_ratio_full_change_precond;eeg_c_specent_full_change_precond"
2025-11-26 19:14:35.22536,36,"stress_label",20,32,0.125,0.58974358974359,0.634615384615385,NA,20,"top20","eeg_tleft_sampent_full_change_precond;eeg_tleft_halpha_mean_full_change_precond;eeg_pright_sampent_full_change_precond;pupil_dilation_sd_full_change_precond;eeg_tleft_lalpha_mean_full_change_precond;eeg_t_sampent_full_change_precond;eeg_fl_hbeta_mean_full_change_precond;eeg_c_theta_mean_full_change_precond;eeg_fr_sampent_full_change_precond;gsr_skin_conductance_eda_tonic_mean_nk_full_change_precond;eeg_tright_halpha_mean_full_change_precond;eeg_fm_theta_mean_full_change_precond;hrv_rmssd_full_change_precond;eeg_fm_sampent_full_change_precond;eeg_c_sampent_full_change_precond;eeg_pleft_lbeta_mean_full_change_precond;eeg_pleft_halpha_mean_full_change_precond;hr_heartrate_bpm_med_abs_full_change_precond;eeg_ab_ratio_full_change_precond;eeg_c_specent_full_change_precond"
2025-11-26 19:14:36.272007,36,"stress_label",20,64,0.125,0.58974358974359,0.608974358974359,NA,20,"top20","eeg_tleft_sampent_full_change_precond;eeg_tleft_halpha_mean_full_change_precond;eeg_pright_sampent_full_change_precond;pupil_dilation_sd_full_change_precond;eeg_tleft_lalpha_mean_full_change_precond;eeg_t_sampent_full_change_precond;eeg_fl_hbeta_mean_full_change_precond;eeg_c_theta_mean_full_change_precond;eeg_fr_sampent_full_change_precond;gsr_skin_conductance_eda_tonic_mean_nk_full_change_precond;eeg_tright_halpha_mean_full_change_precond;eeg_fm_theta_mean_full_change_precond;hrv_rmssd_full_change_precond;eeg_fm_sampent_full_change_precond;eeg_c_sampent_full_change_precond;eeg_pleft_lbeta_mean_full_change_precond;eeg_pleft_halpha_mean_full_change_precond;hr_heartrate_bpm_med_abs_full_change_precond;eeg_ab_ratio_full_change_precond;eeg_c_specent_full_change_precond"
2025-11-26 19:14:37.431319,36,"stress_label",20,128,0.125,0.58974358974359,0.634615384615385,NA,20,"top20","eeg_tleft_sampent_full_change_precond;eeg_tleft_halpha_mean_full_change_precond;eeg_pright_sampent_full_change_precond;pupil_dilation_sd_full_change_precond;eeg_tleft_lalpha_mean_full_change_precond;eeg_t_sampent_full_change_precond;eeg_fl_hbeta_mean_full_change_precond;eeg_c_theta_mean_full_change_precond;eeg_fr_sampent_full_change_precond;gsr_skin_conductance_eda_tonic_mean_nk_full_change_precond;eeg_tright_halpha_mean_full_change_precond;eeg_fm_theta_mean_full_change_precond;hrv_rmssd_full_change_precond;eeg_fm_sampent_full_change_precond;eeg_c_sampent_full_change_precond;eeg_pleft_lbeta_mean_full_change_precond;eeg_pleft_halpha_mean_full_change_precond;hr_heartrate_bpm_med_abs_full_change_precond;eeg_ab_ratio_full_change_precond;eeg_c_specent_full_change_precond"
2025-11-26 19:14:38.578785,36,"stress_label",20,256,0.125,0.58974358974359,0.608974358974359,NA,20,"top20","eeg_tleft_sampent_full_change_precond;eeg_tleft_halpha_mean_full_change_precond;eeg_pright_sampent_full_change_precond;pupil_dilation_sd_full_change_precond;eeg_tleft_lalpha_mean_full_change_precond;eeg_t_sampent_full_change_precond;eeg_fl_hbeta_mean_full_change_precond;eeg_c_theta_mean_full_change_precond;eeg_fr_sampent_full_change_precond;gsr_skin_conductance_eda_tonic_mean_nk_full_change_precond;eeg_tright_halpha_mean_full_change_precond;eeg_fm_theta_mean_full_change_precond;hrv_rmssd_full_change_precond;eeg_fm_sampent_full_change_precond;eeg_c_sampent_full_change_precond;eeg_pleft_lbeta_mean_full_change_precond;eeg_pleft_halpha_mean_full_change_precond;hr_heartrate_bpm_med_abs_full_change_precond;eeg_ab_ratio_full_change_precond;eeg_c_specent_full_change_precond"
2025-11-26 19:14:39.529581,36,"stress_label",20,2,0.03,0.583333333333333,0.608974358974359,NA,20,"top20","eeg_tleft_sampent_full_change_precond;eeg_tleft_halpha_mean_full_change_precond;eeg_pright_sampent_full_change_precond;pupil_dilation_sd_full_change_precond;eeg_tleft_lalpha_mean_full_change_precond;eeg_t_sampent_full_change_precond;eeg_fl_hbeta_mean_full_change_precond;eeg_c_theta_mean_full_change_precond;eeg_fr_sampent_full_change_precond;gsr_skin_conductance_eda_tonic_mean_nk_full_change_precond;eeg_tright_halpha_mean_full_change_precond;eeg_fm_theta_mean_full_change_precond;hrv_rmssd_full_change_precond;eeg_fm_sampent_full_change_precond;eeg_c_sampent_full_change_precond;eeg_pleft_lbeta_mean_full_change_precond;eeg_pleft_halpha_mean_full_change_precond;hr_heartrate_bpm_med_abs_full_change_precond;eeg_ab_ratio_full_change_precond;eeg_c_specent_full_change_precond"
2025-11-26 19:14:40.581616,36,"stress_label",20,4,0.03,0.564102564102564,0.58974358974359,NA,20,"top20","eeg_tleft_sampent_full_change_precond;eeg_tleft_halpha_mean_full_change_precond;eeg_pright_sampent_full_change_precond;pupil_dilation_sd_full_change_precond;eeg_tleft_lalpha_mean_full_change_precond;eeg_t_sampent_full_change_precond;eeg_fl_hbeta_mean_full_change_precond;eeg_c_theta_mean_full_change_precond;eeg_fr_sampent_full_change_precond;gsr_skin_conductance_eda_tonic_mean_nk_full_change_precond;eeg_tright_halpha_mean_full_change_precond;eeg_fm_theta_mean_full_change_precond;hrv_rmssd_full_change_precond;eeg_fm_sampent_full_change_precond;eeg_c_sampent_full_change_precond;eeg_pleft_lbeta_mean_full_change_precond;eeg_pleft_halpha_mean_full_change_precond;hr_heartrate_bpm_med_abs_full_change_precond;eeg_ab_ratio_full_change_precond;eeg_c_specent_full_change_precond"
2025-11-26 19:14:41.486231,36,"stress_label",20,8,0.03,0.519230769230769,0.538461538461538,NA,20,"top20","eeg_tleft_sampent_full_change_precond;eeg_tleft_halpha_mean_full_change_precond;eeg_pright_sampent_full_change_precond;pupil_dilation_sd_full_change_precond;eeg_tleft_lalpha_mean_full_change_precond;eeg_t_sampent_full_change_precond;eeg_fl_hbeta_mean_full_change_precond;eeg_c_theta_mean_full_change_precond;eeg_fr_sampent_full_change_precond;gsr_skin_conductance_eda_tonic_mean_nk_full_change_precond;eeg_tright_halpha_mean_full_change_precond;eeg_fm_theta_mean_full_change_precond;hrv_rmssd_full_change_precond;eeg_fm_sampent_full_change_precond;eeg_c_sampent_full_change_precond;eeg_pleft_lbeta_mean_full_change_precond;eeg_pleft_halpha_mean_full_change_precond;hr_heartrate_bpm_med_abs_full_change_precond;eeg_ab_ratio_full_change_precond;eeg_c_specent_full_change_precond"
2025-11-26 19:14:42.5288,36,"stress_label",20,16,0.03,0.564102564102564,0.538461538461538,NA,20,"top20","eeg_tleft_sampent_full_change_precond;eeg_tleft_halpha_mean_full_change_precond;eeg_pright_sampent_full_change_precond;pupil_dilation_sd_full_change_precond;eeg_tleft_lalpha_mean_full_change_precond;eeg_t_sampent_full_change_precond;eeg_fl_hbeta_mean_full_change_precond;eeg_c_theta_mean_full_change_precond;eeg_fr_sampent_full_change_precond;gsr_skin_conductance_eda_tonic_mean_nk_full_change_precond;eeg_tright_halpha_mean_full_change_precond;eeg_fm_theta_mean_full_change_precond;hrv_rmssd_full_change_precond;eeg_fm_sampent_full_change_precond;eeg_c_sampent_full_change_precond;eeg_pleft_lbeta_mean_full_change_precond;eeg_pleft_halpha_mean_full_change_precond;hr_heartrate_bpm_med_abs_full_change_precond;eeg_ab_ratio_full_change_precond;eeg_c_specent_full_change_precond"
2025-11-26 19:14:43.745799,36,"stress_label",20,32,0.03,0.557692307692308,0.57051282051282,NA,20,"top20","eeg_tleft_sampent_full_change_precond;eeg_tleft_halpha_mean_full_change_precond;eeg_pright_sampent_full_change_precond;pupil_dilation_sd_full_change_precond;eeg_tleft_lalpha_mean_full_change_precond;eeg_t_sampent_full_change_precond;eeg_fl_hbeta_mean_full_change_precond;eeg_c_theta_mean_full_change_precond;eeg_fr_sampent_full_change_precond;gsr_skin_conductance_eda_tonic_mean_nk_full_change_precond;eeg_tright_halpha_mean_full_change_precond;eeg_fm_theta_mean_full_change_precond;hrv_rmssd_full_change_precond;eeg_fm_sampent_full_change_precond;eeg_c_sampent_full_change_precond;eeg_pleft_lbeta_mean_full_change_precond;eeg_pleft_halpha_mean_full_change_precond;hr_heartrate_bpm_med_abs_full_change_precond;eeg_ab_ratio_full_change_precond;eeg_c_specent_full_change_precond"
2025-11-26 19:14:45.217553,36,"stress_label",20,64,0.03,0.58974358974359,0.583333333333333,NA,20,"top20","eeg_tleft_sampent_full_change_precond;eeg_tleft_halpha_mean_full_change_precond;eeg_pright_sampent_full_change_precond;pupil_dilation_sd_full_change_precond;eeg_tleft_lalpha_mean_full_change_precond;eeg_t_sampent_full_change_precond;eeg_fl_hbeta_mean_full_change_precond;eeg_c_theta_mean_full_change_precond;eeg_fr_sampent_full_change_precond;gsr_skin_conductance_eda_tonic_mean_nk_full_change_precond;eeg_tright_halpha_mean_full_change_precond;eeg_fm_theta_mean_full_change_precond;hrv_rmssd_full_change_precond;eeg_fm_sampent_full_change_precond;eeg_c_sampent_full_change_precond;eeg_pleft_lbeta_mean_full_change_precond;eeg_pleft_halpha_mean_full_change_precond;hr_heartrate_bpm_med_abs_full_change_precond;eeg_ab_ratio_full_change_precond;eeg_c_specent_full_change_precond"
2025-11-26 19:14:46.486581,36,"stress_label",20,128,0.03,0.58974358974359,0.583333333333333,NA,20,"top20","eeg_tleft_sampent_full_change_precond;eeg_tleft_halpha_mean_full_change_precond;eeg_pright_sampent_full_change_precond;pupil_dilation_sd_full_change_precond;eeg_tleft_lalpha_mean_full_change_precond;eeg_t_sampent_full_change_precond;eeg_fl_hbeta_mean_full_change_precond;eeg_c_theta_mean_full_change_precond;eeg_fr_sampent_full_change_precond;gsr_skin_conductance_eda_tonic_mean_nk_full_change_precond;eeg_tright_halpha_mean_full_change_precond;eeg_fm_theta_mean_full_change_precond;hrv_rmssd_full_change_precond;eeg_fm_sampent_full_change_precond;eeg_c_sampent_full_change_precond;eeg_pleft_lbeta_mean_full_change_precond;eeg_pleft_halpha_mean_full_change_precond;hr_heartrate_bpm_med_abs_full_change_precond;eeg_ab_ratio_full_change_precond;eeg_c_specent_full_change_precond"
2025-11-26 19:14:47.695674,36,"stress_label",20,256,0.03,0.58974358974359,0.583333333333333,NA,20,"top20","eeg_tleft_sampent_full_change_precond;eeg_tleft_halpha_mean_full_change_precond;eeg_pright_sampent_full_change_precond;pupil_dilation_sd_full_change_precond;eeg_tleft_lalpha_mean_full_change_precond;eeg_t_sampent_full_change_precond;eeg_fl_hbeta_mean_full_change_precond;eeg_c_theta_mean_full_change_precond;eeg_fr_sampent_full_change_precond;gsr_skin_conductance_eda_tonic_mean_nk_full_change_precond;eeg_tright_halpha_mean_full_change_precond;eeg_fm_theta_mean_full_change_precond;hrv_rmssd_full_change_precond;eeg_fm_sampent_full_change_precond;eeg_c_sampent_full_change_precond;eeg_pleft_lbeta_mean_full_change_precond;eeg_pleft_halpha_mean_full_change_precond;hr_heartrate_bpm_med_abs_full_change_precond;eeg_ab_ratio_full_change_precond;eeg_c_specent_full_change_precond"
2025-11-26 19:14:48.764804,36,"stress_label",20,2,0.06,0.57051282051282,0.58974358974359,NA,20,"top20","eeg_tleft_sampent_full_change_precond;eeg_tleft_halpha_mean_full_change_precond;eeg_pright_sampent_full_change_precond;pupil_dilation_sd_full_change_precond;eeg_tleft_lalpha_mean_full_change_precond;eeg_t_sampent_full_change_precond;eeg_fl_hbeta_mean_full_change_precond;eeg_c_theta_mean_full_change_precond;eeg_fr_sampent_full_change_precond;gsr_skin_conductance_eda_tonic_mean_nk_full_change_precond;eeg_tright_halpha_mean_full_change_precond;eeg_fm_theta_mean_full_change_precond;hrv_rmssd_full_change_precond;eeg_fm_sampent_full_change_precond;eeg_c_sampent_full_change_precond;eeg_pleft_lbeta_mean_full_change_precond;eeg_pleft_halpha_mean_full_change_precond;hr_heartrate_bpm_med_abs_full_change_precond;eeg_ab_ratio_full_change_precond;eeg_c_specent_full_change_precond"
2025-11-26 19:14:49.88345,36,"stress_label",20,4,0.06,0.583333333333333,0.58974358974359,NA,20,"top20","eeg_tleft_sampent_full_change_precond;eeg_tleft_halpha_mean_full_change_precond;eeg_pright_sampent_full_change_precond;pupil_dilation_sd_full_change_precond;eeg_tleft_lalpha_mean_full_change_precond;eeg_t_sampent_full_change_precond;eeg_fl_hbeta_mean_full_change_precond;eeg_c_theta_mean_full_change_precond;eeg_fr_sampent_full_change_precond;gsr_skin_conductance_eda_tonic_mean_nk_full_change_precond;eeg_tright_halpha_mean_full_change_precond;eeg_fm_theta_mean_full_change_precond;hrv_rmssd_full_change_precond;eeg_fm_sampent_full_change_precond;eeg_c_sampent_full_change_precond;eeg_pleft_lbeta_mean_full_change_precond;eeg_pleft_halpha_mean_full_change_precond;hr_heartrate_bpm_med_abs_full_change_precond;eeg_ab_ratio_full_change_precond;eeg_c_specent_full_change_precond"
2025-11-26 19:14:51.009047,36,"stress_label",20,8,0.06,0.57051282051282,0.602564102564103,NA,20,"top20","eeg_tleft_sampent_full_change_precond;eeg_tleft_halpha_mean_full_change_precond;eeg_pright_sampent_full_change_precond;pupil_dilation_sd_full_change_precond;eeg_tleft_lalpha_mean_full_change_precond;eeg_t_sampent_full_change_precond;eeg_fl_hbeta_mean_full_change_precond;eeg_c_theta_mean_full_change_precond;eeg_fr_sampent_full_change_precond;gsr_skin_conductance_eda_tonic_mean_nk_full_change_precond;eeg_tright_halpha_mean_full_change_precond;eeg_fm_theta_mean_full_change_precond;hrv_rmssd_full_change_precond;eeg_fm_sampent_full_change_precond;eeg_c_sampent_full_change_precond;eeg_pleft_lbeta_mean_full_change_precond;eeg_pleft_halpha_mean_full_change_precond;hr_heartrate_bpm_med_abs_full_change_precond;eeg_ab_ratio_full_change_precond;eeg_c_specent_full_change_precond"
2025-11-26 19:14:52.05455,36,"stress_label",20,16,0.06,0.57051282051282,0.596153846153846,NA,20,"top20","eeg_tleft_sampent_full_change_precond;eeg_tleft_halpha_mean_full_change_precond;eeg_pright_sampent_full_change_precond;pupil_dilation_sd_full_change_precond;eeg_tleft_lalpha_mean_full_change_precond;eeg_t_sampent_full_change_precond;eeg_fl_hbeta_mean_full_change_precond;eeg_c_theta_mean_full_change_precond;eeg_fr_sampent_full_change_precond;gsr_skin_conductance_eda_tonic_mean_nk_full_change_precond;eeg_tright_halpha_mean_full_change_precond;eeg_fm_theta_mean_full_change_precond;hrv_rmssd_full_change_precond;eeg_fm_sampent_full_change_precond;eeg_c_sampent_full_change_precond;eeg_pleft_lbeta_mean_full_change_precond;eeg_pleft_halpha_mean_full_change_precond;hr_heartrate_bpm_med_abs_full_change_precond;eeg_ab_ratio_full_change_precond;eeg_c_specent_full_change_precond"
2025-11-26 19:14:53.115893,36,"stress_label",20,32,0.06,0.57051282051282,0.576923076923077,NA,20,"top20","eeg_tleft_sampent_full_change_precond;eeg_tleft_halpha_mean_full_change_precond;eeg_pright_sampent_full_change_precond;pupil_dilation_sd_full_change_precond;eeg_tleft_lalpha_mean_full_change_precond;eeg_t_sampent_full_change_precond;eeg_fl_hbeta_mean_full_change_precond;eeg_c_theta_mean_full_change_precond;eeg_fr_sampent_full_change_precond;gsr_skin_conductance_eda_tonic_mean_nk_full_change_precond;eeg_tright_halpha_mean_full_change_precond;eeg_fm_theta_mean_full_change_precond;hrv_rmssd_full_change_precond;eeg_fm_sampent_full_change_precond;eeg_c_sampent_full_change_precond;eeg_pleft_lbeta_mean_full_change_precond;eeg_pleft_halpha_mean_full_change_precond;hr_heartrate_bpm_med_abs_full_change_precond;eeg_ab_ratio_full_change_precond;eeg_c_specent_full_change_precond"
2025-11-26 19:14:54.279121,36,"stress_label",20,64,0.06,0.57051282051282,0.58974358974359,NA,20,"top20","eeg_tleft_sampent_full_change_precond;eeg_tleft_halpha_mean_full_change_precond;eeg_pright_sampent_full_change_precond;pupil_dilation_sd_full_change_precond;eeg_tleft_lalpha_mean_full_change_precond;eeg_t_sampent_full_change_precond;eeg_fl_hbeta_mean_full_change_precond;eeg_c_theta_mean_full_change_precond;eeg_fr_sampent_full_change_precond;gsr_skin_conductance_eda_tonic_mean_nk_full_change_precond;eeg_tright_halpha_mean_full_change_precond;eeg_fm_theta_mean_full_change_precond;hrv_rmssd_full_change_precond;eeg_fm_sampent_full_change_precond;eeg_c_sampent_full_change_precond;eeg_pleft_lbeta_mean_full_change_precond;eeg_pleft_halpha_mean_full_change_precond;hr_heartrate_bpm_med_abs_full_change_precond;eeg_ab_ratio_full_change_precond;eeg_c_specent_full_change_precond"
2025-11-26 19:14:55.447004,36,"stress_label",20,128,0.06,0.57051282051282,0.576923076923077,NA,20,"top20","eeg_tleft_sampent_full_change_precond;eeg_tleft_halpha_mean_full_change_precond;eeg_pright_sampent_full_change_precond;pupil_dilation_sd_full_change_precond;eeg_tleft_lalpha_mean_full_change_precond;eeg_t_sampent_full_change_precond;eeg_fl_hbeta_mean_full_change_precond;eeg_c_theta_mean_full_change_precond;eeg_fr_sampent_full_change_precond;gsr_skin_conductance_eda_tonic_mean_nk_full_change_precond;eeg_tright_halpha_mean_full_change_precond;eeg_fm_theta_mean_full_change_precond;hrv_rmssd_full_change_precond;eeg_fm_sampent_full_change_precond;eeg_c_sampent_full_change_precond;eeg_pleft_lbeta_mean_full_change_precond;eeg_pleft_halpha_mean_full_change_precond;hr_heartrate_bpm_med_abs_full_change_precond;eeg_ab_ratio_full_change_precond;eeg_c_specent_full_change_precond"
2025-11-26 19:14:56.430133,36,"stress_label",20,256,0.06,0.57051282051282,0.58974358974359,NA,20,"top20","eeg_tleft_sampent_full_change_precond;eeg_tleft_halpha_mean_full_change_precond;eeg_pright_sampent_full_change_precond;pupil_dilation_sd_full_change_precond;eeg_tleft_lalpha_mean_full_change_precond;eeg_t_sampent_full_change_precond;eeg_fl_hbeta_mean_full_change_precond;eeg_c_theta_mean_full_change_precond;eeg_fr_sampent_full_change_precond;gsr_skin_conductance_eda_tonic_mean_nk_full_change_precond;eeg_tright_halpha_mean_full_change_precond;eeg_fm_theta_mean_full_change_precond;hrv_rmssd_full_change_precond;eeg_fm_sampent_full_change_precond;eeg_c_sampent_full_change_precond;eeg_pleft_lbeta_mean_full_change_precond;eeg_pleft_halpha_mean_full_change_precond;hr_heartrate_bpm_med_abs_full_change_precond;eeg_ab_ratio_full_change_precond;eeg_c_specent_full_change_precond"
2025-11-26 19:14:57.443037,36,"stress_label",20,2,0.1,0.583333333333333,0.602564102564103,NA,20,"top20","eeg_tleft_sampent_full_change_precond;eeg_tleft_halpha_mean_full_change_precond;eeg_pright_sampent_full_change_precond;pupil_dilation_sd_full_change_precond;eeg_tleft_lalpha_mean_full_change_precond;eeg_t_sampent_full_change_precond;eeg_fl_hbeta_mean_full_change_precond;eeg_c_theta_mean_full_change_precond;eeg_fr_sampent_full_change_precond;gsr_skin_conductance_eda_tonic_mean_nk_full_change_precond;eeg_tright_halpha_mean_full_change_precond;eeg_fm_theta_mean_full_change_precond;hrv_rmssd_full_change_precond;eeg_fm_sampent_full_change_precond;eeg_c_sampent_full_change_precond;eeg_pleft_lbeta_mean_full_change_precond;eeg_pleft_halpha_mean_full_change_precond;hr_heartrate_bpm_med_abs_full_change_precond;eeg_ab_ratio_full_change_precond;eeg_c_specent_full_change_precond"
2025-11-26 19:14:58.54456,36,"stress_label",20,4,0.1,0.583333333333333,0.641025641025641,NA,20,"top20","eeg_tleft_sampent_full_change_precond;eeg_tleft_halpha_mean_full_change_precond;eeg_pright_sampent_full_change_precond;pupil_dilation_sd_full_change_precond;eeg_tleft_lalpha_mean_full_change_precond;eeg_t_sampent_full_change_precond;eeg_fl_hbeta_mean_full_change_precond;eeg_c_theta_mean_full_change_precond;eeg_fr_sampent_full_change_precond;gsr_skin_conductance_eda_tonic_mean_nk_full_change_precond;eeg_tright_halpha_mean_full_change_precond;eeg_fm_theta_mean_full_change_precond;hrv_rmssd_full_change_precond;eeg_fm_sampent_full_change_precond;eeg_c_sampent_full_change_precond;eeg_pleft_lbeta_mean_full_change_precond;eeg_pleft_halpha_mean_full_change_precond;hr_heartrate_bpm_med_abs_full_change_precond;eeg_ab_ratio_full_change_precond;eeg_c_specent_full_change_precond"
2025-11-26 19:14:59.66903,36,"stress_label",20,8,0.1,0.58974358974359,0.615384615384615,NA,20,"top20","eeg_tleft_sampent_full_change_precond;eeg_tleft_halpha_mean_full_change_precond;eeg_pright_sampent_full_change_precond;pupil_dilation_sd_full_change_precond;eeg_tleft_lalpha_mean_full_change_precond;eeg_t_sampent_full_change_precond;eeg_fl_hbeta_mean_full_change_precond;eeg_c_theta_mean_full_change_precond;eeg_fr_sampent_full_change_precond;gsr_skin_conductance_eda_tonic_mean_nk_full_change_precond;eeg_tright_halpha_mean_full_change_precond;eeg_fm_theta_mean_full_change_precond;hrv_rmssd_full_change_precond;eeg_fm_sampent_full_change_precond;eeg_c_sampent_full_change_precond;eeg_pleft_lbeta_mean_full_change_precond;eeg_pleft_halpha_mean_full_change_precond;hr_heartrate_bpm_med_abs_full_change_precond;eeg_ab_ratio_full_change_precond;eeg_c_specent_full_change_precond"
2025-11-26 19:15:00.739733,36,"stress_label",20,16,0.1,0.58974358974359,0.615384615384615,NA,20,"top20","eeg_tleft_sampent_full_change_precond;eeg_tleft_halpha_mean_full_change_precond;eeg_pright_sampent_full_change_precond;pupil_dilation_sd_full_change_precond;eeg_tleft_lalpha_mean_full_change_precond;eeg_t_sampent_full_change_precond;eeg_fl_hbeta_mean_full_change_precond;eeg_c_theta_mean_full_change_precond;eeg_fr_sampent_full_change_precond;gsr_skin_conductance_eda_tonic_mean_nk_full_change_precond;eeg_tright_halpha_mean_full_change_precond;eeg_fm_theta_mean_full_change_precond;hrv_rmssd_full_change_precond;eeg_fm_sampent_full_change_precond;eeg_c_sampent_full_change_precond;eeg_pleft_lbeta_mean_full_change_precond;eeg_pleft_halpha_mean_full_change_precond;hr_heartrate_bpm_med_abs_full_change_precond;eeg_ab_ratio_full_change_precond;eeg_c_specent_full_change_precond"
2025-11-26 19:15:01.873239,36,"stress_label",20,32,0.1,0.58974358974359,0.615384615384615,NA,20,"top20","eeg_tleft_sampent_full_change_precond;eeg_tleft_halpha_mean_full_change_precond;eeg_pright_sampent_full_change_precond;pupil_dilation_sd_full_change_precond;eeg_tleft_lalpha_mean_full_change_precond;eeg_t_sampent_full_change_precond;eeg_fl_hbeta_mean_full_change_precond;eeg_c_theta_mean_full_change_precond;eeg_fr_sampent_full_change_precond;gsr_skin_conductance_eda_tonic_mean_nk_full_change_precond;eeg_tright_halpha_mean_full_change_precond;eeg_fm_theta_mean_full_change_precond;hrv_rmssd_full_change_precond;eeg_fm_sampent_full_change_precond;eeg_c_sampent_full_change_precond;eeg_pleft_lbeta_mean_full_change_precond;eeg_pleft_halpha_mean_full_change_precond;hr_heartrate_bpm_med_abs_full_change_precond;eeg_ab_ratio_full_change_precond;eeg_c_specent_full_change_precond"
2025-11-26 19:15:02.787426,36,"stress_label",20,64,0.1,0.58974358974359,0.615384615384615,NA,20,"top20","eeg_tleft_sampent_full_change_precond;eeg_tleft_halpha_mean_full_change_precond;eeg_pright_sampent_full_change_precond;pupil_dilation_sd_full_change_precond;eeg_tleft_lalpha_mean_full_change_precond;eeg_t_sampent_full_change_precond;eeg_fl_hbeta_mean_full_change_precond;eeg_c_theta_mean_full_change_precond;eeg_fr_sampent_full_change_precond;gsr_skin_conductance_eda_tonic_mean_nk_full_change_precond;eeg_tright_halpha_mean_full_change_precond;eeg_fm_theta_mean_full_change_precond;hrv_rmssd_full_change_precond;eeg_fm_sampent_full_change_precond;eeg_c_sampent_full_change_precond;eeg_pleft_lbeta_mean_full_change_precond;eeg_pleft_halpha_mean_full_change_precond;hr_heartrate_bpm_med_abs_full_change_precond;eeg_ab_ratio_full_change_precond;eeg_c_specent_full_change_precond"
2025-11-26 19:15:03.684148,36,"stress_label",20,128,0.1,0.58974358974359,0.615384615384615,NA,20,"top20","eeg_tleft_sampent_full_change_precond;eeg_tleft_halpha_mean_full_change_precond;eeg_pright_sampent_full_change_precond;pupil_dilation_sd_full_change_precond;eeg_tleft_lalpha_mean_full_change_precond;eeg_t_sampent_full_change_precond;eeg_fl_hbeta_mean_full_change_precond;eeg_c_theta_mean_full_change_precond;eeg_fr_sampent_full_change_precond;gsr_skin_conductance_eda_tonic_mean_nk_full_change_precond;eeg_tright_halpha_mean_full_change_precond;eeg_fm_theta_mean_full_change_precond;hrv_rmssd_full_change_precond;eeg_fm_sampent_full_change_precond;eeg_c_sampent_full_change_precond;eeg_pleft_lbeta_mean_full_change_precond;eeg_pleft_halpha_mean_full_change_precond;hr_heartrate_bpm_med_abs_full_change_precond;eeg_ab_ratio_full_change_precond;eeg_c_specent_full_change_precond"
2025-11-26 19:15:04.730775,36,"stress_label",20,256,0.1,0.58974358974359,0.615384615384615,NA,20,"top20","eeg_tleft_sampent_full_change_precond;eeg_tleft_halpha_mean_full_change_precond;eeg_pright_sampent_full_change_precond;pupil_dilation_sd_full_change_precond;eeg_tleft_lalpha_mean_full_change_precond;eeg_t_sampent_full_change_precond;eeg_fl_hbeta_mean_full_change_precond;eeg_c_theta_mean_full_change_precond;eeg_fr_sampent_full_change_precond;gsr_skin_conductance_eda_tonic_mean_nk_full_change_precond;eeg_tright_halpha_mean_full_change_precond;eeg_fm_theta_mean_full_change_precond;hrv_rmssd_full_change_precond;eeg_fm_sampent_full_change_precond;eeg_c_sampent_full_change_precond;eeg_pleft_lbeta_mean_full_change_precond;eeg_pleft_halpha_mean_full_change_precond;hr_heartrate_bpm_med_abs_full_change_precond;eeg_ab_ratio_full_change_precond;eeg_c_specent_full_change_precond"
2025-11-26 19:15:05.456454,36,"stress_label",10,2,0.0078125,0.602564102564103,0.621794871794872,0.574358974358974,10,"top10","eeg_tleft_sampent_full_change_precond;eeg_tleft_halpha_mean_full_change_precond;eeg_pright_sampent_full_change_precond;pupil_dilation_sd_full_change_precond;eeg_tleft_lalpha_mean_full_change_precond;eeg_t_sampent_full_change_precond;eeg_fl_hbeta_mean_full_change_precond;eeg_c_theta_mean_full_change_precond;eeg_fr_sampent_full_change_precond;gsr_skin_conductance_eda_tonic_mean_nk_full_change_precond"
2025-11-26 19:15:06.278533,36,"stress_label",10,4,0.0078125,0.58974358974359,0.621794871794872,0.572649572649573,10,"top10","eeg_tleft_sampent_full_change_precond;eeg_tleft_halpha_mean_full_change_precond;eeg_pright_sampent_full_change_precond;pupil_dilation_sd_full_change_precond;eeg_tleft_lalpha_mean_full_change_precond;eeg_t_sampent_full_change_precond;eeg_fl_hbeta_mean_full_change_precond;eeg_c_theta_mean_full_change_precond;eeg_fr_sampent_full_change_precond;gsr_skin_conductance_eda_tonic_mean_nk_full_change_precond"
2025-11-26 19:15:07.132674,36,"stress_label",10,8,0.0078125,0.58974358974359,0.641025641025641,0.55982905982906,10,"top10","eeg_tleft_sampent_full_change_precond;eeg_tleft_halpha_mean_full_change_precond;eeg_pright_sampent_full_change_precond;pupil_dilation_sd_full_change_precond;eeg_tleft_lalpha_mean_full_change_precond;eeg_t_sampent_full_change_precond;eeg_fl_hbeta_mean_full_change_precond;eeg_c_theta_mean_full_change_precond;eeg_fr_sampent_full_change_precond;gsr_skin_conductance_eda_tonic_mean_nk_full_change_precond"
2025-11-26 19:15:08.015808,36,"stress_label",10,16,0.0078125,0.602564102564103,0.66025641025641,0.552991452991453,10,"top10","eeg_tleft_sampent_full_change_precond;eeg_tleft_halpha_mean_full_change_precond;eeg_pright_sampent_full_change_precond;pupil_dilation_sd_full_change_precond;eeg_tleft_lalpha_mean_full_change_precond;eeg_t_sampent_full_change_precond;eeg_fl_hbeta_mean_full_change_precond;eeg_c_theta_mean_full_change_precond;eeg_fr_sampent_full_change_precond;gsr_skin_conductance_eda_tonic_mean_nk_full_change_precond"
2025-11-26 19:15:08.70735,36,"stress_label",10,32,0.0078125,0.576923076923077,0.641025641025641,0.541025641025641,10,"top10","eeg_tleft_sampent_full_change_precond;eeg_tleft_halpha_mean_full_change_precond;eeg_pright_sampent_full_change_precond;pupil_dilation_sd_full_change_precond;eeg_tleft_lalpha_mean_full_change_precond;eeg_t_sampent_full_change_precond;eeg_fl_hbeta_mean_full_change_precond;eeg_c_theta_mean_full_change_precond;eeg_fr_sampent_full_change_precond;gsr_skin_conductance_eda_tonic_mean_nk_full_change_precond"
2025-11-26 19:15:09.418331,36,"stress_label",10,64,0.0078125,0.596153846153846,0.615384615384615,0.565811965811966,10,"top10","eeg_tleft_sampent_full_change_precond;eeg_tleft_halpha_mean_full_change_precond;eeg_pright_sampent_full_change_precond;pupil_dilation_sd_full_change_precond;eeg_tleft_lalpha_mean_full_change_precond;eeg_t_sampent_full_change_precond;eeg_fl_hbeta_mean_full_change_precond;eeg_c_theta_mean_full_change_precond;eeg_fr_sampent_full_change_precond;gsr_skin_conductance_eda_tonic_mean_nk_full_change_precond"
2025-11-26 19:15:10.285216,36,"stress_label",10,128,0.0078125,0.564102564102564,0.564102564102564,0.547008547008547,10,"top10","eeg_tleft_sampent_full_change_precond;eeg_tleft_halpha_mean_full_change_precond;eeg_pright_sampent_full_change_precond;pupil_dilation_sd_full_change_precond;eeg_tleft_lalpha_mean_full_change_precond;eeg_t_sampent_full_change_precond;eeg_fl_hbeta_mean_full_change_precond;eeg_c_theta_mean_full_change_precond;eeg_fr_sampent_full_change_precond;gsr_skin_conductance_eda_tonic_mean_nk_full_change_precond"
2025-11-26 19:15:11.078479,36,"stress_label",10,256,0.0078125,0.532051282051282,0.551282051282051,0.5,10,"top10","eeg_tleft_sampent_full_change_precond;eeg_tleft_halpha_mean_full_change_precond;eeg_pright_sampent_full_change_precond;pupil_dilation_sd_full_change_precond;eeg_tleft_lalpha_mean_full_change_precond;eeg_t_sampent_full_change_precond;eeg_fl_hbeta_mean_full_change_precond;eeg_c_theta_mean_full_change_precond;eeg_fr_sampent_full_change_precond;gsr_skin_conductance_eda_tonic_mean_nk_full_change_precond"
2025-11-26 19:15:11.947036,36,"stress_label",10,2,0.015625,0.58974358974359,0.608974358974359,0.572649572649573,10,"top10","eeg_tleft_sampent_full_change_precond;eeg_tleft_halpha_mean_full_change_precond;eeg_pright_sampent_full_change_precond;pupil_dilation_sd_full_change_precond;eeg_tleft_lalpha_mean_full_change_precond;eeg_t_sampent_full_change_precond;eeg_fl_hbeta_mean_full_change_precond;eeg_c_theta_mean_full_change_precond;eeg_fr_sampent_full_change_precond;gsr_skin_conductance_eda_tonic_mean_nk_full_change_precond"
2025-11-26 19:15:12.814264,36,"stress_label",10,4,0.015625,0.602564102564103,0.641025641025641,0.57008547008547,10,"top10","eeg_tleft_sampent_full_change_precond;eeg_tleft_halpha_mean_full_change_precond;eeg_pright_sampent_full_change_precond;pupil_dilation_sd_full_change_precond;eeg_tleft_lalpha_mean_full_change_precond;eeg_t_sampent_full_change_precond;eeg_fl_hbeta_mean_full_change_precond;eeg_c_theta_mean_full_change_precond;eeg_fr_sampent_full_change_precond;gsr_skin_conductance_eda_tonic_mean_nk_full_change_precond"
2025-11-26 19:15:13.541015,36,"stress_label",10,8,0.015625,0.583333333333333,0.621794871794872,0.539316239316239,10,"top10","eeg_tleft_sampent_full_change_precond;eeg_tleft_halpha_mean_full_change_precond;eeg_pright_sampent_full_change_precond;pupil_dilation_sd_full_change_precond;eeg_tleft_lalpha_mean_full_change_precond;eeg_t_sampent_full_change_precond;eeg_fl_hbeta_mean_full_change_precond;eeg_c_theta_mean_full_change_precond;eeg_fr_sampent_full_change_precond;gsr_skin_conductance_eda_tonic_mean_nk_full_change_precond"
2025-11-26 19:15:14.415039,36,"stress_label",10,16,0.015625,0.58974358974359,0.615384615384615,0.555555555555556,10,"top10","eeg_tleft_sampent_full_change_precond;eeg_tleft_halpha_mean_full_change_precond;eeg_pright_sampent_full_change_precond;pupil_dilation_sd_full_change_precond;eeg_tleft_lalpha_mean_full_change_precond;eeg_t_sampent_full_change_precond;eeg_fl_hbeta_mean_full_change_precond;eeg_c_theta_mean_full_change_precond;eeg_fr_sampent_full_change_precond;gsr_skin_conductance_eda_tonic_mean_nk_full_change_precond"
2025-11-26 19:15:15.339665,36,"stress_label",10,32,0.015625,0.544871794871795,0.576923076923077,0.520512820512821,10,"top10","eeg_tleft_sampent_full_change_precond;eeg_tleft_halpha_mean_full_change_precond;eeg_pright_sampent_full_change_precond;pupil_dilation_sd_full_change_precond;eeg_tleft_lalpha_mean_full_change_precond;eeg_t_sampent_full_change_precond;eeg_fl_hbeta_mean_full_change_precond;eeg_c_theta_mean_full_change_precond;eeg_fr_sampent_full_change_precond;gsr_skin_conductance_eda_tonic_mean_nk_full_change_precond"
2025-11-26 19:15:16.277946,36,"stress_label",10,64,0.015625,0.544871794871795,0.557692307692308,0.52991452991453,10,"top10","eeg_tleft_sampent_full_change_precond;eeg_tleft_halpha_mean_full_change_precond;eeg_pright_sampent_full_change_precond;pupil_dilation_sd_full_change_precond;eeg_tleft_lalpha_mean_full_change_precond;eeg_t_sampent_full_change_precond;eeg_fl_hbeta_mean_full_change_precond;eeg_c_theta_mean_full_change_precond;eeg_fr_sampent_full_change_precond;gsr_skin_conductance_eda_tonic_mean_nk_full_change_precond"
2025-11-26 19:15:17.293968,36,"stress_label",10,128,0.015625,0.474358974358974,0.493589743589744,0.457264957264957,10,"top10","eeg_tleft_sampent_full_change_precond;eeg_tleft_halpha_mean_full_change_precond;eeg_pright_sampent_full_change_precond;pupil_dilation_sd_full_change_precond;eeg_tleft_lalpha_mean_full_change_precond;eeg_t_sampent_full_change_precond;eeg_fl_hbeta_mean_full_change_precond;eeg_c_theta_mean_full_change_precond;eeg_fr_sampent_full_change_precond;gsr_skin_conductance_eda_tonic_mean_nk_full_change_precond"
2025-11-26 19:15:18.367671,36,"stress_label",10,256,0.015625,0.487179487179487,0.525641025641026,NA,10,"top10","eeg_tleft_sampent_full_change_precond;eeg_tleft_halpha_mean_full_change_precond;eeg_pright_sampent_full_change_precond;pupil_dilation_sd_full_change_precond;eeg_tleft_lalpha_mean_full_change_precond;eeg_t_sampent_full_change_precond;eeg_fl_hbeta_mean_full_change_precond;eeg_c_theta_mean_full_change_precond;eeg_fr_sampent_full_change_precond;gsr_skin_conductance_eda_tonic_mean_nk_full_change_precond"
2025-11-26 19:15:18.999419,36,"stress_label",10,2,0.03125,0.583333333333333,0.608974358974359,0.548717948717949,10,"top10","eeg_tleft_sampent_full_change_precond;eeg_tleft_halpha_mean_full_change_precond;eeg_pright_sampent_full_change_precond;pupil_dilation_sd_full_change_precond;eeg_tleft_lalpha_mean_full_change_precond;eeg_t_sampent_full_change_precond;eeg_fl_hbeta_mean_full_change_precond;eeg_c_theta_mean_full_change_precond;eeg_fr_sampent_full_change_precond;gsr_skin_conductance_eda_tonic_mean_nk_full_change_precond"
2025-11-26 19:15:19.650334,36,"stress_label",10,4,0.03125,0.58974358974359,0.621794871794872,0.547008547008547,10,"top10","eeg_tleft_sampent_full_change_precond;eeg_tleft_halpha_mean_full_change_precond;eeg_pright_sampent_full_change_precond;pupil_dilation_sd_full_change_precond;eeg_tleft_lalpha_mean_full_change_precond;eeg_t_sampent_full_change_precond;eeg_fl_hbeta_mean_full_change_precond;eeg_c_theta_mean_full_change_precond;eeg_fr_sampent_full_change_precond;gsr_skin_conductance_eda_tonic_mean_nk_full_change_precond"
2025-11-26 19:15:20.420099,36,"stress_label",10,8,0.03125,0.576923076923077,0.596153846153846,0.544444444444444,10,"top10","eeg_tleft_sampent_full_change_precond;eeg_tleft_halpha_mean_full_change_precond;eeg_pright_sampent_full_change_precond;pupil_dilation_sd_full_change_precond;eeg_tleft_lalpha_mean_full_change_precond;eeg_t_sampent_full_change_precond;eeg_fl_hbeta_mean_full_change_precond;eeg_c_theta_mean_full_change_precond;eeg_fr_sampent_full_change_precond;gsr_skin_conductance_eda_tonic_mean_nk_full_change_precond"
2025-11-26 19:15:21.305884,36,"stress_label",10,16,0.03125,0.538461538461538,0.525641025641026,0.520512820512821,10,"top10","eeg_tleft_sampent_full_change_precond;eeg_tleft_halpha_mean_full_change_precond;eeg_pright_sampent_full_change_precond;pupil_dilation_sd_full_change_precond;eeg_tleft_lalpha_mean_full_change_precond;eeg_t_sampent_full_change_precond;eeg_fl_hbeta_mean_full_change_precond;eeg_c_theta_mean_full_change_precond;eeg_fr_sampent_full_change_precond;gsr_skin_conductance_eda_tonic_mean_nk_full_change_precond"
2025-11-26 19:15:22.262867,36,"stress_label",10,32,0.03125,0.474358974358974,0.519230769230769,NA,10,"top10","eeg_tleft_sampent_full_change_precond;eeg_tleft_halpha_mean_full_change_precond;eeg_pright_sampent_full_change_precond;pupil_dilation_sd_full_change_precond;eeg_tleft_lalpha_mean_full_change_precond;eeg_t_sampent_full_change_precond;eeg_fl_hbeta_mean_full_change_precond;eeg_c_theta_mean_full_change_precond;eeg_fr_sampent_full_change_precond;gsr_skin_conductance_eda_tonic_mean_nk_full_change_precond"
2025-11-26 19:15:23.320991,36,"stress_label",10,64,0.03125,0.467948717948718,0.506410256410256,NA,10,"top10","eeg_tleft_sampent_full_change_precond;eeg_tleft_halpha_mean_full_change_precond;eeg_pright_sampent_full_change_precond;pupil_dilation_sd_full_change_precond;eeg_tleft_lalpha_mean_full_change_precond;eeg_t_sampent_full_change_precond;eeg_fl_hbeta_mean_full_change_precond;eeg_c_theta_mean_full_change_precond;eeg_fr_sampent_full_change_precond;gsr_skin_conductance_eda_tonic_mean_nk_full_change_precond"
2025-11-26 19:15:24.489667,36,"stress_label",10,128,0.03125,0.519230769230769,0.557692307692308,NA,10,"top10","eeg_tleft_sampent_full_change_precond;eeg_tleft_halpha_mean_full_change_precond;eeg_pright_sampent_full_change_precond;pupil_dilation_sd_full_change_precond;eeg_tleft_lalpha_mean_full_change_precond;eeg_t_sampent_full_change_precond;eeg_fl_hbeta_mean_full_change_precond;eeg_c_theta_mean_full_change_precond;eeg_fr_sampent_full_change_precond;gsr_skin_conductance_eda_tonic_mean_nk_full_change_precond"
2025-11-26 19:15:25.934529,36,"stress_label",10,256,0.03125,0.525641025641026,0.57051282051282,NA,10,"top10","eeg_tleft_sampent_full_change_precond;eeg_tleft_halpha_mean_full_change_precond;eeg_pright_sampent_full_change_precond;pupil_dilation_sd_full_change_precond;eeg_tleft_lalpha_mean_full_change_precond;eeg_t_sampent_full_change_precond;eeg_fl_hbeta_mean_full_change_precond;eeg_c_theta_mean_full_change_precond;eeg_fr_sampent_full_change_precond;gsr_skin_conductance_eda_tonic_mean_nk_full_change_precond"
2025-11-26 19:15:26.777022,36,"stress_label",10,2,0.0625,0.58974358974359,0.608974358974359,NA,10,"top10","eeg_tleft_sampent_full_change_precond;eeg_tleft_halpha_mean_full_change_precond;eeg_pright_sampent_full_change_precond;pupil_dilation_sd_full_change_precond;eeg_tleft_lalpha_mean_full_change_precond;eeg_t_sampent_full_change_precond;eeg_fl_hbeta_mean_full_change_precond;eeg_c_theta_mean_full_change_precond;eeg_fr_sampent_full_change_precond;gsr_skin_conductance_eda_tonic_mean_nk_full_change_precond"
2025-11-26 19:15:27.647006,36,"stress_label",10,4,0.0625,0.551282051282051,0.564102564102564,0.514529914529914,10,"top10","eeg_tleft_sampent_full_change_precond;eeg_tleft_halpha_mean_full_change_precond;eeg_pright_sampent_full_change_precond;pupil_dilation_sd_full_change_precond;eeg_tleft_lalpha_mean_full_change_precond;eeg_t_sampent_full_change_precond;eeg_fl_hbeta_mean_full_change_precond;eeg_c_theta_mean_full_change_precond;eeg_fr_sampent_full_change_precond;gsr_skin_conductance_eda_tonic_mean_nk_full_change_precond"
2025-11-26 19:15:28.511696,36,"stress_label",10,8,0.0625,0.493589743589744,0.525641025641026,NA,10,"top10","eeg_tleft_sampent_full_change_precond;eeg_tleft_halpha_mean_full_change_precond;eeg_pright_sampent_full_change_precond;pupil_dilation_sd_full_change_precond;eeg_tleft_lalpha_mean_full_change_precond;eeg_t_sampent_full_change_precond;eeg_fl_hbeta_mean_full_change_precond;eeg_c_theta_mean_full_change_precond;eeg_fr_sampent_full_change_precond;gsr_skin_conductance_eda_tonic_mean_nk_full_change_precond"
2025-11-26 19:15:29.316451,36,"stress_label",10,16,0.0625,0.480769230769231,0.532051282051282,0.470940170940171,10,"top10","eeg_tleft_sampent_full_change_precond;eeg_tleft_halpha_mean_full_change_precond;eeg_pright_sampent_full_change_precond;pupil_dilation_sd_full_change_precond;eeg_tleft_lalpha_mean_full_change_precond;eeg_t_sampent_full_change_precond;eeg_fl_hbeta_mean_full_change_precond;eeg_c_theta_mean_full_change_precond;eeg_fr_sampent_full_change_precond;gsr_skin_conductance_eda_tonic_mean_nk_full_change_precond"
2025-11-26 19:15:30.373598,36,"stress_label",10,32,0.0625,0.551282051282051,0.551282051282051,NA,10,"top10","eeg_tleft_sampent_full_change_precond;eeg_tleft_halpha_mean_full_change_precond;eeg_pright_sampent_full_change_precond;pupil_dilation_sd_full_change_precond;eeg_tleft_lalpha_mean_full_change_precond;eeg_t_sampent_full_change_precond;eeg_fl_hbeta_mean_full_change_precond;eeg_c_theta_mean_full_change_precond;eeg_fr_sampent_full_change_precond;gsr_skin_conductance_eda_tonic_mean_nk_full_change_precond"
2025-11-26 19:15:31.548781,36,"stress_label",10,64,0.0625,0.544871794871795,0.538461538461538,NA,10,"top10","eeg_tleft_sampent_full_change_precond;eeg_tleft_halpha_mean_full_change_precond;eeg_pright_sampent_full_change_precond;pupil_dilation_sd_full_change_precond;eeg_tleft_lalpha_mean_full_change_precond;eeg_t_sampent_full_change_precond;eeg_fl_hbeta_mean_full_change_precond;eeg_c_theta_mean_full_change_precond;eeg_fr_sampent_full_change_precond;gsr_skin_conductance_eda_tonic_mean_nk_full_change_precond"
2025-11-26 19:15:32.747288,36,"stress_label",10,128,0.0625,0.525641025641026,0.551282051282051,NA,10,"top10","eeg_tleft_sampent_full_change_precond;eeg_tleft_halpha_mean_full_change_precond;eeg_pright_sampent_full_change_precond;pupil_dilation_sd_full_change_precond;eeg_tleft_lalpha_mean_full_change_precond;eeg_t_sampent_full_change_precond;eeg_fl_hbeta_mean_full_change_precond;eeg_c_theta_mean_full_change_precond;eeg_fr_sampent_full_change_precond;gsr_skin_conductance_eda_tonic_mean_nk_full_change_precond"
2025-11-26 19:15:34.035955,36,"stress_label",10,256,0.0625,0.506410256410256,0.474358974358974,NA,10,"top10","eeg_tleft_sampent_full_change_precond;eeg_tleft_halpha_mean_full_change_precond;eeg_pright_sampent_full_change_precond;pupil_dilation_sd_full_change_precond;eeg_tleft_lalpha_mean_full_change_precond;eeg_t_sampent_full_change_precond;eeg_fl_hbeta_mean_full_change_precond;eeg_c_theta_mean_full_change_precond;eeg_fr_sampent_full_change_precond;gsr_skin_conductance_eda_tonic_mean_nk_full_change_precond"
2025-11-26 19:15:34.940079,36,"stress_label",10,2,0.125,0.576923076923077,0.602564102564103,NA,10,"top10","eeg_tleft_sampent_full_change_precond;eeg_tleft_halpha_mean_full_change_precond;eeg_pright_sampent_full_change_precond;pupil_dilation_sd_full_change_precond;eeg_tleft_lalpha_mean_full_change_precond;eeg_t_sampent_full_change_precond;eeg_fl_hbeta_mean_full_change_precond;eeg_c_theta_mean_full_change_precond;eeg_fr_sampent_full_change_precond;gsr_skin_conductance_eda_tonic_mean_nk_full_change_precond"
2025-11-26 19:15:35.828714,36,"stress_label",10,4,0.125,0.493589743589744,0.576923076923077,0.473504273504273,10,"top10","eeg_tleft_sampent_full_change_precond;eeg_tleft_halpha_mean_full_change_precond;eeg_pright_sampent_full_change_precond;pupil_dilation_sd_full_change_precond;eeg_tleft_lalpha_mean_full_change_precond;eeg_t_sampent_full_change_precond;eeg_fl_hbeta_mean_full_change_precond;eeg_c_theta_mean_full_change_precond;eeg_fr_sampent_full_change_precond;gsr_skin_conductance_eda_tonic_mean_nk_full_change_precond"
2025-11-26 19:15:36.701826,36,"stress_label",10,8,0.125,0.564102564102564,0.538461538461538,0.565811965811966,10,"top10","eeg_tleft_sampent_full_change_precond;eeg_tleft_halpha_mean_full_change_precond;eeg_pright_sampent_full_change_precond;pupil_dilation_sd_full_change_precond;eeg_tleft_lalpha_mean_full_change_precond;eeg_t_sampent_full_change_precond;eeg_fl_hbeta_mean_full_change_precond;eeg_c_theta_mean_full_change_precond;eeg_fr_sampent_full_change_precond;gsr_skin_conductance_eda_tonic_mean_nk_full_change_precond"
2025-11-26 19:15:37.451843,36,"stress_label",10,16,0.125,0.557692307692308,0.596153846153846,0.547863247863248,10,"top10","eeg_tleft_sampent_full_change_precond;eeg_tleft_halpha_mean_full_change_precond;eeg_pright_sampent_full_change_precond;pupil_dilation_sd_full_change_precond;eeg_tleft_lalpha_mean_full_change_precond;eeg_t_sampent_full_change_precond;eeg_fl_hbeta_mean_full_change_precond;eeg_c_theta_mean_full_change_precond;eeg_fr_sampent_full_change_precond;gsr_skin_conductance_eda_tonic_mean_nk_full_change_precond"
2025-11-26 19:15:38.369629,36,"stress_label",10,32,0.125,0.544871794871795,0.564102564102564,NA,10,"top10","eeg_tleft_sampent_full_change_precond;eeg_tleft_halpha_mean_full_change_precond;eeg_pright_sampent_full_change_precond;pupil_dilation_sd_full_change_precond;eeg_tleft_lalpha_mean_full_change_precond;eeg_t_sampent_full_change_precond;eeg_fl_hbeta_mean_full_change_precond;eeg_c_theta_mean_full_change_precond;eeg_fr_sampent_full_change_precond;gsr_skin_conductance_eda_tonic_mean_nk_full_change_precond"
2025-11-26 19:15:39.412035,36,"stress_label",10,64,0.125,0.557692307692308,0.506410256410256,NA,10,"top10","eeg_tleft_sampent_full_change_precond;eeg_tleft_halpha_mean_full_change_precond;eeg_pright_sampent_full_change_precond;pupil_dilation_sd_full_change_precond;eeg_tleft_lalpha_mean_full_change_precond;eeg_t_sampent_full_change_precond;eeg_fl_hbeta_mean_full_change_precond;eeg_c_theta_mean_full_change_precond;eeg_fr_sampent_full_change_precond;gsr_skin_conductance_eda_tonic_mean_nk_full_change_precond"
2025-11-26 19:15:40.444031,36,"stress_label",10,128,0.125,0.564102564102564,0.538461538461538,NA,10,"top10","eeg_tleft_sampent_full_change_precond;eeg_tleft_halpha_mean_full_change_precond;eeg_pright_sampent_full_change_precond;pupil_dilation_sd_full_change_precond;eeg_tleft_lalpha_mean_full_change_precond;eeg_t_sampent_full_change_precond;eeg_fl_hbeta_mean_full_change_precond;eeg_c_theta_mean_full_change_precond;eeg_fr_sampent_full_change_precond;gsr_skin_conductance_eda_tonic_mean_nk_full_change_precond"
2025-11-26 19:15:41.499259,36,"stress_label",10,256,0.125,0.564102564102564,0.551282051282051,NA,10,"top10","eeg_tleft_sampent_full_change_precond;eeg_tleft_halpha_mean_full_change_precond;eeg_pright_sampent_full_change_precond;pupil_dilation_sd_full_change_precond;eeg_tleft_lalpha_mean_full_change_precond;eeg_t_sampent_full_change_precond;eeg_fl_hbeta_mean_full_change_precond;eeg_c_theta_mean_full_change_precond;eeg_fr_sampent_full_change_precond;gsr_skin_conductance_eda_tonic_mean_nk_full_change_precond"
2025-11-26 19:15:42.381783,36,"stress_label",10,2,0.03,0.583333333333333,0.608974358974359,0.548717948717949,10,"top10","eeg_tleft_sampent_full_change_precond;eeg_tleft_halpha_mean_full_change_precond;eeg_pright_sampent_full_change_precond;pupil_dilation_sd_full_change_precond;eeg_tleft_lalpha_mean_full_change_precond;eeg_t_sampent_full_change_precond;eeg_fl_hbeta_mean_full_change_precond;eeg_c_theta_mean_full_change_precond;eeg_fr_sampent_full_change_precond;gsr_skin_conductance_eda_tonic_mean_nk_full_change_precond"
2025-11-26 19:15:43.24196,36,"stress_label",10,4,0.03,0.58974358974359,0.628205128205128,0.547008547008547,10,"top10","eeg_tleft_sampent_full_change_precond;eeg_tleft_halpha_mean_full_change_precond;eeg_pright_sampent_full_change_precond;pupil_dilation_sd_full_change_precond;eeg_tleft_lalpha_mean_full_change_precond;eeg_t_sampent_full_change_precond;eeg_fl_hbeta_mean_full_change_precond;eeg_c_theta_mean_full_change_precond;eeg_fr_sampent_full_change_precond;gsr_skin_conductance_eda_tonic_mean_nk_full_change_precond"
2025-11-26 19:15:44.126475,36,"stress_label",10,8,0.03,0.576923076923077,0.596153846153846,0.544444444444444,10,"top10","eeg_tleft_sampent_full_change_precond;eeg_tleft_halpha_mean_full_change_precond;eeg_pright_sampent_full_change_precond;pupil_dilation_sd_full_change_precond;eeg_tleft_lalpha_mean_full_change_precond;eeg_t_sampent_full_change_precond;eeg_fl_hbeta_mean_full_change_precond;eeg_c_theta_mean_full_change_precond;eeg_fr_sampent_full_change_precond;gsr_skin_conductance_eda_tonic_mean_nk_full_change_precond"
2025-11-26 19:15:45.024015,36,"stress_label",10,16,0.03,0.551282051282051,0.557692307692308,0.527350427350427,10,"top10","eeg_tleft_sampent_full_change_precond;eeg_tleft_halpha_mean_full_change_precond;eeg_pright_sampent_full_change_precond;pupil_dilation_sd_full_change_precond;eeg_tleft_lalpha_mean_full_change_precond;eeg_t_sampent_full_change_precond;eeg_fl_hbeta_mean_full_change_precond;eeg_c_theta_mean_full_change_precond;eeg_fr_sampent_full_change_precond;gsr_skin_conductance_eda_tonic_mean_nk_full_change_precond"
2025-11-26 19:15:45.84293,36,"stress_label",10,32,0.03,0.474358974358974,0.480769230769231,NA,10,"top10","eeg_tleft_sampent_full_change_precond;eeg_tleft_halpha_mean_full_change_precond;eeg_pright_sampent_full_change_precond;pupil_dilation_sd_full_change_precond;eeg_tleft_lalpha_mean_full_change_precond;eeg_t_sampent_full_change_precond;eeg_fl_hbeta_mean_full_change_precond;eeg_c_theta_mean_full_change_precond;eeg_fr_sampent_full_change_precond;gsr_skin_conductance_eda_tonic_mean_nk_full_change_precond"
2025-11-26 19:15:46.729434,36,"stress_label",10,64,0.03,0.474358974358974,0.493589743589744,NA,10,"top10","eeg_tleft_sampent_full_change_precond;eeg_tleft_halpha_mean_full_change_precond;eeg_pright_sampent_full_change_precond;pupil_dilation_sd_full_change_precond;eeg_tleft_lalpha_mean_full_change_precond;eeg_t_sampent_full_change_precond;eeg_fl_hbeta_mean_full_change_precond;eeg_c_theta_mean_full_change_precond;eeg_fr_sampent_full_change_precond;gsr_skin_conductance_eda_tonic_mean_nk_full_change_precond"
2025-11-26 19:15:47.644665,36,"stress_label",10,128,0.03,0.519230769230769,0.557692307692308,0.490598290598291,10,"top10","eeg_tleft_sampent_full_change_precond;eeg_tleft_halpha_mean_full_change_precond;eeg_pright_sampent_full_change_precond;pupil_dilation_sd_full_change_precond;eeg_tleft_lalpha_mean_full_change_precond;eeg_t_sampent_full_change_precond;eeg_fl_hbeta_mean_full_change_precond;eeg_c_theta_mean_full_change_precond;eeg_fr_sampent_full_change_precond;gsr_skin_conductance_eda_tonic_mean_nk_full_change_precond"
2025-11-26 19:15:48.897369,36,"stress_label",10,256,0.03,0.525641025641026,0.57051282051282,NA,10,"top10","eeg_tleft_sampent_full_change_precond;eeg_tleft_halpha_mean_full_change_precond;eeg_pright_sampent_full_change_precond;pupil_dilation_sd_full_change_precond;eeg_tleft_lalpha_mean_full_change_precond;eeg_t_sampent_full_change_precond;eeg_fl_hbeta_mean_full_change_precond;eeg_c_theta_mean_full_change_precond;eeg_fr_sampent_full_change_precond;gsr_skin_conductance_eda_tonic_mean_nk_full_change_precond"
2025-11-26 19:15:49.638832,36,"stress_label",10,2,0.06,0.58974358974359,0.596153846153846,NA,10,"top10","eeg_tleft_sampent_full_change_precond;eeg_tleft_halpha_mean_full_change_precond;eeg_pright_sampent_full_change_precond;pupil_dilation_sd_full_change_precond;eeg_tleft_lalpha_mean_full_change_precond;eeg_t_sampent_full_change_precond;eeg_fl_hbeta_mean_full_change_precond;eeg_c_theta_mean_full_change_precond;eeg_fr_sampent_full_change_precond;gsr_skin_conductance_eda_tonic_mean_nk_full_change_precond"
2025-11-26 19:15:50.478354,36,"stress_label",10,4,0.06,0.57051282051282,0.58974358974359,0.531623931623932,10,"top10","eeg_tleft_sampent_full_change_precond;eeg_tleft_halpha_mean_full_change_precond;eeg_pright_sampent_full_change_precond;pupil_dilation_sd_full_change_precond;eeg_tleft_lalpha_mean_full_change_precond;eeg_t_sampent_full_change_precond;eeg_fl_hbeta_mean_full_change_precond;eeg_c_theta_mean_full_change_precond;eeg_fr_sampent_full_change_precond;gsr_skin_conductance_eda_tonic_mean_nk_full_change_precond"
2025-11-26 19:15:51.355887,36,"stress_label",10,8,0.06,0.493589743589744,0.538461538461538,NA,10,"top10","eeg_tleft_sampent_full_change_precond;eeg_tleft_halpha_mean_full_change_precond;eeg_pright_sampent_full_change_precond;pupil_dilation_sd_full_change_precond;eeg_tleft_lalpha_mean_full_change_precond;eeg_t_sampent_full_change_precond;eeg_fl_hbeta_mean_full_change_precond;eeg_c_theta_mean_full_change_precond;eeg_fr_sampent_full_change_precond;gsr_skin_conductance_eda_tonic_mean_nk_full_change_precond"
2025-11-26 19:15:52.119198,36,"stress_label",10,16,0.06,0.487179487179487,0.519230769230769,0.470940170940171,10,"top10","eeg_tleft_sampent_full_change_precond;eeg_tleft_halpha_mean_full_change_precond;eeg_pright_sampent_full_change_precond;pupil_dilation_sd_full_change_precond;eeg_tleft_lalpha_mean_full_change_precond;eeg_t_sampent_full_change_precond;eeg_fl_hbeta_mean_full_change_precond;eeg_c_theta_mean_full_change_precond;eeg_fr_sampent_full_change_precond;gsr_skin_conductance_eda_tonic_mean_nk_full_change_precond"
2025-11-26 19:15:53.117011,36,"stress_label",10,32,0.06,0.557692307692308,0.557692307692308,0.560683760683761,10,"top10","eeg_tleft_sampent_full_change_precond;eeg_tleft_halpha_mean_full_change_precond;eeg_pright_sampent_full_change_precond;pupil_dilation_sd_full_change_precond;eeg_tleft_lalpha_mean_full_change_precond;eeg_t_sampent_full_change_precond;eeg_fl_hbeta_mean_full_change_precond;eeg_c_theta_mean_full_change_precond;eeg_fr_sampent_full_change_precond;gsr_skin_conductance_eda_tonic_mean_nk_full_change_precond"
2025-11-26 19:15:54.106637,36,"stress_label",10,64,0.06,0.544871794871795,0.58974358974359,NA,10,"top10","eeg_tleft_sampent_full_change_precond;eeg_tleft_halpha_mean_full_change_precond;eeg_pright_sampent_full_change_precond;pupil_dilation_sd_full_change_precond;eeg_tleft_lalpha_mean_full_change_precond;eeg_t_sampent_full_change_precond;eeg_fl_hbeta_mean_full_change_precond;eeg_c_theta_mean_full_change_precond;eeg_fr_sampent_full_change_precond;gsr_skin_conductance_eda_tonic_mean_nk_full_change_precond"
2025-11-26 19:15:55.455912,36,"stress_label",10,128,0.06,0.525641025641026,0.544871794871795,NA,10,"top10","eeg_tleft_sampent_full_change_precond;eeg_tleft_halpha_mean_full_change_precond;eeg_pright_sampent_full_change_precond;pupil_dilation_sd_full_change_precond;eeg_tleft_lalpha_mean_full_change_precond;eeg_t_sampent_full_change_precond;eeg_fl_hbeta_mean_full_change_precond;eeg_c_theta_mean_full_change_precond;eeg_fr_sampent_full_change_precond;gsr_skin_conductance_eda_tonic_mean_nk_full_change_precond"
2025-11-26 19:15:56.724171,36,"stress_label",10,256,0.06,0.512820512820513,0.493589743589744,NA,10,"top10","eeg_tleft_sampent_full_change_precond;eeg_tleft_halpha_mean_full_change_precond;eeg_pright_sampent_full_change_precond;pupil_dilation_sd_full_change_precond;eeg_tleft_lalpha_mean_full_change_precond;eeg_t_sampent_full_change_precond;eeg_fl_hbeta_mean_full_change_precond;eeg_c_theta_mean_full_change_precond;eeg_fr_sampent_full_change_precond;gsr_skin_conductance_eda_tonic_mean_nk_full_change_precond"
2025-11-26 19:15:57.585951,36,"stress_label",10,2,0.1,0.583333333333333,0.615384615384615,NA,10,"top10","eeg_tleft_sampent_full_change_precond;eeg_tleft_halpha_mean_full_change_precond;eeg_pright_sampent_full_change_precond;pupil_dilation_sd_full_change_precond;eeg_tleft_lalpha_mean_full_change_precond;eeg_t_sampent_full_change_precond;eeg_fl_hbeta_mean_full_change_precond;eeg_c_theta_mean_full_change_precond;eeg_fr_sampent_full_change_precond;gsr_skin_conductance_eda_tonic_mean_nk_full_change_precond"
2025-11-26 19:15:58.289926,36,"stress_label",10,4,0.1,0.519230769230769,0.551282051282051,NA,10,"top10","eeg_tleft_sampent_full_change_precond;eeg_tleft_halpha_mean_full_change_precond;eeg_pright_sampent_full_change_precond;pupil_dilation_sd_full_change_precond;eeg_tleft_lalpha_mean_full_change_precond;eeg_t_sampent_full_change_precond;eeg_fl_hbeta_mean_full_change_precond;eeg_c_theta_mean_full_change_precond;eeg_fr_sampent_full_change_precond;gsr_skin_conductance_eda_tonic_mean_nk_full_change_precond"
2025-11-26 19:15:58.99221,36,"stress_label",10,8,0.1,0.519230769230769,0.557692307692308,0.522222222222222,10,"top10","eeg_tleft_sampent_full_change_precond;eeg_tleft_halpha_mean_full_change_precond;eeg_pright_sampent_full_change_precond;pupil_dilation_sd_full_change_precond;eeg_tleft_lalpha_mean_full_change_precond;eeg_t_sampent_full_change_precond;eeg_fl_hbeta_mean_full_change_precond;eeg_c_theta_mean_full_change_precond;eeg_fr_sampent_full_change_precond;gsr_skin_conductance_eda_tonic_mean_nk_full_change_precond"
2025-11-26 19:15:59.828351,36,"stress_label",10,16,0.1,0.557692307692308,0.596153846153846,NA,10,"top10","eeg_tleft_sampent_full_change_precond;eeg_tleft_halpha_mean_full_change_precond;eeg_pright_sampent_full_change_precond;pupil_dilation_sd_full_change_precond;eeg_tleft_lalpha_mean_full_change_precond;eeg_t_sampent_full_change_precond;eeg_fl_hbeta_mean_full_change_precond;eeg_c_theta_mean_full_change_precond;eeg_fr_sampent_full_change_precond;gsr_skin_conductance_eda_tonic_mean_nk_full_change_precond"
2025-11-26 19:16:00.807936,36,"stress_label",10,32,0.1,0.544871794871795,0.544871794871795,NA,10,"top10","eeg_tleft_sampent_full_change_precond;eeg_tleft_halpha_mean_full_change_precond;eeg_pright_sampent_full_change_precond;pupil_dilation_sd_full_change_precond;eeg_tleft_lalpha_mean_full_change_precond;eeg_t_sampent_full_change_precond;eeg_fl_hbeta_mean_full_change_precond;eeg_c_theta_mean_full_change_precond;eeg_fr_sampent_full_change_precond;gsr_skin_conductance_eda_tonic_mean_nk_full_change_precond"
2025-11-26 19:16:01.896601,36,"stress_label",10,64,0.1,0.532051282051282,0.480769230769231,NA,10,"top10","eeg_tleft_sampent_full_change_precond;eeg_tleft_halpha_mean_full_change_precond;eeg_pright_sampent_full_change_precond;pupil_dilation_sd_full_change_precond;eeg_tleft_lalpha_mean_full_change_precond;eeg_t_sampent_full_change_precond;eeg_fl_hbeta_mean_full_change_precond;eeg_c_theta_mean_full_change_precond;eeg_fr_sampent_full_change_precond;gsr_skin_conductance_eda_tonic_mean_nk_full_change_precond"
2025-11-26 19:16:03.012978,36,"stress_label",10,128,0.1,0.551282051282051,0.474358974358974,NA,10,"top10","eeg_tleft_sampent_full_change_precond;eeg_tleft_halpha_mean_full_change_precond;eeg_pright_sampent_full_change_precond;pupil_dilation_sd_full_change_precond;eeg_tleft_lalpha_mean_full_change_precond;eeg_t_sampent_full_change_precond;eeg_fl_hbeta_mean_full_change_precond;eeg_c_theta_mean_full_change_precond;eeg_fr_sampent_full_change_precond;gsr_skin_conductance_eda_tonic_mean_nk_full_change_precond"
2025-11-26 19:16:04.101586,36,"stress_label",10,256,0.1,0.551282051282051,0.506410256410256,NA,10,"top10","eeg_tleft_sampent_full_change_precond;eeg_tleft_halpha_mean_full_change_precond;eeg_pright_sampent_full_change_precond;pupil_dilation_sd_full_change_precond;eeg_tleft_lalpha_mean_full_change_precond;eeg_t_sampent_full_change_precond;eeg_fl_hbeta_mean_full_change_precond;eeg_c_theta_mean_full_change_precond;eeg_fr_sampent_full_change_precond;gsr_skin_conductance_eda_tonic_mean_nk_full_change_precond"
2025-11-26 19:16:04.952693,36,"stress_label",5,2,0.0078125,0.621794871794872,0.634615384615385,0.602564102564103,5,"top5","eeg_tleft_sampent_full_change_precond;eeg_tleft_halpha_mean_full_change_precond;eeg_pright_sampent_full_change_precond;pupil_dilation_sd_full_change_precond;eeg_tleft_lalpha_mean_full_change_precond"
2025-11-26 19:16:05.731357,36,"stress_label",5,4,0.0078125,0.596153846153846,0.641025641025641,0.578632478632479,5,"top5","eeg_tleft_sampent_full_change_precond;eeg_tleft_halpha_mean_full_change_precond;eeg_pright_sampent_full_change_precond;pupil_dilation_sd_full_change_precond;eeg_tleft_lalpha_mean_full_change_precond"
2025-11-26 19:16:06.495718,36,"stress_label",5,8,0.0078125,0.583333333333333,0.628205128205128,0.563247863247863,5,"top5","eeg_tleft_sampent_full_change_precond;eeg_tleft_halpha_mean_full_change_precond;eeg_pright_sampent_full_change_precond;pupil_dilation_sd_full_change_precond;eeg_tleft_lalpha_mean_full_change_precond"
2025-11-26 19:16:07.258834,36,"stress_label",5,16,0.0078125,0.564102564102564,0.596153846153846,0.537606837606838,5,"top5","eeg_tleft_sampent_full_change_precond;eeg_tleft_halpha_mean_full_change_precond;eeg_pright_sampent_full_change_precond;pupil_dilation_sd_full_change_precond;eeg_tleft_lalpha_mean_full_change_precond"
2025-11-26 19:16:07.987872,36,"stress_label",5,32,0.0078125,0.576923076923077,0.602564102564103,NA,5,"top5","eeg_tleft_sampent_full_change_precond;eeg_tleft_halpha_mean_full_change_precond;eeg_pright_sampent_full_change_precond;pupil_dilation_sd_full_change_precond;eeg_tleft_lalpha_mean_full_change_precond"
2025-11-26 19:16:08.737592,36,"stress_label",5,64,0.0078125,0.583333333333333,0.596153846153846,0.535042735042735,5,"top5","eeg_tleft_sampent_full_change_precond;eeg_tleft_halpha_mean_full_change_precond;eeg_pright_sampent_full_change_precond;pupil_dilation_sd_full_change_precond;eeg_tleft_lalpha_mean_full_change_precond"
2025-11-26 19:16:09.500857,36,"stress_label",5,128,0.0078125,0.583333333333333,0.583333333333333,NA,5,"top5","eeg_tleft_sampent_full_change_precond;eeg_tleft_halpha_mean_full_change_precond;eeg_pright_sampent_full_change_precond;pupil_dilation_sd_full_change_precond;eeg_tleft_lalpha_mean_full_change_precond"
2025-11-26 19:16:10.325165,36,"stress_label",5,256,0.0078125,0.596153846153846,0.564102564102564,NA,5,"top5","eeg_tleft_sampent_full_change_precond;eeg_tleft_halpha_mean_full_change_precond;eeg_pright_sampent_full_change_precond;pupil_dilation_sd_full_change_precond;eeg_tleft_lalpha_mean_full_change_precond"
2025-11-26 19:16:11.101076,36,"stress_label",5,2,0.015625,0.58974358974359,0.641025641025641,0.57008547008547,5,"top5","eeg_tleft_sampent_full_change_precond;eeg_tleft_halpha_mean_full_change_precond;eeg_pright_sampent_full_change_precond;pupil_dilation_sd_full_change_precond;eeg_tleft_lalpha_mean_full_change_precond"
2025-11-26 19:16:11.867842,36,"stress_label",5,4,0.015625,0.576923076923077,0.621794871794872,0.554700854700855,5,"top5","eeg_tleft_sampent_full_change_precond;eeg_tleft_halpha_mean_full_change_precond;eeg_pright_sampent_full_change_precond;pupil_dilation_sd_full_change_precond;eeg_tleft_lalpha_mean_full_change_precond"
2025-11-26 19:16:12.649426,36,"stress_label",5,8,0.015625,0.576923076923077,0.596153846153846,NA,5,"top5","eeg_tleft_sampent_full_change_precond;eeg_tleft_halpha_mean_full_change_precond;eeg_pright_sampent_full_change_precond;pupil_dilation_sd_full_change_precond;eeg_tleft_lalpha_mean_full_change_precond"
2025-11-26 19:16:13.432323,36,"stress_label",5,16,0.015625,0.602564102564103,0.608974358974359,0.557264957264957,5,"top5","eeg_tleft_sampent_full_change_precond;eeg_tleft_halpha_mean_full_change_precond;eeg_pright_sampent_full_change_precond;pupil_dilation_sd_full_change_precond;eeg_tleft_lalpha_mean_full_change_precond"
2025-11-26 19:16:14.248505,36,"stress_label",5,32,0.015625,0.596153846153846,0.596153846153846,NA,5,"top5","eeg_tleft_sampent_full_change_precond;eeg_tleft_halpha_mean_full_change_precond;eeg_pright_sampent_full_change_precond;pupil_dilation_sd_full_change_precond;eeg_tleft_lalpha_mean_full_change_precond"
2025-11-26 19:16:15.05681,36,"stress_label",5,64,0.015625,0.596153846153846,0.557692307692308,NA,5,"top5","eeg_tleft_sampent_full_change_precond;eeg_tleft_halpha_mean_full_change_precond;eeg_pright_sampent_full_change_precond;pupil_dilation_sd_full_change_precond;eeg_tleft_lalpha_mean_full_change_precond"
2025-11-26 19:16:15.939485,36,"stress_label",5,128,0.015625,0.583333333333333,0.57051282051282,NA,5,"top5","eeg_tleft_sampent_full_change_precond;eeg_tleft_halpha_mean_full_change_precond;eeg_pright_sampent_full_change_precond;pupil_dilation_sd_full_change_precond;eeg_tleft_lalpha_mean_full_change_precond"
2025-11-26 19:16:16.874071,36,"stress_label",5,256,0.015625,0.564102564102564,0.551282051282051,NA,5,"top5","eeg_tleft_sampent_full_change_precond;eeg_tleft_halpha_mean_full_change_precond;eeg_pright_sampent_full_change_precond;pupil_dilation_sd_full_change_precond;eeg_tleft_lalpha_mean_full_change_precond"
2025-11-26 19:16:17.601782,36,"stress_label",5,2,0.03125,0.583333333333333,0.615384615384615,0.554700854700855,5,"top5","eeg_tleft_sampent_full_change_precond;eeg_tleft_halpha_mean_full_change_precond;eeg_pright_sampent_full_change_precond;pupil_dilation_sd_full_change_precond;eeg_tleft_lalpha_mean_full_change_precond"
2025-11-26 19:16:18.332672,36,"stress_label",5,4,0.03125,0.576923076923077,0.602564102564103,0.535897435897436,5,"top5","eeg_tleft_sampent_full_change_precond;eeg_tleft_halpha_mean_full_change_precond;eeg_pright_sampent_full_change_precond;pupil_dilation_sd_full_change_precond;eeg_tleft_lalpha_mean_full_change_precond"
2025-11-26 19:16:19.116003,36,"stress_label",5,8,0.03125,0.596153846153846,0.608974358974359,0.535897435897436,5,"top5","eeg_tleft_sampent_full_change_precond;eeg_tleft_halpha_mean_full_change_precond;eeg_pright_sampent_full_change_precond;pupil_dilation_sd_full_change_precond;eeg_tleft_lalpha_mean_full_change_precond"
2025-11-26 19:16:19.89941,36,"stress_label",5,16,0.03125,0.602564102564103,0.564102564102564,0.531623931623932,5,"top5","eeg_tleft_sampent_full_change_precond;eeg_tleft_halpha_mean_full_change_precond;eeg_pright_sampent_full_change_precond;pupil_dilation_sd_full_change_precond;eeg_tleft_lalpha_mean_full_change_precond"
2025-11-26 19:16:20.539834,36,"stress_label",5,32,0.03125,0.576923076923077,0.532051282051282,0.518803418803419,5,"top5","eeg_tleft_sampent_full_change_precond;eeg_tleft_halpha_mean_full_change_precond;eeg_pright_sampent_full_change_precond;pupil_dilation_sd_full_change_precond;eeg_tleft_lalpha_mean_full_change_precond"
2025-11-26 19:16:21.226353,36,"stress_label",5,64,0.03125,0.551282051282051,0.538461538461538,NA,5,"top5","eeg_tleft_sampent_full_change_precond;eeg_tleft_halpha_mean_full_change_precond;eeg_pright_sampent_full_change_precond;pupil_dilation_sd_full_change_precond;eeg_tleft_lalpha_mean_full_change_precond"
2025-11-26 19:16:22.06463,36,"stress_label",5,128,0.03125,0.538461538461538,0.391025641025641,0.509401709401709,5,"top5","eeg_tleft_sampent_full_change_precond;eeg_tleft_halpha_mean_full_change_precond;eeg_pright_sampent_full_change_precond;pupil_dilation_sd_full_change_precond;eeg_tleft_lalpha_mean_full_change_precond"
2025-11-26 19:16:23.045722,36,"stress_label",5,256,0.03125,0.525641025641026,0.487179487179487,NA,5,"top5","eeg_tleft_sampent_full_change_precond;eeg_tleft_halpha_mean_full_change_precond;eeg_pright_sampent_full_change_precond;pupil_dilation_sd_full_change_precond;eeg_tleft_lalpha_mean_full_change_precond"
2025-11-26 19:16:23.797421,36,"stress_label",5,2,0.0625,0.602564102564103,0.621794871794872,0.552991452991453,5,"top5","eeg_tleft_sampent_full_change_precond;eeg_tleft_halpha_mean_full_change_precond;eeg_pright_sampent_full_change_precond;pupil_dilation_sd_full_change_precond;eeg_tleft_lalpha_mean_full_change_precond"
2025-11-26 19:16:24.531457,36,"stress_label",5,4,0.0625,0.583333333333333,0.608974358974359,0.530769230769231,5,"top5","eeg_tleft_sampent_full_change_precond;eeg_tleft_halpha_mean_full_change_precond;eeg_pright_sampent_full_change_precond;pupil_dilation_sd_full_change_precond;eeg_tleft_lalpha_mean_full_change_precond"
2025-11-26 19:16:25.283597,36,"stress_label",5,8,0.0625,0.564102564102564,0.544871794871795,0.517948717948718,5,"top5","eeg_tleft_sampent_full_change_precond;eeg_tleft_halpha_mean_full_change_precond;eeg_pright_sampent_full_change_precond;pupil_dilation_sd_full_change_precond;eeg_tleft_lalpha_mean_full_change_precond"
2025-11-26 19:16:26.084029,36,"stress_label",5,16,0.0625,0.538461538461538,0.557692307692308,0.499145299145299,5,"top5","eeg_tleft_sampent_full_change_precond;eeg_tleft_halpha_mean_full_change_precond;eeg_pright_sampent_full_change_precond;pupil_dilation_sd_full_change_precond;eeg_tleft_lalpha_mean_full_change_precond"
2025-11-26 19:16:26.883647,36,"stress_label",5,32,0.0625,0.544871794871795,0.551282051282051,0.508547008547009,5,"top5","eeg_tleft_sampent_full_change_precond;eeg_tleft_halpha_mean_full_change_precond;eeg_pright_sampent_full_change_precond;pupil_dilation_sd_full_change_precond;eeg_tleft_lalpha_mean_full_change_precond"
2025-11-26 19:16:27.668912,36,"stress_label",5,64,0.0625,0.544871794871795,0.448717948717949,NA,5,"top5","eeg_tleft_sampent_full_change_precond;eeg_tleft_halpha_mean_full_change_precond;eeg_pright_sampent_full_change_precond;pupil_dilation_sd_full_change_precond;eeg_tleft_lalpha_mean_full_change_precond"
2025-11-26 19:16:28.67219,36,"stress_label",5,128,0.0625,0.538461538461538,0.365384615384615,NA,5,"top5","eeg_tleft_sampent_full_change_precond;eeg_tleft_halpha_mean_full_change_precond;eeg_pright_sampent_full_change_precond;pupil_dilation_sd_full_change_precond;eeg_tleft_lalpha_mean_full_change_precond"
2025-11-26 19:16:30.053295,36,"stress_label",5,256,0.0625,0.519230769230769,0.41025641025641,NA,5,"top5","eeg_tleft_sampent_full_change_precond;eeg_tleft_halpha_mean_full_change_precond;eeg_pright_sampent_full_change_precond;pupil_dilation_sd_full_change_precond;eeg_tleft_lalpha_mean_full_change_precond"
2025-11-26 19:16:30.809667,36,"stress_label",5,2,0.125,0.57051282051282,0.608974358974359,0.526495726495727,5,"top5","eeg_tleft_sampent_full_change_precond;eeg_tleft_halpha_mean_full_change_precond;eeg_pright_sampent_full_change_precond;pupil_dilation_sd_full_change_precond;eeg_tleft_lalpha_mean_full_change_precond"
2025-11-26 19:16:31.582966,36,"stress_label",5,4,0.125,0.544871794871795,0.564102564102564,0.504273504273504,5,"top5","eeg_tleft_sampent_full_change_precond;eeg_tleft_halpha_mean_full_change_precond;eeg_pright_sampent_full_change_precond;pupil_dilation_sd_full_change_precond;eeg_tleft_lalpha_mean_full_change_precond"
2025-11-26 19:16:32.385544,36,"stress_label",5,8,0.125,0.576923076923077,0.512820512820513,NA,5,"top5","eeg_tleft_sampent_full_change_precond;eeg_tleft_halpha_mean_full_change_precond;eeg_pright_sampent_full_change_precond;pupil_dilation_sd_full_change_precond;eeg_tleft_lalpha_mean_full_change_precond"
2025-11-26 19:16:33.268759,36,"stress_label",5,16,0.125,0.576923076923077,0.371794871794872,NA,5,"top5","eeg_tleft_sampent_full_change_precond;eeg_tleft_halpha_mean_full_change_precond;eeg_pright_sampent_full_change_precond;pupil_dilation_sd_full_change_precond;eeg_tleft_lalpha_mean_full_change_precond"
2025-11-26 19:16:34.176494,36,"stress_label",5,32,0.125,0.538461538461538,0.435897435897436,NA,5,"top5","eeg_tleft_sampent_full_change_precond;eeg_tleft_halpha_mean_full_change_precond;eeg_pright_sampent_full_change_precond;pupil_dilation_sd_full_change_precond;eeg_tleft_lalpha_mean_full_change_precond"
2025-11-26 19:16:35.223445,36,"stress_label",5,64,0.125,0.506410256410256,0.455128205128205,NA,5,"top5","eeg_tleft_sampent_full_change_precond;eeg_tleft_halpha_mean_full_change_precond;eeg_pright_sampent_full_change_precond;pupil_dilation_sd_full_change_precond;eeg_tleft_lalpha_mean_full_change_precond"
2025-11-26 19:16:36.418459,36,"stress_label",5,128,0.125,0.519230769230769,0.480769230769231,NA,5,"top5","eeg_tleft_sampent_full_change_precond;eeg_tleft_halpha_mean_full_change_precond;eeg_pright_sampent_full_change_precond;pupil_dilation_sd_full_change_precond;eeg_tleft_lalpha_mean_full_change_precond"
2025-11-26 19:16:38.070708,36,"stress_label",5,256,0.125,0.557692307692308,0.41025641025641,NA,5,"top5","eeg_tleft_sampent_full_change_precond;eeg_tleft_halpha_mean_full_change_precond;eeg_pright_sampent_full_change_precond;pupil_dilation_sd_full_change_precond;eeg_tleft_lalpha_mean_full_change_precond"
2025-11-26 19:16:38.843414,36,"stress_label",5,2,0.03,0.583333333333333,0.615384615384615,0.554700854700855,5,"top5","eeg_tleft_sampent_full_change_precond;eeg_tleft_halpha_mean_full_change_precond;eeg_pright_sampent_full_change_precond;pupil_dilation_sd_full_change_precond;eeg_tleft_lalpha_mean_full_change_precond"
2025-11-26 19:16:39.599141,36,"stress_label",5,4,0.03,0.57051282051282,0.602564102564103,0.531623931623932,5,"top5","eeg_tleft_sampent_full_change_precond;eeg_tleft_halpha_mean_full_change_precond;eeg_pright_sampent_full_change_precond;pupil_dilation_sd_full_change_precond;eeg_tleft_lalpha_mean_full_change_precond"
2025-11-26 19:16:40.351359,36,"stress_label",5,8,0.03,0.596153846153846,0.608974358974359,0.535897435897436,5,"top5","eeg_tleft_sampent_full_change_precond;eeg_tleft_halpha_mean_full_change_precond;eeg_pright_sampent_full_change_precond;pupil_dilation_sd_full_change_precond;eeg_tleft_lalpha_mean_full_change_precond"
2025-11-26 19:16:41.134508,36,"stress_label",5,16,0.03,0.596153846153846,0.576923076923077,0.527350427350427,5,"top5","eeg_tleft_sampent_full_change_precond;eeg_tleft_halpha_mean_full_change_precond;eeg_pright_sampent_full_change_precond;pupil_dilation_sd_full_change_precond;eeg_tleft_lalpha_mean_full_change_precond"
2025-11-26 19:16:41.96725,36,"stress_label",5,32,0.03,0.57051282051282,0.557692307692308,0.505982905982906,5,"top5","eeg_tleft_sampent_full_change_precond;eeg_tleft_halpha_mean_full_change_precond;eeg_pright_sampent_full_change_precond;pupil_dilation_sd_full_change_precond;eeg_tleft_lalpha_mean_full_change_precond"
2025-11-26 19:16:42.832236,36,"stress_label",5,64,0.03,0.557692307692308,0.538461538461538,NA,5,"top5","eeg_tleft_sampent_full_change_precond;eeg_tleft_halpha_mean_full_change_precond;eeg_pright_sampent_full_change_precond;pupil_dilation_sd_full_change_precond;eeg_tleft_lalpha_mean_full_change_precond"
2025-11-26 19:16:43.772387,36,"stress_label",5,128,0.03,0.544871794871795,0.461538461538462,NA,5,"top5","eeg_tleft_sampent_full_change_precond;eeg_tleft_halpha_mean_full_change_precond;eeg_pright_sampent_full_change_precond;pupil_dilation_sd_full_change_precond;eeg_tleft_lalpha_mean_full_change_precond"
2025-11-26 19:16:44.669993,36,"stress_label",5,256,0.03,0.525641025641026,0.429487179487179,NA,5,"top5","eeg_tleft_sampent_full_change_precond;eeg_tleft_halpha_mean_full_change_precond;eeg_pright_sampent_full_change_precond;pupil_dilation_sd_full_change_precond;eeg_tleft_lalpha_mean_full_change_precond"
2025-11-26 19:16:45.409647,36,"stress_label",5,2,0.06,0.596153846153846,0.615384615384615,0.544444444444444,5,"top5","eeg_tleft_sampent_full_change_precond;eeg_tleft_halpha_mean_full_change_precond;eeg_pright_sampent_full_change_precond;pupil_dilation_sd_full_change_precond;eeg_tleft_lalpha_mean_full_change_precond"
2025-11-26 19:16:46.177657,36,"stress_label",5,4,0.06,0.58974358974359,0.615384615384615,0.535042735042735,5,"top5","eeg_tleft_sampent_full_change_precond;eeg_tleft_halpha_mean_full_change_precond;eeg_pright_sampent_full_change_precond;pupil_dilation_sd_full_change_precond;eeg_tleft_lalpha_mean_full_change_precond"
2025-11-26 19:16:46.963366,36,"stress_label",5,8,0.06,0.557692307692308,0.551282051282051,0.513675213675214,5,"top5","eeg_tleft_sampent_full_change_precond;eeg_tleft_halpha_mean_full_change_precond;eeg_pright_sampent_full_change_precond;pupil_dilation_sd_full_change_precond;eeg_tleft_lalpha_mean_full_change_precond"
2025-11-26 19:16:47.75707,36,"stress_label",5,16,0.06,0.544871794871795,0.544871794871795,0.501709401709402,5,"top5","eeg_tleft_sampent_full_change_precond;eeg_tleft_halpha_mean_full_change_precond;eeg_pright_sampent_full_change_precond;pupil_dilation_sd_full_change_precond;eeg_tleft_lalpha_mean_full_change_precond"
2025-11-26 19:16:48.537228,36,"stress_label",5,32,0.06,0.538461538461538,0.487179487179487,0.504273504273504,5,"top5","eeg_tleft_sampent_full_change_precond;eeg_tleft_halpha_mean_full_change_precond;eeg_pright_sampent_full_change_precond;pupil_dilation_sd_full_change_precond;eeg_tleft_lalpha_mean_full_change_precond"
2025-11-26 19:16:49.384574,36,"stress_label",5,64,0.06,0.544871794871795,0.461538461538462,NA,5,"top5","eeg_tleft_sampent_full_change_precond;eeg_tleft_halpha_mean_full_change_precond;eeg_pright_sampent_full_change_precond;pupil_dilation_sd_full_change_precond;eeg_tleft_lalpha_mean_full_change_precond"
2025-11-26 19:16:50.274779,36,"stress_label",5,128,0.06,0.544871794871795,0.416666666666667,NA,5,"top5","eeg_tleft_sampent_full_change_precond;eeg_tleft_halpha_mean_full_change_precond;eeg_pright_sampent_full_change_precond;pupil_dilation_sd_full_change_precond;eeg_tleft_lalpha_mean_full_change_precond"
2025-11-26 19:16:51.300917,36,"stress_label",5,256,0.06,0.525641025641026,0.429487179487179,NA,5,"top5","eeg_tleft_sampent_full_change_precond;eeg_tleft_halpha_mean_full_change_precond;eeg_pright_sampent_full_change_precond;pupil_dilation_sd_full_change_precond;eeg_tleft_lalpha_mean_full_change_precond"
2025-11-26 19:16:52.086612,36,"stress_label",5,2,0.1,0.57051282051282,0.608974358974359,0.526495726495727,5,"top5","eeg_tleft_sampent_full_change_precond;eeg_tleft_halpha_mean_full_change_precond;eeg_pright_sampent_full_change_precond;pupil_dilation_sd_full_change_precond;eeg_tleft_lalpha_mean_full_change_precond"
2025-11-26 19:16:52.709788,36,"stress_label",5,4,0.1,0.544871794871795,0.57051282051282,0.504273504273504,5,"top5","eeg_tleft_sampent_full_change_precond;eeg_tleft_halpha_mean_full_change_precond;eeg_pright_sampent_full_change_precond;pupil_dilation_sd_full_change_precond;eeg_tleft_lalpha_mean_full_change_precond"
2025-11-26 19:16:53.404833,36,"stress_label",5,8,0.1,0.551282051282051,0.544871794871795,0.509401709401709,5,"top5","eeg_tleft_sampent_full_change_precond;eeg_tleft_halpha_mean_full_change_precond;eeg_pright_sampent_full_change_precond;pupil_dilation_sd_full_change_precond;eeg_tleft_lalpha_mean_full_change_precond"
2025-11-26 19:16:54.266334,36,"stress_label",5,16,0.1,0.564102564102564,0.442307692307692,NA,5,"top5","eeg_tleft_sampent_full_change_precond;eeg_tleft_halpha_mean_full_change_precond;eeg_pright_sampent_full_change_precond;pupil_dilation_sd_full_change_precond;eeg_tleft_lalpha_mean_full_change_precond"
2025-11-26 19:16:55.145226,36,"stress_label",5,32,0.1,0.564102564102564,0.480769230769231,NA,5,"top5","eeg_tleft_sampent_full_change_precond;eeg_tleft_halpha_mean_full_change_precond;eeg_pright_sampent_full_change_precond;pupil_dilation_sd_full_change_precond;eeg_tleft_lalpha_mean_full_change_precond"
2025-11-26 19:16:56.051159,36,"stress_label",5,64,0.1,0.538461538461538,0.352564102564103,NA,5,"top5","eeg_tleft_sampent_full_change_precond;eeg_tleft_halpha_mean_full_change_precond;eeg_pright_sampent_full_change_precond;pupil_dilation_sd_full_change_precond;eeg_tleft_lalpha_mean_full_change_precond"
2025-11-26 19:16:57.227553,36,"stress_label",5,128,0.1,0.487179487179487,0.461538461538462,NA,5,"top5","eeg_tleft_sampent_full_change_precond;eeg_tleft_halpha_mean_full_change_precond;eeg_pright_sampent_full_change_precond;pupil_dilation_sd_full_change_precond;eeg_tleft_lalpha_mean_full_change_precond"
2025-11-26 19:16:58.798789,36,"stress_label",5,256,0.1,0.519230769230769,0.403846153846154,NA,5,"top5","eeg_tleft_sampent_full_change_precond;eeg_tleft_halpha_mean_full_change_precond;eeg_pright_sampent_full_change_precond;pupil_dilation_sd_full_change_precond;eeg_tleft_lalpha_mean_full_change_precond"
2025-11-26 19:17:00.077423,37,"stress_label",20,2,0.0078125,0.576923076923077,0.621794871794872,0.52991452991453,20,"top20","eeg_tleft_sampent_full_change_precond;eeg_c_theta_mean_full_change_precond;gsr_skin_conductance_eda_tonic_mean_nk_full_change_precond;eeg_tleft_halpha_mean_full_change_precond;eeg_tright_lalpha_mean_full_change_precond;hrv_rmssd_full_change_precond;eeg_tleft_lalpha_mean_full_change_precond;pupil_dilation_sd_full_change_precond;eeg_fm_theta_mean_full_change_precond;eeg_pright_sampent_full_change_precond;eeg_fl_hbeta_mean_full_change_precond;eeg_t_sampent_full_change_precond;eeg_c_specent_full_change_precond;eeg_tleft_hbeta_mean_full_change_precond;pupil_asymmetry_full_change_precond;eeg_fr_sampent_full_change_precond;hr_heartrate_bpm_med_abs_full_change_precond;eeg_tright_halpha_mean_full_change_precond;eeg_pleft_halpha_mean_full_change_precond;eeg_c_sampent_full_change_precond"
2025-11-26 19:17:00.893571,37,"stress_label",20,4,0.0078125,0.557692307692308,0.602564102564103,0.512820512820513,20,"top20","eeg_tleft_sampent_full_change_precond;eeg_c_theta_mean_full_change_precond;gsr_skin_conductance_eda_tonic_mean_nk_full_change_precond;eeg_tleft_halpha_mean_full_change_precond;eeg_tright_lalpha_mean_full_change_precond;hrv_rmssd_full_change_precond;eeg_tleft_lalpha_mean_full_change_precond;pupil_dilation_sd_full_change_precond;eeg_fm_theta_mean_full_change_precond;eeg_pright_sampent_full_change_precond;eeg_fl_hbeta_mean_full_change_precond;eeg_t_sampent_full_change_precond;eeg_c_specent_full_change_precond;eeg_tleft_hbeta_mean_full_change_precond;pupil_asymmetry_full_change_precond;eeg_fr_sampent_full_change_precond;hr_heartrate_bpm_med_abs_full_change_precond;eeg_tright_halpha_mean_full_change_precond;eeg_pleft_halpha_mean_full_change_precond;eeg_c_sampent_full_change_precond"
2025-11-26 19:17:01.747264,37,"stress_label",20,8,0.0078125,0.544871794871795,0.583333333333333,NA,20,"top20","eeg_tleft_sampent_full_change_precond;eeg_c_theta_mean_full_change_precond;gsr_skin_conductance_eda_tonic_mean_nk_full_change_precond;eeg_tleft_halpha_mean_full_change_precond;eeg_tright_lalpha_mean_full_change_precond;hrv_rmssd_full_change_precond;eeg_tleft_lalpha_mean_full_change_precond;pupil_dilation_sd_full_change_precond;eeg_fm_theta_mean_full_change_precond;eeg_pright_sampent_full_change_precond;eeg_fl_hbeta_mean_full_change_precond;eeg_t_sampent_full_change_precond;eeg_c_specent_full_change_precond;eeg_tleft_hbeta_mean_full_change_precond;pupil_asymmetry_full_change_precond;eeg_fr_sampent_full_change_precond;hr_heartrate_bpm_med_abs_full_change_precond;eeg_tright_halpha_mean_full_change_precond;eeg_pleft_halpha_mean_full_change_precond;eeg_c_sampent_full_change_precond"
2025-11-26 19:17:02.776574,37,"stress_label",20,16,0.0078125,0.538461538461538,0.602564102564103,NA,20,"top20","eeg_tleft_sampent_full_change_precond;eeg_c_theta_mean_full_change_precond;gsr_skin_conductance_eda_tonic_mean_nk_full_change_precond;eeg_tleft_halpha_mean_full_change_precond;eeg_tright_lalpha_mean_full_change_precond;hrv_rmssd_full_change_precond;eeg_tleft_lalpha_mean_full_change_precond;pupil_dilation_sd_full_change_precond;eeg_fm_theta_mean_full_change_precond;eeg_pright_sampent_full_change_precond;eeg_fl_hbeta_mean_full_change_precond;eeg_t_sampent_full_change_precond;eeg_c_specent_full_change_precond;eeg_tleft_hbeta_mean_full_change_precond;pupil_asymmetry_full_change_precond;eeg_fr_sampent_full_change_precond;hr_heartrate_bpm_med_abs_full_change_precond;eeg_tright_halpha_mean_full_change_precond;eeg_pleft_halpha_mean_full_change_precond;eeg_c_sampent_full_change_precond"
2025-11-26 19:17:03.915438,37,"stress_label",20,32,0.0078125,0.583333333333333,0.641025641025641,NA,20,"top20","eeg_tleft_sampent_full_change_precond;eeg_c_theta_mean_full_change_precond;gsr_skin_conductance_eda_tonic_mean_nk_full_change_precond;eeg_tleft_halpha_mean_full_change_precond;eeg_tright_lalpha_mean_full_change_precond;hrv_rmssd_full_change_precond;eeg_tleft_lalpha_mean_full_change_precond;pupil_dilation_sd_full_change_precond;eeg_fm_theta_mean_full_change_precond;eeg_pright_sampent_full_change_precond;eeg_fl_hbeta_mean_full_change_precond;eeg_t_sampent_full_change_precond;eeg_c_specent_full_change_precond;eeg_tleft_hbeta_mean_full_change_precond;pupil_asymmetry_full_change_precond;eeg_fr_sampent_full_change_precond;hr_heartrate_bpm_med_abs_full_change_precond;eeg_tright_halpha_mean_full_change_precond;eeg_pleft_halpha_mean_full_change_precond;eeg_c_sampent_full_change_precond"
2025-11-26 19:17:05.154007,37,"stress_label",20,64,0.0078125,0.596153846153846,0.621794871794872,NA,20,"top20","eeg_tleft_sampent_full_change_precond;eeg_c_theta_mean_full_change_precond;gsr_skin_conductance_eda_tonic_mean_nk_full_change_precond;eeg_tleft_halpha_mean_full_change_precond;eeg_tright_lalpha_mean_full_change_precond;hrv_rmssd_full_change_precond;eeg_tleft_lalpha_mean_full_change_precond;pupil_dilation_sd_full_change_precond;eeg_fm_theta_mean_full_change_precond;eeg_pright_sampent_full_change_precond;eeg_fl_hbeta_mean_full_change_precond;eeg_t_sampent_full_change_precond;eeg_c_specent_full_change_precond;eeg_tleft_hbeta_mean_full_change_precond;pupil_asymmetry_full_change_precond;eeg_fr_sampent_full_change_precond;hr_heartrate_bpm_med_abs_full_change_precond;eeg_tright_halpha_mean_full_change_precond;eeg_pleft_halpha_mean_full_change_precond;eeg_c_sampent_full_change_precond"
2025-11-26 19:17:06.368058,37,"stress_label",20,128,0.0078125,0.583333333333333,0.596153846153846,NA,20,"top20","eeg_tleft_sampent_full_change_precond;eeg_c_theta_mean_full_change_precond;gsr_skin_conductance_eda_tonic_mean_nk_full_change_precond;eeg_tleft_halpha_mean_full_change_precond;eeg_tright_lalpha_mean_full_change_precond;hrv_rmssd_full_change_precond;eeg_tleft_lalpha_mean_full_change_precond;pupil_dilation_sd_full_change_precond;eeg_fm_theta_mean_full_change_precond;eeg_pright_sampent_full_change_precond;eeg_fl_hbeta_mean_full_change_precond;eeg_t_sampent_full_change_precond;eeg_c_specent_full_change_precond;eeg_tleft_hbeta_mean_full_change_precond;pupil_asymmetry_full_change_precond;eeg_fr_sampent_full_change_precond;hr_heartrate_bpm_med_abs_full_change_precond;eeg_tright_halpha_mean_full_change_precond;eeg_pleft_halpha_mean_full_change_precond;eeg_c_sampent_full_change_precond"
2025-11-26 19:17:08.111439,37,"stress_label",20,256,0.0078125,0.557692307692308,0.57051282051282,NA,20,"top20","eeg_tleft_sampent_full_change_precond;eeg_c_theta_mean_full_change_precond;gsr_skin_conductance_eda_tonic_mean_nk_full_change_precond;eeg_tleft_halpha_mean_full_change_precond;eeg_tright_lalpha_mean_full_change_precond;hrv_rmssd_full_change_precond;eeg_tleft_lalpha_mean_full_change_precond;pupil_dilation_sd_full_change_precond;eeg_fm_theta_mean_full_change_precond;eeg_pright_sampent_full_change_precond;eeg_fl_hbeta_mean_full_change_precond;eeg_t_sampent_full_change_precond;eeg_c_specent_full_change_precond;eeg_tleft_hbeta_mean_full_change_precond;pupil_asymmetry_full_change_precond;eeg_fr_sampent_full_change_precond;hr_heartrate_bpm_med_abs_full_change_precond;eeg_tright_halpha_mean_full_change_precond;eeg_pleft_halpha_mean_full_change_precond;eeg_c_sampent_full_change_precond"
2025-11-26 19:17:09.168888,37,"stress_label",20,2,0.015625,0.551282051282051,0.602564102564103,NA,20,"top20","eeg_tleft_sampent_full_change_precond;eeg_c_theta_mean_full_change_precond;gsr_skin_conductance_eda_tonic_mean_nk_full_change_precond;eeg_tleft_halpha_mean_full_change_precond;eeg_tright_lalpha_mean_full_change_precond;hrv_rmssd_full_change_precond;eeg_tleft_lalpha_mean_full_change_precond;pupil_dilation_sd_full_change_precond;eeg_fm_theta_mean_full_change_precond;eeg_pright_sampent_full_change_precond;eeg_fl_hbeta_mean_full_change_precond;eeg_t_sampent_full_change_precond;eeg_c_specent_full_change_precond;eeg_tleft_hbeta_mean_full_change_precond;pupil_asymmetry_full_change_precond;eeg_fr_sampent_full_change_precond;hr_heartrate_bpm_med_abs_full_change_precond;eeg_tright_halpha_mean_full_change_precond;eeg_pleft_halpha_mean_full_change_precond;eeg_c_sampent_full_change_precond"
2025-11-26 19:17:10.172616,37,"stress_label",20,4,0.015625,0.557692307692308,0.58974358974359,NA,20,"top20","eeg_tleft_sampent_full_change_precond;eeg_c_theta_mean_full_change_precond;gsr_skin_conductance_eda_tonic_mean_nk_full_change_precond;eeg_tleft_halpha_mean_full_change_precond;eeg_tright_lalpha_mean_full_change_precond;hrv_rmssd_full_change_precond;eeg_tleft_lalpha_mean_full_change_precond;pupil_dilation_sd_full_change_precond;eeg_fm_theta_mean_full_change_precond;eeg_pright_sampent_full_change_precond;eeg_fl_hbeta_mean_full_change_precond;eeg_t_sampent_full_change_precond;eeg_c_specent_full_change_precond;eeg_tleft_hbeta_mean_full_change_precond;pupil_asymmetry_full_change_precond;eeg_fr_sampent_full_change_precond;hr_heartrate_bpm_med_abs_full_change_precond;eeg_tright_halpha_mean_full_change_precond;eeg_pleft_halpha_mean_full_change_precond;eeg_c_sampent_full_change_precond"
2025-11-26 19:17:11.25065,37,"stress_label",20,8,0.015625,0.583333333333333,0.621794871794872,NA,20,"top20","eeg_tleft_sampent_full_change_precond;eeg_c_theta_mean_full_change_precond;gsr_skin_conductance_eda_tonic_mean_nk_full_change_precond;eeg_tleft_halpha_mean_full_change_precond;eeg_tright_lalpha_mean_full_change_precond;hrv_rmssd_full_change_precond;eeg_tleft_lalpha_mean_full_change_precond;pupil_dilation_sd_full_change_precond;eeg_fm_theta_mean_full_change_precond;eeg_pright_sampent_full_change_precond;eeg_fl_hbeta_mean_full_change_precond;eeg_t_sampent_full_change_precond;eeg_c_specent_full_change_precond;eeg_tleft_hbeta_mean_full_change_precond;pupil_asymmetry_full_change_precond;eeg_fr_sampent_full_change_precond;hr_heartrate_bpm_med_abs_full_change_precond;eeg_tright_halpha_mean_full_change_precond;eeg_pleft_halpha_mean_full_change_precond;eeg_c_sampent_full_change_precond"
2025-11-26 19:17:12.361896,37,"stress_label",20,16,0.015625,0.602564102564103,0.628205128205128,NA,20,"top20","eeg_tleft_sampent_full_change_precond;eeg_c_theta_mean_full_change_precond;gsr_skin_conductance_eda_tonic_mean_nk_full_change_precond;eeg_tleft_halpha_mean_full_change_precond;eeg_tright_lalpha_mean_full_change_precond;hrv_rmssd_full_change_precond;eeg_tleft_lalpha_mean_full_change_precond;pupil_dilation_sd_full_change_precond;eeg_fm_theta_mean_full_change_precond;eeg_pright_sampent_full_change_precond;eeg_fl_hbeta_mean_full_change_precond;eeg_t_sampent_full_change_precond;eeg_c_specent_full_change_precond;eeg_tleft_hbeta_mean_full_change_precond;pupil_asymmetry_full_change_precond;eeg_fr_sampent_full_change_precond;hr_heartrate_bpm_med_abs_full_change_precond;eeg_tright_halpha_mean_full_change_precond;eeg_pleft_halpha_mean_full_change_precond;eeg_c_sampent_full_change_precond"
2025-11-26 19:17:13.552666,37,"stress_label",20,32,0.015625,0.583333333333333,0.602564102564103,NA,20,"top20","eeg_tleft_sampent_full_change_precond;eeg_c_theta_mean_full_change_precond;gsr_skin_conductance_eda_tonic_mean_nk_full_change_precond;eeg_tleft_halpha_mean_full_change_precond;eeg_tright_lalpha_mean_full_change_precond;hrv_rmssd_full_change_precond;eeg_tleft_lalpha_mean_full_change_precond;pupil_dilation_sd_full_change_precond;eeg_fm_theta_mean_full_change_precond;eeg_pright_sampent_full_change_precond;eeg_fl_hbeta_mean_full_change_precond;eeg_t_sampent_full_change_precond;eeg_c_specent_full_change_precond;eeg_tleft_hbeta_mean_full_change_precond;pupil_asymmetry_full_change_precond;eeg_fr_sampent_full_change_precond;hr_heartrate_bpm_med_abs_full_change_precond;eeg_tright_halpha_mean_full_change_precond;eeg_pleft_halpha_mean_full_change_precond;eeg_c_sampent_full_change_precond"
2025-11-26 19:17:14.839415,37,"stress_label",20,64,0.015625,0.557692307692308,0.564102564102564,NA,20,"top20","eeg_tleft_sampent_full_change_precond;eeg_c_theta_mean_full_change_precond;gsr_skin_conductance_eda_tonic_mean_nk_full_change_precond;eeg_tleft_halpha_mean_full_change_precond;eeg_tright_lalpha_mean_full_change_precond;hrv_rmssd_full_change_precond;eeg_tleft_lalpha_mean_full_change_precond;pupil_dilation_sd_full_change_precond;eeg_fm_theta_mean_full_change_precond;eeg_pright_sampent_full_change_precond;eeg_fl_hbeta_mean_full_change_precond;eeg_t_sampent_full_change_precond;eeg_c_specent_full_change_precond;eeg_tleft_hbeta_mean_full_change_precond;pupil_asymmetry_full_change_precond;eeg_fr_sampent_full_change_precond;hr_heartrate_bpm_med_abs_full_change_precond;eeg_tright_halpha_mean_full_change_precond;eeg_pleft_halpha_mean_full_change_precond;eeg_c_sampent_full_change_precond"
2025-11-26 19:17:16.206442,37,"stress_label",20,128,0.015625,0.544871794871795,0.58974358974359,NA,20,"top20","eeg_tleft_sampent_full_change_precond;eeg_c_theta_mean_full_change_precond;gsr_skin_conductance_eda_tonic_mean_nk_full_change_precond;eeg_tleft_halpha_mean_full_change_precond;eeg_tright_lalpha_mean_full_change_precond;hrv_rmssd_full_change_precond;eeg_tleft_lalpha_mean_full_change_precond;pupil_dilation_sd_full_change_precond;eeg_fm_theta_mean_full_change_precond;eeg_pright_sampent_full_change_precond;eeg_fl_hbeta_mean_full_change_precond;eeg_t_sampent_full_change_precond;eeg_c_specent_full_change_precond;eeg_tleft_hbeta_mean_full_change_precond;pupil_asymmetry_full_change_precond;eeg_fr_sampent_full_change_precond;hr_heartrate_bpm_med_abs_full_change_precond;eeg_tright_halpha_mean_full_change_precond;eeg_pleft_halpha_mean_full_change_precond;eeg_c_sampent_full_change_precond"
2025-11-26 19:17:17.561541,37,"stress_label",20,256,0.015625,0.512820512820513,0.544871794871795,NA,20,"top20","eeg_tleft_sampent_full_change_precond;eeg_c_theta_mean_full_change_precond;gsr_skin_conductance_eda_tonic_mean_nk_full_change_precond;eeg_tleft_halpha_mean_full_change_precond;eeg_tright_lalpha_mean_full_change_precond;hrv_rmssd_full_change_precond;eeg_tleft_lalpha_mean_full_change_precond;pupil_dilation_sd_full_change_precond;eeg_fm_theta_mean_full_change_precond;eeg_pright_sampent_full_change_precond;eeg_fl_hbeta_mean_full_change_precond;eeg_t_sampent_full_change_precond;eeg_c_specent_full_change_precond;eeg_tleft_hbeta_mean_full_change_precond;pupil_asymmetry_full_change_precond;eeg_fr_sampent_full_change_precond;hr_heartrate_bpm_med_abs_full_change_precond;eeg_tright_halpha_mean_full_change_precond;eeg_pleft_halpha_mean_full_change_precond;eeg_c_sampent_full_change_precond"
2025-11-26 19:17:18.608055,37,"stress_label",20,2,0.03125,0.538461538461538,0.583333333333333,NA,20,"top20","eeg_tleft_sampent_full_change_precond;eeg_c_theta_mean_full_change_precond;gsr_skin_conductance_eda_tonic_mean_nk_full_change_precond;eeg_tleft_halpha_mean_full_change_precond;eeg_tright_lalpha_mean_full_change_precond;hrv_rmssd_full_change_precond;eeg_tleft_lalpha_mean_full_change_precond;pupil_dilation_sd_full_change_precond;eeg_fm_theta_mean_full_change_precond;eeg_pright_sampent_full_change_precond;eeg_fl_hbeta_mean_full_change_precond;eeg_t_sampent_full_change_precond;eeg_c_specent_full_change_precond;eeg_tleft_hbeta_mean_full_change_precond;pupil_asymmetry_full_change_precond;eeg_fr_sampent_full_change_precond;hr_heartrate_bpm_med_abs_full_change_precond;eeg_tright_halpha_mean_full_change_precond;eeg_pleft_halpha_mean_full_change_precond;eeg_c_sampent_full_change_precond"
2025-11-26 19:17:19.543204,37,"stress_label",20,4,0.03125,0.583333333333333,0.621794871794872,NA,20,"top20","eeg_tleft_sampent_full_change_precond;eeg_c_theta_mean_full_change_precond;gsr_skin_conductance_eda_tonic_mean_nk_full_change_precond;eeg_tleft_halpha_mean_full_change_precond;eeg_tright_lalpha_mean_full_change_precond;hrv_rmssd_full_change_precond;eeg_tleft_lalpha_mean_full_change_precond;pupil_dilation_sd_full_change_precond;eeg_fm_theta_mean_full_change_precond;eeg_pright_sampent_full_change_precond;eeg_fl_hbeta_mean_full_change_precond;eeg_t_sampent_full_change_precond;eeg_c_specent_full_change_precond;eeg_tleft_hbeta_mean_full_change_precond;pupil_asymmetry_full_change_precond;eeg_fr_sampent_full_change_precond;hr_heartrate_bpm_med_abs_full_change_precond;eeg_tright_halpha_mean_full_change_precond;eeg_pleft_halpha_mean_full_change_precond;eeg_c_sampent_full_change_precond"
2025-11-26 19:17:20.697207,37,"stress_label",20,8,0.03125,0.583333333333333,0.615384615384615,NA,20,"top20","eeg_tleft_sampent_full_change_precond;eeg_c_theta_mean_full_change_precond;gsr_skin_conductance_eda_tonic_mean_nk_full_change_precond;eeg_tleft_halpha_mean_full_change_precond;eeg_tright_lalpha_mean_full_change_precond;hrv_rmssd_full_change_precond;eeg_tleft_lalpha_mean_full_change_precond;pupil_dilation_sd_full_change_precond;eeg_fm_theta_mean_full_change_precond;eeg_pright_sampent_full_change_precond;eeg_fl_hbeta_mean_full_change_precond;eeg_t_sampent_full_change_precond;eeg_c_specent_full_change_precond;eeg_tleft_hbeta_mean_full_change_precond;pupil_asymmetry_full_change_precond;eeg_fr_sampent_full_change_precond;hr_heartrate_bpm_med_abs_full_change_precond;eeg_tright_halpha_mean_full_change_precond;eeg_pleft_halpha_mean_full_change_precond;eeg_c_sampent_full_change_precond"
2025-11-26 19:17:21.85351,37,"stress_label",20,16,0.03125,0.57051282051282,0.564102564102564,NA,20,"top20","eeg_tleft_sampent_full_change_precond;eeg_c_theta_mean_full_change_precond;gsr_skin_conductance_eda_tonic_mean_nk_full_change_precond;eeg_tleft_halpha_mean_full_change_precond;eeg_tright_lalpha_mean_full_change_precond;hrv_rmssd_full_change_precond;eeg_tleft_lalpha_mean_full_change_precond;pupil_dilation_sd_full_change_precond;eeg_fm_theta_mean_full_change_precond;eeg_pright_sampent_full_change_precond;eeg_fl_hbeta_mean_full_change_precond;eeg_t_sampent_full_change_precond;eeg_c_specent_full_change_precond;eeg_tleft_hbeta_mean_full_change_precond;pupil_asymmetry_full_change_precond;eeg_fr_sampent_full_change_precond;hr_heartrate_bpm_med_abs_full_change_precond;eeg_tright_halpha_mean_full_change_precond;eeg_pleft_halpha_mean_full_change_precond;eeg_c_sampent_full_change_precond"
2025-11-26 19:17:22.98922,37,"stress_label",20,32,0.03125,0.57051282051282,0.583333333333333,NA,20,"top20","eeg_tleft_sampent_full_change_precond;eeg_c_theta_mean_full_change_precond;gsr_skin_conductance_eda_tonic_mean_nk_full_change_precond;eeg_tleft_halpha_mean_full_change_precond;eeg_tright_lalpha_mean_full_change_precond;hrv_rmssd_full_change_precond;eeg_tleft_lalpha_mean_full_change_precond;pupil_dilation_sd_full_change_precond;eeg_fm_theta_mean_full_change_precond;eeg_pright_sampent_full_change_precond;eeg_fl_hbeta_mean_full_change_precond;eeg_t_sampent_full_change_precond;eeg_c_specent_full_change_precond;eeg_tleft_hbeta_mean_full_change_precond;pupil_asymmetry_full_change_precond;eeg_fr_sampent_full_change_precond;hr_heartrate_bpm_med_abs_full_change_precond;eeg_tright_halpha_mean_full_change_precond;eeg_pleft_halpha_mean_full_change_precond;eeg_c_sampent_full_change_precond"
2025-11-26 19:17:24.115716,37,"stress_label",20,64,0.03125,0.538461538461538,0.564102564102564,NA,20,"top20","eeg_tleft_sampent_full_change_precond;eeg_c_theta_mean_full_change_precond;gsr_skin_conductance_eda_tonic_mean_nk_full_change_precond;eeg_tleft_halpha_mean_full_change_precond;eeg_tright_lalpha_mean_full_change_precond;hrv_rmssd_full_change_precond;eeg_tleft_lalpha_mean_full_change_precond;pupil_dilation_sd_full_change_precond;eeg_fm_theta_mean_full_change_precond;eeg_pright_sampent_full_change_precond;eeg_fl_hbeta_mean_full_change_precond;eeg_t_sampent_full_change_precond;eeg_c_specent_full_change_precond;eeg_tleft_hbeta_mean_full_change_precond;pupil_asymmetry_full_change_precond;eeg_fr_sampent_full_change_precond;hr_heartrate_bpm_med_abs_full_change_precond;eeg_tright_halpha_mean_full_change_precond;eeg_pleft_halpha_mean_full_change_precond;eeg_c_sampent_full_change_precond"
2025-11-26 19:17:25.253795,37,"stress_label",20,128,0.03125,0.538461538461538,0.58974358974359,NA,20,"top20","eeg_tleft_sampent_full_change_precond;eeg_c_theta_mean_full_change_precond;gsr_skin_conductance_eda_tonic_mean_nk_full_change_precond;eeg_tleft_halpha_mean_full_change_precond;eeg_tright_lalpha_mean_full_change_precond;hrv_rmssd_full_change_precond;eeg_tleft_lalpha_mean_full_change_precond;pupil_dilation_sd_full_change_precond;eeg_fm_theta_mean_full_change_precond;eeg_pright_sampent_full_change_precond;eeg_fl_hbeta_mean_full_change_precond;eeg_t_sampent_full_change_precond;eeg_c_specent_full_change_precond;eeg_tleft_hbeta_mean_full_change_precond;pupil_asymmetry_full_change_precond;eeg_fr_sampent_full_change_precond;hr_heartrate_bpm_med_abs_full_change_precond;eeg_tright_halpha_mean_full_change_precond;eeg_pleft_halpha_mean_full_change_precond;eeg_c_sampent_full_change_precond"
2025-11-26 19:17:26.444085,37,"stress_label",20,256,0.03125,0.538461538461538,0.538461538461538,NA,20,"top20","eeg_tleft_sampent_full_change_precond;eeg_c_theta_mean_full_change_precond;gsr_skin_conductance_eda_tonic_mean_nk_full_change_precond;eeg_tleft_halpha_mean_full_change_precond;eeg_tright_lalpha_mean_full_change_precond;hrv_rmssd_full_change_precond;eeg_tleft_lalpha_mean_full_change_precond;pupil_dilation_sd_full_change_precond;eeg_fm_theta_mean_full_change_precond;eeg_pright_sampent_full_change_precond;eeg_fl_hbeta_mean_full_change_precond;eeg_t_sampent_full_change_precond;eeg_c_specent_full_change_precond;eeg_tleft_hbeta_mean_full_change_precond;pupil_asymmetry_full_change_precond;eeg_fr_sampent_full_change_precond;hr_heartrate_bpm_med_abs_full_change_precond;eeg_tright_halpha_mean_full_change_precond;eeg_pleft_halpha_mean_full_change_precond;eeg_c_sampent_full_change_precond"
2025-11-26 19:17:27.431962,37,"stress_label",20,2,0.0625,0.576923076923077,0.602564102564103,NA,20,"top20","eeg_tleft_sampent_full_change_precond;eeg_c_theta_mean_full_change_precond;gsr_skin_conductance_eda_tonic_mean_nk_full_change_precond;eeg_tleft_halpha_mean_full_change_precond;eeg_tright_lalpha_mean_full_change_precond;hrv_rmssd_full_change_precond;eeg_tleft_lalpha_mean_full_change_precond;pupil_dilation_sd_full_change_precond;eeg_fm_theta_mean_full_change_precond;eeg_pright_sampent_full_change_precond;eeg_fl_hbeta_mean_full_change_precond;eeg_t_sampent_full_change_precond;eeg_c_specent_full_change_precond;eeg_tleft_hbeta_mean_full_change_precond;pupil_asymmetry_full_change_precond;eeg_fr_sampent_full_change_precond;hr_heartrate_bpm_med_abs_full_change_precond;eeg_tright_halpha_mean_full_change_precond;eeg_pleft_halpha_mean_full_change_precond;eeg_c_sampent_full_change_precond"
2025-11-26 19:17:28.492197,37,"stress_label",20,4,0.0625,0.596153846153846,0.58974358974359,NA,20,"top20","eeg_tleft_sampent_full_change_precond;eeg_c_theta_mean_full_change_precond;gsr_skin_conductance_eda_tonic_mean_nk_full_change_precond;eeg_tleft_halpha_mean_full_change_precond;eeg_tright_lalpha_mean_full_change_precond;hrv_rmssd_full_change_precond;eeg_tleft_lalpha_mean_full_change_precond;pupil_dilation_sd_full_change_precond;eeg_fm_theta_mean_full_change_precond;eeg_pright_sampent_full_change_precond;eeg_fl_hbeta_mean_full_change_precond;eeg_t_sampent_full_change_precond;eeg_c_specent_full_change_precond;eeg_tleft_hbeta_mean_full_change_precond;pupil_asymmetry_full_change_precond;eeg_fr_sampent_full_change_precond;hr_heartrate_bpm_med_abs_full_change_precond;eeg_tright_halpha_mean_full_change_precond;eeg_pleft_halpha_mean_full_change_precond;eeg_c_sampent_full_change_precond"
2025-11-26 19:17:29.635497,37,"stress_label",20,8,0.0625,0.544871794871795,0.621794871794872,NA,20,"top20","eeg_tleft_sampent_full_change_precond;eeg_c_theta_mean_full_change_precond;gsr_skin_conductance_eda_tonic_mean_nk_full_change_precond;eeg_tleft_halpha_mean_full_change_precond;eeg_tright_lalpha_mean_full_change_precond;hrv_rmssd_full_change_precond;eeg_tleft_lalpha_mean_full_change_precond;pupil_dilation_sd_full_change_precond;eeg_fm_theta_mean_full_change_precond;eeg_pright_sampent_full_change_precond;eeg_fl_hbeta_mean_full_change_precond;eeg_t_sampent_full_change_precond;eeg_c_specent_full_change_precond;eeg_tleft_hbeta_mean_full_change_precond;pupil_asymmetry_full_change_precond;eeg_fr_sampent_full_change_precond;hr_heartrate_bpm_med_abs_full_change_precond;eeg_tright_halpha_mean_full_change_precond;eeg_pleft_halpha_mean_full_change_precond;eeg_c_sampent_full_change_precond"
2025-11-26 19:17:30.685858,37,"stress_label",20,16,0.0625,0.532051282051282,0.608974358974359,NA,20,"top20","eeg_tleft_sampent_full_change_precond;eeg_c_theta_mean_full_change_precond;gsr_skin_conductance_eda_tonic_mean_nk_full_change_precond;eeg_tleft_halpha_mean_full_change_precond;eeg_tright_lalpha_mean_full_change_precond;hrv_rmssd_full_change_precond;eeg_tleft_lalpha_mean_full_change_precond;pupil_dilation_sd_full_change_precond;eeg_fm_theta_mean_full_change_precond;eeg_pright_sampent_full_change_precond;eeg_fl_hbeta_mean_full_change_precond;eeg_t_sampent_full_change_precond;eeg_c_specent_full_change_precond;eeg_tleft_hbeta_mean_full_change_precond;pupil_asymmetry_full_change_precond;eeg_fr_sampent_full_change_precond;hr_heartrate_bpm_med_abs_full_change_precond;eeg_tright_halpha_mean_full_change_precond;eeg_pleft_halpha_mean_full_change_precond;eeg_c_sampent_full_change_precond"
2025-11-26 19:17:31.817908,37,"stress_label",20,32,0.0625,0.525641025641026,0.608974358974359,NA,20,"top20","eeg_tleft_sampent_full_change_precond;eeg_c_theta_mean_full_change_precond;gsr_skin_conductance_eda_tonic_mean_nk_full_change_precond;eeg_tleft_halpha_mean_full_change_precond;eeg_tright_lalpha_mean_full_change_precond;hrv_rmssd_full_change_precond;eeg_tleft_lalpha_mean_full_change_precond;pupil_dilation_sd_full_change_precond;eeg_fm_theta_mean_full_change_precond;eeg_pright_sampent_full_change_precond;eeg_fl_hbeta_mean_full_change_precond;eeg_t_sampent_full_change_precond;eeg_c_specent_full_change_precond;eeg_tleft_hbeta_mean_full_change_precond;pupil_asymmetry_full_change_precond;eeg_fr_sampent_full_change_precond;hr_heartrate_bpm_med_abs_full_change_precond;eeg_tright_halpha_mean_full_change_precond;eeg_pleft_halpha_mean_full_change_precond;eeg_c_sampent_full_change_precond"
2025-11-26 19:17:32.91097,37,"stress_label",20,64,0.0625,0.525641025641026,0.608974358974359,NA,20,"top20","eeg_tleft_sampent_full_change_precond;eeg_c_theta_mean_full_change_precond;gsr_skin_conductance_eda_tonic_mean_nk_full_change_precond;eeg_tleft_halpha_mean_full_change_precond;eeg_tright_lalpha_mean_full_change_precond;hrv_rmssd_full_change_precond;eeg_tleft_lalpha_mean_full_change_precond;pupil_dilation_sd_full_change_precond;eeg_fm_theta_mean_full_change_precond;eeg_pright_sampent_full_change_precond;eeg_fl_hbeta_mean_full_change_precond;eeg_t_sampent_full_change_precond;eeg_c_specent_full_change_precond;eeg_tleft_hbeta_mean_full_change_precond;pupil_asymmetry_full_change_precond;eeg_fr_sampent_full_change_precond;hr_heartrate_bpm_med_abs_full_change_precond;eeg_tright_halpha_mean_full_change_precond;eeg_pleft_halpha_mean_full_change_precond;eeg_c_sampent_full_change_precond"
2025-11-26 19:17:33.864467,37,"stress_label",20,128,0.0625,0.525641025641026,0.608974358974359,NA,20,"top20","eeg_tleft_sampent_full_change_precond;eeg_c_theta_mean_full_change_precond;gsr_skin_conductance_eda_tonic_mean_nk_full_change_precond;eeg_tleft_halpha_mean_full_change_precond;eeg_tright_lalpha_mean_full_change_precond;hrv_rmssd_full_change_precond;eeg_tleft_lalpha_mean_full_change_precond;pupil_dilation_sd_full_change_precond;eeg_fm_theta_mean_full_change_precond;eeg_pright_sampent_full_change_precond;eeg_fl_hbeta_mean_full_change_precond;eeg_t_sampent_full_change_precond;eeg_c_specent_full_change_precond;eeg_tleft_hbeta_mean_full_change_precond;pupil_asymmetry_full_change_precond;eeg_fr_sampent_full_change_precond;hr_heartrate_bpm_med_abs_full_change_precond;eeg_tright_halpha_mean_full_change_precond;eeg_pleft_halpha_mean_full_change_precond;eeg_c_sampent_full_change_precond"
2025-11-26 19:17:34.977006,37,"stress_label",20,256,0.0625,0.525641025641026,0.608974358974359,NA,20,"top20","eeg_tleft_sampent_full_change_precond;eeg_c_theta_mean_full_change_precond;gsr_skin_conductance_eda_tonic_mean_nk_full_change_precond;eeg_tleft_halpha_mean_full_change_precond;eeg_tright_lalpha_mean_full_change_precond;hrv_rmssd_full_change_precond;eeg_tleft_lalpha_mean_full_change_precond;pupil_dilation_sd_full_change_precond;eeg_fm_theta_mean_full_change_precond;eeg_pright_sampent_full_change_precond;eeg_fl_hbeta_mean_full_change_precond;eeg_t_sampent_full_change_precond;eeg_c_specent_full_change_precond;eeg_tleft_hbeta_mean_full_change_precond;pupil_asymmetry_full_change_precond;eeg_fr_sampent_full_change_precond;hr_heartrate_bpm_med_abs_full_change_precond;eeg_tright_halpha_mean_full_change_precond;eeg_pleft_halpha_mean_full_change_precond;eeg_c_sampent_full_change_precond"
2025-11-26 19:17:36.036424,37,"stress_label",20,2,0.125,0.557692307692308,0.583333333333333,0.541025641025641,20,"top20","eeg_tleft_sampent_full_change_precond;eeg_c_theta_mean_full_change_precond;gsr_skin_conductance_eda_tonic_mean_nk_full_change_precond;eeg_tleft_halpha_mean_full_change_precond;eeg_tright_lalpha_mean_full_change_precond;hrv_rmssd_full_change_precond;eeg_tleft_lalpha_mean_full_change_precond;pupil_dilation_sd_full_change_precond;eeg_fm_theta_mean_full_change_precond;eeg_pright_sampent_full_change_precond;eeg_fl_hbeta_mean_full_change_precond;eeg_t_sampent_full_change_precond;eeg_c_specent_full_change_precond;eeg_tleft_hbeta_mean_full_change_precond;pupil_asymmetry_full_change_precond;eeg_fr_sampent_full_change_precond;hr_heartrate_bpm_med_abs_full_change_precond;eeg_tright_halpha_mean_full_change_precond;eeg_pleft_halpha_mean_full_change_precond;eeg_c_sampent_full_change_precond"
2025-11-26 19:17:37.120723,37,"stress_label",20,4,0.125,0.557692307692308,0.596153846153846,NA,20,"top20","eeg_tleft_sampent_full_change_precond;eeg_c_theta_mean_full_change_precond;gsr_skin_conductance_eda_tonic_mean_nk_full_change_precond;eeg_tleft_halpha_mean_full_change_precond;eeg_tright_lalpha_mean_full_change_precond;hrv_rmssd_full_change_precond;eeg_tleft_lalpha_mean_full_change_precond;pupil_dilation_sd_full_change_precond;eeg_fm_theta_mean_full_change_precond;eeg_pright_sampent_full_change_precond;eeg_fl_hbeta_mean_full_change_precond;eeg_t_sampent_full_change_precond;eeg_c_specent_full_change_precond;eeg_tleft_hbeta_mean_full_change_precond;pupil_asymmetry_full_change_precond;eeg_fr_sampent_full_change_precond;hr_heartrate_bpm_med_abs_full_change_precond;eeg_tright_halpha_mean_full_change_precond;eeg_pleft_halpha_mean_full_change_precond;eeg_c_sampent_full_change_precond"
2025-11-26 19:17:38.252695,37,"stress_label",20,8,0.125,0.557692307692308,0.58974358974359,NA,20,"top20","eeg_tleft_sampent_full_change_precond;eeg_c_theta_mean_full_change_precond;gsr_skin_conductance_eda_tonic_mean_nk_full_change_precond;eeg_tleft_halpha_mean_full_change_precond;eeg_tright_lalpha_mean_full_change_precond;hrv_rmssd_full_change_precond;eeg_tleft_lalpha_mean_full_change_precond;pupil_dilation_sd_full_change_precond;eeg_fm_theta_mean_full_change_precond;eeg_pright_sampent_full_change_precond;eeg_fl_hbeta_mean_full_change_precond;eeg_t_sampent_full_change_precond;eeg_c_specent_full_change_precond;eeg_tleft_hbeta_mean_full_change_precond;pupil_asymmetry_full_change_precond;eeg_fr_sampent_full_change_precond;hr_heartrate_bpm_med_abs_full_change_precond;eeg_tright_halpha_mean_full_change_precond;eeg_pleft_halpha_mean_full_change_precond;eeg_c_sampent_full_change_precond"
2025-11-26 19:17:39.386371,37,"stress_label",20,16,0.125,0.557692307692308,0.58974358974359,NA,20,"top20","eeg_tleft_sampent_full_change_precond;eeg_c_theta_mean_full_change_precond;gsr_skin_conductance_eda_tonic_mean_nk_full_change_precond;eeg_tleft_halpha_mean_full_change_precond;eeg_tright_lalpha_mean_full_change_precond;hrv_rmssd_full_change_precond;eeg_tleft_lalpha_mean_full_change_precond;pupil_dilation_sd_full_change_precond;eeg_fm_theta_mean_full_change_precond;eeg_pright_sampent_full_change_precond;eeg_fl_hbeta_mean_full_change_precond;eeg_t_sampent_full_change_precond;eeg_c_specent_full_change_precond;eeg_tleft_hbeta_mean_full_change_precond;pupil_asymmetry_full_change_precond;eeg_fr_sampent_full_change_precond;hr_heartrate_bpm_med_abs_full_change_precond;eeg_tright_halpha_mean_full_change_precond;eeg_pleft_halpha_mean_full_change_precond;eeg_c_sampent_full_change_precond"
2025-11-26 19:17:40.495637,37,"stress_label",20,32,0.125,0.557692307692308,0.58974358974359,NA,20,"top20","eeg_tleft_sampent_full_change_precond;eeg_c_theta_mean_full_change_precond;gsr_skin_conductance_eda_tonic_mean_nk_full_change_precond;eeg_tleft_halpha_mean_full_change_precond;eeg_tright_lalpha_mean_full_change_precond;hrv_rmssd_full_change_precond;eeg_tleft_lalpha_mean_full_change_precond;pupil_dilation_sd_full_change_precond;eeg_fm_theta_mean_full_change_precond;eeg_pright_sampent_full_change_precond;eeg_fl_hbeta_mean_full_change_precond;eeg_t_sampent_full_change_precond;eeg_c_specent_full_change_precond;eeg_tleft_hbeta_mean_full_change_precond;pupil_asymmetry_full_change_precond;eeg_fr_sampent_full_change_precond;hr_heartrate_bpm_med_abs_full_change_precond;eeg_tright_halpha_mean_full_change_precond;eeg_pleft_halpha_mean_full_change_precond;eeg_c_sampent_full_change_precond"
2025-11-26 19:17:41.525512,37,"stress_label",20,64,0.125,0.557692307692308,0.58974358974359,NA,20,"top20","eeg_tleft_sampent_full_change_precond;eeg_c_theta_mean_full_change_precond;gsr_skin_conductance_eda_tonic_mean_nk_full_change_precond;eeg_tleft_halpha_mean_full_change_precond;eeg_tright_lalpha_mean_full_change_precond;hrv_rmssd_full_change_precond;eeg_tleft_lalpha_mean_full_change_precond;pupil_dilation_sd_full_change_precond;eeg_fm_theta_mean_full_change_precond;eeg_pright_sampent_full_change_precond;eeg_fl_hbeta_mean_full_change_precond;eeg_t_sampent_full_change_precond;eeg_c_specent_full_change_precond;eeg_tleft_hbeta_mean_full_change_precond;pupil_asymmetry_full_change_precond;eeg_fr_sampent_full_change_precond;hr_heartrate_bpm_med_abs_full_change_precond;eeg_tright_halpha_mean_full_change_precond;eeg_pleft_halpha_mean_full_change_precond;eeg_c_sampent_full_change_precond"
2025-11-26 19:17:42.660406,37,"stress_label",20,128,0.125,0.557692307692308,0.576923076923077,NA,20,"top20","eeg_tleft_sampent_full_change_precond;eeg_c_theta_mean_full_change_precond;gsr_skin_conductance_eda_tonic_mean_nk_full_change_precond;eeg_tleft_halpha_mean_full_change_precond;eeg_tright_lalpha_mean_full_change_precond;hrv_rmssd_full_change_precond;eeg_tleft_lalpha_mean_full_change_precond;pupil_dilation_sd_full_change_precond;eeg_fm_theta_mean_full_change_precond;eeg_pright_sampent_full_change_precond;eeg_fl_hbeta_mean_full_change_precond;eeg_t_sampent_full_change_precond;eeg_c_specent_full_change_precond;eeg_tleft_hbeta_mean_full_change_precond;pupil_asymmetry_full_change_precond;eeg_fr_sampent_full_change_precond;hr_heartrate_bpm_med_abs_full_change_precond;eeg_tright_halpha_mean_full_change_precond;eeg_pleft_halpha_mean_full_change_precond;eeg_c_sampent_full_change_precond"
2025-11-26 19:17:43.792358,37,"stress_label",20,256,0.125,0.557692307692308,0.58974358974359,NA,20,"top20","eeg_tleft_sampent_full_change_precond;eeg_c_theta_mean_full_change_precond;gsr_skin_conductance_eda_tonic_mean_nk_full_change_precond;eeg_tleft_halpha_mean_full_change_precond;eeg_tright_lalpha_mean_full_change_precond;hrv_rmssd_full_change_precond;eeg_tleft_lalpha_mean_full_change_precond;pupil_dilation_sd_full_change_precond;eeg_fm_theta_mean_full_change_precond;eeg_pright_sampent_full_change_precond;eeg_fl_hbeta_mean_full_change_precond;eeg_t_sampent_full_change_precond;eeg_c_specent_full_change_precond;eeg_tleft_hbeta_mean_full_change_precond;pupil_asymmetry_full_change_precond;eeg_fr_sampent_full_change_precond;hr_heartrate_bpm_med_abs_full_change_precond;eeg_tright_halpha_mean_full_change_precond;eeg_pleft_halpha_mean_full_change_precond;eeg_c_sampent_full_change_precond"
2025-11-26 19:17:44.846602,37,"stress_label",20,2,0.03,0.538461538461538,0.58974358974359,NA,20,"top20","eeg_tleft_sampent_full_change_precond;eeg_c_theta_mean_full_change_precond;gsr_skin_conductance_eda_tonic_mean_nk_full_change_precond;eeg_tleft_halpha_mean_full_change_precond;eeg_tright_lalpha_mean_full_change_precond;hrv_rmssd_full_change_precond;eeg_tleft_lalpha_mean_full_change_precond;pupil_dilation_sd_full_change_precond;eeg_fm_theta_mean_full_change_precond;eeg_pright_sampent_full_change_precond;eeg_fl_hbeta_mean_full_change_precond;eeg_t_sampent_full_change_precond;eeg_c_specent_full_change_precond;eeg_tleft_hbeta_mean_full_change_precond;pupil_asymmetry_full_change_precond;eeg_fr_sampent_full_change_precond;hr_heartrate_bpm_med_abs_full_change_precond;eeg_tright_halpha_mean_full_change_precond;eeg_pleft_halpha_mean_full_change_precond;eeg_c_sampent_full_change_precond"
2025-11-26 19:17:45.828901,37,"stress_label",20,4,0.03,0.57051282051282,0.621794871794872,NA,20,"top20","eeg_tleft_sampent_full_change_precond;eeg_c_theta_mean_full_change_precond;gsr_skin_conductance_eda_tonic_mean_nk_full_change_precond;eeg_tleft_halpha_mean_full_change_precond;eeg_tright_lalpha_mean_full_change_precond;hrv_rmssd_full_change_precond;eeg_tleft_lalpha_mean_full_change_precond;pupil_dilation_sd_full_change_precond;eeg_fm_theta_mean_full_change_precond;eeg_pright_sampent_full_change_precond;eeg_fl_hbeta_mean_full_change_precond;eeg_t_sampent_full_change_precond;eeg_c_specent_full_change_precond;eeg_tleft_hbeta_mean_full_change_precond;pupil_asymmetry_full_change_precond;eeg_fr_sampent_full_change_precond;hr_heartrate_bpm_med_abs_full_change_precond;eeg_tright_halpha_mean_full_change_precond;eeg_pleft_halpha_mean_full_change_precond;eeg_c_sampent_full_change_precond"
2025-11-26 19:17:46.972711,37,"stress_label",20,8,0.03,0.58974358974359,0.596153846153846,NA,20,"top20","eeg_tleft_sampent_full_change_precond;eeg_c_theta_mean_full_change_precond;gsr_skin_conductance_eda_tonic_mean_nk_full_change_precond;eeg_tleft_halpha_mean_full_change_precond;eeg_tright_lalpha_mean_full_change_precond;hrv_rmssd_full_change_precond;eeg_tleft_lalpha_mean_full_change_precond;pupil_dilation_sd_full_change_precond;eeg_fm_theta_mean_full_change_precond;eeg_pright_sampent_full_change_precond;eeg_fl_hbeta_mean_full_change_precond;eeg_t_sampent_full_change_precond;eeg_c_specent_full_change_precond;eeg_tleft_hbeta_mean_full_change_precond;pupil_asymmetry_full_change_precond;eeg_fr_sampent_full_change_precond;hr_heartrate_bpm_med_abs_full_change_precond;eeg_tright_halpha_mean_full_change_precond;eeg_pleft_halpha_mean_full_change_precond;eeg_c_sampent_full_change_precond"
2025-11-26 19:17:48.159353,37,"stress_label",20,16,0.03,0.57051282051282,0.596153846153846,NA,20,"top20","eeg_tleft_sampent_full_change_precond;eeg_c_theta_mean_full_change_precond;gsr_skin_conductance_eda_tonic_mean_nk_full_change_precond;eeg_tleft_halpha_mean_full_change_precond;eeg_tright_lalpha_mean_full_change_precond;hrv_rmssd_full_change_precond;eeg_tleft_lalpha_mean_full_change_precond;pupil_dilation_sd_full_change_precond;eeg_fm_theta_mean_full_change_precond;eeg_pright_sampent_full_change_precond;eeg_fl_hbeta_mean_full_change_precond;eeg_t_sampent_full_change_precond;eeg_c_specent_full_change_precond;eeg_tleft_hbeta_mean_full_change_precond;pupil_asymmetry_full_change_precond;eeg_fr_sampent_full_change_precond;hr_heartrate_bpm_med_abs_full_change_precond;eeg_tright_halpha_mean_full_change_precond;eeg_pleft_halpha_mean_full_change_precond;eeg_c_sampent_full_change_precond"
2025-11-26 19:17:49.318945,37,"stress_label",20,32,0.03,0.564102564102564,0.583333333333333,NA,20,"top20","eeg_tleft_sampent_full_change_precond;eeg_c_theta_mean_full_change_precond;gsr_skin_conductance_eda_tonic_mean_nk_full_change_precond;eeg_tleft_halpha_mean_full_change_precond;eeg_tright_lalpha_mean_full_change_precond;hrv_rmssd_full_change_precond;eeg_tleft_lalpha_mean_full_change_precond;pupil_dilation_sd_full_change_precond;eeg_fm_theta_mean_full_change_precond;eeg_pright_sampent_full_change_precond;eeg_fl_hbeta_mean_full_change_precond;eeg_t_sampent_full_change_precond;eeg_c_specent_full_change_precond;eeg_tleft_hbeta_mean_full_change_precond;pupil_asymmetry_full_change_precond;eeg_fr_sampent_full_change_precond;hr_heartrate_bpm_med_abs_full_change_precond;eeg_tright_halpha_mean_full_change_precond;eeg_pleft_halpha_mean_full_change_precond;eeg_c_sampent_full_change_precond"
2025-11-26 19:17:50.286856,37,"stress_label",20,64,0.03,0.532051282051282,0.493589743589744,NA,20,"top20","eeg_tleft_sampent_full_change_precond;eeg_c_theta_mean_full_change_precond;gsr_skin_conductance_eda_tonic_mean_nk_full_change_precond;eeg_tleft_halpha_mean_full_change_precond;eeg_tright_lalpha_mean_full_change_precond;hrv_rmssd_full_change_precond;eeg_tleft_lalpha_mean_full_change_precond;pupil_dilation_sd_full_change_precond;eeg_fm_theta_mean_full_change_precond;eeg_pright_sampent_full_change_precond;eeg_fl_hbeta_mean_full_change_precond;eeg_t_sampent_full_change_precond;eeg_c_specent_full_change_precond;eeg_tleft_hbeta_mean_full_change_precond;pupil_asymmetry_full_change_precond;eeg_fr_sampent_full_change_precond;hr_heartrate_bpm_med_abs_full_change_precond;eeg_tright_halpha_mean_full_change_precond;eeg_pleft_halpha_mean_full_change_precond;eeg_c_sampent_full_change_precond"
2025-11-26 19:17:51.39948,37,"stress_label",20,128,0.03,0.532051282051282,0.564102564102564,NA,20,"top20","eeg_tleft_sampent_full_change_precond;eeg_c_theta_mean_full_change_precond;gsr_skin_conductance_eda_tonic_mean_nk_full_change_precond;eeg_tleft_halpha_mean_full_change_precond;eeg_tright_lalpha_mean_full_change_precond;hrv_rmssd_full_change_precond;eeg_tleft_lalpha_mean_full_change_precond;pupil_dilation_sd_full_change_precond;eeg_fm_theta_mean_full_change_precond;eeg_pright_sampent_full_change_precond;eeg_fl_hbeta_mean_full_change_precond;eeg_t_sampent_full_change_precond;eeg_c_specent_full_change_precond;eeg_tleft_hbeta_mean_full_change_precond;pupil_asymmetry_full_change_precond;eeg_fr_sampent_full_change_precond;hr_heartrate_bpm_med_abs_full_change_precond;eeg_tright_halpha_mean_full_change_precond;eeg_pleft_halpha_mean_full_change_precond;eeg_c_sampent_full_change_precond"
2025-11-26 19:17:52.332425,37,"stress_label",20,256,0.03,0.532051282051282,0.538461538461538,NA,20,"top20","eeg_tleft_sampent_full_change_precond;eeg_c_theta_mean_full_change_precond;gsr_skin_conductance_eda_tonic_mean_nk_full_change_precond;eeg_tleft_halpha_mean_full_change_precond;eeg_tright_lalpha_mean_full_change_precond;hrv_rmssd_full_change_precond;eeg_tleft_lalpha_mean_full_change_precond;pupil_dilation_sd_full_change_precond;eeg_fm_theta_mean_full_change_precond;eeg_pright_sampent_full_change_precond;eeg_fl_hbeta_mean_full_change_precond;eeg_t_sampent_full_change_precond;eeg_c_specent_full_change_precond;eeg_tleft_hbeta_mean_full_change_precond;pupil_asymmetry_full_change_precond;eeg_fr_sampent_full_change_precond;hr_heartrate_bpm_med_abs_full_change_precond;eeg_tright_halpha_mean_full_change_precond;eeg_pleft_halpha_mean_full_change_precond;eeg_c_sampent_full_change_precond"
2025-11-26 19:17:53.350797,37,"stress_label",20,2,0.06,0.576923076923077,0.608974358974359,NA,20,"top20","eeg_tleft_sampent_full_change_precond;eeg_c_theta_mean_full_change_precond;gsr_skin_conductance_eda_tonic_mean_nk_full_change_precond;eeg_tleft_halpha_mean_full_change_precond;eeg_tright_lalpha_mean_full_change_precond;hrv_rmssd_full_change_precond;eeg_tleft_lalpha_mean_full_change_precond;pupil_dilation_sd_full_change_precond;eeg_fm_theta_mean_full_change_precond;eeg_pright_sampent_full_change_precond;eeg_fl_hbeta_mean_full_change_precond;eeg_t_sampent_full_change_precond;eeg_c_specent_full_change_precond;eeg_tleft_hbeta_mean_full_change_precond;pupil_asymmetry_full_change_precond;eeg_fr_sampent_full_change_precond;hr_heartrate_bpm_med_abs_full_change_precond;eeg_tright_halpha_mean_full_change_precond;eeg_pleft_halpha_mean_full_change_precond;eeg_c_sampent_full_change_precond"
2025-11-26 19:17:54.445959,37,"stress_label",20,4,0.06,0.596153846153846,0.58974358974359,NA,20,"top20","eeg_tleft_sampent_full_change_precond;eeg_c_theta_mean_full_change_precond;gsr_skin_conductance_eda_tonic_mean_nk_full_change_precond;eeg_tleft_halpha_mean_full_change_precond;eeg_tright_lalpha_mean_full_change_precond;hrv_rmssd_full_change_precond;eeg_tleft_lalpha_mean_full_change_precond;pupil_dilation_sd_full_change_precond;eeg_fm_theta_mean_full_change_precond;eeg_pright_sampent_full_change_precond;eeg_fl_hbeta_mean_full_change_precond;eeg_t_sampent_full_change_precond;eeg_c_specent_full_change_precond;eeg_tleft_hbeta_mean_full_change_precond;pupil_asymmetry_full_change_precond;eeg_fr_sampent_full_change_precond;hr_heartrate_bpm_med_abs_full_change_precond;eeg_tright_halpha_mean_full_change_precond;eeg_pleft_halpha_mean_full_change_precond;eeg_c_sampent_full_change_precond"
2025-11-26 19:17:55.608063,37,"stress_label",20,8,0.06,0.538461538461538,0.615384615384615,NA,20,"top20","eeg_tleft_sampent_full_change_precond;eeg_c_theta_mean_full_change_precond;gsr_skin_conductance_eda_tonic_mean_nk_full_change_precond;eeg_tleft_halpha_mean_full_change_precond;eeg_tright_lalpha_mean_full_change_precond;hrv_rmssd_full_change_precond;eeg_tleft_lalpha_mean_full_change_precond;pupil_dilation_sd_full_change_precond;eeg_fm_theta_mean_full_change_precond;eeg_pright_sampent_full_change_precond;eeg_fl_hbeta_mean_full_change_precond;eeg_t_sampent_full_change_precond;eeg_c_specent_full_change_precond;eeg_tleft_hbeta_mean_full_change_precond;pupil_asymmetry_full_change_precond;eeg_fr_sampent_full_change_precond;hr_heartrate_bpm_med_abs_full_change_precond;eeg_tright_halpha_mean_full_change_precond;eeg_pleft_halpha_mean_full_change_precond;eeg_c_sampent_full_change_precond"
2025-11-26 19:17:56.772507,37,"stress_label",20,16,0.06,0.532051282051282,0.608974358974359,NA,20,"top20","eeg_tleft_sampent_full_change_precond;eeg_c_theta_mean_full_change_precond;gsr_skin_conductance_eda_tonic_mean_nk_full_change_precond;eeg_tleft_halpha_mean_full_change_precond;eeg_tright_lalpha_mean_full_change_precond;hrv_rmssd_full_change_precond;eeg_tleft_lalpha_mean_full_change_precond;pupil_dilation_sd_full_change_precond;eeg_fm_theta_mean_full_change_precond;eeg_pright_sampent_full_change_precond;eeg_fl_hbeta_mean_full_change_precond;eeg_t_sampent_full_change_precond;eeg_c_specent_full_change_precond;eeg_tleft_hbeta_mean_full_change_precond;pupil_asymmetry_full_change_precond;eeg_fr_sampent_full_change_precond;hr_heartrate_bpm_med_abs_full_change_precond;eeg_tright_halpha_mean_full_change_precond;eeg_pleft_halpha_mean_full_change_precond;eeg_c_sampent_full_change_precond"
2025-11-26 19:17:57.937273,37,"stress_label",20,32,0.06,0.525641025641026,0.608974358974359,NA,20,"top20","eeg_tleft_sampent_full_change_precond;eeg_c_theta_mean_full_change_precond;gsr_skin_conductance_eda_tonic_mean_nk_full_change_precond;eeg_tleft_halpha_mean_full_change_precond;eeg_tright_lalpha_mean_full_change_precond;hrv_rmssd_full_change_precond;eeg_tleft_lalpha_mean_full_change_precond;pupil_dilation_sd_full_change_precond;eeg_fm_theta_mean_full_change_precond;eeg_pright_sampent_full_change_precond;eeg_fl_hbeta_mean_full_change_precond;eeg_t_sampent_full_change_precond;eeg_c_specent_full_change_precond;eeg_tleft_hbeta_mean_full_change_precond;pupil_asymmetry_full_change_precond;eeg_fr_sampent_full_change_precond;hr_heartrate_bpm_med_abs_full_change_precond;eeg_tright_halpha_mean_full_change_precond;eeg_pleft_halpha_mean_full_change_precond;eeg_c_sampent_full_change_precond"
2025-11-26 19:17:59.042507,37,"stress_label",20,64,0.06,0.525641025641026,0.608974358974359,NA,20,"top20","eeg_tleft_sampent_full_change_precond;eeg_c_theta_mean_full_change_precond;gsr_skin_conductance_eda_tonic_mean_nk_full_change_precond;eeg_tleft_halpha_mean_full_change_precond;eeg_tright_lalpha_mean_full_change_precond;hrv_rmssd_full_change_precond;eeg_tleft_lalpha_mean_full_change_precond;pupil_dilation_sd_full_change_precond;eeg_fm_theta_mean_full_change_precond;eeg_pright_sampent_full_change_precond;eeg_fl_hbeta_mean_full_change_precond;eeg_t_sampent_full_change_precond;eeg_c_specent_full_change_precond;eeg_tleft_hbeta_mean_full_change_precond;pupil_asymmetry_full_change_precond;eeg_fr_sampent_full_change_precond;hr_heartrate_bpm_med_abs_full_change_precond;eeg_tright_halpha_mean_full_change_precond;eeg_pleft_halpha_mean_full_change_precond;eeg_c_sampent_full_change_precond"
2025-11-26 19:18:00.150235,37,"stress_label",20,128,0.06,0.525641025641026,0.608974358974359,NA,20,"top20","eeg_tleft_sampent_full_change_precond;eeg_c_theta_mean_full_change_precond;gsr_skin_conductance_eda_tonic_mean_nk_full_change_precond;eeg_tleft_halpha_mean_full_change_precond;eeg_tright_lalpha_mean_full_change_precond;hrv_rmssd_full_change_precond;eeg_tleft_lalpha_mean_full_change_precond;pupil_dilation_sd_full_change_precond;eeg_fm_theta_mean_full_change_precond;eeg_pright_sampent_full_change_precond;eeg_fl_hbeta_mean_full_change_precond;eeg_t_sampent_full_change_precond;eeg_c_specent_full_change_precond;eeg_tleft_hbeta_mean_full_change_precond;pupil_asymmetry_full_change_precond;eeg_fr_sampent_full_change_precond;hr_heartrate_bpm_med_abs_full_change_precond;eeg_tright_halpha_mean_full_change_precond;eeg_pleft_halpha_mean_full_change_precond;eeg_c_sampent_full_change_precond"
2025-11-26 19:18:01.280751,37,"stress_label",20,256,0.06,0.525641025641026,0.608974358974359,NA,20,"top20","eeg_tleft_sampent_full_change_precond;eeg_c_theta_mean_full_change_precond;gsr_skin_conductance_eda_tonic_mean_nk_full_change_precond;eeg_tleft_halpha_mean_full_change_precond;eeg_tright_lalpha_mean_full_change_precond;hrv_rmssd_full_change_precond;eeg_tleft_lalpha_mean_full_change_precond;pupil_dilation_sd_full_change_precond;eeg_fm_theta_mean_full_change_precond;eeg_pright_sampent_full_change_precond;eeg_fl_hbeta_mean_full_change_precond;eeg_t_sampent_full_change_precond;eeg_c_specent_full_change_precond;eeg_tleft_hbeta_mean_full_change_precond;pupil_asymmetry_full_change_precond;eeg_fr_sampent_full_change_precond;hr_heartrate_bpm_med_abs_full_change_precond;eeg_tright_halpha_mean_full_change_precond;eeg_pleft_halpha_mean_full_change_precond;eeg_c_sampent_full_change_precond"
2025-11-26 19:18:02.351556,37,"stress_label",20,2,0.1,0.57051282051282,0.57051282051282,NA,20,"top20","eeg_tleft_sampent_full_change_precond;eeg_c_theta_mean_full_change_precond;gsr_skin_conductance_eda_tonic_mean_nk_full_change_precond;eeg_tleft_halpha_mean_full_change_precond;eeg_tright_lalpha_mean_full_change_precond;hrv_rmssd_full_change_precond;eeg_tleft_lalpha_mean_full_change_precond;pupil_dilation_sd_full_change_precond;eeg_fm_theta_mean_full_change_precond;eeg_pright_sampent_full_change_precond;eeg_fl_hbeta_mean_full_change_precond;eeg_t_sampent_full_change_precond;eeg_c_specent_full_change_precond;eeg_tleft_hbeta_mean_full_change_precond;pupil_asymmetry_full_change_precond;eeg_fr_sampent_full_change_precond;hr_heartrate_bpm_med_abs_full_change_precond;eeg_tright_halpha_mean_full_change_precond;eeg_pleft_halpha_mean_full_change_precond;eeg_c_sampent_full_change_precond"
2025-11-26 19:18:03.397923,37,"stress_label",20,4,0.1,0.551282051282051,0.615384615384615,NA,20,"top20","eeg_tleft_sampent_full_change_precond;eeg_c_theta_mean_full_change_precond;gsr_skin_conductance_eda_tonic_mean_nk_full_change_precond;eeg_tleft_halpha_mean_full_change_precond;eeg_tright_lalpha_mean_full_change_precond;hrv_rmssd_full_change_precond;eeg_tleft_lalpha_mean_full_change_precond;pupil_dilation_sd_full_change_precond;eeg_fm_theta_mean_full_change_precond;eeg_pright_sampent_full_change_precond;eeg_fl_hbeta_mean_full_change_precond;eeg_t_sampent_full_change_precond;eeg_c_specent_full_change_precond;eeg_tleft_hbeta_mean_full_change_precond;pupil_asymmetry_full_change_precond;eeg_fr_sampent_full_change_precond;hr_heartrate_bpm_med_abs_full_change_precond;eeg_tright_halpha_mean_full_change_precond;eeg_pleft_halpha_mean_full_change_precond;eeg_c_sampent_full_change_precond"
2025-11-26 19:18:04.523569,37,"stress_label",20,8,0.1,0.544871794871795,0.596153846153846,NA,20,"top20","eeg_tleft_sampent_full_change_precond;eeg_c_theta_mean_full_change_precond;gsr_skin_conductance_eda_tonic_mean_nk_full_change_precond;eeg_tleft_halpha_mean_full_change_precond;eeg_tright_lalpha_mean_full_change_precond;hrv_rmssd_full_change_precond;eeg_tleft_lalpha_mean_full_change_precond;pupil_dilation_sd_full_change_precond;eeg_fm_theta_mean_full_change_precond;eeg_pright_sampent_full_change_precond;eeg_fl_hbeta_mean_full_change_precond;eeg_t_sampent_full_change_precond;eeg_c_specent_full_change_precond;eeg_tleft_hbeta_mean_full_change_precond;pupil_asymmetry_full_change_precond;eeg_fr_sampent_full_change_precond;hr_heartrate_bpm_med_abs_full_change_precond;eeg_tright_halpha_mean_full_change_precond;eeg_pleft_halpha_mean_full_change_precond;eeg_c_sampent_full_change_precond"
2025-11-26 19:18:05.676572,37,"stress_label",20,16,0.1,0.544871794871795,0.596153846153846,NA,20,"top20","eeg_tleft_sampent_full_change_precond;eeg_c_theta_mean_full_change_precond;gsr_skin_conductance_eda_tonic_mean_nk_full_change_precond;eeg_tleft_halpha_mean_full_change_precond;eeg_tright_lalpha_mean_full_change_precond;hrv_rmssd_full_change_precond;eeg_tleft_lalpha_mean_full_change_precond;pupil_dilation_sd_full_change_precond;eeg_fm_theta_mean_full_change_precond;eeg_pright_sampent_full_change_precond;eeg_fl_hbeta_mean_full_change_precond;eeg_t_sampent_full_change_precond;eeg_c_specent_full_change_precond;eeg_tleft_hbeta_mean_full_change_precond;pupil_asymmetry_full_change_precond;eeg_fr_sampent_full_change_precond;hr_heartrate_bpm_med_abs_full_change_precond;eeg_tright_halpha_mean_full_change_precond;eeg_pleft_halpha_mean_full_change_precond;eeg_c_sampent_full_change_precond"
2025-11-26 19:18:06.815689,37,"stress_label",20,32,0.1,0.544871794871795,0.596153846153846,NA,20,"top20","eeg_tleft_sampent_full_change_precond;eeg_c_theta_mean_full_change_precond;gsr_skin_conductance_eda_tonic_mean_nk_full_change_precond;eeg_tleft_halpha_mean_full_change_precond;eeg_tright_lalpha_mean_full_change_precond;hrv_rmssd_full_change_precond;eeg_tleft_lalpha_mean_full_change_precond;pupil_dilation_sd_full_change_precond;eeg_fm_theta_mean_full_change_precond;eeg_pright_sampent_full_change_precond;eeg_fl_hbeta_mean_full_change_precond;eeg_t_sampent_full_change_precond;eeg_c_specent_full_change_precond;eeg_tleft_hbeta_mean_full_change_precond;pupil_asymmetry_full_change_precond;eeg_fr_sampent_full_change_precond;hr_heartrate_bpm_med_abs_full_change_precond;eeg_tright_halpha_mean_full_change_precond;eeg_pleft_halpha_mean_full_change_precond;eeg_c_sampent_full_change_precond"
2025-11-26 19:18:07.958642,37,"stress_label",20,64,0.1,0.544871794871795,0.596153846153846,NA,20,"top20","eeg_tleft_sampent_full_change_precond;eeg_c_theta_mean_full_change_precond;gsr_skin_conductance_eda_tonic_mean_nk_full_change_precond;eeg_tleft_halpha_mean_full_change_precond;eeg_tright_lalpha_mean_full_change_precond;hrv_rmssd_full_change_precond;eeg_tleft_lalpha_mean_full_change_precond;pupil_dilation_sd_full_change_precond;eeg_fm_theta_mean_full_change_precond;eeg_pright_sampent_full_change_precond;eeg_fl_hbeta_mean_full_change_precond;eeg_t_sampent_full_change_precond;eeg_c_specent_full_change_precond;eeg_tleft_hbeta_mean_full_change_precond;pupil_asymmetry_full_change_precond;eeg_fr_sampent_full_change_precond;hr_heartrate_bpm_med_abs_full_change_precond;eeg_tright_halpha_mean_full_change_precond;eeg_pleft_halpha_mean_full_change_precond;eeg_c_sampent_full_change_precond"
2025-11-26 19:18:09.047576,37,"stress_label",20,128,0.1,0.544871794871795,0.596153846153846,NA,20,"top20","eeg_tleft_sampent_full_change_precond;eeg_c_theta_mean_full_change_precond;gsr_skin_conductance_eda_tonic_mean_nk_full_change_precond;eeg_tleft_halpha_mean_full_change_precond;eeg_tright_lalpha_mean_full_change_precond;hrv_rmssd_full_change_precond;eeg_tleft_lalpha_mean_full_change_precond;pupil_dilation_sd_full_change_precond;eeg_fm_theta_mean_full_change_precond;eeg_pright_sampent_full_change_precond;eeg_fl_hbeta_mean_full_change_precond;eeg_t_sampent_full_change_precond;eeg_c_specent_full_change_precond;eeg_tleft_hbeta_mean_full_change_precond;pupil_asymmetry_full_change_precond;eeg_fr_sampent_full_change_precond;hr_heartrate_bpm_med_abs_full_change_precond;eeg_tright_halpha_mean_full_change_precond;eeg_pleft_halpha_mean_full_change_precond;eeg_c_sampent_full_change_precond"
2025-11-26 19:18:10.163197,37,"stress_label",20,256,0.1,0.544871794871795,0.57051282051282,NA,20,"top20","eeg_tleft_sampent_full_change_precond;eeg_c_theta_mean_full_change_precond;gsr_skin_conductance_eda_tonic_mean_nk_full_change_precond;eeg_tleft_halpha_mean_full_change_precond;eeg_tright_lalpha_mean_full_change_precond;hrv_rmssd_full_change_precond;eeg_tleft_lalpha_mean_full_change_precond;pupil_dilation_sd_full_change_precond;eeg_fm_theta_mean_full_change_precond;eeg_pright_sampent_full_change_precond;eeg_fl_hbeta_mean_full_change_precond;eeg_t_sampent_full_change_precond;eeg_c_specent_full_change_precond;eeg_tleft_hbeta_mean_full_change_precond;pupil_asymmetry_full_change_precond;eeg_fr_sampent_full_change_precond;hr_heartrate_bpm_med_abs_full_change_precond;eeg_tright_halpha_mean_full_change_precond;eeg_pleft_halpha_mean_full_change_precond;eeg_c_sampent_full_change_precond"
2025-11-26 19:18:11.092291,37,"stress_label",10,2,0.0078125,0.551282051282051,0.615384615384615,0.511111111111111,10,"top10","eeg_tleft_sampent_full_change_precond;eeg_c_theta_mean_full_change_precond;gsr_skin_conductance_eda_tonic_mean_nk_full_change_precond;eeg_tleft_halpha_mean_full_change_precond;eeg_tright_lalpha_mean_full_change_precond;hrv_rmssd_full_change_precond;eeg_tleft_lalpha_mean_full_change_precond;pupil_dilation_sd_full_change_precond;eeg_fm_theta_mean_full_change_precond;eeg_pright_sampent_full_change_precond"
2025-11-26 19:18:11.959676,37,"stress_label",10,4,0.0078125,0.57051282051282,0.608974358974359,NA,10,"top10","eeg_tleft_sampent_full_change_precond;eeg_c_theta_mean_full_change_precond;gsr_skin_conductance_eda_tonic_mean_nk_full_change_precond;eeg_tleft_halpha_mean_full_change_precond;eeg_tright_lalpha_mean_full_change_precond;hrv_rmssd_full_change_precond;eeg_tleft_lalpha_mean_full_change_precond;pupil_dilation_sd_full_change_precond;eeg_fm_theta_mean_full_change_precond;eeg_pright_sampent_full_change_precond"
2025-11-26 19:18:12.813155,37,"stress_label",10,8,0.0078125,0.583333333333333,0.615384615384615,0.546153846153846,10,"top10","eeg_tleft_sampent_full_change_precond;eeg_c_theta_mean_full_change_precond;gsr_skin_conductance_eda_tonic_mean_nk_full_change_precond;eeg_tleft_halpha_mean_full_change_precond;eeg_tright_lalpha_mean_full_change_precond;hrv_rmssd_full_change_precond;eeg_tleft_lalpha_mean_full_change_precond;pupil_dilation_sd_full_change_precond;eeg_fm_theta_mean_full_change_precond;eeg_pright_sampent_full_change_precond"
2025-11-26 19:18:13.677914,37,"stress_label",10,16,0.0078125,0.557692307692308,0.608974358974359,NA,10,"top10","eeg_tleft_sampent_full_change_precond;eeg_c_theta_mean_full_change_precond;gsr_skin_conductance_eda_tonic_mean_nk_full_change_precond;eeg_tleft_halpha_mean_full_change_precond;eeg_tright_lalpha_mean_full_change_precond;hrv_rmssd_full_change_precond;eeg_tleft_lalpha_mean_full_change_precond;pupil_dilation_sd_full_change_precond;eeg_fm_theta_mean_full_change_precond;eeg_pright_sampent_full_change_precond"
2025-11-26 19:18:14.629657,37,"stress_label",10,32,0.0078125,0.544871794871795,0.576923076923077,NA,10,"top10","eeg_tleft_sampent_full_change_precond;eeg_c_theta_mean_full_change_precond;gsr_skin_conductance_eda_tonic_mean_nk_full_change_precond;eeg_tleft_halpha_mean_full_change_precond;eeg_tright_lalpha_mean_full_change_precond;hrv_rmssd_full_change_precond;eeg_tleft_lalpha_mean_full_change_precond;pupil_dilation_sd_full_change_precond;eeg_fm_theta_mean_full_change_precond;eeg_pright_sampent_full_change_precond"
2025-11-26 19:18:15.543671,37,"stress_label",10,64,0.0078125,0.583333333333333,0.583333333333333,0.557264957264957,10,"top10","eeg_tleft_sampent_full_change_precond;eeg_c_theta_mean_full_change_precond;gsr_skin_conductance_eda_tonic_mean_nk_full_change_precond;eeg_tleft_halpha_mean_full_change_precond;eeg_tright_lalpha_mean_full_change_precond;hrv_rmssd_full_change_precond;eeg_tleft_lalpha_mean_full_change_precond;pupil_dilation_sd_full_change_precond;eeg_fm_theta_mean_full_change_precond;eeg_pright_sampent_full_change_precond"
2025-11-26 19:18:16.523059,37,"stress_label",10,128,0.0078125,0.564102564102564,0.596153846153846,NA,10,"top10","eeg_tleft_sampent_full_change_precond;eeg_c_theta_mean_full_change_precond;gsr_skin_conductance_eda_tonic_mean_nk_full_change_precond;eeg_tleft_halpha_mean_full_change_precond;eeg_tright_lalpha_mean_full_change_precond;hrv_rmssd_full_change_precond;eeg_tleft_lalpha_mean_full_change_precond;pupil_dilation_sd_full_change_precond;eeg_fm_theta_mean_full_change_precond;eeg_pright_sampent_full_change_precond"
2025-11-26 19:18:17.651304,37,"stress_label",10,256,0.0078125,0.583333333333333,0.621794871794872,NA,10,"top10","eeg_tleft_sampent_full_change_precond;eeg_c_theta_mean_full_change_precond;gsr_skin_conductance_eda_tonic_mean_nk_full_change_precond;eeg_tleft_halpha_mean_full_change_precond;eeg_tright_lalpha_mean_full_change_precond;hrv_rmssd_full_change_precond;eeg_tleft_lalpha_mean_full_change_precond;pupil_dilation_sd_full_change_precond;eeg_fm_theta_mean_full_change_precond;eeg_pright_sampent_full_change_precond"
2025-11-26 19:18:18.730093,37,"stress_label",10,2,0.015625,0.57051282051282,0.583333333333333,NA,10,"top10","eeg_tleft_sampent_full_change_precond;eeg_c_theta_mean_full_change_precond;gsr_skin_conductance_eda_tonic_mean_nk_full_change_precond;eeg_tleft_halpha_mean_full_change_precond;eeg_tright_lalpha_mean_full_change_precond;hrv_rmssd_full_change_precond;eeg_tleft_lalpha_mean_full_change_precond;pupil_dilation_sd_full_change_precond;eeg_fm_theta_mean_full_change_precond;eeg_pright_sampent_full_change_precond"
2025-11-26 19:18:19.535042,37,"stress_label",10,4,0.015625,0.602564102564103,0.608974358974359,0.548717948717949,10,"top10","eeg_tleft_sampent_full_change_precond;eeg_c_theta_mean_full_change_precond;gsr_skin_conductance_eda_tonic_mean_nk_full_change_precond;eeg_tleft_halpha_mean_full_change_precond;eeg_tright_lalpha_mean_full_change_precond;hrv_rmssd_full_change_precond;eeg_tleft_lalpha_mean_full_change_precond;pupil_dilation_sd_full_change_precond;eeg_fm_theta_mean_full_change_precond;eeg_pright_sampent_full_change_precond"
2025-11-26 19:18:20.305366,37,"stress_label",10,8,0.015625,0.57051282051282,0.583333333333333,NA,10,"top10","eeg_tleft_sampent_full_change_precond;eeg_c_theta_mean_full_change_precond;gsr_skin_conductance_eda_tonic_mean_nk_full_change_precond;eeg_tleft_halpha_mean_full_change_precond;eeg_tright_lalpha_mean_full_change_precond;hrv_rmssd_full_change_precond;eeg_tleft_lalpha_mean_full_change_precond;pupil_dilation_sd_full_change_precond;eeg_fm_theta_mean_full_change_precond;eeg_pright_sampent_full_change_precond"
2025-11-26 19:18:21.184863,37,"stress_label",10,16,0.015625,0.576923076923077,0.58974358974359,NA,10,"top10","eeg_tleft_sampent_full_change_precond;eeg_c_theta_mean_full_change_precond;gsr_skin_conductance_eda_tonic_mean_nk_full_change_precond;eeg_tleft_halpha_mean_full_change_precond;eeg_tright_lalpha_mean_full_change_precond;hrv_rmssd_full_change_precond;eeg_tleft_lalpha_mean_full_change_precond;pupil_dilation_sd_full_change_precond;eeg_fm_theta_mean_full_change_precond;eeg_pright_sampent_full_change_precond"
2025-11-26 19:18:22.070216,37,"stress_label",10,32,0.015625,0.583333333333333,0.608974358974359,NA,10,"top10","eeg_tleft_sampent_full_change_precond;eeg_c_theta_mean_full_change_precond;gsr_skin_conductance_eda_tonic_mean_nk_full_change_precond;eeg_tleft_halpha_mean_full_change_precond;eeg_tright_lalpha_mean_full_change_precond;hrv_rmssd_full_change_precond;eeg_tleft_lalpha_mean_full_change_precond;pupil_dilation_sd_full_change_precond;eeg_fm_theta_mean_full_change_precond;eeg_pright_sampent_full_change_precond"
2025-11-26 19:18:23.026444,37,"stress_label",10,64,0.015625,0.583333333333333,0.596153846153846,NA,10,"top10","eeg_tleft_sampent_full_change_precond;eeg_c_theta_mean_full_change_precond;gsr_skin_conductance_eda_tonic_mean_nk_full_change_precond;eeg_tleft_halpha_mean_full_change_precond;eeg_tright_lalpha_mean_full_change_precond;hrv_rmssd_full_change_precond;eeg_tleft_lalpha_mean_full_change_precond;pupil_dilation_sd_full_change_precond;eeg_fm_theta_mean_full_change_precond;eeg_pright_sampent_full_change_precond"
2025-11-26 19:18:23.887708,37,"stress_label",10,128,0.015625,0.596153846153846,0.615384615384615,NA,10,"top10","eeg_tleft_sampent_full_change_precond;eeg_c_theta_mean_full_change_precond;gsr_skin_conductance_eda_tonic_mean_nk_full_change_precond;eeg_tleft_halpha_mean_full_change_precond;eeg_tright_lalpha_mean_full_change_precond;hrv_rmssd_full_change_precond;eeg_tleft_lalpha_mean_full_change_precond;pupil_dilation_sd_full_change_precond;eeg_fm_theta_mean_full_change_precond;eeg_pright_sampent_full_change_precond"
2025-11-26 19:18:24.984554,37,"stress_label",10,256,0.015625,0.596153846153846,0.634615384615385,NA,10,"top10","eeg_tleft_sampent_full_change_precond;eeg_c_theta_mean_full_change_precond;gsr_skin_conductance_eda_tonic_mean_nk_full_change_precond;eeg_tleft_halpha_mean_full_change_precond;eeg_tright_lalpha_mean_full_change_precond;hrv_rmssd_full_change_precond;eeg_tleft_lalpha_mean_full_change_precond;pupil_dilation_sd_full_change_precond;eeg_fm_theta_mean_full_change_precond;eeg_pright_sampent_full_change_precond"
2025-11-26 19:18:25.84957,37,"stress_label",10,2,0.03125,0.576923076923077,0.615384615384615,0.523076923076923,10,"top10","eeg_tleft_sampent_full_change_precond;eeg_c_theta_mean_full_change_precond;gsr_skin_conductance_eda_tonic_mean_nk_full_change_precond;eeg_tleft_halpha_mean_full_change_precond;eeg_tright_lalpha_mean_full_change_precond;hrv_rmssd_full_change_precond;eeg_tleft_lalpha_mean_full_change_precond;pupil_dilation_sd_full_change_precond;eeg_fm_theta_mean_full_change_precond;eeg_pright_sampent_full_change_precond"
2025-11-26 19:18:26.688686,37,"stress_label",10,4,0.03125,0.583333333333333,0.596153846153846,NA,10,"top10","eeg_tleft_sampent_full_change_precond;eeg_c_theta_mean_full_change_precond;gsr_skin_conductance_eda_tonic_mean_nk_full_change_precond;eeg_tleft_halpha_mean_full_change_precond;eeg_tright_lalpha_mean_full_change_precond;hrv_rmssd_full_change_precond;eeg_tleft_lalpha_mean_full_change_precond;pupil_dilation_sd_full_change_precond;eeg_fm_theta_mean_full_change_precond;eeg_pright_sampent_full_change_precond"
2025-11-26 19:18:27.560782,37,"stress_label",10,8,0.03125,0.596153846153846,0.602564102564103,NA,10,"top10","eeg_tleft_sampent_full_change_precond;eeg_c_theta_mean_full_change_precond;gsr_skin_conductance_eda_tonic_mean_nk_full_change_precond;eeg_tleft_halpha_mean_full_change_precond;eeg_tright_lalpha_mean_full_change_precond;hrv_rmssd_full_change_precond;eeg_tleft_lalpha_mean_full_change_precond;pupil_dilation_sd_full_change_precond;eeg_fm_theta_mean_full_change_precond;eeg_pright_sampent_full_change_precond"
2025-11-26 19:18:28.405608,37,"stress_label",10,16,0.03125,0.57051282051282,0.583333333333333,NA,10,"top10","eeg_tleft_sampent_full_change_precond;eeg_c_theta_mean_full_change_precond;gsr_skin_conductance_eda_tonic_mean_nk_full_change_precond;eeg_tleft_halpha_mean_full_change_precond;eeg_tright_lalpha_mean_full_change_precond;hrv_rmssd_full_change_precond;eeg_tleft_lalpha_mean_full_change_precond;pupil_dilation_sd_full_change_precond;eeg_fm_theta_mean_full_change_precond;eeg_pright_sampent_full_change_precond"
2025-11-26 19:18:29.314517,37,"stress_label",10,32,0.03125,0.576923076923077,0.58974358974359,NA,10,"top10","eeg_tleft_sampent_full_change_precond;eeg_c_theta_mean_full_change_precond;gsr_skin_conductance_eda_tonic_mean_nk_full_change_precond;eeg_tleft_halpha_mean_full_change_precond;eeg_tright_lalpha_mean_full_change_precond;hrv_rmssd_full_change_precond;eeg_tleft_lalpha_mean_full_change_precond;pupil_dilation_sd_full_change_precond;eeg_fm_theta_mean_full_change_precond;eeg_pright_sampent_full_change_precond"
2025-11-26 19:18:30.395693,37,"stress_label",10,64,0.03125,0.608974358974359,0.602564102564103,NA,10,"top10","eeg_tleft_sampent_full_change_precond;eeg_c_theta_mean_full_change_precond;gsr_skin_conductance_eda_tonic_mean_nk_full_change_precond;eeg_tleft_halpha_mean_full_change_precond;eeg_tright_lalpha_mean_full_change_precond;hrv_rmssd_full_change_precond;eeg_tleft_lalpha_mean_full_change_precond;pupil_dilation_sd_full_change_precond;eeg_fm_theta_mean_full_change_precond;eeg_pright_sampent_full_change_precond"
2025-11-26 19:18:31.574753,37,"stress_label",10,128,0.03125,0.608974358974359,0.615384615384615,NA,10,"top10","eeg_tleft_sampent_full_change_precond;eeg_c_theta_mean_full_change_precond;gsr_skin_conductance_eda_tonic_mean_nk_full_change_precond;eeg_tleft_halpha_mean_full_change_precond;eeg_tright_lalpha_mean_full_change_precond;hrv_rmssd_full_change_precond;eeg_tleft_lalpha_mean_full_change_precond;pupil_dilation_sd_full_change_precond;eeg_fm_theta_mean_full_change_precond;eeg_pright_sampent_full_change_precond"
2025-11-26 19:18:33.027263,37,"stress_label",10,256,0.03125,0.564102564102564,0.621794871794872,NA,10,"top10","eeg_tleft_sampent_full_change_precond;eeg_c_theta_mean_full_change_precond;gsr_skin_conductance_eda_tonic_mean_nk_full_change_precond;eeg_tleft_halpha_mean_full_change_precond;eeg_tright_lalpha_mean_full_change_precond;hrv_rmssd_full_change_precond;eeg_tleft_lalpha_mean_full_change_precond;pupil_dilation_sd_full_change_precond;eeg_fm_theta_mean_full_change_precond;eeg_pright_sampent_full_change_precond"
2025-11-26 19:18:33.820392,37,"stress_label",10,2,0.0625,0.57051282051282,0.621794871794872,0.54957264957265,10,"top10","eeg_tleft_sampent_full_change_precond;eeg_c_theta_mean_full_change_precond;gsr_skin_conductance_eda_tonic_mean_nk_full_change_precond;eeg_tleft_halpha_mean_full_change_precond;eeg_tright_lalpha_mean_full_change_precond;hrv_rmssd_full_change_precond;eeg_tleft_lalpha_mean_full_change_precond;pupil_dilation_sd_full_change_precond;eeg_fm_theta_mean_full_change_precond;eeg_pright_sampent_full_change_precond"
2025-11-26 19:18:34.720689,37,"stress_label",10,4,0.0625,0.564102564102564,0.596153846153846,NA,10,"top10","eeg_tleft_sampent_full_change_precond;eeg_c_theta_mean_full_change_precond;gsr_skin_conductance_eda_tonic_mean_nk_full_change_precond;eeg_tleft_halpha_mean_full_change_precond;eeg_tright_lalpha_mean_full_change_precond;hrv_rmssd_full_change_precond;eeg_tleft_lalpha_mean_full_change_precond;pupil_dilation_sd_full_change_precond;eeg_fm_theta_mean_full_change_precond;eeg_pright_sampent_full_change_precond"
2025-11-26 19:18:35.587768,37,"stress_label",10,8,0.0625,0.557692307692308,0.551282051282051,NA,10,"top10","eeg_tleft_sampent_full_change_precond;eeg_c_theta_mean_full_change_precond;gsr_skin_conductance_eda_tonic_mean_nk_full_change_precond;eeg_tleft_halpha_mean_full_change_precond;eeg_tright_lalpha_mean_full_change_precond;hrv_rmssd_full_change_precond;eeg_tleft_lalpha_mean_full_change_precond;pupil_dilation_sd_full_change_precond;eeg_fm_theta_mean_full_change_precond;eeg_pright_sampent_full_change_precond"
2025-11-26 19:18:36.597238,37,"stress_label",10,16,0.0625,0.615384615384615,0.615384615384615,NA,10,"top10","eeg_tleft_sampent_full_change_precond;eeg_c_theta_mean_full_change_precond;gsr_skin_conductance_eda_tonic_mean_nk_full_change_precond;eeg_tleft_halpha_mean_full_change_precond;eeg_tright_lalpha_mean_full_change_precond;hrv_rmssd_full_change_precond;eeg_tleft_lalpha_mean_full_change_precond;pupil_dilation_sd_full_change_precond;eeg_fm_theta_mean_full_change_precond;eeg_pright_sampent_full_change_precond"
2025-11-26 19:18:37.623783,37,"stress_label",10,32,0.0625,0.57051282051282,0.641025641025641,NA,10,"top10","eeg_tleft_sampent_full_change_precond;eeg_c_theta_mean_full_change_precond;gsr_skin_conductance_eda_tonic_mean_nk_full_change_precond;eeg_tleft_halpha_mean_full_change_precond;eeg_tright_lalpha_mean_full_change_precond;hrv_rmssd_full_change_precond;eeg_tleft_lalpha_mean_full_change_precond;pupil_dilation_sd_full_change_precond;eeg_fm_theta_mean_full_change_precond;eeg_pright_sampent_full_change_precond"
2025-11-26 19:18:38.729454,37,"stress_label",10,64,0.0625,0.538461538461538,0.596153846153846,NA,10,"top10","eeg_tleft_sampent_full_change_precond;eeg_c_theta_mean_full_change_precond;gsr_skin_conductance_eda_tonic_mean_nk_full_change_precond;eeg_tleft_halpha_mean_full_change_precond;eeg_tright_lalpha_mean_full_change_precond;hrv_rmssd_full_change_precond;eeg_tleft_lalpha_mean_full_change_precond;pupil_dilation_sd_full_change_precond;eeg_fm_theta_mean_full_change_precond;eeg_pright_sampent_full_change_precond"
2025-11-26 19:18:39.986121,37,"stress_label",10,128,0.0625,0.557692307692308,0.538461538461538,NA,10,"top10","eeg_tleft_sampent_full_change_precond;eeg_c_theta_mean_full_change_precond;gsr_skin_conductance_eda_tonic_mean_nk_full_change_precond;eeg_tleft_halpha_mean_full_change_precond;eeg_tright_lalpha_mean_full_change_precond;hrv_rmssd_full_change_precond;eeg_tleft_lalpha_mean_full_change_precond;pupil_dilation_sd_full_change_precond;eeg_fm_theta_mean_full_change_precond;eeg_pright_sampent_full_change_precond"
2025-11-26 19:18:41.134607,37,"stress_label",10,256,0.0625,0.544871794871795,0.538461538461538,NA,10,"top10","eeg_tleft_sampent_full_change_precond;eeg_c_theta_mean_full_change_precond;gsr_skin_conductance_eda_tonic_mean_nk_full_change_precond;eeg_tleft_halpha_mean_full_change_precond;eeg_tright_lalpha_mean_full_change_precond;hrv_rmssd_full_change_precond;eeg_tleft_lalpha_mean_full_change_precond;pupil_dilation_sd_full_change_precond;eeg_fm_theta_mean_full_change_precond;eeg_pright_sampent_full_change_precond"
2025-11-26 19:18:42.004621,37,"stress_label",10,2,0.125,0.544871794871795,0.583333333333333,NA,10,"top10","eeg_tleft_sampent_full_change_precond;eeg_c_theta_mean_full_change_precond;gsr_skin_conductance_eda_tonic_mean_nk_full_change_precond;eeg_tleft_halpha_mean_full_change_precond;eeg_tright_lalpha_mean_full_change_precond;hrv_rmssd_full_change_precond;eeg_tleft_lalpha_mean_full_change_precond;pupil_dilation_sd_full_change_precond;eeg_fm_theta_mean_full_change_precond;eeg_pright_sampent_full_change_precond"
2025-11-26 19:18:42.800556,37,"stress_label",10,4,0.125,0.583333333333333,0.602564102564103,NA,10,"top10","eeg_tleft_sampent_full_change_precond;eeg_c_theta_mean_full_change_precond;gsr_skin_conductance_eda_tonic_mean_nk_full_change_precond;eeg_tleft_halpha_mean_full_change_precond;eeg_tright_lalpha_mean_full_change_precond;hrv_rmssd_full_change_precond;eeg_tleft_lalpha_mean_full_change_precond;pupil_dilation_sd_full_change_precond;eeg_fm_theta_mean_full_change_precond;eeg_pright_sampent_full_change_precond"
2025-11-26 19:18:43.706118,37,"stress_label",10,8,0.125,0.57051282051282,0.608974358974359,NA,10,"top10","eeg_tleft_sampent_full_change_precond;eeg_c_theta_mean_full_change_precond;gsr_skin_conductance_eda_tonic_mean_nk_full_change_precond;eeg_tleft_halpha_mean_full_change_precond;eeg_tright_lalpha_mean_full_change_precond;hrv_rmssd_full_change_precond;eeg_tleft_lalpha_mean_full_change_precond;pupil_dilation_sd_full_change_precond;eeg_fm_theta_mean_full_change_precond;eeg_pright_sampent_full_change_precond"
2025-11-26 19:18:44.715765,37,"stress_label",10,16,0.125,0.564102564102564,0.58974358974359,NA,10,"top10","eeg_tleft_sampent_full_change_precond;eeg_c_theta_mean_full_change_precond;gsr_skin_conductance_eda_tonic_mean_nk_full_change_precond;eeg_tleft_halpha_mean_full_change_precond;eeg_tright_lalpha_mean_full_change_precond;hrv_rmssd_full_change_precond;eeg_tleft_lalpha_mean_full_change_precond;pupil_dilation_sd_full_change_precond;eeg_fm_theta_mean_full_change_precond;eeg_pright_sampent_full_change_precond"
2025-11-26 19:18:45.740163,37,"stress_label",10,32,0.125,0.551282051282051,0.58974358974359,NA,10,"top10","eeg_tleft_sampent_full_change_precond;eeg_c_theta_mean_full_change_precond;gsr_skin_conductance_eda_tonic_mean_nk_full_change_precond;eeg_tleft_halpha_mean_full_change_precond;eeg_tright_lalpha_mean_full_change_precond;hrv_rmssd_full_change_precond;eeg_tleft_lalpha_mean_full_change_precond;pupil_dilation_sd_full_change_precond;eeg_fm_theta_mean_full_change_precond;eeg_pright_sampent_full_change_precond"
2025-11-26 19:18:46.598899,37,"stress_label",10,64,0.125,0.551282051282051,0.58974358974359,NA,10,"top10","eeg_tleft_sampent_full_change_precond;eeg_c_theta_mean_full_change_precond;gsr_skin_conductance_eda_tonic_mean_nk_full_change_precond;eeg_tleft_halpha_mean_full_change_precond;eeg_tright_lalpha_mean_full_change_precond;hrv_rmssd_full_change_precond;eeg_tleft_lalpha_mean_full_change_precond;pupil_dilation_sd_full_change_precond;eeg_fm_theta_mean_full_change_precond;eeg_pright_sampent_full_change_precond"
2025-11-26 19:18:47.430941,37,"stress_label",10,128,0.125,0.551282051282051,0.576923076923077,NA,10,"top10","eeg_tleft_sampent_full_change_precond;eeg_c_theta_mean_full_change_precond;gsr_skin_conductance_eda_tonic_mean_nk_full_change_precond;eeg_tleft_halpha_mean_full_change_precond;eeg_tright_lalpha_mean_full_change_precond;hrv_rmssd_full_change_precond;eeg_tleft_lalpha_mean_full_change_precond;pupil_dilation_sd_full_change_precond;eeg_fm_theta_mean_full_change_precond;eeg_pright_sampent_full_change_precond"
2025-11-26 19:18:48.446639,37,"stress_label",10,256,0.125,0.551282051282051,0.58974358974359,NA,10,"top10","eeg_tleft_sampent_full_change_precond;eeg_c_theta_mean_full_change_precond;gsr_skin_conductance_eda_tonic_mean_nk_full_change_precond;eeg_tleft_halpha_mean_full_change_precond;eeg_tright_lalpha_mean_full_change_precond;hrv_rmssd_full_change_precond;eeg_tleft_lalpha_mean_full_change_precond;pupil_dilation_sd_full_change_precond;eeg_fm_theta_mean_full_change_precond;eeg_pright_sampent_full_change_precond"
2025-11-26 19:18:49.325023,37,"stress_label",10,2,0.03,0.583333333333333,0.615384615384615,0.531623931623932,10,"top10","eeg_tleft_sampent_full_change_precond;eeg_c_theta_mean_full_change_precond;gsr_skin_conductance_eda_tonic_mean_nk_full_change_precond;eeg_tleft_halpha_mean_full_change_precond;eeg_tright_lalpha_mean_full_change_precond;hrv_rmssd_full_change_precond;eeg_tleft_lalpha_mean_full_change_precond;pupil_dilation_sd_full_change_precond;eeg_fm_theta_mean_full_change_precond;eeg_pright_sampent_full_change_precond"
2025-11-26 19:18:50.172387,37,"stress_label",10,4,0.03,0.57051282051282,0.596153846153846,0.534188034188034,10,"top10","eeg_tleft_sampent_full_change_precond;eeg_c_theta_mean_full_change_precond;gsr_skin_conductance_eda_tonic_mean_nk_full_change_precond;eeg_tleft_halpha_mean_full_change_precond;eeg_tright_lalpha_mean_full_change_precond;hrv_rmssd_full_change_precond;eeg_tleft_lalpha_mean_full_change_precond;pupil_dilation_sd_full_change_precond;eeg_fm_theta_mean_full_change_precond;eeg_pright_sampent_full_change_precond"
2025-11-26 19:18:51.016008,37,"stress_label",10,8,0.03,0.596153846153846,0.602564102564103,NA,10,"top10","eeg_tleft_sampent_full_change_precond;eeg_c_theta_mean_full_change_precond;gsr_skin_conductance_eda_tonic_mean_nk_full_change_precond;eeg_tleft_halpha_mean_full_change_precond;eeg_tright_lalpha_mean_full_change_precond;hrv_rmssd_full_change_precond;eeg_tleft_lalpha_mean_full_change_precond;pupil_dilation_sd_full_change_precond;eeg_fm_theta_mean_full_change_precond;eeg_pright_sampent_full_change_precond"
2025-11-26 19:18:51.77783,37,"stress_label",10,16,0.03,0.576923076923077,0.583333333333333,NA,10,"top10","eeg_tleft_sampent_full_change_precond;eeg_c_theta_mean_full_change_precond;gsr_skin_conductance_eda_tonic_mean_nk_full_change_precond;eeg_tleft_halpha_mean_full_change_precond;eeg_tright_lalpha_mean_full_change_precond;hrv_rmssd_full_change_precond;eeg_tleft_lalpha_mean_full_change_precond;pupil_dilation_sd_full_change_precond;eeg_fm_theta_mean_full_change_precond;eeg_pright_sampent_full_change_precond"
2025-11-26 19:18:52.576005,37,"stress_label",10,32,0.03,0.57051282051282,0.58974358974359,NA,10,"top10","eeg_tleft_sampent_full_change_precond;eeg_c_theta_mean_full_change_precond;gsr_skin_conductance_eda_tonic_mean_nk_full_change_precond;eeg_tleft_halpha_mean_full_change_precond;eeg_tright_lalpha_mean_full_change_precond;hrv_rmssd_full_change_precond;eeg_tleft_lalpha_mean_full_change_precond;pupil_dilation_sd_full_change_precond;eeg_fm_theta_mean_full_change_precond;eeg_pright_sampent_full_change_precond"
2025-11-26 19:18:53.672302,37,"stress_label",10,64,0.03,0.596153846153846,0.602564102564103,NA,10,"top10","eeg_tleft_sampent_full_change_precond;eeg_c_theta_mean_full_change_precond;gsr_skin_conductance_eda_tonic_mean_nk_full_change_precond;eeg_tleft_halpha_mean_full_change_precond;eeg_tright_lalpha_mean_full_change_precond;hrv_rmssd_full_change_precond;eeg_tleft_lalpha_mean_full_change_precond;pupil_dilation_sd_full_change_precond;eeg_fm_theta_mean_full_change_precond;eeg_pright_sampent_full_change_precond"
2025-11-26 19:18:54.943301,37,"stress_label",10,128,0.03,0.615384615384615,0.615384615384615,NA,10,"top10","eeg_tleft_sampent_full_change_precond;eeg_c_theta_mean_full_change_precond;gsr_skin_conductance_eda_tonic_mean_nk_full_change_precond;eeg_tleft_halpha_mean_full_change_precond;eeg_tright_lalpha_mean_full_change_precond;hrv_rmssd_full_change_precond;eeg_tleft_lalpha_mean_full_change_precond;pupil_dilation_sd_full_change_precond;eeg_fm_theta_mean_full_change_precond;eeg_pright_sampent_full_change_precond"
2025-11-26 19:18:56.46157,37,"stress_label",10,256,0.03,0.557692307692308,0.602564102564103,NA,10,"top10","eeg_tleft_sampent_full_change_precond;eeg_c_theta_mean_full_change_precond;gsr_skin_conductance_eda_tonic_mean_nk_full_change_precond;eeg_tleft_halpha_mean_full_change_precond;eeg_tright_lalpha_mean_full_change_precond;hrv_rmssd_full_change_precond;eeg_tleft_lalpha_mean_full_change_precond;pupil_dilation_sd_full_change_precond;eeg_fm_theta_mean_full_change_precond;eeg_pright_sampent_full_change_precond"
2025-11-26 19:18:57.319383,37,"stress_label",10,2,0.06,0.576923076923077,0.621794871794872,0.557264957264957,10,"top10","eeg_tleft_sampent_full_change_precond;eeg_c_theta_mean_full_change_precond;gsr_skin_conductance_eda_tonic_mean_nk_full_change_precond;eeg_tleft_halpha_mean_full_change_precond;eeg_tright_lalpha_mean_full_change_precond;hrv_rmssd_full_change_precond;eeg_tleft_lalpha_mean_full_change_precond;pupil_dilation_sd_full_change_precond;eeg_fm_theta_mean_full_change_precond;eeg_pright_sampent_full_change_precond"
2025-11-26 19:18:58.230256,37,"stress_label",10,4,0.06,0.57051282051282,0.596153846153846,NA,10,"top10","eeg_tleft_sampent_full_change_precond;eeg_c_theta_mean_full_change_precond;gsr_skin_conductance_eda_tonic_mean_nk_full_change_precond;eeg_tleft_halpha_mean_full_change_precond;eeg_tright_lalpha_mean_full_change_precond;hrv_rmssd_full_change_precond;eeg_tleft_lalpha_mean_full_change_precond;pupil_dilation_sd_full_change_precond;eeg_fm_theta_mean_full_change_precond;eeg_pright_sampent_full_change_precond"
2025-11-26 19:18:59.112519,37,"stress_label",10,8,0.06,0.551282051282051,0.551282051282051,NA,10,"top10","eeg_tleft_sampent_full_change_precond;eeg_c_theta_mean_full_change_precond;gsr_skin_conductance_eda_tonic_mean_nk_full_change_precond;eeg_tleft_halpha_mean_full_change_precond;eeg_tright_lalpha_mean_full_change_precond;hrv_rmssd_full_change_precond;eeg_tleft_lalpha_mean_full_change_precond;pupil_dilation_sd_full_change_precond;eeg_fm_theta_mean_full_change_precond;eeg_pright_sampent_full_change_precond"
2025-11-26 19:18:59.941481,37,"stress_label",10,16,0.06,0.58974358974359,0.602564102564103,NA,10,"top10","eeg_tleft_sampent_full_change_precond;eeg_c_theta_mean_full_change_precond;gsr_skin_conductance_eda_tonic_mean_nk_full_change_precond;eeg_tleft_halpha_mean_full_change_precond;eeg_tright_lalpha_mean_full_change_precond;hrv_rmssd_full_change_precond;eeg_tleft_lalpha_mean_full_change_precond;pupil_dilation_sd_full_change_precond;eeg_fm_theta_mean_full_change_precond;eeg_pright_sampent_full_change_precond"
2025-11-26 19:19:00.932853,37,"stress_label",10,32,0.06,0.583333333333333,0.641025641025641,NA,10,"top10","eeg_tleft_sampent_full_change_precond;eeg_c_theta_mean_full_change_precond;gsr_skin_conductance_eda_tonic_mean_nk_full_change_precond;eeg_tleft_halpha_mean_full_change_precond;eeg_tright_lalpha_mean_full_change_precond;hrv_rmssd_full_change_precond;eeg_tleft_lalpha_mean_full_change_precond;pupil_dilation_sd_full_change_precond;eeg_fm_theta_mean_full_change_precond;eeg_pright_sampent_full_change_precond"
2025-11-26 19:19:02.087644,37,"stress_label",10,64,0.06,0.557692307692308,0.583333333333333,NA,10,"top10","eeg_tleft_sampent_full_change_precond;eeg_c_theta_mean_full_change_precond;gsr_skin_conductance_eda_tonic_mean_nk_full_change_precond;eeg_tleft_halpha_mean_full_change_precond;eeg_tright_lalpha_mean_full_change_precond;hrv_rmssd_full_change_precond;eeg_tleft_lalpha_mean_full_change_precond;pupil_dilation_sd_full_change_precond;eeg_fm_theta_mean_full_change_precond;eeg_pright_sampent_full_change_precond"
2025-11-26 19:19:03.100249,37,"stress_label",10,128,0.06,0.564102564102564,0.551282051282051,NA,10,"top10","eeg_tleft_sampent_full_change_precond;eeg_c_theta_mean_full_change_precond;gsr_skin_conductance_eda_tonic_mean_nk_full_change_precond;eeg_tleft_halpha_mean_full_change_precond;eeg_tright_lalpha_mean_full_change_precond;hrv_rmssd_full_change_precond;eeg_tleft_lalpha_mean_full_change_precond;pupil_dilation_sd_full_change_precond;eeg_fm_theta_mean_full_change_precond;eeg_pright_sampent_full_change_precond"
2025-11-26 19:19:04.309344,37,"stress_label",10,256,0.06,0.551282051282051,0.557692307692308,NA,10,"top10","eeg_tleft_sampent_full_change_precond;eeg_c_theta_mean_full_change_precond;gsr_skin_conductance_eda_tonic_mean_nk_full_change_precond;eeg_tleft_halpha_mean_full_change_precond;eeg_tright_lalpha_mean_full_change_precond;hrv_rmssd_full_change_precond;eeg_tleft_lalpha_mean_full_change_precond;pupil_dilation_sd_full_change_precond;eeg_fm_theta_mean_full_change_precond;eeg_pright_sampent_full_change_precond"
2025-11-26 19:19:05.254651,37,"stress_label",10,2,0.1,0.557692307692308,0.58974358974359,NA,10,"top10","eeg_tleft_sampent_full_change_precond;eeg_c_theta_mean_full_change_precond;gsr_skin_conductance_eda_tonic_mean_nk_full_change_precond;eeg_tleft_halpha_mean_full_change_precond;eeg_tright_lalpha_mean_full_change_precond;hrv_rmssd_full_change_precond;eeg_tleft_lalpha_mean_full_change_precond;pupil_dilation_sd_full_change_precond;eeg_fm_theta_mean_full_change_precond;eeg_pright_sampent_full_change_precond"
2025-11-26 19:19:06.191291,37,"stress_label",10,4,0.1,0.532051282051282,0.57051282051282,NA,10,"top10","eeg_tleft_sampent_full_change_precond;eeg_c_theta_mean_full_change_precond;gsr_skin_conductance_eda_tonic_mean_nk_full_change_precond;eeg_tleft_halpha_mean_full_change_precond;eeg_tright_lalpha_mean_full_change_precond;hrv_rmssd_full_change_precond;eeg_tleft_lalpha_mean_full_change_precond;pupil_dilation_sd_full_change_precond;eeg_fm_theta_mean_full_change_precond;eeg_pright_sampent_full_change_precond"
2025-11-26 19:19:07.120937,37,"stress_label",10,8,0.1,0.58974358974359,0.621794871794872,NA,10,"top10","eeg_tleft_sampent_full_change_precond;eeg_c_theta_mean_full_change_precond;gsr_skin_conductance_eda_tonic_mean_nk_full_change_precond;eeg_tleft_halpha_mean_full_change_precond;eeg_tright_lalpha_mean_full_change_precond;hrv_rmssd_full_change_precond;eeg_tleft_lalpha_mean_full_change_precond;pupil_dilation_sd_full_change_precond;eeg_fm_theta_mean_full_change_precond;eeg_pright_sampent_full_change_precond"
2025-11-26 19:19:07.943753,37,"stress_label",10,16,0.1,0.551282051282051,0.615384615384615,NA,10,"top10","eeg_tleft_sampent_full_change_precond;eeg_c_theta_mean_full_change_precond;gsr_skin_conductance_eda_tonic_mean_nk_full_change_precond;eeg_tleft_halpha_mean_full_change_precond;eeg_tright_lalpha_mean_full_change_precond;hrv_rmssd_full_change_precond;eeg_tleft_lalpha_mean_full_change_precond;pupil_dilation_sd_full_change_precond;eeg_fm_theta_mean_full_change_precond;eeg_pright_sampent_full_change_precond"
2025-11-26 19:19:08.997371,37,"stress_label",10,32,0.1,0.544871794871795,0.583333333333333,NA,10,"top10","eeg_tleft_sampent_full_change_precond;eeg_c_theta_mean_full_change_precond;gsr_skin_conductance_eda_tonic_mean_nk_full_change_precond;eeg_tleft_halpha_mean_full_change_precond;eeg_tright_lalpha_mean_full_change_precond;hrv_rmssd_full_change_precond;eeg_tleft_lalpha_mean_full_change_precond;pupil_dilation_sd_full_change_precond;eeg_fm_theta_mean_full_change_precond;eeg_pright_sampent_full_change_precond"
2025-11-26 19:19:10.05435,37,"stress_label",10,64,0.1,0.538461538461538,0.576923076923077,NA,10,"top10","eeg_tleft_sampent_full_change_precond;eeg_c_theta_mean_full_change_precond;gsr_skin_conductance_eda_tonic_mean_nk_full_change_precond;eeg_tleft_halpha_mean_full_change_precond;eeg_tright_lalpha_mean_full_change_precond;hrv_rmssd_full_change_precond;eeg_tleft_lalpha_mean_full_change_precond;pupil_dilation_sd_full_change_precond;eeg_fm_theta_mean_full_change_precond;eeg_pright_sampent_full_change_precond"
2025-11-26 19:19:11.093628,37,"stress_label",10,128,0.1,0.538461538461538,0.576923076923077,NA,10,"top10","eeg_tleft_sampent_full_change_precond;eeg_c_theta_mean_full_change_precond;gsr_skin_conductance_eda_tonic_mean_nk_full_change_precond;eeg_tleft_halpha_mean_full_change_precond;eeg_tright_lalpha_mean_full_change_precond;hrv_rmssd_full_change_precond;eeg_tleft_lalpha_mean_full_change_precond;pupil_dilation_sd_full_change_precond;eeg_fm_theta_mean_full_change_precond;eeg_pright_sampent_full_change_precond"
2025-11-26 19:19:12.168637,37,"stress_label",10,256,0.1,0.538461538461538,0.576923076923077,NA,10,"top10","eeg_tleft_sampent_full_change_precond;eeg_c_theta_mean_full_change_precond;gsr_skin_conductance_eda_tonic_mean_nk_full_change_precond;eeg_tleft_halpha_mean_full_change_precond;eeg_tright_lalpha_mean_full_change_precond;hrv_rmssd_full_change_precond;eeg_tleft_lalpha_mean_full_change_precond;pupil_dilation_sd_full_change_precond;eeg_fm_theta_mean_full_change_precond;eeg_pright_sampent_full_change_precond"
2025-11-26 19:19:12.991812,37,"stress_label",5,2,0.0078125,0.621794871794872,0.615384615384615,0.595726495726496,5,"top5","eeg_tleft_sampent_full_change_precond;eeg_c_theta_mean_full_change_precond;gsr_skin_conductance_eda_tonic_mean_nk_full_change_precond;eeg_tleft_halpha_mean_full_change_precond;eeg_tright_lalpha_mean_full_change_precond"
2025-11-26 19:19:13.756007,37,"stress_label",5,4,0.0078125,0.615384615384615,0.621794871794872,0.594017094017094,5,"top5","eeg_tleft_sampent_full_change_precond;eeg_c_theta_mean_full_change_precond;gsr_skin_conductance_eda_tonic_mean_nk_full_change_precond;eeg_tleft_halpha_mean_full_change_precond;eeg_tright_lalpha_mean_full_change_precond"
2025-11-26 19:19:14.550868,37,"stress_label",5,8,0.0078125,0.641025641025641,0.621794871794872,0.607692307692308,5,"top5","eeg_tleft_sampent_full_change_precond;eeg_c_theta_mean_full_change_precond;gsr_skin_conductance_eda_tonic_mean_nk_full_change_precond;eeg_tleft_halpha_mean_full_change_precond;eeg_tright_lalpha_mean_full_change_precond"
2025-11-26 19:19:15.324559,37,"stress_label",5,16,0.0078125,0.634615384615385,0.608974358974359,0.597435897435897,5,"top5","eeg_tleft_sampent_full_change_precond;eeg_c_theta_mean_full_change_precond;gsr_skin_conductance_eda_tonic_mean_nk_full_change_precond;eeg_tleft_halpha_mean_full_change_precond;eeg_tright_lalpha_mean_full_change_precond"
2025-11-26 19:19:16.068476,37,"stress_label",5,32,0.0078125,0.621794871794872,0.615384615384615,0.584615384615385,5,"top5","eeg_tleft_sampent_full_change_precond;eeg_c_theta_mean_full_change_precond;gsr_skin_conductance_eda_tonic_mean_nk_full_change_precond;eeg_tleft_halpha_mean_full_change_precond;eeg_tright_lalpha_mean_full_change_precond"
2025-11-26 19:19:16.854232,37,"stress_label",5,64,0.0078125,0.628205128205128,0.641025641025641,0.592307692307692,5,"top5","eeg_tleft_sampent_full_change_precond;eeg_c_theta_mean_full_change_precond;gsr_skin_conductance_eda_tonic_mean_nk_full_change_precond;eeg_tleft_halpha_mean_full_change_precond;eeg_tright_lalpha_mean_full_change_precond"
2025-11-26 19:19:17.652835,37,"stress_label",5,128,0.0078125,0.628205128205128,0.647435897435897,0.587179487179487,5,"top5","eeg_tleft_sampent_full_change_precond;eeg_c_theta_mean_full_change_precond;gsr_skin_conductance_eda_tonic_mean_nk_full_change_precond;eeg_tleft_halpha_mean_full_change_precond;eeg_tright_lalpha_mean_full_change_precond"
2025-11-26 19:19:18.452772,37,"stress_label",5,256,0.0078125,0.634615384615385,0.653846153846154,NA,5,"top5","eeg_tleft_sampent_full_change_precond;eeg_c_theta_mean_full_change_precond;gsr_skin_conductance_eda_tonic_mean_nk_full_change_precond;eeg_tleft_halpha_mean_full_change_precond;eeg_tright_lalpha_mean_full_change_precond"
2025-11-26 19:19:19.181728,37,"stress_label",5,2,0.015625,0.628205128205128,0.621794871794872,0.602564102564103,5,"top5","eeg_tleft_sampent_full_change_precond;eeg_c_theta_mean_full_change_precond;gsr_skin_conductance_eda_tonic_mean_nk_full_change_precond;eeg_tleft_halpha_mean_full_change_precond;eeg_tright_lalpha_mean_full_change_precond"
2025-11-26 19:19:19.956662,37,"stress_label",5,4,0.015625,0.647435897435897,0.608974358974359,0.61025641025641,5,"top5","eeg_tleft_sampent_full_change_precond;eeg_c_theta_mean_full_change_precond;gsr_skin_conductance_eda_tonic_mean_nk_full_change_precond;eeg_tleft_halpha_mean_full_change_precond;eeg_tright_lalpha_mean_full_change_precond"
2025-11-26 19:19:20.686989,37,"stress_label",5,8,0.015625,0.634615384615385,0.621794871794872,0.593162393162393,5,"top5","eeg_tleft_sampent_full_change_precond;eeg_c_theta_mean_full_change_precond;gsr_skin_conductance_eda_tonic_mean_nk_full_change_precond;eeg_tleft_halpha_mean_full_change_precond;eeg_tright_lalpha_mean_full_change_precond"
2025-11-26 19:19:21.45141,37,"stress_label",5,16,0.015625,0.621794871794872,0.653846153846154,0.584615384615385,5,"top5","eeg_tleft_sampent_full_change_precond;eeg_c_theta_mean_full_change_precond;gsr_skin_conductance_eda_tonic_mean_nk_full_change_precond;eeg_tleft_halpha_mean_full_change_precond;eeg_tright_lalpha_mean_full_change_precond"
2025-11-26 19:19:22.216845,37,"stress_label",5,32,0.015625,0.634615384615385,0.641025641025641,0.6,5,"top5","eeg_tleft_sampent_full_change_precond;eeg_c_theta_mean_full_change_precond;gsr_skin_conductance_eda_tonic_mean_nk_full_change_precond;eeg_tleft_halpha_mean_full_change_precond;eeg_tright_lalpha_mean_full_change_precond"
2025-11-26 19:19:23.028128,37,"stress_label",5,64,0.015625,0.634615384615385,0.66025641025641,NA,5,"top5","eeg_tleft_sampent_full_change_precond;eeg_c_theta_mean_full_change_precond;gsr_skin_conductance_eda_tonic_mean_nk_full_change_precond;eeg_tleft_halpha_mean_full_change_precond;eeg_tright_lalpha_mean_full_change_precond"
2025-11-26 19:19:23.883566,37,"stress_label",5,128,0.015625,0.634615384615385,0.666666666666667,NA,5,"top5","eeg_tleft_sampent_full_change_precond;eeg_c_theta_mean_full_change_precond;gsr_skin_conductance_eda_tonic_mean_nk_full_change_precond;eeg_tleft_halpha_mean_full_change_precond;eeg_tright_lalpha_mean_full_change_precond"
2025-11-26 19:19:24.860106,37,"stress_label",5,256,0.015625,0.634615384615385,0.67948717948718,NA,5,"top5","eeg_tleft_sampent_full_change_precond;eeg_c_theta_mean_full_change_precond;gsr_skin_conductance_eda_tonic_mean_nk_full_change_precond;eeg_tleft_halpha_mean_full_change_precond;eeg_tright_lalpha_mean_full_change_precond"
2025-11-26 19:19:25.612287,37,"stress_label",5,2,0.03125,0.634615384615385,0.641025641025641,0.596581196581197,5,"top5","eeg_tleft_sampent_full_change_precond;eeg_c_theta_mean_full_change_precond;gsr_skin_conductance_eda_tonic_mean_nk_full_change_precond;eeg_tleft_halpha_mean_full_change_precond;eeg_tright_lalpha_mean_full_change_precond"
2025-11-26 19:19:26.290614,37,"stress_label",5,4,0.03125,0.628205128205128,0.647435897435897,0.592307692307692,5,"top5","eeg_tleft_sampent_full_change_precond;eeg_c_theta_mean_full_change_precond;gsr_skin_conductance_eda_tonic_mean_nk_full_change_precond;eeg_tleft_halpha_mean_full_change_precond;eeg_tright_lalpha_mean_full_change_precond"
2025-11-26 19:19:26.959826,37,"stress_label",5,8,0.03125,0.615384615384615,0.634615384615385,0.571794871794872,5,"top5","eeg_tleft_sampent_full_change_precond;eeg_c_theta_mean_full_change_precond;gsr_skin_conductance_eda_tonic_mean_nk_full_change_precond;eeg_tleft_halpha_mean_full_change_precond;eeg_tright_lalpha_mean_full_change_precond"
2025-11-26 19:19:27.735479,37,"stress_label",5,16,0.03125,0.628205128205128,0.66025641025641,NA,5,"top5","eeg_tleft_sampent_full_change_precond;eeg_c_theta_mean_full_change_precond;gsr_skin_conductance_eda_tonic_mean_nk_full_change_precond;eeg_tleft_halpha_mean_full_change_precond;eeg_tright_lalpha_mean_full_change_precond"
2025-11-26 19:19:28.545136,37,"stress_label",5,32,0.03125,0.634615384615385,0.666666666666667,NA,5,"top5","eeg_tleft_sampent_full_change_precond;eeg_c_theta_mean_full_change_precond;gsr_skin_conductance_eda_tonic_mean_nk_full_change_precond;eeg_tleft_halpha_mean_full_change_precond;eeg_tright_lalpha_mean_full_change_precond"
2025-11-26 19:19:29.616738,37,"stress_label",5,64,0.03125,0.615384615384615,0.666666666666667,NA,5,"top5","eeg_tleft_sampent_full_change_precond;eeg_c_theta_mean_full_change_precond;gsr_skin_conductance_eda_tonic_mean_nk_full_change_precond;eeg_tleft_halpha_mean_full_change_precond;eeg_tright_lalpha_mean_full_change_precond"
2025-11-26 19:19:30.522362,37,"stress_label",5,128,0.03125,0.608974358974359,0.66025641025641,NA,5,"top5","eeg_tleft_sampent_full_change_precond;eeg_c_theta_mean_full_change_precond;gsr_skin_conductance_eda_tonic_mean_nk_full_change_precond;eeg_tleft_halpha_mean_full_change_precond;eeg_tright_lalpha_mean_full_change_precond"
2025-11-26 19:19:31.600909,37,"stress_label",5,256,0.03125,0.58974358974359,0.596153846153846,NA,5,"top5","eeg_tleft_sampent_full_change_precond;eeg_c_theta_mean_full_change_precond;gsr_skin_conductance_eda_tonic_mean_nk_full_change_precond;eeg_tleft_halpha_mean_full_change_precond;eeg_tright_lalpha_mean_full_change_precond"
2025-11-26 19:19:32.268375,37,"stress_label",5,2,0.0625,0.634615384615385,0.647435897435897,0.584615384615385,5,"top5","eeg_tleft_sampent_full_change_precond;eeg_c_theta_mean_full_change_precond;gsr_skin_conductance_eda_tonic_mean_nk_full_change_precond;eeg_tleft_halpha_mean_full_change_precond;eeg_tright_lalpha_mean_full_change_precond"
2025-11-26 19:19:33.050684,37,"stress_label",5,4,0.0625,0.621794871794872,0.653846153846154,NA,5,"top5","eeg_tleft_sampent_full_change_precond;eeg_c_theta_mean_full_change_precond;gsr_skin_conductance_eda_tonic_mean_nk_full_change_precond;eeg_tleft_halpha_mean_full_change_precond;eeg_tright_lalpha_mean_full_change_precond"
2025-11-26 19:19:33.827792,37,"stress_label",5,8,0.0625,0.628205128205128,0.66025641025641,NA,5,"top5","eeg_tleft_sampent_full_change_precond;eeg_c_theta_mean_full_change_precond;gsr_skin_conductance_eda_tonic_mean_nk_full_change_precond;eeg_tleft_halpha_mean_full_change_precond;eeg_tright_lalpha_mean_full_change_precond"
2025-11-26 19:19:34.641984,37,"stress_label",5,16,0.0625,0.615384615384615,0.641025641025641,NA,5,"top5","eeg_tleft_sampent_full_change_precond;eeg_c_theta_mean_full_change_precond;gsr_skin_conductance_eda_tonic_mean_nk_full_change_precond;eeg_tleft_halpha_mean_full_change_precond;eeg_tright_lalpha_mean_full_change_precond"
2025-11-26 19:19:35.490393,37,"stress_label",5,32,0.0625,0.58974358974359,0.621794871794872,NA,5,"top5","eeg_tleft_sampent_full_change_precond;eeg_c_theta_mean_full_change_precond;gsr_skin_conductance_eda_tonic_mean_nk_full_change_precond;eeg_tleft_halpha_mean_full_change_precond;eeg_tright_lalpha_mean_full_change_precond"
2025-11-26 19:19:36.407541,37,"stress_label",5,64,0.0625,0.576923076923077,0.57051282051282,NA,5,"top5","eeg_tleft_sampent_full_change_precond;eeg_c_theta_mean_full_change_precond;gsr_skin_conductance_eda_tonic_mean_nk_full_change_precond;eeg_tleft_halpha_mean_full_change_precond;eeg_tright_lalpha_mean_full_change_precond"
2025-11-26 19:19:37.43415,37,"stress_label",5,128,0.0625,0.564102564102564,0.551282051282051,NA,5,"top5","eeg_tleft_sampent_full_change_precond;eeg_c_theta_mean_full_change_precond;gsr_skin_conductance_eda_tonic_mean_nk_full_change_precond;eeg_tleft_halpha_mean_full_change_precond;eeg_tright_lalpha_mean_full_change_precond"
2025-11-26 19:19:38.724182,37,"stress_label",5,256,0.0625,0.512820512820513,0.532051282051282,NA,5,"top5","eeg_tleft_sampent_full_change_precond;eeg_c_theta_mean_full_change_precond;gsr_skin_conductance_eda_tonic_mean_nk_full_change_precond;eeg_tleft_halpha_mean_full_change_precond;eeg_tright_lalpha_mean_full_change_precond"
2025-11-26 19:19:39.377109,37,"stress_label",5,2,0.125,0.621794871794872,0.647435897435897,NA,5,"top5","eeg_tleft_sampent_full_change_precond;eeg_c_theta_mean_full_change_precond;gsr_skin_conductance_eda_tonic_mean_nk_full_change_precond;eeg_tleft_halpha_mean_full_change_precond;eeg_tright_lalpha_mean_full_change_precond"
2025-11-26 19:19:40.131852,37,"stress_label",5,4,0.125,0.621794871794872,0.634615384615385,NA,5,"top5","eeg_tleft_sampent_full_change_precond;eeg_c_theta_mean_full_change_precond;gsr_skin_conductance_eda_tonic_mean_nk_full_change_precond;eeg_tleft_halpha_mean_full_change_precond;eeg_tright_lalpha_mean_full_change_precond"
2025-11-26 19:19:40.953085,37,"stress_label",5,8,0.125,0.596153846153846,0.596153846153846,NA,5,"top5","eeg_tleft_sampent_full_change_precond;eeg_c_theta_mean_full_change_precond;gsr_skin_conductance_eda_tonic_mean_nk_full_change_precond;eeg_tleft_halpha_mean_full_change_precond;eeg_tright_lalpha_mean_full_change_precond"
2025-11-26 19:19:41.78956,37,"stress_label",5,16,0.125,0.576923076923077,0.557692307692308,NA,5,"top5","eeg_tleft_sampent_full_change_precond;eeg_c_theta_mean_full_change_precond;gsr_skin_conductance_eda_tonic_mean_nk_full_change_precond;eeg_tleft_halpha_mean_full_change_precond;eeg_tright_lalpha_mean_full_change_precond"
2025-11-26 19:19:42.619425,37,"stress_label",5,32,0.125,0.544871794871795,0.532051282051282,NA,5,"top5","eeg_tleft_sampent_full_change_precond;eeg_c_theta_mean_full_change_precond;gsr_skin_conductance_eda_tonic_mean_nk_full_change_precond;eeg_tleft_halpha_mean_full_change_precond;eeg_tright_lalpha_mean_full_change_precond"
2025-11-26 19:19:43.593867,37,"stress_label",5,64,0.125,0.532051282051282,0.512820512820513,NA,5,"top5","eeg_tleft_sampent_full_change_precond;eeg_c_theta_mean_full_change_precond;gsr_skin_conductance_eda_tonic_mean_nk_full_change_precond;eeg_tleft_halpha_mean_full_change_precond;eeg_tright_lalpha_mean_full_change_precond"
2025-11-26 19:19:44.704973,37,"stress_label",5,128,0.125,0.487179487179487,0.429487179487179,NA,5,"top5","eeg_tleft_sampent_full_change_precond;eeg_c_theta_mean_full_change_precond;gsr_skin_conductance_eda_tonic_mean_nk_full_change_precond;eeg_tleft_halpha_mean_full_change_precond;eeg_tright_lalpha_mean_full_change_precond"
2025-11-26 19:19:46.145113,37,"stress_label",5,256,0.125,0.474358974358974,0.525641025641026,NA,5,"top5","eeg_tleft_sampent_full_change_precond;eeg_c_theta_mean_full_change_precond;gsr_skin_conductance_eda_tonic_mean_nk_full_change_precond;eeg_tleft_halpha_mean_full_change_precond;eeg_tright_lalpha_mean_full_change_precond"
2025-11-26 19:19:46.868769,37,"stress_label",5,2,0.03,0.641025641025641,0.628205128205128,0.605128205128205,5,"top5","eeg_tleft_sampent_full_change_precond;eeg_c_theta_mean_full_change_precond;gsr_skin_conductance_eda_tonic_mean_nk_full_change_precond;eeg_tleft_halpha_mean_full_change_precond;eeg_tright_lalpha_mean_full_change_precond"
2025-11-26 19:19:47.62937,37,"stress_label",5,4,0.03,0.628205128205128,0.647435897435897,0.588888888888889,5,"top5","eeg_tleft_sampent_full_change_precond;eeg_c_theta_mean_full_change_precond;gsr_skin_conductance_eda_tonic_mean_nk_full_change_precond;eeg_tleft_halpha_mean_full_change_precond;eeg_tright_lalpha_mean_full_change_precond"
2025-11-26 19:19:48.376887,37,"stress_label",5,8,0.03,0.615384615384615,0.634615384615385,0.571794871794872,5,"top5","eeg_tleft_sampent_full_change_precond;eeg_c_theta_mean_full_change_precond;gsr_skin_conductance_eda_tonic_mean_nk_full_change_precond;eeg_tleft_halpha_mean_full_change_precond;eeg_tright_lalpha_mean_full_change_precond"
2025-11-26 19:19:49.183356,37,"stress_label",5,16,0.03,0.634615384615385,0.647435897435897,NA,5,"top5","eeg_tleft_sampent_full_change_precond;eeg_c_theta_mean_full_change_precond;gsr_skin_conductance_eda_tonic_mean_nk_full_change_precond;eeg_tleft_halpha_mean_full_change_precond;eeg_tright_lalpha_mean_full_change_precond"
2025-11-26 19:19:49.942373,37,"stress_label",5,32,0.03,0.634615384615385,0.66025641025641,NA,5,"top5","eeg_tleft_sampent_full_change_precond;eeg_c_theta_mean_full_change_precond;gsr_skin_conductance_eda_tonic_mean_nk_full_change_precond;eeg_tleft_halpha_mean_full_change_precond;eeg_tright_lalpha_mean_full_change_precond"
2025-11-26 19:19:50.756972,37,"stress_label",5,64,0.03,0.628205128205128,0.666666666666667,NA,5,"top5","eeg_tleft_sampent_full_change_precond;eeg_c_theta_mean_full_change_precond;gsr_skin_conductance_eda_tonic_mean_nk_full_change_precond;eeg_tleft_halpha_mean_full_change_precond;eeg_tright_lalpha_mean_full_change_precond"
2025-11-26 19:19:51.694332,37,"stress_label",5,128,0.03,0.608974358974359,0.653846153846154,NA,5,"top5","eeg_tleft_sampent_full_change_precond;eeg_c_theta_mean_full_change_precond;gsr_skin_conductance_eda_tonic_mean_nk_full_change_precond;eeg_tleft_halpha_mean_full_change_precond;eeg_tright_lalpha_mean_full_change_precond"
2025-11-26 19:19:52.773404,37,"stress_label",5,256,0.03,0.596153846153846,0.615384615384615,NA,5,"top5","eeg_tleft_sampent_full_change_precond;eeg_c_theta_mean_full_change_precond;gsr_skin_conductance_eda_tonic_mean_nk_full_change_precond;eeg_tleft_halpha_mean_full_change_precond;eeg_tright_lalpha_mean_full_change_precond"
2025-11-26 19:19:53.535213,37,"stress_label",5,2,0.06,0.634615384615385,0.647435897435897,0.584615384615385,5,"top5","eeg_tleft_sampent_full_change_precond;eeg_c_theta_mean_full_change_precond;gsr_skin_conductance_eda_tonic_mean_nk_full_change_precond;eeg_tleft_halpha_mean_full_change_precond;eeg_tright_lalpha_mean_full_change_precond"
2025-11-26 19:19:54.347517,37,"stress_label",5,4,0.06,0.628205128205128,0.66025641025641,NA,5,"top5","eeg_tleft_sampent_full_change_precond;eeg_c_theta_mean_full_change_precond;gsr_skin_conductance_eda_tonic_mean_nk_full_change_precond;eeg_tleft_halpha_mean_full_change_precond;eeg_tright_lalpha_mean_full_change_precond"
2025-11-26 19:19:55.113336,37,"stress_label",5,8,0.06,0.628205128205128,0.666666666666667,NA,5,"top5","eeg_tleft_sampent_full_change_precond;eeg_c_theta_mean_full_change_precond;gsr_skin_conductance_eda_tonic_mean_nk_full_change_precond;eeg_tleft_halpha_mean_full_change_precond;eeg_tright_lalpha_mean_full_change_precond"
2025-11-26 19:19:55.927042,37,"stress_label",5,16,0.06,0.615384615384615,0.634615384615385,NA,5,"top5","eeg_tleft_sampent_full_change_precond;eeg_c_theta_mean_full_change_precond;gsr_skin_conductance_eda_tonic_mean_nk_full_change_precond;eeg_tleft_halpha_mean_full_change_precond;eeg_tright_lalpha_mean_full_change_precond"
2025-11-26 19:19:56.802579,37,"stress_label",5,32,0.06,0.58974358974359,0.641025641025641,NA,5,"top5","eeg_tleft_sampent_full_change_precond;eeg_c_theta_mean_full_change_precond;gsr_skin_conductance_eda_tonic_mean_nk_full_change_precond;eeg_tleft_halpha_mean_full_change_precond;eeg_tright_lalpha_mean_full_change_precond"
2025-11-26 19:19:57.641973,37,"stress_label",5,64,0.06,0.576923076923077,0.583333333333333,NA,5,"top5","eeg_tleft_sampent_full_change_precond;eeg_c_theta_mean_full_change_precond;gsr_skin_conductance_eda_tonic_mean_nk_full_change_precond;eeg_tleft_halpha_mean_full_change_precond;eeg_tright_lalpha_mean_full_change_precond"
2025-11-26 19:19:58.683533,37,"stress_label",5,128,0.06,0.564102564102564,0.551282051282051,NA,5,"top5","eeg_tleft_sampent_full_change_precond;eeg_c_theta_mean_full_change_precond;gsr_skin_conductance_eda_tonic_mean_nk_full_change_precond;eeg_tleft_halpha_mean_full_change_precond;eeg_tright_lalpha_mean_full_change_precond"
2025-11-26 19:19:59.956178,37,"stress_label",5,256,0.06,0.519230769230769,0.532051282051282,NA,5,"top5","eeg_tleft_sampent_full_change_precond;eeg_c_theta_mean_full_change_precond;gsr_skin_conductance_eda_tonic_mean_nk_full_change_precond;eeg_tleft_halpha_mean_full_change_precond;eeg_tright_lalpha_mean_full_change_precond"
2025-11-26 19:20:00.756502,37,"stress_label",5,2,0.1,0.621794871794872,0.66025641025641,NA,5,"top5","eeg_tleft_sampent_full_change_precond;eeg_c_theta_mean_full_change_precond;gsr_skin_conductance_eda_tonic_mean_nk_full_change_precond;eeg_tleft_halpha_mean_full_change_precond;eeg_tright_lalpha_mean_full_change_precond"
2025-11-26 19:20:01.424298,37,"stress_label",5,4,0.1,0.621794871794872,0.647435897435897,NA,5,"top5","eeg_tleft_sampent_full_change_precond;eeg_c_theta_mean_full_change_precond;gsr_skin_conductance_eda_tonic_mean_nk_full_change_precond;eeg_tleft_halpha_mean_full_change_precond;eeg_tright_lalpha_mean_full_change_precond"
2025-11-26 19:20:02.238734,37,"stress_label",5,8,0.1,0.608974358974359,0.608974358974359,NA,5,"top5","eeg_tleft_sampent_full_change_precond;eeg_c_theta_mean_full_change_precond;gsr_skin_conductance_eda_tonic_mean_nk_full_change_precond;eeg_tleft_halpha_mean_full_change_precond;eeg_tright_lalpha_mean_full_change_precond"
2025-11-26 19:20:03.105047,37,"stress_label",5,16,0.1,0.576923076923077,0.583333333333333,NA,5,"top5","eeg_tleft_sampent_full_change_precond;eeg_c_theta_mean_full_change_precond;gsr_skin_conductance_eda_tonic_mean_nk_full_change_precond;eeg_tleft_halpha_mean_full_change_precond;eeg_tright_lalpha_mean_full_change_precond"
2025-11-26 19:20:03.99311,37,"stress_label",5,32,0.1,0.564102564102564,0.551282051282051,NA,5,"top5","eeg_tleft_sampent_full_change_precond;eeg_c_theta_mean_full_change_precond;gsr_skin_conductance_eda_tonic_mean_nk_full_change_precond;eeg_tleft_halpha_mean_full_change_precond;eeg_tright_lalpha_mean_full_change_precond"
2025-11-26 19:20:04.954478,37,"stress_label",5,64,0.1,0.532051282051282,0.525641025641026,NA,5,"top5","eeg_tleft_sampent_full_change_precond;eeg_c_theta_mean_full_change_precond;gsr_skin_conductance_eda_tonic_mean_nk_full_change_precond;eeg_tleft_halpha_mean_full_change_precond;eeg_tright_lalpha_mean_full_change_precond"
2025-11-26 19:20:06.051675,37,"stress_label",5,128,0.1,0.519230769230769,0.512820512820513,NA,5,"top5","eeg_tleft_sampent_full_change_precond;eeg_c_theta_mean_full_change_precond;gsr_skin_conductance_eda_tonic_mean_nk_full_change_precond;eeg_tleft_halpha_mean_full_change_precond;eeg_tright_lalpha_mean_full_change_precond"
2025-11-26 19:20:07.408253,37,"stress_label",5,256,0.1,0.493589743589744,0.448717948717949,NA,5,"top5","eeg_tleft_sampent_full_change_precond;eeg_c_theta_mean_full_change_precond;gsr_skin_conductance_eda_tonic_mean_nk_full_change_precond;eeg_tleft_halpha_mean_full_change_precond;eeg_tright_lalpha_mean_full_change_precond"
2025-11-26 19:20:08.641121,38,"stress_label",20,2,0.0078125,0.57051282051282,0.653846153846154,0.552991452991453,20,"top20","eeg_tleft_sampent_full_change_precond;eeg_tleft_halpha_mean_full_change_precond;eeg_c_theta_mean_full_change_precond;gsr_skin_conductance_eda_tonic_mean_nk_full_change_precond;pupil_dilation_sd_full_change_precond;eeg_pright_sampent_full_change_precond;eeg_fl_hbeta_mean_full_change_precond;hrv_rmssd_full_change_precond;eeg_tleft_lalpha_mean_full_change_precond;eeg_t_sampent_full_change_precond;eeg_fr_sampent_full_change_precond;eeg_c_sampent_full_change_precond;eeg_pright_lbeta_mean_full_change_precond;eeg_tright_halpha_mean_full_change_precond;eeg_c_specent_full_change_precond;eeg_fm_theta_mean_full_change_precond;eeg_pleft_lbeta_mean_full_change_precond;eeg_pleft_halpha_mean_full_change_precond;hr_heartrate_bpm_med_abs_full_change_precond;pupil_asymmetry_full_change_precond"
2025-11-26 19:20:09.639693,38,"stress_label",20,4,0.0078125,0.551282051282051,0.615384615384615,0.543589743589744,20,"top20","eeg_tleft_sampent_full_change_precond;eeg_tleft_halpha_mean_full_change_precond;eeg_c_theta_mean_full_change_precond;gsr_skin_conductance_eda_tonic_mean_nk_full_change_precond;pupil_dilation_sd_full_change_precond;eeg_pright_sampent_full_change_precond;eeg_fl_hbeta_mean_full_change_precond;hrv_rmssd_full_change_precond;eeg_tleft_lalpha_mean_full_change_precond;eeg_t_sampent_full_change_precond;eeg_fr_sampent_full_change_precond;eeg_c_sampent_full_change_precond;eeg_pright_lbeta_mean_full_change_precond;eeg_tright_halpha_mean_full_change_precond;eeg_c_specent_full_change_precond;eeg_fm_theta_mean_full_change_precond;eeg_pleft_lbeta_mean_full_change_precond;eeg_pleft_halpha_mean_full_change_precond;hr_heartrate_bpm_med_abs_full_change_precond;pupil_asymmetry_full_change_precond"
2025-11-26 19:20:10.638008,38,"stress_label",20,8,0.0078125,0.557692307692308,0.615384615384615,0.551282051282051,20,"top20","eeg_tleft_sampent_full_change_precond;eeg_tleft_halpha_mean_full_change_precond;eeg_c_theta_mean_full_change_precond;gsr_skin_conductance_eda_tonic_mean_nk_full_change_precond;pupil_dilation_sd_full_change_precond;eeg_pright_sampent_full_change_precond;eeg_fl_hbeta_mean_full_change_precond;hrv_rmssd_full_change_precond;eeg_tleft_lalpha_mean_full_change_precond;eeg_t_sampent_full_change_precond;eeg_fr_sampent_full_change_precond;eeg_c_sampent_full_change_precond;eeg_pright_lbeta_mean_full_change_precond;eeg_tright_halpha_mean_full_change_precond;eeg_c_specent_full_change_precond;eeg_fm_theta_mean_full_change_precond;eeg_pleft_lbeta_mean_full_change_precond;eeg_pleft_halpha_mean_full_change_precond;hr_heartrate_bpm_med_abs_full_change_precond;pupil_asymmetry_full_change_precond"
2025-11-26 19:20:11.700455,38,"stress_label",20,16,0.0078125,0.583333333333333,0.602564102564103,0.568376068376068,20,"top20","eeg_tleft_sampent_full_change_precond;eeg_tleft_halpha_mean_full_change_precond;eeg_c_theta_mean_full_change_precond;gsr_skin_conductance_eda_tonic_mean_nk_full_change_precond;pupil_dilation_sd_full_change_precond;eeg_pright_sampent_full_change_precond;eeg_fl_hbeta_mean_full_change_precond;hrv_rmssd_full_change_precond;eeg_tleft_lalpha_mean_full_change_precond;eeg_t_sampent_full_change_precond;eeg_fr_sampent_full_change_precond;eeg_c_sampent_full_change_precond;eeg_pright_lbeta_mean_full_change_precond;eeg_tright_halpha_mean_full_change_precond;eeg_c_specent_full_change_precond;eeg_fm_theta_mean_full_change_precond;eeg_pleft_lbeta_mean_full_change_precond;eeg_pleft_halpha_mean_full_change_precond;hr_heartrate_bpm_med_abs_full_change_precond;pupil_asymmetry_full_change_precond"
2025-11-26 19:20:12.635752,38,"stress_label",20,32,0.0078125,0.621794871794872,0.615384615384615,0.600854700854701,20,"top20","eeg_tleft_sampent_full_change_precond;eeg_tleft_halpha_mean_full_change_precond;eeg_c_theta_mean_full_change_precond;gsr_skin_conductance_eda_tonic_mean_nk_full_change_precond;pupil_dilation_sd_full_change_precond;eeg_pright_sampent_full_change_precond;eeg_fl_hbeta_mean_full_change_precond;hrv_rmssd_full_change_precond;eeg_tleft_lalpha_mean_full_change_precond;eeg_t_sampent_full_change_precond;eeg_fr_sampent_full_change_precond;eeg_c_sampent_full_change_precond;eeg_pright_lbeta_mean_full_change_precond;eeg_tright_halpha_mean_full_change_precond;eeg_c_specent_full_change_precond;eeg_fm_theta_mean_full_change_precond;eeg_pleft_lbeta_mean_full_change_precond;eeg_pleft_halpha_mean_full_change_precond;hr_heartrate_bpm_med_abs_full_change_precond;pupil_asymmetry_full_change_precond"
2025-11-26 19:20:13.762371,38,"stress_label",20,64,0.0078125,0.621794871794872,0.583333333333333,0.596581196581197,20,"top20","eeg_tleft_sampent_full_change_precond;eeg_tleft_halpha_mean_full_change_precond;eeg_c_theta_mean_full_change_precond;gsr_skin_conductance_eda_tonic_mean_nk_full_change_precond;pupil_dilation_sd_full_change_precond;eeg_pright_sampent_full_change_precond;eeg_fl_hbeta_mean_full_change_precond;hrv_rmssd_full_change_precond;eeg_tleft_lalpha_mean_full_change_precond;eeg_t_sampent_full_change_precond;eeg_fr_sampent_full_change_precond;eeg_c_sampent_full_change_precond;eeg_pright_lbeta_mean_full_change_precond;eeg_tright_halpha_mean_full_change_precond;eeg_c_specent_full_change_precond;eeg_fm_theta_mean_full_change_precond;eeg_pleft_lbeta_mean_full_change_precond;eeg_pleft_halpha_mean_full_change_precond;hr_heartrate_bpm_med_abs_full_change_precond;pupil_asymmetry_full_change_precond"
2025-11-26 19:20:15.05661,38,"stress_label",20,128,0.0078125,0.583333333333333,0.576923076923077,NA,20,"top20","eeg_tleft_sampent_full_change_precond;eeg_tleft_halpha_mean_full_change_precond;eeg_c_theta_mean_full_change_precond;gsr_skin_conductance_eda_tonic_mean_nk_full_change_precond;pupil_dilation_sd_full_change_precond;eeg_pright_sampent_full_change_precond;eeg_fl_hbeta_mean_full_change_precond;hrv_rmssd_full_change_precond;eeg_tleft_lalpha_mean_full_change_precond;eeg_t_sampent_full_change_precond;eeg_fr_sampent_full_change_precond;eeg_c_sampent_full_change_precond;eeg_pright_lbeta_mean_full_change_precond;eeg_tright_halpha_mean_full_change_precond;eeg_c_specent_full_change_precond;eeg_fm_theta_mean_full_change_precond;eeg_pleft_lbeta_mean_full_change_precond;eeg_pleft_halpha_mean_full_change_precond;hr_heartrate_bpm_med_abs_full_change_precond;pupil_asymmetry_full_change_precond"
2025-11-26 19:20:16.55015,38,"stress_label",20,256,0.0078125,0.551282051282051,0.596153846153846,NA,20,"top20","eeg_tleft_sampent_full_change_precond;eeg_tleft_halpha_mean_full_change_precond;eeg_c_theta_mean_full_change_precond;gsr_skin_conductance_eda_tonic_mean_nk_full_change_precond;pupil_dilation_sd_full_change_precond;eeg_pright_sampent_full_change_precond;eeg_fl_hbeta_mean_full_change_precond;hrv_rmssd_full_change_precond;eeg_tleft_lalpha_mean_full_change_precond;eeg_t_sampent_full_change_precond;eeg_fr_sampent_full_change_precond;eeg_c_sampent_full_change_precond;eeg_pright_lbeta_mean_full_change_precond;eeg_tright_halpha_mean_full_change_precond;eeg_c_specent_full_change_precond;eeg_fm_theta_mean_full_change_precond;eeg_pleft_lbeta_mean_full_change_precond;eeg_pleft_halpha_mean_full_change_precond;hr_heartrate_bpm_med_abs_full_change_precond;pupil_asymmetry_full_change_precond"
2025-11-26 19:20:17.599103,38,"stress_label",20,2,0.015625,0.576923076923077,0.615384615384615,0.552991452991453,20,"top20","eeg_tleft_sampent_full_change_precond;eeg_tleft_halpha_mean_full_change_precond;eeg_c_theta_mean_full_change_precond;gsr_skin_conductance_eda_tonic_mean_nk_full_change_precond;pupil_dilation_sd_full_change_precond;eeg_pright_sampent_full_change_precond;eeg_fl_hbeta_mean_full_change_precond;hrv_rmssd_full_change_precond;eeg_tleft_lalpha_mean_full_change_precond;eeg_t_sampent_full_change_precond;eeg_fr_sampent_full_change_precond;eeg_c_sampent_full_change_precond;eeg_pright_lbeta_mean_full_change_precond;eeg_tright_halpha_mean_full_change_precond;eeg_c_specent_full_change_precond;eeg_fm_theta_mean_full_change_precond;eeg_pleft_lbeta_mean_full_change_precond;eeg_pleft_halpha_mean_full_change_precond;hr_heartrate_bpm_med_abs_full_change_precond;pupil_asymmetry_full_change_precond"
2025-11-26 19:20:18.56317,38,"stress_label",20,4,0.015625,0.58974358974359,0.615384615384615,0.566666666666667,20,"top20","eeg_tleft_sampent_full_change_precond;eeg_tleft_halpha_mean_full_change_precond;eeg_c_theta_mean_full_change_precond;gsr_skin_conductance_eda_tonic_mean_nk_full_change_precond;pupil_dilation_sd_full_change_precond;eeg_pright_sampent_full_change_precond;eeg_fl_hbeta_mean_full_change_precond;hrv_rmssd_full_change_precond;eeg_tleft_lalpha_mean_full_change_precond;eeg_t_sampent_full_change_precond;eeg_fr_sampent_full_change_precond;eeg_c_sampent_full_change_precond;eeg_pright_lbeta_mean_full_change_precond;eeg_tright_halpha_mean_full_change_precond;eeg_c_specent_full_change_precond;eeg_fm_theta_mean_full_change_precond;eeg_pleft_lbeta_mean_full_change_precond;eeg_pleft_halpha_mean_full_change_precond;hr_heartrate_bpm_med_abs_full_change_precond;pupil_asymmetry_full_change_precond"
2025-11-26 19:20:19.571823,38,"stress_label",20,8,0.015625,0.608974358974359,0.608974358974359,0.583760683760684,20,"top20","eeg_tleft_sampent_full_change_precond;eeg_tleft_halpha_mean_full_change_precond;eeg_c_theta_mean_full_change_precond;gsr_skin_conductance_eda_tonic_mean_nk_full_change_precond;pupil_dilation_sd_full_change_precond;eeg_pright_sampent_full_change_precond;eeg_fl_hbeta_mean_full_change_precond;hrv_rmssd_full_change_precond;eeg_tleft_lalpha_mean_full_change_precond;eeg_t_sampent_full_change_precond;eeg_fr_sampent_full_change_precond;eeg_c_sampent_full_change_precond;eeg_pright_lbeta_mean_full_change_precond;eeg_tright_halpha_mean_full_change_precond;eeg_c_specent_full_change_precond;eeg_fm_theta_mean_full_change_precond;eeg_pleft_lbeta_mean_full_change_precond;eeg_pleft_halpha_mean_full_change_precond;hr_heartrate_bpm_med_abs_full_change_precond;pupil_asymmetry_full_change_precond"
2025-11-26 19:20:20.669562,38,"stress_label",20,16,0.015625,0.621794871794872,0.615384615384615,0.592307692307692,20,"top20","eeg_tleft_sampent_full_change_precond;eeg_tleft_halpha_mean_full_change_precond;eeg_c_theta_mean_full_change_precond;gsr_skin_conductance_eda_tonic_mean_nk_full_change_precond;pupil_dilation_sd_full_change_precond;eeg_pright_sampent_full_change_precond;eeg_fl_hbeta_mean_full_change_precond;hrv_rmssd_full_change_precond;eeg_tleft_lalpha_mean_full_change_precond;eeg_t_sampent_full_change_precond;eeg_fr_sampent_full_change_precond;eeg_c_sampent_full_change_precond;eeg_pright_lbeta_mean_full_change_precond;eeg_tright_halpha_mean_full_change_precond;eeg_c_specent_full_change_precond;eeg_fm_theta_mean_full_change_precond;eeg_pleft_lbeta_mean_full_change_precond;eeg_pleft_halpha_mean_full_change_precond;hr_heartrate_bpm_med_abs_full_change_precond;pupil_asymmetry_full_change_precond"
2025-11-26 19:20:21.865116,38,"stress_label",20,32,0.015625,0.583333333333333,0.564102564102564,NA,20,"top20","eeg_tleft_sampent_full_change_precond;eeg_tleft_halpha_mean_full_change_precond;eeg_c_theta_mean_full_change_precond;gsr_skin_conductance_eda_tonic_mean_nk_full_change_precond;pupil_dilation_sd_full_change_precond;eeg_pright_sampent_full_change_precond;eeg_fl_hbeta_mean_full_change_precond;hrv_rmssd_full_change_precond;eeg_tleft_lalpha_mean_full_change_precond;eeg_t_sampent_full_change_precond;eeg_fr_sampent_full_change_precond;eeg_c_sampent_full_change_precond;eeg_pright_lbeta_mean_full_change_precond;eeg_tright_halpha_mean_full_change_precond;eeg_c_specent_full_change_precond;eeg_fm_theta_mean_full_change_precond;eeg_pleft_lbeta_mean_full_change_precond;eeg_pleft_halpha_mean_full_change_precond;hr_heartrate_bpm_med_abs_full_change_precond;pupil_asymmetry_full_change_precond"
2025-11-26 19:20:23.016951,38,"stress_label",20,64,0.015625,0.557692307692308,0.583333333333333,NA,20,"top20","eeg_tleft_sampent_full_change_precond;eeg_tleft_halpha_mean_full_change_precond;eeg_c_theta_mean_full_change_precond;gsr_skin_conductance_eda_tonic_mean_nk_full_change_precond;pupil_dilation_sd_full_change_precond;eeg_pright_sampent_full_change_precond;eeg_fl_hbeta_mean_full_change_precond;hrv_rmssd_full_change_precond;eeg_tleft_lalpha_mean_full_change_precond;eeg_t_sampent_full_change_precond;eeg_fr_sampent_full_change_precond;eeg_c_sampent_full_change_precond;eeg_pright_lbeta_mean_full_change_precond;eeg_tright_halpha_mean_full_change_precond;eeg_c_specent_full_change_precond;eeg_fm_theta_mean_full_change_precond;eeg_pleft_lbeta_mean_full_change_precond;eeg_pleft_halpha_mean_full_change_precond;hr_heartrate_bpm_med_abs_full_change_precond;pupil_asymmetry_full_change_precond"
2025-11-26 19:20:24.352366,38,"stress_label",20,128,0.015625,0.564102564102564,0.57051282051282,NA,20,"top20","eeg_tleft_sampent_full_change_precond;eeg_tleft_halpha_mean_full_change_precond;eeg_c_theta_mean_full_change_precond;gsr_skin_conductance_eda_tonic_mean_nk_full_change_precond;pupil_dilation_sd_full_change_precond;eeg_pright_sampent_full_change_precond;eeg_fl_hbeta_mean_full_change_precond;hrv_rmssd_full_change_precond;eeg_tleft_lalpha_mean_full_change_precond;eeg_t_sampent_full_change_precond;eeg_fr_sampent_full_change_precond;eeg_c_sampent_full_change_precond;eeg_pright_lbeta_mean_full_change_precond;eeg_tright_halpha_mean_full_change_precond;eeg_c_specent_full_change_precond;eeg_fm_theta_mean_full_change_precond;eeg_pleft_lbeta_mean_full_change_precond;eeg_pleft_halpha_mean_full_change_precond;hr_heartrate_bpm_med_abs_full_change_precond;pupil_asymmetry_full_change_precond"
2025-11-26 19:20:25.753172,38,"stress_label",20,256,0.015625,0.551282051282051,0.551282051282051,NA,20,"top20","eeg_tleft_sampent_full_change_precond;eeg_tleft_halpha_mean_full_change_precond;eeg_c_theta_mean_full_change_precond;gsr_skin_conductance_eda_tonic_mean_nk_full_change_precond;pupil_dilation_sd_full_change_precond;eeg_pright_sampent_full_change_precond;eeg_fl_hbeta_mean_full_change_precond;hrv_rmssd_full_change_precond;eeg_tleft_lalpha_mean_full_change_precond;eeg_t_sampent_full_change_precond;eeg_fr_sampent_full_change_precond;eeg_c_sampent_full_change_precond;eeg_pright_lbeta_mean_full_change_precond;eeg_tright_halpha_mean_full_change_precond;eeg_c_specent_full_change_precond;eeg_fm_theta_mean_full_change_precond;eeg_pleft_lbeta_mean_full_change_precond;eeg_pleft_halpha_mean_full_change_precond;hr_heartrate_bpm_med_abs_full_change_precond;pupil_asymmetry_full_change_precond"
2025-11-26 19:20:26.798342,38,"stress_label",20,2,0.03125,0.608974358974359,0.615384615384615,0.582905982905983,20,"top20","eeg_tleft_sampent_full_change_precond;eeg_tleft_halpha_mean_full_change_precond;eeg_c_theta_mean_full_change_precond;gsr_skin_conductance_eda_tonic_mean_nk_full_change_precond;pupil_dilation_sd_full_change_precond;eeg_pright_sampent_full_change_precond;eeg_fl_hbeta_mean_full_change_precond;hrv_rmssd_full_change_precond;eeg_tleft_lalpha_mean_full_change_precond;eeg_t_sampent_full_change_precond;eeg_fr_sampent_full_change_precond;eeg_c_sampent_full_change_precond;eeg_pright_lbeta_mean_full_change_precond;eeg_tright_halpha_mean_full_change_precond;eeg_c_specent_full_change_precond;eeg_fm_theta_mean_full_change_precond;eeg_pleft_lbeta_mean_full_change_precond;eeg_pleft_halpha_mean_full_change_precond;hr_heartrate_bpm_med_abs_full_change_precond;pupil_asymmetry_full_change_precond"
2025-11-26 19:20:27.813171,38,"stress_label",20,4,0.03125,0.634615384615385,0.621794871794872,0.607692307692308,20,"top20","eeg_tleft_sampent_full_change_precond;eeg_tleft_halpha_mean_full_change_precond;eeg_c_theta_mean_full_change_precond;gsr_skin_conductance_eda_tonic_mean_nk_full_change_precond;pupil_dilation_sd_full_change_precond;eeg_pright_sampent_full_change_precond;eeg_fl_hbeta_mean_full_change_precond;hrv_rmssd_full_change_precond;eeg_tleft_lalpha_mean_full_change_precond;eeg_t_sampent_full_change_precond;eeg_fr_sampent_full_change_precond;eeg_c_sampent_full_change_precond;eeg_pright_lbeta_mean_full_change_precond;eeg_tright_halpha_mean_full_change_precond;eeg_c_specent_full_change_precond;eeg_fm_theta_mean_full_change_precond;eeg_pleft_lbeta_mean_full_change_precond;eeg_pleft_halpha_mean_full_change_precond;hr_heartrate_bpm_med_abs_full_change_precond;pupil_asymmetry_full_change_precond"
2025-11-26 19:20:28.796632,38,"stress_label",20,8,0.03125,0.608974358974359,0.583333333333333,NA,20,"top20","eeg_tleft_sampent_full_change_precond;eeg_tleft_halpha_mean_full_change_precond;eeg_c_theta_mean_full_change_precond;gsr_skin_conductance_eda_tonic_mean_nk_full_change_precond;pupil_dilation_sd_full_change_precond;eeg_pright_sampent_full_change_precond;eeg_fl_hbeta_mean_full_change_precond;hrv_rmssd_full_change_precond;eeg_tleft_lalpha_mean_full_change_precond;eeg_t_sampent_full_change_precond;eeg_fr_sampent_full_change_precond;eeg_c_sampent_full_change_precond;eeg_pright_lbeta_mean_full_change_precond;eeg_tright_halpha_mean_full_change_precond;eeg_c_specent_full_change_precond;eeg_fm_theta_mean_full_change_precond;eeg_pleft_lbeta_mean_full_change_precond;eeg_pleft_halpha_mean_full_change_precond;hr_heartrate_bpm_med_abs_full_change_precond;pupil_asymmetry_full_change_precond"
2025-11-26 19:20:29.985682,38,"stress_label",20,16,0.03125,0.576923076923077,0.602564102564103,NA,20,"top20","eeg_tleft_sampent_full_change_precond;eeg_tleft_halpha_mean_full_change_precond;eeg_c_theta_mean_full_change_precond;gsr_skin_conductance_eda_tonic_mean_nk_full_change_precond;pupil_dilation_sd_full_change_precond;eeg_pright_sampent_full_change_precond;eeg_fl_hbeta_mean_full_change_precond;hrv_rmssd_full_change_precond;eeg_tleft_lalpha_mean_full_change_precond;eeg_t_sampent_full_change_precond;eeg_fr_sampent_full_change_precond;eeg_c_sampent_full_change_precond;eeg_pright_lbeta_mean_full_change_precond;eeg_tright_halpha_mean_full_change_precond;eeg_c_specent_full_change_precond;eeg_fm_theta_mean_full_change_precond;eeg_pleft_lbeta_mean_full_change_precond;eeg_pleft_halpha_mean_full_change_precond;hr_heartrate_bpm_med_abs_full_change_precond;pupil_asymmetry_full_change_precond"
2025-11-26 19:20:31.193405,38,"stress_label",20,32,0.03125,0.583333333333333,0.615384615384615,0.574358974358974,20,"top20","eeg_tleft_sampent_full_change_precond;eeg_tleft_halpha_mean_full_change_precond;eeg_c_theta_mean_full_change_precond;gsr_skin_conductance_eda_tonic_mean_nk_full_change_precond;pupil_dilation_sd_full_change_precond;eeg_pright_sampent_full_change_precond;eeg_fl_hbeta_mean_full_change_precond;hrv_rmssd_full_change_precond;eeg_tleft_lalpha_mean_full_change_precond;eeg_t_sampent_full_change_precond;eeg_fr_sampent_full_change_precond;eeg_c_sampent_full_change_precond;eeg_pright_lbeta_mean_full_change_precond;eeg_tright_halpha_mean_full_change_precond;eeg_c_specent_full_change_precond;eeg_fm_theta_mean_full_change_precond;eeg_pleft_lbeta_mean_full_change_precond;eeg_pleft_halpha_mean_full_change_precond;hr_heartrate_bpm_med_abs_full_change_precond;pupil_asymmetry_full_change_precond"
2025-11-26 19:20:32.454743,38,"stress_label",20,64,0.03125,0.557692307692308,0.576923076923077,NA,20,"top20","eeg_tleft_sampent_full_change_precond;eeg_tleft_halpha_mean_full_change_precond;eeg_c_theta_mean_full_change_precond;gsr_skin_conductance_eda_tonic_mean_nk_full_change_precond;pupil_dilation_sd_full_change_precond;eeg_pright_sampent_full_change_precond;eeg_fl_hbeta_mean_full_change_precond;hrv_rmssd_full_change_precond;eeg_tleft_lalpha_mean_full_change_precond;eeg_t_sampent_full_change_precond;eeg_fr_sampent_full_change_precond;eeg_c_sampent_full_change_precond;eeg_pright_lbeta_mean_full_change_precond;eeg_tright_halpha_mean_full_change_precond;eeg_c_specent_full_change_precond;eeg_fm_theta_mean_full_change_precond;eeg_pleft_lbeta_mean_full_change_precond;eeg_pleft_halpha_mean_full_change_precond;hr_heartrate_bpm_med_abs_full_change_precond;pupil_asymmetry_full_change_precond"
2025-11-26 19:20:33.548319,38,"stress_label",20,128,0.03125,0.557692307692308,0.596153846153846,NA,20,"top20","eeg_tleft_sampent_full_change_precond;eeg_tleft_halpha_mean_full_change_precond;eeg_c_theta_mean_full_change_precond;gsr_skin_conductance_eda_tonic_mean_nk_full_change_precond;pupil_dilation_sd_full_change_precond;eeg_pright_sampent_full_change_precond;eeg_fl_hbeta_mean_full_change_precond;hrv_rmssd_full_change_precond;eeg_tleft_lalpha_mean_full_change_precond;eeg_t_sampent_full_change_precond;eeg_fr_sampent_full_change_precond;eeg_c_sampent_full_change_precond;eeg_pright_lbeta_mean_full_change_precond;eeg_tright_halpha_mean_full_change_precond;eeg_c_specent_full_change_precond;eeg_fm_theta_mean_full_change_precond;eeg_pleft_lbeta_mean_full_change_precond;eeg_pleft_halpha_mean_full_change_precond;hr_heartrate_bpm_med_abs_full_change_precond;pupil_asymmetry_full_change_precond"
2025-11-26 19:20:34.659169,38,"stress_label",20,256,0.03125,0.557692307692308,0.596153846153846,NA,20,"top20","eeg_tleft_sampent_full_change_precond;eeg_tleft_halpha_mean_full_change_precond;eeg_c_theta_mean_full_change_precond;gsr_skin_conductance_eda_tonic_mean_nk_full_change_precond;pupil_dilation_sd_full_change_precond;eeg_pright_sampent_full_change_precond;eeg_fl_hbeta_mean_full_change_precond;hrv_rmssd_full_change_precond;eeg_tleft_lalpha_mean_full_change_precond;eeg_t_sampent_full_change_precond;eeg_fr_sampent_full_change_precond;eeg_c_sampent_full_change_precond;eeg_pright_lbeta_mean_full_change_precond;eeg_tright_halpha_mean_full_change_precond;eeg_c_specent_full_change_precond;eeg_fm_theta_mean_full_change_precond;eeg_pleft_lbeta_mean_full_change_precond;eeg_pleft_halpha_mean_full_change_precond;hr_heartrate_bpm_med_abs_full_change_precond;pupil_asymmetry_full_change_precond"
2025-11-26 19:20:35.71664,38,"stress_label",20,2,0.0625,0.621794871794872,0.608974358974359,0.591452991452991,20,"top20","eeg_tleft_sampent_full_change_precond;eeg_tleft_halpha_mean_full_change_precond;eeg_c_theta_mean_full_change_precond;gsr_skin_conductance_eda_tonic_mean_nk_full_change_precond;pupil_dilation_sd_full_change_precond;eeg_pright_sampent_full_change_precond;eeg_fl_hbeta_mean_full_change_precond;hrv_rmssd_full_change_precond;eeg_tleft_lalpha_mean_full_change_precond;eeg_t_sampent_full_change_precond;eeg_fr_sampent_full_change_precond;eeg_c_sampent_full_change_precond;eeg_pright_lbeta_mean_full_change_precond;eeg_tright_halpha_mean_full_change_precond;eeg_c_specent_full_change_precond;eeg_fm_theta_mean_full_change_precond;eeg_pleft_lbeta_mean_full_change_precond;eeg_pleft_halpha_mean_full_change_precond;hr_heartrate_bpm_med_abs_full_change_precond;pupil_asymmetry_full_change_precond"
2025-11-26 19:20:36.761996,38,"stress_label",20,4,0.0625,0.621794871794872,0.602564102564103,NA,20,"top20","eeg_tleft_sampent_full_change_precond;eeg_tleft_halpha_mean_full_change_precond;eeg_c_theta_mean_full_change_precond;gsr_skin_conductance_eda_tonic_mean_nk_full_change_precond;pupil_dilation_sd_full_change_precond;eeg_pright_sampent_full_change_precond;eeg_fl_hbeta_mean_full_change_precond;hrv_rmssd_full_change_precond;eeg_tleft_lalpha_mean_full_change_precond;eeg_t_sampent_full_change_precond;eeg_fr_sampent_full_change_precond;eeg_c_sampent_full_change_precond;eeg_pright_lbeta_mean_full_change_precond;eeg_tright_halpha_mean_full_change_precond;eeg_c_specent_full_change_precond;eeg_fm_theta_mean_full_change_precond;eeg_pleft_lbeta_mean_full_change_precond;eeg_pleft_halpha_mean_full_change_precond;hr_heartrate_bpm_med_abs_full_change_precond;pupil_asymmetry_full_change_precond"
2025-11-26 19:20:37.912981,38,"stress_label",20,8,0.0625,0.58974358974359,0.621794871794872,0.585470085470085,20,"top20","eeg_tleft_sampent_full_change_precond;eeg_tleft_halpha_mean_full_change_precond;eeg_c_theta_mean_full_change_precond;gsr_skin_conductance_eda_tonic_mean_nk_full_change_precond;pupil_dilation_sd_full_change_precond;eeg_pright_sampent_full_change_precond;eeg_fl_hbeta_mean_full_change_precond;hrv_rmssd_full_change_precond;eeg_tleft_lalpha_mean_full_change_precond;eeg_t_sampent_full_change_precond;eeg_fr_sampent_full_change_precond;eeg_c_sampent_full_change_precond;eeg_pright_lbeta_mean_full_change_precond;eeg_tright_halpha_mean_full_change_precond;eeg_c_specent_full_change_precond;eeg_fm_theta_mean_full_change_precond;eeg_pleft_lbeta_mean_full_change_precond;eeg_pleft_halpha_mean_full_change_precond;hr_heartrate_bpm_med_abs_full_change_precond;pupil_asymmetry_full_change_precond"
2025-11-26 19:20:39.073033,38,"stress_label",20,16,0.0625,0.564102564102564,0.628205128205128,0.556410256410256,20,"top20","eeg_tleft_sampent_full_change_precond;eeg_tleft_halpha_mean_full_change_precond;eeg_c_theta_mean_full_change_precond;gsr_skin_conductance_eda_tonic_mean_nk_full_change_precond;pupil_dilation_sd_full_change_precond;eeg_pright_sampent_full_change_precond;eeg_fl_hbeta_mean_full_change_precond;hrv_rmssd_full_change_precond;eeg_tleft_lalpha_mean_full_change_precond;eeg_t_sampent_full_change_precond;eeg_fr_sampent_full_change_precond;eeg_c_sampent_full_change_precond;eeg_pright_lbeta_mean_full_change_precond;eeg_tright_halpha_mean_full_change_precond;eeg_c_specent_full_change_precond;eeg_fm_theta_mean_full_change_precond;eeg_pleft_lbeta_mean_full_change_precond;eeg_pleft_halpha_mean_full_change_precond;hr_heartrate_bpm_med_abs_full_change_precond;pupil_asymmetry_full_change_precond"
2025-11-26 19:20:40.175809,38,"stress_label",20,32,0.0625,0.564102564102564,0.628205128205128,0.556410256410256,20,"top20","eeg_tleft_sampent_full_change_precond;eeg_tleft_halpha_mean_full_change_precond;eeg_c_theta_mean_full_change_precond;gsr_skin_conductance_eda_tonic_mean_nk_full_change_precond;pupil_dilation_sd_full_change_precond;eeg_pright_sampent_full_change_precond;eeg_fl_hbeta_mean_full_change_precond;hrv_rmssd_full_change_precond;eeg_tleft_lalpha_mean_full_change_precond;eeg_t_sampent_full_change_precond;eeg_fr_sampent_full_change_precond;eeg_c_sampent_full_change_precond;eeg_pright_lbeta_mean_full_change_precond;eeg_tright_halpha_mean_full_change_precond;eeg_c_specent_full_change_precond;eeg_fm_theta_mean_full_change_precond;eeg_pleft_lbeta_mean_full_change_precond;eeg_pleft_halpha_mean_full_change_precond;hr_heartrate_bpm_med_abs_full_change_precond;pupil_asymmetry_full_change_precond"
2025-11-26 19:20:41.325669,38,"stress_label",20,64,0.0625,0.564102564102564,0.628205128205128,0.556410256410256,20,"top20","eeg_tleft_sampent_full_change_precond;eeg_tleft_halpha_mean_full_change_precond;eeg_c_theta_mean_full_change_precond;gsr_skin_conductance_eda_tonic_mean_nk_full_change_precond;pupil_dilation_sd_full_change_precond;eeg_pright_sampent_full_change_precond;eeg_fl_hbeta_mean_full_change_precond;hrv_rmssd_full_change_precond;eeg_tleft_lalpha_mean_full_change_precond;eeg_t_sampent_full_change_precond;eeg_fr_sampent_full_change_precond;eeg_c_sampent_full_change_precond;eeg_pright_lbeta_mean_full_change_precond;eeg_tright_halpha_mean_full_change_precond;eeg_c_specent_full_change_precond;eeg_fm_theta_mean_full_change_precond;eeg_pleft_lbeta_mean_full_change_precond;eeg_pleft_halpha_mean_full_change_precond;hr_heartrate_bpm_med_abs_full_change_precond;pupil_asymmetry_full_change_precond"
2025-11-26 19:20:42.65031,38,"stress_label",20,128,0.0625,0.564102564102564,0.628205128205128,0.556410256410256,20,"top20","eeg_tleft_sampent_full_change_precond;eeg_tleft_halpha_mean_full_change_precond;eeg_c_theta_mean_full_change_precond;gsr_skin_conductance_eda_tonic_mean_nk_full_change_precond;pupil_dilation_sd_full_change_precond;eeg_pright_sampent_full_change_precond;eeg_fl_hbeta_mean_full_change_precond;hrv_rmssd_full_change_precond;eeg_tleft_lalpha_mean_full_change_precond;eeg_t_sampent_full_change_precond;eeg_fr_sampent_full_change_precond;eeg_c_sampent_full_change_precond;eeg_pright_lbeta_mean_full_change_precond;eeg_tright_halpha_mean_full_change_precond;eeg_c_specent_full_change_precond;eeg_fm_theta_mean_full_change_precond;eeg_pleft_lbeta_mean_full_change_precond;eeg_pleft_halpha_mean_full_change_precond;hr_heartrate_bpm_med_abs_full_change_precond;pupil_asymmetry_full_change_precond"
2025-11-26 19:20:43.794805,38,"stress_label",20,256,0.0625,0.564102564102564,0.628205128205128,0.556410256410256,20,"top20","eeg_tleft_sampent_full_change_precond;eeg_tleft_halpha_mean_full_change_precond;eeg_c_theta_mean_full_change_precond;gsr_skin_conductance_eda_tonic_mean_nk_full_change_precond;pupil_dilation_sd_full_change_precond;eeg_pright_sampent_full_change_precond;eeg_fl_hbeta_mean_full_change_precond;hrv_rmssd_full_change_precond;eeg_tleft_lalpha_mean_full_change_precond;eeg_t_sampent_full_change_precond;eeg_fr_sampent_full_change_precond;eeg_c_sampent_full_change_precond;eeg_pright_lbeta_mean_full_change_precond;eeg_tright_halpha_mean_full_change_precond;eeg_c_specent_full_change_precond;eeg_fm_theta_mean_full_change_precond;eeg_pleft_lbeta_mean_full_change_precond;eeg_pleft_halpha_mean_full_change_precond;hr_heartrate_bpm_med_abs_full_change_precond;pupil_asymmetry_full_change_precond"
2025-11-26 19:20:44.940661,38,"stress_label",20,2,0.125,0.58974358974359,0.641025641025641,NA,20,"top20","eeg_tleft_sampent_full_change_precond;eeg_tleft_halpha_mean_full_change_precond;eeg_c_theta_mean_full_change_precond;gsr_skin_conductance_eda_tonic_mean_nk_full_change_precond;pupil_dilation_sd_full_change_precond;eeg_pright_sampent_full_change_precond;eeg_fl_hbeta_mean_full_change_precond;hrv_rmssd_full_change_precond;eeg_tleft_lalpha_mean_full_change_precond;eeg_t_sampent_full_change_precond;eeg_fr_sampent_full_change_precond;eeg_c_sampent_full_change_precond;eeg_pright_lbeta_mean_full_change_precond;eeg_tright_halpha_mean_full_change_precond;eeg_c_specent_full_change_precond;eeg_fm_theta_mean_full_change_precond;eeg_pleft_lbeta_mean_full_change_precond;eeg_pleft_halpha_mean_full_change_precond;hr_heartrate_bpm_med_abs_full_change_precond;pupil_asymmetry_full_change_precond"
2025-11-26 19:20:46.086847,38,"stress_label",20,4,0.125,0.57051282051282,0.641025641025641,NA,20,"top20","eeg_tleft_sampent_full_change_precond;eeg_tleft_halpha_mean_full_change_precond;eeg_c_theta_mean_full_change_precond;gsr_skin_conductance_eda_tonic_mean_nk_full_change_precond;pupil_dilation_sd_full_change_precond;eeg_pright_sampent_full_change_precond;eeg_fl_hbeta_mean_full_change_precond;hrv_rmssd_full_change_precond;eeg_tleft_lalpha_mean_full_change_precond;eeg_t_sampent_full_change_precond;eeg_fr_sampent_full_change_precond;eeg_c_sampent_full_change_precond;eeg_pright_lbeta_mean_full_change_precond;eeg_tright_halpha_mean_full_change_precond;eeg_c_specent_full_change_precond;eeg_fm_theta_mean_full_change_precond;eeg_pleft_lbeta_mean_full_change_precond;eeg_pleft_halpha_mean_full_change_precond;hr_heartrate_bpm_med_abs_full_change_precond;pupil_asymmetry_full_change_precond"
2025-11-26 19:20:47.20176,38,"stress_label",20,8,0.125,0.57051282051282,0.641025641025641,NA,20,"top20","eeg_tleft_sampent_full_change_precond;eeg_tleft_halpha_mean_full_change_precond;eeg_c_theta_mean_full_change_precond;gsr_skin_conductance_eda_tonic_mean_nk_full_change_precond;pupil_dilation_sd_full_change_precond;eeg_pright_sampent_full_change_precond;eeg_fl_hbeta_mean_full_change_precond;hrv_rmssd_full_change_precond;eeg_tleft_lalpha_mean_full_change_precond;eeg_t_sampent_full_change_precond;eeg_fr_sampent_full_change_precond;eeg_c_sampent_full_change_precond;eeg_pright_lbeta_mean_full_change_precond;eeg_tright_halpha_mean_full_change_precond;eeg_c_specent_full_change_precond;eeg_fm_theta_mean_full_change_precond;eeg_pleft_lbeta_mean_full_change_precond;eeg_pleft_halpha_mean_full_change_precond;hr_heartrate_bpm_med_abs_full_change_precond;pupil_asymmetry_full_change_precond"
2025-11-26 19:20:48.347236,38,"stress_label",20,16,0.125,0.57051282051282,0.641025641025641,NA,20,"top20","eeg_tleft_sampent_full_change_precond;eeg_tleft_halpha_mean_full_change_precond;eeg_c_theta_mean_full_change_precond;gsr_skin_conductance_eda_tonic_mean_nk_full_change_precond;pupil_dilation_sd_full_change_precond;eeg_pright_sampent_full_change_precond;eeg_fl_hbeta_mean_full_change_precond;hrv_rmssd_full_change_precond;eeg_tleft_lalpha_mean_full_change_precond;eeg_t_sampent_full_change_precond;eeg_fr_sampent_full_change_precond;eeg_c_sampent_full_change_precond;eeg_pright_lbeta_mean_full_change_precond;eeg_tright_halpha_mean_full_change_precond;eeg_c_specent_full_change_precond;eeg_fm_theta_mean_full_change_precond;eeg_pleft_lbeta_mean_full_change_precond;eeg_pleft_halpha_mean_full_change_precond;hr_heartrate_bpm_med_abs_full_change_precond;pupil_asymmetry_full_change_precond"
2025-11-26 19:20:49.426477,38,"stress_label",20,32,0.125,0.57051282051282,0.641025641025641,NA,20,"top20","eeg_tleft_sampent_full_change_precond;eeg_tleft_halpha_mean_full_change_precond;eeg_c_theta_mean_full_change_precond;gsr_skin_conductance_eda_tonic_mean_nk_full_change_precond;pupil_dilation_sd_full_change_precond;eeg_pright_sampent_full_change_precond;eeg_fl_hbeta_mean_full_change_precond;hrv_rmssd_full_change_precond;eeg_tleft_lalpha_mean_full_change_precond;eeg_t_sampent_full_change_precond;eeg_fr_sampent_full_change_precond;eeg_c_sampent_full_change_precond;eeg_pright_lbeta_mean_full_change_precond;eeg_tright_halpha_mean_full_change_precond;eeg_c_specent_full_change_precond;eeg_fm_theta_mean_full_change_precond;eeg_pleft_lbeta_mean_full_change_precond;eeg_pleft_halpha_mean_full_change_precond;hr_heartrate_bpm_med_abs_full_change_precond;pupil_asymmetry_full_change_precond"
2025-11-26 19:20:50.477832,38,"stress_label",20,64,0.125,0.57051282051282,0.641025641025641,NA,20,"top20","eeg_tleft_sampent_full_change_precond;eeg_tleft_halpha_mean_full_change_precond;eeg_c_theta_mean_full_change_precond;gsr_skin_conductance_eda_tonic_mean_nk_full_change_precond;pupil_dilation_sd_full_change_precond;eeg_pright_sampent_full_change_precond;eeg_fl_hbeta_mean_full_change_precond;hrv_rmssd_full_change_precond;eeg_tleft_lalpha_mean_full_change_precond;eeg_t_sampent_full_change_precond;eeg_fr_sampent_full_change_precond;eeg_c_sampent_full_change_precond;eeg_pright_lbeta_mean_full_change_precond;eeg_tright_halpha_mean_full_change_precond;eeg_c_specent_full_change_precond;eeg_fm_theta_mean_full_change_precond;eeg_pleft_lbeta_mean_full_change_precond;eeg_pleft_halpha_mean_full_change_precond;hr_heartrate_bpm_med_abs_full_change_precond;pupil_asymmetry_full_change_precond"
2025-11-26 19:20:51.630868,38,"stress_label",20,128,0.125,0.57051282051282,0.641025641025641,NA,20,"top20","eeg_tleft_sampent_full_change_precond;eeg_tleft_halpha_mean_full_change_precond;eeg_c_theta_mean_full_change_precond;gsr_skin_conductance_eda_tonic_mean_nk_full_change_precond;pupil_dilation_sd_full_change_precond;eeg_pright_sampent_full_change_precond;eeg_fl_hbeta_mean_full_change_precond;hrv_rmssd_full_change_precond;eeg_tleft_lalpha_mean_full_change_precond;eeg_t_sampent_full_change_precond;eeg_fr_sampent_full_change_precond;eeg_c_sampent_full_change_precond;eeg_pright_lbeta_mean_full_change_precond;eeg_tright_halpha_mean_full_change_precond;eeg_c_specent_full_change_precond;eeg_fm_theta_mean_full_change_precond;eeg_pleft_lbeta_mean_full_change_precond;eeg_pleft_halpha_mean_full_change_precond;hr_heartrate_bpm_med_abs_full_change_precond;pupil_asymmetry_full_change_precond"
2025-11-26 19:20:52.65328,38,"stress_label",20,256,0.125,0.57051282051282,0.641025641025641,NA,20,"top20","eeg_tleft_sampent_full_change_precond;eeg_tleft_halpha_mean_full_change_precond;eeg_c_theta_mean_full_change_precond;gsr_skin_conductance_eda_tonic_mean_nk_full_change_precond;pupil_dilation_sd_full_change_precond;eeg_pright_sampent_full_change_precond;eeg_fl_hbeta_mean_full_change_precond;hrv_rmssd_full_change_precond;eeg_tleft_lalpha_mean_full_change_precond;eeg_t_sampent_full_change_precond;eeg_fr_sampent_full_change_precond;eeg_c_sampent_full_change_precond;eeg_pright_lbeta_mean_full_change_precond;eeg_tright_halpha_mean_full_change_precond;eeg_c_specent_full_change_precond;eeg_fm_theta_mean_full_change_precond;eeg_pleft_lbeta_mean_full_change_precond;eeg_pleft_halpha_mean_full_change_precond;hr_heartrate_bpm_med_abs_full_change_precond;pupil_asymmetry_full_change_precond"
2025-11-26 19:20:53.672116,38,"stress_label",20,2,0.03,0.608974358974359,0.615384615384615,0.582905982905983,20,"top20","eeg_tleft_sampent_full_change_precond;eeg_tleft_halpha_mean_full_change_precond;eeg_c_theta_mean_full_change_precond;gsr_skin_conductance_eda_tonic_mean_nk_full_change_precond;pupil_dilation_sd_full_change_precond;eeg_pright_sampent_full_change_precond;eeg_fl_hbeta_mean_full_change_precond;hrv_rmssd_full_change_precond;eeg_tleft_lalpha_mean_full_change_precond;eeg_t_sampent_full_change_precond;eeg_fr_sampent_full_change_precond;eeg_c_sampent_full_change_precond;eeg_pright_lbeta_mean_full_change_precond;eeg_tright_halpha_mean_full_change_precond;eeg_c_specent_full_change_precond;eeg_fm_theta_mean_full_change_precond;eeg_pleft_lbeta_mean_full_change_precond;eeg_pleft_halpha_mean_full_change_precond;hr_heartrate_bpm_med_abs_full_change_precond;pupil_asymmetry_full_change_precond"
2025-11-26 19:20:54.676617,38,"stress_label",20,4,0.03,0.615384615384615,0.621794871794872,0.582051282051282,20,"top20","eeg_tleft_sampent_full_change_precond;eeg_tleft_halpha_mean_full_change_precond;eeg_c_theta_mean_full_change_precond;gsr_skin_conductance_eda_tonic_mean_nk_full_change_precond;pupil_dilation_sd_full_change_precond;eeg_pright_sampent_full_change_precond;eeg_fl_hbeta_mean_full_change_precond;hrv_rmssd_full_change_precond;eeg_tleft_lalpha_mean_full_change_precond;eeg_t_sampent_full_change_precond;eeg_fr_sampent_full_change_precond;eeg_c_sampent_full_change_precond;eeg_pright_lbeta_mean_full_change_precond;eeg_tright_halpha_mean_full_change_precond;eeg_c_specent_full_change_precond;eeg_fm_theta_mean_full_change_precond;eeg_pleft_lbeta_mean_full_change_precond;eeg_pleft_halpha_mean_full_change_precond;hr_heartrate_bpm_med_abs_full_change_precond;pupil_asymmetry_full_change_precond"
2025-11-26 19:20:55.778614,38,"stress_label",20,8,0.03,0.608974358974359,0.58974358974359,NA,20,"top20","eeg_tleft_sampent_full_change_precond;eeg_tleft_halpha_mean_full_change_precond;eeg_c_theta_mean_full_change_precond;gsr_skin_conductance_eda_tonic_mean_nk_full_change_precond;pupil_dilation_sd_full_change_precond;eeg_pright_sampent_full_change_precond;eeg_fl_hbeta_mean_full_change_precond;hrv_rmssd_full_change_precond;eeg_tleft_lalpha_mean_full_change_precond;eeg_t_sampent_full_change_precond;eeg_fr_sampent_full_change_precond;eeg_c_sampent_full_change_precond;eeg_pright_lbeta_mean_full_change_precond;eeg_tright_halpha_mean_full_change_precond;eeg_c_specent_full_change_precond;eeg_fm_theta_mean_full_change_precond;eeg_pleft_lbeta_mean_full_change_precond;eeg_pleft_halpha_mean_full_change_precond;hr_heartrate_bpm_med_abs_full_change_precond;pupil_asymmetry_full_change_precond"
2025-11-26 19:20:56.886076,38,"stress_label",20,16,0.03,0.583333333333333,0.596153846153846,NA,20,"top20","eeg_tleft_sampent_full_change_precond;eeg_tleft_halpha_mean_full_change_precond;eeg_c_theta_mean_full_change_precond;gsr_skin_conductance_eda_tonic_mean_nk_full_change_precond;pupil_dilation_sd_full_change_precond;eeg_pright_sampent_full_change_precond;eeg_fl_hbeta_mean_full_change_precond;hrv_rmssd_full_change_precond;eeg_tleft_lalpha_mean_full_change_precond;eeg_t_sampent_full_change_precond;eeg_fr_sampent_full_change_precond;eeg_c_sampent_full_change_precond;eeg_pright_lbeta_mean_full_change_precond;eeg_tright_halpha_mean_full_change_precond;eeg_c_specent_full_change_precond;eeg_fm_theta_mean_full_change_precond;eeg_pleft_lbeta_mean_full_change_precond;eeg_pleft_halpha_mean_full_change_precond;hr_heartrate_bpm_med_abs_full_change_precond;pupil_asymmetry_full_change_precond"
2025-11-26 19:20:57.977982,38,"stress_label",20,32,0.03,0.583333333333333,0.615384615384615,0.574358974358974,20,"top20","eeg_tleft_sampent_full_change_precond;eeg_tleft_halpha_mean_full_change_precond;eeg_c_theta_mean_full_change_precond;gsr_skin_conductance_eda_tonic_mean_nk_full_change_precond;pupil_dilation_sd_full_change_precond;eeg_pright_sampent_full_change_precond;eeg_fl_hbeta_mean_full_change_precond;hrv_rmssd_full_change_precond;eeg_tleft_lalpha_mean_full_change_precond;eeg_t_sampent_full_change_precond;eeg_fr_sampent_full_change_precond;eeg_c_sampent_full_change_precond;eeg_pright_lbeta_mean_full_change_precond;eeg_tright_halpha_mean_full_change_precond;eeg_c_specent_full_change_precond;eeg_fm_theta_mean_full_change_precond;eeg_pleft_lbeta_mean_full_change_precond;eeg_pleft_halpha_mean_full_change_precond;hr_heartrate_bpm_med_abs_full_change_precond;pupil_asymmetry_full_change_precond"
2025-11-26 19:20:59.136369,38,"stress_label",20,64,0.03,0.57051282051282,0.596153846153846,NA,20,"top20","eeg_tleft_sampent_full_change_precond;eeg_tleft_halpha_mean_full_change_precond;eeg_c_theta_mean_full_change_precond;gsr_skin_conductance_eda_tonic_mean_nk_full_change_precond;pupil_dilation_sd_full_change_precond;eeg_pright_sampent_full_change_precond;eeg_fl_hbeta_mean_full_change_precond;hrv_rmssd_full_change_precond;eeg_tleft_lalpha_mean_full_change_precond;eeg_t_sampent_full_change_precond;eeg_fr_sampent_full_change_precond;eeg_c_sampent_full_change_precond;eeg_pright_lbeta_mean_full_change_precond;eeg_tright_halpha_mean_full_change_precond;eeg_c_specent_full_change_precond;eeg_fm_theta_mean_full_change_precond;eeg_pleft_lbeta_mean_full_change_precond;eeg_pleft_halpha_mean_full_change_precond;hr_heartrate_bpm_med_abs_full_change_precond;pupil_asymmetry_full_change_precond"
2025-11-26 19:21:00.369371,38,"stress_label",20,128,0.03,0.564102564102564,0.596153846153846,NA,20,"top20","eeg_tleft_sampent_full_change_precond;eeg_tleft_halpha_mean_full_change_precond;eeg_c_theta_mean_full_change_precond;gsr_skin_conductance_eda_tonic_mean_nk_full_change_precond;pupil_dilation_sd_full_change_precond;eeg_pright_sampent_full_change_precond;eeg_fl_hbeta_mean_full_change_precond;hrv_rmssd_full_change_precond;eeg_tleft_lalpha_mean_full_change_precond;eeg_t_sampent_full_change_precond;eeg_fr_sampent_full_change_precond;eeg_c_sampent_full_change_precond;eeg_pright_lbeta_mean_full_change_precond;eeg_tright_halpha_mean_full_change_precond;eeg_c_specent_full_change_precond;eeg_fm_theta_mean_full_change_precond;eeg_pleft_lbeta_mean_full_change_precond;eeg_pleft_halpha_mean_full_change_precond;hr_heartrate_bpm_med_abs_full_change_precond;pupil_asymmetry_full_change_precond"
2025-11-26 19:21:01.637349,38,"stress_label",20,256,0.03,0.564102564102564,0.596153846153846,NA,20,"top20","eeg_tleft_sampent_full_change_precond;eeg_tleft_halpha_mean_full_change_precond;eeg_c_theta_mean_full_change_precond;gsr_skin_conductance_eda_tonic_mean_nk_full_change_precond;pupil_dilation_sd_full_change_precond;eeg_pright_sampent_full_change_precond;eeg_fl_hbeta_mean_full_change_precond;hrv_rmssd_full_change_precond;eeg_tleft_lalpha_mean_full_change_precond;eeg_t_sampent_full_change_precond;eeg_fr_sampent_full_change_precond;eeg_c_sampent_full_change_precond;eeg_pright_lbeta_mean_full_change_precond;eeg_tright_halpha_mean_full_change_precond;eeg_c_specent_full_change_precond;eeg_fm_theta_mean_full_change_precond;eeg_pleft_lbeta_mean_full_change_precond;eeg_pleft_halpha_mean_full_change_precond;hr_heartrate_bpm_med_abs_full_change_precond;pupil_asymmetry_full_change_precond"
2025-11-26 19:21:02.671156,38,"stress_label",20,2,0.06,0.621794871794872,0.608974358974359,0.591452991452991,20,"top20","eeg_tleft_sampent_full_change_precond;eeg_tleft_halpha_mean_full_change_precond;eeg_c_theta_mean_full_change_precond;gsr_skin_conductance_eda_tonic_mean_nk_full_change_precond;pupil_dilation_sd_full_change_precond;eeg_pright_sampent_full_change_precond;eeg_fl_hbeta_mean_full_change_precond;hrv_rmssd_full_change_precond;eeg_tleft_lalpha_mean_full_change_precond;eeg_t_sampent_full_change_precond;eeg_fr_sampent_full_change_precond;eeg_c_sampent_full_change_precond;eeg_pright_lbeta_mean_full_change_precond;eeg_tright_halpha_mean_full_change_precond;eeg_c_specent_full_change_precond;eeg_fm_theta_mean_full_change_precond;eeg_pleft_lbeta_mean_full_change_precond;eeg_pleft_halpha_mean_full_change_precond;hr_heartrate_bpm_med_abs_full_change_precond;pupil_asymmetry_full_change_precond"
2025-11-26 19:21:03.780066,38,"stress_label",20,4,0.06,0.615384615384615,0.602564102564103,NA,20,"top20","eeg_tleft_sampent_full_change_precond;eeg_tleft_halpha_mean_full_change_precond;eeg_c_theta_mean_full_change_precond;gsr_skin_conductance_eda_tonic_mean_nk_full_change_precond;pupil_dilation_sd_full_change_precond;eeg_pright_sampent_full_change_precond;eeg_fl_hbeta_mean_full_change_precond;hrv_rmssd_full_change_precond;eeg_tleft_lalpha_mean_full_change_precond;eeg_t_sampent_full_change_precond;eeg_fr_sampent_full_change_precond;eeg_c_sampent_full_change_precond;eeg_pright_lbeta_mean_full_change_precond;eeg_tright_halpha_mean_full_change_precond;eeg_c_specent_full_change_precond;eeg_fm_theta_mean_full_change_precond;eeg_pleft_lbeta_mean_full_change_precond;eeg_pleft_halpha_mean_full_change_precond;hr_heartrate_bpm_med_abs_full_change_precond;pupil_asymmetry_full_change_precond"
2025-11-26 19:21:04.934344,38,"stress_label",20,8,0.06,0.58974358974359,0.615384615384615,NA,20,"top20","eeg_tleft_sampent_full_change_precond;eeg_tleft_halpha_mean_full_change_precond;eeg_c_theta_mean_full_change_precond;gsr_skin_conductance_eda_tonic_mean_nk_full_change_precond;pupil_dilation_sd_full_change_precond;eeg_pright_sampent_full_change_precond;eeg_fl_hbeta_mean_full_change_precond;hrv_rmssd_full_change_precond;eeg_tleft_lalpha_mean_full_change_precond;eeg_t_sampent_full_change_precond;eeg_fr_sampent_full_change_precond;eeg_c_sampent_full_change_precond;eeg_pright_lbeta_mean_full_change_precond;eeg_tright_halpha_mean_full_change_precond;eeg_c_specent_full_change_precond;eeg_fm_theta_mean_full_change_precond;eeg_pleft_lbeta_mean_full_change_precond;eeg_pleft_halpha_mean_full_change_precond;hr_heartrate_bpm_med_abs_full_change_precond;pupil_asymmetry_full_change_precond"
2025-11-26 19:21:06.075636,38,"stress_label",20,16,0.06,0.583333333333333,0.634615384615385,0.574358974358974,20,"top20","eeg_tleft_sampent_full_change_precond;eeg_tleft_halpha_mean_full_change_precond;eeg_c_theta_mean_full_change_precond;gsr_skin_conductance_eda_tonic_mean_nk_full_change_precond;pupil_dilation_sd_full_change_precond;eeg_pright_sampent_full_change_precond;eeg_fl_hbeta_mean_full_change_precond;hrv_rmssd_full_change_precond;eeg_tleft_lalpha_mean_full_change_precond;eeg_t_sampent_full_change_precond;eeg_fr_sampent_full_change_precond;eeg_c_sampent_full_change_precond;eeg_pright_lbeta_mean_full_change_precond;eeg_tright_halpha_mean_full_change_precond;eeg_c_specent_full_change_precond;eeg_fm_theta_mean_full_change_precond;eeg_pleft_lbeta_mean_full_change_precond;eeg_pleft_halpha_mean_full_change_precond;hr_heartrate_bpm_med_abs_full_change_precond;pupil_asymmetry_full_change_precond"
2025-11-26 19:21:07.18132,38,"stress_label",20,32,0.06,0.57051282051282,0.628205128205128,0.564957264957265,20,"top20","eeg_tleft_sampent_full_change_precond;eeg_tleft_halpha_mean_full_change_precond;eeg_c_theta_mean_full_change_precond;gsr_skin_conductance_eda_tonic_mean_nk_full_change_precond;pupil_dilation_sd_full_change_precond;eeg_pright_sampent_full_change_precond;eeg_fl_hbeta_mean_full_change_precond;hrv_rmssd_full_change_precond;eeg_tleft_lalpha_mean_full_change_precond;eeg_t_sampent_full_change_precond;eeg_fr_sampent_full_change_precond;eeg_c_sampent_full_change_precond;eeg_pright_lbeta_mean_full_change_precond;eeg_tright_halpha_mean_full_change_precond;eeg_c_specent_full_change_precond;eeg_fm_theta_mean_full_change_precond;eeg_pleft_lbeta_mean_full_change_precond;eeg_pleft_halpha_mean_full_change_precond;hr_heartrate_bpm_med_abs_full_change_precond;pupil_asymmetry_full_change_precond"
2025-11-26 19:21:08.322783,38,"stress_label",20,64,0.06,0.57051282051282,0.628205128205128,0.564957264957265,20,"top20","eeg_tleft_sampent_full_change_precond;eeg_tleft_halpha_mean_full_change_precond;eeg_c_theta_mean_full_change_precond;gsr_skin_conductance_eda_tonic_mean_nk_full_change_precond;pupil_dilation_sd_full_change_precond;eeg_pright_sampent_full_change_precond;eeg_fl_hbeta_mean_full_change_precond;hrv_rmssd_full_change_precond;eeg_tleft_lalpha_mean_full_change_precond;eeg_t_sampent_full_change_precond;eeg_fr_sampent_full_change_precond;eeg_c_sampent_full_change_precond;eeg_pright_lbeta_mean_full_change_precond;eeg_tright_halpha_mean_full_change_precond;eeg_c_specent_full_change_precond;eeg_fm_theta_mean_full_change_precond;eeg_pleft_lbeta_mean_full_change_precond;eeg_pleft_halpha_mean_full_change_precond;hr_heartrate_bpm_med_abs_full_change_precond;pupil_asymmetry_full_change_precond"
2025-11-26 19:21:09.47581,38,"stress_label",20,128,0.06,0.57051282051282,0.628205128205128,0.564957264957265,20,"top20","eeg_tleft_sampent_full_change_precond;eeg_tleft_halpha_mean_full_change_precond;eeg_c_theta_mean_full_change_precond;gsr_skin_conductance_eda_tonic_mean_nk_full_change_precond;pupil_dilation_sd_full_change_precond;eeg_pright_sampent_full_change_precond;eeg_fl_hbeta_mean_full_change_precond;hrv_rmssd_full_change_precond;eeg_tleft_lalpha_mean_full_change_precond;eeg_t_sampent_full_change_precond;eeg_fr_sampent_full_change_precond;eeg_c_sampent_full_change_precond;eeg_pright_lbeta_mean_full_change_precond;eeg_tright_halpha_mean_full_change_precond;eeg_c_specent_full_change_precond;eeg_fm_theta_mean_full_change_precond;eeg_pleft_lbeta_mean_full_change_precond;eeg_pleft_halpha_mean_full_change_precond;hr_heartrate_bpm_med_abs_full_change_precond;pupil_asymmetry_full_change_precond"
2025-11-26 19:21:10.60078,38,"stress_label",20,256,0.06,0.57051282051282,0.628205128205128,0.564957264957265,20,"top20","eeg_tleft_sampent_full_change_precond;eeg_tleft_halpha_mean_full_change_precond;eeg_c_theta_mean_full_change_precond;gsr_skin_conductance_eda_tonic_mean_nk_full_change_precond;pupil_dilation_sd_full_change_precond;eeg_pright_sampent_full_change_precond;eeg_fl_hbeta_mean_full_change_precond;hrv_rmssd_full_change_precond;eeg_tleft_lalpha_mean_full_change_precond;eeg_t_sampent_full_change_precond;eeg_fr_sampent_full_change_precond;eeg_c_sampent_full_change_precond;eeg_pright_lbeta_mean_full_change_precond;eeg_tright_halpha_mean_full_change_precond;eeg_c_specent_full_change_precond;eeg_fm_theta_mean_full_change_precond;eeg_pleft_lbeta_mean_full_change_precond;eeg_pleft_halpha_mean_full_change_precond;hr_heartrate_bpm_med_abs_full_change_precond;pupil_asymmetry_full_change_precond"
2025-11-26 19:21:11.651794,38,"stress_label",20,2,0.1,0.596153846153846,0.628205128205128,NA,20,"top20","eeg_tleft_sampent_full_change_precond;eeg_tleft_halpha_mean_full_change_precond;eeg_c_theta_mean_full_change_precond;gsr_skin_conductance_eda_tonic_mean_nk_full_change_precond;pupil_dilation_sd_full_change_precond;eeg_pright_sampent_full_change_precond;eeg_fl_hbeta_mean_full_change_precond;hrv_rmssd_full_change_precond;eeg_tleft_lalpha_mean_full_change_precond;eeg_t_sampent_full_change_precond;eeg_fr_sampent_full_change_precond;eeg_c_sampent_full_change_precond;eeg_pright_lbeta_mean_full_change_precond;eeg_tright_halpha_mean_full_change_precond;eeg_c_specent_full_change_precond;eeg_fm_theta_mean_full_change_precond;eeg_pleft_lbeta_mean_full_change_precond;eeg_pleft_halpha_mean_full_change_precond;hr_heartrate_bpm_med_abs_full_change_precond;pupil_asymmetry_full_change_precond"
2025-11-26 19:21:12.786962,38,"stress_label",20,4,0.1,0.596153846153846,0.653846153846154,NA,20,"top20","eeg_tleft_sampent_full_change_precond;eeg_tleft_halpha_mean_full_change_precond;eeg_c_theta_mean_full_change_precond;gsr_skin_conductance_eda_tonic_mean_nk_full_change_precond;pupil_dilation_sd_full_change_precond;eeg_pright_sampent_full_change_precond;eeg_fl_hbeta_mean_full_change_precond;hrv_rmssd_full_change_precond;eeg_tleft_lalpha_mean_full_change_precond;eeg_t_sampent_full_change_precond;eeg_fr_sampent_full_change_precond;eeg_c_sampent_full_change_precond;eeg_pright_lbeta_mean_full_change_precond;eeg_tright_halpha_mean_full_change_precond;eeg_c_specent_full_change_precond;eeg_fm_theta_mean_full_change_precond;eeg_pleft_lbeta_mean_full_change_precond;eeg_pleft_halpha_mean_full_change_precond;hr_heartrate_bpm_med_abs_full_change_precond;pupil_asymmetry_full_change_precond"
2025-11-26 19:21:13.942564,38,"stress_label",20,8,0.1,0.58974358974359,0.647435897435897,NA,20,"top20","eeg_tleft_sampent_full_change_precond;eeg_tleft_halpha_mean_full_change_precond;eeg_c_theta_mean_full_change_precond;gsr_skin_conductance_eda_tonic_mean_nk_full_change_precond;pupil_dilation_sd_full_change_precond;eeg_pright_sampent_full_change_precond;eeg_fl_hbeta_mean_full_change_precond;hrv_rmssd_full_change_precond;eeg_tleft_lalpha_mean_full_change_precond;eeg_t_sampent_full_change_precond;eeg_fr_sampent_full_change_precond;eeg_c_sampent_full_change_precond;eeg_pright_lbeta_mean_full_change_precond;eeg_tright_halpha_mean_full_change_precond;eeg_c_specent_full_change_precond;eeg_fm_theta_mean_full_change_precond;eeg_pleft_lbeta_mean_full_change_precond;eeg_pleft_halpha_mean_full_change_precond;hr_heartrate_bpm_med_abs_full_change_precond;pupil_asymmetry_full_change_precond"
2025-11-26 19:21:15.042206,38,"stress_label",20,16,0.1,0.58974358974359,0.647435897435897,NA,20,"top20","eeg_tleft_sampent_full_change_precond;eeg_tleft_halpha_mean_full_change_precond;eeg_c_theta_mean_full_change_precond;gsr_skin_conductance_eda_tonic_mean_nk_full_change_precond;pupil_dilation_sd_full_change_precond;eeg_pright_sampent_full_change_precond;eeg_fl_hbeta_mean_full_change_precond;hrv_rmssd_full_change_precond;eeg_tleft_lalpha_mean_full_change_precond;eeg_t_sampent_full_change_precond;eeg_fr_sampent_full_change_precond;eeg_c_sampent_full_change_precond;eeg_pright_lbeta_mean_full_change_precond;eeg_tright_halpha_mean_full_change_precond;eeg_c_specent_full_change_precond;eeg_fm_theta_mean_full_change_precond;eeg_pleft_lbeta_mean_full_change_precond;eeg_pleft_halpha_mean_full_change_precond;hr_heartrate_bpm_med_abs_full_change_precond;pupil_asymmetry_full_change_precond"
2025-11-26 19:21:16.141132,38,"stress_label",20,32,0.1,0.58974358974359,0.647435897435897,NA,20,"top20","eeg_tleft_sampent_full_change_precond;eeg_tleft_halpha_mean_full_change_precond;eeg_c_theta_mean_full_change_precond;gsr_skin_conductance_eda_tonic_mean_nk_full_change_precond;pupil_dilation_sd_full_change_precond;eeg_pright_sampent_full_change_precond;eeg_fl_hbeta_mean_full_change_precond;hrv_rmssd_full_change_precond;eeg_tleft_lalpha_mean_full_change_precond;eeg_t_sampent_full_change_precond;eeg_fr_sampent_full_change_precond;eeg_c_sampent_full_change_precond;eeg_pright_lbeta_mean_full_change_precond;eeg_tright_halpha_mean_full_change_precond;eeg_c_specent_full_change_precond;eeg_fm_theta_mean_full_change_precond;eeg_pleft_lbeta_mean_full_change_precond;eeg_pleft_halpha_mean_full_change_precond;hr_heartrate_bpm_med_abs_full_change_precond;pupil_asymmetry_full_change_precond"
2025-11-26 19:21:17.29452,38,"stress_label",20,64,0.1,0.58974358974359,0.647435897435897,NA,20,"top20","eeg_tleft_sampent_full_change_precond;eeg_tleft_halpha_mean_full_change_precond;eeg_c_theta_mean_full_change_precond;gsr_skin_conductance_eda_tonic_mean_nk_full_change_precond;pupil_dilation_sd_full_change_precond;eeg_pright_sampent_full_change_precond;eeg_fl_hbeta_mean_full_change_precond;hrv_rmssd_full_change_precond;eeg_tleft_lalpha_mean_full_change_precond;eeg_t_sampent_full_change_precond;eeg_fr_sampent_full_change_precond;eeg_c_sampent_full_change_precond;eeg_pright_lbeta_mean_full_change_precond;eeg_tright_halpha_mean_full_change_precond;eeg_c_specent_full_change_precond;eeg_fm_theta_mean_full_change_precond;eeg_pleft_lbeta_mean_full_change_precond;eeg_pleft_halpha_mean_full_change_precond;hr_heartrate_bpm_med_abs_full_change_precond;pupil_asymmetry_full_change_precond"
2025-11-26 19:21:18.331366,38,"stress_label",20,128,0.1,0.58974358974359,0.647435897435897,NA,20,"top20","eeg_tleft_sampent_full_change_precond;eeg_tleft_halpha_mean_full_change_precond;eeg_c_theta_mean_full_change_precond;gsr_skin_conductance_eda_tonic_mean_nk_full_change_precond;pupil_dilation_sd_full_change_precond;eeg_pright_sampent_full_change_precond;eeg_fl_hbeta_mean_full_change_precond;hrv_rmssd_full_change_precond;eeg_tleft_lalpha_mean_full_change_precond;eeg_t_sampent_full_change_precond;eeg_fr_sampent_full_change_precond;eeg_c_sampent_full_change_precond;eeg_pright_lbeta_mean_full_change_precond;eeg_tright_halpha_mean_full_change_precond;eeg_c_specent_full_change_precond;eeg_fm_theta_mean_full_change_precond;eeg_pleft_lbeta_mean_full_change_precond;eeg_pleft_halpha_mean_full_change_precond;hr_heartrate_bpm_med_abs_full_change_precond;pupil_asymmetry_full_change_precond"
2025-11-26 19:21:19.280279,38,"stress_label",20,256,0.1,0.58974358974359,0.647435897435897,NA,20,"top20","eeg_tleft_sampent_full_change_precond;eeg_tleft_halpha_mean_full_change_precond;eeg_c_theta_mean_full_change_precond;gsr_skin_conductance_eda_tonic_mean_nk_full_change_precond;pupil_dilation_sd_full_change_precond;eeg_pright_sampent_full_change_precond;eeg_fl_hbeta_mean_full_change_precond;hrv_rmssd_full_change_precond;eeg_tleft_lalpha_mean_full_change_precond;eeg_t_sampent_full_change_precond;eeg_fr_sampent_full_change_precond;eeg_c_sampent_full_change_precond;eeg_pright_lbeta_mean_full_change_precond;eeg_tright_halpha_mean_full_change_precond;eeg_c_specent_full_change_precond;eeg_fm_theta_mean_full_change_precond;eeg_pleft_lbeta_mean_full_change_precond;eeg_pleft_halpha_mean_full_change_precond;hr_heartrate_bpm_med_abs_full_change_precond;pupil_asymmetry_full_change_precond"
2025-11-26 19:21:20.057137,38,"stress_label",10,2,0.0078125,0.576923076923077,0.628205128205128,0.543589743589744,10,"top10","eeg_tleft_sampent_full_change_precond;eeg_tleft_halpha_mean_full_change_precond;eeg_c_theta_mean_full_change_precond;gsr_skin_conductance_eda_tonic_mean_nk_full_change_precond;pupil_dilation_sd_full_change_precond;eeg_pright_sampent_full_change_precond;eeg_fl_hbeta_mean_full_change_precond;hrv_rmssd_full_change_precond;eeg_tleft_lalpha_mean_full_change_precond;eeg_t_sampent_full_change_precond"
2025-11-26 19:21:20.845764,38,"stress_label",10,4,0.0078125,0.564102564102564,0.621794871794872,0.55982905982906,10,"top10","eeg_tleft_sampent_full_change_precond;eeg_tleft_halpha_mean_full_change_precond;eeg_c_theta_mean_full_change_precond;gsr_skin_conductance_eda_tonic_mean_nk_full_change_precond;pupil_dilation_sd_full_change_precond;eeg_pright_sampent_full_change_precond;eeg_fl_hbeta_mean_full_change_precond;hrv_rmssd_full_change_precond;eeg_tleft_lalpha_mean_full_change_precond;eeg_t_sampent_full_change_precond"
2025-11-26 19:21:21.704526,38,"stress_label",10,8,0.0078125,0.519230769230769,0.58974358974359,0.527350427350427,10,"top10","eeg_tleft_sampent_full_change_precond;eeg_tleft_halpha_mean_full_change_precond;eeg_c_theta_mean_full_change_precond;gsr_skin_conductance_eda_tonic_mean_nk_full_change_precond;pupil_dilation_sd_full_change_precond;eeg_pright_sampent_full_change_precond;eeg_fl_hbeta_mean_full_change_precond;hrv_rmssd_full_change_precond;eeg_tleft_lalpha_mean_full_change_precond;eeg_t_sampent_full_change_precond"
2025-11-26 19:21:22.520554,38,"stress_label",10,16,0.0078125,0.519230769230769,0.576923076923077,0.531623931623932,10,"top10","eeg_tleft_sampent_full_change_precond;eeg_tleft_halpha_mean_full_change_precond;eeg_c_theta_mean_full_change_precond;gsr_skin_conductance_eda_tonic_mean_nk_full_change_precond;pupil_dilation_sd_full_change_precond;eeg_pright_sampent_full_change_precond;eeg_fl_hbeta_mean_full_change_precond;hrv_rmssd_full_change_precond;eeg_tleft_lalpha_mean_full_change_precond;eeg_t_sampent_full_change_precond"
2025-11-26 19:21:23.288328,38,"stress_label",10,32,0.0078125,0.551282051282051,0.583333333333333,0.558119658119658,10,"top10","eeg_tleft_sampent_full_change_precond;eeg_tleft_halpha_mean_full_change_precond;eeg_c_theta_mean_full_change_precond;gsr_skin_conductance_eda_tonic_mean_nk_full_change_precond;pupil_dilation_sd_full_change_precond;eeg_pright_sampent_full_change_precond;eeg_fl_hbeta_mean_full_change_precond;hrv_rmssd_full_change_precond;eeg_tleft_lalpha_mean_full_change_precond;eeg_t_sampent_full_change_precond"
2025-11-26 19:21:23.988366,38,"stress_label",10,64,0.0078125,0.58974358974359,0.615384615384615,0.584615384615385,10,"top10","eeg_tleft_sampent_full_change_precond;eeg_tleft_halpha_mean_full_change_precond;eeg_c_theta_mean_full_change_precond;gsr_skin_conductance_eda_tonic_mean_nk_full_change_precond;pupil_dilation_sd_full_change_precond;eeg_pright_sampent_full_change_precond;eeg_fl_hbeta_mean_full_change_precond;hrv_rmssd_full_change_precond;eeg_tleft_lalpha_mean_full_change_precond;eeg_t_sampent_full_change_precond"
2025-11-26 19:21:24.883053,38,"stress_label",10,128,0.0078125,0.576923076923077,0.608974358974359,0.58034188034188,10,"top10","eeg_tleft_sampent_full_change_precond;eeg_tleft_halpha_mean_full_change_precond;eeg_c_theta_mean_full_change_precond;gsr_skin_conductance_eda_tonic_mean_nk_full_change_precond;pupil_dilation_sd_full_change_precond;eeg_pright_sampent_full_change_precond;eeg_fl_hbeta_mean_full_change_precond;hrv_rmssd_full_change_precond;eeg_tleft_lalpha_mean_full_change_precond;eeg_t_sampent_full_change_precond"
2025-11-26 19:21:25.796825,38,"stress_label",10,256,0.0078125,0.576923076923077,0.58974358974359,NA,10,"top10","eeg_tleft_sampent_full_change_precond;eeg_tleft_halpha_mean_full_change_precond;eeg_c_theta_mean_full_change_precond;gsr_skin_conductance_eda_tonic_mean_nk_full_change_precond;pupil_dilation_sd_full_change_precond;eeg_pright_sampent_full_change_precond;eeg_fl_hbeta_mean_full_change_precond;hrv_rmssd_full_change_precond;eeg_tleft_lalpha_mean_full_change_precond;eeg_t_sampent_full_change_precond"
2025-11-26 19:21:26.655678,38,"stress_label",10,2,0.015625,0.57051282051282,0.621794871794872,0.552991452991453,10,"top10","eeg_tleft_sampent_full_change_precond;eeg_tleft_halpha_mean_full_change_precond;eeg_c_theta_mean_full_change_precond;gsr_skin_conductance_eda_tonic_mean_nk_full_change_precond;pupil_dilation_sd_full_change_precond;eeg_pright_sampent_full_change_precond;eeg_fl_hbeta_mean_full_change_precond;hrv_rmssd_full_change_precond;eeg_tleft_lalpha_mean_full_change_precond;eeg_t_sampent_full_change_precond"
2025-11-26 19:21:27.514971,38,"stress_label",10,4,0.015625,0.519230769230769,0.596153846153846,0.527350427350427,10,"top10","eeg_tleft_sampent_full_change_precond;eeg_tleft_halpha_mean_full_change_precond;eeg_c_theta_mean_full_change_precond;gsr_skin_conductance_eda_tonic_mean_nk_full_change_precond;pupil_dilation_sd_full_change_precond;eeg_pright_sampent_full_change_precond;eeg_fl_hbeta_mean_full_change_precond;hrv_rmssd_full_change_precond;eeg_tleft_lalpha_mean_full_change_precond;eeg_t_sampent_full_change_precond"
2025-11-26 19:21:28.368672,38,"stress_label",10,8,0.015625,0.551282051282051,0.583333333333333,0.556410256410256,10,"top10","eeg_tleft_sampent_full_change_precond;eeg_tleft_halpha_mean_full_change_precond;eeg_c_theta_mean_full_change_precond;gsr_skin_conductance_eda_tonic_mean_nk_full_change_precond;pupil_dilation_sd_full_change_precond;eeg_pright_sampent_full_change_precond;eeg_fl_hbeta_mean_full_change_precond;hrv_rmssd_full_change_precond;eeg_tleft_lalpha_mean_full_change_precond;eeg_t_sampent_full_change_precond"
2025-11-26 19:21:29.188404,38,"stress_label",10,16,0.015625,0.583333333333333,0.615384615384615,0.582051282051282,10,"top10","eeg_tleft_sampent_full_change_precond;eeg_tleft_halpha_mean_full_change_precond;eeg_c_theta_mean_full_change_precond;gsr_skin_conductance_eda_tonic_mean_nk_full_change_precond;pupil_dilation_sd_full_change_precond;eeg_pright_sampent_full_change_precond;eeg_fl_hbeta_mean_full_change_precond;hrv_rmssd_full_change_precond;eeg_tleft_lalpha_mean_full_change_precond;eeg_t_sampent_full_change_precond"
2025-11-26 19:21:30.043557,38,"stress_label",10,32,0.015625,0.602564102564103,0.615384615384615,0.598290598290598,10,"top10","eeg_tleft_sampent_full_change_precond;eeg_tleft_halpha_mean_full_change_precond;eeg_c_theta_mean_full_change_precond;gsr_skin_conductance_eda_tonic_mean_nk_full_change_precond;pupil_dilation_sd_full_change_precond;eeg_pright_sampent_full_change_precond;eeg_fl_hbeta_mean_full_change_precond;hrv_rmssd_full_change_precond;eeg_tleft_lalpha_mean_full_change_precond;eeg_t_sampent_full_change_precond"
2025-11-26 19:21:30.952584,38,"stress_label",10,64,0.015625,0.57051282051282,0.58974358974359,0.57008547008547,10,"top10","eeg_tleft_sampent_full_change_precond;eeg_tleft_halpha_mean_full_change_precond;eeg_c_theta_mean_full_change_precond;gsr_skin_conductance_eda_tonic_mean_nk_full_change_precond;pupil_dilation_sd_full_change_precond;eeg_pright_sampent_full_change_precond;eeg_fl_hbeta_mean_full_change_precond;hrv_rmssd_full_change_precond;eeg_tleft_lalpha_mean_full_change_precond;eeg_t_sampent_full_change_precond"
2025-11-26 19:21:32.033383,38,"stress_label",10,128,0.015625,0.596153846153846,0.58974358974359,0.576923076923077,10,"top10","eeg_tleft_sampent_full_change_precond;eeg_tleft_halpha_mean_full_change_precond;eeg_c_theta_mean_full_change_precond;gsr_skin_conductance_eda_tonic_mean_nk_full_change_precond;pupil_dilation_sd_full_change_precond;eeg_pright_sampent_full_change_precond;eeg_fl_hbeta_mean_full_change_precond;hrv_rmssd_full_change_precond;eeg_tleft_lalpha_mean_full_change_precond;eeg_t_sampent_full_change_precond"
2025-11-26 19:21:33.20656,38,"stress_label",10,256,0.015625,0.57051282051282,0.58974358974359,0.570940170940171,10,"top10","eeg_tleft_sampent_full_change_precond;eeg_tleft_halpha_mean_full_change_precond;eeg_c_theta_mean_full_change_precond;gsr_skin_conductance_eda_tonic_mean_nk_full_change_precond;pupil_dilation_sd_full_change_precond;eeg_pright_sampent_full_change_precond;eeg_fl_hbeta_mean_full_change_precond;hrv_rmssd_full_change_precond;eeg_tleft_lalpha_mean_full_change_precond;eeg_t_sampent_full_change_precond"
2025-11-26 19:21:33.97413,38,"stress_label",10,2,0.03125,0.512820512820513,0.583333333333333,0.514529914529914,10,"top10","eeg_tleft_sampent_full_change_precond;eeg_tleft_halpha_mean_full_change_precond;eeg_c_theta_mean_full_change_precond;gsr_skin_conductance_eda_tonic_mean_nk_full_change_precond;pupil_dilation_sd_full_change_precond;eeg_pright_sampent_full_change_precond;eeg_fl_hbeta_mean_full_change_precond;hrv_rmssd_full_change_precond;eeg_tleft_lalpha_mean_full_change_precond;eeg_t_sampent_full_change_precond"
2025-11-26 19:21:34.831528,38,"stress_label",10,4,0.03125,0.596153846153846,0.608974358974359,0.590598290598291,10,"top10","eeg_tleft_sampent_full_change_precond;eeg_tleft_halpha_mean_full_change_precond;eeg_c_theta_mean_full_change_precond;gsr_skin_conductance_eda_tonic_mean_nk_full_change_precond;pupil_dilation_sd_full_change_precond;eeg_pright_sampent_full_change_precond;eeg_fl_hbeta_mean_full_change_precond;hrv_rmssd_full_change_precond;eeg_tleft_lalpha_mean_full_change_precond;eeg_t_sampent_full_change_precond"
2025-11-26 19:21:35.704005,38,"stress_label",10,8,0.03125,0.602564102564103,0.615384615384615,0.606837606837607,10,"top10","eeg_tleft_sampent_full_change_precond;eeg_tleft_halpha_mean_full_change_precond;eeg_c_theta_mean_full_change_precond;gsr_skin_conductance_eda_tonic_mean_nk_full_change_precond;pupil_dilation_sd_full_change_precond;eeg_pright_sampent_full_change_precond;eeg_fl_hbeta_mean_full_change_precond;hrv_rmssd_full_change_precond;eeg_tleft_lalpha_mean_full_change_precond;eeg_t_sampent_full_change_precond"
2025-11-26 19:21:36.593548,38,"stress_label",10,16,0.03125,0.557692307692308,0.602564102564103,0.54957264957265,10,"top10","eeg_tleft_sampent_full_change_precond;eeg_tleft_halpha_mean_full_change_precond;eeg_c_theta_mean_full_change_precond;gsr_skin_conductance_eda_tonic_mean_nk_full_change_precond;pupil_dilation_sd_full_change_precond;eeg_pright_sampent_full_change_precond;eeg_fl_hbeta_mean_full_change_precond;hrv_rmssd_full_change_precond;eeg_tleft_lalpha_mean_full_change_precond;eeg_t_sampent_full_change_precond"
2025-11-26 19:21:37.516336,38,"stress_label",10,32,0.03125,0.564102564102564,0.583333333333333,0.551282051282051,10,"top10","eeg_tleft_sampent_full_change_precond;eeg_tleft_halpha_mean_full_change_precond;eeg_c_theta_mean_full_change_precond;gsr_skin_conductance_eda_tonic_mean_nk_full_change_precond;pupil_dilation_sd_full_change_precond;eeg_pright_sampent_full_change_precond;eeg_fl_hbeta_mean_full_change_precond;hrv_rmssd_full_change_precond;eeg_tleft_lalpha_mean_full_change_precond;eeg_t_sampent_full_change_precond"
2025-11-26 19:21:38.571476,38,"stress_label",10,64,0.03125,0.602564102564103,0.608974358974359,0.597435897435897,10,"top10","eeg_tleft_sampent_full_change_precond;eeg_tleft_halpha_mean_full_change_precond;eeg_c_theta_mean_full_change_precond;gsr_skin_conductance_eda_tonic_mean_nk_full_change_precond;pupil_dilation_sd_full_change_precond;eeg_pright_sampent_full_change_precond;eeg_fl_hbeta_mean_full_change_precond;hrv_rmssd_full_change_precond;eeg_tleft_lalpha_mean_full_change_precond;eeg_t_sampent_full_change_precond"
2025-11-26 19:21:39.793469,38,"stress_label",10,128,0.03125,0.615384615384615,0.608974358974359,0.605982905982906,10,"top10","eeg_tleft_sampent_full_change_precond;eeg_tleft_halpha_mean_full_change_precond;eeg_c_theta_mean_full_change_precond;gsr_skin_conductance_eda_tonic_mean_nk_full_change_precond;pupil_dilation_sd_full_change_precond;eeg_pright_sampent_full_change_precond;eeg_fl_hbeta_mean_full_change_precond;hrv_rmssd_full_change_precond;eeg_tleft_lalpha_mean_full_change_precond;eeg_t_sampent_full_change_precond"
2025-11-26 19:21:41.070897,38,"stress_label",10,256,0.03125,0.583333333333333,0.673076923076923,NA,10,"top10","eeg_tleft_sampent_full_change_precond;eeg_tleft_halpha_mean_full_change_precond;eeg_c_theta_mean_full_change_precond;gsr_skin_conductance_eda_tonic_mean_nk_full_change_precond;pupil_dilation_sd_full_change_precond;eeg_pright_sampent_full_change_precond;eeg_fl_hbeta_mean_full_change_precond;hrv_rmssd_full_change_precond;eeg_tleft_lalpha_mean_full_change_precond;eeg_t_sampent_full_change_precond"
2025-11-26 19:21:41.790038,38,"stress_label",10,2,0.0625,0.615384615384615,0.628205128205128,0.600854700854701,10,"top10","eeg_tleft_sampent_full_change_precond;eeg_tleft_halpha_mean_full_change_precond;eeg_c_theta_mean_full_change_precond;gsr_skin_conductance_eda_tonic_mean_nk_full_change_precond;pupil_dilation_sd_full_change_precond;eeg_pright_sampent_full_change_precond;eeg_fl_hbeta_mean_full_change_precond;hrv_rmssd_full_change_precond;eeg_tleft_lalpha_mean_full_change_precond;eeg_t_sampent_full_change_precond"
2025-11-26 19:21:42.450668,38,"stress_label",10,4,0.0625,0.596153846153846,0.57051282051282,0.581196581196581,10,"top10","eeg_tleft_sampent_full_change_precond;eeg_tleft_halpha_mean_full_change_precond;eeg_c_theta_mean_full_change_precond;gsr_skin_conductance_eda_tonic_mean_nk_full_change_precond;pupil_dilation_sd_full_change_precond;eeg_pright_sampent_full_change_precond;eeg_fl_hbeta_mean_full_change_precond;hrv_rmssd_full_change_precond;eeg_tleft_lalpha_mean_full_change_precond;eeg_t_sampent_full_change_precond"
2025-11-26 19:21:43.294086,38,"stress_label",10,8,0.0625,0.557692307692308,0.583333333333333,0.541025641025641,10,"top10","eeg_tleft_sampent_full_change_precond;eeg_tleft_halpha_mean_full_change_precond;eeg_c_theta_mean_full_change_precond;gsr_skin_conductance_eda_tonic_mean_nk_full_change_precond;pupil_dilation_sd_full_change_precond;eeg_pright_sampent_full_change_precond;eeg_fl_hbeta_mean_full_change_precond;hrv_rmssd_full_change_precond;eeg_tleft_lalpha_mean_full_change_precond;eeg_t_sampent_full_change_precond"
2025-11-26 19:21:44.209637,38,"stress_label",10,16,0.0625,0.58974358974359,0.596153846153846,NA,10,"top10","eeg_tleft_sampent_full_change_precond;eeg_tleft_halpha_mean_full_change_precond;eeg_c_theta_mean_full_change_precond;gsr_skin_conductance_eda_tonic_mean_nk_full_change_precond;pupil_dilation_sd_full_change_precond;eeg_pright_sampent_full_change_precond;eeg_fl_hbeta_mean_full_change_precond;hrv_rmssd_full_change_precond;eeg_tleft_lalpha_mean_full_change_precond;eeg_t_sampent_full_change_precond"
2025-11-26 19:21:45.275363,38,"stress_label",10,32,0.0625,0.634615384615385,0.628205128205128,NA,10,"top10","eeg_tleft_sampent_full_change_precond;eeg_tleft_halpha_mean_full_change_precond;eeg_c_theta_mean_full_change_precond;gsr_skin_conductance_eda_tonic_mean_nk_full_change_precond;pupil_dilation_sd_full_change_precond;eeg_pright_sampent_full_change_precond;eeg_fl_hbeta_mean_full_change_precond;hrv_rmssd_full_change_precond;eeg_tleft_lalpha_mean_full_change_precond;eeg_t_sampent_full_change_precond"
2025-11-26 19:21:46.357428,38,"stress_label",10,64,0.0625,0.615384615384615,0.641025641025641,NA,10,"top10","eeg_tleft_sampent_full_change_precond;eeg_tleft_halpha_mean_full_change_precond;eeg_c_theta_mean_full_change_precond;gsr_skin_conductance_eda_tonic_mean_nk_full_change_precond;pupil_dilation_sd_full_change_precond;eeg_pright_sampent_full_change_precond;eeg_fl_hbeta_mean_full_change_precond;hrv_rmssd_full_change_precond;eeg_tleft_lalpha_mean_full_change_precond;eeg_t_sampent_full_change_precond"
2025-11-26 19:21:47.541767,38,"stress_label",10,128,0.0625,0.583333333333333,0.653846153846154,NA,10,"top10","eeg_tleft_sampent_full_change_precond;eeg_tleft_halpha_mean_full_change_precond;eeg_c_theta_mean_full_change_precond;gsr_skin_conductance_eda_tonic_mean_nk_full_change_precond;pupil_dilation_sd_full_change_precond;eeg_pright_sampent_full_change_precond;eeg_fl_hbeta_mean_full_change_precond;hrv_rmssd_full_change_precond;eeg_tleft_lalpha_mean_full_change_precond;eeg_t_sampent_full_change_precond"
2025-11-26 19:21:48.684006,38,"stress_label",10,256,0.0625,0.557692307692308,0.621794871794872,NA,10,"top10","eeg_tleft_sampent_full_change_precond;eeg_tleft_halpha_mean_full_change_precond;eeg_c_theta_mean_full_change_precond;gsr_skin_conductance_eda_tonic_mean_nk_full_change_precond;pupil_dilation_sd_full_change_precond;eeg_pright_sampent_full_change_precond;eeg_fl_hbeta_mean_full_change_precond;hrv_rmssd_full_change_precond;eeg_tleft_lalpha_mean_full_change_precond;eeg_t_sampent_full_change_precond"
2025-11-26 19:21:49.46109,38,"stress_label",10,2,0.125,0.576923076923077,0.608974358974359,0.568376068376068,10,"top10","eeg_tleft_sampent_full_change_precond;eeg_tleft_halpha_mean_full_change_precond;eeg_c_theta_mean_full_change_precond;gsr_skin_conductance_eda_tonic_mean_nk_full_change_precond;pupil_dilation_sd_full_change_precond;eeg_pright_sampent_full_change_precond;eeg_fl_hbeta_mean_full_change_precond;hrv_rmssd_full_change_precond;eeg_tleft_lalpha_mean_full_change_precond;eeg_t_sampent_full_change_precond"
2025-11-26 19:21:50.325382,38,"stress_label",10,4,0.125,0.608974358974359,0.647435897435897,NA,10,"top10","eeg_tleft_sampent_full_change_precond;eeg_tleft_halpha_mean_full_change_precond;eeg_c_theta_mean_full_change_precond;gsr_skin_conductance_eda_tonic_mean_nk_full_change_precond;pupil_dilation_sd_full_change_precond;eeg_pright_sampent_full_change_precond;eeg_fl_hbeta_mean_full_change_precond;hrv_rmssd_full_change_precond;eeg_tleft_lalpha_mean_full_change_precond;eeg_t_sampent_full_change_precond"
2025-11-26 19:21:51.19527,38,"stress_label",10,8,0.125,0.628205128205128,0.621794871794872,NA,10,"top10","eeg_tleft_sampent_full_change_precond;eeg_tleft_halpha_mean_full_change_precond;eeg_c_theta_mean_full_change_precond;gsr_skin_conductance_eda_tonic_mean_nk_full_change_precond;pupil_dilation_sd_full_change_precond;eeg_pright_sampent_full_change_precond;eeg_fl_hbeta_mean_full_change_precond;hrv_rmssd_full_change_precond;eeg_tleft_lalpha_mean_full_change_precond;eeg_t_sampent_full_change_precond"
2025-11-26 19:21:52.13502,38,"stress_label",10,16,0.125,0.621794871794872,0.641025641025641,NA,10,"top10","eeg_tleft_sampent_full_change_precond;eeg_tleft_halpha_mean_full_change_precond;eeg_c_theta_mean_full_change_precond;gsr_skin_conductance_eda_tonic_mean_nk_full_change_precond;pupil_dilation_sd_full_change_precond;eeg_pright_sampent_full_change_precond;eeg_fl_hbeta_mean_full_change_precond;hrv_rmssd_full_change_precond;eeg_tleft_lalpha_mean_full_change_precond;eeg_t_sampent_full_change_precond"
2025-11-26 19:21:53.139301,38,"stress_label",10,32,0.125,0.634615384615385,0.653846153846154,NA,10,"top10","eeg_tleft_sampent_full_change_precond;eeg_tleft_halpha_mean_full_change_precond;eeg_c_theta_mean_full_change_precond;gsr_skin_conductance_eda_tonic_mean_nk_full_change_precond;pupil_dilation_sd_full_change_precond;eeg_pright_sampent_full_change_precond;eeg_fl_hbeta_mean_full_change_precond;hrv_rmssd_full_change_precond;eeg_tleft_lalpha_mean_full_change_precond;eeg_t_sampent_full_change_precond"
2025-11-26 19:21:54.190559,38,"stress_label",10,64,0.125,0.628205128205128,0.641025641025641,NA,10,"top10","eeg_tleft_sampent_full_change_precond;eeg_tleft_halpha_mean_full_change_precond;eeg_c_theta_mean_full_change_precond;gsr_skin_conductance_eda_tonic_mean_nk_full_change_precond;pupil_dilation_sd_full_change_precond;eeg_pright_sampent_full_change_precond;eeg_fl_hbeta_mean_full_change_precond;hrv_rmssd_full_change_precond;eeg_tleft_lalpha_mean_full_change_precond;eeg_t_sampent_full_change_precond"
2025-11-26 19:21:55.075244,38,"stress_label",10,128,0.125,0.628205128205128,0.641025641025641,NA,10,"top10","eeg_tleft_sampent_full_change_precond;eeg_tleft_halpha_mean_full_change_precond;eeg_c_theta_mean_full_change_precond;gsr_skin_conductance_eda_tonic_mean_nk_full_change_precond;pupil_dilation_sd_full_change_precond;eeg_pright_sampent_full_change_precond;eeg_fl_hbeta_mean_full_change_precond;hrv_rmssd_full_change_precond;eeg_tleft_lalpha_mean_full_change_precond;eeg_t_sampent_full_change_precond"
2025-11-26 19:21:55.884719,38,"stress_label",10,256,0.125,0.628205128205128,0.641025641025641,NA,10,"top10","eeg_tleft_sampent_full_change_precond;eeg_tleft_halpha_mean_full_change_precond;eeg_c_theta_mean_full_change_precond;gsr_skin_conductance_eda_tonic_mean_nk_full_change_precond;pupil_dilation_sd_full_change_precond;eeg_pright_sampent_full_change_precond;eeg_fl_hbeta_mean_full_change_precond;hrv_rmssd_full_change_precond;eeg_tleft_lalpha_mean_full_change_precond;eeg_t_sampent_full_change_precond"
2025-11-26 19:21:56.732915,38,"stress_label",10,2,0.03,0.512820512820513,0.583333333333333,0.514529914529914,10,"top10","eeg_tleft_sampent_full_change_precond;eeg_tleft_halpha_mean_full_change_precond;eeg_c_theta_mean_full_change_precond;gsr_skin_conductance_eda_tonic_mean_nk_full_change_precond;pupil_dilation_sd_full_change_precond;eeg_pright_sampent_full_change_precond;eeg_fl_hbeta_mean_full_change_precond;hrv_rmssd_full_change_precond;eeg_tleft_lalpha_mean_full_change_precond;eeg_t_sampent_full_change_precond"
2025-11-26 19:21:57.587014,38,"stress_label",10,4,0.03,0.58974358974359,0.596153846153846,0.582905982905983,10,"top10","eeg_tleft_sampent_full_change_precond;eeg_tleft_halpha_mean_full_change_precond;eeg_c_theta_mean_full_change_precond;gsr_skin_conductance_eda_tonic_mean_nk_full_change_precond;pupil_dilation_sd_full_change_precond;eeg_pright_sampent_full_change_precond;eeg_fl_hbeta_mean_full_change_precond;hrv_rmssd_full_change_precond;eeg_tleft_lalpha_mean_full_change_precond;eeg_t_sampent_full_change_precond"
2025-11-26 19:21:58.446418,38,"stress_label",10,8,0.03,0.602564102564103,0.608974358974359,0.606837606837607,10,"top10","eeg_tleft_sampent_full_change_precond;eeg_tleft_halpha_mean_full_change_precond;eeg_c_theta_mean_full_change_precond;gsr_skin_conductance_eda_tonic_mean_nk_full_change_precond;pupil_dilation_sd_full_change_precond;eeg_pright_sampent_full_change_precond;eeg_fl_hbeta_mean_full_change_precond;hrv_rmssd_full_change_precond;eeg_tleft_lalpha_mean_full_change_precond;eeg_t_sampent_full_change_precond"
2025-11-26 19:21:59.242181,38,"stress_label",10,16,0.03,0.57051282051282,0.602564102564103,0.57008547008547,10,"top10","eeg_tleft_sampent_full_change_precond;eeg_tleft_halpha_mean_full_change_precond;eeg_c_theta_mean_full_change_precond;gsr_skin_conductance_eda_tonic_mean_nk_full_change_precond;pupil_dilation_sd_full_change_precond;eeg_pright_sampent_full_change_precond;eeg_fl_hbeta_mean_full_change_precond;hrv_rmssd_full_change_precond;eeg_tleft_lalpha_mean_full_change_precond;eeg_t_sampent_full_change_precond"
2025-11-26 19:22:00.079744,38,"stress_label",10,32,0.03,0.57051282051282,0.576923076923077,0.555555555555556,10,"top10","eeg_tleft_sampent_full_change_precond;eeg_tleft_halpha_mean_full_change_precond;eeg_c_theta_mean_full_change_precond;gsr_skin_conductance_eda_tonic_mean_nk_full_change_precond;pupil_dilation_sd_full_change_precond;eeg_pright_sampent_full_change_precond;eeg_fl_hbeta_mean_full_change_precond;hrv_rmssd_full_change_precond;eeg_tleft_lalpha_mean_full_change_precond;eeg_t_sampent_full_change_precond"
2025-11-26 19:22:01.082565,38,"stress_label",10,64,0.03,0.58974358974359,0.608974358974359,0.587179487179487,10,"top10","eeg_tleft_sampent_full_change_precond;eeg_tleft_halpha_mean_full_change_precond;eeg_c_theta_mean_full_change_precond;gsr_skin_conductance_eda_tonic_mean_nk_full_change_precond;pupil_dilation_sd_full_change_precond;eeg_pright_sampent_full_change_precond;eeg_fl_hbeta_mean_full_change_precond;hrv_rmssd_full_change_precond;eeg_tleft_lalpha_mean_full_change_precond;eeg_t_sampent_full_change_precond"
2025-11-26 19:22:02.269177,38,"stress_label",10,128,0.03,0.615384615384615,0.615384615384615,0.606837606837607,10,"top10","eeg_tleft_sampent_full_change_precond;eeg_tleft_halpha_mean_full_change_precond;eeg_c_theta_mean_full_change_precond;gsr_skin_conductance_eda_tonic_mean_nk_full_change_precond;pupil_dilation_sd_full_change_precond;eeg_pright_sampent_full_change_precond;eeg_fl_hbeta_mean_full_change_precond;hrv_rmssd_full_change_precond;eeg_tleft_lalpha_mean_full_change_precond;eeg_t_sampent_full_change_precond"
2025-11-26 19:22:03.692471,38,"stress_label",10,256,0.03,0.58974358974359,0.653846153846154,NA,10,"top10","eeg_tleft_sampent_full_change_precond;eeg_tleft_halpha_mean_full_change_precond;eeg_c_theta_mean_full_change_precond;gsr_skin_conductance_eda_tonic_mean_nk_full_change_precond;pupil_dilation_sd_full_change_precond;eeg_pright_sampent_full_change_precond;eeg_fl_hbeta_mean_full_change_precond;hrv_rmssd_full_change_precond;eeg_tleft_lalpha_mean_full_change_precond;eeg_t_sampent_full_change_precond"
2025-11-26 19:22:04.330059,38,"stress_label",10,2,0.06,0.615384615384615,0.628205128205128,0.600854700854701,10,"top10","eeg_tleft_sampent_full_change_precond;eeg_tleft_halpha_mean_full_change_precond;eeg_c_theta_mean_full_change_precond;gsr_skin_conductance_eda_tonic_mean_nk_full_change_precond;pupil_dilation_sd_full_change_precond;eeg_pright_sampent_full_change_precond;eeg_fl_hbeta_mean_full_change_precond;hrv_rmssd_full_change_precond;eeg_tleft_lalpha_mean_full_change_precond;eeg_t_sampent_full_change_precond"
2025-11-26 19:22:05.181901,38,"stress_label",10,4,0.06,0.596153846153846,0.576923076923077,0.581196581196581,10,"top10","eeg_tleft_sampent_full_change_precond;eeg_tleft_halpha_mean_full_change_precond;eeg_c_theta_mean_full_change_precond;gsr_skin_conductance_eda_tonic_mean_nk_full_change_precond;pupil_dilation_sd_full_change_precond;eeg_pright_sampent_full_change_precond;eeg_fl_hbeta_mean_full_change_precond;hrv_rmssd_full_change_precond;eeg_tleft_lalpha_mean_full_change_precond;eeg_t_sampent_full_change_precond"
2025-11-26 19:22:06.07985,38,"stress_label",10,8,0.06,0.551282051282051,0.58974358974359,0.535042735042735,10,"top10","eeg_tleft_sampent_full_change_precond;eeg_tleft_halpha_mean_full_change_precond;eeg_c_theta_mean_full_change_precond;gsr_skin_conductance_eda_tonic_mean_nk_full_change_precond;pupil_dilation_sd_full_change_precond;eeg_pright_sampent_full_change_precond;eeg_fl_hbeta_mean_full_change_precond;hrv_rmssd_full_change_precond;eeg_tleft_lalpha_mean_full_change_precond;eeg_t_sampent_full_change_precond"
2025-11-26 19:22:07.005422,38,"stress_label",10,16,0.06,0.583333333333333,0.596153846153846,0.57008547008547,10,"top10","eeg_tleft_sampent_full_change_precond;eeg_tleft_halpha_mean_full_change_precond;eeg_c_theta_mean_full_change_precond;gsr_skin_conductance_eda_tonic_mean_nk_full_change_precond;pupil_dilation_sd_full_change_precond;eeg_pright_sampent_full_change_precond;eeg_fl_hbeta_mean_full_change_precond;hrv_rmssd_full_change_precond;eeg_tleft_lalpha_mean_full_change_precond;eeg_t_sampent_full_change_precond"
2025-11-26 19:22:07.903857,38,"stress_label",10,32,0.06,0.634615384615385,0.615384615384615,NA,10,"top10","eeg_tleft_sampent_full_change_precond;eeg_tleft_halpha_mean_full_change_precond;eeg_c_theta_mean_full_change_precond;gsr_skin_conductance_eda_tonic_mean_nk_full_change_precond;pupil_dilation_sd_full_change_precond;eeg_pright_sampent_full_change_precond;eeg_fl_hbeta_mean_full_change_precond;hrv_rmssd_full_change_precond;eeg_tleft_lalpha_mean_full_change_precond;eeg_t_sampent_full_change_precond"
2025-11-26 19:22:08.791116,38,"stress_label",10,64,0.06,0.596153846153846,0.653846153846154,NA,10,"top10","eeg_tleft_sampent_full_change_precond;eeg_tleft_halpha_mean_full_change_precond;eeg_c_theta_mean_full_change_precond;gsr_skin_conductance_eda_tonic_mean_nk_full_change_precond;pupil_dilation_sd_full_change_precond;eeg_pright_sampent_full_change_precond;eeg_fl_hbeta_mean_full_change_precond;hrv_rmssd_full_change_precond;eeg_tleft_lalpha_mean_full_change_precond;eeg_t_sampent_full_change_precond"
2025-11-26 19:22:09.880228,38,"stress_label",10,128,0.06,0.583333333333333,0.653846153846154,NA,10,"top10","eeg_tleft_sampent_full_change_precond;eeg_tleft_halpha_mean_full_change_precond;eeg_c_theta_mean_full_change_precond;gsr_skin_conductance_eda_tonic_mean_nk_full_change_precond;pupil_dilation_sd_full_change_precond;eeg_pright_sampent_full_change_precond;eeg_fl_hbeta_mean_full_change_precond;hrv_rmssd_full_change_precond;eeg_tleft_lalpha_mean_full_change_precond;eeg_t_sampent_full_change_precond"
2025-11-26 19:22:10.97329,38,"stress_label",10,256,0.06,0.557692307692308,0.628205128205128,NA,10,"top10","eeg_tleft_sampent_full_change_precond;eeg_tleft_halpha_mean_full_change_precond;eeg_c_theta_mean_full_change_precond;gsr_skin_conductance_eda_tonic_mean_nk_full_change_precond;pupil_dilation_sd_full_change_precond;eeg_pright_sampent_full_change_precond;eeg_fl_hbeta_mean_full_change_precond;hrv_rmssd_full_change_precond;eeg_tleft_lalpha_mean_full_change_precond;eeg_t_sampent_full_change_precond"
2025-11-26 19:22:11.827987,38,"stress_label",10,2,0.1,0.596153846153846,0.596153846153846,0.58974358974359,10,"top10","eeg_tleft_sampent_full_change_precond;eeg_tleft_halpha_mean_full_change_precond;eeg_c_theta_mean_full_change_precond;gsr_skin_conductance_eda_tonic_mean_nk_full_change_precond;pupil_dilation_sd_full_change_precond;eeg_pright_sampent_full_change_precond;eeg_fl_hbeta_mean_full_change_precond;hrv_rmssd_full_change_precond;eeg_tleft_lalpha_mean_full_change_precond;eeg_t_sampent_full_change_precond"
2025-11-26 19:22:12.639706,38,"stress_label",10,4,0.1,0.564102564102564,0.615384615384615,0.542735042735043,10,"top10","eeg_tleft_sampent_full_change_precond;eeg_tleft_halpha_mean_full_change_precond;eeg_c_theta_mean_full_change_precond;gsr_skin_conductance_eda_tonic_mean_nk_full_change_precond;pupil_dilation_sd_full_change_precond;eeg_pright_sampent_full_change_precond;eeg_fl_hbeta_mean_full_change_precond;hrv_rmssd_full_change_precond;eeg_tleft_lalpha_mean_full_change_precond;eeg_t_sampent_full_change_precond"
2025-11-26 19:22:13.593912,38,"stress_label",10,8,0.1,0.628205128205128,0.615384615384615,NA,10,"top10","eeg_tleft_sampent_full_change_precond;eeg_tleft_halpha_mean_full_change_precond;eeg_c_theta_mean_full_change_precond;gsr_skin_conductance_eda_tonic_mean_nk_full_change_precond;pupil_dilation_sd_full_change_precond;eeg_pright_sampent_full_change_precond;eeg_fl_hbeta_mean_full_change_precond;hrv_rmssd_full_change_precond;eeg_tleft_lalpha_mean_full_change_precond;eeg_t_sampent_full_change_precond"
2025-11-26 19:22:14.41972,38,"stress_label",10,16,0.1,0.634615384615385,0.634615384615385,NA,10,"top10","eeg_tleft_sampent_full_change_precond;eeg_tleft_halpha_mean_full_change_precond;eeg_c_theta_mean_full_change_precond;gsr_skin_conductance_eda_tonic_mean_nk_full_change_precond;pupil_dilation_sd_full_change_precond;eeg_pright_sampent_full_change_precond;eeg_fl_hbeta_mean_full_change_precond;hrv_rmssd_full_change_precond;eeg_tleft_lalpha_mean_full_change_precond;eeg_t_sampent_full_change_precond"
2025-11-26 19:22:15.231369,38,"stress_label",10,32,0.1,0.641025641025641,0.641025641025641,NA,10,"top10","eeg_tleft_sampent_full_change_precond;eeg_tleft_halpha_mean_full_change_precond;eeg_c_theta_mean_full_change_precond;gsr_skin_conductance_eda_tonic_mean_nk_full_change_precond;pupil_dilation_sd_full_change_precond;eeg_pright_sampent_full_change_precond;eeg_fl_hbeta_mean_full_change_precond;hrv_rmssd_full_change_precond;eeg_tleft_lalpha_mean_full_change_precond;eeg_t_sampent_full_change_precond"
2025-11-26 19:22:16.252014,38,"stress_label",10,64,0.1,0.596153846153846,0.628205128205128,NA,10,"top10","eeg_tleft_sampent_full_change_precond;eeg_tleft_halpha_mean_full_change_precond;eeg_c_theta_mean_full_change_precond;gsr_skin_conductance_eda_tonic_mean_nk_full_change_precond;pupil_dilation_sd_full_change_precond;eeg_pright_sampent_full_change_precond;eeg_fl_hbeta_mean_full_change_precond;hrv_rmssd_full_change_precond;eeg_tleft_lalpha_mean_full_change_precond;eeg_t_sampent_full_change_precond"
2025-11-26 19:22:17.274537,38,"stress_label",10,128,0.1,0.596153846153846,0.641025641025641,NA,10,"top10","eeg_tleft_sampent_full_change_precond;eeg_tleft_halpha_mean_full_change_precond;eeg_c_theta_mean_full_change_precond;gsr_skin_conductance_eda_tonic_mean_nk_full_change_precond;pupil_dilation_sd_full_change_precond;eeg_pright_sampent_full_change_precond;eeg_fl_hbeta_mean_full_change_precond;hrv_rmssd_full_change_precond;eeg_tleft_lalpha_mean_full_change_precond;eeg_t_sampent_full_change_precond"
2025-11-26 19:22:18.313715,38,"stress_label",10,256,0.1,0.596153846153846,0.641025641025641,NA,10,"top10","eeg_tleft_sampent_full_change_precond;eeg_tleft_halpha_mean_full_change_precond;eeg_c_theta_mean_full_change_precond;gsr_skin_conductance_eda_tonic_mean_nk_full_change_precond;pupil_dilation_sd_full_change_precond;eeg_pright_sampent_full_change_precond;eeg_fl_hbeta_mean_full_change_precond;hrv_rmssd_full_change_precond;eeg_tleft_lalpha_mean_full_change_precond;eeg_t_sampent_full_change_precond"
2025-11-26 19:22:19.160016,38,"stress_label",5,2,0.0078125,0.621794871794872,0.698717948717949,0.631623931623932,5,"top5","eeg_tleft_sampent_full_change_precond;eeg_tleft_halpha_mean_full_change_precond;eeg_c_theta_mean_full_change_precond;gsr_skin_conductance_eda_tonic_mean_nk_full_change_precond;pupil_dilation_sd_full_change_precond"
2025-11-26 19:22:19.952914,38,"stress_label",5,4,0.0078125,0.602564102564103,0.67948717948718,0.608547008547009,5,"top5","eeg_tleft_sampent_full_change_precond;eeg_tleft_halpha_mean_full_change_precond;eeg_c_theta_mean_full_change_precond;gsr_skin_conductance_eda_tonic_mean_nk_full_change_precond;pupil_dilation_sd_full_change_precond"
2025-11-26 19:22:20.705776,38,"stress_label",5,8,0.0078125,0.608974358974359,0.66025641025641,0.608547008547009,5,"top5","eeg_tleft_sampent_full_change_precond;eeg_tleft_halpha_mean_full_change_precond;eeg_c_theta_mean_full_change_precond;gsr_skin_conductance_eda_tonic_mean_nk_full_change_precond;pupil_dilation_sd_full_change_precond"
2025-11-26 19:22:21.481569,38,"stress_label",5,16,0.0078125,0.583333333333333,0.628205128205128,NA,5,"top5","eeg_tleft_sampent_full_change_precond;eeg_tleft_halpha_mean_full_change_precond;eeg_c_theta_mean_full_change_precond;gsr_skin_conductance_eda_tonic_mean_nk_full_change_precond;pupil_dilation_sd_full_change_precond"
2025-11-26 19:22:22.224367,38,"stress_label",5,32,0.0078125,0.615384615384615,0.634615384615385,0.588888888888889,5,"top5","eeg_tleft_sampent_full_change_precond;eeg_tleft_halpha_mean_full_change_precond;eeg_c_theta_mean_full_change_precond;gsr_skin_conductance_eda_tonic_mean_nk_full_change_precond;pupil_dilation_sd_full_change_precond"
2025-11-26 19:22:23.003404,38,"stress_label",5,64,0.0078125,0.653846153846154,0.641025641025641,0.632478632478632,5,"top5","eeg_tleft_sampent_full_change_precond;eeg_tleft_halpha_mean_full_change_precond;eeg_c_theta_mean_full_change_precond;gsr_skin_conductance_eda_tonic_mean_nk_full_change_precond;pupil_dilation_sd_full_change_precond"
2025-11-26 19:22:23.768622,38,"stress_label",5,128,0.0078125,0.641025641025641,0.66025641025641,NA,5,"top5","eeg_tleft_sampent_full_change_precond;eeg_tleft_halpha_mean_full_change_precond;eeg_c_theta_mean_full_change_precond;gsr_skin_conductance_eda_tonic_mean_nk_full_change_precond;pupil_dilation_sd_full_change_precond"
2025-11-26 19:22:24.434177,38,"stress_label",5,256,0.0078125,0.634615384615385,0.666666666666667,0.623076923076923,5,"top5","eeg_tleft_sampent_full_change_precond;eeg_tleft_halpha_mean_full_change_precond;eeg_c_theta_mean_full_change_precond;gsr_skin_conductance_eda_tonic_mean_nk_full_change_precond;pupil_dilation_sd_full_change_precond"
2025-11-26 19:22:25.199216,38,"stress_label",5,2,0.015625,0.58974358974359,0.692307692307692,0.592307692307692,5,"top5","eeg_tleft_sampent_full_change_precond;eeg_tleft_halpha_mean_full_change_precond;eeg_c_theta_mean_full_change_precond;gsr_skin_conductance_eda_tonic_mean_nk_full_change_precond;pupil_dilation_sd_full_change_precond"
2025-11-26 19:22:25.961001,38,"stress_label",5,4,0.015625,0.621794871794872,0.66025641025641,0.61965811965812,5,"top5","eeg_tleft_sampent_full_change_precond;eeg_tleft_halpha_mean_full_change_precond;eeg_c_theta_mean_full_change_precond;gsr_skin_conductance_eda_tonic_mean_nk_full_change_precond;pupil_dilation_sd_full_change_precond"
2025-11-26 19:22:26.705257,38,"stress_label",5,8,0.015625,0.615384615384615,0.628205128205128,0.600854700854701,5,"top5","eeg_tleft_sampent_full_change_precond;eeg_tleft_halpha_mean_full_change_precond;eeg_c_theta_mean_full_change_precond;gsr_skin_conductance_eda_tonic_mean_nk_full_change_precond;pupil_dilation_sd_full_change_precond"
2025-11-26 19:22:27.461549,38,"stress_label",5,16,0.015625,0.641025641025641,0.641025641025641,0.620512820512821,5,"top5","eeg_tleft_sampent_full_change_precond;eeg_tleft_halpha_mean_full_change_precond;eeg_c_theta_mean_full_change_precond;gsr_skin_conductance_eda_tonic_mean_nk_full_change_precond;pupil_dilation_sd_full_change_precond"
2025-11-26 19:22:28.219829,38,"stress_label",5,32,0.015625,0.647435897435897,0.66025641025641,NA,5,"top5","eeg_tleft_sampent_full_change_precond;eeg_tleft_halpha_mean_full_change_precond;eeg_c_theta_mean_full_change_precond;gsr_skin_conductance_eda_tonic_mean_nk_full_change_precond;pupil_dilation_sd_full_change_precond"
2025-11-26 19:22:29.040578,38,"stress_label",5,64,0.015625,0.628205128205128,0.66025641025641,NA,5,"top5","eeg_tleft_sampent_full_change_precond;eeg_tleft_halpha_mean_full_change_precond;eeg_c_theta_mean_full_change_precond;gsr_skin_conductance_eda_tonic_mean_nk_full_change_precond;pupil_dilation_sd_full_change_precond"
2025-11-26 19:22:29.887137,38,"stress_label",5,128,0.015625,0.628205128205128,0.647435897435897,0.609401709401709,5,"top5","eeg_tleft_sampent_full_change_precond;eeg_tleft_halpha_mean_full_change_precond;eeg_c_theta_mean_full_change_precond;gsr_skin_conductance_eda_tonic_mean_nk_full_change_precond;pupil_dilation_sd_full_change_precond"
2025-11-26 19:22:30.759587,38,"stress_label",5,256,0.015625,0.596153846153846,0.628205128205128,0.558974358974359,5,"top5","eeg_tleft_sampent_full_change_precond;eeg_tleft_halpha_mean_full_change_precond;eeg_c_theta_mean_full_change_precond;gsr_skin_conductance_eda_tonic_mean_nk_full_change_precond;pupil_dilation_sd_full_change_precond"
2025-11-26 19:22:31.521095,38,"stress_label",5,2,0.03125,0.628205128205128,0.67948717948718,0.617948717948718,5,"top5","eeg_tleft_sampent_full_change_precond;eeg_tleft_halpha_mean_full_change_precond;eeg_c_theta_mean_full_change_precond;gsr_skin_conductance_eda_tonic_mean_nk_full_change_precond;pupil_dilation_sd_full_change_precond"
2025-11-26 19:22:32.239279,38,"stress_label",5,4,0.03125,0.634615384615385,0.634615384615385,0.616239316239316,5,"top5","eeg_tleft_sampent_full_change_precond;eeg_tleft_halpha_mean_full_change_precond;eeg_c_theta_mean_full_change_precond;gsr_skin_conductance_eda_tonic_mean_nk_full_change_precond;pupil_dilation_sd_full_change_precond"
2025-11-26 19:22:32.874853,38,"stress_label",5,8,0.03125,0.653846153846154,0.673076923076923,0.629059829059829,5,"top5","eeg_tleft_sampent_full_change_precond;eeg_tleft_halpha_mean_full_change_precond;eeg_c_theta_mean_full_change_precond;gsr_skin_conductance_eda_tonic_mean_nk_full_change_precond;pupil_dilation_sd_full_change_precond"
2025-11-26 19:22:33.658964,38,"stress_label",5,16,0.03125,0.641025641025641,0.66025641025641,NA,5,"top5","eeg_tleft_sampent_full_change_precond;eeg_tleft_halpha_mean_full_change_precond;eeg_c_theta_mean_full_change_precond;gsr_skin_conductance_eda_tonic_mean_nk_full_change_precond;pupil_dilation_sd_full_change_precond"
2025-11-26 19:22:34.451623,38,"stress_label",5,32,0.03125,0.615384615384615,0.653846153846154,0.6,5,"top5","eeg_tleft_sampent_full_change_precond;eeg_tleft_halpha_mean_full_change_precond;eeg_c_theta_mean_full_change_precond;gsr_skin_conductance_eda_tonic_mean_nk_full_change_precond;pupil_dilation_sd_full_change_precond"
2025-11-26 19:22:35.194769,38,"stress_label",5,64,0.03125,0.596153846153846,0.615384615384615,0.568376068376068,5,"top5","eeg_tleft_sampent_full_change_precond;eeg_tleft_halpha_mean_full_change_precond;eeg_c_theta_mean_full_change_precond;gsr_skin_conductance_eda_tonic_mean_nk_full_change_precond;pupil_dilation_sd_full_change_precond"
2025-11-26 19:22:36.121593,38,"stress_label",5,128,0.03125,0.58974358974359,0.615384615384615,NA,5,"top5","eeg_tleft_sampent_full_change_precond;eeg_tleft_halpha_mean_full_change_precond;eeg_c_theta_mean_full_change_precond;gsr_skin_conductance_eda_tonic_mean_nk_full_change_precond;pupil_dilation_sd_full_change_precond"
2025-11-26 19:22:37.185332,38,"stress_label",5,256,0.03125,0.596153846153846,0.634615384615385,NA,5,"top5","eeg_tleft_sampent_full_change_precond;eeg_tleft_halpha_mean_full_change_precond;eeg_c_theta_mean_full_change_precond;gsr_skin_conductance_eda_tonic_mean_nk_full_change_precond;pupil_dilation_sd_full_change_precond"
2025-11-26 19:22:37.83979,38,"stress_label",5,2,0.0625,0.641025641025641,0.666666666666667,0.620512820512821,5,"top5","eeg_tleft_sampent_full_change_precond;eeg_tleft_halpha_mean_full_change_precond;eeg_c_theta_mean_full_change_precond;gsr_skin_conductance_eda_tonic_mean_nk_full_change_precond;pupil_dilation_sd_full_change_precond"
2025-11-26 19:22:38.602795,38,"stress_label",5,4,0.0625,0.647435897435897,0.653846153846154,0.632478632478632,5,"top5","eeg_tleft_sampent_full_change_precond;eeg_tleft_halpha_mean_full_change_precond;eeg_c_theta_mean_full_change_precond;gsr_skin_conductance_eda_tonic_mean_nk_full_change_precond;pupil_dilation_sd_full_change_precond"
2025-11-26 19:22:39.330929,38,"stress_label",5,8,0.0625,0.621794871794872,0.647435897435897,0.607692307692308,5,"top5","eeg_tleft_sampent_full_change_precond;eeg_tleft_halpha_mean_full_change_precond;eeg_c_theta_mean_full_change_precond;gsr_skin_conductance_eda_tonic_mean_nk_full_change_precond;pupil_dilation_sd_full_change_precond"
2025-11-26 19:22:40.103949,38,"stress_label",5,16,0.0625,0.583333333333333,0.641025641025641,0.560683760683761,5,"top5","eeg_tleft_sampent_full_change_precond;eeg_tleft_halpha_mean_full_change_precond;eeg_c_theta_mean_full_change_precond;gsr_skin_conductance_eda_tonic_mean_nk_full_change_precond;pupil_dilation_sd_full_change_precond"
2025-11-26 19:22:40.953885,38,"stress_label",5,32,0.0625,0.576923076923077,0.634615384615385,NA,5,"top5","eeg_tleft_sampent_full_change_precond;eeg_tleft_halpha_mean_full_change_precond;eeg_c_theta_mean_full_change_precond;gsr_skin_conductance_eda_tonic_mean_nk_full_change_precond;pupil_dilation_sd_full_change_precond"
2025-11-26 19:22:41.841404,38,"stress_label",5,64,0.0625,0.576923076923077,0.634615384615385,NA,5,"top5","eeg_tleft_sampent_full_change_precond;eeg_tleft_halpha_mean_full_change_precond;eeg_c_theta_mean_full_change_precond;gsr_skin_conductance_eda_tonic_mean_nk_full_change_precond;pupil_dilation_sd_full_change_precond"
2025-11-26 19:22:42.839045,38,"stress_label",5,128,0.0625,0.583333333333333,0.596153846153846,NA,5,"top5","eeg_tleft_sampent_full_change_precond;eeg_tleft_halpha_mean_full_change_precond;eeg_c_theta_mean_full_change_precond;gsr_skin_conductance_eda_tonic_mean_nk_full_change_precond;pupil_dilation_sd_full_change_precond"
2025-11-26 19:22:44.104501,38,"stress_label",5,256,0.0625,0.608974358974359,0.602564102564103,NA,5,"top5","eeg_tleft_sampent_full_change_precond;eeg_tleft_halpha_mean_full_change_precond;eeg_c_theta_mean_full_change_precond;gsr_skin_conductance_eda_tonic_mean_nk_full_change_precond;pupil_dilation_sd_full_change_precond"
2025-11-26 19:22:44.811265,38,"stress_label",5,2,0.125,0.615384615384615,0.641025641025641,NA,5,"top5","eeg_tleft_sampent_full_change_precond;eeg_tleft_halpha_mean_full_change_precond;eeg_c_theta_mean_full_change_precond;gsr_skin_conductance_eda_tonic_mean_nk_full_change_precond;pupil_dilation_sd_full_change_precond"
2025-11-26 19:22:45.606842,38,"stress_label",5,4,0.125,0.58974358974359,0.647435897435897,NA,5,"top5","eeg_tleft_sampent_full_change_precond;eeg_tleft_halpha_mean_full_change_precond;eeg_c_theta_mean_full_change_precond;gsr_skin_conductance_eda_tonic_mean_nk_full_change_precond;pupil_dilation_sd_full_change_precond"
2025-11-26 19:22:46.418889,38,"stress_label",5,8,0.125,0.596153846153846,0.647435897435897,NA,5,"top5","eeg_tleft_sampent_full_change_precond;eeg_tleft_halpha_mean_full_change_precond;eeg_c_theta_mean_full_change_precond;gsr_skin_conductance_eda_tonic_mean_nk_full_change_precond;pupil_dilation_sd_full_change_precond"
2025-11-26 19:22:47.221358,38,"stress_label",5,16,0.125,0.596153846153846,0.621794871794872,NA,5,"top5","eeg_tleft_sampent_full_change_precond;eeg_tleft_halpha_mean_full_change_precond;eeg_c_theta_mean_full_change_precond;gsr_skin_conductance_eda_tonic_mean_nk_full_change_precond;pupil_dilation_sd_full_change_precond"
2025-11-26 19:22:47.922205,38,"stress_label",5,32,0.125,0.615384615384615,0.608974358974359,NA,5,"top5","eeg_tleft_sampent_full_change_precond;eeg_tleft_halpha_mean_full_change_precond;eeg_c_theta_mean_full_change_precond;gsr_skin_conductance_eda_tonic_mean_nk_full_change_precond;pupil_dilation_sd_full_change_precond"
2025-11-26 19:22:48.725932,38,"stress_label",5,64,0.125,0.602564102564103,0.634615384615385,NA,5,"top5","eeg_tleft_sampent_full_change_precond;eeg_tleft_halpha_mean_full_change_precond;eeg_c_theta_mean_full_change_precond;gsr_skin_conductance_eda_tonic_mean_nk_full_change_precond;pupil_dilation_sd_full_change_precond"
2025-11-26 19:22:49.738064,38,"stress_label",5,128,0.125,0.57051282051282,0.58974358974359,NA,5,"top5","eeg_tleft_sampent_full_change_precond;eeg_tleft_halpha_mean_full_change_precond;eeg_c_theta_mean_full_change_precond;gsr_skin_conductance_eda_tonic_mean_nk_full_change_precond;pupil_dilation_sd_full_change_precond"
2025-11-26 19:22:51.046628,38,"stress_label",5,256,0.125,0.544871794871795,0.57051282051282,NA,5,"top5","eeg_tleft_sampent_full_change_precond;eeg_tleft_halpha_mean_full_change_precond;eeg_c_theta_mean_full_change_precond;gsr_skin_conductance_eda_tonic_mean_nk_full_change_precond;pupil_dilation_sd_full_change_precond"
2025-11-26 19:22:51.806923,38,"stress_label",5,2,0.03,0.628205128205128,0.67948717948718,0.617948717948718,5,"top5","eeg_tleft_sampent_full_change_precond;eeg_tleft_halpha_mean_full_change_precond;eeg_c_theta_mean_full_change_precond;gsr_skin_conductance_eda_tonic_mean_nk_full_change_precond;pupil_dilation_sd_full_change_precond"
2025-11-26 19:22:52.517718,38,"stress_label",5,4,0.03,0.628205128205128,0.634615384615385,0.611965811965812,5,"top5","eeg_tleft_sampent_full_change_precond;eeg_tleft_halpha_mean_full_change_precond;eeg_c_theta_mean_full_change_precond;gsr_skin_conductance_eda_tonic_mean_nk_full_change_precond;pupil_dilation_sd_full_change_precond"
2025-11-26 19:22:53.291949,38,"stress_label",5,8,0.03,0.647435897435897,0.666666666666667,0.624786324786325,5,"top5","eeg_tleft_sampent_full_change_precond;eeg_tleft_halpha_mean_full_change_precond;eeg_c_theta_mean_full_change_precond;gsr_skin_conductance_eda_tonic_mean_nk_full_change_precond;pupil_dilation_sd_full_change_precond"
2025-11-26 19:22:54.083421,38,"stress_label",5,16,0.03,0.641025641025641,0.66025641025641,NA,5,"top5","eeg_tleft_sampent_full_change_precond;eeg_tleft_halpha_mean_full_change_precond;eeg_c_theta_mean_full_change_precond;gsr_skin_conductance_eda_tonic_mean_nk_full_change_precond;pupil_dilation_sd_full_change_precond"
2025-11-26 19:22:54.885132,38,"stress_label",5,32,0.03,0.615384615384615,0.653846153846154,0.6,5,"top5","eeg_tleft_sampent_full_change_precond;eeg_tleft_halpha_mean_full_change_precond;eeg_c_theta_mean_full_change_precond;gsr_skin_conductance_eda_tonic_mean_nk_full_change_precond;pupil_dilation_sd_full_change_precond"
2025-11-26 19:22:55.711448,38,"stress_label",5,64,0.03,0.596153846153846,0.615384615384615,0.568376068376068,5,"top5","eeg_tleft_sampent_full_change_precond;eeg_tleft_halpha_mean_full_change_precond;eeg_c_theta_mean_full_change_precond;gsr_skin_conductance_eda_tonic_mean_nk_full_change_precond;pupil_dilation_sd_full_change_precond"
2025-11-26 19:22:56.611089,38,"stress_label",5,128,0.03,0.576923076923077,0.615384615384615,NA,5,"top5","eeg_tleft_sampent_full_change_precond;eeg_tleft_halpha_mean_full_change_precond;eeg_c_theta_mean_full_change_precond;gsr_skin_conductance_eda_tonic_mean_nk_full_change_precond;pupil_dilation_sd_full_change_precond"
2025-11-26 19:22:57.663312,38,"stress_label",5,256,0.03,0.583333333333333,0.634615384615385,NA,5,"top5","eeg_tleft_sampent_full_change_precond;eeg_tleft_halpha_mean_full_change_precond;eeg_c_theta_mean_full_change_precond;gsr_skin_conductance_eda_tonic_mean_nk_full_change_precond;pupil_dilation_sd_full_change_precond"
2025-11-26 19:22:58.432385,38,"stress_label",5,2,0.06,0.634615384615385,0.66025641025641,0.616239316239316,5,"top5","eeg_tleft_sampent_full_change_precond;eeg_tleft_halpha_mean_full_change_precond;eeg_c_theta_mean_full_change_precond;gsr_skin_conductance_eda_tonic_mean_nk_full_change_precond;pupil_dilation_sd_full_change_precond"
2025-11-26 19:22:59.18313,38,"stress_label",5,4,0.06,0.653846153846154,0.666666666666667,0.635042735042735,5,"top5","eeg_tleft_sampent_full_change_precond;eeg_tleft_halpha_mean_full_change_precond;eeg_c_theta_mean_full_change_precond;gsr_skin_conductance_eda_tonic_mean_nk_full_change_precond;pupil_dilation_sd_full_change_precond"
2025-11-26 19:22:59.894859,38,"stress_label",5,8,0.06,0.621794871794872,0.647435897435897,0.607692307692308,5,"top5","eeg_tleft_sampent_full_change_precond;eeg_tleft_halpha_mean_full_change_precond;eeg_c_theta_mean_full_change_precond;gsr_skin_conductance_eda_tonic_mean_nk_full_change_precond;pupil_dilation_sd_full_change_precond"
2025-11-26 19:23:00.636756,38,"stress_label",5,16,0.06,0.596153846153846,0.647435897435897,0.576068376068376,5,"top5","eeg_tleft_sampent_full_change_precond;eeg_tleft_halpha_mean_full_change_precond;eeg_c_theta_mean_full_change_precond;gsr_skin_conductance_eda_tonic_mean_nk_full_change_precond;pupil_dilation_sd_full_change_precond"
2025-11-26 19:23:01.423775,38,"stress_label",5,32,0.06,0.57051282051282,0.641025641025641,NA,5,"top5","eeg_tleft_sampent_full_change_precond;eeg_tleft_halpha_mean_full_change_precond;eeg_c_theta_mean_full_change_precond;gsr_skin_conductance_eda_tonic_mean_nk_full_change_precond;pupil_dilation_sd_full_change_precond"
2025-11-26 19:23:02.298191,38,"stress_label",5,64,0.06,0.58974358974359,0.628205128205128,NA,5,"top5","eeg_tleft_sampent_full_change_precond;eeg_tleft_halpha_mean_full_change_precond;eeg_c_theta_mean_full_change_precond;gsr_skin_conductance_eda_tonic_mean_nk_full_change_precond;pupil_dilation_sd_full_change_precond"
2025-11-26 19:23:03.536972,38,"stress_label",5,128,0.06,0.583333333333333,0.58974358974359,NA,5,"top5","eeg_tleft_sampent_full_change_precond;eeg_tleft_halpha_mean_full_change_precond;eeg_c_theta_mean_full_change_precond;gsr_skin_conductance_eda_tonic_mean_nk_full_change_precond;pupil_dilation_sd_full_change_precond"
2025-11-26 19:23:04.745216,38,"stress_label",5,256,0.06,0.596153846153846,0.596153846153846,NA,5,"top5","eeg_tleft_sampent_full_change_precond;eeg_tleft_halpha_mean_full_change_precond;eeg_c_theta_mean_full_change_precond;gsr_skin_conductance_eda_tonic_mean_nk_full_change_precond;pupil_dilation_sd_full_change_precond"
2025-11-26 19:23:05.471878,38,"stress_label",5,2,0.1,0.615384615384615,0.634615384615385,0.603418803418803,5,"top5","eeg_tleft_sampent_full_change_precond;eeg_tleft_halpha_mean_full_change_precond;eeg_c_theta_mean_full_change_precond;gsr_skin_conductance_eda_tonic_mean_nk_full_change_precond;pupil_dilation_sd_full_change_precond"
2025-11-26 19:23:06.24411,38,"stress_label",5,4,0.1,0.628205128205128,0.653846153846154,0.612820512820513,5,"top5","eeg_tleft_sampent_full_change_precond;eeg_tleft_halpha_mean_full_change_precond;eeg_c_theta_mean_full_change_precond;gsr_skin_conductance_eda_tonic_mean_nk_full_change_precond;pupil_dilation_sd_full_change_precond"
2025-11-26 19:23:06.996054,38,"stress_label",5,8,0.1,0.57051282051282,0.634615384615385,NA,5,"top5","eeg_tleft_sampent_full_change_precond;eeg_tleft_halpha_mean_full_change_precond;eeg_c_theta_mean_full_change_precond;gsr_skin_conductance_eda_tonic_mean_nk_full_change_precond;pupil_dilation_sd_full_change_precond"
2025-11-26 19:23:07.810302,38,"stress_label",5,16,0.1,0.596153846153846,0.666666666666667,NA,5,"top5","eeg_tleft_sampent_full_change_precond;eeg_tleft_halpha_mean_full_change_precond;eeg_c_theta_mean_full_change_precond;gsr_skin_conductance_eda_tonic_mean_nk_full_change_precond;pupil_dilation_sd_full_change_precond"
2025-11-26 19:23:08.649752,38,"stress_label",5,32,0.1,0.583333333333333,0.608974358974359,NA,5,"top5","eeg_tleft_sampent_full_change_precond;eeg_tleft_halpha_mean_full_change_precond;eeg_c_theta_mean_full_change_precond;gsr_skin_conductance_eda_tonic_mean_nk_full_change_precond;pupil_dilation_sd_full_change_precond"
2025-11-26 19:23:09.597998,38,"stress_label",5,64,0.1,0.628205128205128,0.615384615384615,NA,5,"top5","eeg_tleft_sampent_full_change_precond;eeg_tleft_halpha_mean_full_change_precond;eeg_c_theta_mean_full_change_precond;gsr_skin_conductance_eda_tonic_mean_nk_full_change_precond;pupil_dilation_sd_full_change_precond"
2025-11-26 19:23:10.75237,38,"stress_label",5,128,0.1,0.602564102564103,0.621794871794872,NA,5,"top5","eeg_tleft_sampent_full_change_precond;eeg_tleft_halpha_mean_full_change_precond;eeg_c_theta_mean_full_change_precond;gsr_skin_conductance_eda_tonic_mean_nk_full_change_precond;pupil_dilation_sd_full_change_precond"
2025-11-26 19:23:12.175502,38,"stress_label",5,256,0.1,0.564102564102564,0.602564102564103,NA,5,"top5","eeg_tleft_sampent_full_change_precond;eeg_tleft_halpha_mean_full_change_precond;eeg_c_theta_mean_full_change_precond;gsr_skin_conductance_eda_tonic_mean_nk_full_change_precond;pupil_dilation_sd_full_change_precond"
2025-11-26 19:23:13.376376,39,"stress_label",20,2,0.0078125,0.551282051282051,0.621794871794872,0.534188034188034,20,"top20","eeg_tleft_sampent_full_change_precond;eeg_c_theta_mean_full_change_precond;eeg_tleft_halpha_mean_full_change_precond;gsr_skin_conductance_eda_tonic_mean_nk_full_change_precond;eeg_t_sampent_full_change_precond;pupil_dilation_sd_full_change_precond;eeg_pright_sampent_full_change_precond;eeg_fl_hbeta_mean_full_change_precond;eeg_tleft_lalpha_mean_full_change_precond;eeg_fm_theta_mean_full_change_precond;hr_heartrate_bpm_med_abs_full_change_precond;eeg_fr_sampent_full_change_precond;hrv_rmssd_full_change_precond;eeg_c_specent_full_change_precond;eeg_tright_halpha_mean_full_change_precond;eeg_c_sampent_full_change_precond;eeg_fm_sampent_full_change_precond;eeg_tleft_hbeta_mean_full_change_precond;eeg_pleft_halpha_mean_full_change_precond;eeg_pleft_lbeta_mean_full_change_precond"
2025-11-26 19:23:14.404829,39,"stress_label",20,4,0.0078125,0.557692307692308,0.641025641025641,0.555555555555556,20,"top20","eeg_tleft_sampent_full_change_precond;eeg_c_theta_mean_full_change_precond;eeg_tleft_halpha_mean_full_change_precond;gsr_skin_conductance_eda_tonic_mean_nk_full_change_precond;eeg_t_sampent_full_change_precond;pupil_dilation_sd_full_change_precond;eeg_pright_sampent_full_change_precond;eeg_fl_hbeta_mean_full_change_precond;eeg_tleft_lalpha_mean_full_change_precond;eeg_fm_theta_mean_full_change_precond;hr_heartrate_bpm_med_abs_full_change_precond;eeg_fr_sampent_full_change_precond;hrv_rmssd_full_change_precond;eeg_c_specent_full_change_precond;eeg_tright_halpha_mean_full_change_precond;eeg_c_sampent_full_change_precond;eeg_fm_sampent_full_change_precond;eeg_tleft_hbeta_mean_full_change_precond;eeg_pleft_halpha_mean_full_change_precond;eeg_pleft_lbeta_mean_full_change_precond"
2025-11-26 19:23:15.430329,39,"stress_label",20,8,0.0078125,0.538461538461538,0.608974358974359,0.534188034188034,20,"top20","eeg_tleft_sampent_full_change_precond;eeg_c_theta_mean_full_change_precond;eeg_tleft_halpha_mean_full_change_precond;gsr_skin_conductance_eda_tonic_mean_nk_full_change_precond;eeg_t_sampent_full_change_precond;pupil_dilation_sd_full_change_precond;eeg_pright_sampent_full_change_precond;eeg_fl_hbeta_mean_full_change_precond;eeg_tleft_lalpha_mean_full_change_precond;eeg_fm_theta_mean_full_change_precond;hr_heartrate_bpm_med_abs_full_change_precond;eeg_fr_sampent_full_change_precond;hrv_rmssd_full_change_precond;eeg_c_specent_full_change_precond;eeg_tright_halpha_mean_full_change_precond;eeg_c_sampent_full_change_precond;eeg_fm_sampent_full_change_precond;eeg_tleft_hbeta_mean_full_change_precond;eeg_pleft_halpha_mean_full_change_precond;eeg_pleft_lbeta_mean_full_change_precond"
2025-11-26 19:23:16.37962,39,"stress_label",20,16,0.0078125,0.551282051282051,0.596153846153846,0.545299145299145,20,"top20","eeg_tleft_sampent_full_change_precond;eeg_c_theta_mean_full_change_precond;eeg_tleft_halpha_mean_full_change_precond;gsr_skin_conductance_eda_tonic_mean_nk_full_change_precond;eeg_t_sampent_full_change_precond;pupil_dilation_sd_full_change_precond;eeg_pright_sampent_full_change_precond;eeg_fl_hbeta_mean_full_change_precond;eeg_tleft_lalpha_mean_full_change_precond;eeg_fm_theta_mean_full_change_precond;hr_heartrate_bpm_med_abs_full_change_precond;eeg_fr_sampent_full_change_precond;hrv_rmssd_full_change_precond;eeg_c_specent_full_change_precond;eeg_tright_halpha_mean_full_change_precond;eeg_c_sampent_full_change_precond;eeg_fm_sampent_full_change_precond;eeg_tleft_hbeta_mean_full_change_precond;eeg_pleft_halpha_mean_full_change_precond;eeg_pleft_lbeta_mean_full_change_precond"
2025-11-26 19:23:17.413901,39,"stress_label",20,32,0.0078125,0.57051282051282,0.532051282051282,0.566666666666667,20,"top20","eeg_tleft_sampent_full_change_precond;eeg_c_theta_mean_full_change_precond;eeg_tleft_halpha_mean_full_change_precond;gsr_skin_conductance_eda_tonic_mean_nk_full_change_precond;eeg_t_sampent_full_change_precond;pupil_dilation_sd_full_change_precond;eeg_pright_sampent_full_change_precond;eeg_fl_hbeta_mean_full_change_precond;eeg_tleft_lalpha_mean_full_change_precond;eeg_fm_theta_mean_full_change_precond;hr_heartrate_bpm_med_abs_full_change_precond;eeg_fr_sampent_full_change_precond;hrv_rmssd_full_change_precond;eeg_c_specent_full_change_precond;eeg_tright_halpha_mean_full_change_precond;eeg_c_sampent_full_change_precond;eeg_fm_sampent_full_change_precond;eeg_tleft_hbeta_mean_full_change_precond;eeg_pleft_halpha_mean_full_change_precond;eeg_pleft_lbeta_mean_full_change_precond"
2025-11-26 19:23:18.430521,39,"stress_label",20,64,0.0078125,0.57051282051282,0.583333333333333,NA,20,"top20","eeg_tleft_sampent_full_change_precond;eeg_c_theta_mean_full_change_precond;eeg_tleft_halpha_mean_full_change_precond;gsr_skin_conductance_eda_tonic_mean_nk_full_change_precond;eeg_t_sampent_full_change_precond;pupil_dilation_sd_full_change_precond;eeg_pright_sampent_full_change_precond;eeg_fl_hbeta_mean_full_change_precond;eeg_tleft_lalpha_mean_full_change_precond;eeg_fm_theta_mean_full_change_precond;hr_heartrate_bpm_med_abs_full_change_precond;eeg_fr_sampent_full_change_precond;hrv_rmssd_full_change_precond;eeg_c_specent_full_change_precond;eeg_tright_halpha_mean_full_change_precond;eeg_c_sampent_full_change_precond;eeg_fm_sampent_full_change_precond;eeg_tleft_hbeta_mean_full_change_precond;eeg_pleft_halpha_mean_full_change_precond;eeg_pleft_lbeta_mean_full_change_precond"
2025-11-26 19:23:19.697664,39,"stress_label",20,128,0.0078125,0.557692307692308,0.576923076923077,0.545299145299145,20,"top20","eeg_tleft_sampent_full_change_precond;eeg_c_theta_mean_full_change_precond;eeg_tleft_halpha_mean_full_change_precond;gsr_skin_conductance_eda_tonic_mean_nk_full_change_precond;eeg_t_sampent_full_change_precond;pupil_dilation_sd_full_change_precond;eeg_pright_sampent_full_change_precond;eeg_fl_hbeta_mean_full_change_precond;eeg_tleft_lalpha_mean_full_change_precond;eeg_fm_theta_mean_full_change_precond;hr_heartrate_bpm_med_abs_full_change_precond;eeg_fr_sampent_full_change_precond;hrv_rmssd_full_change_precond;eeg_c_specent_full_change_precond;eeg_tright_halpha_mean_full_change_precond;eeg_c_sampent_full_change_precond;eeg_fm_sampent_full_change_precond;eeg_tleft_hbeta_mean_full_change_precond;eeg_pleft_halpha_mean_full_change_precond;eeg_pleft_lbeta_mean_full_change_precond"
2025-11-26 19:23:21.252388,39,"stress_label",20,256,0.0078125,0.538461538461538,0.628205128205128,NA,20,"top20","eeg_tleft_sampent_full_change_precond;eeg_c_theta_mean_full_change_precond;eeg_tleft_halpha_mean_full_change_precond;gsr_skin_conductance_eda_tonic_mean_nk_full_change_precond;eeg_t_sampent_full_change_precond;pupil_dilation_sd_full_change_precond;eeg_pright_sampent_full_change_precond;eeg_fl_hbeta_mean_full_change_precond;eeg_tleft_lalpha_mean_full_change_precond;eeg_fm_theta_mean_full_change_precond;hr_heartrate_bpm_med_abs_full_change_precond;eeg_fr_sampent_full_change_precond;hrv_rmssd_full_change_precond;eeg_c_specent_full_change_precond;eeg_tright_halpha_mean_full_change_precond;eeg_c_sampent_full_change_precond;eeg_fm_sampent_full_change_precond;eeg_tleft_hbeta_mean_full_change_precond;eeg_pleft_halpha_mean_full_change_precond;eeg_pleft_lbeta_mean_full_change_precond"
2025-11-26 19:23:22.260292,39,"stress_label",20,2,0.015625,0.544871794871795,0.641025641025641,0.539316239316239,20,"top20","eeg_tleft_sampent_full_change_precond;eeg_c_theta_mean_full_change_precond;eeg_tleft_halpha_mean_full_change_precond;gsr_skin_conductance_eda_tonic_mean_nk_full_change_precond;eeg_t_sampent_full_change_precond;pupil_dilation_sd_full_change_precond;eeg_pright_sampent_full_change_precond;eeg_fl_hbeta_mean_full_change_precond;eeg_tleft_lalpha_mean_full_change_precond;eeg_fm_theta_mean_full_change_precond;hr_heartrate_bpm_med_abs_full_change_precond;eeg_fr_sampent_full_change_precond;hrv_rmssd_full_change_precond;eeg_c_specent_full_change_precond;eeg_tright_halpha_mean_full_change_precond;eeg_c_sampent_full_change_precond;eeg_fm_sampent_full_change_precond;eeg_tleft_hbeta_mean_full_change_precond;eeg_pleft_halpha_mean_full_change_precond;eeg_pleft_lbeta_mean_full_change_precond"
2025-11-26 19:23:23.311021,39,"stress_label",20,4,0.015625,0.538461538461538,0.615384615384615,0.534188034188034,20,"top20","eeg_tleft_sampent_full_change_precond;eeg_c_theta_mean_full_change_precond;eeg_tleft_halpha_mean_full_change_precond;gsr_skin_conductance_eda_tonic_mean_nk_full_change_precond;eeg_t_sampent_full_change_precond;pupil_dilation_sd_full_change_precond;eeg_pright_sampent_full_change_precond;eeg_fl_hbeta_mean_full_change_precond;eeg_tleft_lalpha_mean_full_change_precond;eeg_fm_theta_mean_full_change_precond;hr_heartrate_bpm_med_abs_full_change_precond;eeg_fr_sampent_full_change_precond;hrv_rmssd_full_change_precond;eeg_c_specent_full_change_precond;eeg_tright_halpha_mean_full_change_precond;eeg_c_sampent_full_change_precond;eeg_fm_sampent_full_change_precond;eeg_tleft_hbeta_mean_full_change_precond;eeg_pleft_halpha_mean_full_change_precond;eeg_pleft_lbeta_mean_full_change_precond"
2025-11-26 19:23:24.371747,39,"stress_label",20,8,0.015625,0.564102564102564,0.615384615384615,0.557264957264957,20,"top20","eeg_tleft_sampent_full_change_precond;eeg_c_theta_mean_full_change_precond;eeg_tleft_halpha_mean_full_change_precond;gsr_skin_conductance_eda_tonic_mean_nk_full_change_precond;eeg_t_sampent_full_change_precond;pupil_dilation_sd_full_change_precond;eeg_pright_sampent_full_change_precond;eeg_fl_hbeta_mean_full_change_precond;eeg_tleft_lalpha_mean_full_change_precond;eeg_fm_theta_mean_full_change_precond;hr_heartrate_bpm_med_abs_full_change_precond;eeg_fr_sampent_full_change_precond;hrv_rmssd_full_change_precond;eeg_c_specent_full_change_precond;eeg_tright_halpha_mean_full_change_precond;eeg_c_sampent_full_change_precond;eeg_fm_sampent_full_change_precond;eeg_tleft_hbeta_mean_full_change_precond;eeg_pleft_halpha_mean_full_change_precond;eeg_pleft_lbeta_mean_full_change_precond"
2025-11-26 19:23:25.392866,39,"stress_label",20,16,0.015625,0.576923076923077,0.57051282051282,0.564957264957265,20,"top20","eeg_tleft_sampent_full_change_precond;eeg_c_theta_mean_full_change_precond;eeg_tleft_halpha_mean_full_change_precond;gsr_skin_conductance_eda_tonic_mean_nk_full_change_precond;eeg_t_sampent_full_change_precond;pupil_dilation_sd_full_change_precond;eeg_pright_sampent_full_change_precond;eeg_fl_hbeta_mean_full_change_precond;eeg_tleft_lalpha_mean_full_change_precond;eeg_fm_theta_mean_full_change_precond;hr_heartrate_bpm_med_abs_full_change_precond;eeg_fr_sampent_full_change_precond;hrv_rmssd_full_change_precond;eeg_c_specent_full_change_precond;eeg_tright_halpha_mean_full_change_precond;eeg_c_sampent_full_change_precond;eeg_fm_sampent_full_change_precond;eeg_tleft_hbeta_mean_full_change_precond;eeg_pleft_halpha_mean_full_change_precond;eeg_pleft_lbeta_mean_full_change_precond"
2025-11-26 19:23:26.475448,39,"stress_label",20,32,0.015625,0.58974358974359,0.602564102564103,NA,20,"top20","eeg_tleft_sampent_full_change_precond;eeg_c_theta_mean_full_change_precond;eeg_tleft_halpha_mean_full_change_precond;gsr_skin_conductance_eda_tonic_mean_nk_full_change_precond;eeg_t_sampent_full_change_precond;pupil_dilation_sd_full_change_precond;eeg_pright_sampent_full_change_precond;eeg_fl_hbeta_mean_full_change_precond;eeg_tleft_lalpha_mean_full_change_precond;eeg_fm_theta_mean_full_change_precond;hr_heartrate_bpm_med_abs_full_change_precond;eeg_fr_sampent_full_change_precond;hrv_rmssd_full_change_precond;eeg_c_specent_full_change_precond;eeg_tright_halpha_mean_full_change_precond;eeg_c_sampent_full_change_precond;eeg_fm_sampent_full_change_precond;eeg_tleft_hbeta_mean_full_change_precond;eeg_pleft_halpha_mean_full_change_precond;eeg_pleft_lbeta_mean_full_change_precond"
2025-11-26 19:23:27.718513,39,"stress_label",20,64,0.015625,0.532051282051282,0.634615384615385,NA,20,"top20","eeg_tleft_sampent_full_change_precond;eeg_c_theta_mean_full_change_precond;eeg_tleft_halpha_mean_full_change_precond;gsr_skin_conductance_eda_tonic_mean_nk_full_change_precond;eeg_t_sampent_full_change_precond;pupil_dilation_sd_full_change_precond;eeg_pright_sampent_full_change_precond;eeg_fl_hbeta_mean_full_change_precond;eeg_tleft_lalpha_mean_full_change_precond;eeg_fm_theta_mean_full_change_precond;hr_heartrate_bpm_med_abs_full_change_precond;eeg_fr_sampent_full_change_precond;hrv_rmssd_full_change_precond;eeg_c_specent_full_change_precond;eeg_tright_halpha_mean_full_change_precond;eeg_c_sampent_full_change_precond;eeg_fm_sampent_full_change_precond;eeg_tleft_hbeta_mean_full_change_precond;eeg_pleft_halpha_mean_full_change_precond;eeg_pleft_lbeta_mean_full_change_precond"
2025-11-26 19:23:28.977753,39,"stress_label",20,128,0.015625,0.596153846153846,0.634615384615385,NA,20,"top20","eeg_tleft_sampent_full_change_precond;eeg_c_theta_mean_full_change_precond;eeg_tleft_halpha_mean_full_change_precond;gsr_skin_conductance_eda_tonic_mean_nk_full_change_precond;eeg_t_sampent_full_change_precond;pupil_dilation_sd_full_change_precond;eeg_pright_sampent_full_change_precond;eeg_fl_hbeta_mean_full_change_precond;eeg_tleft_lalpha_mean_full_change_precond;eeg_fm_theta_mean_full_change_precond;hr_heartrate_bpm_med_abs_full_change_precond;eeg_fr_sampent_full_change_precond;hrv_rmssd_full_change_precond;eeg_c_specent_full_change_precond;eeg_tright_halpha_mean_full_change_precond;eeg_c_sampent_full_change_precond;eeg_fm_sampent_full_change_precond;eeg_tleft_hbeta_mean_full_change_precond;eeg_pleft_halpha_mean_full_change_precond;eeg_pleft_lbeta_mean_full_change_precond"
2025-11-26 19:23:30.291735,39,"stress_label",20,256,0.015625,0.602564102564103,0.647435897435897,NA,20,"top20","eeg_tleft_sampent_full_change_precond;eeg_c_theta_mean_full_change_precond;eeg_tleft_halpha_mean_full_change_precond;gsr_skin_conductance_eda_tonic_mean_nk_full_change_precond;eeg_t_sampent_full_change_precond;pupil_dilation_sd_full_change_precond;eeg_pright_sampent_full_change_precond;eeg_fl_hbeta_mean_full_change_precond;eeg_tleft_lalpha_mean_full_change_precond;eeg_fm_theta_mean_full_change_precond;hr_heartrate_bpm_med_abs_full_change_precond;eeg_fr_sampent_full_change_precond;hrv_rmssd_full_change_precond;eeg_c_specent_full_change_precond;eeg_tright_halpha_mean_full_change_precond;eeg_c_sampent_full_change_precond;eeg_fm_sampent_full_change_precond;eeg_tleft_hbeta_mean_full_change_precond;eeg_pleft_halpha_mean_full_change_precond;eeg_pleft_lbeta_mean_full_change_precond"
2025-11-26 19:23:31.163246,39,"stress_label",20,2,0.03125,0.564102564102564,0.602564102564103,0.552136752136752,20,"top20","eeg_tleft_sampent_full_change_precond;eeg_c_theta_mean_full_change_precond;eeg_tleft_halpha_mean_full_change_precond;gsr_skin_conductance_eda_tonic_mean_nk_full_change_precond;eeg_t_sampent_full_change_precond;pupil_dilation_sd_full_change_precond;eeg_pright_sampent_full_change_precond;eeg_fl_hbeta_mean_full_change_precond;eeg_tleft_lalpha_mean_full_change_precond;eeg_fm_theta_mean_full_change_precond;hr_heartrate_bpm_med_abs_full_change_precond;eeg_fr_sampent_full_change_precond;hrv_rmssd_full_change_precond;eeg_c_specent_full_change_precond;eeg_tright_halpha_mean_full_change_precond;eeg_c_sampent_full_change_precond;eeg_fm_sampent_full_change_precond;eeg_tleft_hbeta_mean_full_change_precond;eeg_pleft_halpha_mean_full_change_precond;eeg_pleft_lbeta_mean_full_change_precond"
2025-11-26 19:23:32.201481,39,"stress_label",20,4,0.03125,0.596153846153846,0.615384615384615,0.582905982905983,20,"top20","eeg_tleft_sampent_full_change_precond;eeg_c_theta_mean_full_change_precond;eeg_tleft_halpha_mean_full_change_precond;gsr_skin_conductance_eda_tonic_mean_nk_full_change_precond;eeg_t_sampent_full_change_precond;pupil_dilation_sd_full_change_precond;eeg_pright_sampent_full_change_precond;eeg_fl_hbeta_mean_full_change_precond;eeg_tleft_lalpha_mean_full_change_precond;eeg_fm_theta_mean_full_change_precond;hr_heartrate_bpm_med_abs_full_change_precond;eeg_fr_sampent_full_change_precond;hrv_rmssd_full_change_precond;eeg_c_specent_full_change_precond;eeg_tright_halpha_mean_full_change_precond;eeg_c_sampent_full_change_precond;eeg_fm_sampent_full_change_precond;eeg_tleft_hbeta_mean_full_change_precond;eeg_pleft_halpha_mean_full_change_precond;eeg_pleft_lbeta_mean_full_change_precond"
2025-11-26 19:23:33.234837,39,"stress_label",20,8,0.03125,0.58974358974359,0.583333333333333,NA,20,"top20","eeg_tleft_sampent_full_change_precond;eeg_c_theta_mean_full_change_precond;eeg_tleft_halpha_mean_full_change_precond;gsr_skin_conductance_eda_tonic_mean_nk_full_change_precond;eeg_t_sampent_full_change_precond;pupil_dilation_sd_full_change_precond;eeg_pright_sampent_full_change_precond;eeg_fl_hbeta_mean_full_change_precond;eeg_tleft_lalpha_mean_full_change_precond;eeg_fm_theta_mean_full_change_precond;hr_heartrate_bpm_med_abs_full_change_precond;eeg_fr_sampent_full_change_precond;hrv_rmssd_full_change_precond;eeg_c_specent_full_change_precond;eeg_tright_halpha_mean_full_change_precond;eeg_c_sampent_full_change_precond;eeg_fm_sampent_full_change_precond;eeg_tleft_hbeta_mean_full_change_precond;eeg_pleft_halpha_mean_full_change_precond;eeg_pleft_lbeta_mean_full_change_precond"
2025-11-26 19:23:34.138427,39,"stress_label",20,16,0.03125,0.583333333333333,0.641025641025641,NA,20,"top20","eeg_tleft_sampent_full_change_precond;eeg_c_theta_mean_full_change_precond;eeg_tleft_halpha_mean_full_change_precond;gsr_skin_conductance_eda_tonic_mean_nk_full_change_precond;eeg_t_sampent_full_change_precond;pupil_dilation_sd_full_change_precond;eeg_pright_sampent_full_change_precond;eeg_fl_hbeta_mean_full_change_precond;eeg_tleft_lalpha_mean_full_change_precond;eeg_fm_theta_mean_full_change_precond;hr_heartrate_bpm_med_abs_full_change_precond;eeg_fr_sampent_full_change_precond;hrv_rmssd_full_change_precond;eeg_c_specent_full_change_precond;eeg_tright_halpha_mean_full_change_precond;eeg_c_sampent_full_change_precond;eeg_fm_sampent_full_change_precond;eeg_tleft_hbeta_mean_full_change_precond;eeg_pleft_halpha_mean_full_change_precond;eeg_pleft_lbeta_mean_full_change_precond"
2025-11-26 19:23:35.256139,39,"stress_label",20,32,0.03125,0.615384615384615,0.628205128205128,NA,20,"top20","eeg_tleft_sampent_full_change_precond;eeg_c_theta_mean_full_change_precond;eeg_tleft_halpha_mean_full_change_precond;gsr_skin_conductance_eda_tonic_mean_nk_full_change_precond;eeg_t_sampent_full_change_precond;pupil_dilation_sd_full_change_precond;eeg_pright_sampent_full_change_precond;eeg_fl_hbeta_mean_full_change_precond;eeg_tleft_lalpha_mean_full_change_precond;eeg_fm_theta_mean_full_change_precond;hr_heartrate_bpm_med_abs_full_change_precond;eeg_fr_sampent_full_change_precond;hrv_rmssd_full_change_precond;eeg_c_specent_full_change_precond;eeg_tright_halpha_mean_full_change_precond;eeg_c_sampent_full_change_precond;eeg_fm_sampent_full_change_precond;eeg_tleft_hbeta_mean_full_change_precond;eeg_pleft_halpha_mean_full_change_precond;eeg_pleft_lbeta_mean_full_change_precond"
2025-11-26 19:23:36.411475,39,"stress_label",20,64,0.03125,0.608974358974359,0.634615384615385,NA,20,"top20","eeg_tleft_sampent_full_change_precond;eeg_c_theta_mean_full_change_precond;eeg_tleft_halpha_mean_full_change_precond;gsr_skin_conductance_eda_tonic_mean_nk_full_change_precond;eeg_t_sampent_full_change_precond;pupil_dilation_sd_full_change_precond;eeg_pright_sampent_full_change_precond;eeg_fl_hbeta_mean_full_change_precond;eeg_tleft_lalpha_mean_full_change_precond;eeg_fm_theta_mean_full_change_precond;hr_heartrate_bpm_med_abs_full_change_precond;eeg_fr_sampent_full_change_precond;hrv_rmssd_full_change_precond;eeg_c_specent_full_change_precond;eeg_tright_halpha_mean_full_change_precond;eeg_c_sampent_full_change_precond;eeg_fm_sampent_full_change_precond;eeg_tleft_hbeta_mean_full_change_precond;eeg_pleft_halpha_mean_full_change_precond;eeg_pleft_lbeta_mean_full_change_precond"
2025-11-26 19:23:37.623839,39,"stress_label",20,128,0.03125,0.608974358974359,0.634615384615385,NA,20,"top20","eeg_tleft_sampent_full_change_precond;eeg_c_theta_mean_full_change_precond;eeg_tleft_halpha_mean_full_change_precond;gsr_skin_conductance_eda_tonic_mean_nk_full_change_precond;eeg_t_sampent_full_change_precond;pupil_dilation_sd_full_change_precond;eeg_pright_sampent_full_change_precond;eeg_fl_hbeta_mean_full_change_precond;eeg_tleft_lalpha_mean_full_change_precond;eeg_fm_theta_mean_full_change_precond;hr_heartrate_bpm_med_abs_full_change_precond;eeg_fr_sampent_full_change_precond;hrv_rmssd_full_change_precond;eeg_c_specent_full_change_precond;eeg_tright_halpha_mean_full_change_precond;eeg_c_sampent_full_change_precond;eeg_fm_sampent_full_change_precond;eeg_tleft_hbeta_mean_full_change_precond;eeg_pleft_halpha_mean_full_change_precond;eeg_pleft_lbeta_mean_full_change_precond"
2025-11-26 19:23:38.841807,39,"stress_label",20,256,0.03125,0.608974358974359,0.634615384615385,NA,20,"top20","eeg_tleft_sampent_full_change_precond;eeg_c_theta_mean_full_change_precond;eeg_tleft_halpha_mean_full_change_precond;gsr_skin_conductance_eda_tonic_mean_nk_full_change_precond;eeg_t_sampent_full_change_precond;pupil_dilation_sd_full_change_precond;eeg_pright_sampent_full_change_precond;eeg_fl_hbeta_mean_full_change_precond;eeg_tleft_lalpha_mean_full_change_precond;eeg_fm_theta_mean_full_change_precond;hr_heartrate_bpm_med_abs_full_change_precond;eeg_fr_sampent_full_change_precond;hrv_rmssd_full_change_precond;eeg_c_specent_full_change_precond;eeg_tright_halpha_mean_full_change_precond;eeg_c_sampent_full_change_precond;eeg_fm_sampent_full_change_precond;eeg_tleft_hbeta_mean_full_change_precond;eeg_pleft_halpha_mean_full_change_precond;eeg_pleft_lbeta_mean_full_change_precond"
2025-11-26 19:23:39.829101,39,"stress_label",20,2,0.0625,0.615384615384615,0.608974358974359,NA,20,"top20","eeg_tleft_sampent_full_change_precond;eeg_c_theta_mean_full_change_precond;eeg_tleft_halpha_mean_full_change_precond;gsr_skin_conductance_eda_tonic_mean_nk_full_change_precond;eeg_t_sampent_full_change_precond;pupil_dilation_sd_full_change_precond;eeg_pright_sampent_full_change_precond;eeg_fl_hbeta_mean_full_change_precond;eeg_tleft_lalpha_mean_full_change_precond;eeg_fm_theta_mean_full_change_precond;hr_heartrate_bpm_med_abs_full_change_precond;eeg_fr_sampent_full_change_precond;hrv_rmssd_full_change_precond;eeg_c_specent_full_change_precond;eeg_tright_halpha_mean_full_change_precond;eeg_c_sampent_full_change_precond;eeg_fm_sampent_full_change_precond;eeg_tleft_hbeta_mean_full_change_precond;eeg_pleft_halpha_mean_full_change_precond;eeg_pleft_lbeta_mean_full_change_precond"
2025-11-26 19:23:40.953431,39,"stress_label",20,4,0.0625,0.608974358974359,0.641025641025641,NA,20,"top20","eeg_tleft_sampent_full_change_precond;eeg_c_theta_mean_full_change_precond;eeg_tleft_halpha_mean_full_change_precond;gsr_skin_conductance_eda_tonic_mean_nk_full_change_precond;eeg_t_sampent_full_change_precond;pupil_dilation_sd_full_change_precond;eeg_pright_sampent_full_change_precond;eeg_fl_hbeta_mean_full_change_precond;eeg_tleft_lalpha_mean_full_change_precond;eeg_fm_theta_mean_full_change_precond;hr_heartrate_bpm_med_abs_full_change_precond;eeg_fr_sampent_full_change_precond;hrv_rmssd_full_change_precond;eeg_c_specent_full_change_precond;eeg_tright_halpha_mean_full_change_precond;eeg_c_sampent_full_change_precond;eeg_fm_sampent_full_change_precond;eeg_tleft_hbeta_mean_full_change_precond;eeg_pleft_halpha_mean_full_change_precond;eeg_pleft_lbeta_mean_full_change_precond"
2025-11-26 19:23:42.092351,39,"stress_label",20,8,0.0625,0.634615384615385,0.653846153846154,NA,20,"top20","eeg_tleft_sampent_full_change_precond;eeg_c_theta_mean_full_change_precond;eeg_tleft_halpha_mean_full_change_precond;gsr_skin_conductance_eda_tonic_mean_nk_full_change_precond;eeg_t_sampent_full_change_precond;pupil_dilation_sd_full_change_precond;eeg_pright_sampent_full_change_precond;eeg_fl_hbeta_mean_full_change_precond;eeg_tleft_lalpha_mean_full_change_precond;eeg_fm_theta_mean_full_change_precond;hr_heartrate_bpm_med_abs_full_change_precond;eeg_fr_sampent_full_change_precond;hrv_rmssd_full_change_precond;eeg_c_specent_full_change_precond;eeg_tright_halpha_mean_full_change_precond;eeg_c_sampent_full_change_precond;eeg_fm_sampent_full_change_precond;eeg_tleft_hbeta_mean_full_change_precond;eeg_pleft_halpha_mean_full_change_precond;eeg_pleft_lbeta_mean_full_change_precond"
2025-11-26 19:23:43.242317,39,"stress_label",20,16,0.0625,0.641025641025641,0.66025641025641,NA,20,"top20","eeg_tleft_sampent_full_change_precond;eeg_c_theta_mean_full_change_precond;eeg_tleft_halpha_mean_full_change_precond;gsr_skin_conductance_eda_tonic_mean_nk_full_change_precond;eeg_t_sampent_full_change_precond;pupil_dilation_sd_full_change_precond;eeg_pright_sampent_full_change_precond;eeg_fl_hbeta_mean_full_change_precond;eeg_tleft_lalpha_mean_full_change_precond;eeg_fm_theta_mean_full_change_precond;hr_heartrate_bpm_med_abs_full_change_precond;eeg_fr_sampent_full_change_precond;hrv_rmssd_full_change_precond;eeg_c_specent_full_change_precond;eeg_tright_halpha_mean_full_change_precond;eeg_c_sampent_full_change_precond;eeg_fm_sampent_full_change_precond;eeg_tleft_hbeta_mean_full_change_precond;eeg_pleft_halpha_mean_full_change_precond;eeg_pleft_lbeta_mean_full_change_precond"
2025-11-26 19:23:44.409631,39,"stress_label",20,32,0.0625,0.641025641025641,0.66025641025641,NA,20,"top20","eeg_tleft_sampent_full_change_precond;eeg_c_theta_mean_full_change_precond;eeg_tleft_halpha_mean_full_change_precond;gsr_skin_conductance_eda_tonic_mean_nk_full_change_precond;eeg_t_sampent_full_change_precond;pupil_dilation_sd_full_change_precond;eeg_pright_sampent_full_change_precond;eeg_fl_hbeta_mean_full_change_precond;eeg_tleft_lalpha_mean_full_change_precond;eeg_fm_theta_mean_full_change_precond;hr_heartrate_bpm_med_abs_full_change_precond;eeg_fr_sampent_full_change_precond;hrv_rmssd_full_change_precond;eeg_c_specent_full_change_precond;eeg_tright_halpha_mean_full_change_precond;eeg_c_sampent_full_change_precond;eeg_fm_sampent_full_change_precond;eeg_tleft_hbeta_mean_full_change_precond;eeg_pleft_halpha_mean_full_change_precond;eeg_pleft_lbeta_mean_full_change_precond"
2025-11-26 19:23:45.592802,39,"stress_label",20,64,0.0625,0.641025641025641,0.66025641025641,NA,20,"top20","eeg_tleft_sampent_full_change_precond;eeg_c_theta_mean_full_change_precond;eeg_tleft_halpha_mean_full_change_precond;gsr_skin_conductance_eda_tonic_mean_nk_full_change_precond;eeg_t_sampent_full_change_precond;pupil_dilation_sd_full_change_precond;eeg_pright_sampent_full_change_precond;eeg_fl_hbeta_mean_full_change_precond;eeg_tleft_lalpha_mean_full_change_precond;eeg_fm_theta_mean_full_change_precond;hr_heartrate_bpm_med_abs_full_change_precond;eeg_fr_sampent_full_change_precond;hrv_rmssd_full_change_precond;eeg_c_specent_full_change_precond;eeg_tright_halpha_mean_full_change_precond;eeg_c_sampent_full_change_precond;eeg_fm_sampent_full_change_precond;eeg_tleft_hbeta_mean_full_change_precond;eeg_pleft_halpha_mean_full_change_precond;eeg_pleft_lbeta_mean_full_change_precond"
2025-11-26 19:23:46.761079,39,"stress_label",20,128,0.0625,0.641025641025641,0.66025641025641,NA,20,"top20","eeg_tleft_sampent_full_change_precond;eeg_c_theta_mean_full_change_precond;eeg_tleft_halpha_mean_full_change_precond;gsr_skin_conductance_eda_tonic_mean_nk_full_change_precond;eeg_t_sampent_full_change_precond;pupil_dilation_sd_full_change_precond;eeg_pright_sampent_full_change_precond;eeg_fl_hbeta_mean_full_change_precond;eeg_tleft_lalpha_mean_full_change_precond;eeg_fm_theta_mean_full_change_precond;hr_heartrate_bpm_med_abs_full_change_precond;eeg_fr_sampent_full_change_precond;hrv_rmssd_full_change_precond;eeg_c_specent_full_change_precond;eeg_tright_halpha_mean_full_change_precond;eeg_c_sampent_full_change_precond;eeg_fm_sampent_full_change_precond;eeg_tleft_hbeta_mean_full_change_precond;eeg_pleft_halpha_mean_full_change_precond;eeg_pleft_lbeta_mean_full_change_precond"
2025-11-26 19:23:47.854961,39,"stress_label",20,256,0.0625,0.641025641025641,0.66025641025641,NA,20,"top20","eeg_tleft_sampent_full_change_precond;eeg_c_theta_mean_full_change_precond;eeg_tleft_halpha_mean_full_change_precond;gsr_skin_conductance_eda_tonic_mean_nk_full_change_precond;eeg_t_sampent_full_change_precond;pupil_dilation_sd_full_change_precond;eeg_pright_sampent_full_change_precond;eeg_fl_hbeta_mean_full_change_precond;eeg_tleft_lalpha_mean_full_change_precond;eeg_fm_theta_mean_full_change_precond;hr_heartrate_bpm_med_abs_full_change_precond;eeg_fr_sampent_full_change_precond;hrv_rmssd_full_change_precond;eeg_c_specent_full_change_precond;eeg_tright_halpha_mean_full_change_precond;eeg_c_sampent_full_change_precond;eeg_fm_sampent_full_change_precond;eeg_tleft_hbeta_mean_full_change_precond;eeg_pleft_halpha_mean_full_change_precond;eeg_pleft_lbeta_mean_full_change_precond"
2025-11-26 19:23:48.896587,39,"stress_label",20,2,0.125,0.615384615384615,0.673076923076923,NA,20,"top20","eeg_tleft_sampent_full_change_precond;eeg_c_theta_mean_full_change_precond;eeg_tleft_halpha_mean_full_change_precond;gsr_skin_conductance_eda_tonic_mean_nk_full_change_precond;eeg_t_sampent_full_change_precond;pupil_dilation_sd_full_change_precond;eeg_pright_sampent_full_change_precond;eeg_fl_hbeta_mean_full_change_precond;eeg_tleft_lalpha_mean_full_change_precond;eeg_fm_theta_mean_full_change_precond;hr_heartrate_bpm_med_abs_full_change_precond;eeg_fr_sampent_full_change_precond;hrv_rmssd_full_change_precond;eeg_c_specent_full_change_precond;eeg_tright_halpha_mean_full_change_precond;eeg_c_sampent_full_change_precond;eeg_fm_sampent_full_change_precond;eeg_tleft_hbeta_mean_full_change_precond;eeg_pleft_halpha_mean_full_change_precond;eeg_pleft_lbeta_mean_full_change_precond"
2025-11-26 19:23:49.956763,39,"stress_label",20,4,0.125,0.634615384615385,0.685897435897436,NA,20,"top20","eeg_tleft_sampent_full_change_precond;eeg_c_theta_mean_full_change_precond;eeg_tleft_halpha_mean_full_change_precond;gsr_skin_conductance_eda_tonic_mean_nk_full_change_precond;eeg_t_sampent_full_change_precond;pupil_dilation_sd_full_change_precond;eeg_pright_sampent_full_change_precond;eeg_fl_hbeta_mean_full_change_precond;eeg_tleft_lalpha_mean_full_change_precond;eeg_fm_theta_mean_full_change_precond;hr_heartrate_bpm_med_abs_full_change_precond;eeg_fr_sampent_full_change_precond;hrv_rmssd_full_change_precond;eeg_c_specent_full_change_precond;eeg_tright_halpha_mean_full_change_precond;eeg_c_sampent_full_change_precond;eeg_fm_sampent_full_change_precond;eeg_tleft_hbeta_mean_full_change_precond;eeg_pleft_halpha_mean_full_change_precond;eeg_pleft_lbeta_mean_full_change_precond"
2025-11-26 19:23:51.082881,39,"stress_label",20,8,0.125,0.634615384615385,0.685897435897436,NA,20,"top20","eeg_tleft_sampent_full_change_precond;eeg_c_theta_mean_full_change_precond;eeg_tleft_halpha_mean_full_change_precond;gsr_skin_conductance_eda_tonic_mean_nk_full_change_precond;eeg_t_sampent_full_change_precond;pupil_dilation_sd_full_change_precond;eeg_pright_sampent_full_change_precond;eeg_fl_hbeta_mean_full_change_precond;eeg_tleft_lalpha_mean_full_change_precond;eeg_fm_theta_mean_full_change_precond;hr_heartrate_bpm_med_abs_full_change_precond;eeg_fr_sampent_full_change_precond;hrv_rmssd_full_change_precond;eeg_c_specent_full_change_precond;eeg_tright_halpha_mean_full_change_precond;eeg_c_sampent_full_change_precond;eeg_fm_sampent_full_change_precond;eeg_tleft_hbeta_mean_full_change_precond;eeg_pleft_halpha_mean_full_change_precond;eeg_pleft_lbeta_mean_full_change_precond"
2025-11-26 19:23:52.227481,39,"stress_label",20,16,0.125,0.634615384615385,0.685897435897436,NA,20,"top20","eeg_tleft_sampent_full_change_precond;eeg_c_theta_mean_full_change_precond;eeg_tleft_halpha_mean_full_change_precond;gsr_skin_conductance_eda_tonic_mean_nk_full_change_precond;eeg_t_sampent_full_change_precond;pupil_dilation_sd_full_change_precond;eeg_pright_sampent_full_change_precond;eeg_fl_hbeta_mean_full_change_precond;eeg_tleft_lalpha_mean_full_change_precond;eeg_fm_theta_mean_full_change_precond;hr_heartrate_bpm_med_abs_full_change_precond;eeg_fr_sampent_full_change_precond;hrv_rmssd_full_change_precond;eeg_c_specent_full_change_precond;eeg_tright_halpha_mean_full_change_precond;eeg_c_sampent_full_change_precond;eeg_fm_sampent_full_change_precond;eeg_tleft_hbeta_mean_full_change_precond;eeg_pleft_halpha_mean_full_change_precond;eeg_pleft_lbeta_mean_full_change_precond"
2025-11-26 19:23:53.339178,39,"stress_label",20,32,0.125,0.634615384615385,0.685897435897436,NA,20,"top20","eeg_tleft_sampent_full_change_precond;eeg_c_theta_mean_full_change_precond;eeg_tleft_halpha_mean_full_change_precond;gsr_skin_conductance_eda_tonic_mean_nk_full_change_precond;eeg_t_sampent_full_change_precond;pupil_dilation_sd_full_change_precond;eeg_pright_sampent_full_change_precond;eeg_fl_hbeta_mean_full_change_precond;eeg_tleft_lalpha_mean_full_change_precond;eeg_fm_theta_mean_full_change_precond;hr_heartrate_bpm_med_abs_full_change_precond;eeg_fr_sampent_full_change_precond;hrv_rmssd_full_change_precond;eeg_c_specent_full_change_precond;eeg_tright_halpha_mean_full_change_precond;eeg_c_sampent_full_change_precond;eeg_fm_sampent_full_change_precond;eeg_tleft_hbeta_mean_full_change_precond;eeg_pleft_halpha_mean_full_change_precond;eeg_pleft_lbeta_mean_full_change_precond"
2025-11-26 19:23:54.483381,39,"stress_label",20,64,0.125,0.634615384615385,0.685897435897436,NA,20,"top20","eeg_tleft_sampent_full_change_precond;eeg_c_theta_mean_full_change_precond;eeg_tleft_halpha_mean_full_change_precond;gsr_skin_conductance_eda_tonic_mean_nk_full_change_precond;eeg_t_sampent_full_change_precond;pupil_dilation_sd_full_change_precond;eeg_pright_sampent_full_change_precond;eeg_fl_hbeta_mean_full_change_precond;eeg_tleft_lalpha_mean_full_change_precond;eeg_fm_theta_mean_full_change_precond;hr_heartrate_bpm_med_abs_full_change_precond;eeg_fr_sampent_full_change_precond;hrv_rmssd_full_change_precond;eeg_c_specent_full_change_precond;eeg_tright_halpha_mean_full_change_precond;eeg_c_sampent_full_change_precond;eeg_fm_sampent_full_change_precond;eeg_tleft_hbeta_mean_full_change_precond;eeg_pleft_halpha_mean_full_change_precond;eeg_pleft_lbeta_mean_full_change_precond"
2025-11-26 19:23:55.439455,39,"stress_label",20,128,0.125,0.634615384615385,0.685897435897436,NA,20,"top20","eeg_tleft_sampent_full_change_precond;eeg_c_theta_mean_full_change_precond;eeg_tleft_halpha_mean_full_change_precond;gsr_skin_conductance_eda_tonic_mean_nk_full_change_precond;eeg_t_sampent_full_change_precond;pupil_dilation_sd_full_change_precond;eeg_pright_sampent_full_change_precond;eeg_fl_hbeta_mean_full_change_precond;eeg_tleft_lalpha_mean_full_change_precond;eeg_fm_theta_mean_full_change_precond;hr_heartrate_bpm_med_abs_full_change_precond;eeg_fr_sampent_full_change_precond;hrv_rmssd_full_change_precond;eeg_c_specent_full_change_precond;eeg_tright_halpha_mean_full_change_precond;eeg_c_sampent_full_change_precond;eeg_fm_sampent_full_change_precond;eeg_tleft_hbeta_mean_full_change_precond;eeg_pleft_halpha_mean_full_change_precond;eeg_pleft_lbeta_mean_full_change_precond"
2025-11-26 19:23:56.440229,39,"stress_label",20,256,0.125,0.634615384615385,0.685897435897436,NA,20,"top20","eeg_tleft_sampent_full_change_precond;eeg_c_theta_mean_full_change_precond;eeg_tleft_halpha_mean_full_change_precond;gsr_skin_conductance_eda_tonic_mean_nk_full_change_precond;eeg_t_sampent_full_change_precond;pupil_dilation_sd_full_change_precond;eeg_pright_sampent_full_change_precond;eeg_fl_hbeta_mean_full_change_precond;eeg_tleft_lalpha_mean_full_change_precond;eeg_fm_theta_mean_full_change_precond;hr_heartrate_bpm_med_abs_full_change_precond;eeg_fr_sampent_full_change_precond;hrv_rmssd_full_change_precond;eeg_c_specent_full_change_precond;eeg_tright_halpha_mean_full_change_precond;eeg_c_sampent_full_change_precond;eeg_fm_sampent_full_change_precond;eeg_tleft_hbeta_mean_full_change_precond;eeg_pleft_halpha_mean_full_change_precond;eeg_pleft_lbeta_mean_full_change_precond"
2025-11-26 19:23:57.432915,39,"stress_label",20,2,0.03,0.564102564102564,0.608974358974359,0.554700854700855,20,"top20","eeg_tleft_sampent_full_change_precond;eeg_c_theta_mean_full_change_precond;eeg_tleft_halpha_mean_full_change_precond;gsr_skin_conductance_eda_tonic_mean_nk_full_change_precond;eeg_t_sampent_full_change_precond;pupil_dilation_sd_full_change_precond;eeg_pright_sampent_full_change_precond;eeg_fl_hbeta_mean_full_change_precond;eeg_tleft_lalpha_mean_full_change_precond;eeg_fm_theta_mean_full_change_precond;hr_heartrate_bpm_med_abs_full_change_precond;eeg_fr_sampent_full_change_precond;hrv_rmssd_full_change_precond;eeg_c_specent_full_change_precond;eeg_tright_halpha_mean_full_change_precond;eeg_c_sampent_full_change_precond;eeg_fm_sampent_full_change_precond;eeg_tleft_hbeta_mean_full_change_precond;eeg_pleft_halpha_mean_full_change_precond;eeg_pleft_lbeta_mean_full_change_precond"
2025-11-26 19:23:58.49203,39,"stress_label",20,4,0.03,0.58974358974359,0.621794871794872,0.575213675213675,20,"top20","eeg_tleft_sampent_full_change_precond;eeg_c_theta_mean_full_change_precond;eeg_tleft_halpha_mean_full_change_precond;gsr_skin_conductance_eda_tonic_mean_nk_full_change_precond;eeg_t_sampent_full_change_precond;pupil_dilation_sd_full_change_precond;eeg_pright_sampent_full_change_precond;eeg_fl_hbeta_mean_full_change_precond;eeg_tleft_lalpha_mean_full_change_precond;eeg_fm_theta_mean_full_change_precond;hr_heartrate_bpm_med_abs_full_change_precond;eeg_fr_sampent_full_change_precond;hrv_rmssd_full_change_precond;eeg_c_specent_full_change_precond;eeg_tright_halpha_mean_full_change_precond;eeg_c_sampent_full_change_precond;eeg_fm_sampent_full_change_precond;eeg_tleft_hbeta_mean_full_change_precond;eeg_pleft_halpha_mean_full_change_precond;eeg_pleft_lbeta_mean_full_change_precond"
2025-11-26 19:23:59.599137,39,"stress_label",20,8,0.03,0.583333333333333,0.58974358974359,NA,20,"top20","eeg_tleft_sampent_full_change_precond;eeg_c_theta_mean_full_change_precond;eeg_tleft_halpha_mean_full_change_precond;gsr_skin_conductance_eda_tonic_mean_nk_full_change_precond;eeg_t_sampent_full_change_precond;pupil_dilation_sd_full_change_precond;eeg_pright_sampent_full_change_precond;eeg_fl_hbeta_mean_full_change_precond;eeg_tleft_lalpha_mean_full_change_precond;eeg_fm_theta_mean_full_change_precond;hr_heartrate_bpm_med_abs_full_change_precond;eeg_fr_sampent_full_change_precond;hrv_rmssd_full_change_precond;eeg_c_specent_full_change_precond;eeg_tright_halpha_mean_full_change_precond;eeg_c_sampent_full_change_precond;eeg_fm_sampent_full_change_precond;eeg_tleft_hbeta_mean_full_change_precond;eeg_pleft_halpha_mean_full_change_precond;eeg_pleft_lbeta_mean_full_change_precond"
2025-11-26 19:24:00.756866,39,"stress_label",20,16,0.03,0.57051282051282,0.634615384615385,NA,20,"top20","eeg_tleft_sampent_full_change_precond;eeg_c_theta_mean_full_change_precond;eeg_tleft_halpha_mean_full_change_precond;gsr_skin_conductance_eda_tonic_mean_nk_full_change_precond;eeg_t_sampent_full_change_precond;pupil_dilation_sd_full_change_precond;eeg_pright_sampent_full_change_precond;eeg_fl_hbeta_mean_full_change_precond;eeg_tleft_lalpha_mean_full_change_precond;eeg_fm_theta_mean_full_change_precond;hr_heartrate_bpm_med_abs_full_change_precond;eeg_fr_sampent_full_change_precond;hrv_rmssd_full_change_precond;eeg_c_specent_full_change_precond;eeg_tright_halpha_mean_full_change_precond;eeg_c_sampent_full_change_precond;eeg_fm_sampent_full_change_precond;eeg_tleft_hbeta_mean_full_change_precond;eeg_pleft_halpha_mean_full_change_precond;eeg_pleft_lbeta_mean_full_change_precond"
2025-11-26 19:24:01.949795,39,"stress_label",20,32,0.03,0.615384615384615,0.634615384615385,NA,20,"top20","eeg_tleft_sampent_full_change_precond;eeg_c_theta_mean_full_change_precond;eeg_tleft_halpha_mean_full_change_precond;gsr_skin_conductance_eda_tonic_mean_nk_full_change_precond;eeg_t_sampent_full_change_precond;pupil_dilation_sd_full_change_precond;eeg_pright_sampent_full_change_precond;eeg_fl_hbeta_mean_full_change_precond;eeg_tleft_lalpha_mean_full_change_precond;eeg_fm_theta_mean_full_change_precond;hr_heartrate_bpm_med_abs_full_change_precond;eeg_fr_sampent_full_change_precond;hrv_rmssd_full_change_precond;eeg_c_specent_full_change_precond;eeg_tright_halpha_mean_full_change_precond;eeg_c_sampent_full_change_precond;eeg_fm_sampent_full_change_precond;eeg_tleft_hbeta_mean_full_change_precond;eeg_pleft_halpha_mean_full_change_precond;eeg_pleft_lbeta_mean_full_change_precond"
2025-11-26 19:24:03.135175,39,"stress_label",20,64,0.03,0.615384615384615,0.634615384615385,NA,20,"top20","eeg_tleft_sampent_full_change_precond;eeg_c_theta_mean_full_change_precond;eeg_tleft_halpha_mean_full_change_precond;gsr_skin_conductance_eda_tonic_mean_nk_full_change_precond;eeg_t_sampent_full_change_precond;pupil_dilation_sd_full_change_precond;eeg_pright_sampent_full_change_precond;eeg_fl_hbeta_mean_full_change_precond;eeg_tleft_lalpha_mean_full_change_precond;eeg_fm_theta_mean_full_change_precond;hr_heartrate_bpm_med_abs_full_change_precond;eeg_fr_sampent_full_change_precond;hrv_rmssd_full_change_precond;eeg_c_specent_full_change_precond;eeg_tright_halpha_mean_full_change_precond;eeg_c_sampent_full_change_precond;eeg_fm_sampent_full_change_precond;eeg_tleft_hbeta_mean_full_change_precond;eeg_pleft_halpha_mean_full_change_precond;eeg_pleft_lbeta_mean_full_change_precond"
2025-11-26 19:24:04.316198,39,"stress_label",20,128,0.03,0.615384615384615,0.634615384615385,NA,20,"top20","eeg_tleft_sampent_full_change_precond;eeg_c_theta_mean_full_change_precond;eeg_tleft_halpha_mean_full_change_precond;gsr_skin_conductance_eda_tonic_mean_nk_full_change_precond;eeg_t_sampent_full_change_precond;pupil_dilation_sd_full_change_precond;eeg_pright_sampent_full_change_precond;eeg_fl_hbeta_mean_full_change_precond;eeg_tleft_lalpha_mean_full_change_precond;eeg_fm_theta_mean_full_change_precond;hr_heartrate_bpm_med_abs_full_change_precond;eeg_fr_sampent_full_change_precond;hrv_rmssd_full_change_precond;eeg_c_specent_full_change_precond;eeg_tright_halpha_mean_full_change_precond;eeg_c_sampent_full_change_precond;eeg_fm_sampent_full_change_precond;eeg_tleft_hbeta_mean_full_change_precond;eeg_pleft_halpha_mean_full_change_precond;eeg_pleft_lbeta_mean_full_change_precond"
2025-11-26 19:24:05.524887,39,"stress_label",20,256,0.03,0.615384615384615,0.634615384615385,NA,20,"top20","eeg_tleft_sampent_full_change_precond;eeg_c_theta_mean_full_change_precond;eeg_tleft_halpha_mean_full_change_precond;gsr_skin_conductance_eda_tonic_mean_nk_full_change_precond;eeg_t_sampent_full_change_precond;pupil_dilation_sd_full_change_precond;eeg_pright_sampent_full_change_precond;eeg_fl_hbeta_mean_full_change_precond;eeg_tleft_lalpha_mean_full_change_precond;eeg_fm_theta_mean_full_change_precond;hr_heartrate_bpm_med_abs_full_change_precond;eeg_fr_sampent_full_change_precond;hrv_rmssd_full_change_precond;eeg_c_specent_full_change_precond;eeg_tright_halpha_mean_full_change_precond;eeg_c_sampent_full_change_precond;eeg_fm_sampent_full_change_precond;eeg_tleft_hbeta_mean_full_change_precond;eeg_pleft_halpha_mean_full_change_precond;eeg_pleft_lbeta_mean_full_change_precond"
2025-11-26 19:24:06.537343,39,"stress_label",20,2,0.06,0.596153846153846,0.602564102564103,NA,20,"top20","eeg_tleft_sampent_full_change_precond;eeg_c_theta_mean_full_change_precond;eeg_tleft_halpha_mean_full_change_precond;gsr_skin_conductance_eda_tonic_mean_nk_full_change_precond;eeg_t_sampent_full_change_precond;pupil_dilation_sd_full_change_precond;eeg_pright_sampent_full_change_precond;eeg_fl_hbeta_mean_full_change_precond;eeg_tleft_lalpha_mean_full_change_precond;eeg_fm_theta_mean_full_change_precond;hr_heartrate_bpm_med_abs_full_change_precond;eeg_fr_sampent_full_change_precond;hrv_rmssd_full_change_precond;eeg_c_specent_full_change_precond;eeg_tright_halpha_mean_full_change_precond;eeg_c_sampent_full_change_precond;eeg_fm_sampent_full_change_precond;eeg_tleft_hbeta_mean_full_change_precond;eeg_pleft_halpha_mean_full_change_precond;eeg_pleft_lbeta_mean_full_change_precond"
2025-11-26 19:24:07.594115,39,"stress_label",20,4,0.06,0.608974358974359,0.608974358974359,NA,20,"top20","eeg_tleft_sampent_full_change_precond;eeg_c_theta_mean_full_change_precond;eeg_tleft_halpha_mean_full_change_precond;gsr_skin_conductance_eda_tonic_mean_nk_full_change_precond;eeg_t_sampent_full_change_precond;pupil_dilation_sd_full_change_precond;eeg_pright_sampent_full_change_precond;eeg_fl_hbeta_mean_full_change_precond;eeg_tleft_lalpha_mean_full_change_precond;eeg_fm_theta_mean_full_change_precond;hr_heartrate_bpm_med_abs_full_change_precond;eeg_fr_sampent_full_change_precond;hrv_rmssd_full_change_precond;eeg_c_specent_full_change_precond;eeg_tright_halpha_mean_full_change_precond;eeg_c_sampent_full_change_precond;eeg_fm_sampent_full_change_precond;eeg_tleft_hbeta_mean_full_change_precond;eeg_pleft_halpha_mean_full_change_precond;eeg_pleft_lbeta_mean_full_change_precond"
2025-11-26 19:24:08.592542,39,"stress_label",20,8,0.06,0.634615384615385,0.647435897435897,NA,20,"top20","eeg_tleft_sampent_full_change_precond;eeg_c_theta_mean_full_change_precond;eeg_tleft_halpha_mean_full_change_precond;gsr_skin_conductance_eda_tonic_mean_nk_full_change_precond;eeg_t_sampent_full_change_precond;pupil_dilation_sd_full_change_precond;eeg_pright_sampent_full_change_precond;eeg_fl_hbeta_mean_full_change_precond;eeg_tleft_lalpha_mean_full_change_precond;eeg_fm_theta_mean_full_change_precond;hr_heartrate_bpm_med_abs_full_change_precond;eeg_fr_sampent_full_change_precond;hrv_rmssd_full_change_precond;eeg_c_specent_full_change_precond;eeg_tright_halpha_mean_full_change_precond;eeg_c_sampent_full_change_precond;eeg_fm_sampent_full_change_precond;eeg_tleft_hbeta_mean_full_change_precond;eeg_pleft_halpha_mean_full_change_precond;eeg_pleft_lbeta_mean_full_change_precond"
2025-11-26 19:24:09.735741,39,"stress_label",20,16,0.06,0.641025641025641,0.653846153846154,NA,20,"top20","eeg_tleft_sampent_full_change_precond;eeg_c_theta_mean_full_change_precond;eeg_tleft_halpha_mean_full_change_precond;gsr_skin_conductance_eda_tonic_mean_nk_full_change_precond;eeg_t_sampent_full_change_precond;pupil_dilation_sd_full_change_precond;eeg_pright_sampent_full_change_precond;eeg_fl_hbeta_mean_full_change_precond;eeg_tleft_lalpha_mean_full_change_precond;eeg_fm_theta_mean_full_change_precond;hr_heartrate_bpm_med_abs_full_change_precond;eeg_fr_sampent_full_change_precond;hrv_rmssd_full_change_precond;eeg_c_specent_full_change_precond;eeg_tright_halpha_mean_full_change_precond;eeg_c_sampent_full_change_precond;eeg_fm_sampent_full_change_precond;eeg_tleft_hbeta_mean_full_change_precond;eeg_pleft_halpha_mean_full_change_precond;eeg_pleft_lbeta_mean_full_change_precond"
2025-11-26 19:24:10.875946,39,"stress_label",20,32,0.06,0.641025641025641,0.653846153846154,NA,20,"top20","eeg_tleft_sampent_full_change_precond;eeg_c_theta_mean_full_change_precond;eeg_tleft_halpha_mean_full_change_precond;gsr_skin_conductance_eda_tonic_mean_nk_full_change_precond;eeg_t_sampent_full_change_precond;pupil_dilation_sd_full_change_precond;eeg_pright_sampent_full_change_precond;eeg_fl_hbeta_mean_full_change_precond;eeg_tleft_lalpha_mean_full_change_precond;eeg_fm_theta_mean_full_change_precond;hr_heartrate_bpm_med_abs_full_change_precond;eeg_fr_sampent_full_change_precond;hrv_rmssd_full_change_precond;eeg_c_specent_full_change_precond;eeg_tright_halpha_mean_full_change_precond;eeg_c_sampent_full_change_precond;eeg_fm_sampent_full_change_precond;eeg_tleft_hbeta_mean_full_change_precond;eeg_pleft_halpha_mean_full_change_precond;eeg_pleft_lbeta_mean_full_change_precond"
2025-11-26 19:24:12.026529,39,"stress_label",20,64,0.06,0.641025641025641,0.653846153846154,NA,20,"top20","eeg_tleft_sampent_full_change_precond;eeg_c_theta_mean_full_change_precond;eeg_tleft_halpha_mean_full_change_precond;gsr_skin_conductance_eda_tonic_mean_nk_full_change_precond;eeg_t_sampent_full_change_precond;pupil_dilation_sd_full_change_precond;eeg_pright_sampent_full_change_precond;eeg_fl_hbeta_mean_full_change_precond;eeg_tleft_lalpha_mean_full_change_precond;eeg_fm_theta_mean_full_change_precond;hr_heartrate_bpm_med_abs_full_change_precond;eeg_fr_sampent_full_change_precond;hrv_rmssd_full_change_precond;eeg_c_specent_full_change_precond;eeg_tright_halpha_mean_full_change_precond;eeg_c_sampent_full_change_precond;eeg_fm_sampent_full_change_precond;eeg_tleft_hbeta_mean_full_change_precond;eeg_pleft_halpha_mean_full_change_precond;eeg_pleft_lbeta_mean_full_change_precond"
2025-11-26 19:24:13.193936,39,"stress_label",20,128,0.06,0.641025641025641,0.653846153846154,NA,20,"top20","eeg_tleft_sampent_full_change_precond;eeg_c_theta_mean_full_change_precond;eeg_tleft_halpha_mean_full_change_precond;gsr_skin_conductance_eda_tonic_mean_nk_full_change_precond;eeg_t_sampent_full_change_precond;pupil_dilation_sd_full_change_precond;eeg_pright_sampent_full_change_precond;eeg_fl_hbeta_mean_full_change_precond;eeg_tleft_lalpha_mean_full_change_precond;eeg_fm_theta_mean_full_change_precond;hr_heartrate_bpm_med_abs_full_change_precond;eeg_fr_sampent_full_change_precond;hrv_rmssd_full_change_precond;eeg_c_specent_full_change_precond;eeg_tright_halpha_mean_full_change_precond;eeg_c_sampent_full_change_precond;eeg_fm_sampent_full_change_precond;eeg_tleft_hbeta_mean_full_change_precond;eeg_pleft_halpha_mean_full_change_precond;eeg_pleft_lbeta_mean_full_change_precond"
2025-11-26 19:24:14.277547,39,"stress_label",20,256,0.06,0.641025641025641,0.653846153846154,NA,20,"top20","eeg_tleft_sampent_full_change_precond;eeg_c_theta_mean_full_change_precond;eeg_tleft_halpha_mean_full_change_precond;gsr_skin_conductance_eda_tonic_mean_nk_full_change_precond;eeg_t_sampent_full_change_precond;pupil_dilation_sd_full_change_precond;eeg_pright_sampent_full_change_precond;eeg_fl_hbeta_mean_full_change_precond;eeg_tleft_lalpha_mean_full_change_precond;eeg_fm_theta_mean_full_change_precond;hr_heartrate_bpm_med_abs_full_change_precond;eeg_fr_sampent_full_change_precond;hrv_rmssd_full_change_precond;eeg_c_specent_full_change_precond;eeg_tright_halpha_mean_full_change_precond;eeg_c_sampent_full_change_precond;eeg_fm_sampent_full_change_precond;eeg_tleft_hbeta_mean_full_change_precond;eeg_pleft_halpha_mean_full_change_precond;eeg_pleft_lbeta_mean_full_change_precond"
2025-11-26 19:24:15.421093,39,"stress_label",20,2,0.1,0.608974358974359,0.641025641025641,NA,20,"top20","eeg_tleft_sampent_full_change_precond;eeg_c_theta_mean_full_change_precond;eeg_tleft_halpha_mean_full_change_precond;gsr_skin_conductance_eda_tonic_mean_nk_full_change_precond;eeg_t_sampent_full_change_precond;pupil_dilation_sd_full_change_precond;eeg_pright_sampent_full_change_precond;eeg_fl_hbeta_mean_full_change_precond;eeg_tleft_lalpha_mean_full_change_precond;eeg_fm_theta_mean_full_change_precond;hr_heartrate_bpm_med_abs_full_change_precond;eeg_fr_sampent_full_change_precond;hrv_rmssd_full_change_precond;eeg_c_specent_full_change_precond;eeg_tright_halpha_mean_full_change_precond;eeg_c_sampent_full_change_precond;eeg_fm_sampent_full_change_precond;eeg_tleft_hbeta_mean_full_change_precond;eeg_pleft_halpha_mean_full_change_precond;eeg_pleft_lbeta_mean_full_change_precond"
2025-11-26 19:24:16.809125,39,"stress_label",20,4,0.1,0.634615384615385,0.67948717948718,NA,20,"top20","eeg_tleft_sampent_full_change_precond;eeg_c_theta_mean_full_change_precond;eeg_tleft_halpha_mean_full_change_precond;gsr_skin_conductance_eda_tonic_mean_nk_full_change_precond;eeg_t_sampent_full_change_precond;pupil_dilation_sd_full_change_precond;eeg_pright_sampent_full_change_precond;eeg_fl_hbeta_mean_full_change_precond;eeg_tleft_lalpha_mean_full_change_precond;eeg_fm_theta_mean_full_change_precond;hr_heartrate_bpm_med_abs_full_change_precond;eeg_fr_sampent_full_change_precond;hrv_rmssd_full_change_precond;eeg_c_specent_full_change_precond;eeg_tright_halpha_mean_full_change_precond;eeg_c_sampent_full_change_precond;eeg_fm_sampent_full_change_precond;eeg_tleft_hbeta_mean_full_change_precond;eeg_pleft_halpha_mean_full_change_precond;eeg_pleft_lbeta_mean_full_change_precond"
2025-11-26 19:24:17.933774,39,"stress_label",20,8,0.1,0.647435897435897,0.67948717948718,NA,20,"top20","eeg_tleft_sampent_full_change_precond;eeg_c_theta_mean_full_change_precond;eeg_tleft_halpha_mean_full_change_precond;gsr_skin_conductance_eda_tonic_mean_nk_full_change_precond;eeg_t_sampent_full_change_precond;pupil_dilation_sd_full_change_precond;eeg_pright_sampent_full_change_precond;eeg_fl_hbeta_mean_full_change_precond;eeg_tleft_lalpha_mean_full_change_precond;eeg_fm_theta_mean_full_change_precond;hr_heartrate_bpm_med_abs_full_change_precond;eeg_fr_sampent_full_change_precond;hrv_rmssd_full_change_precond;eeg_c_specent_full_change_precond;eeg_tright_halpha_mean_full_change_precond;eeg_c_sampent_full_change_precond;eeg_fm_sampent_full_change_precond;eeg_tleft_hbeta_mean_full_change_precond;eeg_pleft_halpha_mean_full_change_precond;eeg_pleft_lbeta_mean_full_change_precond"
2025-11-26 19:24:19.050154,39,"stress_label",20,16,0.1,0.647435897435897,0.67948717948718,NA,20,"top20","eeg_tleft_sampent_full_change_precond;eeg_c_theta_mean_full_change_precond;eeg_tleft_halpha_mean_full_change_precond;gsr_skin_conductance_eda_tonic_mean_nk_full_change_precond;eeg_t_sampent_full_change_precond;pupil_dilation_sd_full_change_precond;eeg_pright_sampent_full_change_precond;eeg_fl_hbeta_mean_full_change_precond;eeg_tleft_lalpha_mean_full_change_precond;eeg_fm_theta_mean_full_change_precond;hr_heartrate_bpm_med_abs_full_change_precond;eeg_fr_sampent_full_change_precond;hrv_rmssd_full_change_precond;eeg_c_specent_full_change_precond;eeg_tright_halpha_mean_full_change_precond;eeg_c_sampent_full_change_precond;eeg_fm_sampent_full_change_precond;eeg_tleft_hbeta_mean_full_change_precond;eeg_pleft_halpha_mean_full_change_precond;eeg_pleft_lbeta_mean_full_change_precond"
2025-11-26 19:24:20.142452,39,"stress_label",20,32,0.1,0.647435897435897,0.67948717948718,NA,20,"top20","eeg_tleft_sampent_full_change_precond;eeg_c_theta_mean_full_change_precond;eeg_tleft_halpha_mean_full_change_precond;gsr_skin_conductance_eda_tonic_mean_nk_full_change_precond;eeg_t_sampent_full_change_precond;pupil_dilation_sd_full_change_precond;eeg_pright_sampent_full_change_precond;eeg_fl_hbeta_mean_full_change_precond;eeg_tleft_lalpha_mean_full_change_precond;eeg_fm_theta_mean_full_change_precond;hr_heartrate_bpm_med_abs_full_change_precond;eeg_fr_sampent_full_change_precond;hrv_rmssd_full_change_precond;eeg_c_specent_full_change_precond;eeg_tright_halpha_mean_full_change_precond;eeg_c_sampent_full_change_precond;eeg_fm_sampent_full_change_precond;eeg_tleft_hbeta_mean_full_change_precond;eeg_pleft_halpha_mean_full_change_precond;eeg_pleft_lbeta_mean_full_change_precond"
2025-11-26 19:24:21.277091,39,"stress_label",20,64,0.1,0.647435897435897,0.67948717948718,NA,20,"top20","eeg_tleft_sampent_full_change_precond;eeg_c_theta_mean_full_change_precond;eeg_tleft_halpha_mean_full_change_precond;gsr_skin_conductance_eda_tonic_mean_nk_full_change_precond;eeg_t_sampent_full_change_precond;pupil_dilation_sd_full_change_precond;eeg_pright_sampent_full_change_precond;eeg_fl_hbeta_mean_full_change_precond;eeg_tleft_lalpha_mean_full_change_precond;eeg_fm_theta_mean_full_change_precond;hr_heartrate_bpm_med_abs_full_change_precond;eeg_fr_sampent_full_change_precond;hrv_rmssd_full_change_precond;eeg_c_specent_full_change_precond;eeg_tright_halpha_mean_full_change_precond;eeg_c_sampent_full_change_precond;eeg_fm_sampent_full_change_precond;eeg_tleft_hbeta_mean_full_change_precond;eeg_pleft_halpha_mean_full_change_precond;eeg_pleft_lbeta_mean_full_change_precond"
2025-11-26 19:24:22.409019,39,"stress_label",20,128,0.1,0.647435897435897,0.67948717948718,NA,20,"top20","eeg_tleft_sampent_full_change_precond;eeg_c_theta_mean_full_change_precond;eeg_tleft_halpha_mean_full_change_precond;gsr_skin_conductance_eda_tonic_mean_nk_full_change_precond;eeg_t_sampent_full_change_precond;pupil_dilation_sd_full_change_precond;eeg_pright_sampent_full_change_precond;eeg_fl_hbeta_mean_full_change_precond;eeg_tleft_lalpha_mean_full_change_precond;eeg_fm_theta_mean_full_change_precond;hr_heartrate_bpm_med_abs_full_change_precond;eeg_fr_sampent_full_change_precond;hrv_rmssd_full_change_precond;eeg_c_specent_full_change_precond;eeg_tright_halpha_mean_full_change_precond;eeg_c_sampent_full_change_precond;eeg_fm_sampent_full_change_precond;eeg_tleft_hbeta_mean_full_change_precond;eeg_pleft_halpha_mean_full_change_precond;eeg_pleft_lbeta_mean_full_change_precond"
2025-11-26 19:24:23.497018,39,"stress_label",20,256,0.1,0.647435897435897,0.67948717948718,NA,20,"top20","eeg_tleft_sampent_full_change_precond;eeg_c_theta_mean_full_change_precond;eeg_tleft_halpha_mean_full_change_precond;gsr_skin_conductance_eda_tonic_mean_nk_full_change_precond;eeg_t_sampent_full_change_precond;pupil_dilation_sd_full_change_precond;eeg_pright_sampent_full_change_precond;eeg_fl_hbeta_mean_full_change_precond;eeg_tleft_lalpha_mean_full_change_precond;eeg_fm_theta_mean_full_change_precond;hr_heartrate_bpm_med_abs_full_change_precond;eeg_fr_sampent_full_change_precond;hrv_rmssd_full_change_precond;eeg_c_specent_full_change_precond;eeg_tright_halpha_mean_full_change_precond;eeg_c_sampent_full_change_precond;eeg_fm_sampent_full_change_precond;eeg_tleft_hbeta_mean_full_change_precond;eeg_pleft_halpha_mean_full_change_precond;eeg_pleft_lbeta_mean_full_change_precond"
2025-11-26 19:24:24.346781,39,"stress_label",10,2,0.0078125,0.596153846153846,0.615384615384615,0.574358974358974,10,"top10","eeg_tleft_sampent_full_change_precond;eeg_c_theta_mean_full_change_precond;eeg_tleft_halpha_mean_full_change_precond;gsr_skin_conductance_eda_tonic_mean_nk_full_change_precond;eeg_t_sampent_full_change_precond;pupil_dilation_sd_full_change_precond;eeg_pright_sampent_full_change_precond;eeg_fl_hbeta_mean_full_change_precond;eeg_tleft_lalpha_mean_full_change_precond;eeg_fm_theta_mean_full_change_precond"
2025-11-26 19:24:25.203866,39,"stress_label",10,4,0.0078125,0.576923076923077,0.58974358974359,0.553846153846154,10,"top10","eeg_tleft_sampent_full_change_precond;eeg_c_theta_mean_full_change_precond;eeg_tleft_halpha_mean_full_change_precond;gsr_skin_conductance_eda_tonic_mean_nk_full_change_precond;eeg_t_sampent_full_change_precond;pupil_dilation_sd_full_change_precond;eeg_pright_sampent_full_change_precond;eeg_fl_hbeta_mean_full_change_precond;eeg_tleft_lalpha_mean_full_change_precond;eeg_fm_theta_mean_full_change_precond"
2025-11-26 19:24:25.950488,39,"stress_label",10,8,0.0078125,0.576923076923077,0.57051282051282,0.547863247863248,10,"top10","eeg_tleft_sampent_full_change_precond;eeg_c_theta_mean_full_change_precond;eeg_tleft_halpha_mean_full_change_precond;gsr_skin_conductance_eda_tonic_mean_nk_full_change_precond;eeg_t_sampent_full_change_precond;pupil_dilation_sd_full_change_precond;eeg_pright_sampent_full_change_precond;eeg_fl_hbeta_mean_full_change_precond;eeg_tleft_lalpha_mean_full_change_precond;eeg_fm_theta_mean_full_change_precond"
2025-11-26 19:24:26.781937,39,"stress_label",10,16,0.0078125,0.583333333333333,0.608974358974359,0.556410256410256,10,"top10","eeg_tleft_sampent_full_change_precond;eeg_c_theta_mean_full_change_precond;eeg_tleft_halpha_mean_full_change_precond;gsr_skin_conductance_eda_tonic_mean_nk_full_change_precond;eeg_t_sampent_full_change_precond;pupil_dilation_sd_full_change_precond;eeg_pright_sampent_full_change_precond;eeg_fl_hbeta_mean_full_change_precond;eeg_tleft_lalpha_mean_full_change_precond;eeg_fm_theta_mean_full_change_precond"
2025-11-26 19:24:27.645607,39,"stress_label",10,32,0.0078125,0.58974358974359,0.608974358974359,0.569230769230769,10,"top10","eeg_tleft_sampent_full_change_precond;eeg_c_theta_mean_full_change_precond;eeg_tleft_halpha_mean_full_change_precond;gsr_skin_conductance_eda_tonic_mean_nk_full_change_precond;eeg_t_sampent_full_change_precond;pupil_dilation_sd_full_change_precond;eeg_pright_sampent_full_change_precond;eeg_fl_hbeta_mean_full_change_precond;eeg_tleft_lalpha_mean_full_change_precond;eeg_fm_theta_mean_full_change_precond"
2025-11-26 19:24:28.468324,39,"stress_label",10,64,0.0078125,0.583333333333333,0.602564102564103,0.568376068376068,10,"top10","eeg_tleft_sampent_full_change_precond;eeg_c_theta_mean_full_change_precond;eeg_tleft_halpha_mean_full_change_precond;gsr_skin_conductance_eda_tonic_mean_nk_full_change_precond;eeg_t_sampent_full_change_precond;pupil_dilation_sd_full_change_precond;eeg_pright_sampent_full_change_precond;eeg_fl_hbeta_mean_full_change_precond;eeg_tleft_lalpha_mean_full_change_precond;eeg_fm_theta_mean_full_change_precond"
2025-11-26 19:24:29.288002,39,"stress_label",10,128,0.0078125,0.602564102564103,0.583333333333333,NA,10,"top10","eeg_tleft_sampent_full_change_precond;eeg_c_theta_mean_full_change_precond;eeg_tleft_halpha_mean_full_change_precond;gsr_skin_conductance_eda_tonic_mean_nk_full_change_precond;eeg_t_sampent_full_change_precond;pupil_dilation_sd_full_change_precond;eeg_pright_sampent_full_change_precond;eeg_fl_hbeta_mean_full_change_precond;eeg_tleft_lalpha_mean_full_change_precond;eeg_fm_theta_mean_full_change_precond"
2025-11-26 19:24:30.348465,39,"stress_label",10,256,0.0078125,0.602564102564103,0.602564102564103,NA,10,"top10","eeg_tleft_sampent_full_change_precond;eeg_c_theta_mean_full_change_precond;eeg_tleft_halpha_mean_full_change_precond;gsr_skin_conductance_eda_tonic_mean_nk_full_change_precond;eeg_t_sampent_full_change_precond;pupil_dilation_sd_full_change_precond;eeg_pright_sampent_full_change_precond;eeg_fl_hbeta_mean_full_change_precond;eeg_tleft_lalpha_mean_full_change_precond;eeg_fm_theta_mean_full_change_precond"
2025-11-26 19:24:30.992453,39,"stress_label",10,2,0.015625,0.583333333333333,0.58974358974359,0.564102564102564,10,"top10","eeg_tleft_sampent_full_change_precond;eeg_c_theta_mean_full_change_precond;eeg_tleft_halpha_mean_full_change_precond;gsr_skin_conductance_eda_tonic_mean_nk_full_change_precond;eeg_t_sampent_full_change_precond;pupil_dilation_sd_full_change_precond;eeg_pright_sampent_full_change_precond;eeg_fl_hbeta_mean_full_change_precond;eeg_tleft_lalpha_mean_full_change_precond;eeg_fm_theta_mean_full_change_precond"
2025-11-26 19:24:31.683494,39,"stress_label",10,4,0.015625,0.57051282051282,0.57051282051282,0.530769230769231,10,"top10","eeg_tleft_sampent_full_change_precond;eeg_c_theta_mean_full_change_precond;eeg_tleft_halpha_mean_full_change_precond;gsr_skin_conductance_eda_tonic_mean_nk_full_change_precond;eeg_t_sampent_full_change_precond;pupil_dilation_sd_full_change_precond;eeg_pright_sampent_full_change_precond;eeg_fl_hbeta_mean_full_change_precond;eeg_tleft_lalpha_mean_full_change_precond;eeg_fm_theta_mean_full_change_precond"
2025-11-26 19:24:32.549923,39,"stress_label",10,8,0.015625,0.57051282051282,0.621794871794872,NA,10,"top10","eeg_tleft_sampent_full_change_precond;eeg_c_theta_mean_full_change_precond;eeg_tleft_halpha_mean_full_change_precond;gsr_skin_conductance_eda_tonic_mean_nk_full_change_precond;eeg_t_sampent_full_change_precond;pupil_dilation_sd_full_change_precond;eeg_pright_sampent_full_change_precond;eeg_fl_hbeta_mean_full_change_precond;eeg_tleft_lalpha_mean_full_change_precond;eeg_fm_theta_mean_full_change_precond"
2025-11-26 19:24:33.382073,39,"stress_label",10,16,0.015625,0.564102564102564,0.602564102564103,0.548717948717949,10,"top10","eeg_tleft_sampent_full_change_precond;eeg_c_theta_mean_full_change_precond;eeg_tleft_halpha_mean_full_change_precond;gsr_skin_conductance_eda_tonic_mean_nk_full_change_precond;eeg_t_sampent_full_change_precond;pupil_dilation_sd_full_change_precond;eeg_pright_sampent_full_change_precond;eeg_fl_hbeta_mean_full_change_precond;eeg_tleft_lalpha_mean_full_change_precond;eeg_fm_theta_mean_full_change_precond"
2025-11-26 19:24:34.16641,39,"stress_label",10,32,0.015625,0.576923076923077,0.602564102564103,NA,10,"top10","eeg_tleft_sampent_full_change_precond;eeg_c_theta_mean_full_change_precond;eeg_tleft_halpha_mean_full_change_precond;gsr_skin_conductance_eda_tonic_mean_nk_full_change_precond;eeg_t_sampent_full_change_precond;pupil_dilation_sd_full_change_precond;eeg_pright_sampent_full_change_precond;eeg_fl_hbeta_mean_full_change_precond;eeg_tleft_lalpha_mean_full_change_precond;eeg_fm_theta_mean_full_change_precond"
2025-11-26 19:24:34.953207,39,"stress_label",10,64,0.015625,0.576923076923077,0.576923076923077,NA,10,"top10","eeg_tleft_sampent_full_change_precond;eeg_c_theta_mean_full_change_precond;eeg_tleft_halpha_mean_full_change_precond;gsr_skin_conductance_eda_tonic_mean_nk_full_change_precond;eeg_t_sampent_full_change_precond;pupil_dilation_sd_full_change_precond;eeg_pright_sampent_full_change_precond;eeg_fl_hbeta_mean_full_change_precond;eeg_tleft_lalpha_mean_full_change_precond;eeg_fm_theta_mean_full_change_precond"
2025-11-26 19:24:35.754707,39,"stress_label",10,128,0.015625,0.583333333333333,0.621794871794872,NA,10,"top10","eeg_tleft_sampent_full_change_precond;eeg_c_theta_mean_full_change_precond;eeg_tleft_halpha_mean_full_change_precond;gsr_skin_conductance_eda_tonic_mean_nk_full_change_precond;eeg_t_sampent_full_change_precond;pupil_dilation_sd_full_change_precond;eeg_pright_sampent_full_change_precond;eeg_fl_hbeta_mean_full_change_precond;eeg_tleft_lalpha_mean_full_change_precond;eeg_fm_theta_mean_full_change_precond"
2025-11-26 19:24:36.891042,39,"stress_label",10,256,0.015625,0.551282051282051,0.596153846153846,NA,10,"top10","eeg_tleft_sampent_full_change_precond;eeg_c_theta_mean_full_change_precond;eeg_tleft_halpha_mean_full_change_precond;gsr_skin_conductance_eda_tonic_mean_nk_full_change_precond;eeg_t_sampent_full_change_precond;pupil_dilation_sd_full_change_precond;eeg_pright_sampent_full_change_precond;eeg_fl_hbeta_mean_full_change_precond;eeg_tleft_lalpha_mean_full_change_precond;eeg_fm_theta_mean_full_change_precond"
2025-11-26 19:24:37.673543,39,"stress_label",10,2,0.03125,0.57051282051282,0.57051282051282,NA,10,"top10","eeg_tleft_sampent_full_change_precond;eeg_c_theta_mean_full_change_precond;eeg_tleft_halpha_mean_full_change_precond;gsr_skin_conductance_eda_tonic_mean_nk_full_change_precond;eeg_t_sampent_full_change_precond;pupil_dilation_sd_full_change_precond;eeg_pright_sampent_full_change_precond;eeg_fl_hbeta_mean_full_change_precond;eeg_tleft_lalpha_mean_full_change_precond;eeg_fm_theta_mean_full_change_precond"
2025-11-26 19:24:38.547375,39,"stress_label",10,4,0.03125,0.583333333333333,0.602564102564103,0.552991452991453,10,"top10","eeg_tleft_sampent_full_change_precond;eeg_c_theta_mean_full_change_precond;eeg_tleft_halpha_mean_full_change_precond;gsr_skin_conductance_eda_tonic_mean_nk_full_change_precond;eeg_t_sampent_full_change_precond;pupil_dilation_sd_full_change_precond;eeg_pright_sampent_full_change_precond;eeg_fl_hbeta_mean_full_change_precond;eeg_tleft_lalpha_mean_full_change_precond;eeg_fm_theta_mean_full_change_precond"
2025-11-26 19:24:39.43871,39,"stress_label",10,8,0.03125,0.602564102564103,0.58974358974359,0.58974358974359,10,"top10","eeg_tleft_sampent_full_change_precond;eeg_c_theta_mean_full_change_precond;eeg_tleft_halpha_mean_full_change_precond;gsr_skin_conductance_eda_tonic_mean_nk_full_change_precond;eeg_t_sampent_full_change_precond;pupil_dilation_sd_full_change_precond;eeg_pright_sampent_full_change_precond;eeg_fl_hbeta_mean_full_change_precond;eeg_tleft_lalpha_mean_full_change_precond;eeg_fm_theta_mean_full_change_precond"
2025-11-26 19:24:40.298765,39,"stress_label",10,16,0.03125,0.583333333333333,0.608974358974359,NA,10,"top10","eeg_tleft_sampent_full_change_precond;eeg_c_theta_mean_full_change_precond;eeg_tleft_halpha_mean_full_change_precond;gsr_skin_conductance_eda_tonic_mean_nk_full_change_precond;eeg_t_sampent_full_change_precond;pupil_dilation_sd_full_change_precond;eeg_pright_sampent_full_change_precond;eeg_fl_hbeta_mean_full_change_precond;eeg_tleft_lalpha_mean_full_change_precond;eeg_fm_theta_mean_full_change_precond"
2025-11-26 19:24:41.181466,39,"stress_label",10,32,0.03125,0.57051282051282,0.634615384615385,NA,10,"top10","eeg_tleft_sampent_full_change_precond;eeg_c_theta_mean_full_change_precond;eeg_tleft_halpha_mean_full_change_precond;gsr_skin_conductance_eda_tonic_mean_nk_full_change_precond;eeg_t_sampent_full_change_precond;pupil_dilation_sd_full_change_precond;eeg_pright_sampent_full_change_precond;eeg_fl_hbeta_mean_full_change_precond;eeg_tleft_lalpha_mean_full_change_precond;eeg_fm_theta_mean_full_change_precond"
2025-11-26 19:24:42.020436,39,"stress_label",10,64,0.03125,0.551282051282051,0.608974358974359,NA,10,"top10","eeg_tleft_sampent_full_change_precond;eeg_c_theta_mean_full_change_precond;eeg_tleft_halpha_mean_full_change_precond;gsr_skin_conductance_eda_tonic_mean_nk_full_change_precond;eeg_t_sampent_full_change_precond;pupil_dilation_sd_full_change_precond;eeg_pright_sampent_full_change_precond;eeg_fl_hbeta_mean_full_change_precond;eeg_tleft_lalpha_mean_full_change_precond;eeg_fm_theta_mean_full_change_precond"
2025-11-26 19:24:43.148387,39,"stress_label",10,128,0.03125,0.557692307692308,0.576923076923077,NA,10,"top10","eeg_tleft_sampent_full_change_precond;eeg_c_theta_mean_full_change_precond;eeg_tleft_halpha_mean_full_change_precond;gsr_skin_conductance_eda_tonic_mean_nk_full_change_precond;eeg_t_sampent_full_change_precond;pupil_dilation_sd_full_change_precond;eeg_pright_sampent_full_change_precond;eeg_fl_hbeta_mean_full_change_precond;eeg_tleft_lalpha_mean_full_change_precond;eeg_fm_theta_mean_full_change_precond"
2025-11-26 19:24:44.585744,39,"stress_label",10,256,0.03125,0.544871794871795,0.525641025641026,NA,10,"top10","eeg_tleft_sampent_full_change_precond;eeg_c_theta_mean_full_change_precond;eeg_tleft_halpha_mean_full_change_precond;gsr_skin_conductance_eda_tonic_mean_nk_full_change_precond;eeg_t_sampent_full_change_precond;pupil_dilation_sd_full_change_precond;eeg_pright_sampent_full_change_precond;eeg_fl_hbeta_mean_full_change_precond;eeg_tleft_lalpha_mean_full_change_precond;eeg_fm_theta_mean_full_change_precond"
2025-11-26 19:24:45.467469,39,"stress_label",10,2,0.0625,0.608974358974359,0.58974358974359,NA,10,"top10","eeg_tleft_sampent_full_change_precond;eeg_c_theta_mean_full_change_precond;eeg_tleft_halpha_mean_full_change_precond;gsr_skin_conductance_eda_tonic_mean_nk_full_change_precond;eeg_t_sampent_full_change_precond;pupil_dilation_sd_full_change_precond;eeg_pright_sampent_full_change_precond;eeg_fl_hbeta_mean_full_change_precond;eeg_tleft_lalpha_mean_full_change_precond;eeg_fm_theta_mean_full_change_precond"
2025-11-26 19:24:46.369423,39,"stress_label",10,4,0.0625,0.576923076923077,0.58974358974359,NA,10,"top10","eeg_tleft_sampent_full_change_precond;eeg_c_theta_mean_full_change_precond;eeg_tleft_halpha_mean_full_change_precond;gsr_skin_conductance_eda_tonic_mean_nk_full_change_precond;eeg_t_sampent_full_change_precond;pupil_dilation_sd_full_change_precond;eeg_pright_sampent_full_change_precond;eeg_fl_hbeta_mean_full_change_precond;eeg_tleft_lalpha_mean_full_change_precond;eeg_fm_theta_mean_full_change_precond"
2025-11-26 19:24:47.122311,39,"stress_label",10,8,0.0625,0.564102564102564,0.596153846153846,NA,10,"top10","eeg_tleft_sampent_full_change_precond;eeg_c_theta_mean_full_change_precond;eeg_tleft_halpha_mean_full_change_precond;gsr_skin_conductance_eda_tonic_mean_nk_full_change_precond;eeg_t_sampent_full_change_precond;pupil_dilation_sd_full_change_precond;eeg_pright_sampent_full_change_precond;eeg_fl_hbeta_mean_full_change_precond;eeg_tleft_lalpha_mean_full_change_precond;eeg_fm_theta_mean_full_change_precond"
2025-11-26 19:24:48.073903,39,"stress_label",10,16,0.0625,0.576923076923077,0.621794871794872,NA,10,"top10","eeg_tleft_sampent_full_change_precond;eeg_c_theta_mean_full_change_precond;eeg_tleft_halpha_mean_full_change_precond;gsr_skin_conductance_eda_tonic_mean_nk_full_change_precond;eeg_t_sampent_full_change_precond;pupil_dilation_sd_full_change_precond;eeg_pright_sampent_full_change_precond;eeg_fl_hbeta_mean_full_change_precond;eeg_tleft_lalpha_mean_full_change_precond;eeg_fm_theta_mean_full_change_precond"
2025-11-26 19:24:49.131826,39,"stress_label",10,32,0.0625,0.525641025641026,0.576923076923077,NA,10,"top10","eeg_tleft_sampent_full_change_precond;eeg_c_theta_mean_full_change_precond;eeg_tleft_halpha_mean_full_change_precond;gsr_skin_conductance_eda_tonic_mean_nk_full_change_precond;eeg_t_sampent_full_change_precond;pupil_dilation_sd_full_change_precond;eeg_pright_sampent_full_change_precond;eeg_fl_hbeta_mean_full_change_precond;eeg_tleft_lalpha_mean_full_change_precond;eeg_fm_theta_mean_full_change_precond"
2025-11-26 19:24:50.277183,39,"stress_label",10,64,0.0625,0.576923076923077,0.583333333333333,NA,10,"top10","eeg_tleft_sampent_full_change_precond;eeg_c_theta_mean_full_change_precond;eeg_tleft_halpha_mean_full_change_precond;gsr_skin_conductance_eda_tonic_mean_nk_full_change_precond;eeg_t_sampent_full_change_precond;pupil_dilation_sd_full_change_precond;eeg_pright_sampent_full_change_precond;eeg_fl_hbeta_mean_full_change_precond;eeg_tleft_lalpha_mean_full_change_precond;eeg_fm_theta_mean_full_change_precond"
2025-11-26 19:24:51.417957,39,"stress_label",10,128,0.0625,0.583333333333333,0.596153846153846,NA,10,"top10","eeg_tleft_sampent_full_change_precond;eeg_c_theta_mean_full_change_precond;eeg_tleft_halpha_mean_full_change_precond;gsr_skin_conductance_eda_tonic_mean_nk_full_change_precond;eeg_t_sampent_full_change_precond;pupil_dilation_sd_full_change_precond;eeg_pright_sampent_full_change_precond;eeg_fl_hbeta_mean_full_change_precond;eeg_tleft_lalpha_mean_full_change_precond;eeg_fm_theta_mean_full_change_precond"
2025-11-26 19:24:52.634896,39,"stress_label",10,256,0.0625,0.58974358974359,0.615384615384615,NA,10,"top10","eeg_tleft_sampent_full_change_precond;eeg_c_theta_mean_full_change_precond;eeg_tleft_halpha_mean_full_change_precond;gsr_skin_conductance_eda_tonic_mean_nk_full_change_precond;eeg_t_sampent_full_change_precond;pupil_dilation_sd_full_change_precond;eeg_pright_sampent_full_change_precond;eeg_fl_hbeta_mean_full_change_precond;eeg_tleft_lalpha_mean_full_change_precond;eeg_fm_theta_mean_full_change_precond"
2025-11-26 19:24:53.506173,39,"stress_label",10,2,0.125,0.557692307692308,0.538461538461538,NA,10,"top10","eeg_tleft_sampent_full_change_precond;eeg_c_theta_mean_full_change_precond;eeg_tleft_halpha_mean_full_change_precond;gsr_skin_conductance_eda_tonic_mean_nk_full_change_precond;eeg_t_sampent_full_change_precond;pupil_dilation_sd_full_change_precond;eeg_pright_sampent_full_change_precond;eeg_fl_hbeta_mean_full_change_precond;eeg_tleft_lalpha_mean_full_change_precond;eeg_fm_theta_mean_full_change_precond"
2025-11-26 19:24:54.45029,39,"stress_label",10,4,0.125,0.576923076923077,0.576923076923077,NA,10,"top10","eeg_tleft_sampent_full_change_precond;eeg_c_theta_mean_full_change_precond;eeg_tleft_halpha_mean_full_change_precond;gsr_skin_conductance_eda_tonic_mean_nk_full_change_precond;eeg_t_sampent_full_change_precond;pupil_dilation_sd_full_change_precond;eeg_pright_sampent_full_change_precond;eeg_fl_hbeta_mean_full_change_precond;eeg_tleft_lalpha_mean_full_change_precond;eeg_fm_theta_mean_full_change_precond"
2025-11-26 19:24:55.325049,39,"stress_label",10,8,0.125,0.57051282051282,0.583333333333333,NA,10,"top10","eeg_tleft_sampent_full_change_precond;eeg_c_theta_mean_full_change_precond;eeg_tleft_halpha_mean_full_change_precond;gsr_skin_conductance_eda_tonic_mean_nk_full_change_precond;eeg_t_sampent_full_change_precond;pupil_dilation_sd_full_change_precond;eeg_pright_sampent_full_change_precond;eeg_fl_hbeta_mean_full_change_precond;eeg_tleft_lalpha_mean_full_change_precond;eeg_fm_theta_mean_full_change_precond"
2025-11-26 19:24:56.303593,39,"stress_label",10,16,0.125,0.583333333333333,0.58974358974359,NA,10,"top10","eeg_tleft_sampent_full_change_precond;eeg_c_theta_mean_full_change_precond;eeg_tleft_halpha_mean_full_change_precond;gsr_skin_conductance_eda_tonic_mean_nk_full_change_precond;eeg_t_sampent_full_change_precond;pupil_dilation_sd_full_change_precond;eeg_pright_sampent_full_change_precond;eeg_fl_hbeta_mean_full_change_precond;eeg_tleft_lalpha_mean_full_change_precond;eeg_fm_theta_mean_full_change_precond"
2025-11-26 19:24:57.321277,39,"stress_label",10,32,0.125,0.564102564102564,0.576923076923077,NA,10,"top10","eeg_tleft_sampent_full_change_precond;eeg_c_theta_mean_full_change_precond;eeg_tleft_halpha_mean_full_change_precond;gsr_skin_conductance_eda_tonic_mean_nk_full_change_precond;eeg_t_sampent_full_change_precond;pupil_dilation_sd_full_change_precond;eeg_pright_sampent_full_change_precond;eeg_fl_hbeta_mean_full_change_precond;eeg_tleft_lalpha_mean_full_change_precond;eeg_fm_theta_mean_full_change_precond"
2025-11-26 19:24:58.226713,39,"stress_label",10,64,0.125,0.57051282051282,0.583333333333333,0.567521367521368,10,"top10","eeg_tleft_sampent_full_change_precond;eeg_c_theta_mean_full_change_precond;eeg_tleft_halpha_mean_full_change_precond;gsr_skin_conductance_eda_tonic_mean_nk_full_change_precond;eeg_t_sampent_full_change_precond;pupil_dilation_sd_full_change_precond;eeg_pright_sampent_full_change_precond;eeg_fl_hbeta_mean_full_change_precond;eeg_tleft_lalpha_mean_full_change_precond;eeg_fm_theta_mean_full_change_precond"
2025-11-26 19:24:59.047079,39,"stress_label",10,128,0.125,0.57051282051282,0.583333333333333,0.567521367521368,10,"top10","eeg_tleft_sampent_full_change_precond;eeg_c_theta_mean_full_change_precond;eeg_tleft_halpha_mean_full_change_precond;gsr_skin_conductance_eda_tonic_mean_nk_full_change_precond;eeg_t_sampent_full_change_precond;pupil_dilation_sd_full_change_precond;eeg_pright_sampent_full_change_precond;eeg_fl_hbeta_mean_full_change_precond;eeg_tleft_lalpha_mean_full_change_precond;eeg_fm_theta_mean_full_change_precond"
2025-11-26 19:25:00.058311,39,"stress_label",10,256,0.125,0.57051282051282,0.583333333333333,0.567521367521368,10,"top10","eeg_tleft_sampent_full_change_precond;eeg_c_theta_mean_full_change_precond;eeg_tleft_halpha_mean_full_change_precond;gsr_skin_conductance_eda_tonic_mean_nk_full_change_precond;eeg_t_sampent_full_change_precond;pupil_dilation_sd_full_change_precond;eeg_pright_sampent_full_change_precond;eeg_fl_hbeta_mean_full_change_precond;eeg_tleft_lalpha_mean_full_change_precond;eeg_fm_theta_mean_full_change_precond"
2025-11-26 19:25:00.942672,39,"stress_label",10,2,0.03,0.576923076923077,0.57051282051282,NA,10,"top10","eeg_tleft_sampent_full_change_precond;eeg_c_theta_mean_full_change_precond;eeg_tleft_halpha_mean_full_change_precond;gsr_skin_conductance_eda_tonic_mean_nk_full_change_precond;eeg_t_sampent_full_change_precond;pupil_dilation_sd_full_change_precond;eeg_pright_sampent_full_change_precond;eeg_fl_hbeta_mean_full_change_precond;eeg_tleft_lalpha_mean_full_change_precond;eeg_fm_theta_mean_full_change_precond"
2025-11-26 19:25:01.826492,39,"stress_label",10,4,0.03,0.58974358974359,0.602564102564103,NA,10,"top10","eeg_tleft_sampent_full_change_precond;eeg_c_theta_mean_full_change_precond;eeg_tleft_halpha_mean_full_change_precond;gsr_skin_conductance_eda_tonic_mean_nk_full_change_precond;eeg_t_sampent_full_change_precond;pupil_dilation_sd_full_change_precond;eeg_pright_sampent_full_change_precond;eeg_fl_hbeta_mean_full_change_precond;eeg_tleft_lalpha_mean_full_change_precond;eeg_fm_theta_mean_full_change_precond"
2025-11-26 19:25:02.533516,39,"stress_label",10,8,0.03,0.608974358974359,0.58974358974359,NA,10,"top10","eeg_tleft_sampent_full_change_precond;eeg_c_theta_mean_full_change_precond;eeg_tleft_halpha_mean_full_change_precond;gsr_skin_conductance_eda_tonic_mean_nk_full_change_precond;eeg_t_sampent_full_change_precond;pupil_dilation_sd_full_change_precond;eeg_pright_sampent_full_change_precond;eeg_fl_hbeta_mean_full_change_precond;eeg_tleft_lalpha_mean_full_change_precond;eeg_fm_theta_mean_full_change_precond"
2025-11-26 19:25:03.430934,39,"stress_label",10,16,0.03,0.58974358974359,0.608974358974359,NA,10,"top10","eeg_tleft_sampent_full_change_precond;eeg_c_theta_mean_full_change_precond;eeg_tleft_halpha_mean_full_change_precond;gsr_skin_conductance_eda_tonic_mean_nk_full_change_precond;eeg_t_sampent_full_change_precond;pupil_dilation_sd_full_change_precond;eeg_pright_sampent_full_change_precond;eeg_fl_hbeta_mean_full_change_precond;eeg_tleft_lalpha_mean_full_change_precond;eeg_fm_theta_mean_full_change_precond"
2025-11-26 19:25:04.255168,39,"stress_label",10,32,0.03,0.564102564102564,0.621794871794872,NA,10,"top10","eeg_tleft_sampent_full_change_precond;eeg_c_theta_mean_full_change_precond;eeg_tleft_halpha_mean_full_change_precond;gsr_skin_conductance_eda_tonic_mean_nk_full_change_precond;eeg_t_sampent_full_change_precond;pupil_dilation_sd_full_change_precond;eeg_pright_sampent_full_change_precond;eeg_fl_hbeta_mean_full_change_precond;eeg_tleft_lalpha_mean_full_change_precond;eeg_fm_theta_mean_full_change_precond"
2025-11-26 19:25:05.344444,39,"stress_label",10,64,0.03,0.564102564102564,0.621794871794872,NA,10,"top10","eeg_tleft_sampent_full_change_precond;eeg_c_theta_mean_full_change_precond;eeg_tleft_halpha_mean_full_change_precond;gsr_skin_conductance_eda_tonic_mean_nk_full_change_precond;eeg_t_sampent_full_change_precond;pupil_dilation_sd_full_change_precond;eeg_pright_sampent_full_change_precond;eeg_fl_hbeta_mean_full_change_precond;eeg_tleft_lalpha_mean_full_change_precond;eeg_fm_theta_mean_full_change_precond"
2025-11-26 19:25:06.599441,39,"stress_label",10,128,0.03,0.557692307692308,0.576923076923077,NA,10,"top10","eeg_tleft_sampent_full_change_precond;eeg_c_theta_mean_full_change_precond;eeg_tleft_halpha_mean_full_change_precond;gsr_skin_conductance_eda_tonic_mean_nk_full_change_precond;eeg_t_sampent_full_change_precond;pupil_dilation_sd_full_change_precond;eeg_pright_sampent_full_change_precond;eeg_fl_hbeta_mean_full_change_precond;eeg_tleft_lalpha_mean_full_change_precond;eeg_fm_theta_mean_full_change_precond"
2025-11-26 19:25:07.923779,39,"stress_label",10,256,0.03,0.544871794871795,0.538461538461538,NA,10,"top10","eeg_tleft_sampent_full_change_precond;eeg_c_theta_mean_full_change_precond;eeg_tleft_halpha_mean_full_change_precond;gsr_skin_conductance_eda_tonic_mean_nk_full_change_precond;eeg_t_sampent_full_change_precond;pupil_dilation_sd_full_change_precond;eeg_pright_sampent_full_change_precond;eeg_fl_hbeta_mean_full_change_precond;eeg_tleft_lalpha_mean_full_change_precond;eeg_fm_theta_mean_full_change_precond"
2025-11-26 19:25:08.758634,39,"stress_label",10,2,0.06,0.602564102564103,0.583333333333333,NA,10,"top10","eeg_tleft_sampent_full_change_precond;eeg_c_theta_mean_full_change_precond;eeg_tleft_halpha_mean_full_change_precond;gsr_skin_conductance_eda_tonic_mean_nk_full_change_precond;eeg_t_sampent_full_change_precond;pupil_dilation_sd_full_change_precond;eeg_pright_sampent_full_change_precond;eeg_fl_hbeta_mean_full_change_precond;eeg_tleft_lalpha_mean_full_change_precond;eeg_fm_theta_mean_full_change_precond"
2025-11-26 19:25:09.678658,39,"stress_label",10,4,0.06,0.57051282051282,0.58974358974359,NA,10,"top10","eeg_tleft_sampent_full_change_precond;eeg_c_theta_mean_full_change_precond;eeg_tleft_halpha_mean_full_change_precond;gsr_skin_conductance_eda_tonic_mean_nk_full_change_precond;eeg_t_sampent_full_change_precond;pupil_dilation_sd_full_change_precond;eeg_pright_sampent_full_change_precond;eeg_fl_hbeta_mean_full_change_precond;eeg_tleft_lalpha_mean_full_change_precond;eeg_fm_theta_mean_full_change_precond"
2025-11-26 19:25:10.585511,39,"stress_label",10,8,0.06,0.57051282051282,0.596153846153846,NA,10,"top10","eeg_tleft_sampent_full_change_precond;eeg_c_theta_mean_full_change_precond;eeg_tleft_halpha_mean_full_change_precond;gsr_skin_conductance_eda_tonic_mean_nk_full_change_precond;eeg_t_sampent_full_change_precond;pupil_dilation_sd_full_change_precond;eeg_pright_sampent_full_change_precond;eeg_fl_hbeta_mean_full_change_precond;eeg_tleft_lalpha_mean_full_change_precond;eeg_fm_theta_mean_full_change_precond"
2025-11-26 19:25:11.469638,39,"stress_label",10,16,0.06,0.583333333333333,0.641025641025641,NA,10,"top10","eeg_tleft_sampent_full_change_precond;eeg_c_theta_mean_full_change_precond;eeg_tleft_halpha_mean_full_change_precond;gsr_skin_conductance_eda_tonic_mean_nk_full_change_precond;eeg_t_sampent_full_change_precond;pupil_dilation_sd_full_change_precond;eeg_pright_sampent_full_change_precond;eeg_fl_hbeta_mean_full_change_precond;eeg_tleft_lalpha_mean_full_change_precond;eeg_fm_theta_mean_full_change_precond"
2025-11-26 19:25:12.519538,39,"stress_label",10,32,0.06,0.525641025641026,0.583333333333333,NA,10,"top10","eeg_tleft_sampent_full_change_precond;eeg_c_theta_mean_full_change_precond;eeg_tleft_halpha_mean_full_change_precond;gsr_skin_conductance_eda_tonic_mean_nk_full_change_precond;eeg_t_sampent_full_change_precond;pupil_dilation_sd_full_change_precond;eeg_pright_sampent_full_change_precond;eeg_fl_hbeta_mean_full_change_precond;eeg_tleft_lalpha_mean_full_change_precond;eeg_fm_theta_mean_full_change_precond"
2025-11-26 19:25:13.526847,39,"stress_label",10,64,0.06,0.57051282051282,0.576923076923077,NA,10,"top10","eeg_tleft_sampent_full_change_precond;eeg_c_theta_mean_full_change_precond;eeg_tleft_halpha_mean_full_change_precond;gsr_skin_conductance_eda_tonic_mean_nk_full_change_precond;eeg_t_sampent_full_change_precond;pupil_dilation_sd_full_change_precond;eeg_pright_sampent_full_change_precond;eeg_fl_hbeta_mean_full_change_precond;eeg_tleft_lalpha_mean_full_change_precond;eeg_fm_theta_mean_full_change_precond"
2025-11-26 19:25:14.654019,39,"stress_label",10,128,0.06,0.576923076923077,0.596153846153846,NA,10,"top10","eeg_tleft_sampent_full_change_precond;eeg_c_theta_mean_full_change_precond;eeg_tleft_halpha_mean_full_change_precond;gsr_skin_conductance_eda_tonic_mean_nk_full_change_precond;eeg_t_sampent_full_change_precond;pupil_dilation_sd_full_change_precond;eeg_pright_sampent_full_change_precond;eeg_fl_hbeta_mean_full_change_precond;eeg_tleft_lalpha_mean_full_change_precond;eeg_fm_theta_mean_full_change_precond"
2025-11-26 19:25:15.721841,39,"stress_label",10,256,0.06,0.58974358974359,0.58974358974359,NA,10,"top10","eeg_tleft_sampent_full_change_precond;eeg_c_theta_mean_full_change_precond;eeg_tleft_halpha_mean_full_change_precond;gsr_skin_conductance_eda_tonic_mean_nk_full_change_precond;eeg_t_sampent_full_change_precond;pupil_dilation_sd_full_change_precond;eeg_pright_sampent_full_change_precond;eeg_fl_hbeta_mean_full_change_precond;eeg_tleft_lalpha_mean_full_change_precond;eeg_fm_theta_mean_full_change_precond"
2025-11-26 19:25:16.61527,39,"stress_label",10,2,0.1,0.544871794871795,0.532051282051282,NA,10,"top10","eeg_tleft_sampent_full_change_precond;eeg_c_theta_mean_full_change_precond;eeg_tleft_halpha_mean_full_change_precond;gsr_skin_conductance_eda_tonic_mean_nk_full_change_precond;eeg_t_sampent_full_change_precond;pupil_dilation_sd_full_change_precond;eeg_pright_sampent_full_change_precond;eeg_fl_hbeta_mean_full_change_precond;eeg_tleft_lalpha_mean_full_change_precond;eeg_fm_theta_mean_full_change_precond"
2025-11-26 19:25:17.533982,39,"stress_label",10,4,0.1,0.576923076923077,0.58974358974359,NA,10,"top10","eeg_tleft_sampent_full_change_precond;eeg_c_theta_mean_full_change_precond;eeg_tleft_halpha_mean_full_change_precond;gsr_skin_conductance_eda_tonic_mean_nk_full_change_precond;eeg_t_sampent_full_change_precond;pupil_dilation_sd_full_change_precond;eeg_pright_sampent_full_change_precond;eeg_fl_hbeta_mean_full_change_precond;eeg_tleft_lalpha_mean_full_change_precond;eeg_fm_theta_mean_full_change_precond"
2025-11-26 19:25:18.497088,39,"stress_label",10,8,0.1,0.576923076923077,0.58974358974359,NA,10,"top10","eeg_tleft_sampent_full_change_precond;eeg_c_theta_mean_full_change_precond;eeg_tleft_halpha_mean_full_change_precond;gsr_skin_conductance_eda_tonic_mean_nk_full_change_precond;eeg_t_sampent_full_change_precond;pupil_dilation_sd_full_change_precond;eeg_pright_sampent_full_change_precond;eeg_fl_hbeta_mean_full_change_precond;eeg_tleft_lalpha_mean_full_change_precond;eeg_fm_theta_mean_full_change_precond"
2025-11-26 19:25:19.538923,39,"stress_label",10,16,0.1,0.551282051282051,0.58974358974359,NA,10,"top10","eeg_tleft_sampent_full_change_precond;eeg_c_theta_mean_full_change_precond;eeg_tleft_halpha_mean_full_change_precond;gsr_skin_conductance_eda_tonic_mean_nk_full_change_precond;eeg_t_sampent_full_change_precond;pupil_dilation_sd_full_change_precond;eeg_pright_sampent_full_change_precond;eeg_fl_hbeta_mean_full_change_precond;eeg_tleft_lalpha_mean_full_change_precond;eeg_fm_theta_mean_full_change_precond"
2025-11-26 19:25:20.58862,39,"stress_label",10,32,0.1,0.576923076923077,0.583333333333333,NA,10,"top10","eeg_tleft_sampent_full_change_precond;eeg_c_theta_mean_full_change_precond;eeg_tleft_halpha_mean_full_change_precond;gsr_skin_conductance_eda_tonic_mean_nk_full_change_precond;eeg_t_sampent_full_change_precond;pupil_dilation_sd_full_change_precond;eeg_pright_sampent_full_change_precond;eeg_fl_hbeta_mean_full_change_precond;eeg_tleft_lalpha_mean_full_change_precond;eeg_fm_theta_mean_full_change_precond"
2025-11-26 19:25:21.582135,39,"stress_label",10,64,0.1,0.564102564102564,0.602564102564103,0.563247863247863,10,"top10","eeg_tleft_sampent_full_change_precond;eeg_c_theta_mean_full_change_precond;eeg_tleft_halpha_mean_full_change_precond;gsr_skin_conductance_eda_tonic_mean_nk_full_change_precond;eeg_t_sampent_full_change_precond;pupil_dilation_sd_full_change_precond;eeg_pright_sampent_full_change_precond;eeg_fl_hbeta_mean_full_change_precond;eeg_tleft_lalpha_mean_full_change_precond;eeg_fm_theta_mean_full_change_precond"
2025-11-26 19:25:22.464056,39,"stress_label",10,128,0.1,0.564102564102564,0.602564102564103,0.563247863247863,10,"top10","eeg_tleft_sampent_full_change_precond;eeg_c_theta_mean_full_change_precond;eeg_tleft_halpha_mean_full_change_precond;gsr_skin_conductance_eda_tonic_mean_nk_full_change_precond;eeg_t_sampent_full_change_precond;pupil_dilation_sd_full_change_precond;eeg_pright_sampent_full_change_precond;eeg_fl_hbeta_mean_full_change_precond;eeg_tleft_lalpha_mean_full_change_precond;eeg_fm_theta_mean_full_change_precond"
2025-11-26 19:25:23.514329,39,"stress_label",10,256,0.1,0.564102564102564,0.602564102564103,0.563247863247863,10,"top10","eeg_tleft_sampent_full_change_precond;eeg_c_theta_mean_full_change_precond;eeg_tleft_halpha_mean_full_change_precond;gsr_skin_conductance_eda_tonic_mean_nk_full_change_precond;eeg_t_sampent_full_change_precond;pupil_dilation_sd_full_change_precond;eeg_pright_sampent_full_change_precond;eeg_fl_hbeta_mean_full_change_precond;eeg_tleft_lalpha_mean_full_change_precond;eeg_fm_theta_mean_full_change_precond"
2025-11-26 19:25:24.353903,39,"stress_label",5,2,0.0078125,0.58974358974359,0.602564102564103,0.573504273504273,5,"top5","eeg_tleft_sampent_full_change_precond;eeg_c_theta_mean_full_change_precond;eeg_tleft_halpha_mean_full_change_precond;gsr_skin_conductance_eda_tonic_mean_nk_full_change_precond;eeg_t_sampent_full_change_precond"
2025-11-26 19:25:25.139009,39,"stress_label",5,4,0.0078125,0.615384615384615,0.621794871794872,0.600854700854701,5,"top5","eeg_tleft_sampent_full_change_precond;eeg_c_theta_mean_full_change_precond;eeg_tleft_halpha_mean_full_change_precond;gsr_skin_conductance_eda_tonic_mean_nk_full_change_precond;eeg_t_sampent_full_change_precond"
2025-11-26 19:25:25.910933,39,"stress_label",5,8,0.0078125,0.634615384615385,0.641025641025641,0.616239316239316,5,"top5","eeg_tleft_sampent_full_change_precond;eeg_c_theta_mean_full_change_precond;eeg_tleft_halpha_mean_full_change_precond;gsr_skin_conductance_eda_tonic_mean_nk_full_change_precond;eeg_t_sampent_full_change_precond"
2025-11-26 19:25:26.866102,39,"stress_label",5,16,0.0078125,0.634615384615385,0.628205128205128,0.613675213675214,5,"top5","eeg_tleft_sampent_full_change_precond;eeg_c_theta_mean_full_change_precond;eeg_tleft_halpha_mean_full_change_precond;gsr_skin_conductance_eda_tonic_mean_nk_full_change_precond;eeg_t_sampent_full_change_precond"
2025-11-26 19:25:27.630997,39,"stress_label",5,32,0.0078125,0.628205128205128,0.628205128205128,0.607692307692308,5,"top5","eeg_tleft_sampent_full_change_precond;eeg_c_theta_mean_full_change_precond;eeg_tleft_halpha_mean_full_change_precond;gsr_skin_conductance_eda_tonic_mean_nk_full_change_precond;eeg_t_sampent_full_change_precond"
2025-11-26 19:25:28.402132,39,"stress_label",5,64,0.0078125,0.596153846153846,0.628205128205128,NA,5,"top5","eeg_tleft_sampent_full_change_precond;eeg_c_theta_mean_full_change_precond;eeg_tleft_halpha_mean_full_change_precond;gsr_skin_conductance_eda_tonic_mean_nk_full_change_precond;eeg_t_sampent_full_change_precond"
2025-11-26 19:25:29.2126,39,"stress_label",5,128,0.0078125,0.615384615384615,0.602564102564103,NA,5,"top5","eeg_tleft_sampent_full_change_precond;eeg_c_theta_mean_full_change_precond;eeg_tleft_halpha_mean_full_change_precond;gsr_skin_conductance_eda_tonic_mean_nk_full_change_precond;eeg_t_sampent_full_change_precond"
2025-11-26 19:25:30.067108,39,"stress_label",5,256,0.0078125,0.621794871794872,0.634615384615385,NA,5,"top5","eeg_tleft_sampent_full_change_precond;eeg_c_theta_mean_full_change_precond;eeg_tleft_halpha_mean_full_change_precond;gsr_skin_conductance_eda_tonic_mean_nk_full_change_precond;eeg_t_sampent_full_change_precond"
2025-11-26 19:25:30.74983,39,"stress_label",5,2,0.015625,0.621794871794872,0.628205128205128,0.603418803418803,5,"top5","eeg_tleft_sampent_full_change_precond;eeg_c_theta_mean_full_change_precond;eeg_tleft_halpha_mean_full_change_precond;gsr_skin_conductance_eda_tonic_mean_nk_full_change_precond;eeg_t_sampent_full_change_precond"
2025-11-26 19:25:31.488451,39,"stress_label",5,4,0.015625,0.621794871794872,0.628205128205128,0.606837606837607,5,"top5","eeg_tleft_sampent_full_change_precond;eeg_c_theta_mean_full_change_precond;eeg_tleft_halpha_mean_full_change_precond;gsr_skin_conductance_eda_tonic_mean_nk_full_change_precond;eeg_t_sampent_full_change_precond"
2025-11-26 19:25:32.248393,39,"stress_label",5,8,0.015625,0.634615384615385,0.628205128205128,0.612820512820513,5,"top5","eeg_tleft_sampent_full_change_precond;eeg_c_theta_mean_full_change_precond;eeg_tleft_halpha_mean_full_change_precond;gsr_skin_conductance_eda_tonic_mean_nk_full_change_precond;eeg_t_sampent_full_change_precond"
2025-11-26 19:25:32.94159,39,"stress_label",5,16,0.015625,0.596153846153846,0.634615384615385,NA,5,"top5","eeg_tleft_sampent_full_change_precond;eeg_c_theta_mean_full_change_precond;eeg_tleft_halpha_mean_full_change_precond;gsr_skin_conductance_eda_tonic_mean_nk_full_change_precond;eeg_t_sampent_full_change_precond"
2025-11-26 19:25:33.736578,39,"stress_label",5,32,0.015625,0.621794871794872,0.608974358974359,NA,5,"top5","eeg_tleft_sampent_full_change_precond;eeg_c_theta_mean_full_change_precond;eeg_tleft_halpha_mean_full_change_precond;gsr_skin_conductance_eda_tonic_mean_nk_full_change_precond;eeg_t_sampent_full_change_precond"
2025-11-26 19:25:34.539512,39,"stress_label",5,64,0.015625,0.608974358974359,0.641025641025641,NA,5,"top5","eeg_tleft_sampent_full_change_precond;eeg_c_theta_mean_full_change_precond;eeg_tleft_halpha_mean_full_change_precond;gsr_skin_conductance_eda_tonic_mean_nk_full_change_precond;eeg_t_sampent_full_change_precond"
2025-11-26 19:25:35.368777,39,"stress_label",5,128,0.015625,0.615384615384615,0.615384615384615,NA,5,"top5","eeg_tleft_sampent_full_change_precond;eeg_c_theta_mean_full_change_precond;eeg_tleft_halpha_mean_full_change_precond;gsr_skin_conductance_eda_tonic_mean_nk_full_change_precond;eeg_t_sampent_full_change_precond"
2025-11-26 19:25:36.16211,39,"stress_label",5,256,0.015625,0.596153846153846,0.596153846153846,NA,5,"top5","eeg_tleft_sampent_full_change_precond;eeg_c_theta_mean_full_change_precond;eeg_tleft_halpha_mean_full_change_precond;gsr_skin_conductance_eda_tonic_mean_nk_full_change_precond;eeg_t_sampent_full_change_precond"
2025-11-26 19:25:36.878624,39,"stress_label",5,2,0.03125,0.615384615384615,0.621794871794872,0.590598290598291,5,"top5","eeg_tleft_sampent_full_change_precond;eeg_c_theta_mean_full_change_precond;eeg_tleft_halpha_mean_full_change_precond;gsr_skin_conductance_eda_tonic_mean_nk_full_change_precond;eeg_t_sampent_full_change_precond"
2025-11-26 19:25:37.62794,39,"stress_label",5,4,0.03125,0.615384615384615,0.634615384615385,NA,5,"top5","eeg_tleft_sampent_full_change_precond;eeg_c_theta_mean_full_change_precond;eeg_tleft_halpha_mean_full_change_precond;gsr_skin_conductance_eda_tonic_mean_nk_full_change_precond;eeg_t_sampent_full_change_precond"
2025-11-26 19:25:38.3874,39,"stress_label",5,8,0.03125,0.615384615384615,0.628205128205128,NA,5,"top5","eeg_tleft_sampent_full_change_precond;eeg_c_theta_mean_full_change_precond;eeg_tleft_halpha_mean_full_change_precond;gsr_skin_conductance_eda_tonic_mean_nk_full_change_precond;eeg_t_sampent_full_change_precond"
2025-11-26 19:25:39.087037,39,"stress_label",5,16,0.03125,0.602564102564103,0.628205128205128,NA,5,"top5","eeg_tleft_sampent_full_change_precond;eeg_c_theta_mean_full_change_precond;eeg_tleft_halpha_mean_full_change_precond;gsr_skin_conductance_eda_tonic_mean_nk_full_change_precond;eeg_t_sampent_full_change_precond"
2025-11-26 19:25:39.747445,39,"stress_label",5,32,0.03125,0.58974358974359,0.641025641025641,NA,5,"top5","eeg_tleft_sampent_full_change_precond;eeg_c_theta_mean_full_change_precond;eeg_tleft_halpha_mean_full_change_precond;gsr_skin_conductance_eda_tonic_mean_nk_full_change_precond;eeg_t_sampent_full_change_precond"
2025-11-26 19:25:40.554271,39,"stress_label",5,64,0.03125,0.602564102564103,0.583333333333333,NA,5,"top5","eeg_tleft_sampent_full_change_precond;eeg_c_theta_mean_full_change_precond;eeg_tleft_halpha_mean_full_change_precond;gsr_skin_conductance_eda_tonic_mean_nk_full_change_precond;eeg_t_sampent_full_change_precond"
2025-11-26 19:25:41.512112,39,"stress_label",5,128,0.03125,0.602564102564103,0.576923076923077,NA,5,"top5","eeg_tleft_sampent_full_change_precond;eeg_c_theta_mean_full_change_precond;eeg_tleft_halpha_mean_full_change_precond;gsr_skin_conductance_eda_tonic_mean_nk_full_change_precond;eeg_t_sampent_full_change_precond"
2025-11-26 19:25:42.640713,39,"stress_label",5,256,0.03125,0.621794871794872,0.576923076923077,NA,5,"top5","eeg_tleft_sampent_full_change_precond;eeg_c_theta_mean_full_change_precond;eeg_tleft_halpha_mean_full_change_precond;gsr_skin_conductance_eda_tonic_mean_nk_full_change_precond;eeg_t_sampent_full_change_precond"
2025-11-26 19:25:43.389906,39,"stress_label",5,2,0.0625,0.608974358974359,0.621794871794872,NA,5,"top5","eeg_tleft_sampent_full_change_precond;eeg_c_theta_mean_full_change_precond;eeg_tleft_halpha_mean_full_change_precond;gsr_skin_conductance_eda_tonic_mean_nk_full_change_precond;eeg_t_sampent_full_change_precond"
2025-11-26 19:25:44.143665,39,"stress_label",5,4,0.0625,0.58974358974359,0.628205128205128,NA,5,"top5","eeg_tleft_sampent_full_change_precond;eeg_c_theta_mean_full_change_precond;eeg_tleft_halpha_mean_full_change_precond;gsr_skin_conductance_eda_tonic_mean_nk_full_change_precond;eeg_t_sampent_full_change_precond"
2025-11-26 19:25:44.88503,39,"stress_label",5,8,0.0625,0.602564102564103,0.641025641025641,NA,5,"top5","eeg_tleft_sampent_full_change_precond;eeg_c_theta_mean_full_change_precond;eeg_tleft_halpha_mean_full_change_precond;gsr_skin_conductance_eda_tonic_mean_nk_full_change_precond;eeg_t_sampent_full_change_precond"
2025-11-26 19:25:45.717271,39,"stress_label",5,16,0.0625,0.621794871794872,0.596153846153846,NA,5,"top5","eeg_tleft_sampent_full_change_precond;eeg_c_theta_mean_full_change_precond;eeg_tleft_halpha_mean_full_change_precond;gsr_skin_conductance_eda_tonic_mean_nk_full_change_precond;eeg_t_sampent_full_change_precond"
2025-11-26 19:25:46.596137,39,"stress_label",5,32,0.0625,0.608974358974359,0.58974358974359,NA,5,"top5","eeg_tleft_sampent_full_change_precond;eeg_c_theta_mean_full_change_precond;eeg_tleft_halpha_mean_full_change_precond;gsr_skin_conductance_eda_tonic_mean_nk_full_change_precond;eeg_t_sampent_full_change_precond"
2025-11-26 19:25:47.542414,39,"stress_label",5,64,0.0625,0.621794871794872,0.58974358974359,NA,5,"top5","eeg_tleft_sampent_full_change_precond;eeg_c_theta_mean_full_change_precond;eeg_tleft_halpha_mean_full_change_precond;gsr_skin_conductance_eda_tonic_mean_nk_full_change_precond;eeg_t_sampent_full_change_precond"
2025-11-26 19:25:48.564298,39,"stress_label",5,128,0.0625,0.634615384615385,0.641025641025641,NA,5,"top5","eeg_tleft_sampent_full_change_precond;eeg_c_theta_mean_full_change_precond;eeg_tleft_halpha_mean_full_change_precond;gsr_skin_conductance_eda_tonic_mean_nk_full_change_precond;eeg_t_sampent_full_change_precond"
2025-11-26 19:25:49.62996,39,"stress_label",5,256,0.0625,0.576923076923077,0.634615384615385,NA,5,"top5","eeg_tleft_sampent_full_change_precond;eeg_c_theta_mean_full_change_precond;eeg_tleft_halpha_mean_full_change_precond;gsr_skin_conductance_eda_tonic_mean_nk_full_change_precond;eeg_t_sampent_full_change_precond"
2025-11-26 19:25:50.431917,39,"stress_label",5,2,0.125,0.615384615384615,0.641025641025641,NA,5,"top5","eeg_tleft_sampent_full_change_precond;eeg_c_theta_mean_full_change_precond;eeg_tleft_halpha_mean_full_change_precond;gsr_skin_conductance_eda_tonic_mean_nk_full_change_precond;eeg_t_sampent_full_change_precond"
2025-11-26 19:25:51.243156,39,"stress_label",5,4,0.125,0.628205128205128,0.621794871794872,NA,5,"top5","eeg_tleft_sampent_full_change_precond;eeg_c_theta_mean_full_change_precond;eeg_tleft_halpha_mean_full_change_precond;gsr_skin_conductance_eda_tonic_mean_nk_full_change_precond;eeg_t_sampent_full_change_precond"
2025-11-26 19:25:52.050808,39,"stress_label",5,8,0.125,0.596153846153846,0.602564102564103,NA,5,"top5","eeg_tleft_sampent_full_change_precond;eeg_c_theta_mean_full_change_precond;eeg_tleft_halpha_mean_full_change_precond;gsr_skin_conductance_eda_tonic_mean_nk_full_change_precond;eeg_t_sampent_full_change_precond"
2025-11-26 19:25:52.880817,39,"stress_label",5,16,0.125,0.602564102564103,0.602564102564103,NA,5,"top5","eeg_tleft_sampent_full_change_precond;eeg_c_theta_mean_full_change_precond;eeg_tleft_halpha_mean_full_change_precond;gsr_skin_conductance_eda_tonic_mean_nk_full_change_precond;eeg_t_sampent_full_change_precond"
2025-11-26 19:25:53.79146,39,"stress_label",5,32,0.125,0.596153846153846,0.621794871794872,NA,5,"top5","eeg_tleft_sampent_full_change_precond;eeg_c_theta_mean_full_change_precond;eeg_tleft_halpha_mean_full_change_precond;gsr_skin_conductance_eda_tonic_mean_nk_full_change_precond;eeg_t_sampent_full_change_precond"
2025-11-26 19:25:54.766861,39,"stress_label",5,64,0.125,0.557692307692308,0.596153846153846,NA,5,"top5","eeg_tleft_sampent_full_change_precond;eeg_c_theta_mean_full_change_precond;eeg_tleft_halpha_mean_full_change_precond;gsr_skin_conductance_eda_tonic_mean_nk_full_change_precond;eeg_t_sampent_full_change_precond"
2025-11-26 19:25:55.924427,39,"stress_label",5,128,0.125,0.583333333333333,0.641025641025641,NA,5,"top5","eeg_tleft_sampent_full_change_precond;eeg_c_theta_mean_full_change_precond;eeg_tleft_halpha_mean_full_change_precond;gsr_skin_conductance_eda_tonic_mean_nk_full_change_precond;eeg_t_sampent_full_change_precond"
2025-11-26 19:25:57.289598,39,"stress_label",5,256,0.125,0.641025641025641,0.647435897435897,0.635042735042735,5,"top5","eeg_tleft_sampent_full_change_precond;eeg_c_theta_mean_full_change_precond;eeg_tleft_halpha_mean_full_change_precond;gsr_skin_conductance_eda_tonic_mean_nk_full_change_precond;eeg_t_sampent_full_change_precond"
2025-11-26 19:25:58.051199,39,"stress_label",5,2,0.03,0.621794871794872,0.615384615384615,0.598290598290598,5,"top5","eeg_tleft_sampent_full_change_precond;eeg_c_theta_mean_full_change_precond;eeg_tleft_halpha_mean_full_change_precond;gsr_skin_conductance_eda_tonic_mean_nk_full_change_precond;eeg_t_sampent_full_change_precond"
2025-11-26 19:25:58.832527,39,"stress_label",5,4,0.03,0.615384615384615,0.653846153846154,NA,5,"top5","eeg_tleft_sampent_full_change_precond;eeg_c_theta_mean_full_change_precond;eeg_tleft_halpha_mean_full_change_precond;gsr_skin_conductance_eda_tonic_mean_nk_full_change_precond;eeg_t_sampent_full_change_precond"
2025-11-26 19:25:59.620683,39,"stress_label",5,8,0.03,0.615384615384615,0.628205128205128,NA,5,"top5","eeg_tleft_sampent_full_change_precond;eeg_c_theta_mean_full_change_precond;eeg_tleft_halpha_mean_full_change_precond;gsr_skin_conductance_eda_tonic_mean_nk_full_change_precond;eeg_t_sampent_full_change_precond"
2025-11-26 19:26:00.376768,39,"stress_label",5,16,0.03,0.608974358974359,0.628205128205128,NA,5,"top5","eeg_tleft_sampent_full_change_precond;eeg_c_theta_mean_full_change_precond;eeg_tleft_halpha_mean_full_change_precond;gsr_skin_conductance_eda_tonic_mean_nk_full_change_precond;eeg_t_sampent_full_change_precond"
2025-11-26 19:26:01.173268,39,"stress_label",5,32,0.03,0.596153846153846,0.641025641025641,NA,5,"top5","eeg_tleft_sampent_full_change_precond;eeg_c_theta_mean_full_change_precond;eeg_tleft_halpha_mean_full_change_precond;gsr_skin_conductance_eda_tonic_mean_nk_full_change_precond;eeg_t_sampent_full_change_precond"
2025-11-26 19:26:02.056711,39,"stress_label",5,64,0.03,0.621794871794872,0.602564102564103,NA,5,"top5","eeg_tleft_sampent_full_change_precond;eeg_c_theta_mean_full_change_precond;eeg_tleft_halpha_mean_full_change_precond;gsr_skin_conductance_eda_tonic_mean_nk_full_change_precond;eeg_t_sampent_full_change_precond"
2025-11-26 19:26:03.027574,39,"stress_label",5,128,0.03,0.602564102564103,0.57051282051282,NA,5,"top5","eeg_tleft_sampent_full_change_precond;eeg_c_theta_mean_full_change_precond;eeg_tleft_halpha_mean_full_change_precond;gsr_skin_conductance_eda_tonic_mean_nk_full_change_precond;eeg_t_sampent_full_change_precond"
2025-11-26 19:26:04.133281,39,"stress_label",5,256,0.03,0.608974358974359,0.57051282051282,NA,5,"top5","eeg_tleft_sampent_full_change_precond;eeg_c_theta_mean_full_change_precond;eeg_tleft_halpha_mean_full_change_precond;gsr_skin_conductance_eda_tonic_mean_nk_full_change_precond;eeg_t_sampent_full_change_precond"
2025-11-26 19:26:04.83662,39,"stress_label",5,2,0.06,0.621794871794872,0.621794871794872,NA,5,"top5","eeg_tleft_sampent_full_change_precond;eeg_c_theta_mean_full_change_precond;eeg_tleft_halpha_mean_full_change_precond;gsr_skin_conductance_eda_tonic_mean_nk_full_change_precond;eeg_t_sampent_full_change_precond"
2025-11-26 19:26:05.592533,39,"stress_label",5,4,0.06,0.58974358974359,0.615384615384615,NA,5,"top5","eeg_tleft_sampent_full_change_precond;eeg_c_theta_mean_full_change_precond;eeg_tleft_halpha_mean_full_change_precond;gsr_skin_conductance_eda_tonic_mean_nk_full_change_precond;eeg_t_sampent_full_change_precond"
2025-11-26 19:26:06.370971,39,"stress_label",5,8,0.06,0.596153846153846,0.641025641025641,NA,5,"top5","eeg_tleft_sampent_full_change_precond;eeg_c_theta_mean_full_change_precond;eeg_tleft_halpha_mean_full_change_precond;gsr_skin_conductance_eda_tonic_mean_nk_full_change_precond;eeg_t_sampent_full_change_precond"
2025-11-26 19:26:07.147762,39,"stress_label",5,16,0.06,0.615384615384615,0.596153846153846,NA,5,"top5","eeg_tleft_sampent_full_change_precond;eeg_c_theta_mean_full_change_precond;eeg_tleft_halpha_mean_full_change_precond;gsr_skin_conductance_eda_tonic_mean_nk_full_change_precond;eeg_t_sampent_full_change_precond"
2025-11-26 19:26:08.016284,39,"stress_label",5,32,0.06,0.602564102564103,0.58974358974359,NA,5,"top5","eeg_tleft_sampent_full_change_precond;eeg_c_theta_mean_full_change_precond;eeg_tleft_halpha_mean_full_change_precond;gsr_skin_conductance_eda_tonic_mean_nk_full_change_precond;eeg_t_sampent_full_change_precond"
2025-11-26 19:26:08.918912,39,"stress_label",5,64,0.06,0.621794871794872,0.58974358974359,NA,5,"top5","eeg_tleft_sampent_full_change_precond;eeg_c_theta_mean_full_change_precond;eeg_tleft_halpha_mean_full_change_precond;gsr_skin_conductance_eda_tonic_mean_nk_full_change_precond;eeg_t_sampent_full_change_precond"
2025-11-26 19:26:09.917079,39,"stress_label",5,128,0.06,0.628205128205128,0.634615384615385,NA,5,"top5","eeg_tleft_sampent_full_change_precond;eeg_c_theta_mean_full_change_precond;eeg_tleft_halpha_mean_full_change_precond;gsr_skin_conductance_eda_tonic_mean_nk_full_change_precond;eeg_t_sampent_full_change_precond"
2025-11-26 19:26:11.096998,39,"stress_label",5,256,0.06,0.608974358974359,0.641025641025641,NA,5,"top5","eeg_tleft_sampent_full_change_precond;eeg_c_theta_mean_full_change_precond;eeg_tleft_halpha_mean_full_change_precond;gsr_skin_conductance_eda_tonic_mean_nk_full_change_precond;eeg_t_sampent_full_change_precond"
2025-11-26 19:26:11.786606,39,"stress_label",5,2,0.1,0.596153846153846,0.621794871794872,NA,5,"top5","eeg_tleft_sampent_full_change_precond;eeg_c_theta_mean_full_change_precond;eeg_tleft_halpha_mean_full_change_precond;gsr_skin_conductance_eda_tonic_mean_nk_full_change_precond;eeg_t_sampent_full_change_precond"
2025-11-26 19:26:12.612272,39,"stress_label",5,4,0.1,0.615384615384615,0.647435897435897,NA,5,"top5","eeg_tleft_sampent_full_change_precond;eeg_c_theta_mean_full_change_precond;eeg_tleft_halpha_mean_full_change_precond;gsr_skin_conductance_eda_tonic_mean_nk_full_change_precond;eeg_t_sampent_full_change_precond"
2025-11-26 19:26:13.398627,39,"stress_label",5,8,0.1,0.628205128205128,0.615384615384615,NA,5,"top5","eeg_tleft_sampent_full_change_precond;eeg_c_theta_mean_full_change_precond;eeg_tleft_halpha_mean_full_change_precond;gsr_skin_conductance_eda_tonic_mean_nk_full_change_precond;eeg_t_sampent_full_change_precond"
2025-11-26 19:26:14.182739,39,"stress_label",5,16,0.1,0.615384615384615,0.58974358974359,NA,5,"top5","eeg_tleft_sampent_full_change_precond;eeg_c_theta_mean_full_change_precond;eeg_tleft_halpha_mean_full_change_precond;gsr_skin_conductance_eda_tonic_mean_nk_full_change_precond;eeg_t_sampent_full_change_precond"
2025-11-26 19:26:15.073733,39,"stress_label",5,32,0.1,0.615384615384615,0.608974358974359,NA,5,"top5","eeg_tleft_sampent_full_change_precond;eeg_c_theta_mean_full_change_precond;eeg_tleft_halpha_mean_full_change_precond;gsr_skin_conductance_eda_tonic_mean_nk_full_change_precond;eeg_t_sampent_full_change_precond"
2025-11-26 19:26:16.084296,39,"stress_label",5,64,0.1,0.602564102564103,0.621794871794872,NA,5,"top5","eeg_tleft_sampent_full_change_precond;eeg_c_theta_mean_full_change_precond;eeg_tleft_halpha_mean_full_change_precond;gsr_skin_conductance_eda_tonic_mean_nk_full_change_precond;eeg_t_sampent_full_change_precond"
2025-11-26 19:26:17.241536,39,"stress_label",5,128,0.1,0.557692307692308,0.596153846153846,NA,5,"top5","eeg_tleft_sampent_full_change_precond;eeg_c_theta_mean_full_change_precond;eeg_tleft_halpha_mean_full_change_precond;gsr_skin_conductance_eda_tonic_mean_nk_full_change_precond;eeg_t_sampent_full_change_precond"
2025-11-26 19:26:18.591938,39,"stress_label",5,256,0.1,0.602564102564103,0.653846153846154,0.586324786324786,5,"top5","eeg_tleft_sampent_full_change_precond;eeg_c_theta_mean_full_change_precond;eeg_tleft_halpha_mean_full_change_precond;gsr_skin_conductance_eda_tonic_mean_nk_full_change_precond;eeg_t_sampent_full_change_precond"
2025-11-26 19:26:19.688554,40,"stress_label",20,2,0.0078125,0.564102564102564,0.641025641025641,0.536752136752137,20,"top20","eeg_tleft_sampent_full_change_precond;pupil_dilation_sd_full_change_precond;eeg_c_theta_mean_full_change_precond;gsr_skin_conductance_eda_tonic_mean_nk_full_change_precond;eeg_tleft_halpha_mean_full_change_precond;eeg_pright_sampent_full_change_precond;eeg_tleft_lalpha_mean_full_change_precond;eeg_t_sampent_full_change_precond;eeg_fm_theta_mean_full_change_precond;eeg_fl_hbeta_mean_full_change_precond;eeg_c_specent_full_change_precond;hrv_rmssd_full_change_precond;eeg_fr_sampent_full_change_precond;hr_heartrate_bpm_med_abs_full_change_precond;eeg_tright_halpha_mean_full_change_precond;eeg_c_sampent_full_change_precond;eeg_pleft_halpha_mean_full_change_precond;eeg_tleft_hbeta_mean_full_change_precond;eeg_tleft_theta_mean_full_change_precond;eeg_pleft_lbeta_mean_full_change_precond"
2025-11-26 19:26:20.697487,40,"stress_label",20,4,0.0078125,0.557692307692308,0.634615384615385,0.54017094017094,20,"top20","eeg_tleft_sampent_full_change_precond;pupil_dilation_sd_full_change_precond;eeg_c_theta_mean_full_change_precond;gsr_skin_conductance_eda_tonic_mean_nk_full_change_precond;eeg_tleft_halpha_mean_full_change_precond;eeg_pright_sampent_full_change_precond;eeg_tleft_lalpha_mean_full_change_precond;eeg_t_sampent_full_change_precond;eeg_fm_theta_mean_full_change_precond;eeg_fl_hbeta_mean_full_change_precond;eeg_c_specent_full_change_precond;hrv_rmssd_full_change_precond;eeg_fr_sampent_full_change_precond;hr_heartrate_bpm_med_abs_full_change_precond;eeg_tright_halpha_mean_full_change_precond;eeg_c_sampent_full_change_precond;eeg_pleft_halpha_mean_full_change_precond;eeg_tleft_hbeta_mean_full_change_precond;eeg_tleft_theta_mean_full_change_precond;eeg_pleft_lbeta_mean_full_change_precond"
2025-11-26 19:26:21.59607,40,"stress_label",20,8,0.0078125,0.525641025641026,0.621794871794872,0.515384615384615,20,"top20","eeg_tleft_sampent_full_change_precond;pupil_dilation_sd_full_change_precond;eeg_c_theta_mean_full_change_precond;gsr_skin_conductance_eda_tonic_mean_nk_full_change_precond;eeg_tleft_halpha_mean_full_change_precond;eeg_pright_sampent_full_change_precond;eeg_tleft_lalpha_mean_full_change_precond;eeg_t_sampent_full_change_precond;eeg_fm_theta_mean_full_change_precond;eeg_fl_hbeta_mean_full_change_precond;eeg_c_specent_full_change_precond;hrv_rmssd_full_change_precond;eeg_fr_sampent_full_change_precond;hr_heartrate_bpm_med_abs_full_change_precond;eeg_tright_halpha_mean_full_change_precond;eeg_c_sampent_full_change_precond;eeg_pleft_halpha_mean_full_change_precond;eeg_tleft_hbeta_mean_full_change_precond;eeg_tleft_theta_mean_full_change_precond;eeg_pleft_lbeta_mean_full_change_precond"
2025-11-26 19:26:22.643033,40,"stress_label",20,16,0.0078125,0.512820512820513,0.557692307692308,0.511111111111111,20,"top20","eeg_tleft_sampent_full_change_precond;pupil_dilation_sd_full_change_precond;eeg_c_theta_mean_full_change_precond;gsr_skin_conductance_eda_tonic_mean_nk_full_change_precond;eeg_tleft_halpha_mean_full_change_precond;eeg_pright_sampent_full_change_precond;eeg_tleft_lalpha_mean_full_change_precond;eeg_t_sampent_full_change_precond;eeg_fm_theta_mean_full_change_precond;eeg_fl_hbeta_mean_full_change_precond;eeg_c_specent_full_change_precond;hrv_rmssd_full_change_precond;eeg_fr_sampent_full_change_precond;hr_heartrate_bpm_med_abs_full_change_precond;eeg_tright_halpha_mean_full_change_precond;eeg_c_sampent_full_change_precond;eeg_pleft_halpha_mean_full_change_precond;eeg_tleft_hbeta_mean_full_change_precond;eeg_tleft_theta_mean_full_change_precond;eeg_pleft_lbeta_mean_full_change_precond"
2025-11-26 19:26:23.698386,40,"stress_label",20,32,0.0078125,0.532051282051282,0.525641025641026,0.532478632478632,20,"top20","eeg_tleft_sampent_full_change_precond;pupil_dilation_sd_full_change_precond;eeg_c_theta_mean_full_change_precond;gsr_skin_conductance_eda_tonic_mean_nk_full_change_precond;eeg_tleft_halpha_mean_full_change_precond;eeg_pright_sampent_full_change_precond;eeg_tleft_lalpha_mean_full_change_precond;eeg_t_sampent_full_change_precond;eeg_fm_theta_mean_full_change_precond;eeg_fl_hbeta_mean_full_change_precond;eeg_c_specent_full_change_precond;hrv_rmssd_full_change_precond;eeg_fr_sampent_full_change_precond;hr_heartrate_bpm_med_abs_full_change_precond;eeg_tright_halpha_mean_full_change_precond;eeg_c_sampent_full_change_precond;eeg_pleft_halpha_mean_full_change_precond;eeg_tleft_hbeta_mean_full_change_precond;eeg_tleft_theta_mean_full_change_precond;eeg_pleft_lbeta_mean_full_change_precond"
2025-11-26 19:26:24.845001,40,"stress_label",20,64,0.0078125,0.519230769230769,0.525641025641026,0.51965811965812,20,"top20","eeg_tleft_sampent_full_change_precond;pupil_dilation_sd_full_change_precond;eeg_c_theta_mean_full_change_precond;gsr_skin_conductance_eda_tonic_mean_nk_full_change_precond;eeg_tleft_halpha_mean_full_change_precond;eeg_pright_sampent_full_change_precond;eeg_tleft_lalpha_mean_full_change_precond;eeg_t_sampent_full_change_precond;eeg_fm_theta_mean_full_change_precond;eeg_fl_hbeta_mean_full_change_precond;eeg_c_specent_full_change_precond;hrv_rmssd_full_change_precond;eeg_fr_sampent_full_change_precond;hr_heartrate_bpm_med_abs_full_change_precond;eeg_tright_halpha_mean_full_change_precond;eeg_c_sampent_full_change_precond;eeg_pleft_halpha_mean_full_change_precond;eeg_tleft_hbeta_mean_full_change_precond;eeg_tleft_theta_mean_full_change_precond;eeg_pleft_lbeta_mean_full_change_precond"
2025-11-26 19:26:26.177552,40,"stress_label",20,128,0.0078125,0.506410256410256,0.525641025641026,NA,20,"top20","eeg_tleft_sampent_full_change_precond;pupil_dilation_sd_full_change_precond;eeg_c_theta_mean_full_change_precond;gsr_skin_conductance_eda_tonic_mean_nk_full_change_precond;eeg_tleft_halpha_mean_full_change_precond;eeg_pright_sampent_full_change_precond;eeg_tleft_lalpha_mean_full_change_precond;eeg_t_sampent_full_change_precond;eeg_fm_theta_mean_full_change_precond;eeg_fl_hbeta_mean_full_change_precond;eeg_c_specent_full_change_precond;hrv_rmssd_full_change_precond;eeg_fr_sampent_full_change_precond;hr_heartrate_bpm_med_abs_full_change_precond;eeg_tright_halpha_mean_full_change_precond;eeg_c_sampent_full_change_precond;eeg_pleft_halpha_mean_full_change_precond;eeg_tleft_hbeta_mean_full_change_precond;eeg_tleft_theta_mean_full_change_precond;eeg_pleft_lbeta_mean_full_change_precond"
2025-11-26 19:26:27.703802,40,"stress_label",20,256,0.0078125,0.544871794871795,0.647435897435897,NA,20,"top20","eeg_tleft_sampent_full_change_precond;pupil_dilation_sd_full_change_precond;eeg_c_theta_mean_full_change_precond;gsr_skin_conductance_eda_tonic_mean_nk_full_change_precond;eeg_tleft_halpha_mean_full_change_precond;eeg_pright_sampent_full_change_precond;eeg_tleft_lalpha_mean_full_change_precond;eeg_t_sampent_full_change_precond;eeg_fm_theta_mean_full_change_precond;eeg_fl_hbeta_mean_full_change_precond;eeg_c_specent_full_change_precond;hrv_rmssd_full_change_precond;eeg_fr_sampent_full_change_precond;hr_heartrate_bpm_med_abs_full_change_precond;eeg_tright_halpha_mean_full_change_precond;eeg_c_sampent_full_change_precond;eeg_pleft_halpha_mean_full_change_precond;eeg_tleft_hbeta_mean_full_change_precond;eeg_tleft_theta_mean_full_change_precond;eeg_pleft_lbeta_mean_full_change_precond"
2025-11-26 19:26:28.739288,40,"stress_label",20,2,0.015625,0.532051282051282,0.621794871794872,0.516239316239316,20,"top20","eeg_tleft_sampent_full_change_precond;pupil_dilation_sd_full_change_precond;eeg_c_theta_mean_full_change_precond;gsr_skin_conductance_eda_tonic_mean_nk_full_change_precond;eeg_tleft_halpha_mean_full_change_precond;eeg_pright_sampent_full_change_precond;eeg_tleft_lalpha_mean_full_change_precond;eeg_t_sampent_full_change_precond;eeg_fm_theta_mean_full_change_precond;eeg_fl_hbeta_mean_full_change_precond;eeg_c_specent_full_change_precond;hrv_rmssd_full_change_precond;eeg_fr_sampent_full_change_precond;hr_heartrate_bpm_med_abs_full_change_precond;eeg_tright_halpha_mean_full_change_precond;eeg_c_sampent_full_change_precond;eeg_pleft_halpha_mean_full_change_precond;eeg_tleft_hbeta_mean_full_change_precond;eeg_tleft_theta_mean_full_change_precond;eeg_pleft_lbeta_mean_full_change_precond"
2025-11-26 19:26:29.710128,40,"stress_label",20,4,0.015625,0.538461538461538,0.602564102564103,0.529059829059829,20,"top20","eeg_tleft_sampent_full_change_precond;pupil_dilation_sd_full_change_precond;eeg_c_theta_mean_full_change_precond;gsr_skin_conductance_eda_tonic_mean_nk_full_change_precond;eeg_tleft_halpha_mean_full_change_precond;eeg_pright_sampent_full_change_precond;eeg_tleft_lalpha_mean_full_change_precond;eeg_t_sampent_full_change_precond;eeg_fm_theta_mean_full_change_precond;eeg_fl_hbeta_mean_full_change_precond;eeg_c_specent_full_change_precond;hrv_rmssd_full_change_precond;eeg_fr_sampent_full_change_precond;hr_heartrate_bpm_med_abs_full_change_precond;eeg_tright_halpha_mean_full_change_precond;eeg_c_sampent_full_change_precond;eeg_pleft_halpha_mean_full_change_precond;eeg_tleft_hbeta_mean_full_change_precond;eeg_tleft_theta_mean_full_change_precond;eeg_pleft_lbeta_mean_full_change_precond"
2025-11-26 19:26:30.745601,40,"stress_label",20,8,0.015625,0.525641025641026,0.583333333333333,0.521367521367521,20,"top20","eeg_tleft_sampent_full_change_precond;pupil_dilation_sd_full_change_precond;eeg_c_theta_mean_full_change_precond;gsr_skin_conductance_eda_tonic_mean_nk_full_change_precond;eeg_tleft_halpha_mean_full_change_precond;eeg_pright_sampent_full_change_precond;eeg_tleft_lalpha_mean_full_change_precond;eeg_t_sampent_full_change_precond;eeg_fm_theta_mean_full_change_precond;eeg_fl_hbeta_mean_full_change_precond;eeg_c_specent_full_change_precond;hrv_rmssd_full_change_precond;eeg_fr_sampent_full_change_precond;hr_heartrate_bpm_med_abs_full_change_precond;eeg_tright_halpha_mean_full_change_precond;eeg_c_sampent_full_change_precond;eeg_pleft_halpha_mean_full_change_precond;eeg_tleft_hbeta_mean_full_change_precond;eeg_tleft_theta_mean_full_change_precond;eeg_pleft_lbeta_mean_full_change_precond"
2025-11-26 19:26:31.811125,40,"stress_label",20,16,0.015625,0.512820512820513,0.532051282051282,0.511111111111111,20,"top20","eeg_tleft_sampent_full_change_precond;pupil_dilation_sd_full_change_precond;eeg_c_theta_mean_full_change_precond;gsr_skin_conductance_eda_tonic_mean_nk_full_change_precond;eeg_tleft_halpha_mean_full_change_precond;eeg_pright_sampent_full_change_precond;eeg_tleft_lalpha_mean_full_change_precond;eeg_t_sampent_full_change_precond;eeg_fm_theta_mean_full_change_precond;eeg_fl_hbeta_mean_full_change_precond;eeg_c_specent_full_change_precond;hrv_rmssd_full_change_precond;eeg_fr_sampent_full_change_precond;hr_heartrate_bpm_med_abs_full_change_precond;eeg_tright_halpha_mean_full_change_precond;eeg_c_sampent_full_change_precond;eeg_pleft_halpha_mean_full_change_precond;eeg_tleft_hbeta_mean_full_change_precond;eeg_tleft_theta_mean_full_change_precond;eeg_pleft_lbeta_mean_full_change_precond"
2025-11-26 19:26:33.007037,40,"stress_label",20,32,0.015625,0.532051282051282,0.525641025641026,NA,20,"top20","eeg_tleft_sampent_full_change_precond;pupil_dilation_sd_full_change_precond;eeg_c_theta_mean_full_change_precond;gsr_skin_conductance_eda_tonic_mean_nk_full_change_precond;eeg_tleft_halpha_mean_full_change_precond;eeg_pright_sampent_full_change_precond;eeg_tleft_lalpha_mean_full_change_precond;eeg_t_sampent_full_change_precond;eeg_fm_theta_mean_full_change_precond;eeg_fl_hbeta_mean_full_change_precond;eeg_c_specent_full_change_precond;hrv_rmssd_full_change_precond;eeg_fr_sampent_full_change_precond;hr_heartrate_bpm_med_abs_full_change_precond;eeg_tright_halpha_mean_full_change_precond;eeg_c_sampent_full_change_precond;eeg_pleft_halpha_mean_full_change_precond;eeg_tleft_hbeta_mean_full_change_precond;eeg_tleft_theta_mean_full_change_precond;eeg_pleft_lbeta_mean_full_change_precond"
2025-11-26 19:26:34.184897,40,"stress_label",20,64,0.015625,0.532051282051282,0.583333333333333,NA,20,"top20","eeg_tleft_sampent_full_change_precond;pupil_dilation_sd_full_change_precond;eeg_c_theta_mean_full_change_precond;gsr_skin_conductance_eda_tonic_mean_nk_full_change_precond;eeg_tleft_halpha_mean_full_change_precond;eeg_pright_sampent_full_change_precond;eeg_tleft_lalpha_mean_full_change_precond;eeg_t_sampent_full_change_precond;eeg_fm_theta_mean_full_change_precond;eeg_fl_hbeta_mean_full_change_precond;eeg_c_specent_full_change_precond;hrv_rmssd_full_change_precond;eeg_fr_sampent_full_change_precond;hr_heartrate_bpm_med_abs_full_change_precond;eeg_tright_halpha_mean_full_change_precond;eeg_c_sampent_full_change_precond;eeg_pleft_halpha_mean_full_change_precond;eeg_tleft_hbeta_mean_full_change_precond;eeg_tleft_theta_mean_full_change_precond;eeg_pleft_lbeta_mean_full_change_precond"
2025-11-26 19:26:35.566802,40,"stress_label",20,128,0.015625,0.538461538461538,0.621794871794872,NA,20,"top20","eeg_tleft_sampent_full_change_precond;pupil_dilation_sd_full_change_precond;eeg_c_theta_mean_full_change_precond;gsr_skin_conductance_eda_tonic_mean_nk_full_change_precond;eeg_tleft_halpha_mean_full_change_precond;eeg_pright_sampent_full_change_precond;eeg_tleft_lalpha_mean_full_change_precond;eeg_t_sampent_full_change_precond;eeg_fm_theta_mean_full_change_precond;eeg_fl_hbeta_mean_full_change_precond;eeg_c_specent_full_change_precond;hrv_rmssd_full_change_precond;eeg_fr_sampent_full_change_precond;hr_heartrate_bpm_med_abs_full_change_precond;eeg_tright_halpha_mean_full_change_precond;eeg_c_sampent_full_change_precond;eeg_pleft_halpha_mean_full_change_precond;eeg_tleft_hbeta_mean_full_change_precond;eeg_tleft_theta_mean_full_change_precond;eeg_pleft_lbeta_mean_full_change_precond"
2025-11-26 19:26:36.94168,40,"stress_label",20,256,0.015625,0.564102564102564,0.58974358974359,NA,20,"top20","eeg_tleft_sampent_full_change_precond;pupil_dilation_sd_full_change_precond;eeg_c_theta_mean_full_change_precond;gsr_skin_conductance_eda_tonic_mean_nk_full_change_precond;eeg_tleft_halpha_mean_full_change_precond;eeg_pright_sampent_full_change_precond;eeg_tleft_lalpha_mean_full_change_precond;eeg_t_sampent_full_change_precond;eeg_fm_theta_mean_full_change_precond;eeg_fl_hbeta_mean_full_change_precond;eeg_c_specent_full_change_precond;hrv_rmssd_full_change_precond;eeg_fr_sampent_full_change_precond;hr_heartrate_bpm_med_abs_full_change_precond;eeg_tright_halpha_mean_full_change_precond;eeg_c_sampent_full_change_precond;eeg_pleft_halpha_mean_full_change_precond;eeg_tleft_hbeta_mean_full_change_precond;eeg_tleft_theta_mean_full_change_precond;eeg_pleft_lbeta_mean_full_change_precond"
2025-11-26 19:26:37.969798,40,"stress_label",20,2,0.03125,0.532051282051282,0.58974358974359,0.526495726495727,20,"top20","eeg_tleft_sampent_full_change_precond;pupil_dilation_sd_full_change_precond;eeg_c_theta_mean_full_change_precond;gsr_skin_conductance_eda_tonic_mean_nk_full_change_precond;eeg_tleft_halpha_mean_full_change_precond;eeg_pright_sampent_full_change_precond;eeg_tleft_lalpha_mean_full_change_precond;eeg_t_sampent_full_change_precond;eeg_fm_theta_mean_full_change_precond;eeg_fl_hbeta_mean_full_change_precond;eeg_c_specent_full_change_precond;hrv_rmssd_full_change_precond;eeg_fr_sampent_full_change_precond;hr_heartrate_bpm_med_abs_full_change_precond;eeg_tright_halpha_mean_full_change_precond;eeg_c_sampent_full_change_precond;eeg_pleft_halpha_mean_full_change_precond;eeg_tleft_hbeta_mean_full_change_precond;eeg_tleft_theta_mean_full_change_precond;eeg_pleft_lbeta_mean_full_change_precond"
2025-11-26 19:26:39.209758,40,"stress_label",20,4,0.03125,0.506410256410256,0.544871794871795,0.494017094017094,20,"top20","eeg_tleft_sampent_full_change_precond;pupil_dilation_sd_full_change_precond;eeg_c_theta_mean_full_change_precond;gsr_skin_conductance_eda_tonic_mean_nk_full_change_precond;eeg_tleft_halpha_mean_full_change_precond;eeg_pright_sampent_full_change_precond;eeg_tleft_lalpha_mean_full_change_precond;eeg_t_sampent_full_change_precond;eeg_fm_theta_mean_full_change_precond;eeg_fl_hbeta_mean_full_change_precond;eeg_c_specent_full_change_precond;hrv_rmssd_full_change_precond;eeg_fr_sampent_full_change_precond;hr_heartrate_bpm_med_abs_full_change_precond;eeg_tright_halpha_mean_full_change_precond;eeg_c_sampent_full_change_precond;eeg_pleft_halpha_mean_full_change_precond;eeg_tleft_hbeta_mean_full_change_precond;eeg_tleft_theta_mean_full_change_precond;eeg_pleft_lbeta_mean_full_change_precond"
2025-11-26 19:26:40.281277,40,"stress_label",20,8,0.03125,0.519230769230769,0.519230769230769,0.511965811965812,20,"top20","eeg_tleft_sampent_full_change_precond;pupil_dilation_sd_full_change_precond;eeg_c_theta_mean_full_change_precond;gsr_skin_conductance_eda_tonic_mean_nk_full_change_precond;eeg_tleft_halpha_mean_full_change_precond;eeg_pright_sampent_full_change_precond;eeg_tleft_lalpha_mean_full_change_precond;eeg_t_sampent_full_change_precond;eeg_fm_theta_mean_full_change_precond;eeg_fl_hbeta_mean_full_change_precond;eeg_c_specent_full_change_precond;hrv_rmssd_full_change_precond;eeg_fr_sampent_full_change_precond;hr_heartrate_bpm_med_abs_full_change_precond;eeg_tright_halpha_mean_full_change_precond;eeg_c_sampent_full_change_precond;eeg_pleft_halpha_mean_full_change_precond;eeg_tleft_hbeta_mean_full_change_precond;eeg_tleft_theta_mean_full_change_precond;eeg_pleft_lbeta_mean_full_change_precond"
2025-11-26 19:26:41.474762,40,"stress_label",20,16,0.03125,0.532051282051282,0.58974358974359,NA,20,"top20","eeg_tleft_sampent_full_change_precond;pupil_dilation_sd_full_change_precond;eeg_c_theta_mean_full_change_precond;gsr_skin_conductance_eda_tonic_mean_nk_full_change_precond;eeg_tleft_halpha_mean_full_change_precond;eeg_pright_sampent_full_change_precond;eeg_tleft_lalpha_mean_full_change_precond;eeg_t_sampent_full_change_precond;eeg_fm_theta_mean_full_change_precond;eeg_fl_hbeta_mean_full_change_precond;eeg_c_specent_full_change_precond;hrv_rmssd_full_change_precond;eeg_fr_sampent_full_change_precond;hr_heartrate_bpm_med_abs_full_change_precond;eeg_tright_halpha_mean_full_change_precond;eeg_c_sampent_full_change_precond;eeg_pleft_halpha_mean_full_change_precond;eeg_tleft_hbeta_mean_full_change_precond;eeg_tleft_theta_mean_full_change_precond;eeg_pleft_lbeta_mean_full_change_precond"
2025-11-26 19:26:42.669054,40,"stress_label",20,32,0.03125,0.551282051282051,0.615384615384615,NA,20,"top20","eeg_tleft_sampent_full_change_precond;pupil_dilation_sd_full_change_precond;eeg_c_theta_mean_full_change_precond;gsr_skin_conductance_eda_tonic_mean_nk_full_change_precond;eeg_tleft_halpha_mean_full_change_precond;eeg_pright_sampent_full_change_precond;eeg_tleft_lalpha_mean_full_change_precond;eeg_t_sampent_full_change_precond;eeg_fm_theta_mean_full_change_precond;eeg_fl_hbeta_mean_full_change_precond;eeg_c_specent_full_change_precond;hrv_rmssd_full_change_precond;eeg_fr_sampent_full_change_precond;hr_heartrate_bpm_med_abs_full_change_precond;eeg_tright_halpha_mean_full_change_precond;eeg_c_sampent_full_change_precond;eeg_pleft_halpha_mean_full_change_precond;eeg_tleft_hbeta_mean_full_change_precond;eeg_tleft_theta_mean_full_change_precond;eeg_pleft_lbeta_mean_full_change_precond"
2025-11-26 19:26:43.65927,40,"stress_label",20,64,0.03125,0.557692307692308,0.538461538461538,NA,20,"top20","eeg_tleft_sampent_full_change_precond;pupil_dilation_sd_full_change_precond;eeg_c_theta_mean_full_change_precond;gsr_skin_conductance_eda_tonic_mean_nk_full_change_precond;eeg_tleft_halpha_mean_full_change_precond;eeg_pright_sampent_full_change_precond;eeg_tleft_lalpha_mean_full_change_precond;eeg_t_sampent_full_change_precond;eeg_fm_theta_mean_full_change_precond;eeg_fl_hbeta_mean_full_change_precond;eeg_c_specent_full_change_precond;hrv_rmssd_full_change_precond;eeg_fr_sampent_full_change_precond;hr_heartrate_bpm_med_abs_full_change_precond;eeg_tright_halpha_mean_full_change_precond;eeg_c_sampent_full_change_precond;eeg_pleft_halpha_mean_full_change_precond;eeg_tleft_hbeta_mean_full_change_precond;eeg_tleft_theta_mean_full_change_precond;eeg_pleft_lbeta_mean_full_change_precond"
2025-11-26 19:26:44.759181,40,"stress_label",20,128,0.03125,0.544871794871795,0.583333333333333,NA,20,"top20","eeg_tleft_sampent_full_change_precond;pupil_dilation_sd_full_change_precond;eeg_c_theta_mean_full_change_precond;gsr_skin_conductance_eda_tonic_mean_nk_full_change_precond;eeg_tleft_halpha_mean_full_change_precond;eeg_pright_sampent_full_change_precond;eeg_tleft_lalpha_mean_full_change_precond;eeg_t_sampent_full_change_precond;eeg_fm_theta_mean_full_change_precond;eeg_fl_hbeta_mean_full_change_precond;eeg_c_specent_full_change_precond;hrv_rmssd_full_change_precond;eeg_fr_sampent_full_change_precond;hr_heartrate_bpm_med_abs_full_change_precond;eeg_tright_halpha_mean_full_change_precond;eeg_c_sampent_full_change_precond;eeg_pleft_halpha_mean_full_change_precond;eeg_tleft_hbeta_mean_full_change_precond;eeg_tleft_theta_mean_full_change_precond;eeg_pleft_lbeta_mean_full_change_precond"
2025-11-26 19:26:45.803938,40,"stress_label",20,256,0.03125,0.544871794871795,0.596153846153846,NA,20,"top20","eeg_tleft_sampent_full_change_precond;pupil_dilation_sd_full_change_precond;eeg_c_theta_mean_full_change_precond;gsr_skin_conductance_eda_tonic_mean_nk_full_change_precond;eeg_tleft_halpha_mean_full_change_precond;eeg_pright_sampent_full_change_precond;eeg_tleft_lalpha_mean_full_change_precond;eeg_t_sampent_full_change_precond;eeg_fm_theta_mean_full_change_precond;eeg_fl_hbeta_mean_full_change_precond;eeg_c_specent_full_change_precond;hrv_rmssd_full_change_precond;eeg_fr_sampent_full_change_precond;hr_heartrate_bpm_med_abs_full_change_precond;eeg_tright_halpha_mean_full_change_precond;eeg_c_sampent_full_change_precond;eeg_pleft_halpha_mean_full_change_precond;eeg_tleft_hbeta_mean_full_change_precond;eeg_tleft_theta_mean_full_change_precond;eeg_pleft_lbeta_mean_full_change_precond"
2025-11-26 19:26:46.8855,40,"stress_label",20,2,0.0625,0.544871794871795,0.557692307692308,NA,20,"top20","eeg_tleft_sampent_full_change_precond;pupil_dilation_sd_full_change_precond;eeg_c_theta_mean_full_change_precond;gsr_skin_conductance_eda_tonic_mean_nk_full_change_precond;eeg_tleft_halpha_mean_full_change_precond;eeg_pright_sampent_full_change_precond;eeg_tleft_lalpha_mean_full_change_precond;eeg_t_sampent_full_change_precond;eeg_fm_theta_mean_full_change_precond;eeg_fl_hbeta_mean_full_change_precond;eeg_c_specent_full_change_precond;hrv_rmssd_full_change_precond;eeg_fr_sampent_full_change_precond;hr_heartrate_bpm_med_abs_full_change_precond;eeg_tright_halpha_mean_full_change_precond;eeg_c_sampent_full_change_precond;eeg_pleft_halpha_mean_full_change_precond;eeg_tleft_hbeta_mean_full_change_precond;eeg_tleft_theta_mean_full_change_precond;eeg_pleft_lbeta_mean_full_change_precond"
2025-11-26 19:26:48.001189,40,"stress_label",20,4,0.0625,0.512820512820513,0.551282051282051,NA,20,"top20","eeg_tleft_sampent_full_change_precond;pupil_dilation_sd_full_change_precond;eeg_c_theta_mean_full_change_precond;gsr_skin_conductance_eda_tonic_mean_nk_full_change_precond;eeg_tleft_halpha_mean_full_change_precond;eeg_pright_sampent_full_change_precond;eeg_tleft_lalpha_mean_full_change_precond;eeg_t_sampent_full_change_precond;eeg_fm_theta_mean_full_change_precond;eeg_fl_hbeta_mean_full_change_precond;eeg_c_specent_full_change_precond;hrv_rmssd_full_change_precond;eeg_fr_sampent_full_change_precond;hr_heartrate_bpm_med_abs_full_change_precond;eeg_tright_halpha_mean_full_change_precond;eeg_c_sampent_full_change_precond;eeg_pleft_halpha_mean_full_change_precond;eeg_tleft_hbeta_mean_full_change_precond;eeg_tleft_theta_mean_full_change_precond;eeg_pleft_lbeta_mean_full_change_precond"
2025-11-26 19:26:49.15203,40,"stress_label",20,8,0.0625,0.551282051282051,0.608974358974359,NA,20,"top20","eeg_tleft_sampent_full_change_precond;pupil_dilation_sd_full_change_precond;eeg_c_theta_mean_full_change_precond;gsr_skin_conductance_eda_tonic_mean_nk_full_change_precond;eeg_tleft_halpha_mean_full_change_precond;eeg_pright_sampent_full_change_precond;eeg_tleft_lalpha_mean_full_change_precond;eeg_t_sampent_full_change_precond;eeg_fm_theta_mean_full_change_precond;eeg_fl_hbeta_mean_full_change_precond;eeg_c_specent_full_change_precond;hrv_rmssd_full_change_precond;eeg_fr_sampent_full_change_precond;hr_heartrate_bpm_med_abs_full_change_precond;eeg_tright_halpha_mean_full_change_precond;eeg_c_sampent_full_change_precond;eeg_pleft_halpha_mean_full_change_precond;eeg_tleft_hbeta_mean_full_change_precond;eeg_tleft_theta_mean_full_change_precond;eeg_pleft_lbeta_mean_full_change_precond"
2025-11-26 19:26:50.277068,40,"stress_label",20,16,0.0625,0.538461538461538,0.58974358974359,NA,20,"top20","eeg_tleft_sampent_full_change_precond;pupil_dilation_sd_full_change_precond;eeg_c_theta_mean_full_change_precond;gsr_skin_conductance_eda_tonic_mean_nk_full_change_precond;eeg_tleft_halpha_mean_full_change_precond;eeg_pright_sampent_full_change_precond;eeg_tleft_lalpha_mean_full_change_precond;eeg_t_sampent_full_change_precond;eeg_fm_theta_mean_full_change_precond;eeg_fl_hbeta_mean_full_change_precond;eeg_c_specent_full_change_precond;hrv_rmssd_full_change_precond;eeg_fr_sampent_full_change_precond;hr_heartrate_bpm_med_abs_full_change_precond;eeg_tright_halpha_mean_full_change_precond;eeg_c_sampent_full_change_precond;eeg_pleft_halpha_mean_full_change_precond;eeg_tleft_hbeta_mean_full_change_precond;eeg_tleft_theta_mean_full_change_precond;eeg_pleft_lbeta_mean_full_change_precond"
2025-11-26 19:26:51.463791,40,"stress_label",20,32,0.0625,0.532051282051282,0.583333333333333,NA,20,"top20","eeg_tleft_sampent_full_change_precond;pupil_dilation_sd_full_change_precond;eeg_c_theta_mean_full_change_precond;gsr_skin_conductance_eda_tonic_mean_nk_full_change_precond;eeg_tleft_halpha_mean_full_change_precond;eeg_pright_sampent_full_change_precond;eeg_tleft_lalpha_mean_full_change_precond;eeg_t_sampent_full_change_precond;eeg_fm_theta_mean_full_change_precond;eeg_fl_hbeta_mean_full_change_precond;eeg_c_specent_full_change_precond;hrv_rmssd_full_change_precond;eeg_fr_sampent_full_change_precond;hr_heartrate_bpm_med_abs_full_change_precond;eeg_tright_halpha_mean_full_change_precond;eeg_c_sampent_full_change_precond;eeg_pleft_halpha_mean_full_change_precond;eeg_tleft_hbeta_mean_full_change_precond;eeg_tleft_theta_mean_full_change_precond;eeg_pleft_lbeta_mean_full_change_precond"
2025-11-26 19:26:52.621297,40,"stress_label",20,64,0.0625,0.532051282051282,0.583333333333333,NA,20,"top20","eeg_tleft_sampent_full_change_precond;pupil_dilation_sd_full_change_precond;eeg_c_theta_mean_full_change_precond;gsr_skin_conductance_eda_tonic_mean_nk_full_change_precond;eeg_tleft_halpha_mean_full_change_precond;eeg_pright_sampent_full_change_precond;eeg_tleft_lalpha_mean_full_change_precond;eeg_t_sampent_full_change_precond;eeg_fm_theta_mean_full_change_precond;eeg_fl_hbeta_mean_full_change_precond;eeg_c_specent_full_change_precond;hrv_rmssd_full_change_precond;eeg_fr_sampent_full_change_precond;hr_heartrate_bpm_med_abs_full_change_precond;eeg_tright_halpha_mean_full_change_precond;eeg_c_sampent_full_change_precond;eeg_pleft_halpha_mean_full_change_precond;eeg_tleft_hbeta_mean_full_change_precond;eeg_tleft_theta_mean_full_change_precond;eeg_pleft_lbeta_mean_full_change_precond"
2025-11-26 19:26:53.799938,40,"stress_label",20,128,0.0625,0.532051282051282,0.583333333333333,NA,20,"top20","eeg_tleft_sampent_full_change_precond;pupil_dilation_sd_full_change_precond;eeg_c_theta_mean_full_change_precond;gsr_skin_conductance_eda_tonic_mean_nk_full_change_precond;eeg_tleft_halpha_mean_full_change_precond;eeg_pright_sampent_full_change_precond;eeg_tleft_lalpha_mean_full_change_precond;eeg_t_sampent_full_change_precond;eeg_fm_theta_mean_full_change_precond;eeg_fl_hbeta_mean_full_change_precond;eeg_c_specent_full_change_precond;hrv_rmssd_full_change_precond;eeg_fr_sampent_full_change_precond;hr_heartrate_bpm_med_abs_full_change_precond;eeg_tright_halpha_mean_full_change_precond;eeg_c_sampent_full_change_precond;eeg_pleft_halpha_mean_full_change_precond;eeg_tleft_hbeta_mean_full_change_precond;eeg_tleft_theta_mean_full_change_precond;eeg_pleft_lbeta_mean_full_change_precond"
2025-11-26 19:26:54.867871,40,"stress_label",20,256,0.0625,0.532051282051282,0.583333333333333,NA,20,"top20","eeg_tleft_sampent_full_change_precond;pupil_dilation_sd_full_change_precond;eeg_c_theta_mean_full_change_precond;gsr_skin_conductance_eda_tonic_mean_nk_full_change_precond;eeg_tleft_halpha_mean_full_change_precond;eeg_pright_sampent_full_change_precond;eeg_tleft_lalpha_mean_full_change_precond;eeg_t_sampent_full_change_precond;eeg_fm_theta_mean_full_change_precond;eeg_fl_hbeta_mean_full_change_precond;eeg_c_specent_full_change_precond;hrv_rmssd_full_change_precond;eeg_fr_sampent_full_change_precond;hr_heartrate_bpm_med_abs_full_change_precond;eeg_tright_halpha_mean_full_change_precond;eeg_c_sampent_full_change_precond;eeg_pleft_halpha_mean_full_change_precond;eeg_tleft_hbeta_mean_full_change_precond;eeg_tleft_theta_mean_full_change_precond;eeg_pleft_lbeta_mean_full_change_precond"
2025-11-26 19:26:55.860189,40,"stress_label",20,2,0.125,0.557692307692308,0.576923076923077,NA,20,"top20","eeg_tleft_sampent_full_change_precond;pupil_dilation_sd_full_change_precond;eeg_c_theta_mean_full_change_precond;gsr_skin_conductance_eda_tonic_mean_nk_full_change_precond;eeg_tleft_halpha_mean_full_change_precond;eeg_pright_sampent_full_change_precond;eeg_tleft_lalpha_mean_full_change_precond;eeg_t_sampent_full_change_precond;eeg_fm_theta_mean_full_change_precond;eeg_fl_hbeta_mean_full_change_precond;eeg_c_specent_full_change_precond;hrv_rmssd_full_change_precond;eeg_fr_sampent_full_change_precond;hr_heartrate_bpm_med_abs_full_change_precond;eeg_tright_halpha_mean_full_change_precond;eeg_c_sampent_full_change_precond;eeg_pleft_halpha_mean_full_change_precond;eeg_tleft_hbeta_mean_full_change_precond;eeg_tleft_theta_mean_full_change_precond;eeg_pleft_lbeta_mean_full_change_precond"
2025-11-26 19:26:56.949251,40,"stress_label",20,4,0.125,0.583333333333333,0.608974358974359,NA,20,"top20","eeg_tleft_sampent_full_change_precond;pupil_dilation_sd_full_change_precond;eeg_c_theta_mean_full_change_precond;gsr_skin_conductance_eda_tonic_mean_nk_full_change_precond;eeg_tleft_halpha_mean_full_change_precond;eeg_pright_sampent_full_change_precond;eeg_tleft_lalpha_mean_full_change_precond;eeg_t_sampent_full_change_precond;eeg_fm_theta_mean_full_change_precond;eeg_fl_hbeta_mean_full_change_precond;eeg_c_specent_full_change_precond;hrv_rmssd_full_change_precond;eeg_fr_sampent_full_change_precond;hr_heartrate_bpm_med_abs_full_change_precond;eeg_tright_halpha_mean_full_change_precond;eeg_c_sampent_full_change_precond;eeg_pleft_halpha_mean_full_change_precond;eeg_tleft_hbeta_mean_full_change_precond;eeg_tleft_theta_mean_full_change_precond;eeg_pleft_lbeta_mean_full_change_precond"
2025-11-26 19:26:58.056381,40,"stress_label",20,8,0.125,0.544871794871795,0.57051282051282,NA,20,"top20","eeg_tleft_sampent_full_change_precond;pupil_dilation_sd_full_change_precond;eeg_c_theta_mean_full_change_precond;gsr_skin_conductance_eda_tonic_mean_nk_full_change_precond;eeg_tleft_halpha_mean_full_change_precond;eeg_pright_sampent_full_change_precond;eeg_tleft_lalpha_mean_full_change_precond;eeg_t_sampent_full_change_precond;eeg_fm_theta_mean_full_change_precond;eeg_fl_hbeta_mean_full_change_precond;eeg_c_specent_full_change_precond;hrv_rmssd_full_change_precond;eeg_fr_sampent_full_change_precond;hr_heartrate_bpm_med_abs_full_change_precond;eeg_tright_halpha_mean_full_change_precond;eeg_c_sampent_full_change_precond;eeg_pleft_halpha_mean_full_change_precond;eeg_tleft_hbeta_mean_full_change_precond;eeg_tleft_theta_mean_full_change_precond;eeg_pleft_lbeta_mean_full_change_precond"
2025-11-26 19:26:59.193239,40,"stress_label",20,16,0.125,0.544871794871795,0.57051282051282,NA,20,"top20","eeg_tleft_sampent_full_change_precond;pupil_dilation_sd_full_change_precond;eeg_c_theta_mean_full_change_precond;gsr_skin_conductance_eda_tonic_mean_nk_full_change_precond;eeg_tleft_halpha_mean_full_change_precond;eeg_pright_sampent_full_change_precond;eeg_tleft_lalpha_mean_full_change_precond;eeg_t_sampent_full_change_precond;eeg_fm_theta_mean_full_change_precond;eeg_fl_hbeta_mean_full_change_precond;eeg_c_specent_full_change_precond;hrv_rmssd_full_change_precond;eeg_fr_sampent_full_change_precond;hr_heartrate_bpm_med_abs_full_change_precond;eeg_tright_halpha_mean_full_change_precond;eeg_c_sampent_full_change_precond;eeg_pleft_halpha_mean_full_change_precond;eeg_tleft_hbeta_mean_full_change_precond;eeg_tleft_theta_mean_full_change_precond;eeg_pleft_lbeta_mean_full_change_precond"
2025-11-26 19:27:00.34155,40,"stress_label",20,32,0.125,0.544871794871795,0.57051282051282,NA,20,"top20","eeg_tleft_sampent_full_change_precond;pupil_dilation_sd_full_change_precond;eeg_c_theta_mean_full_change_precond;gsr_skin_conductance_eda_tonic_mean_nk_full_change_precond;eeg_tleft_halpha_mean_full_change_precond;eeg_pright_sampent_full_change_precond;eeg_tleft_lalpha_mean_full_change_precond;eeg_t_sampent_full_change_precond;eeg_fm_theta_mean_full_change_precond;eeg_fl_hbeta_mean_full_change_precond;eeg_c_specent_full_change_precond;hrv_rmssd_full_change_precond;eeg_fr_sampent_full_change_precond;hr_heartrate_bpm_med_abs_full_change_precond;eeg_tright_halpha_mean_full_change_precond;eeg_c_sampent_full_change_precond;eeg_pleft_halpha_mean_full_change_precond;eeg_tleft_hbeta_mean_full_change_precond;eeg_tleft_theta_mean_full_change_precond;eeg_pleft_lbeta_mean_full_change_precond"
2025-11-26 19:27:01.467873,40,"stress_label",20,64,0.125,0.544871794871795,0.57051282051282,NA,20,"top20","eeg_tleft_sampent_full_change_precond;pupil_dilation_sd_full_change_precond;eeg_c_theta_mean_full_change_precond;gsr_skin_conductance_eda_tonic_mean_nk_full_change_precond;eeg_tleft_halpha_mean_full_change_precond;eeg_pright_sampent_full_change_precond;eeg_tleft_lalpha_mean_full_change_precond;eeg_t_sampent_full_change_precond;eeg_fm_theta_mean_full_change_precond;eeg_fl_hbeta_mean_full_change_precond;eeg_c_specent_full_change_precond;hrv_rmssd_full_change_precond;eeg_fr_sampent_full_change_precond;hr_heartrate_bpm_med_abs_full_change_precond;eeg_tright_halpha_mean_full_change_precond;eeg_c_sampent_full_change_precond;eeg_pleft_halpha_mean_full_change_precond;eeg_tleft_hbeta_mean_full_change_precond;eeg_tleft_theta_mean_full_change_precond;eeg_pleft_lbeta_mean_full_change_precond"
2025-11-26 19:27:02.430827,40,"stress_label",20,128,0.125,0.544871794871795,0.57051282051282,NA,20,"top20","eeg_tleft_sampent_full_change_precond;pupil_dilation_sd_full_change_precond;eeg_c_theta_mean_full_change_precond;gsr_skin_conductance_eda_tonic_mean_nk_full_change_precond;eeg_tleft_halpha_mean_full_change_precond;eeg_pright_sampent_full_change_precond;eeg_tleft_lalpha_mean_full_change_precond;eeg_t_sampent_full_change_precond;eeg_fm_theta_mean_full_change_precond;eeg_fl_hbeta_mean_full_change_precond;eeg_c_specent_full_change_precond;hrv_rmssd_full_change_precond;eeg_fr_sampent_full_change_precond;hr_heartrate_bpm_med_abs_full_change_precond;eeg_tright_halpha_mean_full_change_precond;eeg_c_sampent_full_change_precond;eeg_pleft_halpha_mean_full_change_precond;eeg_tleft_hbeta_mean_full_change_precond;eeg_tleft_theta_mean_full_change_precond;eeg_pleft_lbeta_mean_full_change_precond"
2025-11-26 19:27:03.523647,40,"stress_label",20,256,0.125,0.544871794871795,0.57051282051282,NA,20,"top20","eeg_tleft_sampent_full_change_precond;pupil_dilation_sd_full_change_precond;eeg_c_theta_mean_full_change_precond;gsr_skin_conductance_eda_tonic_mean_nk_full_change_precond;eeg_tleft_halpha_mean_full_change_precond;eeg_pright_sampent_full_change_precond;eeg_tleft_lalpha_mean_full_change_precond;eeg_t_sampent_full_change_precond;eeg_fm_theta_mean_full_change_precond;eeg_fl_hbeta_mean_full_change_precond;eeg_c_specent_full_change_precond;hrv_rmssd_full_change_precond;eeg_fr_sampent_full_change_precond;hr_heartrate_bpm_med_abs_full_change_precond;eeg_tright_halpha_mean_full_change_precond;eeg_c_sampent_full_change_precond;eeg_pleft_halpha_mean_full_change_precond;eeg_tleft_hbeta_mean_full_change_precond;eeg_tleft_theta_mean_full_change_precond;eeg_pleft_lbeta_mean_full_change_precond"
2025-11-26 19:27:04.547272,40,"stress_label",20,2,0.03,0.525641025641026,0.58974358974359,0.521367521367521,20,"top20","eeg_tleft_sampent_full_change_precond;pupil_dilation_sd_full_change_precond;eeg_c_theta_mean_full_change_precond;gsr_skin_conductance_eda_tonic_mean_nk_full_change_precond;eeg_tleft_halpha_mean_full_change_precond;eeg_pright_sampent_full_change_precond;eeg_tleft_lalpha_mean_full_change_precond;eeg_t_sampent_full_change_precond;eeg_fm_theta_mean_full_change_precond;eeg_fl_hbeta_mean_full_change_precond;eeg_c_specent_full_change_precond;hrv_rmssd_full_change_precond;eeg_fr_sampent_full_change_precond;hr_heartrate_bpm_med_abs_full_change_precond;eeg_tright_halpha_mean_full_change_precond;eeg_c_sampent_full_change_precond;eeg_pleft_halpha_mean_full_change_precond;eeg_tleft_hbeta_mean_full_change_precond;eeg_tleft_theta_mean_full_change_precond;eeg_pleft_lbeta_mean_full_change_precond"
2025-11-26 19:27:05.596346,40,"stress_label",20,4,0.03,0.506410256410256,0.557692307692308,0.494017094017094,20,"top20","eeg_tleft_sampent_full_change_precond;pupil_dilation_sd_full_change_precond;eeg_c_theta_mean_full_change_precond;gsr_skin_conductance_eda_tonic_mean_nk_full_change_precond;eeg_tleft_halpha_mean_full_change_precond;eeg_pright_sampent_full_change_precond;eeg_tleft_lalpha_mean_full_change_precond;eeg_t_sampent_full_change_precond;eeg_fm_theta_mean_full_change_precond;eeg_fl_hbeta_mean_full_change_precond;eeg_c_specent_full_change_precond;hrv_rmssd_full_change_precond;eeg_fr_sampent_full_change_precond;hr_heartrate_bpm_med_abs_full_change_precond;eeg_tright_halpha_mean_full_change_precond;eeg_c_sampent_full_change_precond;eeg_pleft_halpha_mean_full_change_precond;eeg_tleft_hbeta_mean_full_change_precond;eeg_tleft_theta_mean_full_change_precond;eeg_pleft_lbeta_mean_full_change_precond"
2025-11-26 19:27:06.653735,40,"stress_label",20,8,0.03,0.519230769230769,0.538461538461538,0.515384615384615,20,"top20","eeg_tleft_sampent_full_change_precond;pupil_dilation_sd_full_change_precond;eeg_c_theta_mean_full_change_precond;gsr_skin_conductance_eda_tonic_mean_nk_full_change_precond;eeg_tleft_halpha_mean_full_change_precond;eeg_pright_sampent_full_change_precond;eeg_tleft_lalpha_mean_full_change_precond;eeg_t_sampent_full_change_precond;eeg_fm_theta_mean_full_change_precond;eeg_fl_hbeta_mean_full_change_precond;eeg_c_specent_full_change_precond;hrv_rmssd_full_change_precond;eeg_fr_sampent_full_change_precond;hr_heartrate_bpm_med_abs_full_change_precond;eeg_tright_halpha_mean_full_change_precond;eeg_c_sampent_full_change_precond;eeg_pleft_halpha_mean_full_change_precond;eeg_tleft_hbeta_mean_full_change_precond;eeg_tleft_theta_mean_full_change_precond;eeg_pleft_lbeta_mean_full_change_precond"
2025-11-26 19:27:07.804159,40,"stress_label",20,16,0.03,0.519230769230769,0.583333333333333,NA,20,"top20","eeg_tleft_sampent_full_change_precond;pupil_dilation_sd_full_change_precond;eeg_c_theta_mean_full_change_precond;gsr_skin_conductance_eda_tonic_mean_nk_full_change_precond;eeg_tleft_halpha_mean_full_change_precond;eeg_pright_sampent_full_change_precond;eeg_tleft_lalpha_mean_full_change_precond;eeg_t_sampent_full_change_precond;eeg_fm_theta_mean_full_change_precond;eeg_fl_hbeta_mean_full_change_precond;eeg_c_specent_full_change_precond;hrv_rmssd_full_change_precond;eeg_fr_sampent_full_change_precond;hr_heartrate_bpm_med_abs_full_change_precond;eeg_tright_halpha_mean_full_change_precond;eeg_c_sampent_full_change_precond;eeg_pleft_halpha_mean_full_change_precond;eeg_tleft_hbeta_mean_full_change_precond;eeg_tleft_theta_mean_full_change_precond;eeg_pleft_lbeta_mean_full_change_precond"
2025-11-26 19:27:09.001897,40,"stress_label",20,32,0.03,0.551282051282051,0.583333333333333,NA,20,"top20","eeg_tleft_sampent_full_change_precond;pupil_dilation_sd_full_change_precond;eeg_c_theta_mean_full_change_precond;gsr_skin_conductance_eda_tonic_mean_nk_full_change_precond;eeg_tleft_halpha_mean_full_change_precond;eeg_pright_sampent_full_change_precond;eeg_tleft_lalpha_mean_full_change_precond;eeg_t_sampent_full_change_precond;eeg_fm_theta_mean_full_change_precond;eeg_fl_hbeta_mean_full_change_precond;eeg_c_specent_full_change_precond;hrv_rmssd_full_change_precond;eeg_fr_sampent_full_change_precond;hr_heartrate_bpm_med_abs_full_change_precond;eeg_tright_halpha_mean_full_change_precond;eeg_c_sampent_full_change_precond;eeg_pleft_halpha_mean_full_change_precond;eeg_tleft_hbeta_mean_full_change_precond;eeg_tleft_theta_mean_full_change_precond;eeg_pleft_lbeta_mean_full_change_precond"
2025-11-26 19:27:10.199362,40,"stress_label",20,64,0.03,0.564102564102564,0.583333333333333,NA,20,"top20","eeg_tleft_sampent_full_change_precond;pupil_dilation_sd_full_change_precond;eeg_c_theta_mean_full_change_precond;gsr_skin_conductance_eda_tonic_mean_nk_full_change_precond;eeg_tleft_halpha_mean_full_change_precond;eeg_pright_sampent_full_change_precond;eeg_tleft_lalpha_mean_full_change_precond;eeg_t_sampent_full_change_precond;eeg_fm_theta_mean_full_change_precond;eeg_fl_hbeta_mean_full_change_precond;eeg_c_specent_full_change_precond;hrv_rmssd_full_change_precond;eeg_fr_sampent_full_change_precond;hr_heartrate_bpm_med_abs_full_change_precond;eeg_tright_halpha_mean_full_change_precond;eeg_c_sampent_full_change_precond;eeg_pleft_halpha_mean_full_change_precond;eeg_tleft_hbeta_mean_full_change_precond;eeg_tleft_theta_mean_full_change_precond;eeg_pleft_lbeta_mean_full_change_precond"
2025-11-26 19:27:11.440627,40,"stress_label",20,128,0.03,0.544871794871795,0.57051282051282,NA,20,"top20","eeg_tleft_sampent_full_change_precond;pupil_dilation_sd_full_change_precond;eeg_c_theta_mean_full_change_precond;gsr_skin_conductance_eda_tonic_mean_nk_full_change_precond;eeg_tleft_halpha_mean_full_change_precond;eeg_pright_sampent_full_change_precond;eeg_tleft_lalpha_mean_full_change_precond;eeg_t_sampent_full_change_precond;eeg_fm_theta_mean_full_change_precond;eeg_fl_hbeta_mean_full_change_precond;eeg_c_specent_full_change_precond;hrv_rmssd_full_change_precond;eeg_fr_sampent_full_change_precond;hr_heartrate_bpm_med_abs_full_change_precond;eeg_tright_halpha_mean_full_change_precond;eeg_c_sampent_full_change_precond;eeg_pleft_halpha_mean_full_change_precond;eeg_tleft_hbeta_mean_full_change_precond;eeg_tleft_theta_mean_full_change_precond;eeg_pleft_lbeta_mean_full_change_precond"
2025-11-26 19:27:12.546287,40,"stress_label",20,256,0.03,0.544871794871795,0.544871794871795,NA,20,"top20","eeg_tleft_sampent_full_change_precond;pupil_dilation_sd_full_change_precond;eeg_c_theta_mean_full_change_precond;gsr_skin_conductance_eda_tonic_mean_nk_full_change_precond;eeg_tleft_halpha_mean_full_change_precond;eeg_pright_sampent_full_change_precond;eeg_tleft_lalpha_mean_full_change_precond;eeg_t_sampent_full_change_precond;eeg_fm_theta_mean_full_change_precond;eeg_fl_hbeta_mean_full_change_precond;eeg_c_specent_full_change_precond;hrv_rmssd_full_change_precond;eeg_fr_sampent_full_change_precond;hr_heartrate_bpm_med_abs_full_change_precond;eeg_tright_halpha_mean_full_change_precond;eeg_c_sampent_full_change_precond;eeg_pleft_halpha_mean_full_change_precond;eeg_tleft_hbeta_mean_full_change_precond;eeg_tleft_theta_mean_full_change_precond;eeg_pleft_lbeta_mean_full_change_precond"
2025-11-26 19:27:13.40381,40,"stress_label",20,2,0.06,0.544871794871795,0.564102564102564,NA,20,"top20","eeg_tleft_sampent_full_change_precond;pupil_dilation_sd_full_change_precond;eeg_c_theta_mean_full_change_precond;gsr_skin_conductance_eda_tonic_mean_nk_full_change_precond;eeg_tleft_halpha_mean_full_change_precond;eeg_pright_sampent_full_change_precond;eeg_tleft_lalpha_mean_full_change_precond;eeg_t_sampent_full_change_precond;eeg_fm_theta_mean_full_change_precond;eeg_fl_hbeta_mean_full_change_precond;eeg_c_specent_full_change_precond;hrv_rmssd_full_change_precond;eeg_fr_sampent_full_change_precond;hr_heartrate_bpm_med_abs_full_change_precond;eeg_tright_halpha_mean_full_change_precond;eeg_c_sampent_full_change_precond;eeg_pleft_halpha_mean_full_change_precond;eeg_tleft_hbeta_mean_full_change_precond;eeg_tleft_theta_mean_full_change_precond;eeg_pleft_lbeta_mean_full_change_precond"
2025-11-26 19:27:14.482995,40,"stress_label",20,4,0.06,0.519230769230769,0.57051282051282,NA,20,"top20","eeg_tleft_sampent_full_change_precond;pupil_dilation_sd_full_change_precond;eeg_c_theta_mean_full_change_precond;gsr_skin_conductance_eda_tonic_mean_nk_full_change_precond;eeg_tleft_halpha_mean_full_change_precond;eeg_pright_sampent_full_change_precond;eeg_tleft_lalpha_mean_full_change_precond;eeg_t_sampent_full_change_precond;eeg_fm_theta_mean_full_change_precond;eeg_fl_hbeta_mean_full_change_precond;eeg_c_specent_full_change_precond;hrv_rmssd_full_change_precond;eeg_fr_sampent_full_change_precond;hr_heartrate_bpm_med_abs_full_change_precond;eeg_tright_halpha_mean_full_change_precond;eeg_c_sampent_full_change_precond;eeg_pleft_halpha_mean_full_change_precond;eeg_tleft_hbeta_mean_full_change_precond;eeg_tleft_theta_mean_full_change_precond;eeg_pleft_lbeta_mean_full_change_precond"
2025-11-26 19:27:15.605099,40,"stress_label",20,8,0.06,0.544871794871795,0.608974358974359,NA,20,"top20","eeg_tleft_sampent_full_change_precond;pupil_dilation_sd_full_change_precond;eeg_c_theta_mean_full_change_precond;gsr_skin_conductance_eda_tonic_mean_nk_full_change_precond;eeg_tleft_halpha_mean_full_change_precond;eeg_pright_sampent_full_change_precond;eeg_tleft_lalpha_mean_full_change_precond;eeg_t_sampent_full_change_precond;eeg_fm_theta_mean_full_change_precond;eeg_fl_hbeta_mean_full_change_precond;eeg_c_specent_full_change_precond;hrv_rmssd_full_change_precond;eeg_fr_sampent_full_change_precond;hr_heartrate_bpm_med_abs_full_change_precond;eeg_tright_halpha_mean_full_change_precond;eeg_c_sampent_full_change_precond;eeg_pleft_halpha_mean_full_change_precond;eeg_tleft_hbeta_mean_full_change_precond;eeg_tleft_theta_mean_full_change_precond;eeg_pleft_lbeta_mean_full_change_precond"
2025-11-26 19:27:16.662689,40,"stress_label",20,16,0.06,0.551282051282051,0.58974358974359,NA,20,"top20","eeg_tleft_sampent_full_change_precond;pupil_dilation_sd_full_change_precond;eeg_c_theta_mean_full_change_precond;gsr_skin_conductance_eda_tonic_mean_nk_full_change_precond;eeg_tleft_halpha_mean_full_change_precond;eeg_pright_sampent_full_change_precond;eeg_tleft_lalpha_mean_full_change_precond;eeg_t_sampent_full_change_precond;eeg_fm_theta_mean_full_change_precond;eeg_fl_hbeta_mean_full_change_precond;eeg_c_specent_full_change_precond;hrv_rmssd_full_change_precond;eeg_fr_sampent_full_change_precond;hr_heartrate_bpm_med_abs_full_change_precond;eeg_tright_halpha_mean_full_change_precond;eeg_c_sampent_full_change_precond;eeg_pleft_halpha_mean_full_change_precond;eeg_tleft_hbeta_mean_full_change_precond;eeg_tleft_theta_mean_full_change_precond;eeg_pleft_lbeta_mean_full_change_precond"
2025-11-26 19:27:17.696887,40,"stress_label",20,32,0.06,0.538461538461538,0.583333333333333,NA,20,"top20","eeg_tleft_sampent_full_change_precond;pupil_dilation_sd_full_change_precond;eeg_c_theta_mean_full_change_precond;gsr_skin_conductance_eda_tonic_mean_nk_full_change_precond;eeg_tleft_halpha_mean_full_change_precond;eeg_pright_sampent_full_change_precond;eeg_tleft_lalpha_mean_full_change_precond;eeg_t_sampent_full_change_precond;eeg_fm_theta_mean_full_change_precond;eeg_fl_hbeta_mean_full_change_precond;eeg_c_specent_full_change_precond;hrv_rmssd_full_change_precond;eeg_fr_sampent_full_change_precond;hr_heartrate_bpm_med_abs_full_change_precond;eeg_tright_halpha_mean_full_change_precond;eeg_c_sampent_full_change_precond;eeg_pleft_halpha_mean_full_change_precond;eeg_tleft_hbeta_mean_full_change_precond;eeg_tleft_theta_mean_full_change_precond;eeg_pleft_lbeta_mean_full_change_precond"
2025-11-26 19:27:18.861495,40,"stress_label",20,64,0.06,0.538461538461538,0.557692307692308,NA,20,"top20","eeg_tleft_sampent_full_change_precond;pupil_dilation_sd_full_change_precond;eeg_c_theta_mean_full_change_precond;gsr_skin_conductance_eda_tonic_mean_nk_full_change_precond;eeg_tleft_halpha_mean_full_change_precond;eeg_pright_sampent_full_change_precond;eeg_tleft_lalpha_mean_full_change_precond;eeg_t_sampent_full_change_precond;eeg_fm_theta_mean_full_change_precond;eeg_fl_hbeta_mean_full_change_precond;eeg_c_specent_full_change_precond;hrv_rmssd_full_change_precond;eeg_fr_sampent_full_change_precond;hr_heartrate_bpm_med_abs_full_change_precond;eeg_tright_halpha_mean_full_change_precond;eeg_c_sampent_full_change_precond;eeg_pleft_halpha_mean_full_change_precond;eeg_tleft_hbeta_mean_full_change_precond;eeg_tleft_theta_mean_full_change_precond;eeg_pleft_lbeta_mean_full_change_precond"
2025-11-26 19:27:20.022757,40,"stress_label",20,128,0.06,0.538461538461538,0.583333333333333,NA,20,"top20","eeg_tleft_sampent_full_change_precond;pupil_dilation_sd_full_change_precond;eeg_c_theta_mean_full_change_precond;gsr_skin_conductance_eda_tonic_mean_nk_full_change_precond;eeg_tleft_halpha_mean_full_change_precond;eeg_pright_sampent_full_change_precond;eeg_tleft_lalpha_mean_full_change_precond;eeg_t_sampent_full_change_precond;eeg_fm_theta_mean_full_change_precond;eeg_fl_hbeta_mean_full_change_precond;eeg_c_specent_full_change_precond;hrv_rmssd_full_change_precond;eeg_fr_sampent_full_change_precond;hr_heartrate_bpm_med_abs_full_change_precond;eeg_tright_halpha_mean_full_change_precond;eeg_c_sampent_full_change_precond;eeg_pleft_halpha_mean_full_change_precond;eeg_tleft_hbeta_mean_full_change_precond;eeg_tleft_theta_mean_full_change_precond;eeg_pleft_lbeta_mean_full_change_precond"
2025-11-26 19:27:21.109979,40,"stress_label",20,256,0.06,0.538461538461538,0.557692307692308,NA,20,"top20","eeg_tleft_sampent_full_change_precond;pupil_dilation_sd_full_change_precond;eeg_c_theta_mean_full_change_precond;gsr_skin_conductance_eda_tonic_mean_nk_full_change_precond;eeg_tleft_halpha_mean_full_change_precond;eeg_pright_sampent_full_change_precond;eeg_tleft_lalpha_mean_full_change_precond;eeg_t_sampent_full_change_precond;eeg_fm_theta_mean_full_change_precond;eeg_fl_hbeta_mean_full_change_precond;eeg_c_specent_full_change_precond;hrv_rmssd_full_change_precond;eeg_fr_sampent_full_change_precond;hr_heartrate_bpm_med_abs_full_change_precond;eeg_tright_halpha_mean_full_change_precond;eeg_c_sampent_full_change_precond;eeg_pleft_halpha_mean_full_change_precond;eeg_tleft_hbeta_mean_full_change_precond;eeg_tleft_theta_mean_full_change_precond;eeg_pleft_lbeta_mean_full_change_precond"
2025-11-26 19:27:22.216385,40,"stress_label",20,2,0.1,0.525641025641026,0.576923076923077,NA,20,"top20","eeg_tleft_sampent_full_change_precond;pupil_dilation_sd_full_change_precond;eeg_c_theta_mean_full_change_precond;gsr_skin_conductance_eda_tonic_mean_nk_full_change_precond;eeg_tleft_halpha_mean_full_change_precond;eeg_pright_sampent_full_change_precond;eeg_tleft_lalpha_mean_full_change_precond;eeg_t_sampent_full_change_precond;eeg_fm_theta_mean_full_change_precond;eeg_fl_hbeta_mean_full_change_precond;eeg_c_specent_full_change_precond;hrv_rmssd_full_change_precond;eeg_fr_sampent_full_change_precond;hr_heartrate_bpm_med_abs_full_change_precond;eeg_tright_halpha_mean_full_change_precond;eeg_c_sampent_full_change_precond;eeg_pleft_halpha_mean_full_change_precond;eeg_tleft_hbeta_mean_full_change_precond;eeg_tleft_theta_mean_full_change_precond;eeg_pleft_lbeta_mean_full_change_precond"
2025-11-26 19:27:23.151448,40,"stress_label",20,4,0.1,0.583333333333333,0.583333333333333,NA,20,"top20","eeg_tleft_sampent_full_change_precond;pupil_dilation_sd_full_change_precond;eeg_c_theta_mean_full_change_precond;gsr_skin_conductance_eda_tonic_mean_nk_full_change_precond;eeg_tleft_halpha_mean_full_change_precond;eeg_pright_sampent_full_change_precond;eeg_tleft_lalpha_mean_full_change_precond;eeg_t_sampent_full_change_precond;eeg_fm_theta_mean_full_change_precond;eeg_fl_hbeta_mean_full_change_precond;eeg_c_specent_full_change_precond;hrv_rmssd_full_change_precond;eeg_fr_sampent_full_change_precond;hr_heartrate_bpm_med_abs_full_change_precond;eeg_tright_halpha_mean_full_change_precond;eeg_c_sampent_full_change_precond;eeg_pleft_halpha_mean_full_change_precond;eeg_tleft_hbeta_mean_full_change_precond;eeg_tleft_theta_mean_full_change_precond;eeg_pleft_lbeta_mean_full_change_precond"
2025-11-26 19:27:24.123462,40,"stress_label",20,8,0.1,0.551282051282051,0.596153846153846,NA,20,"top20","eeg_tleft_sampent_full_change_precond;pupil_dilation_sd_full_change_precond;eeg_c_theta_mean_full_change_precond;gsr_skin_conductance_eda_tonic_mean_nk_full_change_precond;eeg_tleft_halpha_mean_full_change_precond;eeg_pright_sampent_full_change_precond;eeg_tleft_lalpha_mean_full_change_precond;eeg_t_sampent_full_change_precond;eeg_fm_theta_mean_full_change_precond;eeg_fl_hbeta_mean_full_change_precond;eeg_c_specent_full_change_precond;hrv_rmssd_full_change_precond;eeg_fr_sampent_full_change_precond;hr_heartrate_bpm_med_abs_full_change_precond;eeg_tright_halpha_mean_full_change_precond;eeg_c_sampent_full_change_precond;eeg_pleft_halpha_mean_full_change_precond;eeg_tleft_hbeta_mean_full_change_precond;eeg_tleft_theta_mean_full_change_precond;eeg_pleft_lbeta_mean_full_change_precond"
2025-11-26 19:27:25.101442,40,"stress_label",20,16,0.1,0.544871794871795,0.557692307692308,NA,20,"top20","eeg_tleft_sampent_full_change_precond;pupil_dilation_sd_full_change_precond;eeg_c_theta_mean_full_change_precond;gsr_skin_conductance_eda_tonic_mean_nk_full_change_precond;eeg_tleft_halpha_mean_full_change_precond;eeg_pright_sampent_full_change_precond;eeg_tleft_lalpha_mean_full_change_precond;eeg_t_sampent_full_change_precond;eeg_fm_theta_mean_full_change_precond;eeg_fl_hbeta_mean_full_change_precond;eeg_c_specent_full_change_precond;hrv_rmssd_full_change_precond;eeg_fr_sampent_full_change_precond;hr_heartrate_bpm_med_abs_full_change_precond;eeg_tright_halpha_mean_full_change_precond;eeg_c_sampent_full_change_precond;eeg_pleft_halpha_mean_full_change_precond;eeg_tleft_hbeta_mean_full_change_precond;eeg_tleft_theta_mean_full_change_precond;eeg_pleft_lbeta_mean_full_change_precond"
2025-11-26 19:27:26.242209,40,"stress_label",20,32,0.1,0.544871794871795,0.583333333333333,NA,20,"top20","eeg_tleft_sampent_full_change_precond;pupil_dilation_sd_full_change_precond;eeg_c_theta_mean_full_change_precond;gsr_skin_conductance_eda_tonic_mean_nk_full_change_precond;eeg_tleft_halpha_mean_full_change_precond;eeg_pright_sampent_full_change_precond;eeg_tleft_lalpha_mean_full_change_precond;eeg_t_sampent_full_change_precond;eeg_fm_theta_mean_full_change_precond;eeg_fl_hbeta_mean_full_change_precond;eeg_c_specent_full_change_precond;hrv_rmssd_full_change_precond;eeg_fr_sampent_full_change_precond;hr_heartrate_bpm_med_abs_full_change_precond;eeg_tright_halpha_mean_full_change_precond;eeg_c_sampent_full_change_precond;eeg_pleft_halpha_mean_full_change_precond;eeg_tleft_hbeta_mean_full_change_precond;eeg_tleft_theta_mean_full_change_precond;eeg_pleft_lbeta_mean_full_change_precond"
2025-11-26 19:27:27.354697,40,"stress_label",20,64,0.1,0.544871794871795,0.583333333333333,NA,20,"top20","eeg_tleft_sampent_full_change_precond;pupil_dilation_sd_full_change_precond;eeg_c_theta_mean_full_change_precond;gsr_skin_conductance_eda_tonic_mean_nk_full_change_precond;eeg_tleft_halpha_mean_full_change_precond;eeg_pright_sampent_full_change_precond;eeg_tleft_lalpha_mean_full_change_precond;eeg_t_sampent_full_change_precond;eeg_fm_theta_mean_full_change_precond;eeg_fl_hbeta_mean_full_change_precond;eeg_c_specent_full_change_precond;hrv_rmssd_full_change_precond;eeg_fr_sampent_full_change_precond;hr_heartrate_bpm_med_abs_full_change_precond;eeg_tright_halpha_mean_full_change_precond;eeg_c_sampent_full_change_precond;eeg_pleft_halpha_mean_full_change_precond;eeg_tleft_hbeta_mean_full_change_precond;eeg_tleft_theta_mean_full_change_precond;eeg_pleft_lbeta_mean_full_change_precond"
2025-11-26 19:27:28.484624,40,"stress_label",20,128,0.1,0.544871794871795,0.532051282051282,NA,20,"top20","eeg_tleft_sampent_full_change_precond;pupil_dilation_sd_full_change_precond;eeg_c_theta_mean_full_change_precond;gsr_skin_conductance_eda_tonic_mean_nk_full_change_precond;eeg_tleft_halpha_mean_full_change_precond;eeg_pright_sampent_full_change_precond;eeg_tleft_lalpha_mean_full_change_precond;eeg_t_sampent_full_change_precond;eeg_fm_theta_mean_full_change_precond;eeg_fl_hbeta_mean_full_change_precond;eeg_c_specent_full_change_precond;hrv_rmssd_full_change_precond;eeg_fr_sampent_full_change_precond;hr_heartrate_bpm_med_abs_full_change_precond;eeg_tright_halpha_mean_full_change_precond;eeg_c_sampent_full_change_precond;eeg_pleft_halpha_mean_full_change_precond;eeg_tleft_hbeta_mean_full_change_precond;eeg_tleft_theta_mean_full_change_precond;eeg_pleft_lbeta_mean_full_change_precond"
2025-11-26 19:27:29.602957,40,"stress_label",20,256,0.1,0.544871794871795,0.557692307692308,NA,20,"top20","eeg_tleft_sampent_full_change_precond;pupil_dilation_sd_full_change_precond;eeg_c_theta_mean_full_change_precond;gsr_skin_conductance_eda_tonic_mean_nk_full_change_precond;eeg_tleft_halpha_mean_full_change_precond;eeg_pright_sampent_full_change_precond;eeg_tleft_lalpha_mean_full_change_precond;eeg_t_sampent_full_change_precond;eeg_fm_theta_mean_full_change_precond;eeg_fl_hbeta_mean_full_change_precond;eeg_c_specent_full_change_precond;hrv_rmssd_full_change_precond;eeg_fr_sampent_full_change_precond;hr_heartrate_bpm_med_abs_full_change_precond;eeg_tright_halpha_mean_full_change_precond;eeg_c_sampent_full_change_precond;eeg_pleft_halpha_mean_full_change_precond;eeg_tleft_hbeta_mean_full_change_precond;eeg_tleft_theta_mean_full_change_precond;eeg_pleft_lbeta_mean_full_change_precond"
2025-11-26 19:27:30.525681,40,"stress_label",10,2,0.0078125,0.615384615384615,0.608974358974359,0.603418803418803,10,"top10","eeg_tleft_sampent_full_change_precond;pupil_dilation_sd_full_change_precond;eeg_c_theta_mean_full_change_precond;gsr_skin_conductance_eda_tonic_mean_nk_full_change_precond;eeg_tleft_halpha_mean_full_change_precond;eeg_pright_sampent_full_change_precond;eeg_tleft_lalpha_mean_full_change_precond;eeg_t_sampent_full_change_precond;eeg_fm_theta_mean_full_change_precond;eeg_fl_hbeta_mean_full_change_precond"
2025-11-26 19:27:31.38108,40,"stress_label",10,4,0.0078125,0.57051282051282,0.57051282051282,0.545299145299145,10,"top10","eeg_tleft_sampent_full_change_precond;pupil_dilation_sd_full_change_precond;eeg_c_theta_mean_full_change_precond;gsr_skin_conductance_eda_tonic_mean_nk_full_change_precond;eeg_tleft_halpha_mean_full_change_precond;eeg_pright_sampent_full_change_precond;eeg_tleft_lalpha_mean_full_change_precond;eeg_t_sampent_full_change_precond;eeg_fm_theta_mean_full_change_precond;eeg_fl_hbeta_mean_full_change_precond"
2025-11-26 19:27:32.246538,40,"stress_label",10,8,0.0078125,0.58974358974359,0.583333333333333,0.575213675213675,10,"top10","eeg_tleft_sampent_full_change_precond;pupil_dilation_sd_full_change_precond;eeg_c_theta_mean_full_change_precond;gsr_skin_conductance_eda_tonic_mean_nk_full_change_precond;eeg_tleft_halpha_mean_full_change_precond;eeg_pright_sampent_full_change_precond;eeg_tleft_lalpha_mean_full_change_precond;eeg_t_sampent_full_change_precond;eeg_fm_theta_mean_full_change_precond;eeg_fl_hbeta_mean_full_change_precond"
2025-11-26 19:27:33.080296,40,"stress_label",10,16,0.0078125,0.583333333333333,0.615384615384615,0.564102564102564,10,"top10","eeg_tleft_sampent_full_change_precond;pupil_dilation_sd_full_change_precond;eeg_c_theta_mean_full_change_precond;gsr_skin_conductance_eda_tonic_mean_nk_full_change_precond;eeg_tleft_halpha_mean_full_change_precond;eeg_pright_sampent_full_change_precond;eeg_tleft_lalpha_mean_full_change_precond;eeg_t_sampent_full_change_precond;eeg_fm_theta_mean_full_change_precond;eeg_fl_hbeta_mean_full_change_precond"
2025-11-26 19:27:33.883165,40,"stress_label",10,32,0.0078125,0.564102564102564,0.58974358974359,0.551282051282051,10,"top10","eeg_tleft_sampent_full_change_precond;pupil_dilation_sd_full_change_precond;eeg_c_theta_mean_full_change_precond;gsr_skin_conductance_eda_tonic_mean_nk_full_change_precond;eeg_tleft_halpha_mean_full_change_precond;eeg_pright_sampent_full_change_precond;eeg_tleft_lalpha_mean_full_change_precond;eeg_t_sampent_full_change_precond;eeg_fm_theta_mean_full_change_precond;eeg_fl_hbeta_mean_full_change_precond"
2025-11-26 19:27:34.774852,40,"stress_label",10,64,0.0078125,0.564102564102564,0.583333333333333,0.547863247863248,10,"top10","eeg_tleft_sampent_full_change_precond;pupil_dilation_sd_full_change_precond;eeg_c_theta_mean_full_change_precond;gsr_skin_conductance_eda_tonic_mean_nk_full_change_precond;eeg_tleft_halpha_mean_full_change_precond;eeg_pright_sampent_full_change_precond;eeg_tleft_lalpha_mean_full_change_precond;eeg_t_sampent_full_change_precond;eeg_fm_theta_mean_full_change_precond;eeg_fl_hbeta_mean_full_change_precond"
2025-11-26 19:27:35.683512,40,"stress_label",10,128,0.0078125,0.602564102564103,0.58974358974359,0.597435897435897,10,"top10","eeg_tleft_sampent_full_change_precond;pupil_dilation_sd_full_change_precond;eeg_c_theta_mean_full_change_precond;gsr_skin_conductance_eda_tonic_mean_nk_full_change_precond;eeg_tleft_halpha_mean_full_change_precond;eeg_pright_sampent_full_change_precond;eeg_tleft_lalpha_mean_full_change_precond;eeg_t_sampent_full_change_precond;eeg_fm_theta_mean_full_change_precond;eeg_fl_hbeta_mean_full_change_precond"
2025-11-26 19:27:36.749243,40,"stress_label",10,256,0.0078125,0.576923076923077,0.583333333333333,0.571794871794872,10,"top10","eeg_tleft_sampent_full_change_precond;pupil_dilation_sd_full_change_precond;eeg_c_theta_mean_full_change_precond;gsr_skin_conductance_eda_tonic_mean_nk_full_change_precond;eeg_tleft_halpha_mean_full_change_precond;eeg_pright_sampent_full_change_precond;eeg_tleft_lalpha_mean_full_change_precond;eeg_t_sampent_full_change_precond;eeg_fm_theta_mean_full_change_precond;eeg_fl_hbeta_mean_full_change_precond"
2025-11-26 19:27:37.546702,40,"stress_label",10,2,0.015625,0.576923076923077,0.57051282051282,0.555555555555556,10,"top10","eeg_tleft_sampent_full_change_precond;pupil_dilation_sd_full_change_precond;eeg_c_theta_mean_full_change_precond;gsr_skin_conductance_eda_tonic_mean_nk_full_change_precond;eeg_tleft_halpha_mean_full_change_precond;eeg_pright_sampent_full_change_precond;eeg_tleft_lalpha_mean_full_change_precond;eeg_t_sampent_full_change_precond;eeg_fm_theta_mean_full_change_precond;eeg_fl_hbeta_mean_full_change_precond"
2025-11-26 19:27:38.314312,40,"stress_label",10,4,0.015625,0.58974358974359,0.576923076923077,0.566666666666667,10,"top10","eeg_tleft_sampent_full_change_precond;pupil_dilation_sd_full_change_precond;eeg_c_theta_mean_full_change_precond;gsr_skin_conductance_eda_tonic_mean_nk_full_change_precond;eeg_tleft_halpha_mean_full_change_precond;eeg_pright_sampent_full_change_precond;eeg_tleft_lalpha_mean_full_change_precond;eeg_t_sampent_full_change_precond;eeg_fm_theta_mean_full_change_precond;eeg_fl_hbeta_mean_full_change_precond"
2025-11-26 19:27:39.181766,40,"stress_label",10,8,0.015625,0.57051282051282,0.608974358974359,0.551282051282051,10,"top10","eeg_tleft_sampent_full_change_precond;pupil_dilation_sd_full_change_precond;eeg_c_theta_mean_full_change_precond;gsr_skin_conductance_eda_tonic_mean_nk_full_change_precond;eeg_tleft_halpha_mean_full_change_precond;eeg_pright_sampent_full_change_precond;eeg_tleft_lalpha_mean_full_change_precond;eeg_t_sampent_full_change_precond;eeg_fm_theta_mean_full_change_precond;eeg_fl_hbeta_mean_full_change_precond"
2025-11-26 19:27:40.048634,40,"stress_label",10,16,0.015625,0.57051282051282,0.58974358974359,0.548717948717949,10,"top10","eeg_tleft_sampent_full_change_precond;pupil_dilation_sd_full_change_precond;eeg_c_theta_mean_full_change_precond;gsr_skin_conductance_eda_tonic_mean_nk_full_change_precond;eeg_tleft_halpha_mean_full_change_precond;eeg_pright_sampent_full_change_precond;eeg_tleft_lalpha_mean_full_change_precond;eeg_t_sampent_full_change_precond;eeg_fm_theta_mean_full_change_precond;eeg_fl_hbeta_mean_full_change_precond"
2025-11-26 19:27:40.911371,40,"stress_label",10,32,0.015625,0.576923076923077,0.596153846153846,0.566666666666667,10,"top10","eeg_tleft_sampent_full_change_precond;pupil_dilation_sd_full_change_precond;eeg_c_theta_mean_full_change_precond;gsr_skin_conductance_eda_tonic_mean_nk_full_change_precond;eeg_tleft_halpha_mean_full_change_precond;eeg_pright_sampent_full_change_precond;eeg_tleft_lalpha_mean_full_change_precond;eeg_t_sampent_full_change_precond;eeg_fm_theta_mean_full_change_precond;eeg_fl_hbeta_mean_full_change_precond"
2025-11-26 19:27:41.726413,40,"stress_label",10,64,0.015625,0.576923076923077,0.583333333333333,0.568376068376068,10,"top10","eeg_tleft_sampent_full_change_precond;pupil_dilation_sd_full_change_precond;eeg_c_theta_mean_full_change_precond;gsr_skin_conductance_eda_tonic_mean_nk_full_change_precond;eeg_tleft_halpha_mean_full_change_precond;eeg_pright_sampent_full_change_precond;eeg_tleft_lalpha_mean_full_change_precond;eeg_t_sampent_full_change_precond;eeg_fm_theta_mean_full_change_precond;eeg_fl_hbeta_mean_full_change_precond"
2025-11-26 19:27:42.788762,40,"stress_label",10,128,0.015625,0.564102564102564,0.621794871794872,NA,10,"top10","eeg_tleft_sampent_full_change_precond;pupil_dilation_sd_full_change_precond;eeg_c_theta_mean_full_change_precond;gsr_skin_conductance_eda_tonic_mean_nk_full_change_precond;eeg_tleft_halpha_mean_full_change_precond;eeg_pright_sampent_full_change_precond;eeg_tleft_lalpha_mean_full_change_precond;eeg_t_sampent_full_change_precond;eeg_fm_theta_mean_full_change_precond;eeg_fl_hbeta_mean_full_change_precond"
2025-11-26 19:27:44.115972,40,"stress_label",10,256,0.015625,0.58974358974359,0.608974358974359,NA,10,"top10","eeg_tleft_sampent_full_change_precond;pupil_dilation_sd_full_change_precond;eeg_c_theta_mean_full_change_precond;gsr_skin_conductance_eda_tonic_mean_nk_full_change_precond;eeg_tleft_halpha_mean_full_change_precond;eeg_pright_sampent_full_change_precond;eeg_tleft_lalpha_mean_full_change_precond;eeg_t_sampent_full_change_precond;eeg_fm_theta_mean_full_change_precond;eeg_fl_hbeta_mean_full_change_precond"
2025-11-26 19:27:44.953531,40,"stress_label",10,2,0.03125,0.564102564102564,0.576923076923077,0.527350427350427,10,"top10","eeg_tleft_sampent_full_change_precond;pupil_dilation_sd_full_change_precond;eeg_c_theta_mean_full_change_precond;gsr_skin_conductance_eda_tonic_mean_nk_full_change_precond;eeg_tleft_halpha_mean_full_change_precond;eeg_pright_sampent_full_change_precond;eeg_tleft_lalpha_mean_full_change_precond;eeg_t_sampent_full_change_precond;eeg_fm_theta_mean_full_change_precond;eeg_fl_hbeta_mean_full_change_precond"
2025-11-26 19:27:45.600148,40,"stress_label",10,4,0.03125,0.583333333333333,0.583333333333333,0.57008547008547,10,"top10","eeg_tleft_sampent_full_change_precond;pupil_dilation_sd_full_change_precond;eeg_c_theta_mean_full_change_precond;gsr_skin_conductance_eda_tonic_mean_nk_full_change_precond;eeg_tleft_halpha_mean_full_change_precond;eeg_pright_sampent_full_change_precond;eeg_tleft_lalpha_mean_full_change_precond;eeg_t_sampent_full_change_precond;eeg_fm_theta_mean_full_change_precond;eeg_fl_hbeta_mean_full_change_precond"
2025-11-26 19:27:46.393416,40,"stress_label",10,8,0.03125,0.58974358974359,0.583333333333333,0.581196581196581,10,"top10","eeg_tleft_sampent_full_change_precond;pupil_dilation_sd_full_change_precond;eeg_c_theta_mean_full_change_precond;gsr_skin_conductance_eda_tonic_mean_nk_full_change_precond;eeg_tleft_halpha_mean_full_change_precond;eeg_pright_sampent_full_change_precond;eeg_tleft_lalpha_mean_full_change_precond;eeg_t_sampent_full_change_precond;eeg_fm_theta_mean_full_change_precond;eeg_fl_hbeta_mean_full_change_precond"
2025-11-26 19:27:47.173615,40,"stress_label",10,16,0.03125,0.583333333333333,0.58974358974359,0.584615384615385,10,"top10","eeg_tleft_sampent_full_change_precond;pupil_dilation_sd_full_change_precond;eeg_c_theta_mean_full_change_precond;gsr_skin_conductance_eda_tonic_mean_nk_full_change_precond;eeg_tleft_halpha_mean_full_change_precond;eeg_pright_sampent_full_change_precond;eeg_tleft_lalpha_mean_full_change_precond;eeg_t_sampent_full_change_precond;eeg_fm_theta_mean_full_change_precond;eeg_fl_hbeta_mean_full_change_precond"
2025-11-26 19:27:48.111739,40,"stress_label",10,32,0.03125,0.58974358974359,0.641025641025641,NA,10,"top10","eeg_tleft_sampent_full_change_precond;pupil_dilation_sd_full_change_precond;eeg_c_theta_mean_full_change_precond;gsr_skin_conductance_eda_tonic_mean_nk_full_change_precond;eeg_tleft_halpha_mean_full_change_precond;eeg_pright_sampent_full_change_precond;eeg_tleft_lalpha_mean_full_change_precond;eeg_t_sampent_full_change_precond;eeg_fm_theta_mean_full_change_precond;eeg_fl_hbeta_mean_full_change_precond"
2025-11-26 19:27:49.385932,40,"stress_label",10,64,0.03125,0.596153846153846,0.608974358974359,NA,10,"top10","eeg_tleft_sampent_full_change_precond;pupil_dilation_sd_full_change_precond;eeg_c_theta_mean_full_change_precond;gsr_skin_conductance_eda_tonic_mean_nk_full_change_precond;eeg_tleft_halpha_mean_full_change_precond;eeg_pright_sampent_full_change_precond;eeg_tleft_lalpha_mean_full_change_precond;eeg_t_sampent_full_change_precond;eeg_fm_theta_mean_full_change_precond;eeg_fl_hbeta_mean_full_change_precond"
2025-11-26 19:27:50.568988,40,"stress_label",10,128,0.03125,0.525641025641026,0.583333333333333,NA,10,"top10","eeg_tleft_sampent_full_change_precond;pupil_dilation_sd_full_change_precond;eeg_c_theta_mean_full_change_precond;gsr_skin_conductance_eda_tonic_mean_nk_full_change_precond;eeg_tleft_halpha_mean_full_change_precond;eeg_pright_sampent_full_change_precond;eeg_tleft_lalpha_mean_full_change_precond;eeg_t_sampent_full_change_precond;eeg_fm_theta_mean_full_change_precond;eeg_fl_hbeta_mean_full_change_precond"
2025-11-26 19:27:52.04882,40,"stress_label",10,256,0.03125,0.532051282051282,0.551282051282051,NA,10,"top10","eeg_tleft_sampent_full_change_precond;pupil_dilation_sd_full_change_precond;eeg_c_theta_mean_full_change_precond;gsr_skin_conductance_eda_tonic_mean_nk_full_change_precond;eeg_tleft_halpha_mean_full_change_precond;eeg_pright_sampent_full_change_precond;eeg_tleft_lalpha_mean_full_change_precond;eeg_t_sampent_full_change_precond;eeg_fm_theta_mean_full_change_precond;eeg_fl_hbeta_mean_full_change_precond"
2025-11-26 19:27:52.775783,40,"stress_label",10,2,0.0625,0.57051282051282,0.576923076923077,0.554700854700855,10,"top10","eeg_tleft_sampent_full_change_precond;pupil_dilation_sd_full_change_precond;eeg_c_theta_mean_full_change_precond;gsr_skin_conductance_eda_tonic_mean_nk_full_change_precond;eeg_tleft_halpha_mean_full_change_precond;eeg_pright_sampent_full_change_precond;eeg_tleft_lalpha_mean_full_change_precond;eeg_t_sampent_full_change_precond;eeg_fm_theta_mean_full_change_precond;eeg_fl_hbeta_mean_full_change_precond"
2025-11-26 19:27:53.636042,40,"stress_label",10,4,0.0625,0.57051282051282,0.57051282051282,NA,10,"top10","eeg_tleft_sampent_full_change_precond;pupil_dilation_sd_full_change_precond;eeg_c_theta_mean_full_change_precond;gsr_skin_conductance_eda_tonic_mean_nk_full_change_precond;eeg_tleft_halpha_mean_full_change_precond;eeg_pright_sampent_full_change_precond;eeg_tleft_lalpha_mean_full_change_precond;eeg_t_sampent_full_change_precond;eeg_fm_theta_mean_full_change_precond;eeg_fl_hbeta_mean_full_change_precond"
2025-11-26 19:27:54.378127,40,"stress_label",10,8,0.0625,0.564102564102564,0.615384615384615,NA,10,"top10","eeg_tleft_sampent_full_change_precond;pupil_dilation_sd_full_change_precond;eeg_c_theta_mean_full_change_precond;gsr_skin_conductance_eda_tonic_mean_nk_full_change_precond;eeg_tleft_halpha_mean_full_change_precond;eeg_pright_sampent_full_change_precond;eeg_tleft_lalpha_mean_full_change_precond;eeg_t_sampent_full_change_precond;eeg_fm_theta_mean_full_change_precond;eeg_fl_hbeta_mean_full_change_precond"
2025-11-26 19:27:55.298016,40,"stress_label",10,16,0.0625,0.58974358974359,0.628205128205128,NA,10,"top10","eeg_tleft_sampent_full_change_precond;pupil_dilation_sd_full_change_precond;eeg_c_theta_mean_full_change_precond;gsr_skin_conductance_eda_tonic_mean_nk_full_change_precond;eeg_tleft_halpha_mean_full_change_precond;eeg_pright_sampent_full_change_precond;eeg_tleft_lalpha_mean_full_change_precond;eeg_t_sampent_full_change_precond;eeg_fm_theta_mean_full_change_precond;eeg_fl_hbeta_mean_full_change_precond"
2025-11-26 19:27:56.2385,40,"stress_label",10,32,0.0625,0.544871794871795,0.58974358974359,NA,10,"top10","eeg_tleft_sampent_full_change_precond;pupil_dilation_sd_full_change_precond;eeg_c_theta_mean_full_change_precond;gsr_skin_conductance_eda_tonic_mean_nk_full_change_precond;eeg_tleft_halpha_mean_full_change_precond;eeg_pright_sampent_full_change_precond;eeg_tleft_lalpha_mean_full_change_precond;eeg_t_sampent_full_change_precond;eeg_fm_theta_mean_full_change_precond;eeg_fl_hbeta_mean_full_change_precond"
2025-11-26 19:27:57.26955,40,"stress_label",10,64,0.0625,0.551282051282051,0.551282051282051,NA,10,"top10","eeg_tleft_sampent_full_change_precond;pupil_dilation_sd_full_change_precond;eeg_c_theta_mean_full_change_precond;gsr_skin_conductance_eda_tonic_mean_nk_full_change_precond;eeg_tleft_halpha_mean_full_change_precond;eeg_pright_sampent_full_change_precond;eeg_tleft_lalpha_mean_full_change_precond;eeg_t_sampent_full_change_precond;eeg_fm_theta_mean_full_change_precond;eeg_fl_hbeta_mean_full_change_precond"
2025-11-26 19:27:58.479435,40,"stress_label",10,128,0.0625,0.57051282051282,0.58974358974359,NA,10,"top10","eeg_tleft_sampent_full_change_precond;pupil_dilation_sd_full_change_precond;eeg_c_theta_mean_full_change_precond;gsr_skin_conductance_eda_tonic_mean_nk_full_change_precond;eeg_tleft_halpha_mean_full_change_precond;eeg_pright_sampent_full_change_precond;eeg_tleft_lalpha_mean_full_change_precond;eeg_t_sampent_full_change_precond;eeg_fm_theta_mean_full_change_precond;eeg_fl_hbeta_mean_full_change_precond"
2025-11-26 19:27:59.673588,40,"stress_label",10,256,0.0625,0.583333333333333,0.615384615384615,NA,10,"top10","eeg_tleft_sampent_full_change_precond;pupil_dilation_sd_full_change_precond;eeg_c_theta_mean_full_change_precond;gsr_skin_conductance_eda_tonic_mean_nk_full_change_precond;eeg_tleft_halpha_mean_full_change_precond;eeg_pright_sampent_full_change_precond;eeg_tleft_lalpha_mean_full_change_precond;eeg_t_sampent_full_change_precond;eeg_fm_theta_mean_full_change_precond;eeg_fl_hbeta_mean_full_change_precond"
2025-11-26 19:28:00.499336,40,"stress_label",10,2,0.125,0.532051282051282,0.525641025641026,NA,10,"top10","eeg_tleft_sampent_full_change_precond;pupil_dilation_sd_full_change_precond;eeg_c_theta_mean_full_change_precond;gsr_skin_conductance_eda_tonic_mean_nk_full_change_precond;eeg_tleft_halpha_mean_full_change_precond;eeg_pright_sampent_full_change_precond;eeg_tleft_lalpha_mean_full_change_precond;eeg_t_sampent_full_change_precond;eeg_fm_theta_mean_full_change_precond;eeg_fl_hbeta_mean_full_change_precond"
2025-11-26 19:28:01.409247,40,"stress_label",10,4,0.125,0.544871794871795,0.58974358974359,NA,10,"top10","eeg_tleft_sampent_full_change_precond;pupil_dilation_sd_full_change_precond;eeg_c_theta_mean_full_change_precond;gsr_skin_conductance_eda_tonic_mean_nk_full_change_precond;eeg_tleft_halpha_mean_full_change_precond;eeg_pright_sampent_full_change_precond;eeg_tleft_lalpha_mean_full_change_precond;eeg_t_sampent_full_change_precond;eeg_fm_theta_mean_full_change_precond;eeg_fl_hbeta_mean_full_change_precond"
2025-11-26 19:28:02.36128,40,"stress_label",10,8,0.125,0.538461538461538,0.551282051282051,NA,10,"top10","eeg_tleft_sampent_full_change_precond;pupil_dilation_sd_full_change_precond;eeg_c_theta_mean_full_change_precond;gsr_skin_conductance_eda_tonic_mean_nk_full_change_precond;eeg_tleft_halpha_mean_full_change_precond;eeg_pright_sampent_full_change_precond;eeg_tleft_lalpha_mean_full_change_precond;eeg_t_sampent_full_change_precond;eeg_fm_theta_mean_full_change_precond;eeg_fl_hbeta_mean_full_change_precond"
2025-11-26 19:28:03.3404,40,"stress_label",10,16,0.125,0.583333333333333,0.57051282051282,0.587179487179487,10,"top10","eeg_tleft_sampent_full_change_precond;pupil_dilation_sd_full_change_precond;eeg_c_theta_mean_full_change_precond;gsr_skin_conductance_eda_tonic_mean_nk_full_change_precond;eeg_tleft_halpha_mean_full_change_precond;eeg_pright_sampent_full_change_precond;eeg_tleft_lalpha_mean_full_change_precond;eeg_t_sampent_full_change_precond;eeg_fm_theta_mean_full_change_precond;eeg_fl_hbeta_mean_full_change_precond"
2025-11-26 19:28:04.320075,40,"stress_label",10,32,0.125,0.58974358974359,0.58974358974359,NA,10,"top10","eeg_tleft_sampent_full_change_precond;pupil_dilation_sd_full_change_precond;eeg_c_theta_mean_full_change_precond;gsr_skin_conductance_eda_tonic_mean_nk_full_change_precond;eeg_tleft_halpha_mean_full_change_precond;eeg_pright_sampent_full_change_precond;eeg_tleft_lalpha_mean_full_change_precond;eeg_t_sampent_full_change_precond;eeg_fm_theta_mean_full_change_precond;eeg_fl_hbeta_mean_full_change_precond"
2025-11-26 19:28:05.33268,40,"stress_label",10,64,0.125,0.583333333333333,0.596153846153846,NA,10,"top10","eeg_tleft_sampent_full_change_precond;pupil_dilation_sd_full_change_precond;eeg_c_theta_mean_full_change_precond;gsr_skin_conductance_eda_tonic_mean_nk_full_change_precond;eeg_tleft_halpha_mean_full_change_precond;eeg_pright_sampent_full_change_precond;eeg_tleft_lalpha_mean_full_change_precond;eeg_t_sampent_full_change_precond;eeg_fm_theta_mean_full_change_precond;eeg_fl_hbeta_mean_full_change_precond"
2025-11-26 19:28:06.374145,40,"stress_label",10,128,0.125,0.583333333333333,0.596153846153846,NA,10,"top10","eeg_tleft_sampent_full_change_precond;pupil_dilation_sd_full_change_precond;eeg_c_theta_mean_full_change_precond;gsr_skin_conductance_eda_tonic_mean_nk_full_change_precond;eeg_tleft_halpha_mean_full_change_precond;eeg_pright_sampent_full_change_precond;eeg_tleft_lalpha_mean_full_change_precond;eeg_t_sampent_full_change_precond;eeg_fm_theta_mean_full_change_precond;eeg_fl_hbeta_mean_full_change_precond"
2025-11-26 19:28:07.409565,40,"stress_label",10,256,0.125,0.583333333333333,0.596153846153846,NA,10,"top10","eeg_tleft_sampent_full_change_precond;pupil_dilation_sd_full_change_precond;eeg_c_theta_mean_full_change_precond;gsr_skin_conductance_eda_tonic_mean_nk_full_change_precond;eeg_tleft_halpha_mean_full_change_precond;eeg_pright_sampent_full_change_precond;eeg_tleft_lalpha_mean_full_change_precond;eeg_t_sampent_full_change_precond;eeg_fm_theta_mean_full_change_precond;eeg_fl_hbeta_mean_full_change_precond"
2025-11-26 19:28:08.258792,40,"stress_label",10,2,0.03,0.557692307692308,0.576923076923077,0.523076923076923,10,"top10","eeg_tleft_sampent_full_change_precond;pupil_dilation_sd_full_change_precond;eeg_c_theta_mean_full_change_precond;gsr_skin_conductance_eda_tonic_mean_nk_full_change_precond;eeg_tleft_halpha_mean_full_change_precond;eeg_pright_sampent_full_change_precond;eeg_tleft_lalpha_mean_full_change_precond;eeg_t_sampent_full_change_precond;eeg_fm_theta_mean_full_change_precond;eeg_fl_hbeta_mean_full_change_precond"
2025-11-26 19:28:09.062753,40,"stress_label",10,4,0.03,0.583333333333333,0.57051282051282,0.57008547008547,10,"top10","eeg_tleft_sampent_full_change_precond;pupil_dilation_sd_full_change_precond;eeg_c_theta_mean_full_change_precond;gsr_skin_conductance_eda_tonic_mean_nk_full_change_precond;eeg_tleft_halpha_mean_full_change_precond;eeg_pright_sampent_full_change_precond;eeg_tleft_lalpha_mean_full_change_precond;eeg_t_sampent_full_change_precond;eeg_fm_theta_mean_full_change_precond;eeg_fl_hbeta_mean_full_change_precond"
2025-11-26 19:28:09.938737,40,"stress_label",10,8,0.03,0.58974358974359,0.583333333333333,0.582905982905983,10,"top10","eeg_tleft_sampent_full_change_precond;pupil_dilation_sd_full_change_precond;eeg_c_theta_mean_full_change_precond;gsr_skin_conductance_eda_tonic_mean_nk_full_change_precond;eeg_tleft_halpha_mean_full_change_precond;eeg_pright_sampent_full_change_precond;eeg_tleft_lalpha_mean_full_change_precond;eeg_t_sampent_full_change_precond;eeg_fm_theta_mean_full_change_precond;eeg_fl_hbeta_mean_full_change_precond"
2025-11-26 19:28:10.811116,40,"stress_label",10,16,0.03,0.583333333333333,0.596153846153846,0.584615384615385,10,"top10","eeg_tleft_sampent_full_change_precond;pupil_dilation_sd_full_change_precond;eeg_c_theta_mean_full_change_precond;gsr_skin_conductance_eda_tonic_mean_nk_full_change_precond;eeg_tleft_halpha_mean_full_change_precond;eeg_pright_sampent_full_change_precond;eeg_tleft_lalpha_mean_full_change_precond;eeg_t_sampent_full_change_precond;eeg_fm_theta_mean_full_change_precond;eeg_fl_hbeta_mean_full_change_precond"
2025-11-26 19:28:11.777418,40,"stress_label",10,32,0.03,0.583333333333333,0.634615384615385,NA,10,"top10","eeg_tleft_sampent_full_change_precond;pupil_dilation_sd_full_change_precond;eeg_c_theta_mean_full_change_precond;gsr_skin_conductance_eda_tonic_mean_nk_full_change_precond;eeg_tleft_halpha_mean_full_change_precond;eeg_pright_sampent_full_change_precond;eeg_tleft_lalpha_mean_full_change_precond;eeg_t_sampent_full_change_precond;eeg_fm_theta_mean_full_change_precond;eeg_fl_hbeta_mean_full_change_precond"
2025-11-26 19:28:12.624496,40,"stress_label",10,64,0.03,0.58974358974359,0.621794871794872,NA,10,"top10","eeg_tleft_sampent_full_change_precond;pupil_dilation_sd_full_change_precond;eeg_c_theta_mean_full_change_precond;gsr_skin_conductance_eda_tonic_mean_nk_full_change_precond;eeg_tleft_halpha_mean_full_change_precond;eeg_pright_sampent_full_change_precond;eeg_tleft_lalpha_mean_full_change_precond;eeg_t_sampent_full_change_precond;eeg_fm_theta_mean_full_change_precond;eeg_fl_hbeta_mean_full_change_precond"
2025-11-26 19:28:13.709866,40,"stress_label",10,128,0.03,0.519230769230769,0.576923076923077,NA,10,"top10","eeg_tleft_sampent_full_change_precond;pupil_dilation_sd_full_change_precond;eeg_c_theta_mean_full_change_precond;gsr_skin_conductance_eda_tonic_mean_nk_full_change_precond;eeg_tleft_halpha_mean_full_change_precond;eeg_pright_sampent_full_change_precond;eeg_tleft_lalpha_mean_full_change_precond;eeg_t_sampent_full_change_precond;eeg_fm_theta_mean_full_change_precond;eeg_fl_hbeta_mean_full_change_precond"
2025-11-26 19:28:15.121089,40,"stress_label",10,256,0.03,0.532051282051282,0.564102564102564,NA,10,"top10","eeg_tleft_sampent_full_change_precond;pupil_dilation_sd_full_change_precond;eeg_c_theta_mean_full_change_precond;gsr_skin_conductance_eda_tonic_mean_nk_full_change_precond;eeg_tleft_halpha_mean_full_change_precond;eeg_pright_sampent_full_change_precond;eeg_tleft_lalpha_mean_full_change_precond;eeg_t_sampent_full_change_precond;eeg_fm_theta_mean_full_change_precond;eeg_fl_hbeta_mean_full_change_precond"
2025-11-26 19:28:15.994041,40,"stress_label",10,2,0.06,0.57051282051282,0.576923076923077,0.554700854700855,10,"top10","eeg_tleft_sampent_full_change_precond;pupil_dilation_sd_full_change_precond;eeg_c_theta_mean_full_change_precond;gsr_skin_conductance_eda_tonic_mean_nk_full_change_precond;eeg_tleft_halpha_mean_full_change_precond;eeg_pright_sampent_full_change_precond;eeg_tleft_lalpha_mean_full_change_precond;eeg_t_sampent_full_change_precond;eeg_fm_theta_mean_full_change_precond;eeg_fl_hbeta_mean_full_change_precond"
2025-11-26 19:28:16.859078,40,"stress_label",10,4,0.06,0.557692307692308,0.564102564102564,0.543589743589744,10,"top10","eeg_tleft_sampent_full_change_precond;pupil_dilation_sd_full_change_precond;eeg_c_theta_mean_full_change_precond;gsr_skin_conductance_eda_tonic_mean_nk_full_change_precond;eeg_tleft_halpha_mean_full_change_precond;eeg_pright_sampent_full_change_precond;eeg_tleft_lalpha_mean_full_change_precond;eeg_t_sampent_full_change_precond;eeg_fm_theta_mean_full_change_precond;eeg_fl_hbeta_mean_full_change_precond"
2025-11-26 19:28:17.711821,40,"stress_label",10,8,0.06,0.564102564102564,0.615384615384615,NA,10,"top10","eeg_tleft_sampent_full_change_precond;pupil_dilation_sd_full_change_precond;eeg_c_theta_mean_full_change_precond;gsr_skin_conductance_eda_tonic_mean_nk_full_change_precond;eeg_tleft_halpha_mean_full_change_precond;eeg_pright_sampent_full_change_precond;eeg_tleft_lalpha_mean_full_change_precond;eeg_t_sampent_full_change_precond;eeg_fm_theta_mean_full_change_precond;eeg_fl_hbeta_mean_full_change_precond"
2025-11-26 19:28:18.650747,40,"stress_label",10,16,0.06,0.596153846153846,0.628205128205128,NA,10,"top10","eeg_tleft_sampent_full_change_precond;pupil_dilation_sd_full_change_precond;eeg_c_theta_mean_full_change_precond;gsr_skin_conductance_eda_tonic_mean_nk_full_change_precond;eeg_tleft_halpha_mean_full_change_precond;eeg_pright_sampent_full_change_precond;eeg_tleft_lalpha_mean_full_change_precond;eeg_t_sampent_full_change_precond;eeg_fm_theta_mean_full_change_precond;eeg_fl_hbeta_mean_full_change_precond"
2025-11-26 19:28:19.572028,40,"stress_label",10,32,0.06,0.551282051282051,0.583333333333333,NA,10,"top10","eeg_tleft_sampent_full_change_precond;pupil_dilation_sd_full_change_precond;eeg_c_theta_mean_full_change_precond;gsr_skin_conductance_eda_tonic_mean_nk_full_change_precond;eeg_tleft_halpha_mean_full_change_precond;eeg_pright_sampent_full_change_precond;eeg_tleft_lalpha_mean_full_change_precond;eeg_t_sampent_full_change_precond;eeg_fm_theta_mean_full_change_precond;eeg_fl_hbeta_mean_full_change_precond"
2025-11-26 19:28:20.562447,40,"stress_label",10,64,0.06,0.557692307692308,0.538461538461538,NA,10,"top10","eeg_tleft_sampent_full_change_precond;pupil_dilation_sd_full_change_precond;eeg_c_theta_mean_full_change_precond;gsr_skin_conductance_eda_tonic_mean_nk_full_change_precond;eeg_tleft_halpha_mean_full_change_precond;eeg_pright_sampent_full_change_precond;eeg_tleft_lalpha_mean_full_change_precond;eeg_t_sampent_full_change_precond;eeg_fm_theta_mean_full_change_precond;eeg_fl_hbeta_mean_full_change_precond"
2025-11-26 19:28:21.717142,40,"stress_label",10,128,0.06,0.564102564102564,0.58974358974359,NA,10,"top10","eeg_tleft_sampent_full_change_precond;pupil_dilation_sd_full_change_precond;eeg_c_theta_mean_full_change_precond;gsr_skin_conductance_eda_tonic_mean_nk_full_change_precond;eeg_tleft_halpha_mean_full_change_precond;eeg_pright_sampent_full_change_precond;eeg_tleft_lalpha_mean_full_change_precond;eeg_t_sampent_full_change_precond;eeg_fm_theta_mean_full_change_precond;eeg_fl_hbeta_mean_full_change_precond"
2025-11-26 19:28:22.834591,40,"stress_label",10,256,0.06,0.576923076923077,0.596153846153846,NA,10,"top10","eeg_tleft_sampent_full_change_precond;pupil_dilation_sd_full_change_precond;eeg_c_theta_mean_full_change_precond;gsr_skin_conductance_eda_tonic_mean_nk_full_change_precond;eeg_tleft_halpha_mean_full_change_precond;eeg_pright_sampent_full_change_precond;eeg_tleft_lalpha_mean_full_change_precond;eeg_t_sampent_full_change_precond;eeg_fm_theta_mean_full_change_precond;eeg_fl_hbeta_mean_full_change_precond"
2025-11-26 19:28:23.711179,40,"stress_label",10,2,0.1,0.551282051282051,0.525641025641026,NA,10,"top10","eeg_tleft_sampent_full_change_precond;pupil_dilation_sd_full_change_precond;eeg_c_theta_mean_full_change_precond;gsr_skin_conductance_eda_tonic_mean_nk_full_change_precond;eeg_tleft_halpha_mean_full_change_precond;eeg_pright_sampent_full_change_precond;eeg_tleft_lalpha_mean_full_change_precond;eeg_t_sampent_full_change_precond;eeg_fm_theta_mean_full_change_precond;eeg_fl_hbeta_mean_full_change_precond"
2025-11-26 19:28:24.609913,40,"stress_label",10,4,0.1,0.532051282051282,0.57051282051282,NA,10,"top10","eeg_tleft_sampent_full_change_precond;pupil_dilation_sd_full_change_precond;eeg_c_theta_mean_full_change_precond;gsr_skin_conductance_eda_tonic_mean_nk_full_change_precond;eeg_tleft_halpha_mean_full_change_precond;eeg_pright_sampent_full_change_precond;eeg_tleft_lalpha_mean_full_change_precond;eeg_t_sampent_full_change_precond;eeg_fm_theta_mean_full_change_precond;eeg_fl_hbeta_mean_full_change_precond"
2025-11-26 19:28:25.379758,40,"stress_label",10,8,0.1,0.57051282051282,0.576923076923077,NA,10,"top10","eeg_tleft_sampent_full_change_precond;pupil_dilation_sd_full_change_precond;eeg_c_theta_mean_full_change_precond;gsr_skin_conductance_eda_tonic_mean_nk_full_change_precond;eeg_tleft_halpha_mean_full_change_precond;eeg_pright_sampent_full_change_precond;eeg_tleft_lalpha_mean_full_change_precond;eeg_t_sampent_full_change_precond;eeg_fm_theta_mean_full_change_precond;eeg_fl_hbeta_mean_full_change_precond"
2025-11-26 19:28:26.227337,40,"stress_label",10,16,0.1,0.544871794871795,0.551282051282051,NA,10,"top10","eeg_tleft_sampent_full_change_precond;pupil_dilation_sd_full_change_precond;eeg_c_theta_mean_full_change_precond;gsr_skin_conductance_eda_tonic_mean_nk_full_change_precond;eeg_tleft_halpha_mean_full_change_precond;eeg_pright_sampent_full_change_precond;eeg_tleft_lalpha_mean_full_change_precond;eeg_t_sampent_full_change_precond;eeg_fm_theta_mean_full_change_precond;eeg_fl_hbeta_mean_full_change_precond"
2025-11-26 19:28:27.257845,40,"stress_label",10,32,0.1,0.602564102564103,0.576923076923077,NA,10,"top10","eeg_tleft_sampent_full_change_precond;pupil_dilation_sd_full_change_precond;eeg_c_theta_mean_full_change_precond;gsr_skin_conductance_eda_tonic_mean_nk_full_change_precond;eeg_tleft_halpha_mean_full_change_precond;eeg_pright_sampent_full_change_precond;eeg_tleft_lalpha_mean_full_change_precond;eeg_t_sampent_full_change_precond;eeg_fm_theta_mean_full_change_precond;eeg_fl_hbeta_mean_full_change_precond"
2025-11-26 19:28:28.277978,40,"stress_label",10,64,0.1,0.602564102564103,0.544871794871795,NA,10,"top10","eeg_tleft_sampent_full_change_precond;pupil_dilation_sd_full_change_precond;eeg_c_theta_mean_full_change_precond;gsr_skin_conductance_eda_tonic_mean_nk_full_change_precond;eeg_tleft_halpha_mean_full_change_precond;eeg_pright_sampent_full_change_precond;eeg_tleft_lalpha_mean_full_change_precond;eeg_t_sampent_full_change_precond;eeg_fm_theta_mean_full_change_precond;eeg_fl_hbeta_mean_full_change_precond"
2025-11-26 19:28:29.352448,40,"stress_label",10,128,0.1,0.596153846153846,0.58974358974359,NA,10,"top10","eeg_tleft_sampent_full_change_precond;pupil_dilation_sd_full_change_precond;eeg_c_theta_mean_full_change_precond;gsr_skin_conductance_eda_tonic_mean_nk_full_change_precond;eeg_tleft_halpha_mean_full_change_precond;eeg_pright_sampent_full_change_precond;eeg_tleft_lalpha_mean_full_change_precond;eeg_t_sampent_full_change_precond;eeg_fm_theta_mean_full_change_precond;eeg_fl_hbeta_mean_full_change_precond"
2025-11-26 19:28:30.325517,40,"stress_label",10,256,0.1,0.596153846153846,0.58974358974359,NA,10,"top10","eeg_tleft_sampent_full_change_precond;pupil_dilation_sd_full_change_precond;eeg_c_theta_mean_full_change_precond;gsr_skin_conductance_eda_tonic_mean_nk_full_change_precond;eeg_tleft_halpha_mean_full_change_precond;eeg_pright_sampent_full_change_precond;eeg_tleft_lalpha_mean_full_change_precond;eeg_t_sampent_full_change_precond;eeg_fm_theta_mean_full_change_precond;eeg_fl_hbeta_mean_full_change_precond"
2025-11-26 19:28:31.151684,40,"stress_label",5,2,0.0078125,0.647435897435897,0.705128205128205,0.646153846153846,5,"top5","eeg_tleft_sampent_full_change_precond;pupil_dilation_sd_full_change_precond;eeg_c_theta_mean_full_change_precond;gsr_skin_conductance_eda_tonic_mean_nk_full_change_precond;eeg_tleft_halpha_mean_full_change_precond"
2025-11-26 19:28:31.853983,40,"stress_label",5,4,0.0078125,0.621794871794872,0.66025641025641,0.617948717948718,5,"top5","eeg_tleft_sampent_full_change_precond;pupil_dilation_sd_full_change_precond;eeg_c_theta_mean_full_change_precond;gsr_skin_conductance_eda_tonic_mean_nk_full_change_precond;eeg_tleft_halpha_mean_full_change_precond"
2025-11-26 19:28:32.624972,40,"stress_label",5,8,0.0078125,0.602564102564103,0.634615384615385,NA,5,"top5","eeg_tleft_sampent_full_change_precond;pupil_dilation_sd_full_change_precond;eeg_c_theta_mean_full_change_precond;gsr_skin_conductance_eda_tonic_mean_nk_full_change_precond;eeg_tleft_halpha_mean_full_change_precond"
2025-11-26 19:28:33.380033,40,"stress_label",5,16,0.0078125,0.621794871794872,0.628205128205128,NA,5,"top5","eeg_tleft_sampent_full_change_precond;pupil_dilation_sd_full_change_precond;eeg_c_theta_mean_full_change_precond;gsr_skin_conductance_eda_tonic_mean_nk_full_change_precond;eeg_tleft_halpha_mean_full_change_precond"
2025-11-26 19:28:34.143932,40,"stress_label",5,32,0.0078125,0.615384615384615,0.641025641025641,0.588034188034188,5,"top5","eeg_tleft_sampent_full_change_precond;pupil_dilation_sd_full_change_precond;eeg_c_theta_mean_full_change_precond;gsr_skin_conductance_eda_tonic_mean_nk_full_change_precond;eeg_tleft_halpha_mean_full_change_precond"
2025-11-26 19:28:34.919801,40,"stress_label",5,64,0.0078125,0.647435897435897,0.66025641025641,0.61965811965812,5,"top5","eeg_tleft_sampent_full_change_precond;pupil_dilation_sd_full_change_precond;eeg_c_theta_mean_full_change_precond;gsr_skin_conductance_eda_tonic_mean_nk_full_change_precond;eeg_tleft_halpha_mean_full_change_precond"
2025-11-26 19:28:35.693571,40,"stress_label",5,128,0.0078125,0.647435897435897,0.67948717948718,0.623076923076923,5,"top5","eeg_tleft_sampent_full_change_precond;pupil_dilation_sd_full_change_precond;eeg_c_theta_mean_full_change_precond;gsr_skin_conductance_eda_tonic_mean_nk_full_change_precond;eeg_tleft_halpha_mean_full_change_precond"
2025-11-26 19:28:36.518671,40,"stress_label",5,256,0.0078125,0.641025641025641,0.673076923076923,0.620512820512821,5,"top5","eeg_tleft_sampent_full_change_precond;pupil_dilation_sd_full_change_precond;eeg_c_theta_mean_full_change_precond;gsr_skin_conductance_eda_tonic_mean_nk_full_change_precond;eeg_tleft_halpha_mean_full_change_precond"
2025-11-26 19:28:37.303334,40,"stress_label",5,2,0.015625,0.621794871794872,0.66025641025641,0.617094017094017,5,"top5","eeg_tleft_sampent_full_change_precond;pupil_dilation_sd_full_change_precond;eeg_c_theta_mean_full_change_precond;gsr_skin_conductance_eda_tonic_mean_nk_full_change_precond;eeg_tleft_halpha_mean_full_change_precond"
2025-11-26 19:28:38.082649,40,"stress_label",5,4,0.015625,0.602564102564103,0.634615384615385,NA,5,"top5","eeg_tleft_sampent_full_change_precond;pupil_dilation_sd_full_change_precond;eeg_c_theta_mean_full_change_precond;gsr_skin_conductance_eda_tonic_mean_nk_full_change_precond;eeg_tleft_halpha_mean_full_change_precond"
2025-11-26 19:28:38.845724,40,"stress_label",5,8,0.015625,0.628205128205128,0.621794871794872,0.609401709401709,5,"top5","eeg_tleft_sampent_full_change_precond;pupil_dilation_sd_full_change_precond;eeg_c_theta_mean_full_change_precond;gsr_skin_conductance_eda_tonic_mean_nk_full_change_precond;eeg_tleft_halpha_mean_full_change_precond"
2025-11-26 19:28:39.573798,40,"stress_label",5,16,0.015625,0.641025641025641,0.647435897435897,0.615384615384615,5,"top5","eeg_tleft_sampent_full_change_precond;pupil_dilation_sd_full_change_precond;eeg_c_theta_mean_full_change_precond;gsr_skin_conductance_eda_tonic_mean_nk_full_change_precond;eeg_tleft_halpha_mean_full_change_precond"
2025-11-26 19:28:40.286535,40,"stress_label",5,32,0.015625,0.647435897435897,0.666666666666667,0.624786324786325,5,"top5","eeg_tleft_sampent_full_change_precond;pupil_dilation_sd_full_change_precond;eeg_c_theta_mean_full_change_precond;gsr_skin_conductance_eda_tonic_mean_nk_full_change_precond;eeg_tleft_halpha_mean_full_change_precond"
2025-11-26 19:28:41.063067,40,"stress_label",5,64,0.015625,0.653846153846154,0.673076923076923,0.64017094017094,5,"top5","eeg_tleft_sampent_full_change_precond;pupil_dilation_sd_full_change_precond;eeg_c_theta_mean_full_change_precond;gsr_skin_conductance_eda_tonic_mean_nk_full_change_precond;eeg_tleft_halpha_mean_full_change_precond"
2025-11-26 19:28:41.887186,40,"stress_label",5,128,0.015625,0.634615384615385,0.66025641025641,0.609401709401709,5,"top5","eeg_tleft_sampent_full_change_precond;pupil_dilation_sd_full_change_precond;eeg_c_theta_mean_full_change_precond;gsr_skin_conductance_eda_tonic_mean_nk_full_change_precond;eeg_tleft_halpha_mean_full_change_precond"
2025-11-26 19:28:42.82099,40,"stress_label",5,256,0.015625,0.608974358974359,0.653846153846154,NA,5,"top5","eeg_tleft_sampent_full_change_precond;pupil_dilation_sd_full_change_precond;eeg_c_theta_mean_full_change_precond;gsr_skin_conductance_eda_tonic_mean_nk_full_change_precond;eeg_tleft_halpha_mean_full_change_precond"
2025-11-26 19:28:43.575948,40,"stress_label",5,2,0.03125,0.615384615384615,0.641025641025641,0.600854700854701,5,"top5","eeg_tleft_sampent_full_change_precond;pupil_dilation_sd_full_change_precond;eeg_c_theta_mean_full_change_precond;gsr_skin_conductance_eda_tonic_mean_nk_full_change_precond;eeg_tleft_halpha_mean_full_change_precond"
2025-11-26 19:28:44.311948,40,"stress_label",5,4,0.03125,0.641025641025641,0.634615384615385,0.616239316239316,5,"top5","eeg_tleft_sampent_full_change_precond;pupil_dilation_sd_full_change_precond;eeg_c_theta_mean_full_change_precond;gsr_skin_conductance_eda_tonic_mean_nk_full_change_precond;eeg_tleft_halpha_mean_full_change_precond"
2025-11-26 19:28:45.062084,40,"stress_label",5,8,0.03125,0.653846153846154,0.67948717948718,0.629059829059829,5,"top5","eeg_tleft_sampent_full_change_precond;pupil_dilation_sd_full_change_precond;eeg_c_theta_mean_full_change_precond;gsr_skin_conductance_eda_tonic_mean_nk_full_change_precond;eeg_tleft_halpha_mean_full_change_precond"
2025-11-26 19:28:45.826013,40,"stress_label",5,16,0.03125,0.641025641025641,0.673076923076923,0.623931623931624,5,"top5","eeg_tleft_sampent_full_change_precond;pupil_dilation_sd_full_change_precond;eeg_c_theta_mean_full_change_precond;gsr_skin_conductance_eda_tonic_mean_nk_full_change_precond;eeg_tleft_halpha_mean_full_change_precond"
2025-11-26 19:28:46.615446,40,"stress_label",5,32,0.03125,0.628205128205128,0.673076923076923,0.606837606837607,5,"top5","eeg_tleft_sampent_full_change_precond;pupil_dilation_sd_full_change_precond;eeg_c_theta_mean_full_change_precond;gsr_skin_conductance_eda_tonic_mean_nk_full_change_precond;eeg_tleft_halpha_mean_full_change_precond"
2025-11-26 19:28:47.46056,40,"stress_label",5,64,0.03125,0.615384615384615,0.66025641025641,0.597435897435897,5,"top5","eeg_tleft_sampent_full_change_precond;pupil_dilation_sd_full_change_precond;eeg_c_theta_mean_full_change_precond;gsr_skin_conductance_eda_tonic_mean_nk_full_change_precond;eeg_tleft_halpha_mean_full_change_precond"
2025-11-26 19:28:48.279294,40,"stress_label",5,128,0.03125,0.615384615384615,0.647435897435897,NA,5,"top5","eeg_tleft_sampent_full_change_precond;pupil_dilation_sd_full_change_precond;eeg_c_theta_mean_full_change_precond;gsr_skin_conductance_eda_tonic_mean_nk_full_change_precond;eeg_tleft_halpha_mean_full_change_precond"
2025-11-26 19:28:49.198616,40,"stress_label",5,256,0.03125,0.615384615384615,0.653846153846154,NA,5,"top5","eeg_tleft_sampent_full_change_precond;pupil_dilation_sd_full_change_precond;eeg_c_theta_mean_full_change_precond;gsr_skin_conductance_eda_tonic_mean_nk_full_change_precond;eeg_tleft_halpha_mean_full_change_precond"
2025-11-26 19:28:49.92201,40,"stress_label",5,2,0.0625,0.653846153846154,0.666666666666667,0.623076923076923,5,"top5","eeg_tleft_sampent_full_change_precond;pupil_dilation_sd_full_change_precond;eeg_c_theta_mean_full_change_precond;gsr_skin_conductance_eda_tonic_mean_nk_full_change_precond;eeg_tleft_halpha_mean_full_change_precond"
2025-11-26 19:28:50.675097,40,"stress_label",5,4,0.0625,0.647435897435897,0.666666666666667,0.628205128205128,5,"top5","eeg_tleft_sampent_full_change_precond;pupil_dilation_sd_full_change_precond;eeg_c_theta_mean_full_change_precond;gsr_skin_conductance_eda_tonic_mean_nk_full_change_precond;eeg_tleft_halpha_mean_full_change_precond"
2025-11-26 19:28:51.440917,40,"stress_label",5,8,0.0625,0.628205128205128,0.66025641025641,0.61025641025641,5,"top5","eeg_tleft_sampent_full_change_precond;pupil_dilation_sd_full_change_precond;eeg_c_theta_mean_full_change_precond;gsr_skin_conductance_eda_tonic_mean_nk_full_change_precond;eeg_tleft_halpha_mean_full_change_precond"
2025-11-26 19:28:52.230042,40,"stress_label",5,16,0.0625,0.621794871794872,0.66025641025641,0.605128205128205,5,"top5","eeg_tleft_sampent_full_change_precond;pupil_dilation_sd_full_change_precond;eeg_c_theta_mean_full_change_precond;gsr_skin_conductance_eda_tonic_mean_nk_full_change_precond;eeg_tleft_halpha_mean_full_change_precond"
2025-11-26 19:28:53.05493,40,"stress_label",5,32,0.0625,0.628205128205128,0.653846153846154,NA,5,"top5","eeg_tleft_sampent_full_change_precond;pupil_dilation_sd_full_change_precond;eeg_c_theta_mean_full_change_precond;gsr_skin_conductance_eda_tonic_mean_nk_full_change_precond;eeg_tleft_halpha_mean_full_change_precond"
2025-11-26 19:28:53.969249,40,"stress_label",5,64,0.0625,0.576923076923077,0.653846153846154,NA,5,"top5","eeg_tleft_sampent_full_change_precond;pupil_dilation_sd_full_change_precond;eeg_c_theta_mean_full_change_precond;gsr_skin_conductance_eda_tonic_mean_nk_full_change_precond;eeg_tleft_halpha_mean_full_change_precond"
2025-11-26 19:28:54.936702,40,"stress_label",5,128,0.0625,0.602564102564103,0.634615384615385,NA,5,"top5","eeg_tleft_sampent_full_change_precond;pupil_dilation_sd_full_change_precond;eeg_c_theta_mean_full_change_precond;gsr_skin_conductance_eda_tonic_mean_nk_full_change_precond;eeg_tleft_halpha_mean_full_change_precond"
2025-11-26 19:28:56.116319,40,"stress_label",5,256,0.0625,0.615384615384615,0.634615384615385,NA,5,"top5","eeg_tleft_sampent_full_change_precond;pupil_dilation_sd_full_change_precond;eeg_c_theta_mean_full_change_precond;gsr_skin_conductance_eda_tonic_mean_nk_full_change_precond;eeg_tleft_halpha_mean_full_change_precond"
2025-11-26 19:28:56.876716,40,"stress_label",5,2,0.125,0.641025641025641,0.647435897435897,0.623076923076923,5,"top5","eeg_tleft_sampent_full_change_precond;pupil_dilation_sd_full_change_precond;eeg_c_theta_mean_full_change_precond;gsr_skin_conductance_eda_tonic_mean_nk_full_change_precond;eeg_tleft_halpha_mean_full_change_precond"
2025-11-26 19:28:57.577368,40,"stress_label",5,4,0.125,0.615384615384615,0.66025641025641,NA,5,"top5","eeg_tleft_sampent_full_change_precond;pupil_dilation_sd_full_change_precond;eeg_c_theta_mean_full_change_precond;gsr_skin_conductance_eda_tonic_mean_nk_full_change_precond;eeg_tleft_halpha_mean_full_change_precond"
2025-11-26 19:28:58.373983,40,"stress_label",5,8,0.125,0.615384615384615,0.653846153846154,NA,5,"top5","eeg_tleft_sampent_full_change_precond;pupil_dilation_sd_full_change_precond;eeg_c_theta_mean_full_change_precond;gsr_skin_conductance_eda_tonic_mean_nk_full_change_precond;eeg_tleft_halpha_mean_full_change_precond"
2025-11-26 19:28:59.145814,40,"stress_label",5,16,0.125,0.596153846153846,0.628205128205128,NA,5,"top5","eeg_tleft_sampent_full_change_precond;pupil_dilation_sd_full_change_precond;eeg_c_theta_mean_full_change_precond;gsr_skin_conductance_eda_tonic_mean_nk_full_change_precond;eeg_tleft_halpha_mean_full_change_precond"
2025-11-26 19:29:00.140759,40,"stress_label",5,32,0.125,0.621794871794872,0.634615384615385,NA,5,"top5","eeg_tleft_sampent_full_change_precond;pupil_dilation_sd_full_change_precond;eeg_c_theta_mean_full_change_precond;gsr_skin_conductance_eda_tonic_mean_nk_full_change_precond;eeg_tleft_halpha_mean_full_change_precond"
2025-11-26 19:29:01.036891,40,"stress_label",5,64,0.125,0.602564102564103,0.596153846153846,NA,5,"top5","eeg_tleft_sampent_full_change_precond;pupil_dilation_sd_full_change_precond;eeg_c_theta_mean_full_change_precond;gsr_skin_conductance_eda_tonic_mean_nk_full_change_precond;eeg_tleft_halpha_mean_full_change_precond"
2025-11-26 19:29:02.080932,40,"stress_label",5,128,0.125,0.551282051282051,0.564102564102564,NA,5,"top5","eeg_tleft_sampent_full_change_precond;pupil_dilation_sd_full_change_precond;eeg_c_theta_mean_full_change_precond;gsr_skin_conductance_eda_tonic_mean_nk_full_change_precond;eeg_tleft_halpha_mean_full_change_precond"
2025-11-26 19:29:03.537967,40,"stress_label",5,256,0.125,0.544871794871795,0.557692307692308,NA,5,"top5","eeg_tleft_sampent_full_change_precond;pupil_dilation_sd_full_change_precond;eeg_c_theta_mean_full_change_precond;gsr_skin_conductance_eda_tonic_mean_nk_full_change_precond;eeg_tleft_halpha_mean_full_change_precond"
2025-11-26 19:29:04.221216,40,"stress_label",5,2,0.03,0.615384615384615,0.634615384615385,0.600854700854701,5,"top5","eeg_tleft_sampent_full_change_precond;pupil_dilation_sd_full_change_precond;eeg_c_theta_mean_full_change_precond;gsr_skin_conductance_eda_tonic_mean_nk_full_change_precond;eeg_tleft_halpha_mean_full_change_precond"
2025-11-26 19:29:04.894381,40,"stress_label",5,4,0.03,0.628205128205128,0.634615384615385,0.603418803418803,5,"top5","eeg_tleft_sampent_full_change_precond;pupil_dilation_sd_full_change_precond;eeg_c_theta_mean_full_change_precond;gsr_skin_conductance_eda_tonic_mean_nk_full_change_precond;eeg_tleft_halpha_mean_full_change_precond"
2025-11-26 19:29:05.697348,40,"stress_label",5,8,0.03,0.66025641025641,0.67948717948718,0.633333333333333,5,"top5","eeg_tleft_sampent_full_change_precond;pupil_dilation_sd_full_change_precond;eeg_c_theta_mean_full_change_precond;gsr_skin_conductance_eda_tonic_mean_nk_full_change_precond;eeg_tleft_halpha_mean_full_change_precond"
2025-11-26 19:29:06.392319,40,"stress_label",5,16,0.03,0.66025641025641,0.673076923076923,0.635897435897436,5,"top5","eeg_tleft_sampent_full_change_precond;pupil_dilation_sd_full_change_precond;eeg_c_theta_mean_full_change_precond;gsr_skin_conductance_eda_tonic_mean_nk_full_change_precond;eeg_tleft_halpha_mean_full_change_precond"
2025-11-26 19:29:07.158216,40,"stress_label",5,32,0.03,0.628205128205128,0.673076923076923,0.61025641025641,5,"top5","eeg_tleft_sampent_full_change_precond;pupil_dilation_sd_full_change_precond;eeg_c_theta_mean_full_change_precond;gsr_skin_conductance_eda_tonic_mean_nk_full_change_precond;eeg_tleft_halpha_mean_full_change_precond"
2025-11-26 19:29:07.989736,40,"stress_label",5,64,0.03,0.602564102564103,0.66025641025641,NA,5,"top5","eeg_tleft_sampent_full_change_precond;pupil_dilation_sd_full_change_precond;eeg_c_theta_mean_full_change_precond;gsr_skin_conductance_eda_tonic_mean_nk_full_change_precond;eeg_tleft_halpha_mean_full_change_precond"
2025-11-26 19:29:08.856939,40,"stress_label",5,128,0.03,0.615384615384615,0.653846153846154,NA,5,"top5","eeg_tleft_sampent_full_change_precond;pupil_dilation_sd_full_change_precond;eeg_c_theta_mean_full_change_precond;gsr_skin_conductance_eda_tonic_mean_nk_full_change_precond;eeg_tleft_halpha_mean_full_change_precond"
2025-11-26 19:29:09.793542,40,"stress_label",5,256,0.03,0.621794871794872,0.653846153846154,NA,5,"top5","eeg_tleft_sampent_full_change_precond;pupil_dilation_sd_full_change_precond;eeg_c_theta_mean_full_change_precond;gsr_skin_conductance_eda_tonic_mean_nk_full_change_precond;eeg_tleft_halpha_mean_full_change_precond"
2025-11-26 19:29:10.490407,40,"stress_label",5,2,0.06,0.647435897435897,0.666666666666667,0.614529914529915,5,"top5","eeg_tleft_sampent_full_change_precond;pupil_dilation_sd_full_change_precond;eeg_c_theta_mean_full_change_precond;gsr_skin_conductance_eda_tonic_mean_nk_full_change_precond;eeg_tleft_halpha_mean_full_change_precond"
2025-11-26 19:29:11.145444,40,"stress_label",5,4,0.06,0.647435897435897,0.673076923076923,0.628205128205128,5,"top5","eeg_tleft_sampent_full_change_precond;pupil_dilation_sd_full_change_precond;eeg_c_theta_mean_full_change_precond;gsr_skin_conductance_eda_tonic_mean_nk_full_change_precond;eeg_tleft_halpha_mean_full_change_precond"
2025-11-26 19:29:11.881877,40,"stress_label",5,8,0.06,0.634615384615385,0.673076923076923,0.618803418803419,5,"top5","eeg_tleft_sampent_full_change_precond;pupil_dilation_sd_full_change_precond;eeg_c_theta_mean_full_change_precond;gsr_skin_conductance_eda_tonic_mean_nk_full_change_precond;eeg_tleft_halpha_mean_full_change_precond"
2025-11-26 19:29:12.641744,40,"stress_label",5,16,0.06,0.621794871794872,0.66025641025641,0.605128205128205,5,"top5","eeg_tleft_sampent_full_change_precond;pupil_dilation_sd_full_change_precond;eeg_c_theta_mean_full_change_precond;gsr_skin_conductance_eda_tonic_mean_nk_full_change_precond;eeg_tleft_halpha_mean_full_change_precond"
2025-11-26 19:29:13.449632,40,"stress_label",5,32,0.06,0.615384615384615,0.653846153846154,0.595726495726496,5,"top5","eeg_tleft_sampent_full_change_precond;pupil_dilation_sd_full_change_precond;eeg_c_theta_mean_full_change_precond;gsr_skin_conductance_eda_tonic_mean_nk_full_change_precond;eeg_tleft_halpha_mean_full_change_precond"
2025-11-26 19:29:14.38335,40,"stress_label",5,64,0.06,0.596153846153846,0.653846153846154,NA,5,"top5","eeg_tleft_sampent_full_change_precond;pupil_dilation_sd_full_change_precond;eeg_c_theta_mean_full_change_precond;gsr_skin_conductance_eda_tonic_mean_nk_full_change_precond;eeg_tleft_halpha_mean_full_change_precond"
2025-11-26 19:29:15.385278,40,"stress_label",5,128,0.06,0.602564102564103,0.641025641025641,NA,5,"top5","eeg_tleft_sampent_full_change_precond;pupil_dilation_sd_full_change_precond;eeg_c_theta_mean_full_change_precond;gsr_skin_conductance_eda_tonic_mean_nk_full_change_precond;eeg_tleft_halpha_mean_full_change_precond"
2025-11-26 19:29:16.649654,40,"stress_label",5,256,0.06,0.621794871794872,0.641025641025641,NA,5,"top5","eeg_tleft_sampent_full_change_precond;pupil_dilation_sd_full_change_precond;eeg_c_theta_mean_full_change_precond;gsr_skin_conductance_eda_tonic_mean_nk_full_change_precond;eeg_tleft_halpha_mean_full_change_precond"
2025-11-26 19:29:17.407808,40,"stress_label",5,2,0.1,0.647435897435897,0.666666666666667,0.628205128205128,5,"top5","eeg_tleft_sampent_full_change_precond;pupil_dilation_sd_full_change_precond;eeg_c_theta_mean_full_change_precond;gsr_skin_conductance_eda_tonic_mean_nk_full_change_precond;eeg_tleft_halpha_mean_full_change_precond"
2025-11-26 19:29:18.172878,40,"stress_label",5,4,0.1,0.628205128205128,0.634615384615385,0.611111111111111,5,"top5","eeg_tleft_sampent_full_change_precond;pupil_dilation_sd_full_change_precond;eeg_c_theta_mean_full_change_precond;gsr_skin_conductance_eda_tonic_mean_nk_full_change_precond;eeg_tleft_halpha_mean_full_change_precond"
2025-11-26 19:29:18.874453,40,"stress_label",5,8,0.1,0.615384615384615,0.653846153846154,0.599145299145299,5,"top5","eeg_tleft_sampent_full_change_precond;pupil_dilation_sd_full_change_precond;eeg_c_theta_mean_full_change_precond;gsr_skin_conductance_eda_tonic_mean_nk_full_change_precond;eeg_tleft_halpha_mean_full_change_precond"
2025-11-26 19:29:19.66651,40,"stress_label",5,16,0.1,0.615384615384615,0.647435897435897,NA,5,"top5","eeg_tleft_sampent_full_change_precond;pupil_dilation_sd_full_change_precond;eeg_c_theta_mean_full_change_precond;gsr_skin_conductance_eda_tonic_mean_nk_full_change_precond;eeg_tleft_halpha_mean_full_change_precond"
2025-11-26 19:29:20.526028,40,"stress_label",5,32,0.1,0.602564102564103,0.634615384615385,NA,5,"top5","eeg_tleft_sampent_full_change_precond;pupil_dilation_sd_full_change_precond;eeg_c_theta_mean_full_change_precond;gsr_skin_conductance_eda_tonic_mean_nk_full_change_precond;eeg_tleft_halpha_mean_full_change_precond"
2025-11-26 19:29:21.49781,40,"stress_label",5,64,0.1,0.621794871794872,0.641025641025641,NA,5,"top5","eeg_tleft_sampent_full_change_precond;pupil_dilation_sd_full_change_precond;eeg_c_theta_mean_full_change_precond;gsr_skin_conductance_eda_tonic_mean_nk_full_change_precond;eeg_tleft_halpha_mean_full_change_precond"
2025-11-26 19:29:22.5732,40,"stress_label",5,128,0.1,0.596153846153846,0.596153846153846,NA,5,"top5","eeg_tleft_sampent_full_change_precond;pupil_dilation_sd_full_change_precond;eeg_c_theta_mean_full_change_precond;gsr_skin_conductance_eda_tonic_mean_nk_full_change_precond;eeg_tleft_halpha_mean_full_change_precond"
2025-11-26 19:29:23.977407,40,"stress_label",5,256,0.1,0.551282051282051,0.564102564102564,NA,5,"top5","eeg_tleft_sampent_full_change_precond;pupil_dilation_sd_full_change_precond;eeg_c_theta_mean_full_change_precond;gsr_skin_conductance_eda_tonic_mean_nk_full_change_precond;eeg_tleft_halpha_mean_full_change_precond"
2025-11-26 19:29:25.254718,41,"stress_label",20,2,0.0078125,0.557692307692308,0.58974358974359,0.517094017094017,20,"top20","eeg_tleft_sampent_full_change_precond;gsr_skin_conductance_eda_tonic_mean_nk_full_change_precond;eeg_tleft_halpha_mean_full_change_precond;pupil_dilation_sd_full_change_precond;eeg_t_sampent_full_change_precond;eeg_c_theta_mean_full_change_precond;eeg_fr_sampent_full_change_precond;eeg_pright_sampent_full_change_precond;eeg_tleft_lalpha_mean_full_change_precond;hrv_rmssd_full_change_precond;hr_heartrate_bpm_med_abs_full_change_precond;eeg_fl_hbeta_mean_full_change_precond;eeg_fm_sampent_full_change_precond;eeg_fm_theta_mean_full_change_precond;eeg_ab_ratio_full_change_precond;eeg_tright_halpha_mean_full_change_precond;pupil_asymmetry_full_change_precond;eeg_c_sampent_full_change_precond;eeg_pleft_halpha_mean_full_change_precond;eeg_c_specent_full_change_precond"
2025-11-26 19:29:26.304425,41,"stress_label",20,4,0.0078125,0.525641025641026,0.551282051282051,NA,20,"top20","eeg_tleft_sampent_full_change_precond;gsr_skin_conductance_eda_tonic_mean_nk_full_change_precond;eeg_tleft_halpha_mean_full_change_precond;pupil_dilation_sd_full_change_precond;eeg_t_sampent_full_change_precond;eeg_c_theta_mean_full_change_precond;eeg_fr_sampent_full_change_precond;eeg_pright_sampent_full_change_precond;eeg_tleft_lalpha_mean_full_change_precond;hrv_rmssd_full_change_precond;hr_heartrate_bpm_med_abs_full_change_precond;eeg_fl_hbeta_mean_full_change_precond;eeg_fm_sampent_full_change_precond;eeg_fm_theta_mean_full_change_precond;eeg_ab_ratio_full_change_precond;eeg_tright_halpha_mean_full_change_precond;pupil_asymmetry_full_change_precond;eeg_c_sampent_full_change_precond;eeg_pleft_halpha_mean_full_change_precond;eeg_c_specent_full_change_precond"
2025-11-26 19:29:27.325211,41,"stress_label",20,8,0.0078125,0.506410256410256,0.544871794871795,0.471794871794872,20,"top20","eeg_tleft_sampent_full_change_precond;gsr_skin_conductance_eda_tonic_mean_nk_full_change_precond;eeg_tleft_halpha_mean_full_change_precond;pupil_dilation_sd_full_change_precond;eeg_t_sampent_full_change_precond;eeg_c_theta_mean_full_change_precond;eeg_fr_sampent_full_change_precond;eeg_pright_sampent_full_change_precond;eeg_tleft_lalpha_mean_full_change_precond;hrv_rmssd_full_change_precond;hr_heartrate_bpm_med_abs_full_change_precond;eeg_fl_hbeta_mean_full_change_precond;eeg_fm_sampent_full_change_precond;eeg_fm_theta_mean_full_change_precond;eeg_ab_ratio_full_change_precond;eeg_tright_halpha_mean_full_change_precond;pupil_asymmetry_full_change_precond;eeg_c_sampent_full_change_precond;eeg_pleft_halpha_mean_full_change_precond;eeg_c_specent_full_change_precond"
2025-11-26 19:29:28.089558,41,"stress_label",20,16,0.0078125,0.544871794871795,0.525641025641026,0.523931623931624,20,"top20","eeg_tleft_sampent_full_change_precond;gsr_skin_conductance_eda_tonic_mean_nk_full_change_precond;eeg_tleft_halpha_mean_full_change_precond;pupil_dilation_sd_full_change_precond;eeg_t_sampent_full_change_precond;eeg_c_theta_mean_full_change_precond;eeg_fr_sampent_full_change_precond;eeg_pright_sampent_full_change_precond;eeg_tleft_lalpha_mean_full_change_precond;hrv_rmssd_full_change_precond;hr_heartrate_bpm_med_abs_full_change_precond;eeg_fl_hbeta_mean_full_change_precond;eeg_fm_sampent_full_change_precond;eeg_fm_theta_mean_full_change_precond;eeg_ab_ratio_full_change_precond;eeg_tright_halpha_mean_full_change_precond;pupil_asymmetry_full_change_precond;eeg_c_sampent_full_change_precond;eeg_pleft_halpha_mean_full_change_precond;eeg_c_specent_full_change_precond"
2025-11-26 19:29:29.060376,41,"stress_label",20,32,0.0078125,0.557692307692308,0.519230769230769,0.534188034188034,20,"top20","eeg_tleft_sampent_full_change_precond;gsr_skin_conductance_eda_tonic_mean_nk_full_change_precond;eeg_tleft_halpha_mean_full_change_precond;pupil_dilation_sd_full_change_precond;eeg_t_sampent_full_change_precond;eeg_c_theta_mean_full_change_precond;eeg_fr_sampent_full_change_precond;eeg_pright_sampent_full_change_precond;eeg_tleft_lalpha_mean_full_change_precond;hrv_rmssd_full_change_precond;hr_heartrate_bpm_med_abs_full_change_precond;eeg_fl_hbeta_mean_full_change_precond;eeg_fm_sampent_full_change_precond;eeg_fm_theta_mean_full_change_precond;eeg_ab_ratio_full_change_precond;eeg_tright_halpha_mean_full_change_precond;pupil_asymmetry_full_change_precond;eeg_c_sampent_full_change_precond;eeg_pleft_halpha_mean_full_change_precond;eeg_c_specent_full_change_precond"
2025-11-26 19:29:29.989421,41,"stress_label",20,64,0.0078125,0.519230769230769,0.487179487179487,0.488888888888889,20,"top20","eeg_tleft_sampent_full_change_precond;gsr_skin_conductance_eda_tonic_mean_nk_full_change_precond;eeg_tleft_halpha_mean_full_change_precond;pupil_dilation_sd_full_change_precond;eeg_t_sampent_full_change_precond;eeg_c_theta_mean_full_change_precond;eeg_fr_sampent_full_change_precond;eeg_pright_sampent_full_change_precond;eeg_tleft_lalpha_mean_full_change_precond;hrv_rmssd_full_change_precond;hr_heartrate_bpm_med_abs_full_change_precond;eeg_fl_hbeta_mean_full_change_precond;eeg_fm_sampent_full_change_precond;eeg_fm_theta_mean_full_change_precond;eeg_ab_ratio_full_change_precond;eeg_tright_halpha_mean_full_change_precond;pupil_asymmetry_full_change_precond;eeg_c_sampent_full_change_precond;eeg_pleft_halpha_mean_full_change_precond;eeg_c_specent_full_change_precond"
2025-11-26 19:29:31.316158,41,"stress_label",20,128,0.0078125,0.5,0.487179487179487,NA,20,"top20","eeg_tleft_sampent_full_change_precond;gsr_skin_conductance_eda_tonic_mean_nk_full_change_precond;eeg_tleft_halpha_mean_full_change_precond;pupil_dilation_sd_full_change_precond;eeg_t_sampent_full_change_precond;eeg_c_theta_mean_full_change_precond;eeg_fr_sampent_full_change_precond;eeg_pright_sampent_full_change_precond;eeg_tleft_lalpha_mean_full_change_precond;hrv_rmssd_full_change_precond;hr_heartrate_bpm_med_abs_full_change_precond;eeg_fl_hbeta_mean_full_change_precond;eeg_fm_sampent_full_change_precond;eeg_fm_theta_mean_full_change_precond;eeg_ab_ratio_full_change_precond;eeg_tright_halpha_mean_full_change_precond;pupil_asymmetry_full_change_precond;eeg_c_sampent_full_change_precond;eeg_pleft_halpha_mean_full_change_precond;eeg_c_specent_full_change_precond"
2025-11-26 19:29:32.924026,41,"stress_label",20,256,0.0078125,0.538461538461538,0.57051282051282,NA,20,"top20","eeg_tleft_sampent_full_change_precond;gsr_skin_conductance_eda_tonic_mean_nk_full_change_precond;eeg_tleft_halpha_mean_full_change_precond;pupil_dilation_sd_full_change_precond;eeg_t_sampent_full_change_precond;eeg_c_theta_mean_full_change_precond;eeg_fr_sampent_full_change_precond;eeg_pright_sampent_full_change_precond;eeg_tleft_lalpha_mean_full_change_precond;hrv_rmssd_full_change_precond;hr_heartrate_bpm_med_abs_full_change_precond;eeg_fl_hbeta_mean_full_change_precond;eeg_fm_sampent_full_change_precond;eeg_fm_theta_mean_full_change_precond;eeg_ab_ratio_full_change_precond;eeg_tright_halpha_mean_full_change_precond;pupil_asymmetry_full_change_precond;eeg_c_sampent_full_change_precond;eeg_pleft_halpha_mean_full_change_precond;eeg_c_specent_full_change_precond"
2025-11-26 19:29:33.818436,41,"stress_label",20,2,0.015625,0.551282051282051,0.576923076923077,NA,20,"top20","eeg_tleft_sampent_full_change_precond;gsr_skin_conductance_eda_tonic_mean_nk_full_change_precond;eeg_tleft_halpha_mean_full_change_precond;pupil_dilation_sd_full_change_precond;eeg_t_sampent_full_change_precond;eeg_c_theta_mean_full_change_precond;eeg_fr_sampent_full_change_precond;eeg_pright_sampent_full_change_precond;eeg_tleft_lalpha_mean_full_change_precond;hrv_rmssd_full_change_precond;hr_heartrate_bpm_med_abs_full_change_precond;eeg_fl_hbeta_mean_full_change_precond;eeg_fm_sampent_full_change_precond;eeg_fm_theta_mean_full_change_precond;eeg_ab_ratio_full_change_precond;eeg_tright_halpha_mean_full_change_precond;pupil_asymmetry_full_change_precond;eeg_c_sampent_full_change_precond;eeg_pleft_halpha_mean_full_change_precond;eeg_c_specent_full_change_precond"
2025-11-26 19:29:34.734429,41,"stress_label",20,4,0.015625,0.532051282051282,0.544871794871795,NA,20,"top20","eeg_tleft_sampent_full_change_precond;gsr_skin_conductance_eda_tonic_mean_nk_full_change_precond;eeg_tleft_halpha_mean_full_change_precond;pupil_dilation_sd_full_change_precond;eeg_t_sampent_full_change_precond;eeg_c_theta_mean_full_change_precond;eeg_fr_sampent_full_change_precond;eeg_pright_sampent_full_change_precond;eeg_tleft_lalpha_mean_full_change_precond;hrv_rmssd_full_change_precond;hr_heartrate_bpm_med_abs_full_change_precond;eeg_fl_hbeta_mean_full_change_precond;eeg_fm_sampent_full_change_precond;eeg_fm_theta_mean_full_change_precond;eeg_ab_ratio_full_change_precond;eeg_tright_halpha_mean_full_change_precond;pupil_asymmetry_full_change_precond;eeg_c_sampent_full_change_precond;eeg_pleft_halpha_mean_full_change_precond;eeg_c_specent_full_change_precond"
2025-11-26 19:29:35.761221,41,"stress_label",20,8,0.015625,0.557692307692308,0.557692307692308,0.527350427350427,20,"top20","eeg_tleft_sampent_full_change_precond;gsr_skin_conductance_eda_tonic_mean_nk_full_change_precond;eeg_tleft_halpha_mean_full_change_precond;pupil_dilation_sd_full_change_precond;eeg_t_sampent_full_change_precond;eeg_c_theta_mean_full_change_precond;eeg_fr_sampent_full_change_precond;eeg_pright_sampent_full_change_precond;eeg_tleft_lalpha_mean_full_change_precond;hrv_rmssd_full_change_precond;hr_heartrate_bpm_med_abs_full_change_precond;eeg_fl_hbeta_mean_full_change_precond;eeg_fm_sampent_full_change_precond;eeg_fm_theta_mean_full_change_precond;eeg_ab_ratio_full_change_precond;eeg_tright_halpha_mean_full_change_precond;pupil_asymmetry_full_change_precond;eeg_c_sampent_full_change_precond;eeg_pleft_halpha_mean_full_change_precond;eeg_c_specent_full_change_precond"
2025-11-26 19:29:36.845783,41,"stress_label",20,16,0.015625,0.538461538461538,0.583333333333333,0.497435897435897,20,"top20","eeg_tleft_sampent_full_change_precond;gsr_skin_conductance_eda_tonic_mean_nk_full_change_precond;eeg_tleft_halpha_mean_full_change_precond;pupil_dilation_sd_full_change_precond;eeg_t_sampent_full_change_precond;eeg_c_theta_mean_full_change_precond;eeg_fr_sampent_full_change_precond;eeg_pright_sampent_full_change_precond;eeg_tleft_lalpha_mean_full_change_precond;hrv_rmssd_full_change_precond;hr_heartrate_bpm_med_abs_full_change_precond;eeg_fl_hbeta_mean_full_change_precond;eeg_fm_sampent_full_change_precond;eeg_fm_theta_mean_full_change_precond;eeg_ab_ratio_full_change_precond;eeg_tright_halpha_mean_full_change_precond;pupil_asymmetry_full_change_precond;eeg_c_sampent_full_change_precond;eeg_pleft_halpha_mean_full_change_precond;eeg_c_specent_full_change_precond"
2025-11-26 19:29:37.86657,41,"stress_label",20,32,0.015625,0.519230769230769,0.512820512820513,NA,20,"top20","eeg_tleft_sampent_full_change_precond;gsr_skin_conductance_eda_tonic_mean_nk_full_change_precond;eeg_tleft_halpha_mean_full_change_precond;pupil_dilation_sd_full_change_precond;eeg_t_sampent_full_change_precond;eeg_c_theta_mean_full_change_precond;eeg_fr_sampent_full_change_precond;eeg_pright_sampent_full_change_precond;eeg_tleft_lalpha_mean_full_change_precond;hrv_rmssd_full_change_precond;hr_heartrate_bpm_med_abs_full_change_precond;eeg_fl_hbeta_mean_full_change_precond;eeg_fm_sampent_full_change_precond;eeg_fm_theta_mean_full_change_precond;eeg_ab_ratio_full_change_precond;eeg_tright_halpha_mean_full_change_precond;pupil_asymmetry_full_change_precond;eeg_c_sampent_full_change_precond;eeg_pleft_halpha_mean_full_change_precond;eeg_c_specent_full_change_precond"
2025-11-26 19:29:39.204514,41,"stress_label",20,64,0.015625,0.538461538461538,0.557692307692308,NA,20,"top20","eeg_tleft_sampent_full_change_precond;gsr_skin_conductance_eda_tonic_mean_nk_full_change_precond;eeg_tleft_halpha_mean_full_change_precond;pupil_dilation_sd_full_change_precond;eeg_t_sampent_full_change_precond;eeg_c_theta_mean_full_change_precond;eeg_fr_sampent_full_change_precond;eeg_pright_sampent_full_change_precond;eeg_tleft_lalpha_mean_full_change_precond;hrv_rmssd_full_change_precond;hr_heartrate_bpm_med_abs_full_change_precond;eeg_fl_hbeta_mean_full_change_precond;eeg_fm_sampent_full_change_precond;eeg_fm_theta_mean_full_change_precond;eeg_ab_ratio_full_change_precond;eeg_tright_halpha_mean_full_change_precond;pupil_asymmetry_full_change_precond;eeg_c_sampent_full_change_precond;eeg_pleft_halpha_mean_full_change_precond;eeg_c_specent_full_change_precond"
2025-11-26 19:29:40.363384,41,"stress_label",20,128,0.015625,0.57051282051282,0.551282051282051,NA,20,"top20","eeg_tleft_sampent_full_change_precond;gsr_skin_conductance_eda_tonic_mean_nk_full_change_precond;eeg_tleft_halpha_mean_full_change_precond;pupil_dilation_sd_full_change_precond;eeg_t_sampent_full_change_precond;eeg_c_theta_mean_full_change_precond;eeg_fr_sampent_full_change_precond;eeg_pright_sampent_full_change_precond;eeg_tleft_lalpha_mean_full_change_precond;hrv_rmssd_full_change_precond;hr_heartrate_bpm_med_abs_full_change_precond;eeg_fl_hbeta_mean_full_change_precond;eeg_fm_sampent_full_change_precond;eeg_fm_theta_mean_full_change_precond;eeg_ab_ratio_full_change_precond;eeg_tright_halpha_mean_full_change_precond;pupil_asymmetry_full_change_precond;eeg_c_sampent_full_change_precond;eeg_pleft_halpha_mean_full_change_precond;eeg_c_specent_full_change_precond"
2025-11-26 19:29:41.712966,41,"stress_label",20,256,0.015625,0.583333333333333,0.596153846153846,NA,20,"top20","eeg_tleft_sampent_full_change_precond;gsr_skin_conductance_eda_tonic_mean_nk_full_change_precond;eeg_tleft_halpha_mean_full_change_precond;pupil_dilation_sd_full_change_precond;eeg_t_sampent_full_change_precond;eeg_c_theta_mean_full_change_precond;eeg_fr_sampent_full_change_precond;eeg_pright_sampent_full_change_precond;eeg_tleft_lalpha_mean_full_change_precond;hrv_rmssd_full_change_precond;hr_heartrate_bpm_med_abs_full_change_precond;eeg_fl_hbeta_mean_full_change_precond;eeg_fm_sampent_full_change_precond;eeg_fm_theta_mean_full_change_precond;eeg_ab_ratio_full_change_precond;eeg_tright_halpha_mean_full_change_precond;pupil_asymmetry_full_change_precond;eeg_c_sampent_full_change_precond;eeg_pleft_halpha_mean_full_change_precond;eeg_c_specent_full_change_precond"
2025-11-26 19:29:42.752797,41,"stress_label",20,2,0.03125,0.532051282051282,0.551282051282051,NA,20,"top20","eeg_tleft_sampent_full_change_precond;gsr_skin_conductance_eda_tonic_mean_nk_full_change_precond;eeg_tleft_halpha_mean_full_change_precond;pupil_dilation_sd_full_change_precond;eeg_t_sampent_full_change_precond;eeg_c_theta_mean_full_change_precond;eeg_fr_sampent_full_change_precond;eeg_pright_sampent_full_change_precond;eeg_tleft_lalpha_mean_full_change_precond;hrv_rmssd_full_change_precond;hr_heartrate_bpm_med_abs_full_change_precond;eeg_fl_hbeta_mean_full_change_precond;eeg_fm_sampent_full_change_precond;eeg_fm_theta_mean_full_change_precond;eeg_ab_ratio_full_change_precond;eeg_tright_halpha_mean_full_change_precond;pupil_asymmetry_full_change_precond;eeg_c_sampent_full_change_precond;eeg_pleft_halpha_mean_full_change_precond;eeg_c_specent_full_change_precond"
2025-11-26 19:29:43.815971,41,"stress_label",20,4,0.03125,0.551282051282051,0.576923076923077,NA,20,"top20","eeg_tleft_sampent_full_change_precond;gsr_skin_conductance_eda_tonic_mean_nk_full_change_precond;eeg_tleft_halpha_mean_full_change_precond;pupil_dilation_sd_full_change_precond;eeg_t_sampent_full_change_precond;eeg_c_theta_mean_full_change_precond;eeg_fr_sampent_full_change_precond;eeg_pright_sampent_full_change_precond;eeg_tleft_lalpha_mean_full_change_precond;hrv_rmssd_full_change_precond;hr_heartrate_bpm_med_abs_full_change_precond;eeg_fl_hbeta_mean_full_change_precond;eeg_fm_sampent_full_change_precond;eeg_fm_theta_mean_full_change_precond;eeg_ab_ratio_full_change_precond;eeg_tright_halpha_mean_full_change_precond;pupil_asymmetry_full_change_precond;eeg_c_sampent_full_change_precond;eeg_pleft_halpha_mean_full_change_precond;eeg_c_specent_full_change_precond"
2025-11-26 19:29:44.923769,41,"stress_label",20,8,0.03125,0.544871794871795,0.551282051282051,NA,20,"top20","eeg_tleft_sampent_full_change_precond;gsr_skin_conductance_eda_tonic_mean_nk_full_change_precond;eeg_tleft_halpha_mean_full_change_precond;pupil_dilation_sd_full_change_precond;eeg_t_sampent_full_change_precond;eeg_c_theta_mean_full_change_precond;eeg_fr_sampent_full_change_precond;eeg_pright_sampent_full_change_precond;eeg_tleft_lalpha_mean_full_change_precond;hrv_rmssd_full_change_precond;hr_heartrate_bpm_med_abs_full_change_precond;eeg_fl_hbeta_mean_full_change_precond;eeg_fm_sampent_full_change_precond;eeg_fm_theta_mean_full_change_precond;eeg_ab_ratio_full_change_precond;eeg_tright_halpha_mean_full_change_precond;pupil_asymmetry_full_change_precond;eeg_c_sampent_full_change_precond;eeg_pleft_halpha_mean_full_change_precond;eeg_c_specent_full_change_precond"
2025-11-26 19:29:46.068914,41,"stress_label",20,16,0.03125,0.551282051282051,0.564102564102564,NA,20,"top20","eeg_tleft_sampent_full_change_precond;gsr_skin_conductance_eda_tonic_mean_nk_full_change_precond;eeg_tleft_halpha_mean_full_change_precond;pupil_dilation_sd_full_change_precond;eeg_t_sampent_full_change_precond;eeg_c_theta_mean_full_change_precond;eeg_fr_sampent_full_change_precond;eeg_pright_sampent_full_change_precond;eeg_tleft_lalpha_mean_full_change_precond;hrv_rmssd_full_change_precond;hr_heartrate_bpm_med_abs_full_change_precond;eeg_fl_hbeta_mean_full_change_precond;eeg_fm_sampent_full_change_precond;eeg_fm_theta_mean_full_change_precond;eeg_ab_ratio_full_change_precond;eeg_tright_halpha_mean_full_change_precond;pupil_asymmetry_full_change_precond;eeg_c_sampent_full_change_precond;eeg_pleft_halpha_mean_full_change_precond;eeg_c_specent_full_change_precond"
2025-11-26 19:29:47.261823,41,"stress_label",20,32,0.03125,0.576923076923077,0.576923076923077,NA,20,"top20","eeg_tleft_sampent_full_change_precond;gsr_skin_conductance_eda_tonic_mean_nk_full_change_precond;eeg_tleft_halpha_mean_full_change_precond;pupil_dilation_sd_full_change_precond;eeg_t_sampent_full_change_precond;eeg_c_theta_mean_full_change_precond;eeg_fr_sampent_full_change_precond;eeg_pright_sampent_full_change_precond;eeg_tleft_lalpha_mean_full_change_precond;hrv_rmssd_full_change_precond;hr_heartrate_bpm_med_abs_full_change_precond;eeg_fl_hbeta_mean_full_change_precond;eeg_fm_sampent_full_change_precond;eeg_fm_theta_mean_full_change_precond;eeg_ab_ratio_full_change_precond;eeg_tright_halpha_mean_full_change_precond;pupil_asymmetry_full_change_precond;eeg_c_sampent_full_change_precond;eeg_pleft_halpha_mean_full_change_precond;eeg_c_specent_full_change_precond"
2025-11-26 19:29:48.505479,41,"stress_label",20,64,0.03125,0.557692307692308,0.596153846153846,NA,20,"top20","eeg_tleft_sampent_full_change_precond;gsr_skin_conductance_eda_tonic_mean_nk_full_change_precond;eeg_tleft_halpha_mean_full_change_precond;pupil_dilation_sd_full_change_precond;eeg_t_sampent_full_change_precond;eeg_c_theta_mean_full_change_precond;eeg_fr_sampent_full_change_precond;eeg_pright_sampent_full_change_precond;eeg_tleft_lalpha_mean_full_change_precond;hrv_rmssd_full_change_precond;hr_heartrate_bpm_med_abs_full_change_precond;eeg_fl_hbeta_mean_full_change_precond;eeg_fm_sampent_full_change_precond;eeg_fm_theta_mean_full_change_precond;eeg_ab_ratio_full_change_precond;eeg_tright_halpha_mean_full_change_precond;pupil_asymmetry_full_change_precond;eeg_c_sampent_full_change_precond;eeg_pleft_halpha_mean_full_change_precond;eeg_c_specent_full_change_precond"
2025-11-26 19:29:49.681959,41,"stress_label",20,128,0.03125,0.557692307692308,0.596153846153846,NA,20,"top20","eeg_tleft_sampent_full_change_precond;gsr_skin_conductance_eda_tonic_mean_nk_full_change_precond;eeg_tleft_halpha_mean_full_change_precond;pupil_dilation_sd_full_change_precond;eeg_t_sampent_full_change_precond;eeg_c_theta_mean_full_change_precond;eeg_fr_sampent_full_change_precond;eeg_pright_sampent_full_change_precond;eeg_tleft_lalpha_mean_full_change_precond;hrv_rmssd_full_change_precond;hr_heartrate_bpm_med_abs_full_change_precond;eeg_fl_hbeta_mean_full_change_precond;eeg_fm_sampent_full_change_precond;eeg_fm_theta_mean_full_change_precond;eeg_ab_ratio_full_change_precond;eeg_tright_halpha_mean_full_change_precond;pupil_asymmetry_full_change_precond;eeg_c_sampent_full_change_precond;eeg_pleft_halpha_mean_full_change_precond;eeg_c_specent_full_change_precond"
2025-11-26 19:29:50.755516,41,"stress_label",20,256,0.03125,0.557692307692308,0.57051282051282,NA,20,"top20","eeg_tleft_sampent_full_change_precond;gsr_skin_conductance_eda_tonic_mean_nk_full_change_precond;eeg_tleft_halpha_mean_full_change_precond;pupil_dilation_sd_full_change_precond;eeg_t_sampent_full_change_precond;eeg_c_theta_mean_full_change_precond;eeg_fr_sampent_full_change_precond;eeg_pright_sampent_full_change_precond;eeg_tleft_lalpha_mean_full_change_precond;hrv_rmssd_full_change_precond;hr_heartrate_bpm_med_abs_full_change_precond;eeg_fl_hbeta_mean_full_change_precond;eeg_fm_sampent_full_change_precond;eeg_fm_theta_mean_full_change_precond;eeg_ab_ratio_full_change_precond;eeg_tright_halpha_mean_full_change_precond;pupil_asymmetry_full_change_precond;eeg_c_sampent_full_change_precond;eeg_pleft_halpha_mean_full_change_precond;eeg_c_specent_full_change_precond"
2025-11-26 19:29:51.843698,41,"stress_label",20,2,0.0625,0.544871794871795,0.538461538461538,NA,20,"top20","eeg_tleft_sampent_full_change_precond;gsr_skin_conductance_eda_tonic_mean_nk_full_change_precond;eeg_tleft_halpha_mean_full_change_precond;pupil_dilation_sd_full_change_precond;eeg_t_sampent_full_change_precond;eeg_c_theta_mean_full_change_precond;eeg_fr_sampent_full_change_precond;eeg_pright_sampent_full_change_precond;eeg_tleft_lalpha_mean_full_change_precond;hrv_rmssd_full_change_precond;hr_heartrate_bpm_med_abs_full_change_precond;eeg_fl_hbeta_mean_full_change_precond;eeg_fm_sampent_full_change_precond;eeg_fm_theta_mean_full_change_precond;eeg_ab_ratio_full_change_precond;eeg_tright_halpha_mean_full_change_precond;pupil_asymmetry_full_change_precond;eeg_c_sampent_full_change_precond;eeg_pleft_halpha_mean_full_change_precond;eeg_c_specent_full_change_precond"
2025-11-26 19:29:52.959963,41,"stress_label",20,4,0.0625,0.564102564102564,0.564102564102564,NA,20,"top20","eeg_tleft_sampent_full_change_precond;gsr_skin_conductance_eda_tonic_mean_nk_full_change_precond;eeg_tleft_halpha_mean_full_change_precond;pupil_dilation_sd_full_change_precond;eeg_t_sampent_full_change_precond;eeg_c_theta_mean_full_change_precond;eeg_fr_sampent_full_change_precond;eeg_pright_sampent_full_change_precond;eeg_tleft_lalpha_mean_full_change_precond;hrv_rmssd_full_change_precond;hr_heartrate_bpm_med_abs_full_change_precond;eeg_fl_hbeta_mean_full_change_precond;eeg_fm_sampent_full_change_precond;eeg_fm_theta_mean_full_change_precond;eeg_ab_ratio_full_change_precond;eeg_tright_halpha_mean_full_change_precond;pupil_asymmetry_full_change_precond;eeg_c_sampent_full_change_precond;eeg_pleft_halpha_mean_full_change_precond;eeg_c_specent_full_change_precond"
2025-11-26 19:29:54.097799,41,"stress_label",20,8,0.0625,0.551282051282051,0.608974358974359,0.545299145299145,20,"top20","eeg_tleft_sampent_full_change_precond;gsr_skin_conductance_eda_tonic_mean_nk_full_change_precond;eeg_tleft_halpha_mean_full_change_precond;pupil_dilation_sd_full_change_precond;eeg_t_sampent_full_change_precond;eeg_c_theta_mean_full_change_precond;eeg_fr_sampent_full_change_precond;eeg_pright_sampent_full_change_precond;eeg_tleft_lalpha_mean_full_change_precond;hrv_rmssd_full_change_precond;hr_heartrate_bpm_med_abs_full_change_precond;eeg_fl_hbeta_mean_full_change_precond;eeg_fm_sampent_full_change_precond;eeg_fm_theta_mean_full_change_precond;eeg_ab_ratio_full_change_precond;eeg_tright_halpha_mean_full_change_precond;pupil_asymmetry_full_change_precond;eeg_c_sampent_full_change_precond;eeg_pleft_halpha_mean_full_change_precond;eeg_c_specent_full_change_precond"
2025-11-26 19:29:55.169263,41,"stress_label",20,16,0.0625,0.544871794871795,0.615384615384615,0.532478632478632,20,"top20","eeg_tleft_sampent_full_change_precond;gsr_skin_conductance_eda_tonic_mean_nk_full_change_precond;eeg_tleft_halpha_mean_full_change_precond;pupil_dilation_sd_full_change_precond;eeg_t_sampent_full_change_precond;eeg_c_theta_mean_full_change_precond;eeg_fr_sampent_full_change_precond;eeg_pright_sampent_full_change_precond;eeg_tleft_lalpha_mean_full_change_precond;hrv_rmssd_full_change_precond;hr_heartrate_bpm_med_abs_full_change_precond;eeg_fl_hbeta_mean_full_change_precond;eeg_fm_sampent_full_change_precond;eeg_fm_theta_mean_full_change_precond;eeg_ab_ratio_full_change_precond;eeg_tright_halpha_mean_full_change_precond;pupil_asymmetry_full_change_precond;eeg_c_sampent_full_change_precond;eeg_pleft_halpha_mean_full_change_precond;eeg_c_specent_full_change_precond"
2025-11-26 19:29:56.32111,41,"stress_label",20,32,0.0625,0.544871794871795,0.615384615384615,0.532478632478632,20,"top20","eeg_tleft_sampent_full_change_precond;gsr_skin_conductance_eda_tonic_mean_nk_full_change_precond;eeg_tleft_halpha_mean_full_change_precond;pupil_dilation_sd_full_change_precond;eeg_t_sampent_full_change_precond;eeg_c_theta_mean_full_change_precond;eeg_fr_sampent_full_change_precond;eeg_pright_sampent_full_change_precond;eeg_tleft_lalpha_mean_full_change_precond;hrv_rmssd_full_change_precond;hr_heartrate_bpm_med_abs_full_change_precond;eeg_fl_hbeta_mean_full_change_precond;eeg_fm_sampent_full_change_precond;eeg_fm_theta_mean_full_change_precond;eeg_ab_ratio_full_change_precond;eeg_tright_halpha_mean_full_change_precond;pupil_asymmetry_full_change_precond;eeg_c_sampent_full_change_precond;eeg_pleft_halpha_mean_full_change_precond;eeg_c_specent_full_change_precond"
2025-11-26 19:29:57.454148,41,"stress_label",20,64,0.0625,0.544871794871795,0.58974358974359,0.532478632478632,20,"top20","eeg_tleft_sampent_full_change_precond;gsr_skin_conductance_eda_tonic_mean_nk_full_change_precond;eeg_tleft_halpha_mean_full_change_precond;pupil_dilation_sd_full_change_precond;eeg_t_sampent_full_change_precond;eeg_c_theta_mean_full_change_precond;eeg_fr_sampent_full_change_precond;eeg_pright_sampent_full_change_precond;eeg_tleft_lalpha_mean_full_change_precond;hrv_rmssd_full_change_precond;hr_heartrate_bpm_med_abs_full_change_precond;eeg_fl_hbeta_mean_full_change_precond;eeg_fm_sampent_full_change_precond;eeg_fm_theta_mean_full_change_precond;eeg_ab_ratio_full_change_precond;eeg_tright_halpha_mean_full_change_precond;pupil_asymmetry_full_change_precond;eeg_c_sampent_full_change_precond;eeg_pleft_halpha_mean_full_change_precond;eeg_c_specent_full_change_precond"
2025-11-26 19:29:58.606819,41,"stress_label",20,128,0.0625,0.544871794871795,0.615384615384615,0.532478632478632,20,"top20","eeg_tleft_sampent_full_change_precond;gsr_skin_conductance_eda_tonic_mean_nk_full_change_precond;eeg_tleft_halpha_mean_full_change_precond;pupil_dilation_sd_full_change_precond;eeg_t_sampent_full_change_precond;eeg_c_theta_mean_full_change_precond;eeg_fr_sampent_full_change_precond;eeg_pright_sampent_full_change_precond;eeg_tleft_lalpha_mean_full_change_precond;hrv_rmssd_full_change_precond;hr_heartrate_bpm_med_abs_full_change_precond;eeg_fl_hbeta_mean_full_change_precond;eeg_fm_sampent_full_change_precond;eeg_fm_theta_mean_full_change_precond;eeg_ab_ratio_full_change_precond;eeg_tright_halpha_mean_full_change_precond;pupil_asymmetry_full_change_precond;eeg_c_sampent_full_change_precond;eeg_pleft_halpha_mean_full_change_precond;eeg_c_specent_full_change_precond"
2025-11-26 19:29:59.706342,41,"stress_label",20,256,0.0625,0.544871794871795,0.615384615384615,0.532478632478632,20,"top20","eeg_tleft_sampent_full_change_precond;gsr_skin_conductance_eda_tonic_mean_nk_full_change_precond;eeg_tleft_halpha_mean_full_change_precond;pupil_dilation_sd_full_change_precond;eeg_t_sampent_full_change_precond;eeg_c_theta_mean_full_change_precond;eeg_fr_sampent_full_change_precond;eeg_pright_sampent_full_change_precond;eeg_tleft_lalpha_mean_full_change_precond;hrv_rmssd_full_change_precond;hr_heartrate_bpm_med_abs_full_change_precond;eeg_fl_hbeta_mean_full_change_precond;eeg_fm_sampent_full_change_precond;eeg_fm_theta_mean_full_change_precond;eeg_ab_ratio_full_change_precond;eeg_tright_halpha_mean_full_change_precond;pupil_asymmetry_full_change_precond;eeg_c_sampent_full_change_precond;eeg_pleft_halpha_mean_full_change_precond;eeg_c_specent_full_change_precond"
2025-11-26 19:30:00.802971,41,"stress_label",20,2,0.125,0.544871794871795,0.621794871794872,NA,20,"top20","eeg_tleft_sampent_full_change_precond;gsr_skin_conductance_eda_tonic_mean_nk_full_change_precond;eeg_tleft_halpha_mean_full_change_precond;pupil_dilation_sd_full_change_precond;eeg_t_sampent_full_change_precond;eeg_c_theta_mean_full_change_precond;eeg_fr_sampent_full_change_precond;eeg_pright_sampent_full_change_precond;eeg_tleft_lalpha_mean_full_change_precond;hrv_rmssd_full_change_precond;hr_heartrate_bpm_med_abs_full_change_precond;eeg_fl_hbeta_mean_full_change_precond;eeg_fm_sampent_full_change_precond;eeg_fm_theta_mean_full_change_precond;eeg_ab_ratio_full_change_precond;eeg_tright_halpha_mean_full_change_precond;pupil_asymmetry_full_change_precond;eeg_c_sampent_full_change_precond;eeg_pleft_halpha_mean_full_change_precond;eeg_c_specent_full_change_precond"
2025-11-26 19:30:01.757871,41,"stress_label",20,4,0.125,0.557692307692308,0.621794871794872,NA,20,"top20","eeg_tleft_sampent_full_change_precond;gsr_skin_conductance_eda_tonic_mean_nk_full_change_precond;eeg_tleft_halpha_mean_full_change_precond;pupil_dilation_sd_full_change_precond;eeg_t_sampent_full_change_precond;eeg_c_theta_mean_full_change_precond;eeg_fr_sampent_full_change_precond;eeg_pright_sampent_full_change_precond;eeg_tleft_lalpha_mean_full_change_precond;hrv_rmssd_full_change_precond;hr_heartrate_bpm_med_abs_full_change_precond;eeg_fl_hbeta_mean_full_change_precond;eeg_fm_sampent_full_change_precond;eeg_fm_theta_mean_full_change_precond;eeg_ab_ratio_full_change_precond;eeg_tright_halpha_mean_full_change_precond;pupil_asymmetry_full_change_precond;eeg_c_sampent_full_change_precond;eeg_pleft_halpha_mean_full_change_precond;eeg_c_specent_full_change_precond"
2025-11-26 19:30:02.849439,41,"stress_label",20,8,0.125,0.557692307692308,0.628205128205128,NA,20,"top20","eeg_tleft_sampent_full_change_precond;gsr_skin_conductance_eda_tonic_mean_nk_full_change_precond;eeg_tleft_halpha_mean_full_change_precond;pupil_dilation_sd_full_change_precond;eeg_t_sampent_full_change_precond;eeg_c_theta_mean_full_change_precond;eeg_fr_sampent_full_change_precond;eeg_pright_sampent_full_change_precond;eeg_tleft_lalpha_mean_full_change_precond;hrv_rmssd_full_change_precond;hr_heartrate_bpm_med_abs_full_change_precond;eeg_fl_hbeta_mean_full_change_precond;eeg_fm_sampent_full_change_precond;eeg_fm_theta_mean_full_change_precond;eeg_ab_ratio_full_change_precond;eeg_tright_halpha_mean_full_change_precond;pupil_asymmetry_full_change_precond;eeg_c_sampent_full_change_precond;eeg_pleft_halpha_mean_full_change_precond;eeg_c_specent_full_change_precond"
2025-11-26 19:30:03.88576,41,"stress_label",20,16,0.125,0.557692307692308,0.628205128205128,NA,20,"top20","eeg_tleft_sampent_full_change_precond;gsr_skin_conductance_eda_tonic_mean_nk_full_change_precond;eeg_tleft_halpha_mean_full_change_precond;pupil_dilation_sd_full_change_precond;eeg_t_sampent_full_change_precond;eeg_c_theta_mean_full_change_precond;eeg_fr_sampent_full_change_precond;eeg_pright_sampent_full_change_precond;eeg_tleft_lalpha_mean_full_change_precond;hrv_rmssd_full_change_precond;hr_heartrate_bpm_med_abs_full_change_precond;eeg_fl_hbeta_mean_full_change_precond;eeg_fm_sampent_full_change_precond;eeg_fm_theta_mean_full_change_precond;eeg_ab_ratio_full_change_precond;eeg_tright_halpha_mean_full_change_precond;pupil_asymmetry_full_change_precond;eeg_c_sampent_full_change_precond;eeg_pleft_halpha_mean_full_change_precond;eeg_c_specent_full_change_precond"
2025-11-26 19:30:04.99825,41,"stress_label",20,32,0.125,0.557692307692308,0.628205128205128,NA,20,"top20","eeg_tleft_sampent_full_change_precond;gsr_skin_conductance_eda_tonic_mean_nk_full_change_precond;eeg_tleft_halpha_mean_full_change_precond;pupil_dilation_sd_full_change_precond;eeg_t_sampent_full_change_precond;eeg_c_theta_mean_full_change_precond;eeg_fr_sampent_full_change_precond;eeg_pright_sampent_full_change_precond;eeg_tleft_lalpha_mean_full_change_precond;hrv_rmssd_full_change_precond;hr_heartrate_bpm_med_abs_full_change_precond;eeg_fl_hbeta_mean_full_change_precond;eeg_fm_sampent_full_change_precond;eeg_fm_theta_mean_full_change_precond;eeg_ab_ratio_full_change_precond;eeg_tright_halpha_mean_full_change_precond;pupil_asymmetry_full_change_precond;eeg_c_sampent_full_change_precond;eeg_pleft_halpha_mean_full_change_precond;eeg_c_specent_full_change_precond"
2025-11-26 19:30:06.050852,41,"stress_label",20,64,0.125,0.557692307692308,0.628205128205128,NA,20,"top20","eeg_tleft_sampent_full_change_precond;gsr_skin_conductance_eda_tonic_mean_nk_full_change_precond;eeg_tleft_halpha_mean_full_change_precond;pupil_dilation_sd_full_change_precond;eeg_t_sampent_full_change_precond;eeg_c_theta_mean_full_change_precond;eeg_fr_sampent_full_change_precond;eeg_pright_sampent_full_change_precond;eeg_tleft_lalpha_mean_full_change_precond;hrv_rmssd_full_change_precond;hr_heartrate_bpm_med_abs_full_change_precond;eeg_fl_hbeta_mean_full_change_precond;eeg_fm_sampent_full_change_precond;eeg_fm_theta_mean_full_change_precond;eeg_ab_ratio_full_change_precond;eeg_tright_halpha_mean_full_change_precond;pupil_asymmetry_full_change_precond;eeg_c_sampent_full_change_precond;eeg_pleft_halpha_mean_full_change_precond;eeg_c_specent_full_change_precond"
2025-11-26 19:30:07.211591,41,"stress_label",20,128,0.125,0.557692307692308,0.628205128205128,NA,20,"top20","eeg_tleft_sampent_full_change_precond;gsr_skin_conductance_eda_tonic_mean_nk_full_change_precond;eeg_tleft_halpha_mean_full_change_precond;pupil_dilation_sd_full_change_precond;eeg_t_sampent_full_change_precond;eeg_c_theta_mean_full_change_precond;eeg_fr_sampent_full_change_precond;eeg_pright_sampent_full_change_precond;eeg_tleft_lalpha_mean_full_change_precond;hrv_rmssd_full_change_precond;hr_heartrate_bpm_med_abs_full_change_precond;eeg_fl_hbeta_mean_full_change_precond;eeg_fm_sampent_full_change_precond;eeg_fm_theta_mean_full_change_precond;eeg_ab_ratio_full_change_precond;eeg_tright_halpha_mean_full_change_precond;pupil_asymmetry_full_change_precond;eeg_c_sampent_full_change_precond;eeg_pleft_halpha_mean_full_change_precond;eeg_c_specent_full_change_precond"
2025-11-26 19:30:08.286182,41,"stress_label",20,256,0.125,0.557692307692308,0.628205128205128,NA,20,"top20","eeg_tleft_sampent_full_change_precond;gsr_skin_conductance_eda_tonic_mean_nk_full_change_precond;eeg_tleft_halpha_mean_full_change_precond;pupil_dilation_sd_full_change_precond;eeg_t_sampent_full_change_precond;eeg_c_theta_mean_full_change_precond;eeg_fr_sampent_full_change_precond;eeg_pright_sampent_full_change_precond;eeg_tleft_lalpha_mean_full_change_precond;hrv_rmssd_full_change_precond;hr_heartrate_bpm_med_abs_full_change_precond;eeg_fl_hbeta_mean_full_change_precond;eeg_fm_sampent_full_change_precond;eeg_fm_theta_mean_full_change_precond;eeg_ab_ratio_full_change_precond;eeg_tright_halpha_mean_full_change_precond;pupil_asymmetry_full_change_precond;eeg_c_sampent_full_change_precond;eeg_pleft_halpha_mean_full_change_precond;eeg_c_specent_full_change_precond"
2025-11-26 19:30:09.290912,41,"stress_label",20,2,0.03,0.525641025641026,0.557692307692308,NA,20,"top20","eeg_tleft_sampent_full_change_precond;gsr_skin_conductance_eda_tonic_mean_nk_full_change_precond;eeg_tleft_halpha_mean_full_change_precond;pupil_dilation_sd_full_change_precond;eeg_t_sampent_full_change_precond;eeg_c_theta_mean_full_change_precond;eeg_fr_sampent_full_change_precond;eeg_pright_sampent_full_change_precond;eeg_tleft_lalpha_mean_full_change_precond;hrv_rmssd_full_change_precond;hr_heartrate_bpm_med_abs_full_change_precond;eeg_fl_hbeta_mean_full_change_precond;eeg_fm_sampent_full_change_precond;eeg_fm_theta_mean_full_change_precond;eeg_ab_ratio_full_change_precond;eeg_tright_halpha_mean_full_change_precond;pupil_asymmetry_full_change_precond;eeg_c_sampent_full_change_precond;eeg_pleft_halpha_mean_full_change_precond;eeg_c_specent_full_change_precond"
2025-11-26 19:30:10.351454,41,"stress_label",20,4,0.03,0.551282051282051,0.532051282051282,NA,20,"top20","eeg_tleft_sampent_full_change_precond;gsr_skin_conductance_eda_tonic_mean_nk_full_change_precond;eeg_tleft_halpha_mean_full_change_precond;pupil_dilation_sd_full_change_precond;eeg_t_sampent_full_change_precond;eeg_c_theta_mean_full_change_precond;eeg_fr_sampent_full_change_precond;eeg_pright_sampent_full_change_precond;eeg_tleft_lalpha_mean_full_change_precond;hrv_rmssd_full_change_precond;hr_heartrate_bpm_med_abs_full_change_precond;eeg_fl_hbeta_mean_full_change_precond;eeg_fm_sampent_full_change_precond;eeg_fm_theta_mean_full_change_precond;eeg_ab_ratio_full_change_precond;eeg_tright_halpha_mean_full_change_precond;pupil_asymmetry_full_change_precond;eeg_c_sampent_full_change_precond;eeg_pleft_halpha_mean_full_change_precond;eeg_c_specent_full_change_precond"
2025-11-26 19:30:11.463085,41,"stress_label",20,8,0.03,0.544871794871795,0.551282051282051,NA,20,"top20","eeg_tleft_sampent_full_change_precond;gsr_skin_conductance_eda_tonic_mean_nk_full_change_precond;eeg_tleft_halpha_mean_full_change_precond;pupil_dilation_sd_full_change_precond;eeg_t_sampent_full_change_precond;eeg_c_theta_mean_full_change_precond;eeg_fr_sampent_full_change_precond;eeg_pright_sampent_full_change_precond;eeg_tleft_lalpha_mean_full_change_precond;hrv_rmssd_full_change_precond;hr_heartrate_bpm_med_abs_full_change_precond;eeg_fl_hbeta_mean_full_change_precond;eeg_fm_sampent_full_change_precond;eeg_fm_theta_mean_full_change_precond;eeg_ab_ratio_full_change_precond;eeg_tright_halpha_mean_full_change_precond;pupil_asymmetry_full_change_precond;eeg_c_sampent_full_change_precond;eeg_pleft_halpha_mean_full_change_precond;eeg_c_specent_full_change_precond"
2025-11-26 19:30:12.792448,41,"stress_label",20,16,0.03,0.557692307692308,0.576923076923077,NA,20,"top20","eeg_tleft_sampent_full_change_precond;gsr_skin_conductance_eda_tonic_mean_nk_full_change_precond;eeg_tleft_halpha_mean_full_change_precond;pupil_dilation_sd_full_change_precond;eeg_t_sampent_full_change_precond;eeg_c_theta_mean_full_change_precond;eeg_fr_sampent_full_change_precond;eeg_pright_sampent_full_change_precond;eeg_tleft_lalpha_mean_full_change_precond;hrv_rmssd_full_change_precond;hr_heartrate_bpm_med_abs_full_change_precond;eeg_fl_hbeta_mean_full_change_precond;eeg_fm_sampent_full_change_precond;eeg_fm_theta_mean_full_change_precond;eeg_ab_ratio_full_change_precond;eeg_tright_halpha_mean_full_change_precond;pupil_asymmetry_full_change_precond;eeg_c_sampent_full_change_precond;eeg_pleft_halpha_mean_full_change_precond;eeg_c_specent_full_change_precond"
2025-11-26 19:30:14.019215,41,"stress_label",20,32,0.03,0.57051282051282,0.57051282051282,NA,20,"top20","eeg_tleft_sampent_full_change_precond;gsr_skin_conductance_eda_tonic_mean_nk_full_change_precond;eeg_tleft_halpha_mean_full_change_precond;pupil_dilation_sd_full_change_precond;eeg_t_sampent_full_change_precond;eeg_c_theta_mean_full_change_precond;eeg_fr_sampent_full_change_precond;eeg_pright_sampent_full_change_precond;eeg_tleft_lalpha_mean_full_change_precond;hrv_rmssd_full_change_precond;hr_heartrate_bpm_med_abs_full_change_precond;eeg_fl_hbeta_mean_full_change_precond;eeg_fm_sampent_full_change_precond;eeg_fm_theta_mean_full_change_precond;eeg_ab_ratio_full_change_precond;eeg_tright_halpha_mean_full_change_precond;pupil_asymmetry_full_change_precond;eeg_c_sampent_full_change_precond;eeg_pleft_halpha_mean_full_change_precond;eeg_c_specent_full_change_precond"
2025-11-26 19:30:15.278402,41,"stress_label",20,64,0.03,0.564102564102564,0.58974358974359,NA,20,"top20","eeg_tleft_sampent_full_change_precond;gsr_skin_conductance_eda_tonic_mean_nk_full_change_precond;eeg_tleft_halpha_mean_full_change_precond;pupil_dilation_sd_full_change_precond;eeg_t_sampent_full_change_precond;eeg_c_theta_mean_full_change_precond;eeg_fr_sampent_full_change_precond;eeg_pright_sampent_full_change_precond;eeg_tleft_lalpha_mean_full_change_precond;hrv_rmssd_full_change_precond;hr_heartrate_bpm_med_abs_full_change_precond;eeg_fl_hbeta_mean_full_change_precond;eeg_fm_sampent_full_change_precond;eeg_fm_theta_mean_full_change_precond;eeg_ab_ratio_full_change_precond;eeg_tright_halpha_mean_full_change_precond;pupil_asymmetry_full_change_precond;eeg_c_sampent_full_change_precond;eeg_pleft_halpha_mean_full_change_precond;eeg_c_specent_full_change_precond"
2025-11-26 19:30:16.513852,41,"stress_label",20,128,0.03,0.564102564102564,0.58974358974359,NA,20,"top20","eeg_tleft_sampent_full_change_precond;gsr_skin_conductance_eda_tonic_mean_nk_full_change_precond;eeg_tleft_halpha_mean_full_change_precond;pupil_dilation_sd_full_change_precond;eeg_t_sampent_full_change_precond;eeg_c_theta_mean_full_change_precond;eeg_fr_sampent_full_change_precond;eeg_pright_sampent_full_change_precond;eeg_tleft_lalpha_mean_full_change_precond;hrv_rmssd_full_change_precond;hr_heartrate_bpm_med_abs_full_change_precond;eeg_fl_hbeta_mean_full_change_precond;eeg_fm_sampent_full_change_precond;eeg_fm_theta_mean_full_change_precond;eeg_ab_ratio_full_change_precond;eeg_tright_halpha_mean_full_change_precond;pupil_asymmetry_full_change_precond;eeg_c_sampent_full_change_precond;eeg_pleft_halpha_mean_full_change_precond;eeg_c_specent_full_change_precond"
2025-11-26 19:30:17.746902,41,"stress_label",20,256,0.03,0.564102564102564,0.58974358974359,NA,20,"top20","eeg_tleft_sampent_full_change_precond;gsr_skin_conductance_eda_tonic_mean_nk_full_change_precond;eeg_tleft_halpha_mean_full_change_precond;pupil_dilation_sd_full_change_precond;eeg_t_sampent_full_change_precond;eeg_c_theta_mean_full_change_precond;eeg_fr_sampent_full_change_precond;eeg_pright_sampent_full_change_precond;eeg_tleft_lalpha_mean_full_change_precond;hrv_rmssd_full_change_precond;hr_heartrate_bpm_med_abs_full_change_precond;eeg_fl_hbeta_mean_full_change_precond;eeg_fm_sampent_full_change_precond;eeg_fm_theta_mean_full_change_precond;eeg_ab_ratio_full_change_precond;eeg_tright_halpha_mean_full_change_precond;pupil_asymmetry_full_change_precond;eeg_c_sampent_full_change_precond;eeg_pleft_halpha_mean_full_change_precond;eeg_c_specent_full_change_precond"
2025-11-26 19:30:18.829243,41,"stress_label",20,2,0.06,0.538461538461538,0.564102564102564,NA,20,"top20","eeg_tleft_sampent_full_change_precond;gsr_skin_conductance_eda_tonic_mean_nk_full_change_precond;eeg_tleft_halpha_mean_full_change_precond;pupil_dilation_sd_full_change_precond;eeg_t_sampent_full_change_precond;eeg_c_theta_mean_full_change_precond;eeg_fr_sampent_full_change_precond;eeg_pright_sampent_full_change_precond;eeg_tleft_lalpha_mean_full_change_precond;hrv_rmssd_full_change_precond;hr_heartrate_bpm_med_abs_full_change_precond;eeg_fl_hbeta_mean_full_change_precond;eeg_fm_sampent_full_change_precond;eeg_fm_theta_mean_full_change_precond;eeg_ab_ratio_full_change_precond;eeg_tright_halpha_mean_full_change_precond;pupil_asymmetry_full_change_precond;eeg_c_sampent_full_change_precond;eeg_pleft_halpha_mean_full_change_precond;eeg_c_specent_full_change_precond"
2025-11-26 19:30:19.946425,41,"stress_label",20,4,0.06,0.564102564102564,0.557692307692308,NA,20,"top20","eeg_tleft_sampent_full_change_precond;gsr_skin_conductance_eda_tonic_mean_nk_full_change_precond;eeg_tleft_halpha_mean_full_change_precond;pupil_dilation_sd_full_change_precond;eeg_t_sampent_full_change_precond;eeg_c_theta_mean_full_change_precond;eeg_fr_sampent_full_change_precond;eeg_pright_sampent_full_change_precond;eeg_tleft_lalpha_mean_full_change_precond;hrv_rmssd_full_change_precond;hr_heartrate_bpm_med_abs_full_change_precond;eeg_fl_hbeta_mean_full_change_precond;eeg_fm_sampent_full_change_precond;eeg_fm_theta_mean_full_change_precond;eeg_ab_ratio_full_change_precond;eeg_tright_halpha_mean_full_change_precond;pupil_asymmetry_full_change_precond;eeg_c_sampent_full_change_precond;eeg_pleft_halpha_mean_full_change_precond;eeg_c_specent_full_change_precond"
2025-11-26 19:30:21.030385,41,"stress_label",20,8,0.06,0.557692307692308,0.583333333333333,NA,20,"top20","eeg_tleft_sampent_full_change_precond;gsr_skin_conductance_eda_tonic_mean_nk_full_change_precond;eeg_tleft_halpha_mean_full_change_precond;pupil_dilation_sd_full_change_precond;eeg_t_sampent_full_change_precond;eeg_c_theta_mean_full_change_precond;eeg_fr_sampent_full_change_precond;eeg_pright_sampent_full_change_precond;eeg_tleft_lalpha_mean_full_change_precond;hrv_rmssd_full_change_precond;hr_heartrate_bpm_med_abs_full_change_precond;eeg_fl_hbeta_mean_full_change_precond;eeg_fm_sampent_full_change_precond;eeg_fm_theta_mean_full_change_precond;eeg_ab_ratio_full_change_precond;eeg_tright_halpha_mean_full_change_precond;pupil_asymmetry_full_change_precond;eeg_c_sampent_full_change_precond;eeg_pleft_halpha_mean_full_change_precond;eeg_c_specent_full_change_precond"
2025-11-26 19:30:22.131573,41,"stress_label",20,16,0.06,0.544871794871795,0.621794871794872,0.532478632478632,20,"top20","eeg_tleft_sampent_full_change_precond;gsr_skin_conductance_eda_tonic_mean_nk_full_change_precond;eeg_tleft_halpha_mean_full_change_precond;pupil_dilation_sd_full_change_precond;eeg_t_sampent_full_change_precond;eeg_c_theta_mean_full_change_precond;eeg_fr_sampent_full_change_precond;eeg_pright_sampent_full_change_precond;eeg_tleft_lalpha_mean_full_change_precond;hrv_rmssd_full_change_precond;hr_heartrate_bpm_med_abs_full_change_precond;eeg_fl_hbeta_mean_full_change_precond;eeg_fm_sampent_full_change_precond;eeg_fm_theta_mean_full_change_precond;eeg_ab_ratio_full_change_precond;eeg_tright_halpha_mean_full_change_precond;pupil_asymmetry_full_change_precond;eeg_c_sampent_full_change_precond;eeg_pleft_halpha_mean_full_change_precond;eeg_c_specent_full_change_precond"
2025-11-26 19:30:23.266873,41,"stress_label",20,32,0.06,0.544871794871795,0.621794871794872,0.532478632478632,20,"top20","eeg_tleft_sampent_full_change_precond;gsr_skin_conductance_eda_tonic_mean_nk_full_change_precond;eeg_tleft_halpha_mean_full_change_precond;pupil_dilation_sd_full_change_precond;eeg_t_sampent_full_change_precond;eeg_c_theta_mean_full_change_precond;eeg_fr_sampent_full_change_precond;eeg_pright_sampent_full_change_precond;eeg_tleft_lalpha_mean_full_change_precond;hrv_rmssd_full_change_precond;hr_heartrate_bpm_med_abs_full_change_precond;eeg_fl_hbeta_mean_full_change_precond;eeg_fm_sampent_full_change_precond;eeg_fm_theta_mean_full_change_precond;eeg_ab_ratio_full_change_precond;eeg_tright_halpha_mean_full_change_precond;pupil_asymmetry_full_change_precond;eeg_c_sampent_full_change_precond;eeg_pleft_halpha_mean_full_change_precond;eeg_c_specent_full_change_precond"
2025-11-26 19:30:24.400031,41,"stress_label",20,64,0.06,0.544871794871795,0.621794871794872,0.532478632478632,20,"top20","eeg_tleft_sampent_full_change_precond;gsr_skin_conductance_eda_tonic_mean_nk_full_change_precond;eeg_tleft_halpha_mean_full_change_precond;pupil_dilation_sd_full_change_precond;eeg_t_sampent_full_change_precond;eeg_c_theta_mean_full_change_precond;eeg_fr_sampent_full_change_precond;eeg_pright_sampent_full_change_precond;eeg_tleft_lalpha_mean_full_change_precond;hrv_rmssd_full_change_precond;hr_heartrate_bpm_med_abs_full_change_precond;eeg_fl_hbeta_mean_full_change_precond;eeg_fm_sampent_full_change_precond;eeg_fm_theta_mean_full_change_precond;eeg_ab_ratio_full_change_precond;eeg_tright_halpha_mean_full_change_precond;pupil_asymmetry_full_change_precond;eeg_c_sampent_full_change_precond;eeg_pleft_halpha_mean_full_change_precond;eeg_c_specent_full_change_precond"
2025-11-26 19:30:25.509826,41,"stress_label",20,128,0.06,0.544871794871795,0.621794871794872,0.532478632478632,20,"top20","eeg_tleft_sampent_full_change_precond;gsr_skin_conductance_eda_tonic_mean_nk_full_change_precond;eeg_tleft_halpha_mean_full_change_precond;pupil_dilation_sd_full_change_precond;eeg_t_sampent_full_change_precond;eeg_c_theta_mean_full_change_precond;eeg_fr_sampent_full_change_precond;eeg_pright_sampent_full_change_precond;eeg_tleft_lalpha_mean_full_change_precond;hrv_rmssd_full_change_precond;hr_heartrate_bpm_med_abs_full_change_precond;eeg_fl_hbeta_mean_full_change_precond;eeg_fm_sampent_full_change_precond;eeg_fm_theta_mean_full_change_precond;eeg_ab_ratio_full_change_precond;eeg_tright_halpha_mean_full_change_precond;pupil_asymmetry_full_change_precond;eeg_c_sampent_full_change_precond;eeg_pleft_halpha_mean_full_change_precond;eeg_c_specent_full_change_precond"
2025-11-26 19:30:26.596902,41,"stress_label",20,256,0.06,0.544871794871795,0.621794871794872,0.532478632478632,20,"top20","eeg_tleft_sampent_full_change_precond;gsr_skin_conductance_eda_tonic_mean_nk_full_change_precond;eeg_tleft_halpha_mean_full_change_precond;pupil_dilation_sd_full_change_precond;eeg_t_sampent_full_change_precond;eeg_c_theta_mean_full_change_precond;eeg_fr_sampent_full_change_precond;eeg_pright_sampent_full_change_precond;eeg_tleft_lalpha_mean_full_change_precond;hrv_rmssd_full_change_precond;hr_heartrate_bpm_med_abs_full_change_precond;eeg_fl_hbeta_mean_full_change_precond;eeg_fm_sampent_full_change_precond;eeg_fm_theta_mean_full_change_precond;eeg_ab_ratio_full_change_precond;eeg_tright_halpha_mean_full_change_precond;pupil_asymmetry_full_change_precond;eeg_c_sampent_full_change_precond;eeg_pleft_halpha_mean_full_change_precond;eeg_c_specent_full_change_precond"
2025-11-26 19:30:27.724173,41,"stress_label",20,2,0.1,0.576923076923077,0.596153846153846,NA,20,"top20","eeg_tleft_sampent_full_change_precond;gsr_skin_conductance_eda_tonic_mean_nk_full_change_precond;eeg_tleft_halpha_mean_full_change_precond;pupil_dilation_sd_full_change_precond;eeg_t_sampent_full_change_precond;eeg_c_theta_mean_full_change_precond;eeg_fr_sampent_full_change_precond;eeg_pright_sampent_full_change_precond;eeg_tleft_lalpha_mean_full_change_precond;hrv_rmssd_full_change_precond;hr_heartrate_bpm_med_abs_full_change_precond;eeg_fl_hbeta_mean_full_change_precond;eeg_fm_sampent_full_change_precond;eeg_fm_theta_mean_full_change_precond;eeg_ab_ratio_full_change_precond;eeg_tright_halpha_mean_full_change_precond;pupil_asymmetry_full_change_precond;eeg_c_sampent_full_change_precond;eeg_pleft_halpha_mean_full_change_precond;eeg_c_specent_full_change_precond"
2025-11-26 19:30:28.849347,41,"stress_label",20,4,0.1,0.564102564102564,0.596153846153846,NA,20,"top20","eeg_tleft_sampent_full_change_precond;gsr_skin_conductance_eda_tonic_mean_nk_full_change_precond;eeg_tleft_halpha_mean_full_change_precond;pupil_dilation_sd_full_change_precond;eeg_t_sampent_full_change_precond;eeg_c_theta_mean_full_change_precond;eeg_fr_sampent_full_change_precond;eeg_pright_sampent_full_change_precond;eeg_tleft_lalpha_mean_full_change_precond;hrv_rmssd_full_change_precond;hr_heartrate_bpm_med_abs_full_change_precond;eeg_fl_hbeta_mean_full_change_precond;eeg_fm_sampent_full_change_precond;eeg_fm_theta_mean_full_change_precond;eeg_ab_ratio_full_change_precond;eeg_tright_halpha_mean_full_change_precond;pupil_asymmetry_full_change_precond;eeg_c_sampent_full_change_precond;eeg_pleft_halpha_mean_full_change_precond;eeg_c_specent_full_change_precond"
2025-11-26 19:30:29.879836,41,"stress_label",20,8,0.1,0.564102564102564,0.602564102564103,NA,20,"top20","eeg_tleft_sampent_full_change_precond;gsr_skin_conductance_eda_tonic_mean_nk_full_change_precond;eeg_tleft_halpha_mean_full_change_precond;pupil_dilation_sd_full_change_precond;eeg_t_sampent_full_change_precond;eeg_c_theta_mean_full_change_precond;eeg_fr_sampent_full_change_precond;eeg_pright_sampent_full_change_precond;eeg_tleft_lalpha_mean_full_change_precond;hrv_rmssd_full_change_precond;hr_heartrate_bpm_med_abs_full_change_precond;eeg_fl_hbeta_mean_full_change_precond;eeg_fm_sampent_full_change_precond;eeg_fm_theta_mean_full_change_precond;eeg_ab_ratio_full_change_precond;eeg_tright_halpha_mean_full_change_precond;pupil_asymmetry_full_change_precond;eeg_c_sampent_full_change_precond;eeg_pleft_halpha_mean_full_change_precond;eeg_c_specent_full_change_precond"
2025-11-26 19:30:30.91216,41,"stress_label",20,16,0.1,0.564102564102564,0.576923076923077,NA,20,"top20","eeg_tleft_sampent_full_change_precond;gsr_skin_conductance_eda_tonic_mean_nk_full_change_precond;eeg_tleft_halpha_mean_full_change_precond;pupil_dilation_sd_full_change_precond;eeg_t_sampent_full_change_precond;eeg_c_theta_mean_full_change_precond;eeg_fr_sampent_full_change_precond;eeg_pright_sampent_full_change_precond;eeg_tleft_lalpha_mean_full_change_precond;hrv_rmssd_full_change_precond;hr_heartrate_bpm_med_abs_full_change_precond;eeg_fl_hbeta_mean_full_change_precond;eeg_fm_sampent_full_change_precond;eeg_fm_theta_mean_full_change_precond;eeg_ab_ratio_full_change_precond;eeg_tright_halpha_mean_full_change_precond;pupil_asymmetry_full_change_precond;eeg_c_sampent_full_change_precond;eeg_pleft_halpha_mean_full_change_precond;eeg_c_specent_full_change_precond"
2025-11-26 19:30:32.072242,41,"stress_label",20,32,0.1,0.564102564102564,0.602564102564103,NA,20,"top20","eeg_tleft_sampent_full_change_precond;gsr_skin_conductance_eda_tonic_mean_nk_full_change_precond;eeg_tleft_halpha_mean_full_change_precond;pupil_dilation_sd_full_change_precond;eeg_t_sampent_full_change_precond;eeg_c_theta_mean_full_change_precond;eeg_fr_sampent_full_change_precond;eeg_pright_sampent_full_change_precond;eeg_tleft_lalpha_mean_full_change_precond;hrv_rmssd_full_change_precond;hr_heartrate_bpm_med_abs_full_change_precond;eeg_fl_hbeta_mean_full_change_precond;eeg_fm_sampent_full_change_precond;eeg_fm_theta_mean_full_change_precond;eeg_ab_ratio_full_change_precond;eeg_tright_halpha_mean_full_change_precond;pupil_asymmetry_full_change_precond;eeg_c_sampent_full_change_precond;eeg_pleft_halpha_mean_full_change_precond;eeg_c_specent_full_change_precond"
2025-11-26 19:30:33.215799,41,"stress_label",20,64,0.1,0.564102564102564,0.602564102564103,NA,20,"top20","eeg_tleft_sampent_full_change_precond;gsr_skin_conductance_eda_tonic_mean_nk_full_change_precond;eeg_tleft_halpha_mean_full_change_precond;pupil_dilation_sd_full_change_precond;eeg_t_sampent_full_change_precond;eeg_c_theta_mean_full_change_precond;eeg_fr_sampent_full_change_precond;eeg_pright_sampent_full_change_precond;eeg_tleft_lalpha_mean_full_change_precond;hrv_rmssd_full_change_precond;hr_heartrate_bpm_med_abs_full_change_precond;eeg_fl_hbeta_mean_full_change_precond;eeg_fm_sampent_full_change_precond;eeg_fm_theta_mean_full_change_precond;eeg_ab_ratio_full_change_precond;eeg_tright_halpha_mean_full_change_precond;pupil_asymmetry_full_change_precond;eeg_c_sampent_full_change_precond;eeg_pleft_halpha_mean_full_change_precond;eeg_c_specent_full_change_precond"
2025-11-26 19:30:34.089977,41,"stress_label",20,128,0.1,0.564102564102564,0.602564102564103,NA,20,"top20","eeg_tleft_sampent_full_change_precond;gsr_skin_conductance_eda_tonic_mean_nk_full_change_precond;eeg_tleft_halpha_mean_full_change_precond;pupil_dilation_sd_full_change_precond;eeg_t_sampent_full_change_precond;eeg_c_theta_mean_full_change_precond;eeg_fr_sampent_full_change_precond;eeg_pright_sampent_full_change_precond;eeg_tleft_lalpha_mean_full_change_precond;hrv_rmssd_full_change_precond;hr_heartrate_bpm_med_abs_full_change_precond;eeg_fl_hbeta_mean_full_change_precond;eeg_fm_sampent_full_change_precond;eeg_fm_theta_mean_full_change_precond;eeg_ab_ratio_full_change_precond;eeg_tright_halpha_mean_full_change_precond;pupil_asymmetry_full_change_precond;eeg_c_sampent_full_change_precond;eeg_pleft_halpha_mean_full_change_precond;eeg_c_specent_full_change_precond"
2025-11-26 19:30:35.100742,41,"stress_label",20,256,0.1,0.564102564102564,0.602564102564103,NA,20,"top20","eeg_tleft_sampent_full_change_precond;gsr_skin_conductance_eda_tonic_mean_nk_full_change_precond;eeg_tleft_halpha_mean_full_change_precond;pupil_dilation_sd_full_change_precond;eeg_t_sampent_full_change_precond;eeg_c_theta_mean_full_change_precond;eeg_fr_sampent_full_change_precond;eeg_pright_sampent_full_change_precond;eeg_tleft_lalpha_mean_full_change_precond;hrv_rmssd_full_change_precond;hr_heartrate_bpm_med_abs_full_change_precond;eeg_fl_hbeta_mean_full_change_precond;eeg_fm_sampent_full_change_precond;eeg_fm_theta_mean_full_change_precond;eeg_ab_ratio_full_change_precond;eeg_tright_halpha_mean_full_change_precond;pupil_asymmetry_full_change_precond;eeg_c_sampent_full_change_precond;eeg_pleft_halpha_mean_full_change_precond;eeg_c_specent_full_change_precond"
2025-11-26 19:30:35.87704,41,"stress_label",10,2,0.0078125,0.583333333333333,0.628205128205128,0.552991452991453,10,"top10","eeg_tleft_sampent_full_change_precond;gsr_skin_conductance_eda_tonic_mean_nk_full_change_precond;eeg_tleft_halpha_mean_full_change_precond;pupil_dilation_sd_full_change_precond;eeg_t_sampent_full_change_precond;eeg_c_theta_mean_full_change_precond;eeg_fr_sampent_full_change_precond;eeg_pright_sampent_full_change_precond;eeg_tleft_lalpha_mean_full_change_precond;hrv_rmssd_full_change_precond"
2025-11-26 19:30:36.749569,41,"stress_label",10,4,0.0078125,0.564102564102564,0.634615384615385,0.539316239316239,10,"top10","eeg_tleft_sampent_full_change_precond;gsr_skin_conductance_eda_tonic_mean_nk_full_change_precond;eeg_tleft_halpha_mean_full_change_precond;pupil_dilation_sd_full_change_precond;eeg_t_sampent_full_change_precond;eeg_c_theta_mean_full_change_precond;eeg_fr_sampent_full_change_precond;eeg_pright_sampent_full_change_precond;eeg_tleft_lalpha_mean_full_change_precond;hrv_rmssd_full_change_precond"
2025-11-26 19:30:37.511763,41,"stress_label",10,8,0.0078125,0.57051282051282,0.641025641025641,0.543589743589744,10,"top10","eeg_tleft_sampent_full_change_precond;gsr_skin_conductance_eda_tonic_mean_nk_full_change_precond;eeg_tleft_halpha_mean_full_change_precond;pupil_dilation_sd_full_change_precond;eeg_t_sampent_full_change_precond;eeg_c_theta_mean_full_change_precond;eeg_fr_sampent_full_change_precond;eeg_pright_sampent_full_change_precond;eeg_tleft_lalpha_mean_full_change_precond;hrv_rmssd_full_change_precond"
2025-11-26 19:30:38.326117,41,"stress_label",10,16,0.0078125,0.557692307692308,0.641025641025641,0.532478632478632,10,"top10","eeg_tleft_sampent_full_change_precond;gsr_skin_conductance_eda_tonic_mean_nk_full_change_precond;eeg_tleft_halpha_mean_full_change_precond;pupil_dilation_sd_full_change_precond;eeg_t_sampent_full_change_precond;eeg_c_theta_mean_full_change_precond;eeg_fr_sampent_full_change_precond;eeg_pright_sampent_full_change_precond;eeg_tleft_lalpha_mean_full_change_precond;hrv_rmssd_full_change_precond"
2025-11-26 19:30:39.133911,41,"stress_label",10,32,0.0078125,0.544871794871795,0.634615384615385,0.528205128205128,10,"top10","eeg_tleft_sampent_full_change_precond;gsr_skin_conductance_eda_tonic_mean_nk_full_change_precond;eeg_tleft_halpha_mean_full_change_precond;pupil_dilation_sd_full_change_precond;eeg_t_sampent_full_change_precond;eeg_c_theta_mean_full_change_precond;eeg_fr_sampent_full_change_precond;eeg_pright_sampent_full_change_precond;eeg_tleft_lalpha_mean_full_change_precond;hrv_rmssd_full_change_precond"
2025-11-26 19:30:39.98303,41,"stress_label",10,64,0.0078125,0.576923076923077,0.653846153846154,0.575213675213675,10,"top10","eeg_tleft_sampent_full_change_precond;gsr_skin_conductance_eda_tonic_mean_nk_full_change_precond;eeg_tleft_halpha_mean_full_change_precond;pupil_dilation_sd_full_change_precond;eeg_t_sampent_full_change_precond;eeg_c_theta_mean_full_change_precond;eeg_fr_sampent_full_change_precond;eeg_pright_sampent_full_change_precond;eeg_tleft_lalpha_mean_full_change_precond;hrv_rmssd_full_change_precond"
2025-11-26 19:30:40.701328,41,"stress_label",10,128,0.0078125,0.596153846153846,0.647435897435897,0.591452991452991,10,"top10","eeg_tleft_sampent_full_change_precond;gsr_skin_conductance_eda_tonic_mean_nk_full_change_precond;eeg_tleft_halpha_mean_full_change_precond;pupil_dilation_sd_full_change_precond;eeg_t_sampent_full_change_precond;eeg_c_theta_mean_full_change_precond;eeg_fr_sampent_full_change_precond;eeg_pright_sampent_full_change_precond;eeg_tleft_lalpha_mean_full_change_precond;hrv_rmssd_full_change_precond"
2025-11-26 19:30:41.803505,41,"stress_label",10,256,0.0078125,0.596153846153846,0.615384615384615,NA,10,"top10","eeg_tleft_sampent_full_change_precond;gsr_skin_conductance_eda_tonic_mean_nk_full_change_precond;eeg_tleft_halpha_mean_full_change_precond;pupil_dilation_sd_full_change_precond;eeg_t_sampent_full_change_precond;eeg_c_theta_mean_full_change_precond;eeg_fr_sampent_full_change_precond;eeg_pright_sampent_full_change_precond;eeg_tleft_lalpha_mean_full_change_precond;hrv_rmssd_full_change_precond"
2025-11-26 19:30:42.626425,41,"stress_label",10,2,0.015625,0.551282051282051,0.634615384615385,0.517948717948718,10,"top10","eeg_tleft_sampent_full_change_precond;gsr_skin_conductance_eda_tonic_mean_nk_full_change_precond;eeg_tleft_halpha_mean_full_change_precond;pupil_dilation_sd_full_change_precond;eeg_t_sampent_full_change_precond;eeg_c_theta_mean_full_change_precond;eeg_fr_sampent_full_change_precond;eeg_pright_sampent_full_change_precond;eeg_tleft_lalpha_mean_full_change_precond;hrv_rmssd_full_change_precond"
2025-11-26 19:30:43.380513,41,"stress_label",10,4,0.015625,0.557692307692308,0.647435897435897,0.526495726495727,10,"top10","eeg_tleft_sampent_full_change_precond;gsr_skin_conductance_eda_tonic_mean_nk_full_change_precond;eeg_tleft_halpha_mean_full_change_precond;pupil_dilation_sd_full_change_precond;eeg_t_sampent_full_change_precond;eeg_c_theta_mean_full_change_precond;eeg_fr_sampent_full_change_precond;eeg_pright_sampent_full_change_precond;eeg_tleft_lalpha_mean_full_change_precond;hrv_rmssd_full_change_precond"
2025-11-26 19:30:44.074966,41,"stress_label",10,8,0.015625,0.544871794871795,0.615384615384615,0.523931623931624,10,"top10","eeg_tleft_sampent_full_change_precond;gsr_skin_conductance_eda_tonic_mean_nk_full_change_precond;eeg_tleft_halpha_mean_full_change_precond;pupil_dilation_sd_full_change_precond;eeg_t_sampent_full_change_precond;eeg_c_theta_mean_full_change_precond;eeg_fr_sampent_full_change_precond;eeg_pright_sampent_full_change_precond;eeg_tleft_lalpha_mean_full_change_precond;hrv_rmssd_full_change_precond"
2025-11-26 19:30:44.940949,41,"stress_label",10,16,0.015625,0.564102564102564,0.653846153846154,0.558119658119658,10,"top10","eeg_tleft_sampent_full_change_precond;gsr_skin_conductance_eda_tonic_mean_nk_full_change_precond;eeg_tleft_halpha_mean_full_change_precond;pupil_dilation_sd_full_change_precond;eeg_t_sampent_full_change_precond;eeg_c_theta_mean_full_change_precond;eeg_fr_sampent_full_change_precond;eeg_pright_sampent_full_change_precond;eeg_tleft_lalpha_mean_full_change_precond;hrv_rmssd_full_change_precond"
2025-11-26 19:30:45.854477,41,"stress_label",10,32,0.015625,0.596153846153846,0.66025641025641,0.588034188034188,10,"top10","eeg_tleft_sampent_full_change_precond;gsr_skin_conductance_eda_tonic_mean_nk_full_change_precond;eeg_tleft_halpha_mean_full_change_precond;pupil_dilation_sd_full_change_precond;eeg_t_sampent_full_change_precond;eeg_c_theta_mean_full_change_precond;eeg_fr_sampent_full_change_precond;eeg_pright_sampent_full_change_precond;eeg_tleft_lalpha_mean_full_change_precond;hrv_rmssd_full_change_precond"
2025-11-26 19:30:46.824627,41,"stress_label",10,64,0.015625,0.596153846153846,0.634615384615385,NA,10,"top10","eeg_tleft_sampent_full_change_precond;gsr_skin_conductance_eda_tonic_mean_nk_full_change_precond;eeg_tleft_halpha_mean_full_change_precond;pupil_dilation_sd_full_change_precond;eeg_t_sampent_full_change_precond;eeg_c_theta_mean_full_change_precond;eeg_fr_sampent_full_change_precond;eeg_pright_sampent_full_change_precond;eeg_tleft_lalpha_mean_full_change_precond;hrv_rmssd_full_change_precond"
2025-11-26 19:30:47.873481,41,"stress_label",10,128,0.015625,0.57051282051282,0.583333333333333,NA,10,"top10","eeg_tleft_sampent_full_change_precond;gsr_skin_conductance_eda_tonic_mean_nk_full_change_precond;eeg_tleft_halpha_mean_full_change_precond;pupil_dilation_sd_full_change_precond;eeg_t_sampent_full_change_precond;eeg_c_theta_mean_full_change_precond;eeg_fr_sampent_full_change_precond;eeg_pright_sampent_full_change_precond;eeg_tleft_lalpha_mean_full_change_precond;hrv_rmssd_full_change_precond"
2025-11-26 19:30:49.128046,41,"stress_label",10,256,0.015625,0.519230769230769,0.602564102564103,NA,10,"top10","eeg_tleft_sampent_full_change_precond;gsr_skin_conductance_eda_tonic_mean_nk_full_change_precond;eeg_tleft_halpha_mean_full_change_precond;pupil_dilation_sd_full_change_precond;eeg_t_sampent_full_change_precond;eeg_c_theta_mean_full_change_precond;eeg_fr_sampent_full_change_precond;eeg_pright_sampent_full_change_precond;eeg_tleft_lalpha_mean_full_change_precond;hrv_rmssd_full_change_precond"
2025-11-26 19:30:49.970278,41,"stress_label",10,2,0.03125,0.557692307692308,0.647435897435897,0.526495726495727,10,"top10","eeg_tleft_sampent_full_change_precond;gsr_skin_conductance_eda_tonic_mean_nk_full_change_precond;eeg_tleft_halpha_mean_full_change_precond;pupil_dilation_sd_full_change_precond;eeg_t_sampent_full_change_precond;eeg_c_theta_mean_full_change_precond;eeg_fr_sampent_full_change_precond;eeg_pright_sampent_full_change_precond;eeg_tleft_lalpha_mean_full_change_precond;hrv_rmssd_full_change_precond"
2025-11-26 19:30:50.848604,41,"stress_label",10,4,0.03125,0.532051282051282,0.647435897435897,NA,10,"top10","eeg_tleft_sampent_full_change_precond;gsr_skin_conductance_eda_tonic_mean_nk_full_change_precond;eeg_tleft_halpha_mean_full_change_precond;pupil_dilation_sd_full_change_precond;eeg_t_sampent_full_change_precond;eeg_c_theta_mean_full_change_precond;eeg_fr_sampent_full_change_precond;eeg_pright_sampent_full_change_precond;eeg_tleft_lalpha_mean_full_change_precond;hrv_rmssd_full_change_precond"
2025-11-26 19:30:51.714979,41,"stress_label",10,8,0.03125,0.608974358974359,0.66025641025641,0.600854700854701,10,"top10","eeg_tleft_sampent_full_change_precond;gsr_skin_conductance_eda_tonic_mean_nk_full_change_precond;eeg_tleft_halpha_mean_full_change_precond;pupil_dilation_sd_full_change_precond;eeg_t_sampent_full_change_precond;eeg_c_theta_mean_full_change_precond;eeg_fr_sampent_full_change_precond;eeg_pright_sampent_full_change_precond;eeg_tleft_lalpha_mean_full_change_precond;hrv_rmssd_full_change_precond"
2025-11-26 19:30:52.439369,41,"stress_label",10,16,0.03125,0.615384615384615,0.647435897435897,0.598290598290598,10,"top10","eeg_tleft_sampent_full_change_precond;gsr_skin_conductance_eda_tonic_mean_nk_full_change_precond;eeg_tleft_halpha_mean_full_change_precond;pupil_dilation_sd_full_change_precond;eeg_t_sampent_full_change_precond;eeg_c_theta_mean_full_change_precond;eeg_fr_sampent_full_change_precond;eeg_pright_sampent_full_change_precond;eeg_tleft_lalpha_mean_full_change_precond;hrv_rmssd_full_change_precond"
2025-11-26 19:30:53.376437,41,"stress_label",10,32,0.03125,0.57051282051282,0.634615384615385,NA,10,"top10","eeg_tleft_sampent_full_change_precond;gsr_skin_conductance_eda_tonic_mean_nk_full_change_precond;eeg_tleft_halpha_mean_full_change_precond;pupil_dilation_sd_full_change_precond;eeg_t_sampent_full_change_precond;eeg_c_theta_mean_full_change_precond;eeg_fr_sampent_full_change_precond;eeg_pright_sampent_full_change_precond;eeg_tleft_lalpha_mean_full_change_precond;hrv_rmssd_full_change_precond"
2025-11-26 19:30:54.467315,41,"stress_label",10,64,0.03125,0.544871794871795,0.583333333333333,NA,10,"top10","eeg_tleft_sampent_full_change_precond;gsr_skin_conductance_eda_tonic_mean_nk_full_change_precond;eeg_tleft_halpha_mean_full_change_precond;pupil_dilation_sd_full_change_precond;eeg_t_sampent_full_change_precond;eeg_c_theta_mean_full_change_precond;eeg_fr_sampent_full_change_precond;eeg_pright_sampent_full_change_precond;eeg_tleft_lalpha_mean_full_change_precond;hrv_rmssd_full_change_precond"
2025-11-26 19:30:55.72302,41,"stress_label",10,128,0.03125,0.551282051282051,0.596153846153846,NA,10,"top10","eeg_tleft_sampent_full_change_precond;gsr_skin_conductance_eda_tonic_mean_nk_full_change_precond;eeg_tleft_halpha_mean_full_change_precond;pupil_dilation_sd_full_change_precond;eeg_t_sampent_full_change_precond;eeg_c_theta_mean_full_change_precond;eeg_fr_sampent_full_change_precond;eeg_pright_sampent_full_change_precond;eeg_tleft_lalpha_mean_full_change_precond;hrv_rmssd_full_change_precond"
2025-11-26 19:30:57.139757,41,"stress_label",10,256,0.03125,0.551282051282051,0.608974358974359,0.534188034188034,10,"top10","eeg_tleft_sampent_full_change_precond;gsr_skin_conductance_eda_tonic_mean_nk_full_change_precond;eeg_tleft_halpha_mean_full_change_precond;pupil_dilation_sd_full_change_precond;eeg_t_sampent_full_change_precond;eeg_c_theta_mean_full_change_precond;eeg_fr_sampent_full_change_precond;eeg_pright_sampent_full_change_precond;eeg_tleft_lalpha_mean_full_change_precond;hrv_rmssd_full_change_precond"
2025-11-26 19:30:57.891961,41,"stress_label",10,2,0.0625,0.583333333333333,0.666666666666667,0.563247863247863,10,"top10","eeg_tleft_sampent_full_change_precond;gsr_skin_conductance_eda_tonic_mean_nk_full_change_precond;eeg_tleft_halpha_mean_full_change_precond;pupil_dilation_sd_full_change_precond;eeg_t_sampent_full_change_precond;eeg_c_theta_mean_full_change_precond;eeg_fr_sampent_full_change_precond;eeg_pright_sampent_full_change_precond;eeg_tleft_lalpha_mean_full_change_precond;hrv_rmssd_full_change_precond"
2025-11-26 19:30:58.711797,41,"stress_label",10,4,0.0625,0.634615384615385,0.66025641025641,0.626495726495726,10,"top10","eeg_tleft_sampent_full_change_precond;gsr_skin_conductance_eda_tonic_mean_nk_full_change_precond;eeg_tleft_halpha_mean_full_change_precond;pupil_dilation_sd_full_change_precond;eeg_t_sampent_full_change_precond;eeg_c_theta_mean_full_change_precond;eeg_fr_sampent_full_change_precond;eeg_pright_sampent_full_change_precond;eeg_tleft_lalpha_mean_full_change_precond;hrv_rmssd_full_change_precond"
2025-11-26 19:30:59.625058,41,"stress_label",10,8,0.0625,0.602564102564103,0.634615384615385,NA,10,"top10","eeg_tleft_sampent_full_change_precond;gsr_skin_conductance_eda_tonic_mean_nk_full_change_precond;eeg_tleft_halpha_mean_full_change_precond;pupil_dilation_sd_full_change_precond;eeg_t_sampent_full_change_precond;eeg_c_theta_mean_full_change_precond;eeg_fr_sampent_full_change_precond;eeg_pright_sampent_full_change_precond;eeg_tleft_lalpha_mean_full_change_precond;hrv_rmssd_full_change_precond"
2025-11-26 19:31:00.562749,41,"stress_label",10,16,0.0625,0.544871794871795,0.583333333333333,NA,10,"top10","eeg_tleft_sampent_full_change_precond;gsr_skin_conductance_eda_tonic_mean_nk_full_change_precond;eeg_tleft_halpha_mean_full_change_precond;pupil_dilation_sd_full_change_precond;eeg_t_sampent_full_change_precond;eeg_c_theta_mean_full_change_precond;eeg_fr_sampent_full_change_precond;eeg_pright_sampent_full_change_precond;eeg_tleft_lalpha_mean_full_change_precond;hrv_rmssd_full_change_precond"
2025-11-26 19:31:01.617991,41,"stress_label",10,32,0.0625,0.57051282051282,0.608974358974359,NA,10,"top10","eeg_tleft_sampent_full_change_precond;gsr_skin_conductance_eda_tonic_mean_nk_full_change_precond;eeg_tleft_halpha_mean_full_change_precond;pupil_dilation_sd_full_change_precond;eeg_t_sampent_full_change_precond;eeg_c_theta_mean_full_change_precond;eeg_fr_sampent_full_change_precond;eeg_pright_sampent_full_change_precond;eeg_tleft_lalpha_mean_full_change_precond;hrv_rmssd_full_change_precond"
2025-11-26 19:31:02.696453,41,"stress_label",10,64,0.0625,0.557692307692308,0.621794871794872,NA,10,"top10","eeg_tleft_sampent_full_change_precond;gsr_skin_conductance_eda_tonic_mean_nk_full_change_precond;eeg_tleft_halpha_mean_full_change_precond;pupil_dilation_sd_full_change_precond;eeg_t_sampent_full_change_precond;eeg_c_theta_mean_full_change_precond;eeg_fr_sampent_full_change_precond;eeg_pright_sampent_full_change_precond;eeg_tleft_lalpha_mean_full_change_precond;hrv_rmssd_full_change_precond"
2025-11-26 19:31:03.72728,41,"stress_label",10,128,0.0625,0.551282051282051,0.615384615384615,NA,10,"top10","eeg_tleft_sampent_full_change_precond;gsr_skin_conductance_eda_tonic_mean_nk_full_change_precond;eeg_tleft_halpha_mean_full_change_precond;pupil_dilation_sd_full_change_precond;eeg_t_sampent_full_change_precond;eeg_c_theta_mean_full_change_precond;eeg_fr_sampent_full_change_precond;eeg_pright_sampent_full_change_precond;eeg_tleft_lalpha_mean_full_change_precond;hrv_rmssd_full_change_precond"
2025-11-26 19:31:04.771083,41,"stress_label",10,256,0.0625,0.557692307692308,0.615384615384615,NA,10,"top10","eeg_tleft_sampent_full_change_precond;gsr_skin_conductance_eda_tonic_mean_nk_full_change_precond;eeg_tleft_halpha_mean_full_change_precond;pupil_dilation_sd_full_change_precond;eeg_t_sampent_full_change_precond;eeg_c_theta_mean_full_change_precond;eeg_fr_sampent_full_change_precond;eeg_pright_sampent_full_change_precond;eeg_tleft_lalpha_mean_full_change_precond;hrv_rmssd_full_change_precond"
2025-11-26 19:31:05.517894,41,"stress_label",10,2,0.125,0.608974358974359,0.66025641025641,0.593162393162393,10,"top10","eeg_tleft_sampent_full_change_precond;gsr_skin_conductance_eda_tonic_mean_nk_full_change_precond;eeg_tleft_halpha_mean_full_change_precond;pupil_dilation_sd_full_change_precond;eeg_t_sampent_full_change_precond;eeg_c_theta_mean_full_change_precond;eeg_fr_sampent_full_change_precond;eeg_pright_sampent_full_change_precond;eeg_tleft_lalpha_mean_full_change_precond;hrv_rmssd_full_change_precond"
2025-11-26 19:31:06.443334,41,"stress_label",10,4,0.125,0.564102564102564,0.608974358974359,NA,10,"top10","eeg_tleft_sampent_full_change_precond;gsr_skin_conductance_eda_tonic_mean_nk_full_change_precond;eeg_tleft_halpha_mean_full_change_precond;pupil_dilation_sd_full_change_precond;eeg_t_sampent_full_change_precond;eeg_c_theta_mean_full_change_precond;eeg_fr_sampent_full_change_precond;eeg_pright_sampent_full_change_precond;eeg_tleft_lalpha_mean_full_change_precond;hrv_rmssd_full_change_precond"
2025-11-26 19:31:07.437198,41,"stress_label",10,8,0.125,0.576923076923077,0.615384615384615,NA,10,"top10","eeg_tleft_sampent_full_change_precond;gsr_skin_conductance_eda_tonic_mean_nk_full_change_precond;eeg_tleft_halpha_mean_full_change_precond;pupil_dilation_sd_full_change_precond;eeg_t_sampent_full_change_precond;eeg_c_theta_mean_full_change_precond;eeg_fr_sampent_full_change_precond;eeg_pright_sampent_full_change_precond;eeg_tleft_lalpha_mean_full_change_precond;hrv_rmssd_full_change_precond"
2025-11-26 19:31:08.426663,41,"stress_label",10,16,0.125,0.564102564102564,0.621794871794872,NA,10,"top10","eeg_tleft_sampent_full_change_precond;gsr_skin_conductance_eda_tonic_mean_nk_full_change_precond;eeg_tleft_halpha_mean_full_change_precond;pupil_dilation_sd_full_change_precond;eeg_t_sampent_full_change_precond;eeg_c_theta_mean_full_change_precond;eeg_fr_sampent_full_change_precond;eeg_pright_sampent_full_change_precond;eeg_tleft_lalpha_mean_full_change_precond;hrv_rmssd_full_change_precond"
2025-11-26 19:31:09.259524,41,"stress_label",10,32,0.125,0.551282051282051,0.634615384615385,NA,10,"top10","eeg_tleft_sampent_full_change_precond;gsr_skin_conductance_eda_tonic_mean_nk_full_change_precond;eeg_tleft_halpha_mean_full_change_precond;pupil_dilation_sd_full_change_precond;eeg_t_sampent_full_change_precond;eeg_c_theta_mean_full_change_precond;eeg_fr_sampent_full_change_precond;eeg_pright_sampent_full_change_precond;eeg_tleft_lalpha_mean_full_change_precond;hrv_rmssd_full_change_precond"
2025-11-26 19:31:10.247426,41,"stress_label",10,64,0.125,0.544871794871795,0.628205128205128,NA,10,"top10","eeg_tleft_sampent_full_change_precond;gsr_skin_conductance_eda_tonic_mean_nk_full_change_precond;eeg_tleft_halpha_mean_full_change_precond;pupil_dilation_sd_full_change_precond;eeg_t_sampent_full_change_precond;eeg_c_theta_mean_full_change_precond;eeg_fr_sampent_full_change_precond;eeg_pright_sampent_full_change_precond;eeg_tleft_lalpha_mean_full_change_precond;hrv_rmssd_full_change_precond"
2025-11-26 19:31:11.25739,41,"stress_label",10,128,0.125,0.544871794871795,0.628205128205128,NA,10,"top10","eeg_tleft_sampent_full_change_precond;gsr_skin_conductance_eda_tonic_mean_nk_full_change_precond;eeg_tleft_halpha_mean_full_change_precond;pupil_dilation_sd_full_change_precond;eeg_t_sampent_full_change_precond;eeg_c_theta_mean_full_change_precond;eeg_fr_sampent_full_change_precond;eeg_pright_sampent_full_change_precond;eeg_tleft_lalpha_mean_full_change_precond;hrv_rmssd_full_change_precond"
2025-11-26 19:31:12.300872,41,"stress_label",10,256,0.125,0.544871794871795,0.628205128205128,NA,10,"top10","eeg_tleft_sampent_full_change_precond;gsr_skin_conductance_eda_tonic_mean_nk_full_change_precond;eeg_tleft_halpha_mean_full_change_precond;pupil_dilation_sd_full_change_precond;eeg_t_sampent_full_change_precond;eeg_c_theta_mean_full_change_precond;eeg_fr_sampent_full_change_precond;eeg_pright_sampent_full_change_precond;eeg_tleft_lalpha_mean_full_change_precond;hrv_rmssd_full_change_precond"
2025-11-26 19:31:13.142966,41,"stress_label",10,2,0.03,0.557692307692308,0.641025641025641,0.526495726495727,10,"top10","eeg_tleft_sampent_full_change_precond;gsr_skin_conductance_eda_tonic_mean_nk_full_change_precond;eeg_tleft_halpha_mean_full_change_precond;pupil_dilation_sd_full_change_precond;eeg_t_sampent_full_change_precond;eeg_c_theta_mean_full_change_precond;eeg_fr_sampent_full_change_precond;eeg_pright_sampent_full_change_precond;eeg_tleft_lalpha_mean_full_change_precond;hrv_rmssd_full_change_precond"
2025-11-26 19:31:14.005521,41,"stress_label",10,4,0.03,0.532051282051282,0.634615384615385,NA,10,"top10","eeg_tleft_sampent_full_change_precond;gsr_skin_conductance_eda_tonic_mean_nk_full_change_precond;eeg_tleft_halpha_mean_full_change_precond;pupil_dilation_sd_full_change_precond;eeg_t_sampent_full_change_precond;eeg_c_theta_mean_full_change_precond;eeg_fr_sampent_full_change_precond;eeg_pright_sampent_full_change_precond;eeg_tleft_lalpha_mean_full_change_precond;hrv_rmssd_full_change_precond"
2025-11-26 19:31:14.903515,41,"stress_label",10,8,0.03,0.602564102564103,0.653846153846154,0.592307692307692,10,"top10","eeg_tleft_sampent_full_change_precond;gsr_skin_conductance_eda_tonic_mean_nk_full_change_precond;eeg_tleft_halpha_mean_full_change_precond;pupil_dilation_sd_full_change_precond;eeg_t_sampent_full_change_precond;eeg_c_theta_mean_full_change_precond;eeg_fr_sampent_full_change_precond;eeg_pright_sampent_full_change_precond;eeg_tleft_lalpha_mean_full_change_precond;hrv_rmssd_full_change_precond"
2025-11-26 19:31:15.807529,41,"stress_label",10,16,0.03,0.608974358974359,0.647435897435897,0.594017094017094,10,"top10","eeg_tleft_sampent_full_change_precond;gsr_skin_conductance_eda_tonic_mean_nk_full_change_precond;eeg_tleft_halpha_mean_full_change_precond;pupil_dilation_sd_full_change_precond;eeg_t_sampent_full_change_precond;eeg_c_theta_mean_full_change_precond;eeg_fr_sampent_full_change_precond;eeg_pright_sampent_full_change_precond;eeg_tleft_lalpha_mean_full_change_precond;hrv_rmssd_full_change_precond"
2025-11-26 19:31:16.773038,41,"stress_label",10,32,0.03,0.583333333333333,0.621794871794872,NA,10,"top10","eeg_tleft_sampent_full_change_precond;gsr_skin_conductance_eda_tonic_mean_nk_full_change_precond;eeg_tleft_halpha_mean_full_change_precond;pupil_dilation_sd_full_change_precond;eeg_t_sampent_full_change_precond;eeg_c_theta_mean_full_change_precond;eeg_fr_sampent_full_change_precond;eeg_pright_sampent_full_change_precond;eeg_tleft_lalpha_mean_full_change_precond;hrv_rmssd_full_change_precond"
2025-11-26 19:31:17.795995,41,"stress_label",10,64,0.03,0.544871794871795,0.58974358974359,NA,10,"top10","eeg_tleft_sampent_full_change_precond;gsr_skin_conductance_eda_tonic_mean_nk_full_change_precond;eeg_tleft_halpha_mean_full_change_precond;pupil_dilation_sd_full_change_precond;eeg_t_sampent_full_change_precond;eeg_c_theta_mean_full_change_precond;eeg_fr_sampent_full_change_precond;eeg_pright_sampent_full_change_precond;eeg_tleft_lalpha_mean_full_change_precond;hrv_rmssd_full_change_precond"
2025-11-26 19:31:18.812656,41,"stress_label",10,128,0.03,0.544871794871795,0.58974358974359,NA,10,"top10","eeg_tleft_sampent_full_change_precond;gsr_skin_conductance_eda_tonic_mean_nk_full_change_precond;eeg_tleft_halpha_mean_full_change_precond;pupil_dilation_sd_full_change_precond;eeg_t_sampent_full_change_precond;eeg_c_theta_mean_full_change_precond;eeg_fr_sampent_full_change_precond;eeg_pright_sampent_full_change_precond;eeg_tleft_lalpha_mean_full_change_precond;hrv_rmssd_full_change_precond"
2025-11-26 19:31:20.231324,41,"stress_label",10,256,0.03,0.544871794871795,0.602564102564103,0.521367521367521,10,"top10","eeg_tleft_sampent_full_change_precond;gsr_skin_conductance_eda_tonic_mean_nk_full_change_precond;eeg_tleft_halpha_mean_full_change_precond;pupil_dilation_sd_full_change_precond;eeg_t_sampent_full_change_precond;eeg_c_theta_mean_full_change_precond;eeg_fr_sampent_full_change_precond;eeg_pright_sampent_full_change_precond;eeg_tleft_lalpha_mean_full_change_precond;hrv_rmssd_full_change_precond"
2025-11-26 19:31:21.075042,41,"stress_label",10,2,0.06,0.583333333333333,0.666666666666667,0.563247863247863,10,"top10","eeg_tleft_sampent_full_change_precond;gsr_skin_conductance_eda_tonic_mean_nk_full_change_precond;eeg_tleft_halpha_mean_full_change_precond;pupil_dilation_sd_full_change_precond;eeg_t_sampent_full_change_precond;eeg_c_theta_mean_full_change_precond;eeg_fr_sampent_full_change_precond;eeg_pright_sampent_full_change_precond;eeg_tleft_lalpha_mean_full_change_precond;hrv_rmssd_full_change_precond"
2025-11-26 19:31:21.919828,41,"stress_label",10,4,0.06,0.628205128205128,0.66025641025641,0.617948717948718,10,"top10","eeg_tleft_sampent_full_change_precond;gsr_skin_conductance_eda_tonic_mean_nk_full_change_precond;eeg_tleft_halpha_mean_full_change_precond;pupil_dilation_sd_full_change_precond;eeg_t_sampent_full_change_precond;eeg_c_theta_mean_full_change_precond;eeg_fr_sampent_full_change_precond;eeg_pright_sampent_full_change_precond;eeg_tleft_lalpha_mean_full_change_precond;hrv_rmssd_full_change_precond"
2025-11-26 19:31:22.759039,41,"stress_label",10,8,0.06,0.602564102564103,0.634615384615385,NA,10,"top10","eeg_tleft_sampent_full_change_precond;gsr_skin_conductance_eda_tonic_mean_nk_full_change_precond;eeg_tleft_halpha_mean_full_change_precond;pupil_dilation_sd_full_change_precond;eeg_t_sampent_full_change_precond;eeg_c_theta_mean_full_change_precond;eeg_fr_sampent_full_change_precond;eeg_pright_sampent_full_change_precond;eeg_tleft_lalpha_mean_full_change_precond;hrv_rmssd_full_change_precond"
2025-11-26 19:31:23.935512,41,"stress_label",10,16,0.06,0.544871794871795,0.596153846153846,NA,10,"top10","eeg_tleft_sampent_full_change_precond;gsr_skin_conductance_eda_tonic_mean_nk_full_change_precond;eeg_tleft_halpha_mean_full_change_precond;pupil_dilation_sd_full_change_precond;eeg_t_sampent_full_change_precond;eeg_c_theta_mean_full_change_precond;eeg_fr_sampent_full_change_precond;eeg_pright_sampent_full_change_precond;eeg_tleft_lalpha_mean_full_change_precond;hrv_rmssd_full_change_precond"
2025-11-26 19:31:25.002232,41,"stress_label",10,32,0.06,0.576923076923077,0.608974358974359,NA,10,"top10","eeg_tleft_sampent_full_change_precond;gsr_skin_conductance_eda_tonic_mean_nk_full_change_precond;eeg_tleft_halpha_mean_full_change_precond;pupil_dilation_sd_full_change_precond;eeg_t_sampent_full_change_precond;eeg_c_theta_mean_full_change_precond;eeg_fr_sampent_full_change_precond;eeg_pright_sampent_full_change_precond;eeg_tleft_lalpha_mean_full_change_precond;hrv_rmssd_full_change_precond"
2025-11-26 19:31:26.087648,41,"stress_label",10,64,0.06,0.557692307692308,0.602564102564103,NA,10,"top10","eeg_tleft_sampent_full_change_precond;gsr_skin_conductance_eda_tonic_mean_nk_full_change_precond;eeg_tleft_halpha_mean_full_change_precond;pupil_dilation_sd_full_change_precond;eeg_t_sampent_full_change_precond;eeg_c_theta_mean_full_change_precond;eeg_fr_sampent_full_change_precond;eeg_pright_sampent_full_change_precond;eeg_tleft_lalpha_mean_full_change_precond;hrv_rmssd_full_change_precond"
2025-11-26 19:31:27.109874,41,"stress_label",10,128,0.06,0.57051282051282,0.615384615384615,NA,10,"top10","eeg_tleft_sampent_full_change_precond;gsr_skin_conductance_eda_tonic_mean_nk_full_change_precond;eeg_tleft_halpha_mean_full_change_precond;pupil_dilation_sd_full_change_precond;eeg_t_sampent_full_change_precond;eeg_c_theta_mean_full_change_precond;eeg_fr_sampent_full_change_precond;eeg_pright_sampent_full_change_precond;eeg_tleft_lalpha_mean_full_change_precond;hrv_rmssd_full_change_precond"
2025-11-26 19:31:28.293354,41,"stress_label",10,256,0.06,0.557692307692308,0.615384615384615,NA,10,"top10","eeg_tleft_sampent_full_change_precond;gsr_skin_conductance_eda_tonic_mean_nk_full_change_precond;eeg_tleft_halpha_mean_full_change_precond;pupil_dilation_sd_full_change_precond;eeg_t_sampent_full_change_precond;eeg_c_theta_mean_full_change_precond;eeg_fr_sampent_full_change_precond;eeg_pright_sampent_full_change_precond;eeg_tleft_lalpha_mean_full_change_precond;hrv_rmssd_full_change_precond"
2025-11-26 19:31:29.148859,41,"stress_label",10,2,0.1,0.615384615384615,0.673076923076923,0.594871794871795,10,"top10","eeg_tleft_sampent_full_change_precond;gsr_skin_conductance_eda_tonic_mean_nk_full_change_precond;eeg_tleft_halpha_mean_full_change_precond;pupil_dilation_sd_full_change_precond;eeg_t_sampent_full_change_precond;eeg_c_theta_mean_full_change_precond;eeg_fr_sampent_full_change_precond;eeg_pright_sampent_full_change_precond;eeg_tleft_lalpha_mean_full_change_precond;hrv_rmssd_full_change_precond"
2025-11-26 19:31:30.042768,41,"stress_label",10,4,0.1,0.57051282051282,0.634615384615385,NA,10,"top10","eeg_tleft_sampent_full_change_precond;gsr_skin_conductance_eda_tonic_mean_nk_full_change_precond;eeg_tleft_halpha_mean_full_change_precond;pupil_dilation_sd_full_change_precond;eeg_t_sampent_full_change_precond;eeg_c_theta_mean_full_change_precond;eeg_fr_sampent_full_change_precond;eeg_pright_sampent_full_change_precond;eeg_tleft_lalpha_mean_full_change_precond;hrv_rmssd_full_change_precond"
2025-11-26 19:31:30.983702,41,"stress_label",10,8,0.1,0.596153846153846,0.608974358974359,NA,10,"top10","eeg_tleft_sampent_full_change_precond;gsr_skin_conductance_eda_tonic_mean_nk_full_change_precond;eeg_tleft_halpha_mean_full_change_precond;pupil_dilation_sd_full_change_precond;eeg_t_sampent_full_change_precond;eeg_c_theta_mean_full_change_precond;eeg_fr_sampent_full_change_precond;eeg_pright_sampent_full_change_precond;eeg_tleft_lalpha_mean_full_change_precond;hrv_rmssd_full_change_precond"
2025-11-26 19:31:31.900713,41,"stress_label",10,16,0.1,0.544871794871795,0.58974358974359,NA,10,"top10","eeg_tleft_sampent_full_change_precond;gsr_skin_conductance_eda_tonic_mean_nk_full_change_precond;eeg_tleft_halpha_mean_full_change_precond;pupil_dilation_sd_full_change_precond;eeg_t_sampent_full_change_precond;eeg_c_theta_mean_full_change_precond;eeg_fr_sampent_full_change_precond;eeg_pright_sampent_full_change_precond;eeg_tleft_lalpha_mean_full_change_precond;hrv_rmssd_full_change_precond"
2025-11-26 19:31:32.846726,41,"stress_label",10,32,0.1,0.551282051282051,0.628205128205128,NA,10,"top10","eeg_tleft_sampent_full_change_precond;gsr_skin_conductance_eda_tonic_mean_nk_full_change_precond;eeg_tleft_halpha_mean_full_change_precond;pupil_dilation_sd_full_change_precond;eeg_t_sampent_full_change_precond;eeg_c_theta_mean_full_change_precond;eeg_fr_sampent_full_change_precond;eeg_pright_sampent_full_change_precond;eeg_tleft_lalpha_mean_full_change_precond;hrv_rmssd_full_change_precond"
2025-11-26 19:31:33.912419,41,"stress_label",10,64,0.1,0.551282051282051,0.628205128205128,NA,10,"top10","eeg_tleft_sampent_full_change_precond;gsr_skin_conductance_eda_tonic_mean_nk_full_change_precond;eeg_tleft_halpha_mean_full_change_precond;pupil_dilation_sd_full_change_precond;eeg_t_sampent_full_change_precond;eeg_c_theta_mean_full_change_precond;eeg_fr_sampent_full_change_precond;eeg_pright_sampent_full_change_precond;eeg_tleft_lalpha_mean_full_change_precond;hrv_rmssd_full_change_precond"
2025-11-26 19:31:34.949537,41,"stress_label",10,128,0.1,0.551282051282051,0.634615384615385,NA,10,"top10","eeg_tleft_sampent_full_change_precond;gsr_skin_conductance_eda_tonic_mean_nk_full_change_precond;eeg_tleft_halpha_mean_full_change_precond;pupil_dilation_sd_full_change_precond;eeg_t_sampent_full_change_precond;eeg_c_theta_mean_full_change_precond;eeg_fr_sampent_full_change_precond;eeg_pright_sampent_full_change_precond;eeg_tleft_lalpha_mean_full_change_precond;hrv_rmssd_full_change_precond"
2025-11-26 19:31:35.830859,41,"stress_label",10,256,0.1,0.551282051282051,0.634615384615385,NA,10,"top10","eeg_tleft_sampent_full_change_precond;gsr_skin_conductance_eda_tonic_mean_nk_full_change_precond;eeg_tleft_halpha_mean_full_change_precond;pupil_dilation_sd_full_change_precond;eeg_t_sampent_full_change_precond;eeg_c_theta_mean_full_change_precond;eeg_fr_sampent_full_change_precond;eeg_pright_sampent_full_change_precond;eeg_tleft_lalpha_mean_full_change_precond;hrv_rmssd_full_change_precond"
2025-11-26 19:31:36.629563,41,"stress_label",5,2,0.0078125,0.615384615384615,0.641025641025641,0.573504273504273,5,"top5","eeg_tleft_sampent_full_change_precond;gsr_skin_conductance_eda_tonic_mean_nk_full_change_precond;eeg_tleft_halpha_mean_full_change_precond;pupil_dilation_sd_full_change_precond;eeg_t_sampent_full_change_precond"
2025-11-26 19:31:37.307876,41,"stress_label",5,4,0.0078125,0.58974358974359,0.628205128205128,0.54957264957265,5,"top5","eeg_tleft_sampent_full_change_precond;gsr_skin_conductance_eda_tonic_mean_nk_full_change_precond;eeg_tleft_halpha_mean_full_change_precond;pupil_dilation_sd_full_change_precond;eeg_t_sampent_full_change_precond"
2025-11-26 19:31:38.090516,41,"stress_label",5,8,0.0078125,0.602564102564103,0.602564102564103,0.577777777777778,5,"top5","eeg_tleft_sampent_full_change_precond;gsr_skin_conductance_eda_tonic_mean_nk_full_change_precond;eeg_tleft_halpha_mean_full_change_precond;pupil_dilation_sd_full_change_precond;eeg_t_sampent_full_change_precond"
2025-11-26 19:31:38.83955,41,"stress_label",5,16,0.0078125,0.602564102564103,0.615384615384615,0.569230769230769,5,"top5","eeg_tleft_sampent_full_change_precond;gsr_skin_conductance_eda_tonic_mean_nk_full_change_precond;eeg_tleft_halpha_mean_full_change_precond;pupil_dilation_sd_full_change_precond;eeg_t_sampent_full_change_precond"
2025-11-26 19:31:39.613486,41,"stress_label",5,32,0.0078125,0.615384615384615,0.608974358974359,0.574358974358974,5,"top5","eeg_tleft_sampent_full_change_precond;gsr_skin_conductance_eda_tonic_mean_nk_full_change_precond;eeg_tleft_halpha_mean_full_change_precond;pupil_dilation_sd_full_change_precond;eeg_t_sampent_full_change_precond"
2025-11-26 19:31:40.35145,41,"stress_label",5,64,0.0078125,0.621794871794872,0.602564102564103,0.563247863247863,5,"top5","eeg_tleft_sampent_full_change_precond;gsr_skin_conductance_eda_tonic_mean_nk_full_change_precond;eeg_tleft_halpha_mean_full_change_precond;pupil_dilation_sd_full_change_precond;eeg_t_sampent_full_change_precond"
2025-11-26 19:31:40.997074,41,"stress_label",5,128,0.0078125,0.615384615384615,0.628205128205128,0.565811965811966,5,"top5","eeg_tleft_sampent_full_change_precond;gsr_skin_conductance_eda_tonic_mean_nk_full_change_precond;eeg_tleft_halpha_mean_full_change_precond;pupil_dilation_sd_full_change_precond;eeg_t_sampent_full_change_precond"
2025-11-26 19:31:41.82585,41,"stress_label",5,256,0.0078125,0.628205128205128,0.634615384615385,0.577777777777778,5,"top5","eeg_tleft_sampent_full_change_precond;gsr_skin_conductance_eda_tonic_mean_nk_full_change_precond;eeg_tleft_halpha_mean_full_change_precond;pupil_dilation_sd_full_change_precond;eeg_t_sampent_full_change_precond"
2025-11-26 19:31:42.611382,41,"stress_label",5,2,0.015625,0.602564102564103,0.621794871794872,0.556410256410256,5,"top5","eeg_tleft_sampent_full_change_precond;gsr_skin_conductance_eda_tonic_mean_nk_full_change_precond;eeg_tleft_halpha_mean_full_change_precond;pupil_dilation_sd_full_change_precond;eeg_t_sampent_full_change_precond"
2025-11-26 19:31:43.291633,41,"stress_label",5,4,0.015625,0.58974358974359,0.621794871794872,0.553846153846154,5,"top5","eeg_tleft_sampent_full_change_precond;gsr_skin_conductance_eda_tonic_mean_nk_full_change_precond;eeg_tleft_halpha_mean_full_change_precond;pupil_dilation_sd_full_change_precond;eeg_t_sampent_full_change_precond"
2025-11-26 19:31:44.011952,41,"stress_label",5,8,0.015625,0.634615384615385,0.615384615384615,0.6,5,"top5","eeg_tleft_sampent_full_change_precond;gsr_skin_conductance_eda_tonic_mean_nk_full_change_precond;eeg_tleft_halpha_mean_full_change_precond;pupil_dilation_sd_full_change_precond;eeg_t_sampent_full_change_precond"
2025-11-26 19:31:44.678599,41,"stress_label",5,16,0.015625,0.634615384615385,0.634615384615385,0.58034188034188,5,"top5","eeg_tleft_sampent_full_change_precond;gsr_skin_conductance_eda_tonic_mean_nk_full_change_precond;eeg_tleft_halpha_mean_full_change_precond;pupil_dilation_sd_full_change_precond;eeg_t_sampent_full_change_precond"
2025-11-26 19:31:45.450621,41,"stress_label",5,32,0.015625,0.615384615384615,0.628205128205128,0.565811965811966,5,"top5","eeg_tleft_sampent_full_change_precond;gsr_skin_conductance_eda_tonic_mean_nk_full_change_precond;eeg_tleft_halpha_mean_full_change_precond;pupil_dilation_sd_full_change_precond;eeg_t_sampent_full_change_precond"
2025-11-26 19:31:46.255887,41,"stress_label",5,64,0.015625,0.628205128205128,0.641025641025641,0.577777777777778,5,"top5","eeg_tleft_sampent_full_change_precond;gsr_skin_conductance_eda_tonic_mean_nk_full_change_precond;eeg_tleft_halpha_mean_full_change_precond;pupil_dilation_sd_full_change_precond;eeg_t_sampent_full_change_precond"
2025-11-26 19:31:47.107282,41,"stress_label",5,128,0.015625,0.621794871794872,0.621794871794872,0.582051282051282,5,"top5","eeg_tleft_sampent_full_change_precond;gsr_skin_conductance_eda_tonic_mean_nk_full_change_precond;eeg_tleft_halpha_mean_full_change_precond;pupil_dilation_sd_full_change_precond;eeg_t_sampent_full_change_precond"
2025-11-26 19:31:48.04074,41,"stress_label",5,256,0.015625,0.58974358974359,0.608974358974359,0.545299145299145,5,"top5","eeg_tleft_sampent_full_change_precond;gsr_skin_conductance_eda_tonic_mean_nk_full_change_precond;eeg_tleft_halpha_mean_full_change_precond;pupil_dilation_sd_full_change_precond;eeg_t_sampent_full_change_precond"
2025-11-26 19:31:48.790153,41,"stress_label",5,2,0.03125,0.602564102564103,0.628205128205128,0.554700854700855,5,"top5","eeg_tleft_sampent_full_change_precond;gsr_skin_conductance_eda_tonic_mean_nk_full_change_precond;eeg_tleft_halpha_mean_full_change_precond;pupil_dilation_sd_full_change_precond;eeg_t_sampent_full_change_precond"
2025-11-26 19:31:49.569329,41,"stress_label",5,4,0.03125,0.641025641025641,0.634615384615385,0.592307692307692,5,"top5","eeg_tleft_sampent_full_change_precond;gsr_skin_conductance_eda_tonic_mean_nk_full_change_precond;eeg_tleft_halpha_mean_full_change_precond;pupil_dilation_sd_full_change_precond;eeg_t_sampent_full_change_precond"
2025-11-26 19:31:50.33976,41,"stress_label",5,8,0.03125,0.615384615384615,0.634615384615385,0.565811965811966,5,"top5","eeg_tleft_sampent_full_change_precond;gsr_skin_conductance_eda_tonic_mean_nk_full_change_precond;eeg_tleft_halpha_mean_full_change_precond;pupil_dilation_sd_full_change_precond;eeg_t_sampent_full_change_precond"
2025-11-26 19:31:51.106395,41,"stress_label",5,16,0.03125,0.621794871794872,0.647435897435897,0.575213675213675,5,"top5","eeg_tleft_sampent_full_change_precond;gsr_skin_conductance_eda_tonic_mean_nk_full_change_precond;eeg_tleft_halpha_mean_full_change_precond;pupil_dilation_sd_full_change_precond;eeg_t_sampent_full_change_precond"
2025-11-26 19:31:51.894483,41,"stress_label",5,32,0.03125,0.608974358974359,0.621794871794872,0.571794871794872,5,"top5","eeg_tleft_sampent_full_change_precond;gsr_skin_conductance_eda_tonic_mean_nk_full_change_precond;eeg_tleft_halpha_mean_full_change_precond;pupil_dilation_sd_full_change_precond;eeg_t_sampent_full_change_precond"
2025-11-26 19:31:52.738496,41,"stress_label",5,64,0.03125,0.602564102564103,0.608974358974359,0.564102564102564,5,"top5","eeg_tleft_sampent_full_change_precond;gsr_skin_conductance_eda_tonic_mean_nk_full_change_precond;eeg_tleft_halpha_mean_full_change_precond;pupil_dilation_sd_full_change_precond;eeg_t_sampent_full_change_precond"
2025-11-26 19:31:53.65255,41,"stress_label",5,128,0.03125,0.551282051282051,0.564102564102564,NA,5,"top5","eeg_tleft_sampent_full_change_precond;gsr_skin_conductance_eda_tonic_mean_nk_full_change_precond;eeg_tleft_halpha_mean_full_change_precond;pupil_dilation_sd_full_change_precond;eeg_t_sampent_full_change_precond"
2025-11-26 19:31:54.750454,41,"stress_label",5,256,0.03125,0.557692307692308,0.532051282051282,NA,5,"top5","eeg_tleft_sampent_full_change_precond;gsr_skin_conductance_eda_tonic_mean_nk_full_change_precond;eeg_tleft_halpha_mean_full_change_precond;pupil_dilation_sd_full_change_precond;eeg_t_sampent_full_change_precond"
2025-11-26 19:31:55.549707,41,"stress_label",5,2,0.0625,0.621794871794872,0.641025641025641,0.57008547008547,5,"top5","eeg_tleft_sampent_full_change_precond;gsr_skin_conductance_eda_tonic_mean_nk_full_change_precond;eeg_tleft_halpha_mean_full_change_precond;pupil_dilation_sd_full_change_precond;eeg_t_sampent_full_change_precond"
2025-11-26 19:31:56.3267,41,"stress_label",5,4,0.0625,0.615384615384615,0.641025641025641,0.57008547008547,5,"top5","eeg_tleft_sampent_full_change_precond;gsr_skin_conductance_eda_tonic_mean_nk_full_change_precond;eeg_tleft_halpha_mean_full_change_precond;pupil_dilation_sd_full_change_precond;eeg_t_sampent_full_change_precond"
2025-11-26 19:31:57.084114,41,"stress_label",5,8,0.0625,0.608974358974359,0.602564102564103,0.565811965811966,5,"top5","eeg_tleft_sampent_full_change_precond;gsr_skin_conductance_eda_tonic_mean_nk_full_change_precond;eeg_tleft_halpha_mean_full_change_precond;pupil_dilation_sd_full_change_precond;eeg_t_sampent_full_change_precond"
2025-11-26 19:31:57.87082,41,"stress_label",5,16,0.0625,0.583333333333333,0.602564102564103,0.54957264957265,5,"top5","eeg_tleft_sampent_full_change_precond;gsr_skin_conductance_eda_tonic_mean_nk_full_change_precond;eeg_tleft_halpha_mean_full_change_precond;pupil_dilation_sd_full_change_precond;eeg_t_sampent_full_change_precond"
2025-11-26 19:31:58.699021,41,"stress_label",5,32,0.0625,0.58974358974359,0.576923076923077,0.584615384615385,5,"top5","eeg_tleft_sampent_full_change_precond;gsr_skin_conductance_eda_tonic_mean_nk_full_change_precond;eeg_tleft_halpha_mean_full_change_precond;pupil_dilation_sd_full_change_precond;eeg_t_sampent_full_change_precond"
2025-11-26 19:31:59.623693,41,"stress_label",5,64,0.0625,0.57051282051282,0.608974358974359,NA,5,"top5","eeg_tleft_sampent_full_change_precond;gsr_skin_conductance_eda_tonic_mean_nk_full_change_precond;eeg_tleft_halpha_mean_full_change_precond;pupil_dilation_sd_full_change_precond;eeg_t_sampent_full_change_precond"
2025-11-26 19:32:00.710626,41,"stress_label",5,128,0.0625,0.551282051282051,0.641025641025641,NA,5,"top5","eeg_tleft_sampent_full_change_precond;gsr_skin_conductance_eda_tonic_mean_nk_full_change_precond;eeg_tleft_halpha_mean_full_change_precond;pupil_dilation_sd_full_change_precond;eeg_t_sampent_full_change_precond"
2025-11-26 19:32:02.060458,41,"stress_label",5,256,0.0625,0.564102564102564,0.641025641025641,NA,5,"top5","eeg_tleft_sampent_full_change_precond;gsr_skin_conductance_eda_tonic_mean_nk_full_change_precond;eeg_tleft_halpha_mean_full_change_precond;pupil_dilation_sd_full_change_precond;eeg_t_sampent_full_change_precond"
2025-11-26 19:32:02.842797,41,"stress_label",5,2,0.125,0.615384615384615,0.641025641025641,0.561538461538462,5,"top5","eeg_tleft_sampent_full_change_precond;gsr_skin_conductance_eda_tonic_mean_nk_full_change_precond;eeg_tleft_halpha_mean_full_change_precond;pupil_dilation_sd_full_change_precond;eeg_t_sampent_full_change_precond"
2025-11-26 19:32:03.611538,41,"stress_label",5,4,0.125,0.564102564102564,0.621794871794872,0.556410256410256,5,"top5","eeg_tleft_sampent_full_change_precond;gsr_skin_conductance_eda_tonic_mean_nk_full_change_precond;eeg_tleft_halpha_mean_full_change_precond;pupil_dilation_sd_full_change_precond;eeg_t_sampent_full_change_precond"
2025-11-26 19:32:04.344418,41,"stress_label",5,8,0.125,0.58974358974359,0.615384615384615,0.584615384615385,5,"top5","eeg_tleft_sampent_full_change_precond;gsr_skin_conductance_eda_tonic_mean_nk_full_change_precond;eeg_tleft_halpha_mean_full_change_precond;pupil_dilation_sd_full_change_precond;eeg_t_sampent_full_change_precond"
2025-11-26 19:32:05.064254,41,"stress_label",5,16,0.125,0.551282051282051,0.596153846153846,NA,5,"top5","eeg_tleft_sampent_full_change_precond;gsr_skin_conductance_eda_tonic_mean_nk_full_change_precond;eeg_tleft_halpha_mean_full_change_precond;pupil_dilation_sd_full_change_precond;eeg_t_sampent_full_change_precond"
2025-11-26 19:32:05.998743,41,"stress_label",5,32,0.125,0.551282051282051,0.615384615384615,NA,5,"top5","eeg_tleft_sampent_full_change_precond;gsr_skin_conductance_eda_tonic_mean_nk_full_change_precond;eeg_tleft_halpha_mean_full_change_precond;pupil_dilation_sd_full_change_precond;eeg_t_sampent_full_change_precond"
2025-11-26 19:32:06.986878,41,"stress_label",5,64,0.125,0.544871794871795,0.608974358974359,NA,5,"top5","eeg_tleft_sampent_full_change_precond;gsr_skin_conductance_eda_tonic_mean_nk_full_change_precond;eeg_tleft_halpha_mean_full_change_precond;pupil_dilation_sd_full_change_precond;eeg_t_sampent_full_change_precond"
2025-11-26 19:32:08.193123,41,"stress_label",5,128,0.125,0.532051282051282,0.576923076923077,NA,5,"top5","eeg_tleft_sampent_full_change_precond;gsr_skin_conductance_eda_tonic_mean_nk_full_change_precond;eeg_tleft_halpha_mean_full_change_precond;pupil_dilation_sd_full_change_precond;eeg_t_sampent_full_change_precond"
2025-11-26 19:32:09.589128,41,"stress_label",5,256,0.125,0.525641025641026,0.544871794871795,NA,5,"top5","eeg_tleft_sampent_full_change_precond;gsr_skin_conductance_eda_tonic_mean_nk_full_change_precond;eeg_tleft_halpha_mean_full_change_precond;pupil_dilation_sd_full_change_precond;eeg_t_sampent_full_change_precond"
2025-11-26 19:32:10.234679,41,"stress_label",5,2,0.03,0.596153846153846,0.628205128205128,0.541880341880342,5,"top5","eeg_tleft_sampent_full_change_precond;gsr_skin_conductance_eda_tonic_mean_nk_full_change_precond;eeg_tleft_halpha_mean_full_change_precond;pupil_dilation_sd_full_change_precond;eeg_t_sampent_full_change_precond"
2025-11-26 19:32:11.00595,41,"stress_label",5,4,0.03,0.621794871794872,0.634615384615385,0.578632478632479,5,"top5","eeg_tleft_sampent_full_change_precond;gsr_skin_conductance_eda_tonic_mean_nk_full_change_precond;eeg_tleft_halpha_mean_full_change_precond;pupil_dilation_sd_full_change_precond;eeg_t_sampent_full_change_precond"
2025-11-26 19:32:11.73051,41,"stress_label",5,8,0.03,0.615384615384615,0.634615384615385,0.565811965811966,5,"top5","eeg_tleft_sampent_full_change_precond;gsr_skin_conductance_eda_tonic_mean_nk_full_change_precond;eeg_tleft_halpha_mean_full_change_precond;pupil_dilation_sd_full_change_precond;eeg_t_sampent_full_change_precond"
2025-11-26 19:32:12.520903,41,"stress_label",5,16,0.03,0.621794871794872,0.647435897435897,0.575213675213675,5,"top5","eeg_tleft_sampent_full_change_precond;gsr_skin_conductance_eda_tonic_mean_nk_full_change_precond;eeg_tleft_halpha_mean_full_change_precond;pupil_dilation_sd_full_change_precond;eeg_t_sampent_full_change_precond"
2025-11-26 19:32:13.329055,41,"stress_label",5,32,0.03,0.621794871794872,0.621794871794872,0.581196581196581,5,"top5","eeg_tleft_sampent_full_change_precond;gsr_skin_conductance_eda_tonic_mean_nk_full_change_precond;eeg_tleft_halpha_mean_full_change_precond;pupil_dilation_sd_full_change_precond;eeg_t_sampent_full_change_precond"
2025-11-26 19:32:14.110741,41,"stress_label",5,64,0.03,0.596153846153846,0.608974358974359,0.551282051282051,5,"top5","eeg_tleft_sampent_full_change_precond;gsr_skin_conductance_eda_tonic_mean_nk_full_change_precond;eeg_tleft_halpha_mean_full_change_precond;pupil_dilation_sd_full_change_precond;eeg_t_sampent_full_change_precond"
2025-11-26 19:32:15.003993,41,"stress_label",5,128,0.03,0.557692307692308,0.576923076923077,0.521367521367521,5,"top5","eeg_tleft_sampent_full_change_precond;gsr_skin_conductance_eda_tonic_mean_nk_full_change_precond;eeg_tleft_halpha_mean_full_change_precond;pupil_dilation_sd_full_change_precond;eeg_t_sampent_full_change_precond"
2025-11-26 19:32:16.093236,41,"stress_label",5,256,0.03,0.551282051282051,0.576923076923077,NA,5,"top5","eeg_tleft_sampent_full_change_precond;gsr_skin_conductance_eda_tonic_mean_nk_full_change_precond;eeg_tleft_halpha_mean_full_change_precond;pupil_dilation_sd_full_change_precond;eeg_t_sampent_full_change_precond"
2025-11-26 19:32:16.876675,41,"stress_label",5,2,0.06,0.641025641025641,0.641025641025641,0.583760683760684,5,"top5","eeg_tleft_sampent_full_change_precond;gsr_skin_conductance_eda_tonic_mean_nk_full_change_precond;eeg_tleft_halpha_mean_full_change_precond;pupil_dilation_sd_full_change_precond;eeg_t_sampent_full_change_precond"
2025-11-26 19:32:17.639973,41,"stress_label",5,4,0.06,0.628205128205128,0.634615384615385,0.57008547008547,5,"top5","eeg_tleft_sampent_full_change_precond;gsr_skin_conductance_eda_tonic_mean_nk_full_change_precond;eeg_tleft_halpha_mean_full_change_precond;pupil_dilation_sd_full_change_precond;eeg_t_sampent_full_change_precond"
2025-11-26 19:32:18.420905,41,"stress_label",5,8,0.06,0.615384615384615,0.602564102564103,0.57008547008547,5,"top5","eeg_tleft_sampent_full_change_precond;gsr_skin_conductance_eda_tonic_mean_nk_full_change_precond;eeg_tleft_halpha_mean_full_change_precond;pupil_dilation_sd_full_change_precond;eeg_t_sampent_full_change_precond"
2025-11-26 19:32:19.161887,41,"stress_label",5,16,0.06,0.583333333333333,0.602564102564103,0.548717948717949,5,"top5","eeg_tleft_sampent_full_change_precond;gsr_skin_conductance_eda_tonic_mean_nk_full_change_precond;eeg_tleft_halpha_mean_full_change_precond;pupil_dilation_sd_full_change_precond;eeg_t_sampent_full_change_precond"
2025-11-26 19:32:20.000051,41,"stress_label",5,32,0.06,0.596153846153846,0.557692307692308,0.588888888888889,5,"top5","eeg_tleft_sampent_full_change_precond;gsr_skin_conductance_eda_tonic_mean_nk_full_change_precond;eeg_tleft_halpha_mean_full_change_precond;pupil_dilation_sd_full_change_precond;eeg_t_sampent_full_change_precond"
2025-11-26 19:32:20.738484,41,"stress_label",5,64,0.06,0.57051282051282,0.608974358974359,NA,5,"top5","eeg_tleft_sampent_full_change_precond;gsr_skin_conductance_eda_tonic_mean_nk_full_change_precond;eeg_tleft_halpha_mean_full_change_precond;pupil_dilation_sd_full_change_precond;eeg_t_sampent_full_change_precond"
2025-11-26 19:32:21.74954,41,"stress_label",5,128,0.06,0.564102564102564,0.628205128205128,NA,5,"top5","eeg_tleft_sampent_full_change_precond;gsr_skin_conductance_eda_tonic_mean_nk_full_change_precond;eeg_tleft_halpha_mean_full_change_precond;pupil_dilation_sd_full_change_precond;eeg_t_sampent_full_change_precond"
2025-11-26 19:32:22.936441,41,"stress_label",5,256,0.06,0.557692307692308,0.641025641025641,NA,5,"top5","eeg_tleft_sampent_full_change_precond;gsr_skin_conductance_eda_tonic_mean_nk_full_change_precond;eeg_tleft_halpha_mean_full_change_precond;pupil_dilation_sd_full_change_precond;eeg_t_sampent_full_change_precond"
2025-11-26 19:32:23.664916,41,"stress_label",5,2,0.1,0.608974358974359,0.634615384615385,0.552991452991453,5,"top5","eeg_tleft_sampent_full_change_precond;gsr_skin_conductance_eda_tonic_mean_nk_full_change_precond;eeg_tleft_halpha_mean_full_change_precond;pupil_dilation_sd_full_change_precond;eeg_t_sampent_full_change_precond"
2025-11-26 19:32:24.436466,41,"stress_label",5,4,0.1,0.58974358974359,0.615384615384615,0.560683760683761,5,"top5","eeg_tleft_sampent_full_change_precond;gsr_skin_conductance_eda_tonic_mean_nk_full_change_precond;eeg_tleft_halpha_mean_full_change_precond;pupil_dilation_sd_full_change_precond;eeg_t_sampent_full_change_precond"
2025-11-26 19:32:25.225294,41,"stress_label",5,8,0.1,0.57051282051282,0.596153846153846,0.557264957264957,5,"top5","eeg_tleft_sampent_full_change_precond;gsr_skin_conductance_eda_tonic_mean_nk_full_change_precond;eeg_tleft_halpha_mean_full_change_precond;pupil_dilation_sd_full_change_precond;eeg_t_sampent_full_change_precond"
2025-11-26 19:32:26.055233,41,"stress_label",5,16,0.1,0.583333333333333,0.596153846153846,NA,5,"top5","eeg_tleft_sampent_full_change_precond;gsr_skin_conductance_eda_tonic_mean_nk_full_change_precond;eeg_tleft_halpha_mean_full_change_precond;pupil_dilation_sd_full_change_precond;eeg_t_sampent_full_change_precond"
2025-11-26 19:32:26.91838,41,"stress_label",5,32,0.1,0.551282051282051,0.615384615384615,NA,5,"top5","eeg_tleft_sampent_full_change_precond;gsr_skin_conductance_eda_tonic_mean_nk_full_change_precond;eeg_tleft_halpha_mean_full_change_precond;pupil_dilation_sd_full_change_precond;eeg_t_sampent_full_change_precond"
2025-11-26 19:32:27.83346,41,"stress_label",5,64,0.1,0.564102564102564,0.641025641025641,NA,5,"top5","eeg_tleft_sampent_full_change_precond;gsr_skin_conductance_eda_tonic_mean_nk_full_change_precond;eeg_tleft_halpha_mean_full_change_precond;pupil_dilation_sd_full_change_precond;eeg_t_sampent_full_change_precond"
2025-11-26 19:32:28.969981,41,"stress_label",5,128,0.1,0.532051282051282,0.596153846153846,NA,5,"top5","eeg_tleft_sampent_full_change_precond;gsr_skin_conductance_eda_tonic_mean_nk_full_change_precond;eeg_tleft_halpha_mean_full_change_precond;pupil_dilation_sd_full_change_precond;eeg_t_sampent_full_change_precond"
2025-11-26 19:32:30.464694,41,"stress_label",5,256,0.1,0.544871794871795,0.57051282051282,NA,5,"top5","eeg_tleft_sampent_full_change_precond;gsr_skin_conductance_eda_tonic_mean_nk_full_change_precond;eeg_tleft_halpha_mean_full_change_precond;pupil_dilation_sd_full_change_precond;eeg_t_sampent_full_change_precond"
2025-11-26 19:32:31.669789,42,"stress_label",20,2,0.0078125,0.576923076923077,0.628205128205128,0.554700854700855,20,"top20","eeg_tleft_sampent_full_change_precond;eeg_c_theta_mean_full_change_precond;eeg_fl_hbeta_mean_full_change_precond;pupil_dilation_sd_full_change_precond;eeg_tleft_halpha_mean_full_change_precond;gsr_skin_conductance_eda_tonic_mean_nk_full_change_precond;hrv_rmssd_full_change_precond;hr_heartrate_bpm_mean_abs_full_change_precond;eeg_fm_theta_mean_full_change_precond;eeg_pright_sampent_full_change_precond;eeg_t_sampent_full_change_precond;eeg_tleft_lalpha_mean_full_change_precond;eeg_c_sampent_full_change_precond;eeg_fr_sampent_full_change_precond;eeg_c_specent_full_change_precond;eeg_tleft_hbeta_mean_full_change_precond;eeg_tright_halpha_mean_full_change_precond;eeg_fm_lbeta_mean_full_change_precond;eeg_tleft_theta_mean_full_change_precond;eeg_fm_sampent_full_change_precond"
2025-11-26 19:32:32.688679,42,"stress_label",20,4,0.0078125,0.525641025641026,0.576923076923077,0.473504273504273,20,"top20","eeg_tleft_sampent_full_change_precond;eeg_c_theta_mean_full_change_precond;eeg_fl_hbeta_mean_full_change_precond;pupil_dilation_sd_full_change_precond;eeg_tleft_halpha_mean_full_change_precond;gsr_skin_conductance_eda_tonic_mean_nk_full_change_precond;hrv_rmssd_full_change_precond;hr_heartrate_bpm_mean_abs_full_change_precond;eeg_fm_theta_mean_full_change_precond;eeg_pright_sampent_full_change_precond;eeg_t_sampent_full_change_precond;eeg_tleft_lalpha_mean_full_change_precond;eeg_c_sampent_full_change_precond;eeg_fr_sampent_full_change_precond;eeg_c_specent_full_change_precond;eeg_tleft_hbeta_mean_full_change_precond;eeg_tright_halpha_mean_full_change_precond;eeg_fm_lbeta_mean_full_change_precond;eeg_tleft_theta_mean_full_change_precond;eeg_fm_sampent_full_change_precond"
2025-11-26 19:32:33.712253,42,"stress_label",20,8,0.0078125,0.538461538461538,0.621794871794872,0.504273504273504,20,"top20","eeg_tleft_sampent_full_change_precond;eeg_c_theta_mean_full_change_precond;eeg_fl_hbeta_mean_full_change_precond;pupil_dilation_sd_full_change_precond;eeg_tleft_halpha_mean_full_change_precond;gsr_skin_conductance_eda_tonic_mean_nk_full_change_precond;hrv_rmssd_full_change_precond;hr_heartrate_bpm_mean_abs_full_change_precond;eeg_fm_theta_mean_full_change_precond;eeg_pright_sampent_full_change_precond;eeg_t_sampent_full_change_precond;eeg_tleft_lalpha_mean_full_change_precond;eeg_c_sampent_full_change_precond;eeg_fr_sampent_full_change_precond;eeg_c_specent_full_change_precond;eeg_tleft_hbeta_mean_full_change_precond;eeg_tright_halpha_mean_full_change_precond;eeg_fm_lbeta_mean_full_change_precond;eeg_tleft_theta_mean_full_change_precond;eeg_fm_sampent_full_change_precond"
2025-11-26 19:32:34.922065,42,"stress_label",20,16,0.0078125,0.551282051282051,0.576923076923077,0.528205128205128,20,"top20","eeg_tleft_sampent_full_change_precond;eeg_c_theta_mean_full_change_precond;eeg_fl_hbeta_mean_full_change_precond;pupil_dilation_sd_full_change_precond;eeg_tleft_halpha_mean_full_change_precond;gsr_skin_conductance_eda_tonic_mean_nk_full_change_precond;hrv_rmssd_full_change_precond;hr_heartrate_bpm_mean_abs_full_change_precond;eeg_fm_theta_mean_full_change_precond;eeg_pright_sampent_full_change_precond;eeg_t_sampent_full_change_precond;eeg_tleft_lalpha_mean_full_change_precond;eeg_c_sampent_full_change_precond;eeg_fr_sampent_full_change_precond;eeg_c_specent_full_change_precond;eeg_tleft_hbeta_mean_full_change_precond;eeg_tright_halpha_mean_full_change_precond;eeg_fm_lbeta_mean_full_change_precond;eeg_tleft_theta_mean_full_change_precond;eeg_fm_sampent_full_change_precond"
2025-11-26 19:32:35.885438,42,"stress_label",20,32,0.0078125,0.538461538461538,0.544871794871795,NA,20,"top20","eeg_tleft_sampent_full_change_precond;eeg_c_theta_mean_full_change_precond;eeg_fl_hbeta_mean_full_change_precond;pupil_dilation_sd_full_change_precond;eeg_tleft_halpha_mean_full_change_precond;gsr_skin_conductance_eda_tonic_mean_nk_full_change_precond;hrv_rmssd_full_change_precond;hr_heartrate_bpm_mean_abs_full_change_precond;eeg_fm_theta_mean_full_change_precond;eeg_pright_sampent_full_change_precond;eeg_t_sampent_full_change_precond;eeg_tleft_lalpha_mean_full_change_precond;eeg_c_sampent_full_change_precond;eeg_fr_sampent_full_change_precond;eeg_c_specent_full_change_precond;eeg_tleft_hbeta_mean_full_change_precond;eeg_tright_halpha_mean_full_change_precond;eeg_fm_lbeta_mean_full_change_precond;eeg_tleft_theta_mean_full_change_precond;eeg_fm_sampent_full_change_precond"
2025-11-26 19:32:37.024976,42,"stress_label",20,64,0.0078125,0.557692307692308,0.557692307692308,NA,20,"top20","eeg_tleft_sampent_full_change_precond;eeg_c_theta_mean_full_change_precond;eeg_fl_hbeta_mean_full_change_precond;pupil_dilation_sd_full_change_precond;eeg_tleft_halpha_mean_full_change_precond;gsr_skin_conductance_eda_tonic_mean_nk_full_change_precond;hrv_rmssd_full_change_precond;hr_heartrate_bpm_mean_abs_full_change_precond;eeg_fm_theta_mean_full_change_precond;eeg_pright_sampent_full_change_precond;eeg_t_sampent_full_change_precond;eeg_tleft_lalpha_mean_full_change_precond;eeg_c_sampent_full_change_precond;eeg_fr_sampent_full_change_precond;eeg_c_specent_full_change_precond;eeg_tleft_hbeta_mean_full_change_precond;eeg_tright_halpha_mean_full_change_precond;eeg_fm_lbeta_mean_full_change_precond;eeg_tleft_theta_mean_full_change_precond;eeg_fm_sampent_full_change_precond"
2025-11-26 19:32:38.346108,42,"stress_label",20,128,0.0078125,0.525641025641026,0.551282051282051,NA,20,"top20","eeg_tleft_sampent_full_change_precond;eeg_c_theta_mean_full_change_precond;eeg_fl_hbeta_mean_full_change_precond;pupil_dilation_sd_full_change_precond;eeg_tleft_halpha_mean_full_change_precond;gsr_skin_conductance_eda_tonic_mean_nk_full_change_precond;hrv_rmssd_full_change_precond;hr_heartrate_bpm_mean_abs_full_change_precond;eeg_fm_theta_mean_full_change_precond;eeg_pright_sampent_full_change_precond;eeg_t_sampent_full_change_precond;eeg_tleft_lalpha_mean_full_change_precond;eeg_c_sampent_full_change_precond;eeg_fr_sampent_full_change_precond;eeg_c_specent_full_change_precond;eeg_tleft_hbeta_mean_full_change_precond;eeg_tright_halpha_mean_full_change_precond;eeg_fm_lbeta_mean_full_change_precond;eeg_tleft_theta_mean_full_change_precond;eeg_fm_sampent_full_change_precond"
2025-11-26 19:32:39.69064,42,"stress_label",20,256,0.0078125,0.557692307692308,0.596153846153846,NA,20,"top20","eeg_tleft_sampent_full_change_precond;eeg_c_theta_mean_full_change_precond;eeg_fl_hbeta_mean_full_change_precond;pupil_dilation_sd_full_change_precond;eeg_tleft_halpha_mean_full_change_precond;gsr_skin_conductance_eda_tonic_mean_nk_full_change_precond;hrv_rmssd_full_change_precond;hr_heartrate_bpm_mean_abs_full_change_precond;eeg_fm_theta_mean_full_change_precond;eeg_pright_sampent_full_change_precond;eeg_t_sampent_full_change_precond;eeg_tleft_lalpha_mean_full_change_precond;eeg_c_sampent_full_change_precond;eeg_fr_sampent_full_change_precond;eeg_c_specent_full_change_precond;eeg_tleft_hbeta_mean_full_change_precond;eeg_tright_halpha_mean_full_change_precond;eeg_fm_lbeta_mean_full_change_precond;eeg_tleft_theta_mean_full_change_precond;eeg_fm_sampent_full_change_precond"
2025-11-26 19:32:40.63015,42,"stress_label",20,2,0.015625,0.551282051282051,0.615384615384615,0.502564102564103,20,"top20","eeg_tleft_sampent_full_change_precond;eeg_c_theta_mean_full_change_precond;eeg_fl_hbeta_mean_full_change_precond;pupil_dilation_sd_full_change_precond;eeg_tleft_halpha_mean_full_change_precond;gsr_skin_conductance_eda_tonic_mean_nk_full_change_precond;hrv_rmssd_full_change_precond;hr_heartrate_bpm_mean_abs_full_change_precond;eeg_fm_theta_mean_full_change_precond;eeg_pright_sampent_full_change_precond;eeg_t_sampent_full_change_precond;eeg_tleft_lalpha_mean_full_change_precond;eeg_c_sampent_full_change_precond;eeg_fr_sampent_full_change_precond;eeg_c_specent_full_change_precond;eeg_tleft_hbeta_mean_full_change_precond;eeg_tright_halpha_mean_full_change_precond;eeg_fm_lbeta_mean_full_change_precond;eeg_tleft_theta_mean_full_change_precond;eeg_fm_sampent_full_change_precond"
2025-11-26 19:32:41.61217,42,"stress_label",20,4,0.015625,0.538461538461538,0.602564102564103,0.495726495726496,20,"top20","eeg_tleft_sampent_full_change_precond;eeg_c_theta_mean_full_change_precond;eeg_fl_hbeta_mean_full_change_precond;pupil_dilation_sd_full_change_precond;eeg_tleft_halpha_mean_full_change_precond;gsr_skin_conductance_eda_tonic_mean_nk_full_change_precond;hrv_rmssd_full_change_precond;hr_heartrate_bpm_mean_abs_full_change_precond;eeg_fm_theta_mean_full_change_precond;eeg_pright_sampent_full_change_precond;eeg_t_sampent_full_change_precond;eeg_tleft_lalpha_mean_full_change_precond;eeg_c_sampent_full_change_precond;eeg_fr_sampent_full_change_precond;eeg_c_specent_full_change_precond;eeg_tleft_hbeta_mean_full_change_precond;eeg_tright_halpha_mean_full_change_precond;eeg_fm_lbeta_mean_full_change_precond;eeg_tleft_theta_mean_full_change_precond;eeg_fm_sampent_full_change_precond"
2025-11-26 19:32:42.651227,42,"stress_label",20,8,0.015625,0.557692307692308,0.57051282051282,0.528205128205128,20,"top20","eeg_tleft_sampent_full_change_precond;eeg_c_theta_mean_full_change_precond;eeg_fl_hbeta_mean_full_change_precond;pupil_dilation_sd_full_change_precond;eeg_tleft_halpha_mean_full_change_precond;gsr_skin_conductance_eda_tonic_mean_nk_full_change_precond;hrv_rmssd_full_change_precond;hr_heartrate_bpm_mean_abs_full_change_precond;eeg_fm_theta_mean_full_change_precond;eeg_pright_sampent_full_change_precond;eeg_t_sampent_full_change_precond;eeg_tleft_lalpha_mean_full_change_precond;eeg_c_sampent_full_change_precond;eeg_fr_sampent_full_change_precond;eeg_c_specent_full_change_precond;eeg_tleft_hbeta_mean_full_change_precond;eeg_tright_halpha_mean_full_change_precond;eeg_fm_lbeta_mean_full_change_precond;eeg_tleft_theta_mean_full_change_precond;eeg_fm_sampent_full_change_precond"
2025-11-26 19:32:43.725143,42,"stress_label",20,16,0.015625,0.583333333333333,0.564102564102564,NA,20,"top20","eeg_tleft_sampent_full_change_precond;eeg_c_theta_mean_full_change_precond;eeg_fl_hbeta_mean_full_change_precond;pupil_dilation_sd_full_change_precond;eeg_tleft_halpha_mean_full_change_precond;gsr_skin_conductance_eda_tonic_mean_nk_full_change_precond;hrv_rmssd_full_change_precond;hr_heartrate_bpm_mean_abs_full_change_precond;eeg_fm_theta_mean_full_change_precond;eeg_pright_sampent_full_change_precond;eeg_t_sampent_full_change_precond;eeg_tleft_lalpha_mean_full_change_precond;eeg_c_sampent_full_change_precond;eeg_fr_sampent_full_change_precond;eeg_c_specent_full_change_precond;eeg_tleft_hbeta_mean_full_change_precond;eeg_tright_halpha_mean_full_change_precond;eeg_fm_lbeta_mean_full_change_precond;eeg_tleft_theta_mean_full_change_precond;eeg_fm_sampent_full_change_precond"
2025-11-26 19:32:44.736727,42,"stress_label",20,32,0.015625,0.532051282051282,0.480769230769231,NA,20,"top20","eeg_tleft_sampent_full_change_precond;eeg_c_theta_mean_full_change_precond;eeg_fl_hbeta_mean_full_change_precond;pupil_dilation_sd_full_change_precond;eeg_tleft_halpha_mean_full_change_precond;gsr_skin_conductance_eda_tonic_mean_nk_full_change_precond;hrv_rmssd_full_change_precond;hr_heartrate_bpm_mean_abs_full_change_precond;eeg_fm_theta_mean_full_change_precond;eeg_pright_sampent_full_change_precond;eeg_t_sampent_full_change_precond;eeg_tleft_lalpha_mean_full_change_precond;eeg_c_sampent_full_change_precond;eeg_fr_sampent_full_change_precond;eeg_c_specent_full_change_precond;eeg_tleft_hbeta_mean_full_change_precond;eeg_tright_halpha_mean_full_change_precond;eeg_fm_lbeta_mean_full_change_precond;eeg_tleft_theta_mean_full_change_precond;eeg_fm_sampent_full_change_precond"
2025-11-26 19:32:45.97968,42,"stress_label",20,64,0.015625,0.538461538461538,0.557692307692308,NA,20,"top20","eeg_tleft_sampent_full_change_precond;eeg_c_theta_mean_full_change_precond;eeg_fl_hbeta_mean_full_change_precond;pupil_dilation_sd_full_change_precond;eeg_tleft_halpha_mean_full_change_precond;gsr_skin_conductance_eda_tonic_mean_nk_full_change_precond;hrv_rmssd_full_change_precond;hr_heartrate_bpm_mean_abs_full_change_precond;eeg_fm_theta_mean_full_change_precond;eeg_pright_sampent_full_change_precond;eeg_t_sampent_full_change_precond;eeg_tleft_lalpha_mean_full_change_precond;eeg_c_sampent_full_change_precond;eeg_fr_sampent_full_change_precond;eeg_c_specent_full_change_precond;eeg_tleft_hbeta_mean_full_change_precond;eeg_tright_halpha_mean_full_change_precond;eeg_fm_lbeta_mean_full_change_precond;eeg_tleft_theta_mean_full_change_precond;eeg_fm_sampent_full_change_precond"
2025-11-26 19:32:47.315495,42,"stress_label",20,128,0.015625,0.557692307692308,0.5,NA,20,"top20","eeg_tleft_sampent_full_change_precond;eeg_c_theta_mean_full_change_precond;eeg_fl_hbeta_mean_full_change_precond;pupil_dilation_sd_full_change_precond;eeg_tleft_halpha_mean_full_change_precond;gsr_skin_conductance_eda_tonic_mean_nk_full_change_precond;hrv_rmssd_full_change_precond;hr_heartrate_bpm_mean_abs_full_change_precond;eeg_fm_theta_mean_full_change_precond;eeg_pright_sampent_full_change_precond;eeg_t_sampent_full_change_precond;eeg_tleft_lalpha_mean_full_change_precond;eeg_c_sampent_full_change_precond;eeg_fr_sampent_full_change_precond;eeg_c_specent_full_change_precond;eeg_tleft_hbeta_mean_full_change_precond;eeg_tright_halpha_mean_full_change_precond;eeg_fm_lbeta_mean_full_change_precond;eeg_tleft_theta_mean_full_change_precond;eeg_fm_sampent_full_change_precond"
2025-11-26 19:32:48.575014,42,"stress_label",20,256,0.015625,0.57051282051282,0.602564102564103,NA,20,"top20","eeg_tleft_sampent_full_change_precond;eeg_c_theta_mean_full_change_precond;eeg_fl_hbeta_mean_full_change_precond;pupil_dilation_sd_full_change_precond;eeg_tleft_halpha_mean_full_change_precond;gsr_skin_conductance_eda_tonic_mean_nk_full_change_precond;hrv_rmssd_full_change_precond;hr_heartrate_bpm_mean_abs_full_change_precond;eeg_fm_theta_mean_full_change_precond;eeg_pright_sampent_full_change_precond;eeg_t_sampent_full_change_precond;eeg_tleft_lalpha_mean_full_change_precond;eeg_c_sampent_full_change_precond;eeg_fr_sampent_full_change_precond;eeg_c_specent_full_change_precond;eeg_tleft_hbeta_mean_full_change_precond;eeg_tright_halpha_mean_full_change_precond;eeg_fm_lbeta_mean_full_change_precond;eeg_tleft_theta_mean_full_change_precond;eeg_fm_sampent_full_change_precond"
2025-11-26 19:32:49.529406,42,"stress_label",20,2,0.03125,0.551282051282051,0.596153846153846,0.512820512820513,20,"top20","eeg_tleft_sampent_full_change_precond;eeg_c_theta_mean_full_change_precond;eeg_fl_hbeta_mean_full_change_precond;pupil_dilation_sd_full_change_precond;eeg_tleft_halpha_mean_full_change_precond;gsr_skin_conductance_eda_tonic_mean_nk_full_change_precond;hrv_rmssd_full_change_precond;hr_heartrate_bpm_mean_abs_full_change_precond;eeg_fm_theta_mean_full_change_precond;eeg_pright_sampent_full_change_precond;eeg_t_sampent_full_change_precond;eeg_tleft_lalpha_mean_full_change_precond;eeg_c_sampent_full_change_precond;eeg_fr_sampent_full_change_precond;eeg_c_specent_full_change_precond;eeg_tleft_hbeta_mean_full_change_precond;eeg_tright_halpha_mean_full_change_precond;eeg_fm_lbeta_mean_full_change_precond;eeg_tleft_theta_mean_full_change_precond;eeg_fm_sampent_full_change_precond"
2025-11-26 19:32:50.535464,42,"stress_label",20,4,0.03125,0.602564102564103,0.615384615384615,NA,20,"top20","eeg_tleft_sampent_full_change_precond;eeg_c_theta_mean_full_change_precond;eeg_fl_hbeta_mean_full_change_precond;pupil_dilation_sd_full_change_precond;eeg_tleft_halpha_mean_full_change_precond;gsr_skin_conductance_eda_tonic_mean_nk_full_change_precond;hrv_rmssd_full_change_precond;hr_heartrate_bpm_mean_abs_full_change_precond;eeg_fm_theta_mean_full_change_precond;eeg_pright_sampent_full_change_precond;eeg_t_sampent_full_change_precond;eeg_tleft_lalpha_mean_full_change_precond;eeg_c_sampent_full_change_precond;eeg_fr_sampent_full_change_precond;eeg_c_specent_full_change_precond;eeg_tleft_hbeta_mean_full_change_precond;eeg_tright_halpha_mean_full_change_precond;eeg_fm_lbeta_mean_full_change_precond;eeg_tleft_theta_mean_full_change_precond;eeg_fm_sampent_full_change_precond"
2025-11-26 19:32:51.635423,42,"stress_label",20,8,0.03125,0.564102564102564,0.551282051282051,NA,20,"top20","eeg_tleft_sampent_full_change_precond;eeg_c_theta_mean_full_change_precond;eeg_fl_hbeta_mean_full_change_precond;pupil_dilation_sd_full_change_precond;eeg_tleft_halpha_mean_full_change_precond;gsr_skin_conductance_eda_tonic_mean_nk_full_change_precond;hrv_rmssd_full_change_precond;hr_heartrate_bpm_mean_abs_full_change_precond;eeg_fm_theta_mean_full_change_precond;eeg_pright_sampent_full_change_precond;eeg_t_sampent_full_change_precond;eeg_tleft_lalpha_mean_full_change_precond;eeg_c_sampent_full_change_precond;eeg_fr_sampent_full_change_precond;eeg_c_specent_full_change_precond;eeg_tleft_hbeta_mean_full_change_precond;eeg_tright_halpha_mean_full_change_precond;eeg_fm_lbeta_mean_full_change_precond;eeg_tleft_theta_mean_full_change_precond;eeg_fm_sampent_full_change_precond"
2025-11-26 19:32:52.778819,42,"stress_label",20,16,0.03125,0.525641025641026,0.551282051282051,NA,20,"top20","eeg_tleft_sampent_full_change_precond;eeg_c_theta_mean_full_change_precond;eeg_fl_hbeta_mean_full_change_precond;pupil_dilation_sd_full_change_precond;eeg_tleft_halpha_mean_full_change_precond;gsr_skin_conductance_eda_tonic_mean_nk_full_change_precond;hrv_rmssd_full_change_precond;hr_heartrate_bpm_mean_abs_full_change_precond;eeg_fm_theta_mean_full_change_precond;eeg_pright_sampent_full_change_precond;eeg_t_sampent_full_change_precond;eeg_tleft_lalpha_mean_full_change_precond;eeg_c_sampent_full_change_precond;eeg_fr_sampent_full_change_precond;eeg_c_specent_full_change_precond;eeg_tleft_hbeta_mean_full_change_precond;eeg_tright_halpha_mean_full_change_precond;eeg_fm_lbeta_mean_full_change_precond;eeg_tleft_theta_mean_full_change_precond;eeg_fm_sampent_full_change_precond"
2025-11-26 19:32:53.955596,42,"stress_label",20,32,0.03125,0.544871794871795,0.564102564102564,NA,20,"top20","eeg_tleft_sampent_full_change_precond;eeg_c_theta_mean_full_change_precond;eeg_fl_hbeta_mean_full_change_precond;pupil_dilation_sd_full_change_precond;eeg_tleft_halpha_mean_full_change_precond;gsr_skin_conductance_eda_tonic_mean_nk_full_change_precond;hrv_rmssd_full_change_precond;hr_heartrate_bpm_mean_abs_full_change_precond;eeg_fm_theta_mean_full_change_precond;eeg_pright_sampent_full_change_precond;eeg_t_sampent_full_change_precond;eeg_tleft_lalpha_mean_full_change_precond;eeg_c_sampent_full_change_precond;eeg_fr_sampent_full_change_precond;eeg_c_specent_full_change_precond;eeg_tleft_hbeta_mean_full_change_precond;eeg_tright_halpha_mean_full_change_precond;eeg_fm_lbeta_mean_full_change_precond;eeg_tleft_theta_mean_full_change_precond;eeg_fm_sampent_full_change_precond"
2025-11-26 19:32:55.033886,42,"stress_label",20,64,0.03125,0.544871794871795,0.557692307692308,NA,20,"top20","eeg_tleft_sampent_full_change_precond;eeg_c_theta_mean_full_change_precond;eeg_fl_hbeta_mean_full_change_precond;pupil_dilation_sd_full_change_precond;eeg_tleft_halpha_mean_full_change_precond;gsr_skin_conductance_eda_tonic_mean_nk_full_change_precond;hrv_rmssd_full_change_precond;hr_heartrate_bpm_mean_abs_full_change_precond;eeg_fm_theta_mean_full_change_precond;eeg_pright_sampent_full_change_precond;eeg_t_sampent_full_change_precond;eeg_tleft_lalpha_mean_full_change_precond;eeg_c_sampent_full_change_precond;eeg_fr_sampent_full_change_precond;eeg_c_specent_full_change_precond;eeg_tleft_hbeta_mean_full_change_precond;eeg_tright_halpha_mean_full_change_precond;eeg_fm_lbeta_mean_full_change_precond;eeg_tleft_theta_mean_full_change_precond;eeg_fm_sampent_full_change_precond"
2025-11-26 19:32:55.956207,42,"stress_label",20,128,0.03125,0.538461538461538,0.525641025641026,NA,20,"top20","eeg_tleft_sampent_full_change_precond;eeg_c_theta_mean_full_change_precond;eeg_fl_hbeta_mean_full_change_precond;pupil_dilation_sd_full_change_precond;eeg_tleft_halpha_mean_full_change_precond;gsr_skin_conductance_eda_tonic_mean_nk_full_change_precond;hrv_rmssd_full_change_precond;hr_heartrate_bpm_mean_abs_full_change_precond;eeg_fm_theta_mean_full_change_precond;eeg_pright_sampent_full_change_precond;eeg_t_sampent_full_change_precond;eeg_tleft_lalpha_mean_full_change_precond;eeg_c_sampent_full_change_precond;eeg_fr_sampent_full_change_precond;eeg_c_specent_full_change_precond;eeg_tleft_hbeta_mean_full_change_precond;eeg_tright_halpha_mean_full_change_precond;eeg_fm_lbeta_mean_full_change_precond;eeg_tleft_theta_mean_full_change_precond;eeg_fm_sampent_full_change_precond"
2025-11-26 19:32:56.893142,42,"stress_label",20,256,0.03125,0.538461538461538,0.538461538461538,NA,20,"top20","eeg_tleft_sampent_full_change_precond;eeg_c_theta_mean_full_change_precond;eeg_fl_hbeta_mean_full_change_precond;pupil_dilation_sd_full_change_precond;eeg_tleft_halpha_mean_full_change_precond;gsr_skin_conductance_eda_tonic_mean_nk_full_change_precond;hrv_rmssd_full_change_precond;hr_heartrate_bpm_mean_abs_full_change_precond;eeg_fm_theta_mean_full_change_precond;eeg_pright_sampent_full_change_precond;eeg_t_sampent_full_change_precond;eeg_tleft_lalpha_mean_full_change_precond;eeg_c_sampent_full_change_precond;eeg_fr_sampent_full_change_precond;eeg_c_specent_full_change_precond;eeg_tleft_hbeta_mean_full_change_precond;eeg_tright_halpha_mean_full_change_precond;eeg_fm_lbeta_mean_full_change_precond;eeg_tleft_theta_mean_full_change_precond;eeg_fm_sampent_full_change_precond"
2025-11-26 19:32:57.898507,42,"stress_label",20,2,0.0625,0.583333333333333,0.596153846153846,0.552136752136752,20,"top20","eeg_tleft_sampent_full_change_precond;eeg_c_theta_mean_full_change_precond;eeg_fl_hbeta_mean_full_change_precond;pupil_dilation_sd_full_change_precond;eeg_tleft_halpha_mean_full_change_precond;gsr_skin_conductance_eda_tonic_mean_nk_full_change_precond;hrv_rmssd_full_change_precond;hr_heartrate_bpm_mean_abs_full_change_precond;eeg_fm_theta_mean_full_change_precond;eeg_pright_sampent_full_change_precond;eeg_t_sampent_full_change_precond;eeg_tleft_lalpha_mean_full_change_precond;eeg_c_sampent_full_change_precond;eeg_fr_sampent_full_change_precond;eeg_c_specent_full_change_precond;eeg_tleft_hbeta_mean_full_change_precond;eeg_tright_halpha_mean_full_change_precond;eeg_fm_lbeta_mean_full_change_precond;eeg_tleft_theta_mean_full_change_precond;eeg_fm_sampent_full_change_precond"
2025-11-26 19:32:58.862832,42,"stress_label",20,4,0.0625,0.544871794871795,0.57051282051282,NA,20,"top20","eeg_tleft_sampent_full_change_precond;eeg_c_theta_mean_full_change_precond;eeg_fl_hbeta_mean_full_change_precond;pupil_dilation_sd_full_change_precond;eeg_tleft_halpha_mean_full_change_precond;gsr_skin_conductance_eda_tonic_mean_nk_full_change_precond;hrv_rmssd_full_change_precond;hr_heartrate_bpm_mean_abs_full_change_precond;eeg_fm_theta_mean_full_change_precond;eeg_pright_sampent_full_change_precond;eeg_t_sampent_full_change_precond;eeg_tleft_lalpha_mean_full_change_precond;eeg_c_sampent_full_change_precond;eeg_fr_sampent_full_change_precond;eeg_c_specent_full_change_precond;eeg_tleft_hbeta_mean_full_change_precond;eeg_tright_halpha_mean_full_change_precond;eeg_fm_lbeta_mean_full_change_precond;eeg_tleft_theta_mean_full_change_precond;eeg_fm_sampent_full_change_precond"
2025-11-26 19:32:59.956139,42,"stress_label",20,8,0.0625,0.532051282051282,0.58974358974359,NA,20,"top20","eeg_tleft_sampent_full_change_precond;eeg_c_theta_mean_full_change_precond;eeg_fl_hbeta_mean_full_change_precond;pupil_dilation_sd_full_change_precond;eeg_tleft_halpha_mean_full_change_precond;gsr_skin_conductance_eda_tonic_mean_nk_full_change_precond;hrv_rmssd_full_change_precond;hr_heartrate_bpm_mean_abs_full_change_precond;eeg_fm_theta_mean_full_change_precond;eeg_pright_sampent_full_change_precond;eeg_t_sampent_full_change_precond;eeg_tleft_lalpha_mean_full_change_precond;eeg_c_sampent_full_change_precond;eeg_fr_sampent_full_change_precond;eeg_c_specent_full_change_precond;eeg_tleft_hbeta_mean_full_change_precond;eeg_tright_halpha_mean_full_change_precond;eeg_fm_lbeta_mean_full_change_precond;eeg_tleft_theta_mean_full_change_precond;eeg_fm_sampent_full_change_precond"
2025-11-26 19:33:01.024925,42,"stress_label",20,16,0.0625,0.525641025641026,0.576923076923077,NA,20,"top20","eeg_tleft_sampent_full_change_precond;eeg_c_theta_mean_full_change_precond;eeg_fl_hbeta_mean_full_change_precond;pupil_dilation_sd_full_change_precond;eeg_tleft_halpha_mean_full_change_precond;gsr_skin_conductance_eda_tonic_mean_nk_full_change_precond;hrv_rmssd_full_change_precond;hr_heartrate_bpm_mean_abs_full_change_precond;eeg_fm_theta_mean_full_change_precond;eeg_pright_sampent_full_change_precond;eeg_t_sampent_full_change_precond;eeg_tleft_lalpha_mean_full_change_precond;eeg_c_sampent_full_change_precond;eeg_fr_sampent_full_change_precond;eeg_c_specent_full_change_precond;eeg_tleft_hbeta_mean_full_change_precond;eeg_tright_halpha_mean_full_change_precond;eeg_fm_lbeta_mean_full_change_precond;eeg_tleft_theta_mean_full_change_precond;eeg_fm_sampent_full_change_precond"
2025-11-26 19:33:02.127288,42,"stress_label",20,32,0.0625,0.532051282051282,0.564102564102564,0.537606837606838,20,"top20","eeg_tleft_sampent_full_change_precond;eeg_c_theta_mean_full_change_precond;eeg_fl_hbeta_mean_full_change_precond;pupil_dilation_sd_full_change_precond;eeg_tleft_halpha_mean_full_change_precond;gsr_skin_conductance_eda_tonic_mean_nk_full_change_precond;hrv_rmssd_full_change_precond;hr_heartrate_bpm_mean_abs_full_change_precond;eeg_fm_theta_mean_full_change_precond;eeg_pright_sampent_full_change_precond;eeg_t_sampent_full_change_precond;eeg_tleft_lalpha_mean_full_change_precond;eeg_c_sampent_full_change_precond;eeg_fr_sampent_full_change_precond;eeg_c_specent_full_change_precond;eeg_tleft_hbeta_mean_full_change_precond;eeg_tright_halpha_mean_full_change_precond;eeg_fm_lbeta_mean_full_change_precond;eeg_tleft_theta_mean_full_change_precond;eeg_fm_sampent_full_change_precond"
2025-11-26 19:33:03.248899,42,"stress_label",20,64,0.0625,0.532051282051282,0.538461538461538,0.537606837606838,20,"top20","eeg_tleft_sampent_full_change_precond;eeg_c_theta_mean_full_change_precond;eeg_fl_hbeta_mean_full_change_precond;pupil_dilation_sd_full_change_precond;eeg_tleft_halpha_mean_full_change_precond;gsr_skin_conductance_eda_tonic_mean_nk_full_change_precond;hrv_rmssd_full_change_precond;hr_heartrate_bpm_mean_abs_full_change_precond;eeg_fm_theta_mean_full_change_precond;eeg_pright_sampent_full_change_precond;eeg_t_sampent_full_change_precond;eeg_tleft_lalpha_mean_full_change_precond;eeg_c_sampent_full_change_precond;eeg_fr_sampent_full_change_precond;eeg_c_specent_full_change_precond;eeg_tleft_hbeta_mean_full_change_precond;eeg_tright_halpha_mean_full_change_precond;eeg_fm_lbeta_mean_full_change_precond;eeg_tleft_theta_mean_full_change_precond;eeg_fm_sampent_full_change_precond"
2025-11-26 19:33:04.386752,42,"stress_label",20,128,0.0625,0.532051282051282,0.564102564102564,0.537606837606838,20,"top20","eeg_tleft_sampent_full_change_precond;eeg_c_theta_mean_full_change_precond;eeg_fl_hbeta_mean_full_change_precond;pupil_dilation_sd_full_change_precond;eeg_tleft_halpha_mean_full_change_precond;gsr_skin_conductance_eda_tonic_mean_nk_full_change_precond;hrv_rmssd_full_change_precond;hr_heartrate_bpm_mean_abs_full_change_precond;eeg_fm_theta_mean_full_change_precond;eeg_pright_sampent_full_change_precond;eeg_t_sampent_full_change_precond;eeg_tleft_lalpha_mean_full_change_precond;eeg_c_sampent_full_change_precond;eeg_fr_sampent_full_change_precond;eeg_c_specent_full_change_precond;eeg_tleft_hbeta_mean_full_change_precond;eeg_tright_halpha_mean_full_change_precond;eeg_fm_lbeta_mean_full_change_precond;eeg_tleft_theta_mean_full_change_precond;eeg_fm_sampent_full_change_precond"
2025-11-26 19:33:05.505522,42,"stress_label",20,256,0.0625,0.532051282051282,0.576923076923077,0.537606837606838,20,"top20","eeg_tleft_sampent_full_change_precond;eeg_c_theta_mean_full_change_precond;eeg_fl_hbeta_mean_full_change_precond;pupil_dilation_sd_full_change_precond;eeg_tleft_halpha_mean_full_change_precond;gsr_skin_conductance_eda_tonic_mean_nk_full_change_precond;hrv_rmssd_full_change_precond;hr_heartrate_bpm_mean_abs_full_change_precond;eeg_fm_theta_mean_full_change_precond;eeg_pright_sampent_full_change_precond;eeg_t_sampent_full_change_precond;eeg_tleft_lalpha_mean_full_change_precond;eeg_c_sampent_full_change_precond;eeg_fr_sampent_full_change_precond;eeg_c_specent_full_change_precond;eeg_tleft_hbeta_mean_full_change_precond;eeg_tright_halpha_mean_full_change_precond;eeg_fm_lbeta_mean_full_change_precond;eeg_tleft_theta_mean_full_change_precond;eeg_fm_sampent_full_change_precond"
2025-11-26 19:33:06.562592,42,"stress_label",20,2,0.125,0.551282051282051,0.602564102564103,NA,20,"top20","eeg_tleft_sampent_full_change_precond;eeg_c_theta_mean_full_change_precond;eeg_fl_hbeta_mean_full_change_precond;pupil_dilation_sd_full_change_precond;eeg_tleft_halpha_mean_full_change_precond;gsr_skin_conductance_eda_tonic_mean_nk_full_change_precond;hrv_rmssd_full_change_precond;hr_heartrate_bpm_mean_abs_full_change_precond;eeg_fm_theta_mean_full_change_precond;eeg_pright_sampent_full_change_precond;eeg_t_sampent_full_change_precond;eeg_tleft_lalpha_mean_full_change_precond;eeg_c_sampent_full_change_precond;eeg_fr_sampent_full_change_precond;eeg_c_specent_full_change_precond;eeg_tleft_hbeta_mean_full_change_precond;eeg_tright_halpha_mean_full_change_precond;eeg_fm_lbeta_mean_full_change_precond;eeg_tleft_theta_mean_full_change_precond;eeg_fm_sampent_full_change_precond"
2025-11-26 19:33:07.544979,42,"stress_label",20,4,0.125,0.525641025641026,0.602564102564103,NA,20,"top20","eeg_tleft_sampent_full_change_precond;eeg_c_theta_mean_full_change_precond;eeg_fl_hbeta_mean_full_change_precond;pupil_dilation_sd_full_change_precond;eeg_tleft_halpha_mean_full_change_precond;gsr_skin_conductance_eda_tonic_mean_nk_full_change_precond;hrv_rmssd_full_change_precond;hr_heartrate_bpm_mean_abs_full_change_precond;eeg_fm_theta_mean_full_change_precond;eeg_pright_sampent_full_change_precond;eeg_t_sampent_full_change_precond;eeg_tleft_lalpha_mean_full_change_precond;eeg_c_sampent_full_change_precond;eeg_fr_sampent_full_change_precond;eeg_c_specent_full_change_precond;eeg_tleft_hbeta_mean_full_change_precond;eeg_tright_halpha_mean_full_change_precond;eeg_fm_lbeta_mean_full_change_precond;eeg_tleft_theta_mean_full_change_precond;eeg_fm_sampent_full_change_precond"
2025-11-26 19:33:08.686785,42,"stress_label",20,8,0.125,0.544871794871795,0.58974358974359,NA,20,"top20","eeg_tleft_sampent_full_change_precond;eeg_c_theta_mean_full_change_precond;eeg_fl_hbeta_mean_full_change_precond;pupil_dilation_sd_full_change_precond;eeg_tleft_halpha_mean_full_change_precond;gsr_skin_conductance_eda_tonic_mean_nk_full_change_precond;hrv_rmssd_full_change_precond;hr_heartrate_bpm_mean_abs_full_change_precond;eeg_fm_theta_mean_full_change_precond;eeg_pright_sampent_full_change_precond;eeg_t_sampent_full_change_precond;eeg_tleft_lalpha_mean_full_change_precond;eeg_c_sampent_full_change_precond;eeg_fr_sampent_full_change_precond;eeg_c_specent_full_change_precond;eeg_tleft_hbeta_mean_full_change_precond;eeg_tright_halpha_mean_full_change_precond;eeg_fm_lbeta_mean_full_change_precond;eeg_tleft_theta_mean_full_change_precond;eeg_fm_sampent_full_change_precond"
2025-11-26 19:33:09.790533,42,"stress_label",20,16,0.125,0.544871794871795,0.602564102564103,NA,20,"top20","eeg_tleft_sampent_full_change_precond;eeg_c_theta_mean_full_change_precond;eeg_fl_hbeta_mean_full_change_precond;pupil_dilation_sd_full_change_precond;eeg_tleft_halpha_mean_full_change_precond;gsr_skin_conductance_eda_tonic_mean_nk_full_change_precond;hrv_rmssd_full_change_precond;hr_heartrate_bpm_mean_abs_full_change_precond;eeg_fm_theta_mean_full_change_precond;eeg_pright_sampent_full_change_precond;eeg_t_sampent_full_change_precond;eeg_tleft_lalpha_mean_full_change_precond;eeg_c_sampent_full_change_precond;eeg_fr_sampent_full_change_precond;eeg_c_specent_full_change_precond;eeg_tleft_hbeta_mean_full_change_precond;eeg_tright_halpha_mean_full_change_precond;eeg_fm_lbeta_mean_full_change_precond;eeg_tleft_theta_mean_full_change_precond;eeg_fm_sampent_full_change_precond"
2025-11-26 19:33:10.814726,42,"stress_label",20,32,0.125,0.544871794871795,0.602564102564103,NA,20,"top20","eeg_tleft_sampent_full_change_precond;eeg_c_theta_mean_full_change_precond;eeg_fl_hbeta_mean_full_change_precond;pupil_dilation_sd_full_change_precond;eeg_tleft_halpha_mean_full_change_precond;gsr_skin_conductance_eda_tonic_mean_nk_full_change_precond;hrv_rmssd_full_change_precond;hr_heartrate_bpm_mean_abs_full_change_precond;eeg_fm_theta_mean_full_change_precond;eeg_pright_sampent_full_change_precond;eeg_t_sampent_full_change_precond;eeg_tleft_lalpha_mean_full_change_precond;eeg_c_sampent_full_change_precond;eeg_fr_sampent_full_change_precond;eeg_c_specent_full_change_precond;eeg_tleft_hbeta_mean_full_change_precond;eeg_tright_halpha_mean_full_change_precond;eeg_fm_lbeta_mean_full_change_precond;eeg_tleft_theta_mean_full_change_precond;eeg_fm_sampent_full_change_precond"
2025-11-26 19:33:11.893193,42,"stress_label",20,64,0.125,0.544871794871795,0.602564102564103,NA,20,"top20","eeg_tleft_sampent_full_change_precond;eeg_c_theta_mean_full_change_precond;eeg_fl_hbeta_mean_full_change_precond;pupil_dilation_sd_full_change_precond;eeg_tleft_halpha_mean_full_change_precond;gsr_skin_conductance_eda_tonic_mean_nk_full_change_precond;hrv_rmssd_full_change_precond;hr_heartrate_bpm_mean_abs_full_change_precond;eeg_fm_theta_mean_full_change_precond;eeg_pright_sampent_full_change_precond;eeg_t_sampent_full_change_precond;eeg_tleft_lalpha_mean_full_change_precond;eeg_c_sampent_full_change_precond;eeg_fr_sampent_full_change_precond;eeg_c_specent_full_change_precond;eeg_tleft_hbeta_mean_full_change_precond;eeg_tright_halpha_mean_full_change_precond;eeg_fm_lbeta_mean_full_change_precond;eeg_tleft_theta_mean_full_change_precond;eeg_fm_sampent_full_change_precond"
2025-11-26 19:33:12.979851,42,"stress_label",20,128,0.125,0.544871794871795,0.602564102564103,NA,20,"top20","eeg_tleft_sampent_full_change_precond;eeg_c_theta_mean_full_change_precond;eeg_fl_hbeta_mean_full_change_precond;pupil_dilation_sd_full_change_precond;eeg_tleft_halpha_mean_full_change_precond;gsr_skin_conductance_eda_tonic_mean_nk_full_change_precond;hrv_rmssd_full_change_precond;hr_heartrate_bpm_mean_abs_full_change_precond;eeg_fm_theta_mean_full_change_precond;eeg_pright_sampent_full_change_precond;eeg_t_sampent_full_change_precond;eeg_tleft_lalpha_mean_full_change_precond;eeg_c_sampent_full_change_precond;eeg_fr_sampent_full_change_precond;eeg_c_specent_full_change_precond;eeg_tleft_hbeta_mean_full_change_precond;eeg_tright_halpha_mean_full_change_precond;eeg_fm_lbeta_mean_full_change_precond;eeg_tleft_theta_mean_full_change_precond;eeg_fm_sampent_full_change_precond"
2025-11-26 19:33:14.077366,42,"stress_label",20,256,0.125,0.544871794871795,0.602564102564103,NA,20,"top20","eeg_tleft_sampent_full_change_precond;eeg_c_theta_mean_full_change_precond;eeg_fl_hbeta_mean_full_change_precond;pupil_dilation_sd_full_change_precond;eeg_tleft_halpha_mean_full_change_precond;gsr_skin_conductance_eda_tonic_mean_nk_full_change_precond;hrv_rmssd_full_change_precond;hr_heartrate_bpm_mean_abs_full_change_precond;eeg_fm_theta_mean_full_change_precond;eeg_pright_sampent_full_change_precond;eeg_t_sampent_full_change_precond;eeg_tleft_lalpha_mean_full_change_precond;eeg_c_sampent_full_change_precond;eeg_fr_sampent_full_change_precond;eeg_c_specent_full_change_precond;eeg_tleft_hbeta_mean_full_change_precond;eeg_tright_halpha_mean_full_change_precond;eeg_fm_lbeta_mean_full_change_precond;eeg_tleft_theta_mean_full_change_precond;eeg_fm_sampent_full_change_precond"
2025-11-26 19:33:15.125154,42,"stress_label",20,2,0.03,0.557692307692308,0.596153846153846,0.521367521367521,20,"top20","eeg_tleft_sampent_full_change_precond;eeg_c_theta_mean_full_change_precond;eeg_fl_hbeta_mean_full_change_precond;pupil_dilation_sd_full_change_precond;eeg_tleft_halpha_mean_full_change_precond;gsr_skin_conductance_eda_tonic_mean_nk_full_change_precond;hrv_rmssd_full_change_precond;hr_heartrate_bpm_mean_abs_full_change_precond;eeg_fm_theta_mean_full_change_precond;eeg_pright_sampent_full_change_precond;eeg_t_sampent_full_change_precond;eeg_tleft_lalpha_mean_full_change_precond;eeg_c_sampent_full_change_precond;eeg_fr_sampent_full_change_precond;eeg_c_specent_full_change_precond;eeg_tleft_hbeta_mean_full_change_precond;eeg_tright_halpha_mean_full_change_precond;eeg_fm_lbeta_mean_full_change_precond;eeg_tleft_theta_mean_full_change_precond;eeg_fm_sampent_full_change_precond"
2025-11-26 19:33:16.199082,42,"stress_label",20,4,0.03,0.58974358974359,0.608974358974359,NA,20,"top20","eeg_tleft_sampent_full_change_precond;eeg_c_theta_mean_full_change_precond;eeg_fl_hbeta_mean_full_change_precond;pupil_dilation_sd_full_change_precond;eeg_tleft_halpha_mean_full_change_precond;gsr_skin_conductance_eda_tonic_mean_nk_full_change_precond;hrv_rmssd_full_change_precond;hr_heartrate_bpm_mean_abs_full_change_precond;eeg_fm_theta_mean_full_change_precond;eeg_pright_sampent_full_change_precond;eeg_t_sampent_full_change_precond;eeg_tleft_lalpha_mean_full_change_precond;eeg_c_sampent_full_change_precond;eeg_fr_sampent_full_change_precond;eeg_c_specent_full_change_precond;eeg_tleft_hbeta_mean_full_change_precond;eeg_tright_halpha_mean_full_change_precond;eeg_fm_lbeta_mean_full_change_precond;eeg_tleft_theta_mean_full_change_precond;eeg_fm_sampent_full_change_precond"
2025-11-26 19:33:17.289155,42,"stress_label",20,8,0.03,0.57051282051282,0.525641025641026,NA,20,"top20","eeg_tleft_sampent_full_change_precond;eeg_c_theta_mean_full_change_precond;eeg_fl_hbeta_mean_full_change_precond;pupil_dilation_sd_full_change_precond;eeg_tleft_halpha_mean_full_change_precond;gsr_skin_conductance_eda_tonic_mean_nk_full_change_precond;hrv_rmssd_full_change_precond;hr_heartrate_bpm_mean_abs_full_change_precond;eeg_fm_theta_mean_full_change_precond;eeg_pright_sampent_full_change_precond;eeg_t_sampent_full_change_precond;eeg_tleft_lalpha_mean_full_change_precond;eeg_c_sampent_full_change_precond;eeg_fr_sampent_full_change_precond;eeg_c_specent_full_change_precond;eeg_tleft_hbeta_mean_full_change_precond;eeg_tright_halpha_mean_full_change_precond;eeg_fm_lbeta_mean_full_change_precond;eeg_tleft_theta_mean_full_change_precond;eeg_fm_sampent_full_change_precond"
2025-11-26 19:33:18.469115,42,"stress_label",20,16,0.03,0.532051282051282,0.538461538461538,NA,20,"top20","eeg_tleft_sampent_full_change_precond;eeg_c_theta_mean_full_change_precond;eeg_fl_hbeta_mean_full_change_precond;pupil_dilation_sd_full_change_precond;eeg_tleft_halpha_mean_full_change_precond;gsr_skin_conductance_eda_tonic_mean_nk_full_change_precond;hrv_rmssd_full_change_precond;hr_heartrate_bpm_mean_abs_full_change_precond;eeg_fm_theta_mean_full_change_precond;eeg_pright_sampent_full_change_precond;eeg_t_sampent_full_change_precond;eeg_tleft_lalpha_mean_full_change_precond;eeg_c_sampent_full_change_precond;eeg_fr_sampent_full_change_precond;eeg_c_specent_full_change_precond;eeg_tleft_hbeta_mean_full_change_precond;eeg_tright_halpha_mean_full_change_precond;eeg_fm_lbeta_mean_full_change_precond;eeg_tleft_theta_mean_full_change_precond;eeg_fm_sampent_full_change_precond"
2025-11-26 19:33:19.546227,42,"stress_label",20,32,0.03,0.544871794871795,0.557692307692308,NA,20,"top20","eeg_tleft_sampent_full_change_precond;eeg_c_theta_mean_full_change_precond;eeg_fl_hbeta_mean_full_change_precond;pupil_dilation_sd_full_change_precond;eeg_tleft_halpha_mean_full_change_precond;gsr_skin_conductance_eda_tonic_mean_nk_full_change_precond;hrv_rmssd_full_change_precond;hr_heartrate_bpm_mean_abs_full_change_precond;eeg_fm_theta_mean_full_change_precond;eeg_pright_sampent_full_change_precond;eeg_t_sampent_full_change_precond;eeg_tleft_lalpha_mean_full_change_precond;eeg_c_sampent_full_change_precond;eeg_fr_sampent_full_change_precond;eeg_c_specent_full_change_precond;eeg_tleft_hbeta_mean_full_change_precond;eeg_tright_halpha_mean_full_change_precond;eeg_fm_lbeta_mean_full_change_precond;eeg_tleft_theta_mean_full_change_precond;eeg_fm_sampent_full_change_precond"
2025-11-26 19:33:20.65396,42,"stress_label",20,64,0.03,0.544871794871795,0.512820512820513,NA,20,"top20","eeg_tleft_sampent_full_change_precond;eeg_c_theta_mean_full_change_precond;eeg_fl_hbeta_mean_full_change_precond;pupil_dilation_sd_full_change_precond;eeg_tleft_halpha_mean_full_change_precond;gsr_skin_conductance_eda_tonic_mean_nk_full_change_precond;hrv_rmssd_full_change_precond;hr_heartrate_bpm_mean_abs_full_change_precond;eeg_fm_theta_mean_full_change_precond;eeg_pright_sampent_full_change_precond;eeg_t_sampent_full_change_precond;eeg_tleft_lalpha_mean_full_change_precond;eeg_c_sampent_full_change_precond;eeg_fr_sampent_full_change_precond;eeg_c_specent_full_change_precond;eeg_tleft_hbeta_mean_full_change_precond;eeg_tright_halpha_mean_full_change_precond;eeg_fm_lbeta_mean_full_change_precond;eeg_tleft_theta_mean_full_change_precond;eeg_fm_sampent_full_change_precond"
2025-11-26 19:33:21.857845,42,"stress_label",20,128,0.03,0.538461538461538,0.512820512820513,NA,20,"top20","eeg_tleft_sampent_full_change_precond;eeg_c_theta_mean_full_change_precond;eeg_fl_hbeta_mean_full_change_precond;pupil_dilation_sd_full_change_precond;eeg_tleft_halpha_mean_full_change_precond;gsr_skin_conductance_eda_tonic_mean_nk_full_change_precond;hrv_rmssd_full_change_precond;hr_heartrate_bpm_mean_abs_full_change_precond;eeg_fm_theta_mean_full_change_precond;eeg_pright_sampent_full_change_precond;eeg_t_sampent_full_change_precond;eeg_tleft_lalpha_mean_full_change_precond;eeg_c_sampent_full_change_precond;eeg_fr_sampent_full_change_precond;eeg_c_specent_full_change_precond;eeg_tleft_hbeta_mean_full_change_precond;eeg_tright_halpha_mean_full_change_precond;eeg_fm_lbeta_mean_full_change_precond;eeg_tleft_theta_mean_full_change_precond;eeg_fm_sampent_full_change_precond"
2025-11-26 19:33:23.011318,42,"stress_label",20,256,0.03,0.538461538461538,0.525641025641026,NA,20,"top20","eeg_tleft_sampent_full_change_precond;eeg_c_theta_mean_full_change_precond;eeg_fl_hbeta_mean_full_change_precond;pupil_dilation_sd_full_change_precond;eeg_tleft_halpha_mean_full_change_precond;gsr_skin_conductance_eda_tonic_mean_nk_full_change_precond;hrv_rmssd_full_change_precond;hr_heartrate_bpm_mean_abs_full_change_precond;eeg_fm_theta_mean_full_change_precond;eeg_pright_sampent_full_change_precond;eeg_t_sampent_full_change_precond;eeg_tleft_lalpha_mean_full_change_precond;eeg_c_sampent_full_change_precond;eeg_fr_sampent_full_change_precond;eeg_c_specent_full_change_precond;eeg_tleft_hbeta_mean_full_change_precond;eeg_tright_halpha_mean_full_change_precond;eeg_fm_lbeta_mean_full_change_precond;eeg_tleft_theta_mean_full_change_precond;eeg_fm_sampent_full_change_precond"
2025-11-26 19:33:24.037953,42,"stress_label",20,2,0.06,0.583333333333333,0.596153846153846,0.552136752136752,20,"top20","eeg_tleft_sampent_full_change_precond;eeg_c_theta_mean_full_change_precond;eeg_fl_hbeta_mean_full_change_precond;pupil_dilation_sd_full_change_precond;eeg_tleft_halpha_mean_full_change_precond;gsr_skin_conductance_eda_tonic_mean_nk_full_change_precond;hrv_rmssd_full_change_precond;hr_heartrate_bpm_mean_abs_full_change_precond;eeg_fm_theta_mean_full_change_precond;eeg_pright_sampent_full_change_precond;eeg_t_sampent_full_change_precond;eeg_tleft_lalpha_mean_full_change_precond;eeg_c_sampent_full_change_precond;eeg_fr_sampent_full_change_precond;eeg_c_specent_full_change_precond;eeg_tleft_hbeta_mean_full_change_precond;eeg_tright_halpha_mean_full_change_precond;eeg_fm_lbeta_mean_full_change_precond;eeg_tleft_theta_mean_full_change_precond;eeg_fm_sampent_full_change_precond"
2025-11-26 19:33:25.084967,42,"stress_label",20,4,0.06,0.557692307692308,0.57051282051282,NA,20,"top20","eeg_tleft_sampent_full_change_precond;eeg_c_theta_mean_full_change_precond;eeg_fl_hbeta_mean_full_change_precond;pupil_dilation_sd_full_change_precond;eeg_tleft_halpha_mean_full_change_precond;gsr_skin_conductance_eda_tonic_mean_nk_full_change_precond;hrv_rmssd_full_change_precond;hr_heartrate_bpm_mean_abs_full_change_precond;eeg_fm_theta_mean_full_change_precond;eeg_pright_sampent_full_change_precond;eeg_t_sampent_full_change_precond;eeg_tleft_lalpha_mean_full_change_precond;eeg_c_sampent_full_change_precond;eeg_fr_sampent_full_change_precond;eeg_c_specent_full_change_precond;eeg_tleft_hbeta_mean_full_change_precond;eeg_tright_halpha_mean_full_change_precond;eeg_fm_lbeta_mean_full_change_precond;eeg_tleft_theta_mean_full_change_precond;eeg_fm_sampent_full_change_precond"
2025-11-26 19:33:26.21278,42,"stress_label",20,8,0.06,0.538461538461538,0.58974358974359,NA,20,"top20","eeg_tleft_sampent_full_change_precond;eeg_c_theta_mean_full_change_precond;eeg_fl_hbeta_mean_full_change_precond;pupil_dilation_sd_full_change_precond;eeg_tleft_halpha_mean_full_change_precond;gsr_skin_conductance_eda_tonic_mean_nk_full_change_precond;hrv_rmssd_full_change_precond;hr_heartrate_bpm_mean_abs_full_change_precond;eeg_fm_theta_mean_full_change_precond;eeg_pright_sampent_full_change_precond;eeg_t_sampent_full_change_precond;eeg_tleft_lalpha_mean_full_change_precond;eeg_c_sampent_full_change_precond;eeg_fr_sampent_full_change_precond;eeg_c_specent_full_change_precond;eeg_tleft_hbeta_mean_full_change_precond;eeg_tright_halpha_mean_full_change_precond;eeg_fm_lbeta_mean_full_change_precond;eeg_tleft_theta_mean_full_change_precond;eeg_fm_sampent_full_change_precond"
2025-11-26 19:33:27.318756,42,"stress_label",20,16,0.06,0.519230769230769,0.576923076923077,NA,20,"top20","eeg_tleft_sampent_full_change_precond;eeg_c_theta_mean_full_change_precond;eeg_fl_hbeta_mean_full_change_precond;pupil_dilation_sd_full_change_precond;eeg_tleft_halpha_mean_full_change_precond;gsr_skin_conductance_eda_tonic_mean_nk_full_change_precond;hrv_rmssd_full_change_precond;hr_heartrate_bpm_mean_abs_full_change_precond;eeg_fm_theta_mean_full_change_precond;eeg_pright_sampent_full_change_precond;eeg_t_sampent_full_change_precond;eeg_tleft_lalpha_mean_full_change_precond;eeg_c_sampent_full_change_precond;eeg_fr_sampent_full_change_precond;eeg_c_specent_full_change_precond;eeg_tleft_hbeta_mean_full_change_precond;eeg_tright_halpha_mean_full_change_precond;eeg_fm_lbeta_mean_full_change_precond;eeg_tleft_theta_mean_full_change_precond;eeg_fm_sampent_full_change_precond"
2025-11-26 19:33:28.220783,42,"stress_label",20,32,0.06,0.525641025641026,0.551282051282051,0.535042735042735,20,"top20","eeg_tleft_sampent_full_change_precond;eeg_c_theta_mean_full_change_precond;eeg_fl_hbeta_mean_full_change_precond;pupil_dilation_sd_full_change_precond;eeg_tleft_halpha_mean_full_change_precond;gsr_skin_conductance_eda_tonic_mean_nk_full_change_precond;hrv_rmssd_full_change_precond;hr_heartrate_bpm_mean_abs_full_change_precond;eeg_fm_theta_mean_full_change_precond;eeg_pright_sampent_full_change_precond;eeg_t_sampent_full_change_precond;eeg_tleft_lalpha_mean_full_change_precond;eeg_c_sampent_full_change_precond;eeg_fr_sampent_full_change_precond;eeg_c_specent_full_change_precond;eeg_tleft_hbeta_mean_full_change_precond;eeg_tright_halpha_mean_full_change_precond;eeg_fm_lbeta_mean_full_change_precond;eeg_tleft_theta_mean_full_change_precond;eeg_fm_sampent_full_change_precond"
2025-11-26 19:33:29.328726,42,"stress_label",20,64,0.06,0.525641025641026,0.564102564102564,0.535042735042735,20,"top20","eeg_tleft_sampent_full_change_precond;eeg_c_theta_mean_full_change_precond;eeg_fl_hbeta_mean_full_change_precond;pupil_dilation_sd_full_change_precond;eeg_tleft_halpha_mean_full_change_precond;gsr_skin_conductance_eda_tonic_mean_nk_full_change_precond;hrv_rmssd_full_change_precond;hr_heartrate_bpm_mean_abs_full_change_precond;eeg_fm_theta_mean_full_change_precond;eeg_pright_sampent_full_change_precond;eeg_t_sampent_full_change_precond;eeg_tleft_lalpha_mean_full_change_precond;eeg_c_sampent_full_change_precond;eeg_fr_sampent_full_change_precond;eeg_c_specent_full_change_precond;eeg_tleft_hbeta_mean_full_change_precond;eeg_tright_halpha_mean_full_change_precond;eeg_fm_lbeta_mean_full_change_precond;eeg_tleft_theta_mean_full_change_precond;eeg_fm_sampent_full_change_precond"
2025-11-26 19:33:30.387113,42,"stress_label",20,128,0.06,0.525641025641026,0.538461538461538,0.535042735042735,20,"top20","eeg_tleft_sampent_full_change_precond;eeg_c_theta_mean_full_change_precond;eeg_fl_hbeta_mean_full_change_precond;pupil_dilation_sd_full_change_precond;eeg_tleft_halpha_mean_full_change_precond;gsr_skin_conductance_eda_tonic_mean_nk_full_change_precond;hrv_rmssd_full_change_precond;hr_heartrate_bpm_mean_abs_full_change_precond;eeg_fm_theta_mean_full_change_precond;eeg_pright_sampent_full_change_precond;eeg_t_sampent_full_change_precond;eeg_tleft_lalpha_mean_full_change_precond;eeg_c_sampent_full_change_precond;eeg_fr_sampent_full_change_precond;eeg_c_specent_full_change_precond;eeg_tleft_hbeta_mean_full_change_precond;eeg_tright_halpha_mean_full_change_precond;eeg_fm_lbeta_mean_full_change_precond;eeg_tleft_theta_mean_full_change_precond;eeg_fm_sampent_full_change_precond"
2025-11-26 19:33:31.50509,42,"stress_label",20,256,0.06,0.525641025641026,0.564102564102564,0.535042735042735,20,"top20","eeg_tleft_sampent_full_change_precond;eeg_c_theta_mean_full_change_precond;eeg_fl_hbeta_mean_full_change_precond;pupil_dilation_sd_full_change_precond;eeg_tleft_halpha_mean_full_change_precond;gsr_skin_conductance_eda_tonic_mean_nk_full_change_precond;hrv_rmssd_full_change_precond;hr_heartrate_bpm_mean_abs_full_change_precond;eeg_fm_theta_mean_full_change_precond;eeg_pright_sampent_full_change_precond;eeg_t_sampent_full_change_precond;eeg_tleft_lalpha_mean_full_change_precond;eeg_c_sampent_full_change_precond;eeg_fr_sampent_full_change_precond;eeg_c_specent_full_change_precond;eeg_tleft_hbeta_mean_full_change_precond;eeg_tright_halpha_mean_full_change_precond;eeg_fm_lbeta_mean_full_change_precond;eeg_tleft_theta_mean_full_change_precond;eeg_fm_sampent_full_change_precond"
2025-11-26 19:33:32.602389,42,"stress_label",20,2,0.1,0.525641025641026,0.596153846153846,NA,20,"top20","eeg_tleft_sampent_full_change_precond;eeg_c_theta_mean_full_change_precond;eeg_fl_hbeta_mean_full_change_precond;pupil_dilation_sd_full_change_precond;eeg_tleft_halpha_mean_full_change_precond;gsr_skin_conductance_eda_tonic_mean_nk_full_change_precond;hrv_rmssd_full_change_precond;hr_heartrate_bpm_mean_abs_full_change_precond;eeg_fm_theta_mean_full_change_precond;eeg_pright_sampent_full_change_precond;eeg_t_sampent_full_change_precond;eeg_tleft_lalpha_mean_full_change_precond;eeg_c_sampent_full_change_precond;eeg_fr_sampent_full_change_precond;eeg_c_specent_full_change_precond;eeg_tleft_hbeta_mean_full_change_precond;eeg_tright_halpha_mean_full_change_precond;eeg_fm_lbeta_mean_full_change_precond;eeg_tleft_theta_mean_full_change_precond;eeg_fm_sampent_full_change_precond"
2025-11-26 19:33:33.721238,42,"stress_label",20,4,0.1,0.532051282051282,0.596153846153846,NA,20,"top20","eeg_tleft_sampent_full_change_precond;eeg_c_theta_mean_full_change_precond;eeg_fl_hbeta_mean_full_change_precond;pupil_dilation_sd_full_change_precond;eeg_tleft_halpha_mean_full_change_precond;gsr_skin_conductance_eda_tonic_mean_nk_full_change_precond;hrv_rmssd_full_change_precond;hr_heartrate_bpm_mean_abs_full_change_precond;eeg_fm_theta_mean_full_change_precond;eeg_pright_sampent_full_change_precond;eeg_t_sampent_full_change_precond;eeg_tleft_lalpha_mean_full_change_precond;eeg_c_sampent_full_change_precond;eeg_fr_sampent_full_change_precond;eeg_c_specent_full_change_precond;eeg_tleft_hbeta_mean_full_change_precond;eeg_tright_halpha_mean_full_change_precond;eeg_fm_lbeta_mean_full_change_precond;eeg_tleft_theta_mean_full_change_precond;eeg_fm_sampent_full_change_precond"
2025-11-26 19:33:34.76406,42,"stress_label",20,8,0.1,0.532051282051282,0.576923076923077,NA,20,"top20","eeg_tleft_sampent_full_change_precond;eeg_c_theta_mean_full_change_precond;eeg_fl_hbeta_mean_full_change_precond;pupil_dilation_sd_full_change_precond;eeg_tleft_halpha_mean_full_change_precond;gsr_skin_conductance_eda_tonic_mean_nk_full_change_precond;hrv_rmssd_full_change_precond;hr_heartrate_bpm_mean_abs_full_change_precond;eeg_fm_theta_mean_full_change_precond;eeg_pright_sampent_full_change_precond;eeg_t_sampent_full_change_precond;eeg_tleft_lalpha_mean_full_change_precond;eeg_c_sampent_full_change_precond;eeg_fr_sampent_full_change_precond;eeg_c_specent_full_change_precond;eeg_tleft_hbeta_mean_full_change_precond;eeg_tright_halpha_mean_full_change_precond;eeg_fm_lbeta_mean_full_change_precond;eeg_tleft_theta_mean_full_change_precond;eeg_fm_sampent_full_change_precond"
2025-11-26 19:33:35.839872,42,"stress_label",20,16,0.1,0.525641025641026,0.576923076923077,NA,20,"top20","eeg_tleft_sampent_full_change_precond;eeg_c_theta_mean_full_change_precond;eeg_fl_hbeta_mean_full_change_precond;pupil_dilation_sd_full_change_precond;eeg_tleft_halpha_mean_full_change_precond;gsr_skin_conductance_eda_tonic_mean_nk_full_change_precond;hrv_rmssd_full_change_precond;hr_heartrate_bpm_mean_abs_full_change_precond;eeg_fm_theta_mean_full_change_precond;eeg_pright_sampent_full_change_precond;eeg_t_sampent_full_change_precond;eeg_tleft_lalpha_mean_full_change_precond;eeg_c_sampent_full_change_precond;eeg_fr_sampent_full_change_precond;eeg_c_specent_full_change_precond;eeg_tleft_hbeta_mean_full_change_precond;eeg_tright_halpha_mean_full_change_precond;eeg_fm_lbeta_mean_full_change_precond;eeg_tleft_theta_mean_full_change_precond;eeg_fm_sampent_full_change_precond"
2025-11-26 19:33:36.943594,42,"stress_label",20,32,0.1,0.525641025641026,0.576923076923077,NA,20,"top20","eeg_tleft_sampent_full_change_precond;eeg_c_theta_mean_full_change_precond;eeg_fl_hbeta_mean_full_change_precond;pupil_dilation_sd_full_change_precond;eeg_tleft_halpha_mean_full_change_precond;gsr_skin_conductance_eda_tonic_mean_nk_full_change_precond;hrv_rmssd_full_change_precond;hr_heartrate_bpm_mean_abs_full_change_precond;eeg_fm_theta_mean_full_change_precond;eeg_pright_sampent_full_change_precond;eeg_t_sampent_full_change_precond;eeg_tleft_lalpha_mean_full_change_precond;eeg_c_sampent_full_change_precond;eeg_fr_sampent_full_change_precond;eeg_c_specent_full_change_precond;eeg_tleft_hbeta_mean_full_change_precond;eeg_tright_halpha_mean_full_change_precond;eeg_fm_lbeta_mean_full_change_precond;eeg_tleft_theta_mean_full_change_precond;eeg_fm_sampent_full_change_precond"
2025-11-26 19:33:37.898273,42,"stress_label",20,64,0.1,0.525641025641026,0.576923076923077,NA,20,"top20","eeg_tleft_sampent_full_change_precond;eeg_c_theta_mean_full_change_precond;eeg_fl_hbeta_mean_full_change_precond;pupil_dilation_sd_full_change_precond;eeg_tleft_halpha_mean_full_change_precond;gsr_skin_conductance_eda_tonic_mean_nk_full_change_precond;hrv_rmssd_full_change_precond;hr_heartrate_bpm_mean_abs_full_change_precond;eeg_fm_theta_mean_full_change_precond;eeg_pright_sampent_full_change_precond;eeg_t_sampent_full_change_precond;eeg_tleft_lalpha_mean_full_change_precond;eeg_c_sampent_full_change_precond;eeg_fr_sampent_full_change_precond;eeg_c_specent_full_change_precond;eeg_tleft_hbeta_mean_full_change_precond;eeg_tright_halpha_mean_full_change_precond;eeg_fm_lbeta_mean_full_change_precond;eeg_tleft_theta_mean_full_change_precond;eeg_fm_sampent_full_change_precond"
2025-11-26 19:33:38.946651,42,"stress_label",20,128,0.1,0.525641025641026,0.576923076923077,NA,20,"top20","eeg_tleft_sampent_full_change_precond;eeg_c_theta_mean_full_change_precond;eeg_fl_hbeta_mean_full_change_precond;pupil_dilation_sd_full_change_precond;eeg_tleft_halpha_mean_full_change_precond;gsr_skin_conductance_eda_tonic_mean_nk_full_change_precond;hrv_rmssd_full_change_precond;hr_heartrate_bpm_mean_abs_full_change_precond;eeg_fm_theta_mean_full_change_precond;eeg_pright_sampent_full_change_precond;eeg_t_sampent_full_change_precond;eeg_tleft_lalpha_mean_full_change_precond;eeg_c_sampent_full_change_precond;eeg_fr_sampent_full_change_precond;eeg_c_specent_full_change_precond;eeg_tleft_hbeta_mean_full_change_precond;eeg_tright_halpha_mean_full_change_precond;eeg_fm_lbeta_mean_full_change_precond;eeg_tleft_theta_mean_full_change_precond;eeg_fm_sampent_full_change_precond"
2025-11-26 19:33:40.078482,42,"stress_label",20,256,0.1,0.525641025641026,0.576923076923077,NA,20,"top20","eeg_tleft_sampent_full_change_precond;eeg_c_theta_mean_full_change_precond;eeg_fl_hbeta_mean_full_change_precond;pupil_dilation_sd_full_change_precond;eeg_tleft_halpha_mean_full_change_precond;gsr_skin_conductance_eda_tonic_mean_nk_full_change_precond;hrv_rmssd_full_change_precond;hr_heartrate_bpm_mean_abs_full_change_precond;eeg_fm_theta_mean_full_change_precond;eeg_pright_sampent_full_change_precond;eeg_t_sampent_full_change_precond;eeg_tleft_lalpha_mean_full_change_precond;eeg_c_sampent_full_change_precond;eeg_fr_sampent_full_change_precond;eeg_c_specent_full_change_precond;eeg_tleft_hbeta_mean_full_change_precond;eeg_tright_halpha_mean_full_change_precond;eeg_fm_lbeta_mean_full_change_precond;eeg_tleft_theta_mean_full_change_precond;eeg_fm_sampent_full_change_precond"
2025-11-26 19:33:41.000438,42,"stress_label",10,2,0.0078125,0.596153846153846,0.66025641025641,0.595726495726496,10,"top10","eeg_tleft_sampent_full_change_precond;eeg_c_theta_mean_full_change_precond;eeg_fl_hbeta_mean_full_change_precond;pupil_dilation_sd_full_change_precond;eeg_tleft_halpha_mean_full_change_precond;gsr_skin_conductance_eda_tonic_mean_nk_full_change_precond;hrv_rmssd_full_change_precond;hr_heartrate_bpm_mean_abs_full_change_precond;eeg_fm_theta_mean_full_change_precond;eeg_pright_sampent_full_change_precond"
2025-11-26 19:33:41.860215,42,"stress_label",10,4,0.0078125,0.58974358974359,0.673076923076923,0.58974358974359,10,"top10","eeg_tleft_sampent_full_change_precond;eeg_c_theta_mean_full_change_precond;eeg_fl_hbeta_mean_full_change_precond;pupil_dilation_sd_full_change_precond;eeg_tleft_halpha_mean_full_change_precond;gsr_skin_conductance_eda_tonic_mean_nk_full_change_precond;hrv_rmssd_full_change_precond;hr_heartrate_bpm_mean_abs_full_change_precond;eeg_fm_theta_mean_full_change_precond;eeg_pright_sampent_full_change_precond"
2025-11-26 19:33:42.639023,42,"stress_label",10,8,0.0078125,0.615384615384615,0.673076923076923,0.628205128205128,10,"top10","eeg_tleft_sampent_full_change_precond;eeg_c_theta_mean_full_change_precond;eeg_fl_hbeta_mean_full_change_precond;pupil_dilation_sd_full_change_precond;eeg_tleft_halpha_mean_full_change_precond;gsr_skin_conductance_eda_tonic_mean_nk_full_change_precond;hrv_rmssd_full_change_precond;hr_heartrate_bpm_mean_abs_full_change_precond;eeg_fm_theta_mean_full_change_precond;eeg_pright_sampent_full_change_precond"
2025-11-26 19:33:43.506497,42,"stress_label",10,16,0.0078125,0.641025641025641,0.66025641025641,0.641880341880342,10,"top10","eeg_tleft_sampent_full_change_precond;eeg_c_theta_mean_full_change_precond;eeg_fl_hbeta_mean_full_change_precond;pupil_dilation_sd_full_change_precond;eeg_tleft_halpha_mean_full_change_precond;gsr_skin_conductance_eda_tonic_mean_nk_full_change_precond;hrv_rmssd_full_change_precond;hr_heartrate_bpm_mean_abs_full_change_precond;eeg_fm_theta_mean_full_change_precond;eeg_pright_sampent_full_change_precond"
2025-11-26 19:33:44.584648,42,"stress_label",10,32,0.0078125,0.634615384615385,0.647435897435897,NA,10,"top10","eeg_tleft_sampent_full_change_precond;eeg_c_theta_mean_full_change_precond;eeg_fl_hbeta_mean_full_change_precond;pupil_dilation_sd_full_change_precond;eeg_tleft_halpha_mean_full_change_precond;gsr_skin_conductance_eda_tonic_mean_nk_full_change_precond;hrv_rmssd_full_change_precond;hr_heartrate_bpm_mean_abs_full_change_precond;eeg_fm_theta_mean_full_change_precond;eeg_pright_sampent_full_change_precond"
2025-11-26 19:33:45.496763,42,"stress_label",10,64,0.0078125,0.653846153846154,0.673076923076923,NA,10,"top10","eeg_tleft_sampent_full_change_precond;eeg_c_theta_mean_full_change_precond;eeg_fl_hbeta_mean_full_change_precond;pupil_dilation_sd_full_change_precond;eeg_tleft_halpha_mean_full_change_precond;gsr_skin_conductance_eda_tonic_mean_nk_full_change_precond;hrv_rmssd_full_change_precond;hr_heartrate_bpm_mean_abs_full_change_precond;eeg_fm_theta_mean_full_change_precond;eeg_pright_sampent_full_change_precond"
2025-11-26 19:33:46.465212,42,"stress_label",10,128,0.0078125,0.647435897435897,0.666666666666667,NA,10,"top10","eeg_tleft_sampent_full_change_precond;eeg_c_theta_mean_full_change_precond;eeg_fl_hbeta_mean_full_change_precond;pupil_dilation_sd_full_change_precond;eeg_tleft_halpha_mean_full_change_precond;gsr_skin_conductance_eda_tonic_mean_nk_full_change_precond;hrv_rmssd_full_change_precond;hr_heartrate_bpm_mean_abs_full_change_precond;eeg_fm_theta_mean_full_change_precond;eeg_pright_sampent_full_change_precond"
2025-11-26 19:33:47.428114,42,"stress_label",10,256,0.0078125,0.596153846153846,0.596153846153846,NA,10,"top10","eeg_tleft_sampent_full_change_precond;eeg_c_theta_mean_full_change_precond;eeg_fl_hbeta_mean_full_change_precond;pupil_dilation_sd_full_change_precond;eeg_tleft_halpha_mean_full_change_precond;gsr_skin_conductance_eda_tonic_mean_nk_full_change_precond;hrv_rmssd_full_change_precond;hr_heartrate_bpm_mean_abs_full_change_precond;eeg_fm_theta_mean_full_change_precond;eeg_pright_sampent_full_change_precond"
2025-11-26 19:33:48.226992,42,"stress_label",10,2,0.015625,0.608974358974359,0.673076923076923,0.594871794871795,10,"top10","eeg_tleft_sampent_full_change_precond;eeg_c_theta_mean_full_change_precond;eeg_fl_hbeta_mean_full_change_precond;pupil_dilation_sd_full_change_precond;eeg_tleft_halpha_mean_full_change_precond;gsr_skin_conductance_eda_tonic_mean_nk_full_change_precond;hrv_rmssd_full_change_precond;hr_heartrate_bpm_mean_abs_full_change_precond;eeg_fm_theta_mean_full_change_precond;eeg_pright_sampent_full_change_precond"
2025-11-26 19:33:49.090622,42,"stress_label",10,4,0.015625,0.596153846153846,0.66025641025641,0.583760683760684,10,"top10","eeg_tleft_sampent_full_change_precond;eeg_c_theta_mean_full_change_precond;eeg_fl_hbeta_mean_full_change_precond;pupil_dilation_sd_full_change_precond;eeg_tleft_halpha_mean_full_change_precond;gsr_skin_conductance_eda_tonic_mean_nk_full_change_precond;hrv_rmssd_full_change_precond;hr_heartrate_bpm_mean_abs_full_change_precond;eeg_fm_theta_mean_full_change_precond;eeg_pright_sampent_full_change_precond"
2025-11-26 19:33:49.854889,42,"stress_label",10,8,0.015625,0.621794871794872,0.66025641025641,0.608547008547008,10,"top10","eeg_tleft_sampent_full_change_precond;eeg_c_theta_mean_full_change_precond;eeg_fl_hbeta_mean_full_change_precond;pupil_dilation_sd_full_change_precond;eeg_tleft_halpha_mean_full_change_precond;gsr_skin_conductance_eda_tonic_mean_nk_full_change_precond;hrv_rmssd_full_change_precond;hr_heartrate_bpm_mean_abs_full_change_precond;eeg_fm_theta_mean_full_change_precond;eeg_pright_sampent_full_change_precond"
2025-11-26 19:33:50.669791,42,"stress_label",10,16,0.015625,0.653846153846154,0.666666666666667,NA,10,"top10","eeg_tleft_sampent_full_change_precond;eeg_c_theta_mean_full_change_precond;eeg_fl_hbeta_mean_full_change_precond;pupil_dilation_sd_full_change_precond;eeg_tleft_halpha_mean_full_change_precond;gsr_skin_conductance_eda_tonic_mean_nk_full_change_precond;hrv_rmssd_full_change_precond;hr_heartrate_bpm_mean_abs_full_change_precond;eeg_fm_theta_mean_full_change_precond;eeg_pright_sampent_full_change_precond"
2025-11-26 19:33:51.429377,42,"stress_label",10,32,0.015625,0.66025641025641,0.666666666666667,NA,10,"top10","eeg_tleft_sampent_full_change_precond;eeg_c_theta_mean_full_change_precond;eeg_fl_hbeta_mean_full_change_precond;pupil_dilation_sd_full_change_precond;eeg_tleft_halpha_mean_full_change_precond;gsr_skin_conductance_eda_tonic_mean_nk_full_change_precond;hrv_rmssd_full_change_precond;hr_heartrate_bpm_mean_abs_full_change_precond;eeg_fm_theta_mean_full_change_precond;eeg_pright_sampent_full_change_precond"
2025-11-26 19:33:52.397616,42,"stress_label",10,64,0.015625,0.615384615384615,0.628205128205128,NA,10,"top10","eeg_tleft_sampent_full_change_precond;eeg_c_theta_mean_full_change_precond;eeg_fl_hbeta_mean_full_change_precond;pupil_dilation_sd_full_change_precond;eeg_tleft_halpha_mean_full_change_precond;gsr_skin_conductance_eda_tonic_mean_nk_full_change_precond;hrv_rmssd_full_change_precond;hr_heartrate_bpm_mean_abs_full_change_precond;eeg_fm_theta_mean_full_change_precond;eeg_pright_sampent_full_change_precond"
2025-11-26 19:33:53.480356,42,"stress_label",10,128,0.015625,0.57051282051282,0.583333333333333,NA,10,"top10","eeg_tleft_sampent_full_change_precond;eeg_c_theta_mean_full_change_precond;eeg_fl_hbeta_mean_full_change_precond;pupil_dilation_sd_full_change_precond;eeg_tleft_halpha_mean_full_change_precond;gsr_skin_conductance_eda_tonic_mean_nk_full_change_precond;hrv_rmssd_full_change_precond;hr_heartrate_bpm_mean_abs_full_change_precond;eeg_fm_theta_mean_full_change_precond;eeg_pright_sampent_full_change_precond"
2025-11-26 19:33:54.772508,42,"stress_label",10,256,0.015625,0.583333333333333,0.564102564102564,NA,10,"top10","eeg_tleft_sampent_full_change_precond;eeg_c_theta_mean_full_change_precond;eeg_fl_hbeta_mean_full_change_precond;pupil_dilation_sd_full_change_precond;eeg_tleft_halpha_mean_full_change_precond;gsr_skin_conductance_eda_tonic_mean_nk_full_change_precond;hrv_rmssd_full_change_precond;hr_heartrate_bpm_mean_abs_full_change_precond;eeg_fm_theta_mean_full_change_precond;eeg_pright_sampent_full_change_precond"
2025-11-26 19:33:55.598919,42,"stress_label",10,2,0.03125,0.58974358974359,0.66025641025641,0.557264957264957,10,"top10","eeg_tleft_sampent_full_change_precond;eeg_c_theta_mean_full_change_precond;eeg_fl_hbeta_mean_full_change_precond;pupil_dilation_sd_full_change_precond;eeg_tleft_halpha_mean_full_change_precond;gsr_skin_conductance_eda_tonic_mean_nk_full_change_precond;hrv_rmssd_full_change_precond;hr_heartrate_bpm_mean_abs_full_change_precond;eeg_fm_theta_mean_full_change_precond;eeg_pright_sampent_full_change_precond"
2025-11-26 19:33:56.472279,42,"stress_label",10,4,0.03125,0.621794871794872,0.653846153846154,NA,10,"top10","eeg_tleft_sampent_full_change_precond;eeg_c_theta_mean_full_change_precond;eeg_fl_hbeta_mean_full_change_precond;pupil_dilation_sd_full_change_precond;eeg_tleft_halpha_mean_full_change_precond;gsr_skin_conductance_eda_tonic_mean_nk_full_change_precond;hrv_rmssd_full_change_precond;hr_heartrate_bpm_mean_abs_full_change_precond;eeg_fm_theta_mean_full_change_precond;eeg_pright_sampent_full_change_precond"
2025-11-26 19:33:57.352106,42,"stress_label",10,8,0.03125,0.653846153846154,0.666666666666667,NA,10,"top10","eeg_tleft_sampent_full_change_precond;eeg_c_theta_mean_full_change_precond;eeg_fl_hbeta_mean_full_change_precond;pupil_dilation_sd_full_change_precond;eeg_tleft_halpha_mean_full_change_precond;gsr_skin_conductance_eda_tonic_mean_nk_full_change_precond;hrv_rmssd_full_change_precond;hr_heartrate_bpm_mean_abs_full_change_precond;eeg_fm_theta_mean_full_change_precond;eeg_pright_sampent_full_change_precond"
2025-11-26 19:33:58.253274,42,"stress_label",10,16,0.03125,0.641025641025641,0.628205128205128,NA,10,"top10","eeg_tleft_sampent_full_change_precond;eeg_c_theta_mean_full_change_precond;eeg_fl_hbeta_mean_full_change_precond;pupil_dilation_sd_full_change_precond;eeg_tleft_halpha_mean_full_change_precond;gsr_skin_conductance_eda_tonic_mean_nk_full_change_precond;hrv_rmssd_full_change_precond;hr_heartrate_bpm_mean_abs_full_change_precond;eeg_fm_theta_mean_full_change_precond;eeg_pright_sampent_full_change_precond"
2025-11-26 19:33:59.063779,42,"stress_label",10,32,0.03125,0.57051282051282,0.583333333333333,NA,10,"top10","eeg_tleft_sampent_full_change_precond;eeg_c_theta_mean_full_change_precond;eeg_fl_hbeta_mean_full_change_precond;pupil_dilation_sd_full_change_precond;eeg_tleft_halpha_mean_full_change_precond;gsr_skin_conductance_eda_tonic_mean_nk_full_change_precond;hrv_rmssd_full_change_precond;hr_heartrate_bpm_mean_abs_full_change_precond;eeg_fm_theta_mean_full_change_precond;eeg_pright_sampent_full_change_precond"
2025-11-26 19:34:00.051878,42,"stress_label",10,64,0.03125,0.544871794871795,0.564102564102564,NA,10,"top10","eeg_tleft_sampent_full_change_precond;eeg_c_theta_mean_full_change_precond;eeg_fl_hbeta_mean_full_change_precond;pupil_dilation_sd_full_change_precond;eeg_tleft_halpha_mean_full_change_precond;gsr_skin_conductance_eda_tonic_mean_nk_full_change_precond;hrv_rmssd_full_change_precond;hr_heartrate_bpm_mean_abs_full_change_precond;eeg_fm_theta_mean_full_change_precond;eeg_pright_sampent_full_change_precond"
2025-11-26 19:34:01.21326,42,"stress_label",10,128,0.03125,0.525641025641026,0.506410256410256,0.488034188034188,10,"top10","eeg_tleft_sampent_full_change_precond;eeg_c_theta_mean_full_change_precond;eeg_fl_hbeta_mean_full_change_precond;pupil_dilation_sd_full_change_precond;eeg_tleft_halpha_mean_full_change_precond;gsr_skin_conductance_eda_tonic_mean_nk_full_change_precond;hrv_rmssd_full_change_precond;hr_heartrate_bpm_mean_abs_full_change_precond;eeg_fm_theta_mean_full_change_precond;eeg_pright_sampent_full_change_precond"
2025-11-26 19:34:02.704851,42,"stress_label",10,256,0.03125,0.519230769230769,0.544871794871795,NA,10,"top10","eeg_tleft_sampent_full_change_precond;eeg_c_theta_mean_full_change_precond;eeg_fl_hbeta_mean_full_change_precond;pupil_dilation_sd_full_change_precond;eeg_tleft_halpha_mean_full_change_precond;gsr_skin_conductance_eda_tonic_mean_nk_full_change_precond;hrv_rmssd_full_change_precond;hr_heartrate_bpm_mean_abs_full_change_precond;eeg_fm_theta_mean_full_change_precond;eeg_pright_sampent_full_change_precond"
2025-11-26 19:34:03.458022,42,"stress_label",10,2,0.0625,0.583333333333333,0.653846153846154,NA,10,"top10","eeg_tleft_sampent_full_change_precond;eeg_c_theta_mean_full_change_precond;eeg_fl_hbeta_mean_full_change_precond;pupil_dilation_sd_full_change_precond;eeg_tleft_halpha_mean_full_change_precond;gsr_skin_conductance_eda_tonic_mean_nk_full_change_precond;hrv_rmssd_full_change_precond;hr_heartrate_bpm_mean_abs_full_change_precond;eeg_fm_theta_mean_full_change_precond;eeg_pright_sampent_full_change_precond"
2025-11-26 19:34:04.167298,42,"stress_label",10,4,0.0625,0.634615384615385,0.641025641025641,NA,10,"top10","eeg_tleft_sampent_full_change_precond;eeg_c_theta_mean_full_change_precond;eeg_fl_hbeta_mean_full_change_precond;pupil_dilation_sd_full_change_precond;eeg_tleft_halpha_mean_full_change_precond;gsr_skin_conductance_eda_tonic_mean_nk_full_change_precond;hrv_rmssd_full_change_precond;hr_heartrate_bpm_mean_abs_full_change_precond;eeg_fm_theta_mean_full_change_precond;eeg_pright_sampent_full_change_precond"
2025-11-26 19:34:04.987028,42,"stress_label",10,8,0.0625,0.576923076923077,0.602564102564103,NA,10,"top10","eeg_tleft_sampent_full_change_precond;eeg_c_theta_mean_full_change_precond;eeg_fl_hbeta_mean_full_change_precond;pupil_dilation_sd_full_change_precond;eeg_tleft_halpha_mean_full_change_precond;gsr_skin_conductance_eda_tonic_mean_nk_full_change_precond;hrv_rmssd_full_change_precond;hr_heartrate_bpm_mean_abs_full_change_precond;eeg_fm_theta_mean_full_change_precond;eeg_pright_sampent_full_change_precond"
2025-11-26 19:34:05.931136,42,"stress_label",10,16,0.0625,0.538461538461538,0.557692307692308,0.523076923076923,10,"top10","eeg_tleft_sampent_full_change_precond;eeg_c_theta_mean_full_change_precond;eeg_fl_hbeta_mean_full_change_precond;pupil_dilation_sd_full_change_precond;eeg_tleft_halpha_mean_full_change_precond;gsr_skin_conductance_eda_tonic_mean_nk_full_change_precond;hrv_rmssd_full_change_precond;hr_heartrate_bpm_mean_abs_full_change_precond;eeg_fm_theta_mean_full_change_precond;eeg_pright_sampent_full_change_precond"
2025-11-26 19:34:06.984948,42,"stress_label",10,32,0.0625,0.544871794871795,0.519230769230769,NA,10,"top10","eeg_tleft_sampent_full_change_precond;eeg_c_theta_mean_full_change_precond;eeg_fl_hbeta_mean_full_change_precond;pupil_dilation_sd_full_change_precond;eeg_tleft_halpha_mean_full_change_precond;gsr_skin_conductance_eda_tonic_mean_nk_full_change_precond;hrv_rmssd_full_change_precond;hr_heartrate_bpm_mean_abs_full_change_precond;eeg_fm_theta_mean_full_change_precond;eeg_pright_sampent_full_change_precond"
2025-11-26 19:34:08.130869,42,"stress_label",10,64,0.0625,0.564102564102564,0.544871794871795,NA,10,"top10","eeg_tleft_sampent_full_change_precond;eeg_c_theta_mean_full_change_precond;eeg_fl_hbeta_mean_full_change_precond;pupil_dilation_sd_full_change_precond;eeg_tleft_halpha_mean_full_change_precond;gsr_skin_conductance_eda_tonic_mean_nk_full_change_precond;hrv_rmssd_full_change_precond;hr_heartrate_bpm_mean_abs_full_change_precond;eeg_fm_theta_mean_full_change_precond;eeg_pright_sampent_full_change_precond"
2025-11-26 19:34:09.196561,42,"stress_label",10,128,0.0625,0.538461538461538,0.551282051282051,NA,10,"top10","eeg_tleft_sampent_full_change_precond;eeg_c_theta_mean_full_change_precond;eeg_fl_hbeta_mean_full_change_precond;pupil_dilation_sd_full_change_precond;eeg_tleft_halpha_mean_full_change_precond;gsr_skin_conductance_eda_tonic_mean_nk_full_change_precond;hrv_rmssd_full_change_precond;hr_heartrate_bpm_mean_abs_full_change_precond;eeg_fm_theta_mean_full_change_precond;eeg_pright_sampent_full_change_precond"
2025-11-26 19:34:10.409955,42,"stress_label",10,256,0.0625,0.538461538461538,0.544871794871795,NA,10,"top10","eeg_tleft_sampent_full_change_precond;eeg_c_theta_mean_full_change_precond;eeg_fl_hbeta_mean_full_change_precond;pupil_dilation_sd_full_change_precond;eeg_tleft_halpha_mean_full_change_precond;gsr_skin_conductance_eda_tonic_mean_nk_full_change_precond;hrv_rmssd_full_change_precond;hr_heartrate_bpm_mean_abs_full_change_precond;eeg_fm_theta_mean_full_change_precond;eeg_pright_sampent_full_change_precond"
2025-11-26 19:34:11.301473,42,"stress_label",10,2,0.125,0.58974358974359,0.634615384615385,NA,10,"top10","eeg_tleft_sampent_full_change_precond;eeg_c_theta_mean_full_change_precond;eeg_fl_hbeta_mean_full_change_precond;pupil_dilation_sd_full_change_precond;eeg_tleft_halpha_mean_full_change_precond;gsr_skin_conductance_eda_tonic_mean_nk_full_change_precond;hrv_rmssd_full_change_precond;hr_heartrate_bpm_mean_abs_full_change_precond;eeg_fm_theta_mean_full_change_precond;eeg_pright_sampent_full_change_precond"
2025-11-26 19:34:12.191697,42,"stress_label",10,4,0.125,0.525641025641026,0.576923076923077,0.513675213675214,10,"top10","eeg_tleft_sampent_full_change_precond;eeg_c_theta_mean_full_change_precond;eeg_fl_hbeta_mean_full_change_precond;pupil_dilation_sd_full_change_precond;eeg_tleft_halpha_mean_full_change_precond;gsr_skin_conductance_eda_tonic_mean_nk_full_change_precond;hrv_rmssd_full_change_precond;hr_heartrate_bpm_mean_abs_full_change_precond;eeg_fm_theta_mean_full_change_precond;eeg_pright_sampent_full_change_precond"
2025-11-26 19:34:13.119735,42,"stress_label",10,8,0.125,0.532051282051282,0.576923076923077,0.496581196581197,10,"top10","eeg_tleft_sampent_full_change_precond;eeg_c_theta_mean_full_change_precond;eeg_fl_hbeta_mean_full_change_precond;pupil_dilation_sd_full_change_precond;eeg_tleft_halpha_mean_full_change_precond;gsr_skin_conductance_eda_tonic_mean_nk_full_change_precond;hrv_rmssd_full_change_precond;hr_heartrate_bpm_mean_abs_full_change_precond;eeg_fm_theta_mean_full_change_precond;eeg_pright_sampent_full_change_precond"
2025-11-26 19:34:14.073769,42,"stress_label",10,16,0.125,0.551282051282051,0.57051282051282,NA,10,"top10","eeg_tleft_sampent_full_change_precond;eeg_c_theta_mean_full_change_precond;eeg_fl_hbeta_mean_full_change_precond;pupil_dilation_sd_full_change_precond;eeg_tleft_halpha_mean_full_change_precond;gsr_skin_conductance_eda_tonic_mean_nk_full_change_precond;hrv_rmssd_full_change_precond;hr_heartrate_bpm_mean_abs_full_change_precond;eeg_fm_theta_mean_full_change_precond;eeg_pright_sampent_full_change_precond"
2025-11-26 19:34:14.970148,42,"stress_label",10,32,0.125,0.532051282051282,0.557692307692308,NA,10,"top10","eeg_tleft_sampent_full_change_precond;eeg_c_theta_mean_full_change_precond;eeg_fl_hbeta_mean_full_change_precond;pupil_dilation_sd_full_change_precond;eeg_tleft_halpha_mean_full_change_precond;gsr_skin_conductance_eda_tonic_mean_nk_full_change_precond;hrv_rmssd_full_change_precond;hr_heartrate_bpm_mean_abs_full_change_precond;eeg_fm_theta_mean_full_change_precond;eeg_pright_sampent_full_change_precond"
2025-11-26 19:34:15.991527,42,"stress_label",10,64,0.125,0.532051282051282,0.519230769230769,NA,10,"top10","eeg_tleft_sampent_full_change_precond;eeg_c_theta_mean_full_change_precond;eeg_fl_hbeta_mean_full_change_precond;pupil_dilation_sd_full_change_precond;eeg_tleft_halpha_mean_full_change_precond;gsr_skin_conductance_eda_tonic_mean_nk_full_change_precond;hrv_rmssd_full_change_precond;hr_heartrate_bpm_mean_abs_full_change_precond;eeg_fm_theta_mean_full_change_precond;eeg_pright_sampent_full_change_precond"
2025-11-26 19:34:16.966335,42,"stress_label",10,128,0.125,0.532051282051282,0.557692307692308,NA,10,"top10","eeg_tleft_sampent_full_change_precond;eeg_c_theta_mean_full_change_precond;eeg_fl_hbeta_mean_full_change_precond;pupil_dilation_sd_full_change_precond;eeg_tleft_halpha_mean_full_change_precond;gsr_skin_conductance_eda_tonic_mean_nk_full_change_precond;hrv_rmssd_full_change_precond;hr_heartrate_bpm_mean_abs_full_change_precond;eeg_fm_theta_mean_full_change_precond;eeg_pright_sampent_full_change_precond"
2025-11-26 19:34:17.882269,42,"stress_label",10,256,0.125,0.532051282051282,0.532051282051282,NA,10,"top10","eeg_tleft_sampent_full_change_precond;eeg_c_theta_mean_full_change_precond;eeg_fl_hbeta_mean_full_change_precond;pupil_dilation_sd_full_change_precond;eeg_tleft_halpha_mean_full_change_precond;gsr_skin_conductance_eda_tonic_mean_nk_full_change_precond;hrv_rmssd_full_change_precond;hr_heartrate_bpm_mean_abs_full_change_precond;eeg_fm_theta_mean_full_change_precond;eeg_pright_sampent_full_change_precond"
2025-11-26 19:34:18.735473,42,"stress_label",10,2,0.03,0.58974358974359,0.66025641025641,0.557264957264957,10,"top10","eeg_tleft_sampent_full_change_precond;eeg_c_theta_mean_full_change_precond;eeg_fl_hbeta_mean_full_change_precond;pupil_dilation_sd_full_change_precond;eeg_tleft_halpha_mean_full_change_precond;gsr_skin_conductance_eda_tonic_mean_nk_full_change_precond;hrv_rmssd_full_change_precond;hr_heartrate_bpm_mean_abs_full_change_precond;eeg_fm_theta_mean_full_change_precond;eeg_pright_sampent_full_change_precond"
2025-11-26 19:34:19.608693,42,"stress_label",10,4,0.03,0.628205128205128,0.653846153846154,NA,10,"top10","eeg_tleft_sampent_full_change_precond;eeg_c_theta_mean_full_change_precond;eeg_fl_hbeta_mean_full_change_precond;pupil_dilation_sd_full_change_precond;eeg_tleft_halpha_mean_full_change_precond;gsr_skin_conductance_eda_tonic_mean_nk_full_change_precond;hrv_rmssd_full_change_precond;hr_heartrate_bpm_mean_abs_full_change_precond;eeg_fm_theta_mean_full_change_precond;eeg_pright_sampent_full_change_precond"
2025-11-26 19:34:20.435001,42,"stress_label",10,8,0.03,0.647435897435897,0.666666666666667,NA,10,"top10","eeg_tleft_sampent_full_change_precond;eeg_c_theta_mean_full_change_precond;eeg_fl_hbeta_mean_full_change_precond;pupil_dilation_sd_full_change_precond;eeg_tleft_halpha_mean_full_change_precond;gsr_skin_conductance_eda_tonic_mean_nk_full_change_precond;hrv_rmssd_full_change_precond;hr_heartrate_bpm_mean_abs_full_change_precond;eeg_fm_theta_mean_full_change_precond;eeg_pright_sampent_full_change_precond"
2025-11-26 19:34:21.319921,42,"stress_label",10,16,0.03,0.653846153846154,0.641025641025641,NA,10,"top10","eeg_tleft_sampent_full_change_precond;eeg_c_theta_mean_full_change_precond;eeg_fl_hbeta_mean_full_change_precond;pupil_dilation_sd_full_change_precond;eeg_tleft_halpha_mean_full_change_precond;gsr_skin_conductance_eda_tonic_mean_nk_full_change_precond;hrv_rmssd_full_change_precond;hr_heartrate_bpm_mean_abs_full_change_precond;eeg_fm_theta_mean_full_change_precond;eeg_pright_sampent_full_change_precond"
2025-11-26 19:34:22.240945,42,"stress_label",10,32,0.03,0.576923076923077,0.58974358974359,NA,10,"top10","eeg_tleft_sampent_full_change_precond;eeg_c_theta_mean_full_change_precond;eeg_fl_hbeta_mean_full_change_precond;pupil_dilation_sd_full_change_precond;eeg_tleft_halpha_mean_full_change_precond;gsr_skin_conductance_eda_tonic_mean_nk_full_change_precond;hrv_rmssd_full_change_precond;hr_heartrate_bpm_mean_abs_full_change_precond;eeg_fm_theta_mean_full_change_precond;eeg_pright_sampent_full_change_precond"
2025-11-26 19:34:23.273401,42,"stress_label",10,64,0.03,0.544871794871795,0.57051282051282,NA,10,"top10","eeg_tleft_sampent_full_change_precond;eeg_c_theta_mean_full_change_precond;eeg_fl_hbeta_mean_full_change_precond;pupil_dilation_sd_full_change_precond;eeg_tleft_halpha_mean_full_change_precond;gsr_skin_conductance_eda_tonic_mean_nk_full_change_precond;hrv_rmssd_full_change_precond;hr_heartrate_bpm_mean_abs_full_change_precond;eeg_fm_theta_mean_full_change_precond;eeg_pright_sampent_full_change_precond"
2025-11-26 19:34:24.422531,42,"stress_label",10,128,0.03,0.525641025641026,0.538461538461538,0.488034188034188,10,"top10","eeg_tleft_sampent_full_change_precond;eeg_c_theta_mean_full_change_precond;eeg_fl_hbeta_mean_full_change_precond;pupil_dilation_sd_full_change_precond;eeg_tleft_halpha_mean_full_change_precond;gsr_skin_conductance_eda_tonic_mean_nk_full_change_precond;hrv_rmssd_full_change_precond;hr_heartrate_bpm_mean_abs_full_change_precond;eeg_fm_theta_mean_full_change_precond;eeg_pright_sampent_full_change_precond"
2025-11-26 19:34:25.735876,42,"stress_label",10,256,0.03,0.525641025641026,0.538461538461538,NA,10,"top10","eeg_tleft_sampent_full_change_precond;eeg_c_theta_mean_full_change_precond;eeg_fl_hbeta_mean_full_change_precond;pupil_dilation_sd_full_change_precond;eeg_tleft_halpha_mean_full_change_precond;gsr_skin_conductance_eda_tonic_mean_nk_full_change_precond;hrv_rmssd_full_change_precond;hr_heartrate_bpm_mean_abs_full_change_precond;eeg_fm_theta_mean_full_change_precond;eeg_pright_sampent_full_change_precond"
2025-11-26 19:34:26.436855,42,"stress_label",10,2,0.06,0.583333333333333,0.653846153846154,NA,10,"top10","eeg_tleft_sampent_full_change_precond;eeg_c_theta_mean_full_change_precond;eeg_fl_hbeta_mean_full_change_precond;pupil_dilation_sd_full_change_precond;eeg_tleft_halpha_mean_full_change_precond;gsr_skin_conductance_eda_tonic_mean_nk_full_change_precond;hrv_rmssd_full_change_precond;hr_heartrate_bpm_mean_abs_full_change_precond;eeg_fm_theta_mean_full_change_precond;eeg_pright_sampent_full_change_precond"
2025-11-26 19:34:27.152719,42,"stress_label",10,4,0.06,0.634615384615385,0.641025641025641,NA,10,"top10","eeg_tleft_sampent_full_change_precond;eeg_c_theta_mean_full_change_precond;eeg_fl_hbeta_mean_full_change_precond;pupil_dilation_sd_full_change_precond;eeg_tleft_halpha_mean_full_change_precond;gsr_skin_conductance_eda_tonic_mean_nk_full_change_precond;hrv_rmssd_full_change_precond;hr_heartrate_bpm_mean_abs_full_change_precond;eeg_fm_theta_mean_full_change_precond;eeg_pright_sampent_full_change_precond"
2025-11-26 19:34:28.039612,42,"stress_label",10,8,0.06,0.576923076923077,0.608974358974359,NA,10,"top10","eeg_tleft_sampent_full_change_precond;eeg_c_theta_mean_full_change_precond;eeg_fl_hbeta_mean_full_change_precond;pupil_dilation_sd_full_change_precond;eeg_tleft_halpha_mean_full_change_precond;gsr_skin_conductance_eda_tonic_mean_nk_full_change_precond;hrv_rmssd_full_change_precond;hr_heartrate_bpm_mean_abs_full_change_precond;eeg_fm_theta_mean_full_change_precond;eeg_pright_sampent_full_change_precond"
2025-11-26 19:34:28.900825,42,"stress_label",10,16,0.06,0.538461538461538,0.557692307692308,0.523076923076923,10,"top10","eeg_tleft_sampent_full_change_precond;eeg_c_theta_mean_full_change_precond;eeg_fl_hbeta_mean_full_change_precond;pupil_dilation_sd_full_change_precond;eeg_tleft_halpha_mean_full_change_precond;gsr_skin_conductance_eda_tonic_mean_nk_full_change_precond;hrv_rmssd_full_change_precond;hr_heartrate_bpm_mean_abs_full_change_precond;eeg_fm_theta_mean_full_change_precond;eeg_pright_sampent_full_change_precond"
2025-11-26 19:34:29.896259,42,"stress_label",10,32,0.06,0.532051282051282,0.551282051282051,0.497435897435897,10,"top10","eeg_tleft_sampent_full_change_precond;eeg_c_theta_mean_full_change_precond;eeg_fl_hbeta_mean_full_change_precond;pupil_dilation_sd_full_change_precond;eeg_tleft_halpha_mean_full_change_precond;gsr_skin_conductance_eda_tonic_mean_nk_full_change_precond;hrv_rmssd_full_change_precond;hr_heartrate_bpm_mean_abs_full_change_precond;eeg_fm_theta_mean_full_change_precond;eeg_pright_sampent_full_change_precond"
2025-11-26 19:34:30.918863,42,"stress_label",10,64,0.06,0.551282051282051,0.544871794871795,NA,10,"top10","eeg_tleft_sampent_full_change_precond;eeg_c_theta_mean_full_change_precond;eeg_fl_hbeta_mean_full_change_precond;pupil_dilation_sd_full_change_precond;eeg_tleft_halpha_mean_full_change_precond;gsr_skin_conductance_eda_tonic_mean_nk_full_change_precond;hrv_rmssd_full_change_precond;hr_heartrate_bpm_mean_abs_full_change_precond;eeg_fm_theta_mean_full_change_precond;eeg_pright_sampent_full_change_precond"
2025-11-26 19:34:31.9827,42,"stress_label",10,128,0.06,0.544871794871795,0.538461538461538,NA,10,"top10","eeg_tleft_sampent_full_change_precond;eeg_c_theta_mean_full_change_precond;eeg_fl_hbeta_mean_full_change_precond;pupil_dilation_sd_full_change_precond;eeg_tleft_halpha_mean_full_change_precond;gsr_skin_conductance_eda_tonic_mean_nk_full_change_precond;hrv_rmssd_full_change_precond;hr_heartrate_bpm_mean_abs_full_change_precond;eeg_fm_theta_mean_full_change_precond;eeg_pright_sampent_full_change_precond"
2025-11-26 19:34:32.992588,42,"stress_label",10,256,0.06,0.544871794871795,0.544871794871795,NA,10,"top10","eeg_tleft_sampent_full_change_precond;eeg_c_theta_mean_full_change_precond;eeg_fl_hbeta_mean_full_change_precond;pupil_dilation_sd_full_change_precond;eeg_tleft_halpha_mean_full_change_precond;gsr_skin_conductance_eda_tonic_mean_nk_full_change_precond;hrv_rmssd_full_change_precond;hr_heartrate_bpm_mean_abs_full_change_precond;eeg_fm_theta_mean_full_change_precond;eeg_pright_sampent_full_change_precond"
2025-11-26 19:34:33.858611,42,"stress_label",10,2,0.1,0.602564102564103,0.641025641025641,NA,10,"top10","eeg_tleft_sampent_full_change_precond;eeg_c_theta_mean_full_change_precond;eeg_fl_hbeta_mean_full_change_precond;pupil_dilation_sd_full_change_precond;eeg_tleft_halpha_mean_full_change_precond;gsr_skin_conductance_eda_tonic_mean_nk_full_change_precond;hrv_rmssd_full_change_precond;hr_heartrate_bpm_mean_abs_full_change_precond;eeg_fm_theta_mean_full_change_precond;eeg_pright_sampent_full_change_precond"
2025-11-26 19:34:34.704944,42,"stress_label",10,4,0.1,0.57051282051282,0.596153846153846,NA,10,"top10","eeg_tleft_sampent_full_change_precond;eeg_c_theta_mean_full_change_precond;eeg_fl_hbeta_mean_full_change_precond;pupil_dilation_sd_full_change_precond;eeg_tleft_halpha_mean_full_change_precond;gsr_skin_conductance_eda_tonic_mean_nk_full_change_precond;hrv_rmssd_full_change_precond;hr_heartrate_bpm_mean_abs_full_change_precond;eeg_fm_theta_mean_full_change_precond;eeg_pright_sampent_full_change_precond"
2025-11-26 19:34:35.475364,42,"stress_label",10,8,0.1,0.519230769230769,0.576923076923077,0.497435897435897,10,"top10","eeg_tleft_sampent_full_change_precond;eeg_c_theta_mean_full_change_precond;eeg_fl_hbeta_mean_full_change_precond;pupil_dilation_sd_full_change_precond;eeg_tleft_halpha_mean_full_change_precond;gsr_skin_conductance_eda_tonic_mean_nk_full_change_precond;hrv_rmssd_full_change_precond;hr_heartrate_bpm_mean_abs_full_change_precond;eeg_fm_theta_mean_full_change_precond;eeg_pright_sampent_full_change_precond"
2025-11-26 19:34:36.487973,42,"stress_label",10,16,0.1,0.538461538461538,0.557692307692308,NA,10,"top10","eeg_tleft_sampent_full_change_precond;eeg_c_theta_mean_full_change_precond;eeg_fl_hbeta_mean_full_change_precond;pupil_dilation_sd_full_change_precond;eeg_tleft_halpha_mean_full_change_precond;gsr_skin_conductance_eda_tonic_mean_nk_full_change_precond;hrv_rmssd_full_change_precond;hr_heartrate_bpm_mean_abs_full_change_precond;eeg_fm_theta_mean_full_change_precond;eeg_pright_sampent_full_change_precond"
2025-11-26 19:34:37.545096,42,"stress_label",10,32,0.1,0.551282051282051,0.564102564102564,NA,10,"top10","eeg_tleft_sampent_full_change_precond;eeg_c_theta_mean_full_change_precond;eeg_fl_hbeta_mean_full_change_precond;pupil_dilation_sd_full_change_precond;eeg_tleft_halpha_mean_full_change_precond;gsr_skin_conductance_eda_tonic_mean_nk_full_change_precond;hrv_rmssd_full_change_precond;hr_heartrate_bpm_mean_abs_full_change_precond;eeg_fm_theta_mean_full_change_precond;eeg_pright_sampent_full_change_precond"
2025-11-26 19:34:38.618792,42,"stress_label",10,64,0.1,0.551282051282051,0.532051282051282,NA,10,"top10","eeg_tleft_sampent_full_change_precond;eeg_c_theta_mean_full_change_precond;eeg_fl_hbeta_mean_full_change_precond;pupil_dilation_sd_full_change_precond;eeg_tleft_halpha_mean_full_change_precond;gsr_skin_conductance_eda_tonic_mean_nk_full_change_precond;hrv_rmssd_full_change_precond;hr_heartrate_bpm_mean_abs_full_change_precond;eeg_fm_theta_mean_full_change_precond;eeg_pright_sampent_full_change_precond"
2025-11-26 19:34:39.66135,42,"stress_label",10,128,0.1,0.551282051282051,0.557692307692308,NA,10,"top10","eeg_tleft_sampent_full_change_precond;eeg_c_theta_mean_full_change_precond;eeg_fl_hbeta_mean_full_change_precond;pupil_dilation_sd_full_change_precond;eeg_tleft_halpha_mean_full_change_precond;gsr_skin_conductance_eda_tonic_mean_nk_full_change_precond;hrv_rmssd_full_change_precond;hr_heartrate_bpm_mean_abs_full_change_precond;eeg_fm_theta_mean_full_change_precond;eeg_pright_sampent_full_change_precond"
2025-11-26 19:34:40.726521,42,"stress_label",10,256,0.1,0.551282051282051,0.544871794871795,NA,10,"top10","eeg_tleft_sampent_full_change_precond;eeg_c_theta_mean_full_change_precond;eeg_fl_hbeta_mean_full_change_precond;pupil_dilation_sd_full_change_precond;eeg_tleft_halpha_mean_full_change_precond;gsr_skin_conductance_eda_tonic_mean_nk_full_change_precond;hrv_rmssd_full_change_precond;hr_heartrate_bpm_mean_abs_full_change_precond;eeg_fm_theta_mean_full_change_precond;eeg_pright_sampent_full_change_precond"
2025-11-26 19:34:41.580292,42,"stress_label",5,2,0.0078125,0.628205128205128,0.666666666666667,0.641025641025641,5,"top5","eeg_tleft_sampent_full_change_precond;eeg_c_theta_mean_full_change_precond;eeg_fl_hbeta_mean_full_change_precond;pupil_dilation_sd_full_change_precond;eeg_tleft_halpha_mean_full_change_precond"
2025-11-26 19:34:42.359143,42,"stress_label",5,4,0.0078125,0.628205128205128,0.66025641025641,0.631623931623932,5,"top5","eeg_tleft_sampent_full_change_precond;eeg_c_theta_mean_full_change_precond;eeg_fl_hbeta_mean_full_change_precond;pupil_dilation_sd_full_change_precond;eeg_tleft_halpha_mean_full_change_precond"
2025-11-26 19:34:43.131366,42,"stress_label",5,8,0.0078125,0.621794871794872,0.641025641025641,0.622222222222222,5,"top5","eeg_tleft_sampent_full_change_precond;eeg_c_theta_mean_full_change_precond;eeg_fl_hbeta_mean_full_change_precond;pupil_dilation_sd_full_change_precond;eeg_tleft_halpha_mean_full_change_precond"
2025-11-26 19:34:43.848255,42,"stress_label",5,16,0.0078125,0.615384615384615,0.66025641025641,0.61965811965812,5,"top5","eeg_tleft_sampent_full_change_precond;eeg_c_theta_mean_full_change_precond;eeg_fl_hbeta_mean_full_change_precond;pupil_dilation_sd_full_change_precond;eeg_tleft_halpha_mean_full_change_precond"
2025-11-26 19:34:44.642094,42,"stress_label",5,32,0.0078125,0.634615384615385,0.647435897435897,0.62991452991453,5,"top5","eeg_tleft_sampent_full_change_precond;eeg_c_theta_mean_full_change_precond;eeg_fl_hbeta_mean_full_change_precond;pupil_dilation_sd_full_change_precond;eeg_tleft_halpha_mean_full_change_precond"
2025-11-26 19:34:45.41415,42,"stress_label",5,64,0.0078125,0.621794871794872,0.653846153846154,0.622222222222222,5,"top5","eeg_tleft_sampent_full_change_precond;eeg_c_theta_mean_full_change_precond;eeg_fl_hbeta_mean_full_change_precond;pupil_dilation_sd_full_change_precond;eeg_tleft_halpha_mean_full_change_precond"
2025-11-26 19:34:46.220036,42,"stress_label",5,128,0.0078125,0.564102564102564,0.615384615384615,0.556410256410256,5,"top5","eeg_tleft_sampent_full_change_precond;eeg_c_theta_mean_full_change_precond;eeg_fl_hbeta_mean_full_change_precond;pupil_dilation_sd_full_change_precond;eeg_tleft_halpha_mean_full_change_precond"
2025-11-26 19:34:47.082399,42,"stress_label",5,256,0.0078125,0.564102564102564,0.58974358974359,0.556410256410256,5,"top5","eeg_tleft_sampent_full_change_precond;eeg_c_theta_mean_full_change_precond;eeg_fl_hbeta_mean_full_change_precond;pupil_dilation_sd_full_change_precond;eeg_tleft_halpha_mean_full_change_precond"
2025-11-26 19:34:47.824919,42,"stress_label",5,2,0.015625,0.628205128205128,0.66025641025641,0.634188034188034,5,"top5","eeg_tleft_sampent_full_change_precond;eeg_c_theta_mean_full_change_precond;eeg_fl_hbeta_mean_full_change_precond;pupil_dilation_sd_full_change_precond;eeg_tleft_halpha_mean_full_change_precond"
2025-11-26 19:34:48.604397,42,"stress_label",5,4,0.015625,0.615384615384615,0.641025641025641,0.614529914529915,5,"top5","eeg_tleft_sampent_full_change_precond;eeg_c_theta_mean_full_change_precond;eeg_fl_hbeta_mean_full_change_precond;pupil_dilation_sd_full_change_precond;eeg_tleft_halpha_mean_full_change_precond"
2025-11-26 19:34:49.378579,42,"stress_label",5,8,0.015625,0.621794871794872,0.641025641025641,0.622222222222222,5,"top5","eeg_tleft_sampent_full_change_precond;eeg_c_theta_mean_full_change_precond;eeg_fl_hbeta_mean_full_change_precond;pupil_dilation_sd_full_change_precond;eeg_tleft_halpha_mean_full_change_precond"
2025-11-26 19:34:50.149743,42,"stress_label",5,16,0.015625,0.621794871794872,0.653846153846154,0.609401709401709,5,"top5","eeg_tleft_sampent_full_change_precond;eeg_c_theta_mean_full_change_precond;eeg_fl_hbeta_mean_full_change_precond;pupil_dilation_sd_full_change_precond;eeg_tleft_halpha_mean_full_change_precond"
2025-11-26 19:34:50.946514,42,"stress_label",5,32,0.015625,0.57051282051282,0.615384615384615,NA,5,"top5","eeg_tleft_sampent_full_change_precond;eeg_c_theta_mean_full_change_precond;eeg_fl_hbeta_mean_full_change_precond;pupil_dilation_sd_full_change_precond;eeg_tleft_halpha_mean_full_change_precond"
2025-11-26 19:34:51.745919,42,"stress_label",5,64,0.015625,0.551282051282051,0.596153846153846,0.548717948717949,5,"top5","eeg_tleft_sampent_full_change_precond;eeg_c_theta_mean_full_change_precond;eeg_fl_hbeta_mean_full_change_precond;pupil_dilation_sd_full_change_precond;eeg_tleft_halpha_mean_full_change_precond"
2025-11-26 19:34:52.509103,42,"stress_label",5,128,0.015625,0.576923076923077,0.608974358974359,0.576068376068376,5,"top5","eeg_tleft_sampent_full_change_precond;eeg_c_theta_mean_full_change_precond;eeg_fl_hbeta_mean_full_change_precond;pupil_dilation_sd_full_change_precond;eeg_tleft_halpha_mean_full_change_precond"
2025-11-26 19:34:53.387456,42,"stress_label",5,256,0.015625,0.576923076923077,0.628205128205128,0.567521367521368,5,"top5","eeg_tleft_sampent_full_change_precond;eeg_c_theta_mean_full_change_precond;eeg_fl_hbeta_mean_full_change_precond;pupil_dilation_sd_full_change_precond;eeg_tleft_halpha_mean_full_change_precond"
2025-11-26 19:34:54.184045,42,"stress_label",5,2,0.03125,0.596153846153846,0.641025641025641,0.588034188034188,5,"top5","eeg_tleft_sampent_full_change_precond;eeg_c_theta_mean_full_change_precond;eeg_fl_hbeta_mean_full_change_precond;pupil_dilation_sd_full_change_precond;eeg_tleft_halpha_mean_full_change_precond"
2025-11-26 19:34:54.857347,42,"stress_label",5,4,0.03125,0.602564102564103,0.641025641025641,0.593162393162393,5,"top5","eeg_tleft_sampent_full_change_precond;eeg_c_theta_mean_full_change_precond;eeg_fl_hbeta_mean_full_change_precond;pupil_dilation_sd_full_change_precond;eeg_tleft_halpha_mean_full_change_precond"
2025-11-26 19:34:55.832282,42,"stress_label",5,8,0.03125,0.57051282051282,0.628205128205128,0.558974358974359,5,"top5","eeg_tleft_sampent_full_change_precond;eeg_c_theta_mean_full_change_precond;eeg_fl_hbeta_mean_full_change_precond;pupil_dilation_sd_full_change_precond;eeg_tleft_halpha_mean_full_change_precond"
2025-11-26 19:34:56.619875,42,"stress_label",5,16,0.03125,0.557692307692308,0.596153846153846,NA,5,"top5","eeg_tleft_sampent_full_change_precond;eeg_c_theta_mean_full_change_precond;eeg_fl_hbeta_mean_full_change_precond;pupil_dilation_sd_full_change_precond;eeg_tleft_halpha_mean_full_change_precond"
2025-11-26 19:34:57.405777,42,"stress_label",5,32,0.03125,0.57051282051282,0.608974358974359,NA,5,"top5","eeg_tleft_sampent_full_change_precond;eeg_c_theta_mean_full_change_precond;eeg_fl_hbeta_mean_full_change_precond;pupil_dilation_sd_full_change_precond;eeg_tleft_halpha_mean_full_change_precond"
2025-11-26 19:34:58.064601,42,"stress_label",5,64,0.03125,0.557692307692308,0.628205128205128,0.558974358974359,5,"top5","eeg_tleft_sampent_full_change_precond;eeg_c_theta_mean_full_change_precond;eeg_fl_hbeta_mean_full_change_precond;pupil_dilation_sd_full_change_precond;eeg_tleft_halpha_mean_full_change_precond"
2025-11-26 19:34:59.000037,42,"stress_label",5,128,0.03125,0.57051282051282,0.621794871794872,0.560683760683761,5,"top5","eeg_tleft_sampent_full_change_precond;eeg_c_theta_mean_full_change_precond;eeg_fl_hbeta_mean_full_change_precond;pupil_dilation_sd_full_change_precond;eeg_tleft_halpha_mean_full_change_precond"
2025-11-26 19:35:00.106748,42,"stress_label",5,256,0.03125,0.576923076923077,0.608974358974359,0.54957264957265,5,"top5","eeg_tleft_sampent_full_change_precond;eeg_c_theta_mean_full_change_precond;eeg_fl_hbeta_mean_full_change_precond;pupil_dilation_sd_full_change_precond;eeg_tleft_halpha_mean_full_change_precond"
2025-11-26 19:35:00.804038,42,"stress_label",5,2,0.0625,0.58974358974359,0.641025641025641,0.58034188034188,5,"top5","eeg_tleft_sampent_full_change_precond;eeg_c_theta_mean_full_change_precond;eeg_fl_hbeta_mean_full_change_precond;pupil_dilation_sd_full_change_precond;eeg_tleft_halpha_mean_full_change_precond"
2025-11-26 19:35:01.55206,42,"stress_label",5,4,0.0625,0.557692307692308,0.596153846153846,0.543589743589744,5,"top5","eeg_tleft_sampent_full_change_precond;eeg_c_theta_mean_full_change_precond;eeg_fl_hbeta_mean_full_change_precond;pupil_dilation_sd_full_change_precond;eeg_tleft_halpha_mean_full_change_precond"
2025-11-26 19:35:02.292998,42,"stress_label",5,8,0.0625,0.551282051282051,0.615384615384615,0.542735042735043,5,"top5","eeg_tleft_sampent_full_change_precond;eeg_c_theta_mean_full_change_precond;eeg_fl_hbeta_mean_full_change_precond;pupil_dilation_sd_full_change_precond;eeg_tleft_halpha_mean_full_change_precond"
2025-11-26 19:35:02.960382,42,"stress_label",5,16,0.0625,0.564102564102564,0.628205128205128,0.561538461538462,5,"top5","eeg_tleft_sampent_full_change_precond;eeg_c_theta_mean_full_change_precond;eeg_fl_hbeta_mean_full_change_precond;pupil_dilation_sd_full_change_precond;eeg_tleft_halpha_mean_full_change_precond"
2025-11-26 19:35:03.628633,42,"stress_label",5,32,0.0625,0.583333333333333,0.628205128205128,0.570940170940171,5,"top5","eeg_tleft_sampent_full_change_precond;eeg_c_theta_mean_full_change_precond;eeg_fl_hbeta_mean_full_change_precond;pupil_dilation_sd_full_change_precond;eeg_tleft_halpha_mean_full_change_precond"
2025-11-26 19:35:04.337268,42,"stress_label",5,64,0.0625,0.608974358974359,0.58974358974359,0.590598290598291,5,"top5","eeg_tleft_sampent_full_change_precond;eeg_c_theta_mean_full_change_precond;eeg_fl_hbeta_mean_full_change_precond;pupil_dilation_sd_full_change_precond;eeg_tleft_halpha_mean_full_change_precond"
2025-11-26 19:35:05.359285,42,"stress_label",5,128,0.0625,0.576923076923077,0.538461538461538,0.54957264957265,5,"top5","eeg_tleft_sampent_full_change_precond;eeg_c_theta_mean_full_change_precond;eeg_fl_hbeta_mean_full_change_precond;pupil_dilation_sd_full_change_precond;eeg_tleft_halpha_mean_full_change_precond"
2025-11-26 19:35:06.628851,42,"stress_label",5,256,0.0625,0.557692307692308,0.512820512820513,NA,5,"top5","eeg_tleft_sampent_full_change_precond;eeg_c_theta_mean_full_change_precond;eeg_fl_hbeta_mean_full_change_precond;pupil_dilation_sd_full_change_precond;eeg_tleft_halpha_mean_full_change_precond"
2025-11-26 19:35:07.379787,42,"stress_label",5,2,0.125,0.564102564102564,0.621794871794872,0.547863247863248,5,"top5","eeg_tleft_sampent_full_change_precond;eeg_c_theta_mean_full_change_precond;eeg_fl_hbeta_mean_full_change_precond;pupil_dilation_sd_full_change_precond;eeg_tleft_halpha_mean_full_change_precond"
2025-11-26 19:35:08.165965,42,"stress_label",5,4,0.125,0.57051282051282,0.634615384615385,0.564102564102564,5,"top5","eeg_tleft_sampent_full_change_precond;eeg_c_theta_mean_full_change_precond;eeg_fl_hbeta_mean_full_change_precond;pupil_dilation_sd_full_change_precond;eeg_tleft_halpha_mean_full_change_precond"
2025-11-26 19:35:08.904078,42,"stress_label",5,8,0.125,0.602564102564103,0.621794871794872,0.585470085470085,5,"top5","eeg_tleft_sampent_full_change_precond;eeg_c_theta_mean_full_change_precond;eeg_fl_hbeta_mean_full_change_precond;pupil_dilation_sd_full_change_precond;eeg_tleft_halpha_mean_full_change_precond"
2025-11-26 19:35:09.724874,42,"stress_label",5,16,0.125,0.596153846153846,0.596153846153846,NA,5,"top5","eeg_tleft_sampent_full_change_precond;eeg_c_theta_mean_full_change_precond;eeg_fl_hbeta_mean_full_change_precond;pupil_dilation_sd_full_change_precond;eeg_tleft_halpha_mean_full_change_precond"
2025-11-26 19:35:10.552477,42,"stress_label",5,32,0.125,0.608974358974359,0.576923076923077,NA,5,"top5","eeg_tleft_sampent_full_change_precond;eeg_c_theta_mean_full_change_precond;eeg_fl_hbeta_mean_full_change_precond;pupil_dilation_sd_full_change_precond;eeg_tleft_halpha_mean_full_change_precond"
2025-11-26 19:35:11.539959,42,"stress_label",5,64,0.125,0.58974358974359,0.557692307692308,NA,5,"top5","eeg_tleft_sampent_full_change_precond;eeg_c_theta_mean_full_change_precond;eeg_fl_hbeta_mean_full_change_precond;pupil_dilation_sd_full_change_precond;eeg_tleft_halpha_mean_full_change_precond"
2025-11-26 19:35:12.710786,42,"stress_label",5,128,0.125,0.564102564102564,0.557692307692308,NA,5,"top5","eeg_tleft_sampent_full_change_precond;eeg_c_theta_mean_full_change_precond;eeg_fl_hbeta_mean_full_change_precond;pupil_dilation_sd_full_change_precond;eeg_tleft_halpha_mean_full_change_precond"
2025-11-26 19:35:14.211449,42,"stress_label",5,256,0.125,0.564102564102564,0.5,NA,5,"top5","eeg_tleft_sampent_full_change_precond;eeg_c_theta_mean_full_change_precond;eeg_fl_hbeta_mean_full_change_precond;pupil_dilation_sd_full_change_precond;eeg_tleft_halpha_mean_full_change_precond"
2025-11-26 19:35:14.981686,42,"stress_label",5,2,0.03,0.58974358974359,0.641025641025641,0.575213675213675,5,"top5","eeg_tleft_sampent_full_change_precond;eeg_c_theta_mean_full_change_precond;eeg_fl_hbeta_mean_full_change_precond;pupil_dilation_sd_full_change_precond;eeg_tleft_halpha_mean_full_change_precond"
2025-11-26 19:35:15.756852,42,"stress_label",5,4,0.03,0.608974358974359,0.641025641025641,0.601709401709402,5,"top5","eeg_tleft_sampent_full_change_precond;eeg_c_theta_mean_full_change_precond;eeg_fl_hbeta_mean_full_change_precond;pupil_dilation_sd_full_change_precond;eeg_tleft_halpha_mean_full_change_precond"
2025-11-26 19:35:16.517339,42,"stress_label",5,8,0.03,0.583333333333333,0.628205128205128,NA,5,"top5","eeg_tleft_sampent_full_change_precond;eeg_c_theta_mean_full_change_precond;eeg_fl_hbeta_mean_full_change_precond;pupil_dilation_sd_full_change_precond;eeg_tleft_halpha_mean_full_change_precond"
2025-11-26 19:35:17.322015,42,"stress_label",5,16,0.03,0.557692307692308,0.596153846153846,NA,5,"top5","eeg_tleft_sampent_full_change_precond;eeg_c_theta_mean_full_change_precond;eeg_fl_hbeta_mean_full_change_precond;pupil_dilation_sd_full_change_precond;eeg_tleft_halpha_mean_full_change_precond"
2025-11-26 19:35:18.117405,42,"stress_label",5,32,0.03,0.57051282051282,0.602564102564103,NA,5,"top5","eeg_tleft_sampent_full_change_precond;eeg_c_theta_mean_full_change_precond;eeg_fl_hbeta_mean_full_change_precond;pupil_dilation_sd_full_change_precond;eeg_tleft_halpha_mean_full_change_precond"
2025-11-26 19:35:18.889796,42,"stress_label",5,64,0.03,0.564102564102564,0.634615384615385,0.558974358974359,5,"top5","eeg_tleft_sampent_full_change_precond;eeg_c_theta_mean_full_change_precond;eeg_fl_hbeta_mean_full_change_precond;pupil_dilation_sd_full_change_precond;eeg_tleft_halpha_mean_full_change_precond"
2025-11-26 19:35:19.84452,42,"stress_label",5,128,0.03,0.576923076923077,0.628205128205128,0.578632478632479,5,"top5","eeg_tleft_sampent_full_change_precond;eeg_c_theta_mean_full_change_precond;eeg_fl_hbeta_mean_full_change_precond;pupil_dilation_sd_full_change_precond;eeg_tleft_halpha_mean_full_change_precond"
2025-11-26 19:35:20.980931,42,"stress_label",5,256,0.03,0.576923076923077,0.58974358974359,0.54957264957265,5,"top5","eeg_tleft_sampent_full_change_precond;eeg_c_theta_mean_full_change_precond;eeg_fl_hbeta_mean_full_change_precond;pupil_dilation_sd_full_change_precond;eeg_tleft_halpha_mean_full_change_precond"
2025-11-26 19:35:21.744526,42,"stress_label",5,2,0.06,0.58974358974359,0.634615384615385,0.58034188034188,5,"top5","eeg_tleft_sampent_full_change_precond;eeg_c_theta_mean_full_change_precond;eeg_fl_hbeta_mean_full_change_precond;pupil_dilation_sd_full_change_precond;eeg_tleft_halpha_mean_full_change_precond"
2025-11-26 19:35:22.447618,42,"stress_label",5,4,0.06,0.557692307692308,0.596153846153846,0.543589743589744,5,"top5","eeg_tleft_sampent_full_change_precond;eeg_c_theta_mean_full_change_precond;eeg_fl_hbeta_mean_full_change_precond;pupil_dilation_sd_full_change_precond;eeg_tleft_halpha_mean_full_change_precond"
2025-11-26 19:35:23.183218,42,"stress_label",5,8,0.06,0.557692307692308,0.608974358974359,0.555555555555556,5,"top5","eeg_tleft_sampent_full_change_precond;eeg_c_theta_mean_full_change_precond;eeg_fl_hbeta_mean_full_change_precond;pupil_dilation_sd_full_change_precond;eeg_tleft_halpha_mean_full_change_precond"
2025-11-26 19:35:23.795764,42,"stress_label",5,16,0.06,0.57051282051282,0.628205128205128,0.561538461538462,5,"top5","eeg_tleft_sampent_full_change_precond;eeg_c_theta_mean_full_change_precond;eeg_fl_hbeta_mean_full_change_precond;pupil_dilation_sd_full_change_precond;eeg_tleft_halpha_mean_full_change_precond"
2025-11-26 19:35:24.617599,42,"stress_label",5,32,0.06,0.583333333333333,0.634615384615385,0.581196581196581,5,"top5","eeg_tleft_sampent_full_change_precond;eeg_c_theta_mean_full_change_precond;eeg_fl_hbeta_mean_full_change_precond;pupil_dilation_sd_full_change_precond;eeg_tleft_halpha_mean_full_change_precond"
2025-11-26 19:35:25.518837,42,"stress_label",5,64,0.06,0.602564102564103,0.583333333333333,0.58034188034188,5,"top5","eeg_tleft_sampent_full_change_precond;eeg_c_theta_mean_full_change_precond;eeg_fl_hbeta_mean_full_change_precond;pupil_dilation_sd_full_change_precond;eeg_tleft_halpha_mean_full_change_precond"
2025-11-26 19:35:26.563507,42,"stress_label",5,128,0.06,0.57051282051282,0.564102564102564,0.539316239316239,5,"top5","eeg_tleft_sampent_full_change_precond;eeg_c_theta_mean_full_change_precond;eeg_fl_hbeta_mean_full_change_precond;pupil_dilation_sd_full_change_precond;eeg_tleft_halpha_mean_full_change_precond"
2025-11-26 19:35:27.859303,42,"stress_label",5,256,0.06,0.564102564102564,0.532051282051282,NA,5,"top5","eeg_tleft_sampent_full_change_precond;eeg_c_theta_mean_full_change_precond;eeg_fl_hbeta_mean_full_change_precond;pupil_dilation_sd_full_change_precond;eeg_tleft_halpha_mean_full_change_precond"
2025-11-26 19:35:28.622998,42,"stress_label",5,2,0.1,0.557692307692308,0.608974358974359,0.551282051282051,5,"top5","eeg_tleft_sampent_full_change_precond;eeg_c_theta_mean_full_change_precond;eeg_fl_hbeta_mean_full_change_precond;pupil_dilation_sd_full_change_precond;eeg_tleft_halpha_mean_full_change_precond"
2025-11-26 19:35:29.405743,42,"stress_label",5,4,0.1,0.564102564102564,0.634615384615385,0.552991452991453,5,"top5","eeg_tleft_sampent_full_change_precond;eeg_c_theta_mean_full_change_precond;eeg_fl_hbeta_mean_full_change_precond;pupil_dilation_sd_full_change_precond;eeg_tleft_halpha_mean_full_change_precond"
2025-11-26 19:35:30.184701,42,"stress_label",5,8,0.1,0.57051282051282,0.634615384615385,0.551282051282051,5,"top5","eeg_tleft_sampent_full_change_precond;eeg_c_theta_mean_full_change_precond;eeg_fl_hbeta_mean_full_change_precond;pupil_dilation_sd_full_change_precond;eeg_tleft_halpha_mean_full_change_precond"
2025-11-26 19:35:31.011054,42,"stress_label",5,16,0.1,0.602564102564103,0.596153846153846,0.588034188034188,5,"top5","eeg_tleft_sampent_full_change_precond;eeg_c_theta_mean_full_change_precond;eeg_fl_hbeta_mean_full_change_precond;pupil_dilation_sd_full_change_precond;eeg_tleft_halpha_mean_full_change_precond"
2025-11-26 19:35:31.840909,42,"stress_label",5,32,0.1,0.58974358974359,0.57051282051282,0.571794871794872,5,"top5","eeg_tleft_sampent_full_change_precond;eeg_c_theta_mean_full_change_precond;eeg_fl_hbeta_mean_full_change_precond;pupil_dilation_sd_full_change_precond;eeg_tleft_halpha_mean_full_change_precond"
2025-11-26 19:35:32.59537,42,"stress_label",5,64,0.1,0.58974358974359,0.576923076923077,NA,5,"top5","eeg_tleft_sampent_full_change_precond;eeg_c_theta_mean_full_change_precond;eeg_fl_hbeta_mean_full_change_precond;pupil_dilation_sd_full_change_precond;eeg_tleft_halpha_mean_full_change_precond"
2025-11-26 19:35:33.698989,42,"stress_label",5,128,0.1,0.57051282051282,0.544871794871795,NA,5,"top5","eeg_tleft_sampent_full_change_precond;eeg_c_theta_mean_full_change_precond;eeg_fl_hbeta_mean_full_change_precond;pupil_dilation_sd_full_change_precond;eeg_tleft_halpha_mean_full_change_precond"
2025-11-26 19:35:35.135961,42,"stress_label",5,256,0.1,0.544871794871795,0.525641025641026,NA,5,"top5","eeg_tleft_sampent_full_change_precond;eeg_c_theta_mean_full_change_precond;eeg_fl_hbeta_mean_full_change_precond;pupil_dilation_sd_full_change_precond;eeg_tleft_halpha_mean_full_change_precond"
2025-11-26 19:35:36.34786,43,"stress_label",20,2,0.0078125,0.506410256410256,0.58974358974359,0.498290598290598,20,"top20","eeg_tleft_sampent_full_change_precond;eeg_c_theta_mean_full_change_precond;eeg_tleft_halpha_mean_full_change_precond;gsr_skin_conductance_eda_tonic_mean_nk_full_change_precond;pupil_dilation_sd_full_change_precond;eeg_fl_hbeta_mean_full_change_precond;eeg_fm_theta_mean_full_change_precond;eeg_tleft_lalpha_mean_full_change_precond;eeg_t_sampent_full_change_precond;hrv_rmssd_full_change_precond;eeg_fr_sampent_full_change_precond;eeg_tleft_hbeta_mean_full_change_precond;eeg_c_sampent_full_change_precond;eeg_c_specent_full_change_precond;hr_heartrate_bpm_med_abs_full_change_precond;eeg_tright_halpha_mean_full_change_precond;eeg_pleft_halpha_mean_full_change_precond;eeg_fm_sampent_full_change_precond;pupil_asymmetry_full_change_precond;eeg_pleft_lbeta_mean_full_change_precond"
2025-11-26 19:35:37.329194,43,"stress_label",20,4,0.0078125,0.525641025641026,0.58974358974359,0.517094017094017,20,"top20","eeg_tleft_sampent_full_change_precond;eeg_c_theta_mean_full_change_precond;eeg_tleft_halpha_mean_full_change_precond;gsr_skin_conductance_eda_tonic_mean_nk_full_change_precond;pupil_dilation_sd_full_change_precond;eeg_fl_hbeta_mean_full_change_precond;eeg_fm_theta_mean_full_change_precond;eeg_tleft_lalpha_mean_full_change_precond;eeg_t_sampent_full_change_precond;hrv_rmssd_full_change_precond;eeg_fr_sampent_full_change_precond;eeg_tleft_hbeta_mean_full_change_precond;eeg_c_sampent_full_change_precond;eeg_c_specent_full_change_precond;hr_heartrate_bpm_med_abs_full_change_precond;eeg_tright_halpha_mean_full_change_precond;eeg_pleft_halpha_mean_full_change_precond;eeg_fm_sampent_full_change_precond;pupil_asymmetry_full_change_precond;eeg_pleft_lbeta_mean_full_change_precond"
2025-11-26 19:35:38.260632,43,"stress_label",20,8,0.0078125,0.532051282051282,0.544871794871795,0.515384615384615,20,"top20","eeg_tleft_sampent_full_change_precond;eeg_c_theta_mean_full_change_precond;eeg_tleft_halpha_mean_full_change_precond;gsr_skin_conductance_eda_tonic_mean_nk_full_change_precond;pupil_dilation_sd_full_change_precond;eeg_fl_hbeta_mean_full_change_precond;eeg_fm_theta_mean_full_change_precond;eeg_tleft_lalpha_mean_full_change_precond;eeg_t_sampent_full_change_precond;hrv_rmssd_full_change_precond;eeg_fr_sampent_full_change_precond;eeg_tleft_hbeta_mean_full_change_precond;eeg_c_sampent_full_change_precond;eeg_c_specent_full_change_precond;hr_heartrate_bpm_med_abs_full_change_precond;eeg_tright_halpha_mean_full_change_precond;eeg_pleft_halpha_mean_full_change_precond;eeg_fm_sampent_full_change_precond;pupil_asymmetry_full_change_precond;eeg_pleft_lbeta_mean_full_change_precond"
2025-11-26 19:35:39.263521,43,"stress_label",20,16,0.0078125,0.564102564102564,0.551282051282051,0.545299145299145,20,"top20","eeg_tleft_sampent_full_change_precond;eeg_c_theta_mean_full_change_precond;eeg_tleft_halpha_mean_full_change_precond;gsr_skin_conductance_eda_tonic_mean_nk_full_change_precond;pupil_dilation_sd_full_change_precond;eeg_fl_hbeta_mean_full_change_precond;eeg_fm_theta_mean_full_change_precond;eeg_tleft_lalpha_mean_full_change_precond;eeg_t_sampent_full_change_precond;hrv_rmssd_full_change_precond;eeg_fr_sampent_full_change_precond;eeg_tleft_hbeta_mean_full_change_precond;eeg_c_sampent_full_change_precond;eeg_c_specent_full_change_precond;hr_heartrate_bpm_med_abs_full_change_precond;eeg_tright_halpha_mean_full_change_precond;eeg_pleft_halpha_mean_full_change_precond;eeg_fm_sampent_full_change_precond;pupil_asymmetry_full_change_precond;eeg_pleft_lbeta_mean_full_change_precond"
2025-11-26 19:35:40.339008,43,"stress_label",20,32,0.0078125,0.576923076923077,0.557692307692308,NA,20,"top20","eeg_tleft_sampent_full_change_precond;eeg_c_theta_mean_full_change_precond;eeg_tleft_halpha_mean_full_change_precond;gsr_skin_conductance_eda_tonic_mean_nk_full_change_precond;pupil_dilation_sd_full_change_precond;eeg_fl_hbeta_mean_full_change_precond;eeg_fm_theta_mean_full_change_precond;eeg_tleft_lalpha_mean_full_change_precond;eeg_t_sampent_full_change_precond;hrv_rmssd_full_change_precond;eeg_fr_sampent_full_change_precond;eeg_tleft_hbeta_mean_full_change_precond;eeg_c_sampent_full_change_precond;eeg_c_specent_full_change_precond;hr_heartrate_bpm_med_abs_full_change_precond;eeg_tright_halpha_mean_full_change_precond;eeg_pleft_halpha_mean_full_change_precond;eeg_fm_sampent_full_change_precond;pupil_asymmetry_full_change_precond;eeg_pleft_lbeta_mean_full_change_precond"
2025-11-26 19:35:41.336443,43,"stress_label",20,64,0.0078125,0.551282051282051,0.532051282051282,NA,20,"top20","eeg_tleft_sampent_full_change_precond;eeg_c_theta_mean_full_change_precond;eeg_tleft_halpha_mean_full_change_precond;gsr_skin_conductance_eda_tonic_mean_nk_full_change_precond;pupil_dilation_sd_full_change_precond;eeg_fl_hbeta_mean_full_change_precond;eeg_fm_theta_mean_full_change_precond;eeg_tleft_lalpha_mean_full_change_precond;eeg_t_sampent_full_change_precond;hrv_rmssd_full_change_precond;eeg_fr_sampent_full_change_precond;eeg_tleft_hbeta_mean_full_change_precond;eeg_c_sampent_full_change_precond;eeg_c_specent_full_change_precond;hr_heartrate_bpm_med_abs_full_change_precond;eeg_tright_halpha_mean_full_change_precond;eeg_pleft_halpha_mean_full_change_precond;eeg_fm_sampent_full_change_precond;pupil_asymmetry_full_change_precond;eeg_pleft_lbeta_mean_full_change_precond"
2025-11-26 19:35:42.524637,43,"stress_label",20,128,0.0078125,0.5,0.416666666666667,NA,20,"top20","eeg_tleft_sampent_full_change_precond;eeg_c_theta_mean_full_change_precond;eeg_tleft_halpha_mean_full_change_precond;gsr_skin_conductance_eda_tonic_mean_nk_full_change_precond;pupil_dilation_sd_full_change_precond;eeg_fl_hbeta_mean_full_change_precond;eeg_fm_theta_mean_full_change_precond;eeg_tleft_lalpha_mean_full_change_precond;eeg_t_sampent_full_change_precond;hrv_rmssd_full_change_precond;eeg_fr_sampent_full_change_precond;eeg_tleft_hbeta_mean_full_change_precond;eeg_c_sampent_full_change_precond;eeg_c_specent_full_change_precond;hr_heartrate_bpm_med_abs_full_change_precond;eeg_tright_halpha_mean_full_change_precond;eeg_pleft_halpha_mean_full_change_precond;eeg_fm_sampent_full_change_precond;pupil_asymmetry_full_change_precond;eeg_pleft_lbeta_mean_full_change_precond"
2025-11-26 19:35:44.138446,43,"stress_label",20,256,0.0078125,0.532051282051282,0.506410256410256,NA,20,"top20","eeg_tleft_sampent_full_change_precond;eeg_c_theta_mean_full_change_precond;eeg_tleft_halpha_mean_full_change_precond;gsr_skin_conductance_eda_tonic_mean_nk_full_change_precond;pupil_dilation_sd_full_change_precond;eeg_fl_hbeta_mean_full_change_precond;eeg_fm_theta_mean_full_change_precond;eeg_tleft_lalpha_mean_full_change_precond;eeg_t_sampent_full_change_precond;hrv_rmssd_full_change_precond;eeg_fr_sampent_full_change_precond;eeg_tleft_hbeta_mean_full_change_precond;eeg_c_sampent_full_change_precond;eeg_c_specent_full_change_precond;hr_heartrate_bpm_med_abs_full_change_precond;eeg_tright_halpha_mean_full_change_precond;eeg_pleft_halpha_mean_full_change_precond;eeg_fm_sampent_full_change_precond;pupil_asymmetry_full_change_precond;eeg_pleft_lbeta_mean_full_change_precond"
2025-11-26 19:35:45.186237,43,"stress_label",20,2,0.015625,0.532051282051282,0.602564102564103,0.515384615384615,20,"top20","eeg_tleft_sampent_full_change_precond;eeg_c_theta_mean_full_change_precond;eeg_tleft_halpha_mean_full_change_precond;gsr_skin_conductance_eda_tonic_mean_nk_full_change_precond;pupil_dilation_sd_full_change_precond;eeg_fl_hbeta_mean_full_change_precond;eeg_fm_theta_mean_full_change_precond;eeg_tleft_lalpha_mean_full_change_precond;eeg_t_sampent_full_change_precond;hrv_rmssd_full_change_precond;eeg_fr_sampent_full_change_precond;eeg_tleft_hbeta_mean_full_change_precond;eeg_c_sampent_full_change_precond;eeg_c_specent_full_change_precond;hr_heartrate_bpm_med_abs_full_change_precond;eeg_tright_halpha_mean_full_change_precond;eeg_pleft_halpha_mean_full_change_precond;eeg_fm_sampent_full_change_precond;pupil_asymmetry_full_change_precond;eeg_pleft_lbeta_mean_full_change_precond"
2025-11-26 19:35:46.020762,43,"stress_label",20,4,0.015625,0.557692307692308,0.57051282051282,0.543589743589744,20,"top20","eeg_tleft_sampent_full_change_precond;eeg_c_theta_mean_full_change_precond;eeg_tleft_halpha_mean_full_change_precond;gsr_skin_conductance_eda_tonic_mean_nk_full_change_precond;pupil_dilation_sd_full_change_precond;eeg_fl_hbeta_mean_full_change_precond;eeg_fm_theta_mean_full_change_precond;eeg_tleft_lalpha_mean_full_change_precond;eeg_t_sampent_full_change_precond;hrv_rmssd_full_change_precond;eeg_fr_sampent_full_change_precond;eeg_tleft_hbeta_mean_full_change_precond;eeg_c_sampent_full_change_precond;eeg_c_specent_full_change_precond;hr_heartrate_bpm_med_abs_full_change_precond;eeg_tright_halpha_mean_full_change_precond;eeg_pleft_halpha_mean_full_change_precond;eeg_fm_sampent_full_change_precond;pupil_asymmetry_full_change_precond;eeg_pleft_lbeta_mean_full_change_precond"
2025-11-26 19:35:47.081859,43,"stress_label",20,8,0.015625,0.564102564102564,0.576923076923077,NA,20,"top20","eeg_tleft_sampent_full_change_precond;eeg_c_theta_mean_full_change_precond;eeg_tleft_halpha_mean_full_change_precond;gsr_skin_conductance_eda_tonic_mean_nk_full_change_precond;pupil_dilation_sd_full_change_precond;eeg_fl_hbeta_mean_full_change_precond;eeg_fm_theta_mean_full_change_precond;eeg_tleft_lalpha_mean_full_change_precond;eeg_t_sampent_full_change_precond;hrv_rmssd_full_change_precond;eeg_fr_sampent_full_change_precond;eeg_tleft_hbeta_mean_full_change_precond;eeg_c_sampent_full_change_precond;eeg_c_specent_full_change_precond;hr_heartrate_bpm_med_abs_full_change_precond;eeg_tright_halpha_mean_full_change_precond;eeg_pleft_halpha_mean_full_change_precond;eeg_fm_sampent_full_change_precond;pupil_asymmetry_full_change_precond;eeg_pleft_lbeta_mean_full_change_precond"
2025-11-26 19:35:48.203085,43,"stress_label",20,16,0.015625,0.576923076923077,0.532051282051282,NA,20,"top20","eeg_tleft_sampent_full_change_precond;eeg_c_theta_mean_full_change_precond;eeg_tleft_halpha_mean_full_change_precond;gsr_skin_conductance_eda_tonic_mean_nk_full_change_precond;pupil_dilation_sd_full_change_precond;eeg_fl_hbeta_mean_full_change_precond;eeg_fm_theta_mean_full_change_precond;eeg_tleft_lalpha_mean_full_change_precond;eeg_t_sampent_full_change_precond;hrv_rmssd_full_change_precond;eeg_fr_sampent_full_change_precond;eeg_tleft_hbeta_mean_full_change_precond;eeg_c_sampent_full_change_precond;eeg_c_specent_full_change_precond;hr_heartrate_bpm_med_abs_full_change_precond;eeg_tright_halpha_mean_full_change_precond;eeg_pleft_halpha_mean_full_change_precond;eeg_fm_sampent_full_change_precond;pupil_asymmetry_full_change_precond;eeg_pleft_lbeta_mean_full_change_precond"
2025-11-26 19:35:49.369493,43,"stress_label",20,32,0.015625,0.532051282051282,0.423076923076923,NA,20,"top20","eeg_tleft_sampent_full_change_precond;eeg_c_theta_mean_full_change_precond;eeg_tleft_halpha_mean_full_change_precond;gsr_skin_conductance_eda_tonic_mean_nk_full_change_precond;pupil_dilation_sd_full_change_precond;eeg_fl_hbeta_mean_full_change_precond;eeg_fm_theta_mean_full_change_precond;eeg_tleft_lalpha_mean_full_change_precond;eeg_t_sampent_full_change_precond;hrv_rmssd_full_change_precond;eeg_fr_sampent_full_change_precond;eeg_tleft_hbeta_mean_full_change_precond;eeg_c_sampent_full_change_precond;eeg_c_specent_full_change_precond;hr_heartrate_bpm_med_abs_full_change_precond;eeg_tright_halpha_mean_full_change_precond;eeg_pleft_halpha_mean_full_change_precond;eeg_fm_sampent_full_change_precond;pupil_asymmetry_full_change_precond;eeg_pleft_lbeta_mean_full_change_precond"
2025-11-26 19:35:50.519611,43,"stress_label",20,64,0.015625,0.538461538461538,0.519230769230769,NA,20,"top20","eeg_tleft_sampent_full_change_precond;eeg_c_theta_mean_full_change_precond;eeg_tleft_halpha_mean_full_change_precond;gsr_skin_conductance_eda_tonic_mean_nk_full_change_precond;pupil_dilation_sd_full_change_precond;eeg_fl_hbeta_mean_full_change_precond;eeg_fm_theta_mean_full_change_precond;eeg_tleft_lalpha_mean_full_change_precond;eeg_t_sampent_full_change_precond;hrv_rmssd_full_change_precond;eeg_fr_sampent_full_change_precond;eeg_tleft_hbeta_mean_full_change_precond;eeg_c_sampent_full_change_precond;eeg_c_specent_full_change_precond;hr_heartrate_bpm_med_abs_full_change_precond;eeg_tright_halpha_mean_full_change_precond;eeg_pleft_halpha_mean_full_change_precond;eeg_fm_sampent_full_change_precond;pupil_asymmetry_full_change_precond;eeg_pleft_lbeta_mean_full_change_precond"
2025-11-26 19:35:51.96582,43,"stress_label",20,128,0.015625,0.532051282051282,0.564102564102564,NA,20,"top20","eeg_tleft_sampent_full_change_precond;eeg_c_theta_mean_full_change_precond;eeg_tleft_halpha_mean_full_change_precond;gsr_skin_conductance_eda_tonic_mean_nk_full_change_precond;pupil_dilation_sd_full_change_precond;eeg_fl_hbeta_mean_full_change_precond;eeg_fm_theta_mean_full_change_precond;eeg_tleft_lalpha_mean_full_change_precond;eeg_t_sampent_full_change_precond;hrv_rmssd_full_change_precond;eeg_fr_sampent_full_change_precond;eeg_tleft_hbeta_mean_full_change_precond;eeg_c_sampent_full_change_precond;eeg_c_specent_full_change_precond;hr_heartrate_bpm_med_abs_full_change_precond;eeg_tright_halpha_mean_full_change_precond;eeg_pleft_halpha_mean_full_change_precond;eeg_fm_sampent_full_change_precond;pupil_asymmetry_full_change_precond;eeg_pleft_lbeta_mean_full_change_precond"
2025-11-26 19:35:53.396851,43,"stress_label",20,256,0.015625,0.525641025641026,0.58974358974359,NA,20,"top20","eeg_tleft_sampent_full_change_precond;eeg_c_theta_mean_full_change_precond;eeg_tleft_halpha_mean_full_change_precond;gsr_skin_conductance_eda_tonic_mean_nk_full_change_precond;pupil_dilation_sd_full_change_precond;eeg_fl_hbeta_mean_full_change_precond;eeg_fm_theta_mean_full_change_precond;eeg_tleft_lalpha_mean_full_change_precond;eeg_t_sampent_full_change_precond;hrv_rmssd_full_change_precond;eeg_fr_sampent_full_change_precond;eeg_tleft_hbeta_mean_full_change_precond;eeg_c_sampent_full_change_precond;eeg_c_specent_full_change_precond;hr_heartrate_bpm_med_abs_full_change_precond;eeg_tright_halpha_mean_full_change_precond;eeg_pleft_halpha_mean_full_change_precond;eeg_fm_sampent_full_change_precond;pupil_asymmetry_full_change_precond;eeg_pleft_lbeta_mean_full_change_precond"
2025-11-26 19:35:54.410824,43,"stress_label",20,2,0.03125,0.551282051282051,0.58974358974359,0.523076923076923,20,"top20","eeg_tleft_sampent_full_change_precond;eeg_c_theta_mean_full_change_precond;eeg_tleft_halpha_mean_full_change_precond;gsr_skin_conductance_eda_tonic_mean_nk_full_change_precond;pupil_dilation_sd_full_change_precond;eeg_fl_hbeta_mean_full_change_precond;eeg_fm_theta_mean_full_change_precond;eeg_tleft_lalpha_mean_full_change_precond;eeg_t_sampent_full_change_precond;hrv_rmssd_full_change_precond;eeg_fr_sampent_full_change_precond;eeg_tleft_hbeta_mean_full_change_precond;eeg_c_sampent_full_change_precond;eeg_c_specent_full_change_precond;hr_heartrate_bpm_med_abs_full_change_precond;eeg_tright_halpha_mean_full_change_precond;eeg_pleft_halpha_mean_full_change_precond;eeg_fm_sampent_full_change_precond;pupil_asymmetry_full_change_precond;eeg_pleft_lbeta_mean_full_change_precond"
2025-11-26 19:35:55.366246,43,"stress_label",20,4,0.03125,0.57051282051282,0.557692307692308,NA,20,"top20","eeg_tleft_sampent_full_change_precond;eeg_c_theta_mean_full_change_precond;eeg_tleft_halpha_mean_full_change_precond;gsr_skin_conductance_eda_tonic_mean_nk_full_change_precond;pupil_dilation_sd_full_change_precond;eeg_fl_hbeta_mean_full_change_precond;eeg_fm_theta_mean_full_change_precond;eeg_tleft_lalpha_mean_full_change_precond;eeg_t_sampent_full_change_precond;hrv_rmssd_full_change_precond;eeg_fr_sampent_full_change_precond;eeg_tleft_hbeta_mean_full_change_precond;eeg_c_sampent_full_change_precond;eeg_c_specent_full_change_precond;hr_heartrate_bpm_med_abs_full_change_precond;eeg_tright_halpha_mean_full_change_precond;eeg_pleft_halpha_mean_full_change_precond;eeg_fm_sampent_full_change_precond;pupil_asymmetry_full_change_precond;eeg_pleft_lbeta_mean_full_change_precond"
2025-11-26 19:35:56.505921,43,"stress_label",20,8,0.03125,0.564102564102564,0.5,NA,20,"top20","eeg_tleft_sampent_full_change_precond;eeg_c_theta_mean_full_change_precond;eeg_tleft_halpha_mean_full_change_precond;gsr_skin_conductance_eda_tonic_mean_nk_full_change_precond;pupil_dilation_sd_full_change_precond;eeg_fl_hbeta_mean_full_change_precond;eeg_fm_theta_mean_full_change_precond;eeg_tleft_lalpha_mean_full_change_precond;eeg_t_sampent_full_change_precond;hrv_rmssd_full_change_precond;eeg_fr_sampent_full_change_precond;eeg_tleft_hbeta_mean_full_change_precond;eeg_c_sampent_full_change_precond;eeg_c_specent_full_change_precond;hr_heartrate_bpm_med_abs_full_change_precond;eeg_tright_halpha_mean_full_change_precond;eeg_pleft_halpha_mean_full_change_precond;eeg_fm_sampent_full_change_precond;pupil_asymmetry_full_change_precond;eeg_pleft_lbeta_mean_full_change_precond"
2025-11-26 19:35:57.69853,43,"stress_label",20,16,0.03125,0.544871794871795,0.564102564102564,NA,20,"top20","eeg_tleft_sampent_full_change_precond;eeg_c_theta_mean_full_change_precond;eeg_tleft_halpha_mean_full_change_precond;gsr_skin_conductance_eda_tonic_mean_nk_full_change_precond;pupil_dilation_sd_full_change_precond;eeg_fl_hbeta_mean_full_change_precond;eeg_fm_theta_mean_full_change_precond;eeg_tleft_lalpha_mean_full_change_precond;eeg_t_sampent_full_change_precond;hrv_rmssd_full_change_precond;eeg_fr_sampent_full_change_precond;eeg_tleft_hbeta_mean_full_change_precond;eeg_c_sampent_full_change_precond;eeg_c_specent_full_change_precond;hr_heartrate_bpm_med_abs_full_change_precond;eeg_tright_halpha_mean_full_change_precond;eeg_pleft_halpha_mean_full_change_precond;eeg_fm_sampent_full_change_precond;pupil_asymmetry_full_change_precond;eeg_pleft_lbeta_mean_full_change_precond"
2025-11-26 19:35:58.902835,43,"stress_label",20,32,0.03125,0.57051282051282,0.602564102564103,NA,20,"top20","eeg_tleft_sampent_full_change_precond;eeg_c_theta_mean_full_change_precond;eeg_tleft_halpha_mean_full_change_precond;gsr_skin_conductance_eda_tonic_mean_nk_full_change_precond;pupil_dilation_sd_full_change_precond;eeg_fl_hbeta_mean_full_change_precond;eeg_fm_theta_mean_full_change_precond;eeg_tleft_lalpha_mean_full_change_precond;eeg_t_sampent_full_change_precond;hrv_rmssd_full_change_precond;eeg_fr_sampent_full_change_precond;eeg_tleft_hbeta_mean_full_change_precond;eeg_c_sampent_full_change_precond;eeg_c_specent_full_change_precond;hr_heartrate_bpm_med_abs_full_change_precond;eeg_tright_halpha_mean_full_change_precond;eeg_pleft_halpha_mean_full_change_precond;eeg_fm_sampent_full_change_precond;pupil_asymmetry_full_change_precond;eeg_pleft_lbeta_mean_full_change_precond"
2025-11-26 19:36:00.141271,43,"stress_label",20,64,0.03125,0.544871794871795,0.58974358974359,NA,20,"top20","eeg_tleft_sampent_full_change_precond;eeg_c_theta_mean_full_change_precond;eeg_tleft_halpha_mean_full_change_precond;gsr_skin_conductance_eda_tonic_mean_nk_full_change_precond;pupil_dilation_sd_full_change_precond;eeg_fl_hbeta_mean_full_change_precond;eeg_fm_theta_mean_full_change_precond;eeg_tleft_lalpha_mean_full_change_precond;eeg_t_sampent_full_change_precond;hrv_rmssd_full_change_precond;eeg_fr_sampent_full_change_precond;eeg_tleft_hbeta_mean_full_change_precond;eeg_c_sampent_full_change_precond;eeg_c_specent_full_change_precond;hr_heartrate_bpm_med_abs_full_change_precond;eeg_tright_halpha_mean_full_change_precond;eeg_pleft_halpha_mean_full_change_precond;eeg_fm_sampent_full_change_precond;pupil_asymmetry_full_change_precond;eeg_pleft_lbeta_mean_full_change_precond"
2025-11-26 19:36:01.382902,43,"stress_label",20,128,0.03125,0.544871794871795,0.576923076923077,NA,20,"top20","eeg_tleft_sampent_full_change_precond;eeg_c_theta_mean_full_change_precond;eeg_tleft_halpha_mean_full_change_precond;gsr_skin_conductance_eda_tonic_mean_nk_full_change_precond;pupil_dilation_sd_full_change_precond;eeg_fl_hbeta_mean_full_change_precond;eeg_fm_theta_mean_full_change_precond;eeg_tleft_lalpha_mean_full_change_precond;eeg_t_sampent_full_change_precond;hrv_rmssd_full_change_precond;eeg_fr_sampent_full_change_precond;eeg_tleft_hbeta_mean_full_change_precond;eeg_c_sampent_full_change_precond;eeg_c_specent_full_change_precond;hr_heartrate_bpm_med_abs_full_change_precond;eeg_tright_halpha_mean_full_change_precond;eeg_pleft_halpha_mean_full_change_precond;eeg_fm_sampent_full_change_precond;pupil_asymmetry_full_change_precond;eeg_pleft_lbeta_mean_full_change_precond"
2025-11-26 19:36:02.545388,43,"stress_label",20,256,0.03125,0.544871794871795,0.564102564102564,NA,20,"top20","eeg_tleft_sampent_full_change_precond;eeg_c_theta_mean_full_change_precond;eeg_tleft_halpha_mean_full_change_precond;gsr_skin_conductance_eda_tonic_mean_nk_full_change_precond;pupil_dilation_sd_full_change_precond;eeg_fl_hbeta_mean_full_change_precond;eeg_fm_theta_mean_full_change_precond;eeg_tleft_lalpha_mean_full_change_precond;eeg_t_sampent_full_change_precond;hrv_rmssd_full_change_precond;eeg_fr_sampent_full_change_precond;eeg_tleft_hbeta_mean_full_change_precond;eeg_c_sampent_full_change_precond;eeg_c_specent_full_change_precond;hr_heartrate_bpm_med_abs_full_change_precond;eeg_tright_halpha_mean_full_change_precond;eeg_pleft_halpha_mean_full_change_precond;eeg_fm_sampent_full_change_precond;pupil_asymmetry_full_change_precond;eeg_pleft_lbeta_mean_full_change_precond"
2025-11-26 19:36:03.607466,43,"stress_label",20,2,0.0625,0.544871794871795,0.58974358974359,NA,20,"top20","eeg_tleft_sampent_full_change_precond;eeg_c_theta_mean_full_change_precond;eeg_tleft_halpha_mean_full_change_precond;gsr_skin_conductance_eda_tonic_mean_nk_full_change_precond;pupil_dilation_sd_full_change_precond;eeg_fl_hbeta_mean_full_change_precond;eeg_fm_theta_mean_full_change_precond;eeg_tleft_lalpha_mean_full_change_precond;eeg_t_sampent_full_change_precond;hrv_rmssd_full_change_precond;eeg_fr_sampent_full_change_precond;eeg_tleft_hbeta_mean_full_change_precond;eeg_c_sampent_full_change_precond;eeg_c_specent_full_change_precond;hr_heartrate_bpm_med_abs_full_change_precond;eeg_tright_halpha_mean_full_change_precond;eeg_pleft_halpha_mean_full_change_precond;eeg_fm_sampent_full_change_precond;pupil_asymmetry_full_change_precond;eeg_pleft_lbeta_mean_full_change_precond"
2025-11-26 19:36:04.753806,43,"stress_label",20,4,0.0625,0.532051282051282,0.576923076923077,NA,20,"top20","eeg_tleft_sampent_full_change_precond;eeg_c_theta_mean_full_change_precond;eeg_tleft_halpha_mean_full_change_precond;gsr_skin_conductance_eda_tonic_mean_nk_full_change_precond;pupil_dilation_sd_full_change_precond;eeg_fl_hbeta_mean_full_change_precond;eeg_fm_theta_mean_full_change_precond;eeg_tleft_lalpha_mean_full_change_precond;eeg_t_sampent_full_change_precond;hrv_rmssd_full_change_precond;eeg_fr_sampent_full_change_precond;eeg_tleft_hbeta_mean_full_change_precond;eeg_c_sampent_full_change_precond;eeg_c_specent_full_change_precond;hr_heartrate_bpm_med_abs_full_change_precond;eeg_tright_halpha_mean_full_change_precond;eeg_pleft_halpha_mean_full_change_precond;eeg_fm_sampent_full_change_precond;pupil_asymmetry_full_change_precond;eeg_pleft_lbeta_mean_full_change_precond"
2025-11-26 19:36:05.932176,43,"stress_label",20,8,0.0625,0.57051282051282,0.608974358974359,NA,20,"top20","eeg_tleft_sampent_full_change_precond;eeg_c_theta_mean_full_change_precond;eeg_tleft_halpha_mean_full_change_precond;gsr_skin_conductance_eda_tonic_mean_nk_full_change_precond;pupil_dilation_sd_full_change_precond;eeg_fl_hbeta_mean_full_change_precond;eeg_fm_theta_mean_full_change_precond;eeg_tleft_lalpha_mean_full_change_precond;eeg_t_sampent_full_change_precond;hrv_rmssd_full_change_precond;eeg_fr_sampent_full_change_precond;eeg_tleft_hbeta_mean_full_change_precond;eeg_c_sampent_full_change_precond;eeg_c_specent_full_change_precond;hr_heartrate_bpm_med_abs_full_change_precond;eeg_tright_halpha_mean_full_change_precond;eeg_pleft_halpha_mean_full_change_precond;eeg_fm_sampent_full_change_precond;pupil_asymmetry_full_change_precond;eeg_pleft_lbeta_mean_full_change_precond"
2025-11-26 19:36:07.108097,43,"stress_label",20,16,0.0625,0.576923076923077,0.602564102564103,NA,20,"top20","eeg_tleft_sampent_full_change_precond;eeg_c_theta_mean_full_change_precond;eeg_tleft_halpha_mean_full_change_precond;gsr_skin_conductance_eda_tonic_mean_nk_full_change_precond;pupil_dilation_sd_full_change_precond;eeg_fl_hbeta_mean_full_change_precond;eeg_fm_theta_mean_full_change_precond;eeg_tleft_lalpha_mean_full_change_precond;eeg_t_sampent_full_change_precond;hrv_rmssd_full_change_precond;eeg_fr_sampent_full_change_precond;eeg_tleft_hbeta_mean_full_change_precond;eeg_c_sampent_full_change_precond;eeg_c_specent_full_change_precond;hr_heartrate_bpm_med_abs_full_change_precond;eeg_tright_halpha_mean_full_change_precond;eeg_pleft_halpha_mean_full_change_precond;eeg_fm_sampent_full_change_precond;pupil_asymmetry_full_change_precond;eeg_pleft_lbeta_mean_full_change_precond"
2025-11-26 19:36:08.258066,43,"stress_label",20,32,0.0625,0.576923076923077,0.602564102564103,NA,20,"top20","eeg_tleft_sampent_full_change_precond;eeg_c_theta_mean_full_change_precond;eeg_tleft_halpha_mean_full_change_precond;gsr_skin_conductance_eda_tonic_mean_nk_full_change_precond;pupil_dilation_sd_full_change_precond;eeg_fl_hbeta_mean_full_change_precond;eeg_fm_theta_mean_full_change_precond;eeg_tleft_lalpha_mean_full_change_precond;eeg_t_sampent_full_change_precond;hrv_rmssd_full_change_precond;eeg_fr_sampent_full_change_precond;eeg_tleft_hbeta_mean_full_change_precond;eeg_c_sampent_full_change_precond;eeg_c_specent_full_change_precond;hr_heartrate_bpm_med_abs_full_change_precond;eeg_tright_halpha_mean_full_change_precond;eeg_pleft_halpha_mean_full_change_precond;eeg_fm_sampent_full_change_precond;pupil_asymmetry_full_change_precond;eeg_pleft_lbeta_mean_full_change_precond"
2025-11-26 19:36:09.636897,43,"stress_label",20,64,0.0625,0.576923076923077,0.576923076923077,NA,20,"top20","eeg_tleft_sampent_full_change_precond;eeg_c_theta_mean_full_change_precond;eeg_tleft_halpha_mean_full_change_precond;gsr_skin_conductance_eda_tonic_mean_nk_full_change_precond;pupil_dilation_sd_full_change_precond;eeg_fl_hbeta_mean_full_change_precond;eeg_fm_theta_mean_full_change_precond;eeg_tleft_lalpha_mean_full_change_precond;eeg_t_sampent_full_change_precond;hrv_rmssd_full_change_precond;eeg_fr_sampent_full_change_precond;eeg_tleft_hbeta_mean_full_change_precond;eeg_c_sampent_full_change_precond;eeg_c_specent_full_change_precond;hr_heartrate_bpm_med_abs_full_change_precond;eeg_tright_halpha_mean_full_change_precond;eeg_pleft_halpha_mean_full_change_precond;eeg_fm_sampent_full_change_precond;pupil_asymmetry_full_change_precond;eeg_pleft_lbeta_mean_full_change_precond"
2025-11-26 19:36:10.727064,43,"stress_label",20,128,0.0625,0.576923076923077,0.602564102564103,NA,20,"top20","eeg_tleft_sampent_full_change_precond;eeg_c_theta_mean_full_change_precond;eeg_tleft_halpha_mean_full_change_precond;gsr_skin_conductance_eda_tonic_mean_nk_full_change_precond;pupil_dilation_sd_full_change_precond;eeg_fl_hbeta_mean_full_change_precond;eeg_fm_theta_mean_full_change_precond;eeg_tleft_lalpha_mean_full_change_precond;eeg_t_sampent_full_change_precond;hrv_rmssd_full_change_precond;eeg_fr_sampent_full_change_precond;eeg_tleft_hbeta_mean_full_change_precond;eeg_c_sampent_full_change_precond;eeg_c_specent_full_change_precond;hr_heartrate_bpm_med_abs_full_change_precond;eeg_tright_halpha_mean_full_change_precond;eeg_pleft_halpha_mean_full_change_precond;eeg_fm_sampent_full_change_precond;pupil_asymmetry_full_change_precond;eeg_pleft_lbeta_mean_full_change_precond"
2025-11-26 19:36:11.890732,43,"stress_label",20,256,0.0625,0.576923076923077,0.602564102564103,NA,20,"top20","eeg_tleft_sampent_full_change_precond;eeg_c_theta_mean_full_change_precond;eeg_tleft_halpha_mean_full_change_precond;gsr_skin_conductance_eda_tonic_mean_nk_full_change_precond;pupil_dilation_sd_full_change_precond;eeg_fl_hbeta_mean_full_change_precond;eeg_fm_theta_mean_full_change_precond;eeg_tleft_lalpha_mean_full_change_precond;eeg_t_sampent_full_change_precond;hrv_rmssd_full_change_precond;eeg_fr_sampent_full_change_precond;eeg_tleft_hbeta_mean_full_change_precond;eeg_c_sampent_full_change_precond;eeg_c_specent_full_change_precond;hr_heartrate_bpm_med_abs_full_change_precond;eeg_tright_halpha_mean_full_change_precond;eeg_pleft_halpha_mean_full_change_precond;eeg_fm_sampent_full_change_precond;pupil_asymmetry_full_change_precond;eeg_pleft_lbeta_mean_full_change_precond"
2025-11-26 19:36:12.950816,43,"stress_label",20,2,0.125,0.532051282051282,0.608974358974359,NA,20,"top20","eeg_tleft_sampent_full_change_precond;eeg_c_theta_mean_full_change_precond;eeg_tleft_halpha_mean_full_change_precond;gsr_skin_conductance_eda_tonic_mean_nk_full_change_precond;pupil_dilation_sd_full_change_precond;eeg_fl_hbeta_mean_full_change_precond;eeg_fm_theta_mean_full_change_precond;eeg_tleft_lalpha_mean_full_change_precond;eeg_t_sampent_full_change_precond;hrv_rmssd_full_change_precond;eeg_fr_sampent_full_change_precond;eeg_tleft_hbeta_mean_full_change_precond;eeg_c_sampent_full_change_precond;eeg_c_specent_full_change_precond;hr_heartrate_bpm_med_abs_full_change_precond;eeg_tright_halpha_mean_full_change_precond;eeg_pleft_halpha_mean_full_change_precond;eeg_fm_sampent_full_change_precond;pupil_asymmetry_full_change_precond;eeg_pleft_lbeta_mean_full_change_precond"
2025-11-26 19:36:14.017193,43,"stress_label",20,4,0.125,0.551282051282051,0.602564102564103,NA,20,"top20","eeg_tleft_sampent_full_change_precond;eeg_c_theta_mean_full_change_precond;eeg_tleft_halpha_mean_full_change_precond;gsr_skin_conductance_eda_tonic_mean_nk_full_change_precond;pupil_dilation_sd_full_change_precond;eeg_fl_hbeta_mean_full_change_precond;eeg_fm_theta_mean_full_change_precond;eeg_tleft_lalpha_mean_full_change_precond;eeg_t_sampent_full_change_precond;hrv_rmssd_full_change_precond;eeg_fr_sampent_full_change_precond;eeg_tleft_hbeta_mean_full_change_precond;eeg_c_sampent_full_change_precond;eeg_c_specent_full_change_precond;hr_heartrate_bpm_med_abs_full_change_precond;eeg_tright_halpha_mean_full_change_precond;eeg_pleft_halpha_mean_full_change_precond;eeg_fm_sampent_full_change_precond;pupil_asymmetry_full_change_precond;eeg_pleft_lbeta_mean_full_change_precond"
2025-11-26 19:36:15.203551,43,"stress_label",20,8,0.125,0.551282051282051,0.602564102564103,NA,20,"top20","eeg_tleft_sampent_full_change_precond;eeg_c_theta_mean_full_change_precond;eeg_tleft_halpha_mean_full_change_precond;gsr_skin_conductance_eda_tonic_mean_nk_full_change_precond;pupil_dilation_sd_full_change_precond;eeg_fl_hbeta_mean_full_change_precond;eeg_fm_theta_mean_full_change_precond;eeg_tleft_lalpha_mean_full_change_precond;eeg_t_sampent_full_change_precond;hrv_rmssd_full_change_precond;eeg_fr_sampent_full_change_precond;eeg_tleft_hbeta_mean_full_change_precond;eeg_c_sampent_full_change_precond;eeg_c_specent_full_change_precond;hr_heartrate_bpm_med_abs_full_change_precond;eeg_tright_halpha_mean_full_change_precond;eeg_pleft_halpha_mean_full_change_precond;eeg_fm_sampent_full_change_precond;pupil_asymmetry_full_change_precond;eeg_pleft_lbeta_mean_full_change_precond"
2025-11-26 19:36:16.399375,43,"stress_label",20,16,0.125,0.551282051282051,0.602564102564103,NA,20,"top20","eeg_tleft_sampent_full_change_precond;eeg_c_theta_mean_full_change_precond;eeg_tleft_halpha_mean_full_change_precond;gsr_skin_conductance_eda_tonic_mean_nk_full_change_precond;pupil_dilation_sd_full_change_precond;eeg_fl_hbeta_mean_full_change_precond;eeg_fm_theta_mean_full_change_precond;eeg_tleft_lalpha_mean_full_change_precond;eeg_t_sampent_full_change_precond;hrv_rmssd_full_change_precond;eeg_fr_sampent_full_change_precond;eeg_tleft_hbeta_mean_full_change_precond;eeg_c_sampent_full_change_precond;eeg_c_specent_full_change_precond;hr_heartrate_bpm_med_abs_full_change_precond;eeg_tright_halpha_mean_full_change_precond;eeg_pleft_halpha_mean_full_change_precond;eeg_fm_sampent_full_change_precond;pupil_asymmetry_full_change_precond;eeg_pleft_lbeta_mean_full_change_precond"
2025-11-26 19:36:17.572406,43,"stress_label",20,32,0.125,0.551282051282051,0.602564102564103,NA,20,"top20","eeg_tleft_sampent_full_change_precond;eeg_c_theta_mean_full_change_precond;eeg_tleft_halpha_mean_full_change_precond;gsr_skin_conductance_eda_tonic_mean_nk_full_change_precond;pupil_dilation_sd_full_change_precond;eeg_fl_hbeta_mean_full_change_precond;eeg_fm_theta_mean_full_change_precond;eeg_tleft_lalpha_mean_full_change_precond;eeg_t_sampent_full_change_precond;hrv_rmssd_full_change_precond;eeg_fr_sampent_full_change_precond;eeg_tleft_hbeta_mean_full_change_precond;eeg_c_sampent_full_change_precond;eeg_c_specent_full_change_precond;hr_heartrate_bpm_med_abs_full_change_precond;eeg_tright_halpha_mean_full_change_precond;eeg_pleft_halpha_mean_full_change_precond;eeg_fm_sampent_full_change_precond;pupil_asymmetry_full_change_precond;eeg_pleft_lbeta_mean_full_change_precond"
2025-11-26 19:36:18.688344,43,"stress_label",20,64,0.125,0.551282051282051,0.602564102564103,NA,20,"top20","eeg_tleft_sampent_full_change_precond;eeg_c_theta_mean_full_change_precond;eeg_tleft_halpha_mean_full_change_precond;gsr_skin_conductance_eda_tonic_mean_nk_full_change_precond;pupil_dilation_sd_full_change_precond;eeg_fl_hbeta_mean_full_change_precond;eeg_fm_theta_mean_full_change_precond;eeg_tleft_lalpha_mean_full_change_precond;eeg_t_sampent_full_change_precond;hrv_rmssd_full_change_precond;eeg_fr_sampent_full_change_precond;eeg_tleft_hbeta_mean_full_change_precond;eeg_c_sampent_full_change_precond;eeg_c_specent_full_change_precond;hr_heartrate_bpm_med_abs_full_change_precond;eeg_tright_halpha_mean_full_change_precond;eeg_pleft_halpha_mean_full_change_precond;eeg_fm_sampent_full_change_precond;pupil_asymmetry_full_change_precond;eeg_pleft_lbeta_mean_full_change_precond"
2025-11-26 19:36:19.827673,43,"stress_label",20,128,0.125,0.551282051282051,0.602564102564103,NA,20,"top20","eeg_tleft_sampent_full_change_precond;eeg_c_theta_mean_full_change_precond;eeg_tleft_halpha_mean_full_change_precond;gsr_skin_conductance_eda_tonic_mean_nk_full_change_precond;pupil_dilation_sd_full_change_precond;eeg_fl_hbeta_mean_full_change_precond;eeg_fm_theta_mean_full_change_precond;eeg_tleft_lalpha_mean_full_change_precond;eeg_t_sampent_full_change_precond;hrv_rmssd_full_change_precond;eeg_fr_sampent_full_change_precond;eeg_tleft_hbeta_mean_full_change_precond;eeg_c_sampent_full_change_precond;eeg_c_specent_full_change_precond;hr_heartrate_bpm_med_abs_full_change_precond;eeg_tright_halpha_mean_full_change_precond;eeg_pleft_halpha_mean_full_change_precond;eeg_fm_sampent_full_change_precond;pupil_asymmetry_full_change_precond;eeg_pleft_lbeta_mean_full_change_precond"
2025-11-26 19:36:20.984319,43,"stress_label",20,256,0.125,0.551282051282051,0.602564102564103,NA,20,"top20","eeg_tleft_sampent_full_change_precond;eeg_c_theta_mean_full_change_precond;eeg_tleft_halpha_mean_full_change_precond;gsr_skin_conductance_eda_tonic_mean_nk_full_change_precond;pupil_dilation_sd_full_change_precond;eeg_fl_hbeta_mean_full_change_precond;eeg_fm_theta_mean_full_change_precond;eeg_tleft_lalpha_mean_full_change_precond;eeg_t_sampent_full_change_precond;hrv_rmssd_full_change_precond;eeg_fr_sampent_full_change_precond;eeg_tleft_hbeta_mean_full_change_precond;eeg_c_sampent_full_change_precond;eeg_c_specent_full_change_precond;hr_heartrate_bpm_med_abs_full_change_precond;eeg_tright_halpha_mean_full_change_precond;eeg_pleft_halpha_mean_full_change_precond;eeg_fm_sampent_full_change_precond;pupil_asymmetry_full_change_precond;eeg_pleft_lbeta_mean_full_change_precond"
2025-11-26 19:36:21.943057,43,"stress_label",20,2,0.03,0.544871794871795,0.58974358974359,0.523076923076923,20,"top20","eeg_tleft_sampent_full_change_precond;eeg_c_theta_mean_full_change_precond;eeg_tleft_halpha_mean_full_change_precond;gsr_skin_conductance_eda_tonic_mean_nk_full_change_precond;pupil_dilation_sd_full_change_precond;eeg_fl_hbeta_mean_full_change_precond;eeg_fm_theta_mean_full_change_precond;eeg_tleft_lalpha_mean_full_change_precond;eeg_t_sampent_full_change_precond;hrv_rmssd_full_change_precond;eeg_fr_sampent_full_change_precond;eeg_tleft_hbeta_mean_full_change_precond;eeg_c_sampent_full_change_precond;eeg_c_specent_full_change_precond;hr_heartrate_bpm_med_abs_full_change_precond;eeg_tright_halpha_mean_full_change_precond;eeg_pleft_halpha_mean_full_change_precond;eeg_fm_sampent_full_change_precond;pupil_asymmetry_full_change_precond;eeg_pleft_lbeta_mean_full_change_precond"
2025-11-26 19:36:22.996288,43,"stress_label",20,4,0.03,0.57051282051282,0.557692307692308,NA,20,"top20","eeg_tleft_sampent_full_change_precond;eeg_c_theta_mean_full_change_precond;eeg_tleft_halpha_mean_full_change_precond;gsr_skin_conductance_eda_tonic_mean_nk_full_change_precond;pupil_dilation_sd_full_change_precond;eeg_fl_hbeta_mean_full_change_precond;eeg_fm_theta_mean_full_change_precond;eeg_tleft_lalpha_mean_full_change_precond;eeg_t_sampent_full_change_precond;hrv_rmssd_full_change_precond;eeg_fr_sampent_full_change_precond;eeg_tleft_hbeta_mean_full_change_precond;eeg_c_sampent_full_change_precond;eeg_c_specent_full_change_precond;hr_heartrate_bpm_med_abs_full_change_precond;eeg_tright_halpha_mean_full_change_precond;eeg_pleft_halpha_mean_full_change_precond;eeg_fm_sampent_full_change_precond;pupil_asymmetry_full_change_precond;eeg_pleft_lbeta_mean_full_change_precond"
2025-11-26 19:36:24.102106,43,"stress_label",20,8,0.03,0.576923076923077,0.480769230769231,NA,20,"top20","eeg_tleft_sampent_full_change_precond;eeg_c_theta_mean_full_change_precond;eeg_tleft_halpha_mean_full_change_precond;gsr_skin_conductance_eda_tonic_mean_nk_full_change_precond;pupil_dilation_sd_full_change_precond;eeg_fl_hbeta_mean_full_change_precond;eeg_fm_theta_mean_full_change_precond;eeg_tleft_lalpha_mean_full_change_precond;eeg_t_sampent_full_change_precond;hrv_rmssd_full_change_precond;eeg_fr_sampent_full_change_precond;eeg_tleft_hbeta_mean_full_change_precond;eeg_c_sampent_full_change_precond;eeg_c_specent_full_change_precond;hr_heartrate_bpm_med_abs_full_change_precond;eeg_tright_halpha_mean_full_change_precond;eeg_pleft_halpha_mean_full_change_precond;eeg_fm_sampent_full_change_precond;pupil_asymmetry_full_change_precond;eeg_pleft_lbeta_mean_full_change_precond"
2025-11-26 19:36:25.290039,43,"stress_label",20,16,0.03,0.551282051282051,0.564102564102564,NA,20,"top20","eeg_tleft_sampent_full_change_precond;eeg_c_theta_mean_full_change_precond;eeg_tleft_halpha_mean_full_change_precond;gsr_skin_conductance_eda_tonic_mean_nk_full_change_precond;pupil_dilation_sd_full_change_precond;eeg_fl_hbeta_mean_full_change_precond;eeg_fm_theta_mean_full_change_precond;eeg_tleft_lalpha_mean_full_change_precond;eeg_t_sampent_full_change_precond;hrv_rmssd_full_change_precond;eeg_fr_sampent_full_change_precond;eeg_tleft_hbeta_mean_full_change_precond;eeg_c_sampent_full_change_precond;eeg_c_specent_full_change_precond;hr_heartrate_bpm_med_abs_full_change_precond;eeg_tright_halpha_mean_full_change_precond;eeg_pleft_halpha_mean_full_change_precond;eeg_fm_sampent_full_change_precond;pupil_asymmetry_full_change_precond;eeg_pleft_lbeta_mean_full_change_precond"
2025-11-26 19:36:26.497461,43,"stress_label",20,32,0.03,0.557692307692308,0.602564102564103,NA,20,"top20","eeg_tleft_sampent_full_change_precond;eeg_c_theta_mean_full_change_precond;eeg_tleft_halpha_mean_full_change_precond;gsr_skin_conductance_eda_tonic_mean_nk_full_change_precond;pupil_dilation_sd_full_change_precond;eeg_fl_hbeta_mean_full_change_precond;eeg_fm_theta_mean_full_change_precond;eeg_tleft_lalpha_mean_full_change_precond;eeg_t_sampent_full_change_precond;hrv_rmssd_full_change_precond;eeg_fr_sampent_full_change_precond;eeg_tleft_hbeta_mean_full_change_precond;eeg_c_sampent_full_change_precond;eeg_c_specent_full_change_precond;hr_heartrate_bpm_med_abs_full_change_precond;eeg_tright_halpha_mean_full_change_precond;eeg_pleft_halpha_mean_full_change_precond;eeg_fm_sampent_full_change_precond;pupil_asymmetry_full_change_precond;eeg_pleft_lbeta_mean_full_change_precond"
2025-11-26 19:36:27.711035,43,"stress_label",20,64,0.03,0.538461538461538,0.583333333333333,NA,20,"top20","eeg_tleft_sampent_full_change_precond;eeg_c_theta_mean_full_change_precond;eeg_tleft_halpha_mean_full_change_precond;gsr_skin_conductance_eda_tonic_mean_nk_full_change_precond;pupil_dilation_sd_full_change_precond;eeg_fl_hbeta_mean_full_change_precond;eeg_fm_theta_mean_full_change_precond;eeg_tleft_lalpha_mean_full_change_precond;eeg_t_sampent_full_change_precond;hrv_rmssd_full_change_precond;eeg_fr_sampent_full_change_precond;eeg_tleft_hbeta_mean_full_change_precond;eeg_c_sampent_full_change_precond;eeg_c_specent_full_change_precond;hr_heartrate_bpm_med_abs_full_change_precond;eeg_tright_halpha_mean_full_change_precond;eeg_pleft_halpha_mean_full_change_precond;eeg_fm_sampent_full_change_precond;pupil_asymmetry_full_change_precond;eeg_pleft_lbeta_mean_full_change_precond"
2025-11-26 19:36:28.911125,43,"stress_label",20,128,0.03,0.538461538461538,0.583333333333333,NA,20,"top20","eeg_tleft_sampent_full_change_precond;eeg_c_theta_mean_full_change_precond;eeg_tleft_halpha_mean_full_change_precond;gsr_skin_conductance_eda_tonic_mean_nk_full_change_precond;pupil_dilation_sd_full_change_precond;eeg_fl_hbeta_mean_full_change_precond;eeg_fm_theta_mean_full_change_precond;eeg_tleft_lalpha_mean_full_change_precond;eeg_t_sampent_full_change_precond;hrv_rmssd_full_change_precond;eeg_fr_sampent_full_change_precond;eeg_tleft_hbeta_mean_full_change_precond;eeg_c_sampent_full_change_precond;eeg_c_specent_full_change_precond;hr_heartrate_bpm_med_abs_full_change_precond;eeg_tright_halpha_mean_full_change_precond;eeg_pleft_halpha_mean_full_change_precond;eeg_fm_sampent_full_change_precond;pupil_asymmetry_full_change_precond;eeg_pleft_lbeta_mean_full_change_precond"
2025-11-26 19:36:30.051439,43,"stress_label",20,256,0.03,0.538461538461538,0.583333333333333,NA,20,"top20","eeg_tleft_sampent_full_change_precond;eeg_c_theta_mean_full_change_precond;eeg_tleft_halpha_mean_full_change_precond;gsr_skin_conductance_eda_tonic_mean_nk_full_change_precond;pupil_dilation_sd_full_change_precond;eeg_fl_hbeta_mean_full_change_precond;eeg_fm_theta_mean_full_change_precond;eeg_tleft_lalpha_mean_full_change_precond;eeg_t_sampent_full_change_precond;hrv_rmssd_full_change_precond;eeg_fr_sampent_full_change_precond;eeg_tleft_hbeta_mean_full_change_precond;eeg_c_sampent_full_change_precond;eeg_c_specent_full_change_precond;hr_heartrate_bpm_med_abs_full_change_precond;eeg_tright_halpha_mean_full_change_precond;eeg_pleft_halpha_mean_full_change_precond;eeg_fm_sampent_full_change_precond;pupil_asymmetry_full_change_precond;eeg_pleft_lbeta_mean_full_change_precond"
2025-11-26 19:36:31.127322,43,"stress_label",20,2,0.06,0.544871794871795,0.596153846153846,NA,20,"top20","eeg_tleft_sampent_full_change_precond;eeg_c_theta_mean_full_change_precond;eeg_tleft_halpha_mean_full_change_precond;gsr_skin_conductance_eda_tonic_mean_nk_full_change_precond;pupil_dilation_sd_full_change_precond;eeg_fl_hbeta_mean_full_change_precond;eeg_fm_theta_mean_full_change_precond;eeg_tleft_lalpha_mean_full_change_precond;eeg_t_sampent_full_change_precond;hrv_rmssd_full_change_precond;eeg_fr_sampent_full_change_precond;eeg_tleft_hbeta_mean_full_change_precond;eeg_c_sampent_full_change_precond;eeg_c_specent_full_change_precond;hr_heartrate_bpm_med_abs_full_change_precond;eeg_tright_halpha_mean_full_change_precond;eeg_pleft_halpha_mean_full_change_precond;eeg_fm_sampent_full_change_precond;pupil_asymmetry_full_change_precond;eeg_pleft_lbeta_mean_full_change_precond"
2025-11-26 19:36:32.317208,43,"stress_label",20,4,0.06,0.532051282051282,0.564102564102564,NA,20,"top20","eeg_tleft_sampent_full_change_precond;eeg_c_theta_mean_full_change_precond;eeg_tleft_halpha_mean_full_change_precond;gsr_skin_conductance_eda_tonic_mean_nk_full_change_precond;pupil_dilation_sd_full_change_precond;eeg_fl_hbeta_mean_full_change_precond;eeg_fm_theta_mean_full_change_precond;eeg_tleft_lalpha_mean_full_change_precond;eeg_t_sampent_full_change_precond;hrv_rmssd_full_change_precond;eeg_fr_sampent_full_change_precond;eeg_tleft_hbeta_mean_full_change_precond;eeg_c_sampent_full_change_precond;eeg_c_specent_full_change_precond;hr_heartrate_bpm_med_abs_full_change_precond;eeg_tright_halpha_mean_full_change_precond;eeg_pleft_halpha_mean_full_change_precond;eeg_fm_sampent_full_change_precond;pupil_asymmetry_full_change_precond;eeg_pleft_lbeta_mean_full_change_precond"
2025-11-26 19:36:33.4973,43,"stress_label",20,8,0.06,0.57051282051282,0.615384615384615,NA,20,"top20","eeg_tleft_sampent_full_change_precond;eeg_c_theta_mean_full_change_precond;eeg_tleft_halpha_mean_full_change_precond;gsr_skin_conductance_eda_tonic_mean_nk_full_change_precond;pupil_dilation_sd_full_change_precond;eeg_fl_hbeta_mean_full_change_precond;eeg_fm_theta_mean_full_change_precond;eeg_tleft_lalpha_mean_full_change_precond;eeg_t_sampent_full_change_precond;hrv_rmssd_full_change_precond;eeg_fr_sampent_full_change_precond;eeg_tleft_hbeta_mean_full_change_precond;eeg_c_sampent_full_change_precond;eeg_c_specent_full_change_precond;hr_heartrate_bpm_med_abs_full_change_precond;eeg_tright_halpha_mean_full_change_precond;eeg_pleft_halpha_mean_full_change_precond;eeg_fm_sampent_full_change_precond;pupil_asymmetry_full_change_precond;eeg_pleft_lbeta_mean_full_change_precond"
2025-11-26 19:36:34.516284,43,"stress_label",20,16,0.06,0.576923076923077,0.602564102564103,NA,20,"top20","eeg_tleft_sampent_full_change_precond;eeg_c_theta_mean_full_change_precond;eeg_tleft_halpha_mean_full_change_precond;gsr_skin_conductance_eda_tonic_mean_nk_full_change_precond;pupil_dilation_sd_full_change_precond;eeg_fl_hbeta_mean_full_change_precond;eeg_fm_theta_mean_full_change_precond;eeg_tleft_lalpha_mean_full_change_precond;eeg_t_sampent_full_change_precond;hrv_rmssd_full_change_precond;eeg_fr_sampent_full_change_precond;eeg_tleft_hbeta_mean_full_change_precond;eeg_c_sampent_full_change_precond;eeg_c_specent_full_change_precond;hr_heartrate_bpm_med_abs_full_change_precond;eeg_tright_halpha_mean_full_change_precond;eeg_pleft_halpha_mean_full_change_precond;eeg_fm_sampent_full_change_precond;pupil_asymmetry_full_change_precond;eeg_pleft_lbeta_mean_full_change_precond"
2025-11-26 19:36:35.634385,43,"stress_label",20,32,0.06,0.576923076923077,0.602564102564103,NA,20,"top20","eeg_tleft_sampent_full_change_precond;eeg_c_theta_mean_full_change_precond;eeg_tleft_halpha_mean_full_change_precond;gsr_skin_conductance_eda_tonic_mean_nk_full_change_precond;pupil_dilation_sd_full_change_precond;eeg_fl_hbeta_mean_full_change_precond;eeg_fm_theta_mean_full_change_precond;eeg_tleft_lalpha_mean_full_change_precond;eeg_t_sampent_full_change_precond;hrv_rmssd_full_change_precond;eeg_fr_sampent_full_change_precond;eeg_tleft_hbeta_mean_full_change_precond;eeg_c_sampent_full_change_precond;eeg_c_specent_full_change_precond;hr_heartrate_bpm_med_abs_full_change_precond;eeg_tright_halpha_mean_full_change_precond;eeg_pleft_halpha_mean_full_change_precond;eeg_fm_sampent_full_change_precond;pupil_asymmetry_full_change_precond;eeg_pleft_lbeta_mean_full_change_precond"
2025-11-26 19:36:36.811803,43,"stress_label",20,64,0.06,0.576923076923077,0.602564102564103,NA,20,"top20","eeg_tleft_sampent_full_change_precond;eeg_c_theta_mean_full_change_precond;eeg_tleft_halpha_mean_full_change_precond;gsr_skin_conductance_eda_tonic_mean_nk_full_change_precond;pupil_dilation_sd_full_change_precond;eeg_fl_hbeta_mean_full_change_precond;eeg_fm_theta_mean_full_change_precond;eeg_tleft_lalpha_mean_full_change_precond;eeg_t_sampent_full_change_precond;hrv_rmssd_full_change_precond;eeg_fr_sampent_full_change_precond;eeg_tleft_hbeta_mean_full_change_precond;eeg_c_sampent_full_change_precond;eeg_c_specent_full_change_precond;hr_heartrate_bpm_med_abs_full_change_precond;eeg_tright_halpha_mean_full_change_precond;eeg_pleft_halpha_mean_full_change_precond;eeg_fm_sampent_full_change_precond;pupil_asymmetry_full_change_precond;eeg_pleft_lbeta_mean_full_change_precond"
2025-11-26 19:36:37.989006,43,"stress_label",20,128,0.06,0.576923076923077,0.602564102564103,NA,20,"top20","eeg_tleft_sampent_full_change_precond;eeg_c_theta_mean_full_change_precond;eeg_tleft_halpha_mean_full_change_precond;gsr_skin_conductance_eda_tonic_mean_nk_full_change_precond;pupil_dilation_sd_full_change_precond;eeg_fl_hbeta_mean_full_change_precond;eeg_fm_theta_mean_full_change_precond;eeg_tleft_lalpha_mean_full_change_precond;eeg_t_sampent_full_change_precond;hrv_rmssd_full_change_precond;eeg_fr_sampent_full_change_precond;eeg_tleft_hbeta_mean_full_change_precond;eeg_c_sampent_full_change_precond;eeg_c_specent_full_change_precond;hr_heartrate_bpm_med_abs_full_change_precond;eeg_tright_halpha_mean_full_change_precond;eeg_pleft_halpha_mean_full_change_precond;eeg_fm_sampent_full_change_precond;pupil_asymmetry_full_change_precond;eeg_pleft_lbeta_mean_full_change_precond"
2025-11-26 19:36:38.95769,43,"stress_label",20,256,0.06,0.576923076923077,0.602564102564103,NA,20,"top20","eeg_tleft_sampent_full_change_precond;eeg_c_theta_mean_full_change_precond;eeg_tleft_halpha_mean_full_change_precond;gsr_skin_conductance_eda_tonic_mean_nk_full_change_precond;pupil_dilation_sd_full_change_precond;eeg_fl_hbeta_mean_full_change_precond;eeg_fm_theta_mean_full_change_precond;eeg_tleft_lalpha_mean_full_change_precond;eeg_t_sampent_full_change_precond;hrv_rmssd_full_change_precond;eeg_fr_sampent_full_change_precond;eeg_tleft_hbeta_mean_full_change_precond;eeg_c_sampent_full_change_precond;eeg_c_specent_full_change_precond;hr_heartrate_bpm_med_abs_full_change_precond;eeg_tright_halpha_mean_full_change_precond;eeg_pleft_halpha_mean_full_change_precond;eeg_fm_sampent_full_change_precond;pupil_asymmetry_full_change_precond;eeg_pleft_lbeta_mean_full_change_precond"
2025-11-26 19:36:40.029,43,"stress_label",20,2,0.1,0.551282051282051,0.602564102564103,NA,20,"top20","eeg_tleft_sampent_full_change_precond;eeg_c_theta_mean_full_change_precond;eeg_tleft_halpha_mean_full_change_precond;gsr_skin_conductance_eda_tonic_mean_nk_full_change_precond;pupil_dilation_sd_full_change_precond;eeg_fl_hbeta_mean_full_change_precond;eeg_fm_theta_mean_full_change_precond;eeg_tleft_lalpha_mean_full_change_precond;eeg_t_sampent_full_change_precond;hrv_rmssd_full_change_precond;eeg_fr_sampent_full_change_precond;eeg_tleft_hbeta_mean_full_change_precond;eeg_c_sampent_full_change_precond;eeg_c_specent_full_change_precond;hr_heartrate_bpm_med_abs_full_change_precond;eeg_tright_halpha_mean_full_change_precond;eeg_pleft_halpha_mean_full_change_precond;eeg_fm_sampent_full_change_precond;pupil_asymmetry_full_change_precond;eeg_pleft_lbeta_mean_full_change_precond"
2025-11-26 19:36:41.102911,43,"stress_label",20,4,0.1,0.583333333333333,0.602564102564103,NA,20,"top20","eeg_tleft_sampent_full_change_precond;eeg_c_theta_mean_full_change_precond;eeg_tleft_halpha_mean_full_change_precond;gsr_skin_conductance_eda_tonic_mean_nk_full_change_precond;pupil_dilation_sd_full_change_precond;eeg_fl_hbeta_mean_full_change_precond;eeg_fm_theta_mean_full_change_precond;eeg_tleft_lalpha_mean_full_change_precond;eeg_t_sampent_full_change_precond;hrv_rmssd_full_change_precond;eeg_fr_sampent_full_change_precond;eeg_tleft_hbeta_mean_full_change_precond;eeg_c_sampent_full_change_precond;eeg_c_specent_full_change_precond;hr_heartrate_bpm_med_abs_full_change_precond;eeg_tright_halpha_mean_full_change_precond;eeg_pleft_halpha_mean_full_change_precond;eeg_fm_sampent_full_change_precond;pupil_asymmetry_full_change_precond;eeg_pleft_lbeta_mean_full_change_precond"
2025-11-26 19:36:42.153486,43,"stress_label",20,8,0.1,0.583333333333333,0.596153846153846,NA,20,"top20","eeg_tleft_sampent_full_change_precond;eeg_c_theta_mean_full_change_precond;eeg_tleft_halpha_mean_full_change_precond;gsr_skin_conductance_eda_tonic_mean_nk_full_change_precond;pupil_dilation_sd_full_change_precond;eeg_fl_hbeta_mean_full_change_precond;eeg_fm_theta_mean_full_change_precond;eeg_tleft_lalpha_mean_full_change_precond;eeg_t_sampent_full_change_precond;hrv_rmssd_full_change_precond;eeg_fr_sampent_full_change_precond;eeg_tleft_hbeta_mean_full_change_precond;eeg_c_sampent_full_change_precond;eeg_c_specent_full_change_precond;hr_heartrate_bpm_med_abs_full_change_precond;eeg_tright_halpha_mean_full_change_precond;eeg_pleft_halpha_mean_full_change_precond;eeg_fm_sampent_full_change_precond;pupil_asymmetry_full_change_precond;eeg_pleft_lbeta_mean_full_change_precond"
2025-11-26 19:36:43.229576,43,"stress_label",20,16,0.1,0.583333333333333,0.596153846153846,NA,20,"top20","eeg_tleft_sampent_full_change_precond;eeg_c_theta_mean_full_change_precond;eeg_tleft_halpha_mean_full_change_precond;gsr_skin_conductance_eda_tonic_mean_nk_full_change_precond;pupil_dilation_sd_full_change_precond;eeg_fl_hbeta_mean_full_change_precond;eeg_fm_theta_mean_full_change_precond;eeg_tleft_lalpha_mean_full_change_precond;eeg_t_sampent_full_change_precond;hrv_rmssd_full_change_precond;eeg_fr_sampent_full_change_precond;eeg_tleft_hbeta_mean_full_change_precond;eeg_c_sampent_full_change_precond;eeg_c_specent_full_change_precond;hr_heartrate_bpm_med_abs_full_change_precond;eeg_tright_halpha_mean_full_change_precond;eeg_pleft_halpha_mean_full_change_precond;eeg_fm_sampent_full_change_precond;pupil_asymmetry_full_change_precond;eeg_pleft_lbeta_mean_full_change_precond"
2025-11-26 19:36:44.325378,43,"stress_label",20,32,0.1,0.583333333333333,0.596153846153846,NA,20,"top20","eeg_tleft_sampent_full_change_precond;eeg_c_theta_mean_full_change_precond;eeg_tleft_halpha_mean_full_change_precond;gsr_skin_conductance_eda_tonic_mean_nk_full_change_precond;pupil_dilation_sd_full_change_precond;eeg_fl_hbeta_mean_full_change_precond;eeg_fm_theta_mean_full_change_precond;eeg_tleft_lalpha_mean_full_change_precond;eeg_t_sampent_full_change_precond;hrv_rmssd_full_change_precond;eeg_fr_sampent_full_change_precond;eeg_tleft_hbeta_mean_full_change_precond;eeg_c_sampent_full_change_precond;eeg_c_specent_full_change_precond;hr_heartrate_bpm_med_abs_full_change_precond;eeg_tright_halpha_mean_full_change_precond;eeg_pleft_halpha_mean_full_change_precond;eeg_fm_sampent_full_change_precond;pupil_asymmetry_full_change_precond;eeg_pleft_lbeta_mean_full_change_precond"
2025-11-26 19:36:45.475967,43,"stress_label",20,64,0.1,0.583333333333333,0.596153846153846,NA,20,"top20","eeg_tleft_sampent_full_change_precond;eeg_c_theta_mean_full_change_precond;eeg_tleft_halpha_mean_full_change_precond;gsr_skin_conductance_eda_tonic_mean_nk_full_change_precond;pupil_dilation_sd_full_change_precond;eeg_fl_hbeta_mean_full_change_precond;eeg_fm_theta_mean_full_change_precond;eeg_tleft_lalpha_mean_full_change_precond;eeg_t_sampent_full_change_precond;hrv_rmssd_full_change_precond;eeg_fr_sampent_full_change_precond;eeg_tleft_hbeta_mean_full_change_precond;eeg_c_sampent_full_change_precond;eeg_c_specent_full_change_precond;hr_heartrate_bpm_med_abs_full_change_precond;eeg_tright_halpha_mean_full_change_precond;eeg_pleft_halpha_mean_full_change_precond;eeg_fm_sampent_full_change_precond;pupil_asymmetry_full_change_precond;eeg_pleft_lbeta_mean_full_change_precond"
2025-11-26 19:36:46.620263,43,"stress_label",20,128,0.1,0.583333333333333,0.57051282051282,NA,20,"top20","eeg_tleft_sampent_full_change_precond;eeg_c_theta_mean_full_change_precond;eeg_tleft_halpha_mean_full_change_precond;gsr_skin_conductance_eda_tonic_mean_nk_full_change_precond;pupil_dilation_sd_full_change_precond;eeg_fl_hbeta_mean_full_change_precond;eeg_fm_theta_mean_full_change_precond;eeg_tleft_lalpha_mean_full_change_precond;eeg_t_sampent_full_change_precond;hrv_rmssd_full_change_precond;eeg_fr_sampent_full_change_precond;eeg_tleft_hbeta_mean_full_change_precond;eeg_c_sampent_full_change_precond;eeg_c_specent_full_change_precond;hr_heartrate_bpm_med_abs_full_change_precond;eeg_tright_halpha_mean_full_change_precond;eeg_pleft_halpha_mean_full_change_precond;eeg_fm_sampent_full_change_precond;pupil_asymmetry_full_change_precond;eeg_pleft_lbeta_mean_full_change_precond"
2025-11-26 19:36:47.774256,43,"stress_label",20,256,0.1,0.583333333333333,0.596153846153846,NA,20,"top20","eeg_tleft_sampent_full_change_precond;eeg_c_theta_mean_full_change_precond;eeg_tleft_halpha_mean_full_change_precond;gsr_skin_conductance_eda_tonic_mean_nk_full_change_precond;pupil_dilation_sd_full_change_precond;eeg_fl_hbeta_mean_full_change_precond;eeg_fm_theta_mean_full_change_precond;eeg_tleft_lalpha_mean_full_change_precond;eeg_t_sampent_full_change_precond;hrv_rmssd_full_change_precond;eeg_fr_sampent_full_change_precond;eeg_tleft_hbeta_mean_full_change_precond;eeg_c_sampent_full_change_precond;eeg_c_specent_full_change_precond;hr_heartrate_bpm_med_abs_full_change_precond;eeg_tright_halpha_mean_full_change_precond;eeg_pleft_halpha_mean_full_change_precond;eeg_fm_sampent_full_change_precond;pupil_asymmetry_full_change_precond;eeg_pleft_lbeta_mean_full_change_precond"
2025-11-26 19:36:48.529432,43,"stress_label",10,2,0.0078125,0.608974358974359,0.615384615384615,0.615384615384615,10,"top10","eeg_tleft_sampent_full_change_precond;eeg_c_theta_mean_full_change_precond;eeg_tleft_halpha_mean_full_change_precond;gsr_skin_conductance_eda_tonic_mean_nk_full_change_precond;pupil_dilation_sd_full_change_precond;eeg_fl_hbeta_mean_full_change_precond;eeg_fm_theta_mean_full_change_precond;eeg_tleft_lalpha_mean_full_change_precond;eeg_t_sampent_full_change_precond;hrv_rmssd_full_change_precond"
2025-11-26 19:36:49.294231,43,"stress_label",10,4,0.0078125,0.564102564102564,0.576923076923077,0.552136752136752,10,"top10","eeg_tleft_sampent_full_change_precond;eeg_c_theta_mean_full_change_precond;eeg_tleft_halpha_mean_full_change_precond;gsr_skin_conductance_eda_tonic_mean_nk_full_change_precond;pupil_dilation_sd_full_change_precond;eeg_fl_hbeta_mean_full_change_precond;eeg_fm_theta_mean_full_change_precond;eeg_tleft_lalpha_mean_full_change_precond;eeg_t_sampent_full_change_precond;hrv_rmssd_full_change_precond"
2025-11-26 19:36:50.101958,43,"stress_label",10,8,0.0078125,0.532051282051282,0.544871794871795,0.490598290598291,10,"top10","eeg_tleft_sampent_full_change_precond;eeg_c_theta_mean_full_change_precond;eeg_tleft_halpha_mean_full_change_precond;gsr_skin_conductance_eda_tonic_mean_nk_full_change_precond;pupil_dilation_sd_full_change_precond;eeg_fl_hbeta_mean_full_change_precond;eeg_fm_theta_mean_full_change_precond;eeg_tleft_lalpha_mean_full_change_precond;eeg_t_sampent_full_change_precond;hrv_rmssd_full_change_precond"
2025-11-26 19:36:50.740299,43,"stress_label",10,16,0.0078125,0.544871794871795,0.57051282051282,0.516239316239316,10,"top10","eeg_tleft_sampent_full_change_precond;eeg_c_theta_mean_full_change_precond;eeg_tleft_halpha_mean_full_change_precond;gsr_skin_conductance_eda_tonic_mean_nk_full_change_precond;pupil_dilation_sd_full_change_precond;eeg_fl_hbeta_mean_full_change_precond;eeg_fm_theta_mean_full_change_precond;eeg_tleft_lalpha_mean_full_change_precond;eeg_t_sampent_full_change_precond;hrv_rmssd_full_change_precond"
2025-11-26 19:36:51.392827,43,"stress_label",10,32,0.0078125,0.551282051282051,0.57051282051282,0.534188034188034,10,"top10","eeg_tleft_sampent_full_change_precond;eeg_c_theta_mean_full_change_precond;eeg_tleft_halpha_mean_full_change_precond;gsr_skin_conductance_eda_tonic_mean_nk_full_change_precond;pupil_dilation_sd_full_change_precond;eeg_fl_hbeta_mean_full_change_precond;eeg_fm_theta_mean_full_change_precond;eeg_tleft_lalpha_mean_full_change_precond;eeg_t_sampent_full_change_precond;hrv_rmssd_full_change_precond"
2025-11-26 19:36:52.289354,43,"stress_label",10,64,0.0078125,0.544871794871795,0.583333333333333,NA,10,"top10","eeg_tleft_sampent_full_change_precond;eeg_c_theta_mean_full_change_precond;eeg_tleft_halpha_mean_full_change_precond;gsr_skin_conductance_eda_tonic_mean_nk_full_change_precond;pupil_dilation_sd_full_change_precond;eeg_fl_hbeta_mean_full_change_precond;eeg_fm_theta_mean_full_change_precond;eeg_tleft_lalpha_mean_full_change_precond;eeg_t_sampent_full_change_precond;hrv_rmssd_full_change_precond"
2025-11-26 19:36:53.245167,43,"stress_label",10,128,0.0078125,0.564102564102564,0.576923076923077,NA,10,"top10","eeg_tleft_sampent_full_change_precond;eeg_c_theta_mean_full_change_precond;eeg_tleft_halpha_mean_full_change_precond;gsr_skin_conductance_eda_tonic_mean_nk_full_change_precond;pupil_dilation_sd_full_change_precond;eeg_fl_hbeta_mean_full_change_precond;eeg_fm_theta_mean_full_change_precond;eeg_tleft_lalpha_mean_full_change_precond;eeg_t_sampent_full_change_precond;hrv_rmssd_full_change_precond"
2025-11-26 19:36:54.348335,43,"stress_label",10,256,0.0078125,0.519230769230769,0.551282051282051,NA,10,"top10","eeg_tleft_sampent_full_change_precond;eeg_c_theta_mean_full_change_precond;eeg_tleft_halpha_mean_full_change_precond;gsr_skin_conductance_eda_tonic_mean_nk_full_change_precond;pupil_dilation_sd_full_change_precond;eeg_fl_hbeta_mean_full_change_precond;eeg_fm_theta_mean_full_change_precond;eeg_tleft_lalpha_mean_full_change_precond;eeg_t_sampent_full_change_precond;hrv_rmssd_full_change_precond"
2025-11-26 19:36:55.233645,43,"stress_label",10,2,0.015625,0.58974358974359,0.596153846153846,0.558974358974359,10,"top10","eeg_tleft_sampent_full_change_precond;eeg_c_theta_mean_full_change_precond;eeg_tleft_halpha_mean_full_change_precond;gsr_skin_conductance_eda_tonic_mean_nk_full_change_precond;pupil_dilation_sd_full_change_precond;eeg_fl_hbeta_mean_full_change_precond;eeg_fm_theta_mean_full_change_precond;eeg_tleft_lalpha_mean_full_change_precond;eeg_t_sampent_full_change_precond;hrv_rmssd_full_change_precond"
2025-11-26 19:36:56.113662,43,"stress_label",10,4,0.015625,0.532051282051282,0.557692307692308,0.477777777777778,10,"top10","eeg_tleft_sampent_full_change_precond;eeg_c_theta_mean_full_change_precond;eeg_tleft_halpha_mean_full_change_precond;gsr_skin_conductance_eda_tonic_mean_nk_full_change_precond;pupil_dilation_sd_full_change_precond;eeg_fl_hbeta_mean_full_change_precond;eeg_fm_theta_mean_full_change_precond;eeg_tleft_lalpha_mean_full_change_precond;eeg_t_sampent_full_change_precond;hrv_rmssd_full_change_precond"
2025-11-26 19:36:56.934307,43,"stress_label",10,8,0.015625,0.544871794871795,0.564102564102564,0.517948717948718,10,"top10","eeg_tleft_sampent_full_change_precond;eeg_c_theta_mean_full_change_precond;eeg_tleft_halpha_mean_full_change_precond;gsr_skin_conductance_eda_tonic_mean_nk_full_change_precond;pupil_dilation_sd_full_change_precond;eeg_fl_hbeta_mean_full_change_precond;eeg_fm_theta_mean_full_change_precond;eeg_tleft_lalpha_mean_full_change_precond;eeg_t_sampent_full_change_precond;hrv_rmssd_full_change_precond"
2025-11-26 19:36:57.663019,43,"stress_label",10,16,0.015625,0.532051282051282,0.564102564102564,NA,10,"top10","eeg_tleft_sampent_full_change_precond;eeg_c_theta_mean_full_change_precond;eeg_tleft_halpha_mean_full_change_precond;gsr_skin_conductance_eda_tonic_mean_nk_full_change_precond;pupil_dilation_sd_full_change_precond;eeg_fl_hbeta_mean_full_change_precond;eeg_fm_theta_mean_full_change_precond;eeg_tleft_lalpha_mean_full_change_precond;eeg_t_sampent_full_change_precond;hrv_rmssd_full_change_precond"
2025-11-26 19:36:58.610918,43,"stress_label",10,32,0.015625,0.564102564102564,0.583333333333333,NA,10,"top10","eeg_tleft_sampent_full_change_precond;eeg_c_theta_mean_full_change_precond;eeg_tleft_halpha_mean_full_change_precond;gsr_skin_conductance_eda_tonic_mean_nk_full_change_precond;pupil_dilation_sd_full_change_precond;eeg_fl_hbeta_mean_full_change_precond;eeg_fm_theta_mean_full_change_precond;eeg_tleft_lalpha_mean_full_change_precond;eeg_t_sampent_full_change_precond;hrv_rmssd_full_change_precond"
2025-11-26 19:36:59.58004,43,"stress_label",10,64,0.015625,0.532051282051282,0.538461538461538,NA,10,"top10","eeg_tleft_sampent_full_change_precond;eeg_c_theta_mean_full_change_precond;eeg_tleft_halpha_mean_full_change_precond;gsr_skin_conductance_eda_tonic_mean_nk_full_change_precond;pupil_dilation_sd_full_change_precond;eeg_fl_hbeta_mean_full_change_precond;eeg_fm_theta_mean_full_change_precond;eeg_tleft_lalpha_mean_full_change_precond;eeg_t_sampent_full_change_precond;hrv_rmssd_full_change_precond"
2025-11-26 19:37:00.637039,43,"stress_label",10,128,0.015625,0.519230769230769,0.538461538461538,0.482905982905983,10,"top10","eeg_tleft_sampent_full_change_precond;eeg_c_theta_mean_full_change_precond;eeg_tleft_halpha_mean_full_change_precond;gsr_skin_conductance_eda_tonic_mean_nk_full_change_precond;pupil_dilation_sd_full_change_precond;eeg_fl_hbeta_mean_full_change_precond;eeg_fm_theta_mean_full_change_precond;eeg_tleft_lalpha_mean_full_change_precond;eeg_t_sampent_full_change_precond;hrv_rmssd_full_change_precond"
2025-11-26 19:37:01.84815,43,"stress_label",10,256,0.015625,0.57051282051282,0.557692307692308,NA,10,"top10","eeg_tleft_sampent_full_change_precond;eeg_c_theta_mean_full_change_precond;eeg_tleft_halpha_mean_full_change_precond;gsr_skin_conductance_eda_tonic_mean_nk_full_change_precond;pupil_dilation_sd_full_change_precond;eeg_fl_hbeta_mean_full_change_precond;eeg_fm_theta_mean_full_change_precond;eeg_tleft_lalpha_mean_full_change_precond;eeg_t_sampent_full_change_precond;hrv_rmssd_full_change_precond"
2025-11-26 19:37:02.637623,43,"stress_label",10,2,0.03125,0.551282051282051,0.583333333333333,0.485470085470085,10,"top10","eeg_tleft_sampent_full_change_precond;eeg_c_theta_mean_full_change_precond;eeg_tleft_halpha_mean_full_change_precond;gsr_skin_conductance_eda_tonic_mean_nk_full_change_precond;pupil_dilation_sd_full_change_precond;eeg_fl_hbeta_mean_full_change_precond;eeg_fm_theta_mean_full_change_precond;eeg_tleft_lalpha_mean_full_change_precond;eeg_t_sampent_full_change_precond;hrv_rmssd_full_change_precond"
2025-11-26 19:37:03.367715,43,"stress_label",10,4,0.03125,0.544871794871795,0.564102564102564,0.513675213675214,10,"top10","eeg_tleft_sampent_full_change_precond;eeg_c_theta_mean_full_change_precond;eeg_tleft_halpha_mean_full_change_precond;gsr_skin_conductance_eda_tonic_mean_nk_full_change_precond;pupil_dilation_sd_full_change_precond;eeg_fl_hbeta_mean_full_change_precond;eeg_fm_theta_mean_full_change_precond;eeg_tleft_lalpha_mean_full_change_precond;eeg_t_sampent_full_change_precond;hrv_rmssd_full_change_precond"
2025-11-26 19:37:04.258823,43,"stress_label",10,8,0.03125,0.538461538461538,0.564102564102564,NA,10,"top10","eeg_tleft_sampent_full_change_precond;eeg_c_theta_mean_full_change_precond;eeg_tleft_halpha_mean_full_change_precond;gsr_skin_conductance_eda_tonic_mean_nk_full_change_precond;pupil_dilation_sd_full_change_precond;eeg_fl_hbeta_mean_full_change_precond;eeg_fm_theta_mean_full_change_precond;eeg_tleft_lalpha_mean_full_change_precond;eeg_t_sampent_full_change_precond;hrv_rmssd_full_change_precond"
2025-11-26 19:37:05.132693,43,"stress_label",10,16,0.03125,0.532051282051282,0.564102564102564,0.484615384615385,10,"top10","eeg_tleft_sampent_full_change_precond;eeg_c_theta_mean_full_change_precond;eeg_tleft_halpha_mean_full_change_precond;gsr_skin_conductance_eda_tonic_mean_nk_full_change_precond;pupil_dilation_sd_full_change_precond;eeg_fl_hbeta_mean_full_change_precond;eeg_fm_theta_mean_full_change_precond;eeg_tleft_lalpha_mean_full_change_precond;eeg_t_sampent_full_change_precond;hrv_rmssd_full_change_precond"
2025-11-26 19:37:06.081318,43,"stress_label",10,32,0.03125,0.532051282051282,0.538461538461538,0.498290598290598,10,"top10","eeg_tleft_sampent_full_change_precond;eeg_c_theta_mean_full_change_precond;eeg_tleft_halpha_mean_full_change_precond;gsr_skin_conductance_eda_tonic_mean_nk_full_change_precond;pupil_dilation_sd_full_change_precond;eeg_fl_hbeta_mean_full_change_precond;eeg_fm_theta_mean_full_change_precond;eeg_tleft_lalpha_mean_full_change_precond;eeg_t_sampent_full_change_precond;hrv_rmssd_full_change_precond"
2025-11-26 19:37:07.048682,43,"stress_label",10,64,0.03125,0.583333333333333,0.57051282051282,NA,10,"top10","eeg_tleft_sampent_full_change_precond;eeg_c_theta_mean_full_change_precond;eeg_tleft_halpha_mean_full_change_precond;gsr_skin_conductance_eda_tonic_mean_nk_full_change_precond;pupil_dilation_sd_full_change_precond;eeg_fl_hbeta_mean_full_change_precond;eeg_fm_theta_mean_full_change_precond;eeg_tleft_lalpha_mean_full_change_precond;eeg_t_sampent_full_change_precond;hrv_rmssd_full_change_precond"
2025-11-26 19:37:08.001665,43,"stress_label",10,128,0.03125,0.557692307692308,0.58974358974359,NA,10,"top10","eeg_tleft_sampent_full_change_precond;eeg_c_theta_mean_full_change_precond;eeg_tleft_halpha_mean_full_change_precond;gsr_skin_conductance_eda_tonic_mean_nk_full_change_precond;pupil_dilation_sd_full_change_precond;eeg_fl_hbeta_mean_full_change_precond;eeg_fm_theta_mean_full_change_precond;eeg_tleft_lalpha_mean_full_change_precond;eeg_t_sampent_full_change_precond;hrv_rmssd_full_change_precond"
2025-11-26 19:37:09.321456,43,"stress_label",10,256,0.03125,0.576923076923077,0.602564102564103,NA,10,"top10","eeg_tleft_sampent_full_change_precond;eeg_c_theta_mean_full_change_precond;eeg_tleft_halpha_mean_full_change_precond;gsr_skin_conductance_eda_tonic_mean_nk_full_change_precond;pupil_dilation_sd_full_change_precond;eeg_fl_hbeta_mean_full_change_precond;eeg_fm_theta_mean_full_change_precond;eeg_tleft_lalpha_mean_full_change_precond;eeg_t_sampent_full_change_precond;hrv_rmssd_full_change_precond"
2025-11-26 19:37:10.085506,43,"stress_label",10,2,0.0625,0.57051282051282,0.583333333333333,0.545299145299145,10,"top10","eeg_tleft_sampent_full_change_precond;eeg_c_theta_mean_full_change_precond;eeg_tleft_halpha_mean_full_change_precond;gsr_skin_conductance_eda_tonic_mean_nk_full_change_precond;pupil_dilation_sd_full_change_precond;eeg_fl_hbeta_mean_full_change_precond;eeg_fm_theta_mean_full_change_precond;eeg_tleft_lalpha_mean_full_change_precond;eeg_t_sampent_full_change_precond;hrv_rmssd_full_change_precond"
2025-11-26 19:37:10.88568,43,"stress_label",10,4,0.0625,0.532051282051282,0.57051282051282,0.488888888888889,10,"top10","eeg_tleft_sampent_full_change_precond;eeg_c_theta_mean_full_change_precond;eeg_tleft_halpha_mean_full_change_precond;gsr_skin_conductance_eda_tonic_mean_nk_full_change_precond;pupil_dilation_sd_full_change_precond;eeg_fl_hbeta_mean_full_change_precond;eeg_fm_theta_mean_full_change_precond;eeg_tleft_lalpha_mean_full_change_precond;eeg_t_sampent_full_change_precond;hrv_rmssd_full_change_precond"
2025-11-26 19:37:11.730654,43,"stress_label",10,8,0.0625,0.57051282051282,0.538461538461538,0.534188034188034,10,"top10","eeg_tleft_sampent_full_change_precond;eeg_c_theta_mean_full_change_precond;eeg_tleft_halpha_mean_full_change_precond;gsr_skin_conductance_eda_tonic_mean_nk_full_change_precond;pupil_dilation_sd_full_change_precond;eeg_fl_hbeta_mean_full_change_precond;eeg_fm_theta_mean_full_change_precond;eeg_tleft_lalpha_mean_full_change_precond;eeg_t_sampent_full_change_precond;hrv_rmssd_full_change_precond"
2025-11-26 19:37:12.7209,43,"stress_label",10,16,0.0625,0.576923076923077,0.564102564102564,NA,10,"top10","eeg_tleft_sampent_full_change_precond;eeg_c_theta_mean_full_change_precond;eeg_tleft_halpha_mean_full_change_precond;gsr_skin_conductance_eda_tonic_mean_nk_full_change_precond;pupil_dilation_sd_full_change_precond;eeg_fl_hbeta_mean_full_change_precond;eeg_fm_theta_mean_full_change_precond;eeg_tleft_lalpha_mean_full_change_precond;eeg_t_sampent_full_change_precond;hrv_rmssd_full_change_precond"
2025-11-26 19:37:13.800502,43,"stress_label",10,32,0.0625,0.608974358974359,0.596153846153846,NA,10,"top10","eeg_tleft_sampent_full_change_precond;eeg_c_theta_mean_full_change_precond;eeg_tleft_halpha_mean_full_change_precond;gsr_skin_conductance_eda_tonic_mean_nk_full_change_precond;pupil_dilation_sd_full_change_precond;eeg_fl_hbeta_mean_full_change_precond;eeg_fm_theta_mean_full_change_precond;eeg_tleft_lalpha_mean_full_change_precond;eeg_t_sampent_full_change_precond;hrv_rmssd_full_change_precond"
2025-11-26 19:37:14.962071,43,"stress_label",10,64,0.0625,0.615384615384615,0.602564102564103,NA,10,"top10","eeg_tleft_sampent_full_change_precond;eeg_c_theta_mean_full_change_precond;eeg_tleft_halpha_mean_full_change_precond;gsr_skin_conductance_eda_tonic_mean_nk_full_change_precond;pupil_dilation_sd_full_change_precond;eeg_fl_hbeta_mean_full_change_precond;eeg_fm_theta_mean_full_change_precond;eeg_tleft_lalpha_mean_full_change_precond;eeg_t_sampent_full_change_precond;hrv_rmssd_full_change_precond"
2025-11-26 19:37:16.158541,43,"stress_label",10,128,0.0625,0.634615384615385,0.628205128205128,NA,10,"top10","eeg_tleft_sampent_full_change_precond;eeg_c_theta_mean_full_change_precond;eeg_tleft_halpha_mean_full_change_precond;gsr_skin_conductance_eda_tonic_mean_nk_full_change_precond;pupil_dilation_sd_full_change_precond;eeg_fl_hbeta_mean_full_change_precond;eeg_fm_theta_mean_full_change_precond;eeg_tleft_lalpha_mean_full_change_precond;eeg_t_sampent_full_change_precond;hrv_rmssd_full_change_precond"
2025-11-26 19:37:17.295226,43,"stress_label",10,256,0.0625,0.621794871794872,0.602564102564103,NA,10,"top10","eeg_tleft_sampent_full_change_precond;eeg_c_theta_mean_full_change_precond;eeg_tleft_halpha_mean_full_change_precond;gsr_skin_conductance_eda_tonic_mean_nk_full_change_precond;pupil_dilation_sd_full_change_precond;eeg_fl_hbeta_mean_full_change_precond;eeg_fm_theta_mean_full_change_precond;eeg_tleft_lalpha_mean_full_change_precond;eeg_t_sampent_full_change_precond;hrv_rmssd_full_change_precond"
2025-11-26 19:37:17.999296,43,"stress_label",10,2,0.125,0.551282051282051,0.57051282051282,0.513675213675214,10,"top10","eeg_tleft_sampent_full_change_precond;eeg_c_theta_mean_full_change_precond;eeg_tleft_halpha_mean_full_change_precond;gsr_skin_conductance_eda_tonic_mean_nk_full_change_precond;pupil_dilation_sd_full_change_precond;eeg_fl_hbeta_mean_full_change_precond;eeg_fm_theta_mean_full_change_precond;eeg_tleft_lalpha_mean_full_change_precond;eeg_t_sampent_full_change_precond;hrv_rmssd_full_change_precond"
2025-11-26 19:37:19.065337,43,"stress_label",10,4,0.125,0.596153846153846,0.58974358974359,NA,10,"top10","eeg_tleft_sampent_full_change_precond;eeg_c_theta_mean_full_change_precond;eeg_tleft_halpha_mean_full_change_precond;gsr_skin_conductance_eda_tonic_mean_nk_full_change_precond;pupil_dilation_sd_full_change_precond;eeg_fl_hbeta_mean_full_change_precond;eeg_fm_theta_mean_full_change_precond;eeg_tleft_lalpha_mean_full_change_precond;eeg_t_sampent_full_change_precond;hrv_rmssd_full_change_precond"
2025-11-26 19:37:19.973352,43,"stress_label",10,8,0.125,0.628205128205128,0.602564102564103,NA,10,"top10","eeg_tleft_sampent_full_change_precond;eeg_c_theta_mean_full_change_precond;eeg_tleft_halpha_mean_full_change_precond;gsr_skin_conductance_eda_tonic_mean_nk_full_change_precond;pupil_dilation_sd_full_change_precond;eeg_fl_hbeta_mean_full_change_precond;eeg_fm_theta_mean_full_change_precond;eeg_tleft_lalpha_mean_full_change_precond;eeg_t_sampent_full_change_precond;hrv_rmssd_full_change_precond"
2025-11-26 19:37:20.995312,43,"stress_label",10,16,0.125,0.615384615384615,0.602564102564103,NA,10,"top10","eeg_tleft_sampent_full_change_precond;eeg_c_theta_mean_full_change_precond;eeg_tleft_halpha_mean_full_change_precond;gsr_skin_conductance_eda_tonic_mean_nk_full_change_precond;pupil_dilation_sd_full_change_precond;eeg_fl_hbeta_mean_full_change_precond;eeg_fm_theta_mean_full_change_precond;eeg_tleft_lalpha_mean_full_change_precond;eeg_t_sampent_full_change_precond;hrv_rmssd_full_change_precond"
2025-11-26 19:37:22.007777,43,"stress_label",10,32,0.125,0.608974358974359,0.596153846153846,NA,10,"top10","eeg_tleft_sampent_full_change_precond;eeg_c_theta_mean_full_change_precond;eeg_tleft_halpha_mean_full_change_precond;gsr_skin_conductance_eda_tonic_mean_nk_full_change_precond;pupil_dilation_sd_full_change_precond;eeg_fl_hbeta_mean_full_change_precond;eeg_fm_theta_mean_full_change_precond;eeg_tleft_lalpha_mean_full_change_precond;eeg_t_sampent_full_change_precond;hrv_rmssd_full_change_precond"
2025-11-26 19:37:23.043886,43,"stress_label",10,64,0.125,0.608974358974359,0.596153846153846,NA,10,"top10","eeg_tleft_sampent_full_change_precond;eeg_c_theta_mean_full_change_precond;eeg_tleft_halpha_mean_full_change_precond;gsr_skin_conductance_eda_tonic_mean_nk_full_change_precond;pupil_dilation_sd_full_change_precond;eeg_fl_hbeta_mean_full_change_precond;eeg_fm_theta_mean_full_change_precond;eeg_tleft_lalpha_mean_full_change_precond;eeg_t_sampent_full_change_precond;hrv_rmssd_full_change_precond"
2025-11-26 19:37:23.960041,43,"stress_label",10,128,0.125,0.608974358974359,0.596153846153846,NA,10,"top10","eeg_tleft_sampent_full_change_precond;eeg_c_theta_mean_full_change_precond;eeg_tleft_halpha_mean_full_change_precond;gsr_skin_conductance_eda_tonic_mean_nk_full_change_precond;pupil_dilation_sd_full_change_precond;eeg_fl_hbeta_mean_full_change_precond;eeg_fm_theta_mean_full_change_precond;eeg_tleft_lalpha_mean_full_change_precond;eeg_t_sampent_full_change_precond;hrv_rmssd_full_change_precond"
2025-11-26 19:37:24.801085,43,"stress_label",10,256,0.125,0.608974358974359,0.596153846153846,NA,10,"top10","eeg_tleft_sampent_full_change_precond;eeg_c_theta_mean_full_change_precond;eeg_tleft_halpha_mean_full_change_precond;gsr_skin_conductance_eda_tonic_mean_nk_full_change_precond;pupil_dilation_sd_full_change_precond;eeg_fl_hbeta_mean_full_change_precond;eeg_fm_theta_mean_full_change_precond;eeg_tleft_lalpha_mean_full_change_precond;eeg_t_sampent_full_change_precond;hrv_rmssd_full_change_precond"
2025-11-26 19:37:25.639721,43,"stress_label",10,2,0.03,0.551282051282051,0.583333333333333,0.485470085470085,10,"top10","eeg_tleft_sampent_full_change_precond;eeg_c_theta_mean_full_change_precond;eeg_tleft_halpha_mean_full_change_precond;gsr_skin_conductance_eda_tonic_mean_nk_full_change_precond;pupil_dilation_sd_full_change_precond;eeg_fl_hbeta_mean_full_change_precond;eeg_fm_theta_mean_full_change_precond;eeg_tleft_lalpha_mean_full_change_precond;eeg_t_sampent_full_change_precond;hrv_rmssd_full_change_precond"
2025-11-26 19:37:26.506089,43,"stress_label",10,4,0.03,0.544871794871795,0.557692307692308,0.505128205128205,10,"top10","eeg_tleft_sampent_full_change_precond;eeg_c_theta_mean_full_change_precond;eeg_tleft_halpha_mean_full_change_precond;gsr_skin_conductance_eda_tonic_mean_nk_full_change_precond;pupil_dilation_sd_full_change_precond;eeg_fl_hbeta_mean_full_change_precond;eeg_fm_theta_mean_full_change_precond;eeg_tleft_lalpha_mean_full_change_precond;eeg_t_sampent_full_change_precond;hrv_rmssd_full_change_precond"
2025-11-26 19:37:27.371633,43,"stress_label",10,8,0.03,0.538461538461538,0.57051282051282,NA,10,"top10","eeg_tleft_sampent_full_change_precond;eeg_c_theta_mean_full_change_precond;eeg_tleft_halpha_mean_full_change_precond;gsr_skin_conductance_eda_tonic_mean_nk_full_change_precond;pupil_dilation_sd_full_change_precond;eeg_fl_hbeta_mean_full_change_precond;eeg_fm_theta_mean_full_change_precond;eeg_tleft_lalpha_mean_full_change_precond;eeg_t_sampent_full_change_precond;hrv_rmssd_full_change_precond"
2025-11-26 19:37:28.21378,43,"stress_label",10,16,0.03,0.532051282051282,0.576923076923077,0.484615384615385,10,"top10","eeg_tleft_sampent_full_change_precond;eeg_c_theta_mean_full_change_precond;eeg_tleft_halpha_mean_full_change_precond;gsr_skin_conductance_eda_tonic_mean_nk_full_change_precond;pupil_dilation_sd_full_change_precond;eeg_fl_hbeta_mean_full_change_precond;eeg_fm_theta_mean_full_change_precond;eeg_tleft_lalpha_mean_full_change_precond;eeg_t_sampent_full_change_precond;hrv_rmssd_full_change_precond"
2025-11-26 19:37:29.125534,43,"stress_label",10,32,0.03,0.525641025641026,0.538461538461538,0.485470085470085,10,"top10","eeg_tleft_sampent_full_change_precond;eeg_c_theta_mean_full_change_precond;eeg_tleft_halpha_mean_full_change_precond;gsr_skin_conductance_eda_tonic_mean_nk_full_change_precond;pupil_dilation_sd_full_change_precond;eeg_fl_hbeta_mean_full_change_precond;eeg_fm_theta_mean_full_change_precond;eeg_tleft_lalpha_mean_full_change_precond;eeg_t_sampent_full_change_precond;hrv_rmssd_full_change_precond"
2025-11-26 19:37:30.18549,43,"stress_label",10,64,0.03,0.576923076923077,0.57051282051282,NA,10,"top10","eeg_tleft_sampent_full_change_precond;eeg_c_theta_mean_full_change_precond;eeg_tleft_halpha_mean_full_change_precond;gsr_skin_conductance_eda_tonic_mean_nk_full_change_precond;pupil_dilation_sd_full_change_precond;eeg_fl_hbeta_mean_full_change_precond;eeg_fm_theta_mean_full_change_precond;eeg_tleft_lalpha_mean_full_change_precond;eeg_t_sampent_full_change_precond;hrv_rmssd_full_change_precond"
2025-11-26 19:37:31.438661,43,"stress_label",10,128,0.03,0.557692307692308,0.596153846153846,NA,10,"top10","eeg_tleft_sampent_full_change_precond;eeg_c_theta_mean_full_change_precond;eeg_tleft_halpha_mean_full_change_precond;gsr_skin_conductance_eda_tonic_mean_nk_full_change_precond;pupil_dilation_sd_full_change_precond;eeg_fl_hbeta_mean_full_change_precond;eeg_fm_theta_mean_full_change_precond;eeg_tleft_lalpha_mean_full_change_precond;eeg_t_sampent_full_change_precond;hrv_rmssd_full_change_precond"
2025-11-26 19:37:32.685211,43,"stress_label",10,256,0.03,0.576923076923077,0.596153846153846,NA,10,"top10","eeg_tleft_sampent_full_change_precond;eeg_c_theta_mean_full_change_precond;eeg_tleft_halpha_mean_full_change_precond;gsr_skin_conductance_eda_tonic_mean_nk_full_change_precond;pupil_dilation_sd_full_change_precond;eeg_fl_hbeta_mean_full_change_precond;eeg_fm_theta_mean_full_change_precond;eeg_tleft_lalpha_mean_full_change_precond;eeg_t_sampent_full_change_precond;hrv_rmssd_full_change_precond"
2025-11-26 19:37:33.527172,43,"stress_label",10,2,0.06,0.57051282051282,0.583333333333333,0.545299145299145,10,"top10","eeg_tleft_sampent_full_change_precond;eeg_c_theta_mean_full_change_precond;eeg_tleft_halpha_mean_full_change_precond;gsr_skin_conductance_eda_tonic_mean_nk_full_change_precond;pupil_dilation_sd_full_change_precond;eeg_fl_hbeta_mean_full_change_precond;eeg_fm_theta_mean_full_change_precond;eeg_tleft_lalpha_mean_full_change_precond;eeg_t_sampent_full_change_precond;hrv_rmssd_full_change_precond"
2025-11-26 19:37:34.404556,43,"stress_label",10,4,0.06,0.532051282051282,0.576923076923077,0.488888888888889,10,"top10","eeg_tleft_sampent_full_change_precond;eeg_c_theta_mean_full_change_precond;eeg_tleft_halpha_mean_full_change_precond;gsr_skin_conductance_eda_tonic_mean_nk_full_change_precond;pupil_dilation_sd_full_change_precond;eeg_fl_hbeta_mean_full_change_precond;eeg_fm_theta_mean_full_change_precond;eeg_tleft_lalpha_mean_full_change_precond;eeg_t_sampent_full_change_precond;hrv_rmssd_full_change_precond"
2025-11-26 19:37:35.286142,43,"stress_label",10,8,0.06,0.557692307692308,0.544871794871795,0.51965811965812,10,"top10","eeg_tleft_sampent_full_change_precond;eeg_c_theta_mean_full_change_precond;eeg_tleft_halpha_mean_full_change_precond;gsr_skin_conductance_eda_tonic_mean_nk_full_change_precond;pupil_dilation_sd_full_change_precond;eeg_fl_hbeta_mean_full_change_precond;eeg_fm_theta_mean_full_change_precond;eeg_tleft_lalpha_mean_full_change_precond;eeg_t_sampent_full_change_precond;hrv_rmssd_full_change_precond"
2025-11-26 19:37:36.254339,43,"stress_label",10,16,0.06,0.57051282051282,0.576923076923077,NA,10,"top10","eeg_tleft_sampent_full_change_precond;eeg_c_theta_mean_full_change_precond;eeg_tleft_halpha_mean_full_change_precond;gsr_skin_conductance_eda_tonic_mean_nk_full_change_precond;pupil_dilation_sd_full_change_precond;eeg_fl_hbeta_mean_full_change_precond;eeg_fm_theta_mean_full_change_precond;eeg_tleft_lalpha_mean_full_change_precond;eeg_t_sampent_full_change_precond;hrv_rmssd_full_change_precond"
2025-11-26 19:37:37.269189,43,"stress_label",10,32,0.06,0.602564102564103,0.596153846153846,NA,10,"top10","eeg_tleft_sampent_full_change_precond;eeg_c_theta_mean_full_change_precond;eeg_tleft_halpha_mean_full_change_precond;gsr_skin_conductance_eda_tonic_mean_nk_full_change_precond;pupil_dilation_sd_full_change_precond;eeg_fl_hbeta_mean_full_change_precond;eeg_fm_theta_mean_full_change_precond;eeg_tleft_lalpha_mean_full_change_precond;eeg_t_sampent_full_change_precond;hrv_rmssd_full_change_precond"
2025-11-26 19:37:38.302271,43,"stress_label",10,64,0.06,0.602564102564103,0.615384615384615,NA,10,"top10","eeg_tleft_sampent_full_change_precond;eeg_c_theta_mean_full_change_precond;eeg_tleft_halpha_mean_full_change_precond;gsr_skin_conductance_eda_tonic_mean_nk_full_change_precond;pupil_dilation_sd_full_change_precond;eeg_fl_hbeta_mean_full_change_precond;eeg_fm_theta_mean_full_change_precond;eeg_tleft_lalpha_mean_full_change_precond;eeg_t_sampent_full_change_precond;hrv_rmssd_full_change_precond"
2025-11-26 19:37:39.509102,43,"stress_label",10,128,0.06,0.628205128205128,0.634615384615385,NA,10,"top10","eeg_tleft_sampent_full_change_precond;eeg_c_theta_mean_full_change_precond;eeg_tleft_halpha_mean_full_change_precond;gsr_skin_conductance_eda_tonic_mean_nk_full_change_precond;pupil_dilation_sd_full_change_precond;eeg_fl_hbeta_mean_full_change_precond;eeg_fm_theta_mean_full_change_precond;eeg_tleft_lalpha_mean_full_change_precond;eeg_t_sampent_full_change_precond;hrv_rmssd_full_change_precond"
2025-11-26 19:37:40.671043,43,"stress_label",10,256,0.06,0.621794871794872,0.596153846153846,NA,10,"top10","eeg_tleft_sampent_full_change_precond;eeg_c_theta_mean_full_change_precond;eeg_tleft_halpha_mean_full_change_precond;gsr_skin_conductance_eda_tonic_mean_nk_full_change_precond;pupil_dilation_sd_full_change_precond;eeg_fl_hbeta_mean_full_change_precond;eeg_fm_theta_mean_full_change_precond;eeg_tleft_lalpha_mean_full_change_precond;eeg_t_sampent_full_change_precond;hrv_rmssd_full_change_precond"
2025-11-26 19:37:41.527671,43,"stress_label",10,2,0.1,0.532051282051282,0.596153846153846,0.501709401709402,10,"top10","eeg_tleft_sampent_full_change_precond;eeg_c_theta_mean_full_change_precond;eeg_tleft_halpha_mean_full_change_precond;gsr_skin_conductance_eda_tonic_mean_nk_full_change_precond;pupil_dilation_sd_full_change_precond;eeg_fl_hbeta_mean_full_change_precond;eeg_fm_theta_mean_full_change_precond;eeg_tleft_lalpha_mean_full_change_precond;eeg_t_sampent_full_change_precond;hrv_rmssd_full_change_precond"
2025-11-26 19:37:42.412849,43,"stress_label",10,4,0.1,0.58974358974359,0.57051282051282,0.572649572649573,10,"top10","eeg_tleft_sampent_full_change_precond;eeg_c_theta_mean_full_change_precond;eeg_tleft_halpha_mean_full_change_precond;gsr_skin_conductance_eda_tonic_mean_nk_full_change_precond;pupil_dilation_sd_full_change_precond;eeg_fl_hbeta_mean_full_change_precond;eeg_fm_theta_mean_full_change_precond;eeg_tleft_lalpha_mean_full_change_precond;eeg_t_sampent_full_change_precond;hrv_rmssd_full_change_precond"
2025-11-26 19:37:43.430117,43,"stress_label",10,8,0.1,0.602564102564103,0.564102564102564,NA,10,"top10","eeg_tleft_sampent_full_change_precond;eeg_c_theta_mean_full_change_precond;eeg_tleft_halpha_mean_full_change_precond;gsr_skin_conductance_eda_tonic_mean_nk_full_change_precond;pupil_dilation_sd_full_change_precond;eeg_fl_hbeta_mean_full_change_precond;eeg_fm_theta_mean_full_change_precond;eeg_tleft_lalpha_mean_full_change_precond;eeg_t_sampent_full_change_precond;hrv_rmssd_full_change_precond"
2025-11-26 19:37:44.42596,43,"stress_label",10,16,0.1,0.608974358974359,0.58974358974359,NA,10,"top10","eeg_tleft_sampent_full_change_precond;eeg_c_theta_mean_full_change_precond;eeg_tleft_halpha_mean_full_change_precond;gsr_skin_conductance_eda_tonic_mean_nk_full_change_precond;pupil_dilation_sd_full_change_precond;eeg_fl_hbeta_mean_full_change_precond;eeg_fm_theta_mean_full_change_precond;eeg_tleft_lalpha_mean_full_change_precond;eeg_t_sampent_full_change_precond;hrv_rmssd_full_change_precond"
2025-11-26 19:37:45.332771,43,"stress_label",10,32,0.1,0.621794871794872,0.602564102564103,NA,10,"top10","eeg_tleft_sampent_full_change_precond;eeg_c_theta_mean_full_change_precond;eeg_tleft_halpha_mean_full_change_precond;gsr_skin_conductance_eda_tonic_mean_nk_full_change_precond;pupil_dilation_sd_full_change_precond;eeg_fl_hbeta_mean_full_change_precond;eeg_fm_theta_mean_full_change_precond;eeg_tleft_lalpha_mean_full_change_precond;eeg_t_sampent_full_change_precond;hrv_rmssd_full_change_precond"
2025-11-26 19:37:46.236732,43,"stress_label",10,64,0.1,0.602564102564103,0.608974358974359,NA,10,"top10","eeg_tleft_sampent_full_change_precond;eeg_c_theta_mean_full_change_precond;eeg_tleft_halpha_mean_full_change_precond;gsr_skin_conductance_eda_tonic_mean_nk_full_change_precond;pupil_dilation_sd_full_change_precond;eeg_fl_hbeta_mean_full_change_precond;eeg_fm_theta_mean_full_change_precond;eeg_tleft_lalpha_mean_full_change_precond;eeg_t_sampent_full_change_precond;hrv_rmssd_full_change_precond"
2025-11-26 19:37:47.117122,43,"stress_label",10,128,0.1,0.602564102564103,0.608974358974359,NA,10,"top10","eeg_tleft_sampent_full_change_precond;eeg_c_theta_mean_full_change_precond;eeg_tleft_halpha_mean_full_change_precond;gsr_skin_conductance_eda_tonic_mean_nk_full_change_precond;pupil_dilation_sd_full_change_precond;eeg_fl_hbeta_mean_full_change_precond;eeg_fm_theta_mean_full_change_precond;eeg_tleft_lalpha_mean_full_change_precond;eeg_t_sampent_full_change_precond;hrv_rmssd_full_change_precond"
2025-11-26 19:37:48.008815,43,"stress_label",10,256,0.1,0.602564102564103,0.608974358974359,NA,10,"top10","eeg_tleft_sampent_full_change_precond;eeg_c_theta_mean_full_change_precond;eeg_tleft_halpha_mean_full_change_precond;gsr_skin_conductance_eda_tonic_mean_nk_full_change_precond;pupil_dilation_sd_full_change_precond;eeg_fl_hbeta_mean_full_change_precond;eeg_fm_theta_mean_full_change_precond;eeg_tleft_lalpha_mean_full_change_precond;eeg_t_sampent_full_change_precond;hrv_rmssd_full_change_precond"
2025-11-26 19:37:48.82912,43,"stress_label",5,2,0.0078125,0.641025641025641,0.685897435897436,0.643589743589744,5,"top5","eeg_tleft_sampent_full_change_precond;eeg_c_theta_mean_full_change_precond;eeg_tleft_halpha_mean_full_change_precond;gsr_skin_conductance_eda_tonic_mean_nk_full_change_precond;pupil_dilation_sd_full_change_precond"
2025-11-26 19:37:49.595276,43,"stress_label",5,4,0.0078125,0.602564102564103,0.641025641025641,0.605982905982906,5,"top5","eeg_tleft_sampent_full_change_precond;eeg_c_theta_mean_full_change_precond;eeg_tleft_halpha_mean_full_change_precond;gsr_skin_conductance_eda_tonic_mean_nk_full_change_precond;pupil_dilation_sd_full_change_precond"
2025-11-26 19:37:50.325738,43,"stress_label",5,8,0.0078125,0.583333333333333,0.634615384615385,0.568376068376068,5,"top5","eeg_tleft_sampent_full_change_precond;eeg_c_theta_mean_full_change_precond;eeg_tleft_halpha_mean_full_change_precond;gsr_skin_conductance_eda_tonic_mean_nk_full_change_precond;pupil_dilation_sd_full_change_precond"
2025-11-26 19:37:51.09524,43,"stress_label",5,16,0.0078125,0.583333333333333,0.615384615384615,NA,5,"top5","eeg_tleft_sampent_full_change_precond;eeg_c_theta_mean_full_change_precond;eeg_tleft_halpha_mean_full_change_precond;gsr_skin_conductance_eda_tonic_mean_nk_full_change_precond;pupil_dilation_sd_full_change_precond"
2025-11-26 19:37:51.868277,43,"stress_label",5,32,0.0078125,0.628205128205128,0.641025641025641,0.601709401709402,5,"top5","eeg_tleft_sampent_full_change_precond;eeg_c_theta_mean_full_change_precond;eeg_tleft_halpha_mean_full_change_precond;gsr_skin_conductance_eda_tonic_mean_nk_full_change_precond;pupil_dilation_sd_full_change_precond"
2025-11-26 19:37:52.647176,43,"stress_label",5,64,0.0078125,0.628205128205128,0.615384615384615,0.595726495726496,5,"top5","eeg_tleft_sampent_full_change_precond;eeg_c_theta_mean_full_change_precond;eeg_tleft_halpha_mean_full_change_precond;gsr_skin_conductance_eda_tonic_mean_nk_full_change_precond;pupil_dilation_sd_full_change_precond"
2025-11-26 19:37:53.317269,43,"stress_label",5,128,0.0078125,0.647435897435897,0.647435897435897,0.615384615384615,5,"top5","eeg_tleft_sampent_full_change_precond;eeg_c_theta_mean_full_change_precond;eeg_tleft_halpha_mean_full_change_precond;gsr_skin_conductance_eda_tonic_mean_nk_full_change_precond;pupil_dilation_sd_full_change_precond"
2025-11-26 19:37:54.12465,43,"stress_label",5,256,0.0078125,0.628205128205128,0.628205128205128,0.594017094017094,5,"top5","eeg_tleft_sampent_full_change_precond;eeg_c_theta_mean_full_change_precond;eeg_tleft_halpha_mean_full_change_precond;gsr_skin_conductance_eda_tonic_mean_nk_full_change_precond;pupil_dilation_sd_full_change_precond"
2025-11-26 19:37:54.874867,43,"stress_label",5,2,0.015625,0.602564102564103,0.641025641025641,0.601709401709402,5,"top5","eeg_tleft_sampent_full_change_precond;eeg_c_theta_mean_full_change_precond;eeg_tleft_halpha_mean_full_change_precond;gsr_skin_conductance_eda_tonic_mean_nk_full_change_precond;pupil_dilation_sd_full_change_precond"
2025-11-26 19:37:55.62917,43,"stress_label",5,4,0.015625,0.602564102564103,0.641025641025641,0.586324786324786,5,"top5","eeg_tleft_sampent_full_change_precond;eeg_c_theta_mean_full_change_precond;eeg_tleft_halpha_mean_full_change_precond;gsr_skin_conductance_eda_tonic_mean_nk_full_change_precond;pupil_dilation_sd_full_change_precond"
2025-11-26 19:37:56.358592,43,"stress_label",5,8,0.015625,0.615384615384615,0.621794871794872,0.588888888888889,5,"top5","eeg_tleft_sampent_full_change_precond;eeg_c_theta_mean_full_change_precond;eeg_tleft_halpha_mean_full_change_precond;gsr_skin_conductance_eda_tonic_mean_nk_full_change_precond;pupil_dilation_sd_full_change_precond"
2025-11-26 19:37:57.131659,43,"stress_label",5,16,0.015625,0.628205128205128,0.608974358974359,0.594017094017094,5,"top5","eeg_tleft_sampent_full_change_precond;eeg_c_theta_mean_full_change_precond;eeg_tleft_halpha_mean_full_change_precond;gsr_skin_conductance_eda_tonic_mean_nk_full_change_precond;pupil_dilation_sd_full_change_precond"
2025-11-26 19:37:57.887793,43,"stress_label",5,32,0.015625,0.641025641025641,0.666666666666667,0.606837606837607,5,"top5","eeg_tleft_sampent_full_change_precond;eeg_c_theta_mean_full_change_precond;eeg_tleft_halpha_mean_full_change_precond;gsr_skin_conductance_eda_tonic_mean_nk_full_change_precond;pupil_dilation_sd_full_change_precond"
2025-11-26 19:37:58.57292,43,"stress_label",5,64,0.015625,0.647435897435897,0.634615384615385,0.615384615384615,5,"top5","eeg_tleft_sampent_full_change_precond;eeg_c_theta_mean_full_change_precond;eeg_tleft_halpha_mean_full_change_precond;gsr_skin_conductance_eda_tonic_mean_nk_full_change_precond;pupil_dilation_sd_full_change_precond"
2025-11-26 19:37:59.312412,43,"stress_label",5,128,0.015625,0.634615384615385,0.628205128205128,0.595726495726496,5,"top5","eeg_tleft_sampent_full_change_precond;eeg_c_theta_mean_full_change_precond;eeg_tleft_halpha_mean_full_change_precond;gsr_skin_conductance_eda_tonic_mean_nk_full_change_precond;pupil_dilation_sd_full_change_precond"
2025-11-26 19:38:00.251202,43,"stress_label",5,256,0.015625,0.608974358974359,0.634615384615385,0.546153846153846,5,"top5","eeg_tleft_sampent_full_change_precond;eeg_c_theta_mean_full_change_precond;eeg_tleft_halpha_mean_full_change_precond;gsr_skin_conductance_eda_tonic_mean_nk_full_change_precond;pupil_dilation_sd_full_change_precond"
2025-11-26 19:38:01.016843,43,"stress_label",5,2,0.03125,0.621794871794872,0.641025641025641,0.605128205128205,5,"top5","eeg_tleft_sampent_full_change_precond;eeg_c_theta_mean_full_change_precond;eeg_tleft_halpha_mean_full_change_precond;gsr_skin_conductance_eda_tonic_mean_nk_full_change_precond;pupil_dilation_sd_full_change_precond"
2025-11-26 19:38:01.791387,43,"stress_label",5,4,0.03125,0.628205128205128,0.608974358974359,0.599145299145299,5,"top5","eeg_tleft_sampent_full_change_precond;eeg_c_theta_mean_full_change_precond;eeg_tleft_halpha_mean_full_change_precond;gsr_skin_conductance_eda_tonic_mean_nk_full_change_precond;pupil_dilation_sd_full_change_precond"
2025-11-26 19:38:02.53753,43,"stress_label",5,8,0.03125,0.653846153846154,0.666666666666667,0.617094017094017,5,"top5","eeg_tleft_sampent_full_change_precond;eeg_c_theta_mean_full_change_precond;eeg_tleft_halpha_mean_full_change_precond;gsr_skin_conductance_eda_tonic_mean_nk_full_change_precond;pupil_dilation_sd_full_change_precond"
2025-11-26 19:38:03.306381,43,"stress_label",5,16,0.03125,0.647435897435897,0.634615384615385,0.615384615384615,5,"top5","eeg_tleft_sampent_full_change_precond;eeg_c_theta_mean_full_change_precond;eeg_tleft_halpha_mean_full_change_precond;gsr_skin_conductance_eda_tonic_mean_nk_full_change_precond;pupil_dilation_sd_full_change_precond"
2025-11-26 19:38:04.090083,43,"stress_label",5,32,0.03125,0.615384615384615,0.634615384615385,0.572649572649573,5,"top5","eeg_tleft_sampent_full_change_precond;eeg_c_theta_mean_full_change_precond;eeg_tleft_halpha_mean_full_change_precond;gsr_skin_conductance_eda_tonic_mean_nk_full_change_precond;pupil_dilation_sd_full_change_precond"
2025-11-26 19:38:04.92023,43,"stress_label",5,64,0.03125,0.596153846153846,0.621794871794872,0.545299145299145,5,"top5","eeg_tleft_sampent_full_change_precond;eeg_c_theta_mean_full_change_precond;eeg_tleft_halpha_mean_full_change_precond;gsr_skin_conductance_eda_tonic_mean_nk_full_change_precond;pupil_dilation_sd_full_change_precond"
2025-11-26 19:38:05.851866,43,"stress_label",5,128,0.03125,0.583333333333333,0.621794871794872,0.537606837606838,5,"top5","eeg_tleft_sampent_full_change_precond;eeg_c_theta_mean_full_change_precond;eeg_tleft_halpha_mean_full_change_precond;gsr_skin_conductance_eda_tonic_mean_nk_full_change_precond;pupil_dilation_sd_full_change_precond"
2025-11-26 19:38:06.87629,43,"stress_label",5,256,0.03125,0.602564102564103,0.621794871794872,NA,5,"top5","eeg_tleft_sampent_full_change_precond;eeg_c_theta_mean_full_change_precond;eeg_tleft_halpha_mean_full_change_precond;gsr_skin_conductance_eda_tonic_mean_nk_full_change_precond;pupil_dilation_sd_full_change_precond"
2025-11-26 19:38:07.635268,43,"stress_label",5,2,0.0625,0.647435897435897,0.653846153846154,0.614529914529915,5,"top5","eeg_tleft_sampent_full_change_precond;eeg_c_theta_mean_full_change_precond;eeg_tleft_halpha_mean_full_change_precond;gsr_skin_conductance_eda_tonic_mean_nk_full_change_precond;pupil_dilation_sd_full_change_precond"
2025-11-26 19:38:08.401853,43,"stress_label",5,4,0.0625,0.634615384615385,0.653846153846154,0.597435897435897,5,"top5","eeg_tleft_sampent_full_change_precond;eeg_c_theta_mean_full_change_precond;eeg_tleft_halpha_mean_full_change_precond;gsr_skin_conductance_eda_tonic_mean_nk_full_change_precond;pupil_dilation_sd_full_change_precond"
2025-11-26 19:38:09.176687,43,"stress_label",5,8,0.0625,0.608974358974359,0.621794871794872,0.570940170940171,5,"top5","eeg_tleft_sampent_full_change_precond;eeg_c_theta_mean_full_change_precond;eeg_tleft_halpha_mean_full_change_precond;gsr_skin_conductance_eda_tonic_mean_nk_full_change_precond;pupil_dilation_sd_full_change_precond"
2025-11-26 19:38:09.967359,43,"stress_label",5,16,0.0625,0.596153846153846,0.628205128205128,0.569230769230769,5,"top5","eeg_tleft_sampent_full_change_precond;eeg_c_theta_mean_full_change_precond;eeg_tleft_halpha_mean_full_change_precond;gsr_skin_conductance_eda_tonic_mean_nk_full_change_precond;pupil_dilation_sd_full_change_precond"
2025-11-26 19:38:10.7568,43,"stress_label",5,32,0.0625,0.58974358974359,0.647435897435897,NA,5,"top5","eeg_tleft_sampent_full_change_precond;eeg_c_theta_mean_full_change_precond;eeg_tleft_halpha_mean_full_change_precond;gsr_skin_conductance_eda_tonic_mean_nk_full_change_precond;pupil_dilation_sd_full_change_precond"
2025-11-26 19:38:11.646731,43,"stress_label",5,64,0.0625,0.557692307692308,0.621794871794872,NA,5,"top5","eeg_tleft_sampent_full_change_precond;eeg_c_theta_mean_full_change_precond;eeg_tleft_halpha_mean_full_change_precond;gsr_skin_conductance_eda_tonic_mean_nk_full_change_precond;pupil_dilation_sd_full_change_precond"
2025-11-26 19:38:12.684342,43,"stress_label",5,128,0.0625,0.583333333333333,0.596153846153846,NA,5,"top5","eeg_tleft_sampent_full_change_precond;eeg_c_theta_mean_full_change_precond;eeg_tleft_halpha_mean_full_change_precond;gsr_skin_conductance_eda_tonic_mean_nk_full_change_precond;pupil_dilation_sd_full_change_precond"
2025-11-26 19:38:14.027136,43,"stress_label",5,256,0.0625,0.608974358974359,0.634615384615385,NA,5,"top5","eeg_tleft_sampent_full_change_precond;eeg_c_theta_mean_full_change_precond;eeg_tleft_halpha_mean_full_change_precond;gsr_skin_conductance_eda_tonic_mean_nk_full_change_precond;pupil_dilation_sd_full_change_precond"
2025-11-26 19:38:14.73262,43,"stress_label",5,2,0.125,0.621794871794872,0.628205128205128,0.590598290598291,5,"top5","eeg_tleft_sampent_full_change_precond;eeg_c_theta_mean_full_change_precond;eeg_tleft_halpha_mean_full_change_precond;gsr_skin_conductance_eda_tonic_mean_nk_full_change_precond;pupil_dilation_sd_full_change_precond"
2025-11-26 19:38:15.509652,43,"stress_label",5,4,0.125,0.583333333333333,0.653846153846154,0.563247863247863,5,"top5","eeg_tleft_sampent_full_change_precond;eeg_c_theta_mean_full_change_precond;eeg_tleft_halpha_mean_full_change_precond;gsr_skin_conductance_eda_tonic_mean_nk_full_change_precond;pupil_dilation_sd_full_change_precond"
2025-11-26 19:38:16.259914,43,"stress_label",5,8,0.125,0.602564102564103,0.666666666666667,0.592307692307692,5,"top5","eeg_tleft_sampent_full_change_precond;eeg_c_theta_mean_full_change_precond;eeg_tleft_halpha_mean_full_change_precond;gsr_skin_conductance_eda_tonic_mean_nk_full_change_precond;pupil_dilation_sd_full_change_precond"
2025-11-26 19:38:17.072907,43,"stress_label",5,16,0.125,0.583333333333333,0.647435897435897,0.576068376068376,5,"top5","eeg_tleft_sampent_full_change_precond;eeg_c_theta_mean_full_change_precond;eeg_tleft_halpha_mean_full_change_precond;gsr_skin_conductance_eda_tonic_mean_nk_full_change_precond;pupil_dilation_sd_full_change_precond"
2025-11-26 19:38:17.813179,43,"stress_label",5,32,0.125,0.621794871794872,0.653846153846154,NA,5,"top5","eeg_tleft_sampent_full_change_precond;eeg_c_theta_mean_full_change_precond;eeg_tleft_halpha_mean_full_change_precond;gsr_skin_conductance_eda_tonic_mean_nk_full_change_precond;pupil_dilation_sd_full_change_precond"
2025-11-26 19:38:18.832729,43,"stress_label",5,64,0.125,0.634615384615385,0.647435897435897,NA,5,"top5","eeg_tleft_sampent_full_change_precond;eeg_c_theta_mean_full_change_precond;eeg_tleft_halpha_mean_full_change_precond;gsr_skin_conductance_eda_tonic_mean_nk_full_change_precond;pupil_dilation_sd_full_change_precond"
2025-11-26 19:38:19.887202,43,"stress_label",5,128,0.125,0.583333333333333,0.615384615384615,NA,5,"top5","eeg_tleft_sampent_full_change_precond;eeg_c_theta_mean_full_change_precond;eeg_tleft_halpha_mean_full_change_precond;gsr_skin_conductance_eda_tonic_mean_nk_full_change_precond;pupil_dilation_sd_full_change_precond"
2025-11-26 19:38:21.20156,43,"stress_label",5,256,0.125,0.596153846153846,0.576923076923077,NA,5,"top5","eeg_tleft_sampent_full_change_precond;eeg_c_theta_mean_full_change_precond;eeg_tleft_halpha_mean_full_change_precond;gsr_skin_conductance_eda_tonic_mean_nk_full_change_precond;pupil_dilation_sd_full_change_precond"
2025-11-26 19:38:21.982205,43,"stress_label",5,2,0.03,0.621794871794872,0.641025641025641,0.605128205128205,5,"top5","eeg_tleft_sampent_full_change_precond;eeg_c_theta_mean_full_change_precond;eeg_tleft_halpha_mean_full_change_precond;gsr_skin_conductance_eda_tonic_mean_nk_full_change_precond;pupil_dilation_sd_full_change_precond"
2025-11-26 19:38:22.669814,43,"stress_label",5,4,0.03,0.634615384615385,0.608974358974359,0.607692307692308,5,"top5","eeg_tleft_sampent_full_change_precond;eeg_c_theta_mean_full_change_precond;eeg_tleft_halpha_mean_full_change_precond;gsr_skin_conductance_eda_tonic_mean_nk_full_change_precond;pupil_dilation_sd_full_change_precond"
2025-11-26 19:38:23.393889,43,"stress_label",5,8,0.03,0.653846153846154,0.666666666666667,0.617094017094017,5,"top5","eeg_tleft_sampent_full_change_precond;eeg_c_theta_mean_full_change_precond;eeg_tleft_halpha_mean_full_change_precond;gsr_skin_conductance_eda_tonic_mean_nk_full_change_precond;pupil_dilation_sd_full_change_precond"
2025-11-26 19:38:24.172314,43,"stress_label",5,16,0.03,0.647435897435897,0.634615384615385,0.615384615384615,5,"top5","eeg_tleft_sampent_full_change_precond;eeg_c_theta_mean_full_change_precond;eeg_tleft_halpha_mean_full_change_precond;gsr_skin_conductance_eda_tonic_mean_nk_full_change_precond;pupil_dilation_sd_full_change_precond"
2025-11-26 19:38:24.946857,43,"stress_label",5,32,0.03,0.615384615384615,0.634615384615385,0.572649572649573,5,"top5","eeg_tleft_sampent_full_change_precond;eeg_c_theta_mean_full_change_precond;eeg_tleft_halpha_mean_full_change_precond;gsr_skin_conductance_eda_tonic_mean_nk_full_change_precond;pupil_dilation_sd_full_change_precond"
2025-11-26 19:38:25.658822,43,"stress_label",5,64,0.03,0.602564102564103,0.621794871794872,0.554700854700855,5,"top5","eeg_tleft_sampent_full_change_precond;eeg_c_theta_mean_full_change_precond;eeg_tleft_halpha_mean_full_change_precond;gsr_skin_conductance_eda_tonic_mean_nk_full_change_precond;pupil_dilation_sd_full_change_precond"
2025-11-26 19:38:26.425685,43,"stress_label",5,128,0.03,0.58974358974359,0.628205128205128,0.541025641025641,5,"top5","eeg_tleft_sampent_full_change_precond;eeg_c_theta_mean_full_change_precond;eeg_tleft_halpha_mean_full_change_precond;gsr_skin_conductance_eda_tonic_mean_nk_full_change_precond;pupil_dilation_sd_full_change_precond"
2025-11-26 19:38:27.482653,43,"stress_label",5,256,0.03,0.58974358974359,0.621794871794872,NA,5,"top5","eeg_tleft_sampent_full_change_precond;eeg_c_theta_mean_full_change_precond;eeg_tleft_halpha_mean_full_change_precond;gsr_skin_conductance_eda_tonic_mean_nk_full_change_precond;pupil_dilation_sd_full_change_precond"
2025-11-26 19:38:28.243835,43,"stress_label",5,2,0.06,0.641025641025641,0.641025641025641,0.61025641025641,5,"top5","eeg_tleft_sampent_full_change_precond;eeg_c_theta_mean_full_change_precond;eeg_tleft_halpha_mean_full_change_precond;gsr_skin_conductance_eda_tonic_mean_nk_full_change_precond;pupil_dilation_sd_full_change_precond"
2025-11-26 19:38:28.982385,43,"stress_label",5,4,0.06,0.628205128205128,0.653846153846154,0.593162393162393,5,"top5","eeg_tleft_sampent_full_change_precond;eeg_c_theta_mean_full_change_precond;eeg_tleft_halpha_mean_full_change_precond;gsr_skin_conductance_eda_tonic_mean_nk_full_change_precond;pupil_dilation_sd_full_change_precond"
2025-11-26 19:38:29.873645,43,"stress_label",5,8,0.06,0.621794871794872,0.615384615384615,0.588888888888889,5,"top5","eeg_tleft_sampent_full_change_precond;eeg_c_theta_mean_full_change_precond;eeg_tleft_halpha_mean_full_change_precond;gsr_skin_conductance_eda_tonic_mean_nk_full_change_precond;pupil_dilation_sd_full_change_precond"
2025-11-26 19:38:30.654302,43,"stress_label",5,16,0.06,0.608974358974359,0.621794871794872,0.576923076923077,5,"top5","eeg_tleft_sampent_full_change_precond;eeg_c_theta_mean_full_change_precond;eeg_tleft_halpha_mean_full_change_precond;gsr_skin_conductance_eda_tonic_mean_nk_full_change_precond;pupil_dilation_sd_full_change_precond"
2025-11-26 19:38:31.482616,43,"stress_label",5,32,0.06,0.58974358974359,0.628205128205128,NA,5,"top5","eeg_tleft_sampent_full_change_precond;eeg_c_theta_mean_full_change_precond;eeg_tleft_halpha_mean_full_change_precond;gsr_skin_conductance_eda_tonic_mean_nk_full_change_precond;pupil_dilation_sd_full_change_precond"
2025-11-26 19:38:32.374016,43,"stress_label",5,64,0.06,0.576923076923077,0.615384615384615,NA,5,"top5","eeg_tleft_sampent_full_change_precond;eeg_c_theta_mean_full_change_precond;eeg_tleft_halpha_mean_full_change_precond;gsr_skin_conductance_eda_tonic_mean_nk_full_change_precond;pupil_dilation_sd_full_change_precond"
2025-11-26 19:38:33.373432,43,"stress_label",5,128,0.06,0.564102564102564,0.602564102564103,NA,5,"top5","eeg_tleft_sampent_full_change_precond;eeg_c_theta_mean_full_change_precond;eeg_tleft_halpha_mean_full_change_precond;gsr_skin_conductance_eda_tonic_mean_nk_full_change_precond;pupil_dilation_sd_full_change_precond"
2025-11-26 19:38:34.535627,43,"stress_label",5,256,0.06,0.615384615384615,0.621794871794872,NA,5,"top5","eeg_tleft_sampent_full_change_precond;eeg_c_theta_mean_full_change_precond;eeg_tleft_halpha_mean_full_change_precond;gsr_skin_conductance_eda_tonic_mean_nk_full_change_precond;pupil_dilation_sd_full_change_precond"
2025-11-26 19:38:35.298481,43,"stress_label",5,2,0.1,0.621794871794872,0.653846153846154,0.586324786324786,5,"top5","eeg_tleft_sampent_full_change_precond;eeg_c_theta_mean_full_change_precond;eeg_tleft_halpha_mean_full_change_precond;gsr_skin_conductance_eda_tonic_mean_nk_full_change_precond;pupil_dilation_sd_full_change_precond"
2025-11-26 19:38:36.036642,43,"stress_label",5,4,0.1,0.596153846153846,0.634615384615385,0.571794871794872,5,"top5","eeg_tleft_sampent_full_change_precond;eeg_c_theta_mean_full_change_precond;eeg_tleft_halpha_mean_full_change_precond;gsr_skin_conductance_eda_tonic_mean_nk_full_change_precond;pupil_dilation_sd_full_change_precond"
2025-11-26 19:38:36.822331,43,"stress_label",5,8,0.1,0.583333333333333,0.673076923076923,NA,5,"top5","eeg_tleft_sampent_full_change_precond;eeg_c_theta_mean_full_change_precond;eeg_tleft_halpha_mean_full_change_precond;gsr_skin_conductance_eda_tonic_mean_nk_full_change_precond;pupil_dilation_sd_full_change_precond"
2025-11-26 19:38:37.600949,43,"stress_label",5,16,0.1,0.602564102564103,0.653846153846154,0.592307692307692,5,"top5","eeg_tleft_sampent_full_change_precond;eeg_c_theta_mean_full_change_precond;eeg_tleft_halpha_mean_full_change_precond;gsr_skin_conductance_eda_tonic_mean_nk_full_change_precond;pupil_dilation_sd_full_change_precond"
2025-11-26 19:38:38.320509,43,"stress_label",5,32,0.1,0.557692307692308,0.615384615384615,0.547008547008547,5,"top5","eeg_tleft_sampent_full_change_precond;eeg_c_theta_mean_full_change_precond;eeg_tleft_halpha_mean_full_change_precond;gsr_skin_conductance_eda_tonic_mean_nk_full_change_precond;pupil_dilation_sd_full_change_precond"
2025-11-26 19:38:39.290992,43,"stress_label",5,64,0.1,0.615384615384615,0.647435897435897,NA,5,"top5","eeg_tleft_sampent_full_change_precond;eeg_c_theta_mean_full_change_precond;eeg_tleft_halpha_mean_full_change_precond;gsr_skin_conductance_eda_tonic_mean_nk_full_change_precond;pupil_dilation_sd_full_change_precond"
2025-11-26 19:38:40.47968,43,"stress_label",5,128,0.1,0.628205128205128,0.647435897435897,NA,5,"top5","eeg_tleft_sampent_full_change_precond;eeg_c_theta_mean_full_change_precond;eeg_tleft_halpha_mean_full_change_precond;gsr_skin_conductance_eda_tonic_mean_nk_full_change_precond;pupil_dilation_sd_full_change_precond"
2025-11-26 19:38:41.937788,43,"stress_label",5,256,0.1,0.58974358974359,0.621794871794872,0.597435897435897,5,"top5","eeg_tleft_sampent_full_change_precond;eeg_c_theta_mean_full_change_precond;eeg_tleft_halpha_mean_full_change_precond;gsr_skin_conductance_eda_tonic_mean_nk_full_change_precond;pupil_dilation_sd_full_change_precond"
2025-11-26 19:38:43.133669,45,"stress_label",20,2,0.0078125,0.583333333333333,0.628205128205128,0.541025641025641,20,"top20","eeg_tleft_sampent_full_change_precond;gsr_skin_conductance_eda_tonic_mean_nk_full_change_precond;eeg_tleft_halpha_mean_full_change_precond;pupil_dilation_sd_full_change_precond;eeg_fl_hbeta_mean_full_change_precond;eeg_pright_sampent_full_change_precond;eeg_t_sampent_full_change_precond;eeg_c_theta_mean_full_change_precond;eeg_tleft_lalpha_mean_full_change_precond;eeg_fr_sampent_full_change_precond;eeg_fm_theta_mean_full_change_precond;hr_heartrate_bpm_med_abs_full_change_precond;eeg_c_sampent_full_change_precond;hrv_rmssd_full_change_precond;eeg_c_specent_full_change_precond;eeg_fm_sampent_full_change_precond;eeg_tright_halpha_mean_full_change_precond;eeg_tleft_hbeta_mean_full_change_precond;pupil_asymmetry_full_change_precond;eeg_fm_lbeta_mean_full_change_precond"
2025-11-26 19:38:44.095621,45,"stress_label",20,4,0.0078125,0.557692307692308,0.583333333333333,0.524786324786325,20,"top20","eeg_tleft_sampent_full_change_precond;gsr_skin_conductance_eda_tonic_mean_nk_full_change_precond;eeg_tleft_halpha_mean_full_change_precond;pupil_dilation_sd_full_change_precond;eeg_fl_hbeta_mean_full_change_precond;eeg_pright_sampent_full_change_precond;eeg_t_sampent_full_change_precond;eeg_c_theta_mean_full_change_precond;eeg_tleft_lalpha_mean_full_change_precond;eeg_fr_sampent_full_change_precond;eeg_fm_theta_mean_full_change_precond;hr_heartrate_bpm_med_abs_full_change_precond;eeg_c_sampent_full_change_precond;hrv_rmssd_full_change_precond;eeg_c_specent_full_change_precond;eeg_fm_sampent_full_change_precond;eeg_tright_halpha_mean_full_change_precond;eeg_tleft_hbeta_mean_full_change_precond;pupil_asymmetry_full_change_precond;eeg_fm_lbeta_mean_full_change_precond"
2025-11-26 19:38:45.035418,45,"stress_label",20,8,0.0078125,0.557692307692308,0.58974358974359,0.523076923076923,20,"top20","eeg_tleft_sampent_full_change_precond;gsr_skin_conductance_eda_tonic_mean_nk_full_change_precond;eeg_tleft_halpha_mean_full_change_precond;pupil_dilation_sd_full_change_precond;eeg_fl_hbeta_mean_full_change_precond;eeg_pright_sampent_full_change_precond;eeg_t_sampent_full_change_precond;eeg_c_theta_mean_full_change_precond;eeg_tleft_lalpha_mean_full_change_precond;eeg_fr_sampent_full_change_precond;eeg_fm_theta_mean_full_change_precond;hr_heartrate_bpm_med_abs_full_change_precond;eeg_c_sampent_full_change_precond;hrv_rmssd_full_change_precond;eeg_c_specent_full_change_precond;eeg_fm_sampent_full_change_precond;eeg_tright_halpha_mean_full_change_precond;eeg_tleft_hbeta_mean_full_change_precond;pupil_asymmetry_full_change_precond;eeg_fm_lbeta_mean_full_change_precond"
2025-11-26 19:38:46.026954,45,"stress_label",20,16,0.0078125,0.557692307692308,0.57051282051282,0.522222222222222,20,"top20","eeg_tleft_sampent_full_change_precond;gsr_skin_conductance_eda_tonic_mean_nk_full_change_precond;eeg_tleft_halpha_mean_full_change_precond;pupil_dilation_sd_full_change_precond;eeg_fl_hbeta_mean_full_change_precond;eeg_pright_sampent_full_change_precond;eeg_t_sampent_full_change_precond;eeg_c_theta_mean_full_change_precond;eeg_tleft_lalpha_mean_full_change_precond;eeg_fr_sampent_full_change_precond;eeg_fm_theta_mean_full_change_precond;hr_heartrate_bpm_med_abs_full_change_precond;eeg_c_sampent_full_change_precond;hrv_rmssd_full_change_precond;eeg_c_specent_full_change_precond;eeg_fm_sampent_full_change_precond;eeg_tright_halpha_mean_full_change_precond;eeg_tleft_hbeta_mean_full_change_precond;pupil_asymmetry_full_change_precond;eeg_fm_lbeta_mean_full_change_precond"
2025-11-26 19:38:47.114381,45,"stress_label",20,32,0.0078125,0.551282051282051,0.557692307692308,NA,20,"top20","eeg_tleft_sampent_full_change_precond;gsr_skin_conductance_eda_tonic_mean_nk_full_change_precond;eeg_tleft_halpha_mean_full_change_precond;pupil_dilation_sd_full_change_precond;eeg_fl_hbeta_mean_full_change_precond;eeg_pright_sampent_full_change_precond;eeg_t_sampent_full_change_precond;eeg_c_theta_mean_full_change_precond;eeg_tleft_lalpha_mean_full_change_precond;eeg_fr_sampent_full_change_precond;eeg_fm_theta_mean_full_change_precond;hr_heartrate_bpm_med_abs_full_change_precond;eeg_c_sampent_full_change_precond;hrv_rmssd_full_change_precond;eeg_c_specent_full_change_precond;eeg_fm_sampent_full_change_precond;eeg_tright_halpha_mean_full_change_precond;eeg_tleft_hbeta_mean_full_change_precond;pupil_asymmetry_full_change_precond;eeg_fm_lbeta_mean_full_change_precond"
2025-11-26 19:38:48.285317,45,"stress_label",20,64,0.0078125,0.532051282051282,0.532051282051282,0.505128205128205,20,"top20","eeg_tleft_sampent_full_change_precond;gsr_skin_conductance_eda_tonic_mean_nk_full_change_precond;eeg_tleft_halpha_mean_full_change_precond;pupil_dilation_sd_full_change_precond;eeg_fl_hbeta_mean_full_change_precond;eeg_pright_sampent_full_change_precond;eeg_t_sampent_full_change_precond;eeg_c_theta_mean_full_change_precond;eeg_tleft_lalpha_mean_full_change_precond;eeg_fr_sampent_full_change_precond;eeg_fm_theta_mean_full_change_precond;hr_heartrate_bpm_med_abs_full_change_precond;eeg_c_sampent_full_change_precond;hrv_rmssd_full_change_precond;eeg_c_specent_full_change_precond;eeg_fm_sampent_full_change_precond;eeg_tright_halpha_mean_full_change_precond;eeg_tleft_hbeta_mean_full_change_precond;pupil_asymmetry_full_change_precond;eeg_fm_lbeta_mean_full_change_precond"
2025-11-26 19:38:49.649209,45,"stress_label",20,128,0.0078125,0.512820512820513,0.461538461538462,NA,20,"top20","eeg_tleft_sampent_full_change_precond;gsr_skin_conductance_eda_tonic_mean_nk_full_change_precond;eeg_tleft_halpha_mean_full_change_precond;pupil_dilation_sd_full_change_precond;eeg_fl_hbeta_mean_full_change_precond;eeg_pright_sampent_full_change_precond;eeg_t_sampent_full_change_precond;eeg_c_theta_mean_full_change_precond;eeg_tleft_lalpha_mean_full_change_precond;eeg_fr_sampent_full_change_precond;eeg_fm_theta_mean_full_change_precond;hr_heartrate_bpm_med_abs_full_change_precond;eeg_c_sampent_full_change_precond;hrv_rmssd_full_change_precond;eeg_c_specent_full_change_precond;eeg_fm_sampent_full_change_precond;eeg_tright_halpha_mean_full_change_precond;eeg_tleft_hbeta_mean_full_change_precond;pupil_asymmetry_full_change_precond;eeg_fm_lbeta_mean_full_change_precond"
2025-11-26 19:38:51.19608,45,"stress_label",20,256,0.0078125,0.506410256410256,0.519230769230769,NA,20,"top20","eeg_tleft_sampent_full_change_precond;gsr_skin_conductance_eda_tonic_mean_nk_full_change_precond;eeg_tleft_halpha_mean_full_change_precond;pupil_dilation_sd_full_change_precond;eeg_fl_hbeta_mean_full_change_precond;eeg_pright_sampent_full_change_precond;eeg_t_sampent_full_change_precond;eeg_c_theta_mean_full_change_precond;eeg_tleft_lalpha_mean_full_change_precond;eeg_fr_sampent_full_change_precond;eeg_fm_theta_mean_full_change_precond;hr_heartrate_bpm_med_abs_full_change_precond;eeg_c_sampent_full_change_precond;hrv_rmssd_full_change_precond;eeg_c_specent_full_change_precond;eeg_fm_sampent_full_change_precond;eeg_tright_halpha_mean_full_change_precond;eeg_tleft_hbeta_mean_full_change_precond;pupil_asymmetry_full_change_precond;eeg_fm_lbeta_mean_full_change_precond"
2025-11-26 19:38:52.227657,45,"stress_label",20,2,0.015625,0.576923076923077,0.583333333333333,0.534188034188034,20,"top20","eeg_tleft_sampent_full_change_precond;gsr_skin_conductance_eda_tonic_mean_nk_full_change_precond;eeg_tleft_halpha_mean_full_change_precond;pupil_dilation_sd_full_change_precond;eeg_fl_hbeta_mean_full_change_precond;eeg_pright_sampent_full_change_precond;eeg_t_sampent_full_change_precond;eeg_c_theta_mean_full_change_precond;eeg_tleft_lalpha_mean_full_change_precond;eeg_fr_sampent_full_change_precond;eeg_fm_theta_mean_full_change_precond;hr_heartrate_bpm_med_abs_full_change_precond;eeg_c_sampent_full_change_precond;hrv_rmssd_full_change_precond;eeg_c_specent_full_change_precond;eeg_fm_sampent_full_change_precond;eeg_tright_halpha_mean_full_change_precond;eeg_tleft_hbeta_mean_full_change_precond;pupil_asymmetry_full_change_precond;eeg_fm_lbeta_mean_full_change_precond"
2025-11-26 19:38:53.288872,45,"stress_label",20,4,0.015625,0.57051282051282,0.58974358974359,0.531623931623932,20,"top20","eeg_tleft_sampent_full_change_precond;gsr_skin_conductance_eda_tonic_mean_nk_full_change_precond;eeg_tleft_halpha_mean_full_change_precond;pupil_dilation_sd_full_change_precond;eeg_fl_hbeta_mean_full_change_precond;eeg_pright_sampent_full_change_precond;eeg_t_sampent_full_change_precond;eeg_c_theta_mean_full_change_precond;eeg_tleft_lalpha_mean_full_change_precond;eeg_fr_sampent_full_change_precond;eeg_fm_theta_mean_full_change_precond;hr_heartrate_bpm_med_abs_full_change_precond;eeg_c_sampent_full_change_precond;hrv_rmssd_full_change_precond;eeg_c_specent_full_change_precond;eeg_fm_sampent_full_change_precond;eeg_tright_halpha_mean_full_change_precond;eeg_tleft_hbeta_mean_full_change_precond;pupil_asymmetry_full_change_precond;eeg_fm_lbeta_mean_full_change_precond"
2025-11-26 19:38:54.214346,45,"stress_label",20,8,0.015625,0.57051282051282,0.557692307692308,0.529059829059829,20,"top20","eeg_tleft_sampent_full_change_precond;gsr_skin_conductance_eda_tonic_mean_nk_full_change_precond;eeg_tleft_halpha_mean_full_change_precond;pupil_dilation_sd_full_change_precond;eeg_fl_hbeta_mean_full_change_precond;eeg_pright_sampent_full_change_precond;eeg_t_sampent_full_change_precond;eeg_c_theta_mean_full_change_precond;eeg_tleft_lalpha_mean_full_change_precond;eeg_fr_sampent_full_change_precond;eeg_fm_theta_mean_full_change_precond;hr_heartrate_bpm_med_abs_full_change_precond;eeg_c_sampent_full_change_precond;hrv_rmssd_full_change_precond;eeg_c_specent_full_change_precond;eeg_fm_sampent_full_change_precond;eeg_tright_halpha_mean_full_change_precond;eeg_tleft_hbeta_mean_full_change_precond;pupil_asymmetry_full_change_precond;eeg_fm_lbeta_mean_full_change_precond"
2025-11-26 19:38:55.254769,45,"stress_label",20,16,0.015625,0.532051282051282,0.551282051282051,0.501709401709402,20,"top20","eeg_tleft_sampent_full_change_precond;gsr_skin_conductance_eda_tonic_mean_nk_full_change_precond;eeg_tleft_halpha_mean_full_change_precond;pupil_dilation_sd_full_change_precond;eeg_fl_hbeta_mean_full_change_precond;eeg_pright_sampent_full_change_precond;eeg_t_sampent_full_change_precond;eeg_c_theta_mean_full_change_precond;eeg_tleft_lalpha_mean_full_change_precond;eeg_fr_sampent_full_change_precond;eeg_fm_theta_mean_full_change_precond;hr_heartrate_bpm_med_abs_full_change_precond;eeg_c_sampent_full_change_precond;hrv_rmssd_full_change_precond;eeg_c_specent_full_change_precond;eeg_fm_sampent_full_change_precond;eeg_tright_halpha_mean_full_change_precond;eeg_tleft_hbeta_mean_full_change_precond;pupil_asymmetry_full_change_precond;eeg_fm_lbeta_mean_full_change_precond"
2025-11-26 19:38:56.280771,45,"stress_label",20,32,0.015625,0.512820512820513,0.474358974358974,NA,20,"top20","eeg_tleft_sampent_full_change_precond;gsr_skin_conductance_eda_tonic_mean_nk_full_change_precond;eeg_tleft_halpha_mean_full_change_precond;pupil_dilation_sd_full_change_precond;eeg_fl_hbeta_mean_full_change_precond;eeg_pright_sampent_full_change_precond;eeg_t_sampent_full_change_precond;eeg_c_theta_mean_full_change_precond;eeg_tleft_lalpha_mean_full_change_precond;eeg_fr_sampent_full_change_precond;eeg_fm_theta_mean_full_change_precond;hr_heartrate_bpm_med_abs_full_change_precond;eeg_c_sampent_full_change_precond;hrv_rmssd_full_change_precond;eeg_c_specent_full_change_precond;eeg_fm_sampent_full_change_precond;eeg_tright_halpha_mean_full_change_precond;eeg_tleft_hbeta_mean_full_change_precond;pupil_asymmetry_full_change_precond;eeg_fm_lbeta_mean_full_change_precond"
2025-11-26 19:38:57.501898,45,"stress_label",20,64,0.015625,0.525641025641026,0.532051282051282,NA,20,"top20","eeg_tleft_sampent_full_change_precond;gsr_skin_conductance_eda_tonic_mean_nk_full_change_precond;eeg_tleft_halpha_mean_full_change_precond;pupil_dilation_sd_full_change_precond;eeg_fl_hbeta_mean_full_change_precond;eeg_pright_sampent_full_change_precond;eeg_t_sampent_full_change_precond;eeg_c_theta_mean_full_change_precond;eeg_tleft_lalpha_mean_full_change_precond;eeg_fr_sampent_full_change_precond;eeg_fm_theta_mean_full_change_precond;hr_heartrate_bpm_med_abs_full_change_precond;eeg_c_sampent_full_change_precond;hrv_rmssd_full_change_precond;eeg_c_specent_full_change_precond;eeg_fm_sampent_full_change_precond;eeg_tright_halpha_mean_full_change_precond;eeg_tleft_hbeta_mean_full_change_precond;pupil_asymmetry_full_change_precond;eeg_fm_lbeta_mean_full_change_precond"
2025-11-26 19:38:58.85427,45,"stress_label",20,128,0.015625,0.544871794871795,0.551282051282051,NA,20,"top20","eeg_tleft_sampent_full_change_precond;gsr_skin_conductance_eda_tonic_mean_nk_full_change_precond;eeg_tleft_halpha_mean_full_change_precond;pupil_dilation_sd_full_change_precond;eeg_fl_hbeta_mean_full_change_precond;eeg_pright_sampent_full_change_precond;eeg_t_sampent_full_change_precond;eeg_c_theta_mean_full_change_precond;eeg_tleft_lalpha_mean_full_change_precond;eeg_fr_sampent_full_change_precond;eeg_fm_theta_mean_full_change_precond;hr_heartrate_bpm_med_abs_full_change_precond;eeg_c_sampent_full_change_precond;hrv_rmssd_full_change_precond;eeg_c_specent_full_change_precond;eeg_fm_sampent_full_change_precond;eeg_tright_halpha_mean_full_change_precond;eeg_tleft_hbeta_mean_full_change_precond;pupil_asymmetry_full_change_precond;eeg_fm_lbeta_mean_full_change_precond"
2025-11-26 19:39:00.209496,45,"stress_label",20,256,0.015625,0.519230769230769,0.544871794871795,NA,20,"top20","eeg_tleft_sampent_full_change_precond;gsr_skin_conductance_eda_tonic_mean_nk_full_change_precond;eeg_tleft_halpha_mean_full_change_precond;pupil_dilation_sd_full_change_precond;eeg_fl_hbeta_mean_full_change_precond;eeg_pright_sampent_full_change_precond;eeg_t_sampent_full_change_precond;eeg_c_theta_mean_full_change_precond;eeg_tleft_lalpha_mean_full_change_precond;eeg_fr_sampent_full_change_precond;eeg_fm_theta_mean_full_change_precond;hr_heartrate_bpm_med_abs_full_change_precond;eeg_c_sampent_full_change_precond;hrv_rmssd_full_change_precond;eeg_c_specent_full_change_precond;eeg_fm_sampent_full_change_precond;eeg_tright_halpha_mean_full_change_precond;eeg_tleft_hbeta_mean_full_change_precond;pupil_asymmetry_full_change_precond;eeg_fm_lbeta_mean_full_change_precond"
2025-11-26 19:39:01.199138,45,"stress_label",20,2,0.03125,0.583333333333333,0.596153846153846,0.536752136752137,20,"top20","eeg_tleft_sampent_full_change_precond;gsr_skin_conductance_eda_tonic_mean_nk_full_change_precond;eeg_tleft_halpha_mean_full_change_precond;pupil_dilation_sd_full_change_precond;eeg_fl_hbeta_mean_full_change_precond;eeg_pright_sampent_full_change_precond;eeg_t_sampent_full_change_precond;eeg_c_theta_mean_full_change_precond;eeg_tleft_lalpha_mean_full_change_precond;eeg_fr_sampent_full_change_precond;eeg_fm_theta_mean_full_change_precond;hr_heartrate_bpm_med_abs_full_change_precond;eeg_c_sampent_full_change_precond;hrv_rmssd_full_change_precond;eeg_c_specent_full_change_precond;eeg_fm_sampent_full_change_precond;eeg_tright_halpha_mean_full_change_precond;eeg_tleft_hbeta_mean_full_change_precond;pupil_asymmetry_full_change_precond;eeg_fm_lbeta_mean_full_change_precond"
2025-11-26 19:39:02.247572,45,"stress_label",20,4,0.03125,0.576923076923077,0.557692307692308,0.538461538461538,20,"top20","eeg_tleft_sampent_full_change_precond;gsr_skin_conductance_eda_tonic_mean_nk_full_change_precond;eeg_tleft_halpha_mean_full_change_precond;pupil_dilation_sd_full_change_precond;eeg_fl_hbeta_mean_full_change_precond;eeg_pright_sampent_full_change_precond;eeg_t_sampent_full_change_precond;eeg_c_theta_mean_full_change_precond;eeg_tleft_lalpha_mean_full_change_precond;eeg_fr_sampent_full_change_precond;eeg_fm_theta_mean_full_change_precond;hr_heartrate_bpm_med_abs_full_change_precond;eeg_c_sampent_full_change_precond;hrv_rmssd_full_change_precond;eeg_c_specent_full_change_precond;eeg_fm_sampent_full_change_precond;eeg_tright_halpha_mean_full_change_precond;eeg_tleft_hbeta_mean_full_change_precond;pupil_asymmetry_full_change_precond;eeg_fm_lbeta_mean_full_change_precond"
2025-11-26 19:39:03.357608,45,"stress_label",20,8,0.03125,0.544871794871795,0.506410256410256,NA,20,"top20","eeg_tleft_sampent_full_change_precond;gsr_skin_conductance_eda_tonic_mean_nk_full_change_precond;eeg_tleft_halpha_mean_full_change_precond;pupil_dilation_sd_full_change_precond;eeg_fl_hbeta_mean_full_change_precond;eeg_pright_sampent_full_change_precond;eeg_t_sampent_full_change_precond;eeg_c_theta_mean_full_change_precond;eeg_tleft_lalpha_mean_full_change_precond;eeg_fr_sampent_full_change_precond;eeg_fm_theta_mean_full_change_precond;hr_heartrate_bpm_med_abs_full_change_precond;eeg_c_sampent_full_change_precond;hrv_rmssd_full_change_precond;eeg_c_specent_full_change_precond;eeg_fm_sampent_full_change_precond;eeg_tright_halpha_mean_full_change_precond;eeg_tleft_hbeta_mean_full_change_precond;pupil_asymmetry_full_change_precond;eeg_fm_lbeta_mean_full_change_precond"
2025-11-26 19:39:04.495537,45,"stress_label",20,16,0.03125,0.532051282051282,0.557692307692308,0.514529914529914,20,"top20","eeg_tleft_sampent_full_change_precond;gsr_skin_conductance_eda_tonic_mean_nk_full_change_precond;eeg_tleft_halpha_mean_full_change_precond;pupil_dilation_sd_full_change_precond;eeg_fl_hbeta_mean_full_change_precond;eeg_pright_sampent_full_change_precond;eeg_t_sampent_full_change_precond;eeg_c_theta_mean_full_change_precond;eeg_tleft_lalpha_mean_full_change_precond;eeg_fr_sampent_full_change_precond;eeg_fm_theta_mean_full_change_precond;hr_heartrate_bpm_med_abs_full_change_precond;eeg_c_sampent_full_change_precond;hrv_rmssd_full_change_precond;eeg_c_specent_full_change_precond;eeg_fm_sampent_full_change_precond;eeg_tright_halpha_mean_full_change_precond;eeg_tleft_hbeta_mean_full_change_precond;pupil_asymmetry_full_change_precond;eeg_fm_lbeta_mean_full_change_precond"
2025-11-26 19:39:05.724676,45,"stress_label",20,32,0.03125,0.557692307692308,0.596153846153846,0.546153846153846,20,"top20","eeg_tleft_sampent_full_change_precond;gsr_skin_conductance_eda_tonic_mean_nk_full_change_precond;eeg_tleft_halpha_mean_full_change_precond;pupil_dilation_sd_full_change_precond;eeg_fl_hbeta_mean_full_change_precond;eeg_pright_sampent_full_change_precond;eeg_t_sampent_full_change_precond;eeg_c_theta_mean_full_change_precond;eeg_tleft_lalpha_mean_full_change_precond;eeg_fr_sampent_full_change_precond;eeg_fm_theta_mean_full_change_precond;hr_heartrate_bpm_med_abs_full_change_precond;eeg_c_sampent_full_change_precond;hrv_rmssd_full_change_precond;eeg_c_specent_full_change_precond;eeg_fm_sampent_full_change_precond;eeg_tright_halpha_mean_full_change_precond;eeg_tleft_hbeta_mean_full_change_precond;pupil_asymmetry_full_change_precond;eeg_fm_lbeta_mean_full_change_precond"
2025-11-26 19:39:06.783096,45,"stress_label",20,64,0.03125,0.532051282051282,0.551282051282051,0.532478632478632,20,"top20","eeg_tleft_sampent_full_change_precond;gsr_skin_conductance_eda_tonic_mean_nk_full_change_precond;eeg_tleft_halpha_mean_full_change_precond;pupil_dilation_sd_full_change_precond;eeg_fl_hbeta_mean_full_change_precond;eeg_pright_sampent_full_change_precond;eeg_t_sampent_full_change_precond;eeg_c_theta_mean_full_change_precond;eeg_tleft_lalpha_mean_full_change_precond;eeg_fr_sampent_full_change_precond;eeg_fm_theta_mean_full_change_precond;hr_heartrate_bpm_med_abs_full_change_precond;eeg_c_sampent_full_change_precond;hrv_rmssd_full_change_precond;eeg_c_specent_full_change_precond;eeg_fm_sampent_full_change_precond;eeg_tright_halpha_mean_full_change_precond;eeg_tleft_hbeta_mean_full_change_precond;pupil_asymmetry_full_change_precond;eeg_fm_lbeta_mean_full_change_precond"
2025-11-26 19:39:08.013708,45,"stress_label",20,128,0.03125,0.532051282051282,0.525641025641026,0.532478632478632,20,"top20","eeg_tleft_sampent_full_change_precond;gsr_skin_conductance_eda_tonic_mean_nk_full_change_precond;eeg_tleft_halpha_mean_full_change_precond;pupil_dilation_sd_full_change_precond;eeg_fl_hbeta_mean_full_change_precond;eeg_pright_sampent_full_change_precond;eeg_t_sampent_full_change_precond;eeg_c_theta_mean_full_change_precond;eeg_tleft_lalpha_mean_full_change_precond;eeg_fr_sampent_full_change_precond;eeg_fm_theta_mean_full_change_precond;hr_heartrate_bpm_med_abs_full_change_precond;eeg_c_sampent_full_change_precond;hrv_rmssd_full_change_precond;eeg_c_specent_full_change_precond;eeg_fm_sampent_full_change_precond;eeg_tright_halpha_mean_full_change_precond;eeg_tleft_hbeta_mean_full_change_precond;pupil_asymmetry_full_change_precond;eeg_fm_lbeta_mean_full_change_precond"
2025-11-26 19:39:09.21574,45,"stress_label",20,256,0.03125,0.532051282051282,0.551282051282051,0.532478632478632,20,"top20","eeg_tleft_sampent_full_change_precond;gsr_skin_conductance_eda_tonic_mean_nk_full_change_precond;eeg_tleft_halpha_mean_full_change_precond;pupil_dilation_sd_full_change_precond;eeg_fl_hbeta_mean_full_change_precond;eeg_pright_sampent_full_change_precond;eeg_t_sampent_full_change_precond;eeg_c_theta_mean_full_change_precond;eeg_tleft_lalpha_mean_full_change_precond;eeg_fr_sampent_full_change_precond;eeg_fm_theta_mean_full_change_precond;hr_heartrate_bpm_med_abs_full_change_precond;eeg_c_sampent_full_change_precond;hrv_rmssd_full_change_precond;eeg_c_specent_full_change_precond;eeg_fm_sampent_full_change_precond;eeg_tright_halpha_mean_full_change_precond;eeg_tleft_hbeta_mean_full_change_precond;pupil_asymmetry_full_change_precond;eeg_fm_lbeta_mean_full_change_precond"
2025-11-26 19:39:10.28909,45,"stress_label",20,2,0.0625,0.57051282051282,0.57051282051282,0.52991452991453,20,"top20","eeg_tleft_sampent_full_change_precond;gsr_skin_conductance_eda_tonic_mean_nk_full_change_precond;eeg_tleft_halpha_mean_full_change_precond;pupil_dilation_sd_full_change_precond;eeg_fl_hbeta_mean_full_change_precond;eeg_pright_sampent_full_change_precond;eeg_t_sampent_full_change_precond;eeg_c_theta_mean_full_change_precond;eeg_tleft_lalpha_mean_full_change_precond;eeg_fr_sampent_full_change_precond;eeg_fm_theta_mean_full_change_precond;hr_heartrate_bpm_med_abs_full_change_precond;eeg_c_sampent_full_change_precond;hrv_rmssd_full_change_precond;eeg_c_specent_full_change_precond;eeg_fm_sampent_full_change_precond;eeg_tright_halpha_mean_full_change_precond;eeg_tleft_hbeta_mean_full_change_precond;pupil_asymmetry_full_change_precond;eeg_fm_lbeta_mean_full_change_precond"
2025-11-26 19:39:11.40861,45,"stress_label",20,4,0.0625,0.538461538461538,0.564102564102564,NA,20,"top20","eeg_tleft_sampent_full_change_precond;gsr_skin_conductance_eda_tonic_mean_nk_full_change_precond;eeg_tleft_halpha_mean_full_change_precond;pupil_dilation_sd_full_change_precond;eeg_fl_hbeta_mean_full_change_precond;eeg_pright_sampent_full_change_precond;eeg_t_sampent_full_change_precond;eeg_c_theta_mean_full_change_precond;eeg_tleft_lalpha_mean_full_change_precond;eeg_fr_sampent_full_change_precond;eeg_fm_theta_mean_full_change_precond;hr_heartrate_bpm_med_abs_full_change_precond;eeg_c_sampent_full_change_precond;hrv_rmssd_full_change_precond;eeg_c_specent_full_change_precond;eeg_fm_sampent_full_change_precond;eeg_tright_halpha_mean_full_change_precond;eeg_tleft_hbeta_mean_full_change_precond;pupil_asymmetry_full_change_precond;eeg_fm_lbeta_mean_full_change_precond"
2025-11-26 19:39:12.526558,45,"stress_label",20,8,0.0625,0.551282051282051,0.602564102564103,0.54957264957265,20,"top20","eeg_tleft_sampent_full_change_precond;gsr_skin_conductance_eda_tonic_mean_nk_full_change_precond;eeg_tleft_halpha_mean_full_change_precond;pupil_dilation_sd_full_change_precond;eeg_fl_hbeta_mean_full_change_precond;eeg_pright_sampent_full_change_precond;eeg_t_sampent_full_change_precond;eeg_c_theta_mean_full_change_precond;eeg_tleft_lalpha_mean_full_change_precond;eeg_fr_sampent_full_change_precond;eeg_fm_theta_mean_full_change_precond;hr_heartrate_bpm_med_abs_full_change_precond;eeg_c_sampent_full_change_precond;hrv_rmssd_full_change_precond;eeg_c_specent_full_change_precond;eeg_fm_sampent_full_change_precond;eeg_tright_halpha_mean_full_change_precond;eeg_tleft_hbeta_mean_full_change_precond;pupil_asymmetry_full_change_precond;eeg_fm_lbeta_mean_full_change_precond"
2025-11-26 19:39:13.558181,45,"stress_label",20,16,0.0625,0.544871794871795,0.608974358974359,0.545299145299145,20,"top20","eeg_tleft_sampent_full_change_precond;gsr_skin_conductance_eda_tonic_mean_nk_full_change_precond;eeg_tleft_halpha_mean_full_change_precond;pupil_dilation_sd_full_change_precond;eeg_fl_hbeta_mean_full_change_precond;eeg_pright_sampent_full_change_precond;eeg_t_sampent_full_change_precond;eeg_c_theta_mean_full_change_precond;eeg_tleft_lalpha_mean_full_change_precond;eeg_fr_sampent_full_change_precond;eeg_fm_theta_mean_full_change_precond;hr_heartrate_bpm_med_abs_full_change_precond;eeg_c_sampent_full_change_precond;hrv_rmssd_full_change_precond;eeg_c_specent_full_change_precond;eeg_fm_sampent_full_change_precond;eeg_tright_halpha_mean_full_change_precond;eeg_tleft_hbeta_mean_full_change_precond;pupil_asymmetry_full_change_precond;eeg_fm_lbeta_mean_full_change_precond"
2025-11-26 19:39:14.717479,45,"stress_label",20,32,0.0625,0.544871794871795,0.608974358974359,0.545299145299145,20,"top20","eeg_tleft_sampent_full_change_precond;gsr_skin_conductance_eda_tonic_mean_nk_full_change_precond;eeg_tleft_halpha_mean_full_change_precond;pupil_dilation_sd_full_change_precond;eeg_fl_hbeta_mean_full_change_precond;eeg_pright_sampent_full_change_precond;eeg_t_sampent_full_change_precond;eeg_c_theta_mean_full_change_precond;eeg_tleft_lalpha_mean_full_change_precond;eeg_fr_sampent_full_change_precond;eeg_fm_theta_mean_full_change_precond;hr_heartrate_bpm_med_abs_full_change_precond;eeg_c_sampent_full_change_precond;hrv_rmssd_full_change_precond;eeg_c_specent_full_change_precond;eeg_fm_sampent_full_change_precond;eeg_tright_halpha_mean_full_change_precond;eeg_tleft_hbeta_mean_full_change_precond;pupil_asymmetry_full_change_precond;eeg_fm_lbeta_mean_full_change_precond"
2025-11-26 19:39:15.889068,45,"stress_label",20,64,0.0625,0.544871794871795,0.583333333333333,0.545299145299145,20,"top20","eeg_tleft_sampent_full_change_precond;gsr_skin_conductance_eda_tonic_mean_nk_full_change_precond;eeg_tleft_halpha_mean_full_change_precond;pupil_dilation_sd_full_change_precond;eeg_fl_hbeta_mean_full_change_precond;eeg_pright_sampent_full_change_precond;eeg_t_sampent_full_change_precond;eeg_c_theta_mean_full_change_precond;eeg_tleft_lalpha_mean_full_change_precond;eeg_fr_sampent_full_change_precond;eeg_fm_theta_mean_full_change_precond;hr_heartrate_bpm_med_abs_full_change_precond;eeg_c_sampent_full_change_precond;hrv_rmssd_full_change_precond;eeg_c_specent_full_change_precond;eeg_fm_sampent_full_change_precond;eeg_tright_halpha_mean_full_change_precond;eeg_tleft_hbeta_mean_full_change_precond;pupil_asymmetry_full_change_precond;eeg_fm_lbeta_mean_full_change_precond"
2025-11-26 19:39:17.042166,45,"stress_label",20,128,0.0625,0.544871794871795,0.608974358974359,0.545299145299145,20,"top20","eeg_tleft_sampent_full_change_precond;gsr_skin_conductance_eda_tonic_mean_nk_full_change_precond;eeg_tleft_halpha_mean_full_change_precond;pupil_dilation_sd_full_change_precond;eeg_fl_hbeta_mean_full_change_precond;eeg_pright_sampent_full_change_precond;eeg_t_sampent_full_change_precond;eeg_c_theta_mean_full_change_precond;eeg_tleft_lalpha_mean_full_change_precond;eeg_fr_sampent_full_change_precond;eeg_fm_theta_mean_full_change_precond;hr_heartrate_bpm_med_abs_full_change_precond;eeg_c_sampent_full_change_precond;hrv_rmssd_full_change_precond;eeg_c_specent_full_change_precond;eeg_fm_sampent_full_change_precond;eeg_tright_halpha_mean_full_change_precond;eeg_tleft_hbeta_mean_full_change_precond;pupil_asymmetry_full_change_precond;eeg_fm_lbeta_mean_full_change_precond"
2025-11-26 19:39:18.156757,45,"stress_label",20,256,0.0625,0.544871794871795,0.608974358974359,0.545299145299145,20,"top20","eeg_tleft_sampent_full_change_precond;gsr_skin_conductance_eda_tonic_mean_nk_full_change_precond;eeg_tleft_halpha_mean_full_change_precond;pupil_dilation_sd_full_change_precond;eeg_fl_hbeta_mean_full_change_precond;eeg_pright_sampent_full_change_precond;eeg_t_sampent_full_change_precond;eeg_c_theta_mean_full_change_precond;eeg_tleft_lalpha_mean_full_change_precond;eeg_fr_sampent_full_change_precond;eeg_fm_theta_mean_full_change_precond;hr_heartrate_bpm_med_abs_full_change_precond;eeg_c_sampent_full_change_precond;hrv_rmssd_full_change_precond;eeg_c_specent_full_change_precond;eeg_fm_sampent_full_change_precond;eeg_tright_halpha_mean_full_change_precond;eeg_tleft_hbeta_mean_full_change_precond;pupil_asymmetry_full_change_precond;eeg_fm_lbeta_mean_full_change_precond"
2025-11-26 19:39:19.305533,45,"stress_label",20,2,0.125,0.551282051282051,0.602564102564103,NA,20,"top20","eeg_tleft_sampent_full_change_precond;gsr_skin_conductance_eda_tonic_mean_nk_full_change_precond;eeg_tleft_halpha_mean_full_change_precond;pupil_dilation_sd_full_change_precond;eeg_fl_hbeta_mean_full_change_precond;eeg_pright_sampent_full_change_precond;eeg_t_sampent_full_change_precond;eeg_c_theta_mean_full_change_precond;eeg_tleft_lalpha_mean_full_change_precond;eeg_fr_sampent_full_change_precond;eeg_fm_theta_mean_full_change_precond;hr_heartrate_bpm_med_abs_full_change_precond;eeg_c_sampent_full_change_precond;hrv_rmssd_full_change_precond;eeg_c_specent_full_change_precond;eeg_fm_sampent_full_change_precond;eeg_tright_halpha_mean_full_change_precond;eeg_tleft_hbeta_mean_full_change_precond;pupil_asymmetry_full_change_precond;eeg_fm_lbeta_mean_full_change_precond"
2025-11-26 19:39:20.408726,45,"stress_label",20,4,0.125,0.564102564102564,0.615384615384615,0.552991452991453,20,"top20","eeg_tleft_sampent_full_change_precond;gsr_skin_conductance_eda_tonic_mean_nk_full_change_precond;eeg_tleft_halpha_mean_full_change_precond;pupil_dilation_sd_full_change_precond;eeg_fl_hbeta_mean_full_change_precond;eeg_pright_sampent_full_change_precond;eeg_t_sampent_full_change_precond;eeg_c_theta_mean_full_change_precond;eeg_tleft_lalpha_mean_full_change_precond;eeg_fr_sampent_full_change_precond;eeg_fm_theta_mean_full_change_precond;hr_heartrate_bpm_med_abs_full_change_precond;eeg_c_sampent_full_change_precond;hrv_rmssd_full_change_precond;eeg_c_specent_full_change_precond;eeg_fm_sampent_full_change_precond;eeg_tright_halpha_mean_full_change_precond;eeg_tleft_hbeta_mean_full_change_precond;pupil_asymmetry_full_change_precond;eeg_fm_lbeta_mean_full_change_precond"
2025-11-26 19:39:21.46035,45,"stress_label",20,8,0.125,0.557692307692308,0.621794871794872,0.55042735042735,20,"top20","eeg_tleft_sampent_full_change_precond;gsr_skin_conductance_eda_tonic_mean_nk_full_change_precond;eeg_tleft_halpha_mean_full_change_precond;pupil_dilation_sd_full_change_precond;eeg_fl_hbeta_mean_full_change_precond;eeg_pright_sampent_full_change_precond;eeg_t_sampent_full_change_precond;eeg_c_theta_mean_full_change_precond;eeg_tleft_lalpha_mean_full_change_precond;eeg_fr_sampent_full_change_precond;eeg_fm_theta_mean_full_change_precond;hr_heartrate_bpm_med_abs_full_change_precond;eeg_c_sampent_full_change_precond;hrv_rmssd_full_change_precond;eeg_c_specent_full_change_precond;eeg_fm_sampent_full_change_precond;eeg_tright_halpha_mean_full_change_precond;eeg_tleft_hbeta_mean_full_change_precond;pupil_asymmetry_full_change_precond;eeg_fm_lbeta_mean_full_change_precond"
2025-11-26 19:39:22.57504,45,"stress_label",20,16,0.125,0.557692307692308,0.621794871794872,0.55042735042735,20,"top20","eeg_tleft_sampent_full_change_precond;gsr_skin_conductance_eda_tonic_mean_nk_full_change_precond;eeg_tleft_halpha_mean_full_change_precond;pupil_dilation_sd_full_change_precond;eeg_fl_hbeta_mean_full_change_precond;eeg_pright_sampent_full_change_precond;eeg_t_sampent_full_change_precond;eeg_c_theta_mean_full_change_precond;eeg_tleft_lalpha_mean_full_change_precond;eeg_fr_sampent_full_change_precond;eeg_fm_theta_mean_full_change_precond;hr_heartrate_bpm_med_abs_full_change_precond;eeg_c_sampent_full_change_precond;hrv_rmssd_full_change_precond;eeg_c_specent_full_change_precond;eeg_fm_sampent_full_change_precond;eeg_tright_halpha_mean_full_change_precond;eeg_tleft_hbeta_mean_full_change_precond;pupil_asymmetry_full_change_precond;eeg_fm_lbeta_mean_full_change_precond"
2025-11-26 19:39:23.699718,45,"stress_label",20,32,0.125,0.557692307692308,0.621794871794872,0.55042735042735,20,"top20","eeg_tleft_sampent_full_change_precond;gsr_skin_conductance_eda_tonic_mean_nk_full_change_precond;eeg_tleft_halpha_mean_full_change_precond;pupil_dilation_sd_full_change_precond;eeg_fl_hbeta_mean_full_change_precond;eeg_pright_sampent_full_change_precond;eeg_t_sampent_full_change_precond;eeg_c_theta_mean_full_change_precond;eeg_tleft_lalpha_mean_full_change_precond;eeg_fr_sampent_full_change_precond;eeg_fm_theta_mean_full_change_precond;hr_heartrate_bpm_med_abs_full_change_precond;eeg_c_sampent_full_change_precond;hrv_rmssd_full_change_precond;eeg_c_specent_full_change_precond;eeg_fm_sampent_full_change_precond;eeg_tright_halpha_mean_full_change_precond;eeg_tleft_hbeta_mean_full_change_precond;pupil_asymmetry_full_change_precond;eeg_fm_lbeta_mean_full_change_precond"
2025-11-26 19:39:24.563008,45,"stress_label",20,64,0.125,0.557692307692308,0.621794871794872,0.55042735042735,20,"top20","eeg_tleft_sampent_full_change_precond;gsr_skin_conductance_eda_tonic_mean_nk_full_change_precond;eeg_tleft_halpha_mean_full_change_precond;pupil_dilation_sd_full_change_precond;eeg_fl_hbeta_mean_full_change_precond;eeg_pright_sampent_full_change_precond;eeg_t_sampent_full_change_precond;eeg_c_theta_mean_full_change_precond;eeg_tleft_lalpha_mean_full_change_precond;eeg_fr_sampent_full_change_precond;eeg_fm_theta_mean_full_change_precond;hr_heartrate_bpm_med_abs_full_change_precond;eeg_c_sampent_full_change_precond;hrv_rmssd_full_change_precond;eeg_c_specent_full_change_precond;eeg_fm_sampent_full_change_precond;eeg_tright_halpha_mean_full_change_precond;eeg_tleft_hbeta_mean_full_change_precond;pupil_asymmetry_full_change_precond;eeg_fm_lbeta_mean_full_change_precond"
2025-11-26 19:39:25.448572,45,"stress_label",20,128,0.125,0.557692307692308,0.621794871794872,0.55042735042735,20,"top20","eeg_tleft_sampent_full_change_precond;gsr_skin_conductance_eda_tonic_mean_nk_full_change_precond;eeg_tleft_halpha_mean_full_change_precond;pupil_dilation_sd_full_change_precond;eeg_fl_hbeta_mean_full_change_precond;eeg_pright_sampent_full_change_precond;eeg_t_sampent_full_change_precond;eeg_c_theta_mean_full_change_precond;eeg_tleft_lalpha_mean_full_change_precond;eeg_fr_sampent_full_change_precond;eeg_fm_theta_mean_full_change_precond;hr_heartrate_bpm_med_abs_full_change_precond;eeg_c_sampent_full_change_precond;hrv_rmssd_full_change_precond;eeg_c_specent_full_change_precond;eeg_fm_sampent_full_change_precond;eeg_tright_halpha_mean_full_change_precond;eeg_tleft_hbeta_mean_full_change_precond;pupil_asymmetry_full_change_precond;eeg_fm_lbeta_mean_full_change_precond"
2025-11-26 19:39:26.465421,45,"stress_label",20,256,0.125,0.557692307692308,0.621794871794872,0.55042735042735,20,"top20","eeg_tleft_sampent_full_change_precond;gsr_skin_conductance_eda_tonic_mean_nk_full_change_precond;eeg_tleft_halpha_mean_full_change_precond;pupil_dilation_sd_full_change_precond;eeg_fl_hbeta_mean_full_change_precond;eeg_pright_sampent_full_change_precond;eeg_t_sampent_full_change_precond;eeg_c_theta_mean_full_change_precond;eeg_tleft_lalpha_mean_full_change_precond;eeg_fr_sampent_full_change_precond;eeg_fm_theta_mean_full_change_precond;hr_heartrate_bpm_med_abs_full_change_precond;eeg_c_sampent_full_change_precond;hrv_rmssd_full_change_precond;eeg_c_specent_full_change_precond;eeg_fm_sampent_full_change_precond;eeg_tright_halpha_mean_full_change_precond;eeg_tleft_hbeta_mean_full_change_precond;pupil_asymmetry_full_change_precond;eeg_fm_lbeta_mean_full_change_precond"
2025-11-26 19:39:27.453942,45,"stress_label",20,2,0.03,0.583333333333333,0.58974358974359,0.536752136752137,20,"top20","eeg_tleft_sampent_full_change_precond;gsr_skin_conductance_eda_tonic_mean_nk_full_change_precond;eeg_tleft_halpha_mean_full_change_precond;pupil_dilation_sd_full_change_precond;eeg_fl_hbeta_mean_full_change_precond;eeg_pright_sampent_full_change_precond;eeg_t_sampent_full_change_precond;eeg_c_theta_mean_full_change_precond;eeg_tleft_lalpha_mean_full_change_precond;eeg_fr_sampent_full_change_precond;eeg_fm_theta_mean_full_change_precond;hr_heartrate_bpm_med_abs_full_change_precond;eeg_c_sampent_full_change_precond;hrv_rmssd_full_change_precond;eeg_c_specent_full_change_precond;eeg_fm_sampent_full_change_precond;eeg_tright_halpha_mean_full_change_precond;eeg_tleft_hbeta_mean_full_change_precond;pupil_asymmetry_full_change_precond;eeg_fm_lbeta_mean_full_change_precond"
2025-11-26 19:39:28.382308,45,"stress_label",20,4,0.03,0.576923076923077,0.564102564102564,0.538461538461538,20,"top20","eeg_tleft_sampent_full_change_precond;gsr_skin_conductance_eda_tonic_mean_nk_full_change_precond;eeg_tleft_halpha_mean_full_change_precond;pupil_dilation_sd_full_change_precond;eeg_fl_hbeta_mean_full_change_precond;eeg_pright_sampent_full_change_precond;eeg_t_sampent_full_change_precond;eeg_c_theta_mean_full_change_precond;eeg_tleft_lalpha_mean_full_change_precond;eeg_fr_sampent_full_change_precond;eeg_fm_theta_mean_full_change_precond;hr_heartrate_bpm_med_abs_full_change_precond;eeg_c_sampent_full_change_precond;hrv_rmssd_full_change_precond;eeg_c_specent_full_change_precond;eeg_fm_sampent_full_change_precond;eeg_tright_halpha_mean_full_change_precond;eeg_tleft_hbeta_mean_full_change_precond;pupil_asymmetry_full_change_precond;eeg_fm_lbeta_mean_full_change_precond"
2025-11-26 19:39:29.503083,45,"stress_label",20,8,0.03,0.551282051282051,0.544871794871795,NA,20,"top20","eeg_tleft_sampent_full_change_precond;gsr_skin_conductance_eda_tonic_mean_nk_full_change_precond;eeg_tleft_halpha_mean_full_change_precond;pupil_dilation_sd_full_change_precond;eeg_fl_hbeta_mean_full_change_precond;eeg_pright_sampent_full_change_precond;eeg_t_sampent_full_change_precond;eeg_c_theta_mean_full_change_precond;eeg_tleft_lalpha_mean_full_change_precond;eeg_fr_sampent_full_change_precond;eeg_fm_theta_mean_full_change_precond;hr_heartrate_bpm_med_abs_full_change_precond;eeg_c_sampent_full_change_precond;hrv_rmssd_full_change_precond;eeg_c_specent_full_change_precond;eeg_fm_sampent_full_change_precond;eeg_tright_halpha_mean_full_change_precond;eeg_tleft_hbeta_mean_full_change_precond;pupil_asymmetry_full_change_precond;eeg_fm_lbeta_mean_full_change_precond"
2025-11-26 19:39:30.634723,45,"stress_label",20,16,0.03,0.525641025641026,0.557692307692308,NA,20,"top20","eeg_tleft_sampent_full_change_precond;gsr_skin_conductance_eda_tonic_mean_nk_full_change_precond;eeg_tleft_halpha_mean_full_change_precond;pupil_dilation_sd_full_change_precond;eeg_fl_hbeta_mean_full_change_precond;eeg_pright_sampent_full_change_precond;eeg_t_sampent_full_change_precond;eeg_c_theta_mean_full_change_precond;eeg_tleft_lalpha_mean_full_change_precond;eeg_fr_sampent_full_change_precond;eeg_fm_theta_mean_full_change_precond;hr_heartrate_bpm_med_abs_full_change_precond;eeg_c_sampent_full_change_precond;hrv_rmssd_full_change_precond;eeg_c_specent_full_change_precond;eeg_fm_sampent_full_change_precond;eeg_tright_halpha_mean_full_change_precond;eeg_tleft_hbeta_mean_full_change_precond;pupil_asymmetry_full_change_precond;eeg_fm_lbeta_mean_full_change_precond"
2025-11-26 19:39:31.778615,45,"stress_label",20,32,0.03,0.544871794871795,0.564102564102564,NA,20,"top20","eeg_tleft_sampent_full_change_precond;gsr_skin_conductance_eda_tonic_mean_nk_full_change_precond;eeg_tleft_halpha_mean_full_change_precond;pupil_dilation_sd_full_change_precond;eeg_fl_hbeta_mean_full_change_precond;eeg_pright_sampent_full_change_precond;eeg_t_sampent_full_change_precond;eeg_c_theta_mean_full_change_precond;eeg_tleft_lalpha_mean_full_change_precond;eeg_fr_sampent_full_change_precond;eeg_fm_theta_mean_full_change_precond;hr_heartrate_bpm_med_abs_full_change_precond;eeg_c_sampent_full_change_precond;hrv_rmssd_full_change_precond;eeg_c_specent_full_change_precond;eeg_fm_sampent_full_change_precond;eeg_tright_halpha_mean_full_change_precond;eeg_tleft_hbeta_mean_full_change_precond;pupil_asymmetry_full_change_precond;eeg_fm_lbeta_mean_full_change_precond"
2025-11-26 19:39:32.977275,45,"stress_label",20,64,0.03,0.538461538461538,0.551282051282051,0.535897435897436,20,"top20","eeg_tleft_sampent_full_change_precond;gsr_skin_conductance_eda_tonic_mean_nk_full_change_precond;eeg_tleft_halpha_mean_full_change_precond;pupil_dilation_sd_full_change_precond;eeg_fl_hbeta_mean_full_change_precond;eeg_pright_sampent_full_change_precond;eeg_t_sampent_full_change_precond;eeg_c_theta_mean_full_change_precond;eeg_tleft_lalpha_mean_full_change_precond;eeg_fr_sampent_full_change_precond;eeg_fm_theta_mean_full_change_precond;hr_heartrate_bpm_med_abs_full_change_precond;eeg_c_sampent_full_change_precond;hrv_rmssd_full_change_precond;eeg_c_specent_full_change_precond;eeg_fm_sampent_full_change_precond;eeg_tright_halpha_mean_full_change_precond;eeg_tleft_hbeta_mean_full_change_precond;pupil_asymmetry_full_change_precond;eeg_fm_lbeta_mean_full_change_precond"
2025-11-26 19:39:34.109035,45,"stress_label",20,128,0.03,0.538461538461538,0.525641025641026,0.535897435897436,20,"top20","eeg_tleft_sampent_full_change_precond;gsr_skin_conductance_eda_tonic_mean_nk_full_change_precond;eeg_tleft_halpha_mean_full_change_precond;pupil_dilation_sd_full_change_precond;eeg_fl_hbeta_mean_full_change_precond;eeg_pright_sampent_full_change_precond;eeg_t_sampent_full_change_precond;eeg_c_theta_mean_full_change_precond;eeg_tleft_lalpha_mean_full_change_precond;eeg_fr_sampent_full_change_precond;eeg_fm_theta_mean_full_change_precond;hr_heartrate_bpm_med_abs_full_change_precond;eeg_c_sampent_full_change_precond;hrv_rmssd_full_change_precond;eeg_c_specent_full_change_precond;eeg_fm_sampent_full_change_precond;eeg_tright_halpha_mean_full_change_precond;eeg_tleft_hbeta_mean_full_change_precond;pupil_asymmetry_full_change_precond;eeg_fm_lbeta_mean_full_change_precond"
2025-11-26 19:39:35.248862,45,"stress_label",20,256,0.03,0.538461538461538,0.551282051282051,0.535897435897436,20,"top20","eeg_tleft_sampent_full_change_precond;gsr_skin_conductance_eda_tonic_mean_nk_full_change_precond;eeg_tleft_halpha_mean_full_change_precond;pupil_dilation_sd_full_change_precond;eeg_fl_hbeta_mean_full_change_precond;eeg_pright_sampent_full_change_precond;eeg_t_sampent_full_change_precond;eeg_c_theta_mean_full_change_precond;eeg_tleft_lalpha_mean_full_change_precond;eeg_fr_sampent_full_change_precond;eeg_fm_theta_mean_full_change_precond;hr_heartrate_bpm_med_abs_full_change_precond;eeg_c_sampent_full_change_precond;hrv_rmssd_full_change_precond;eeg_c_specent_full_change_precond;eeg_fm_sampent_full_change_precond;eeg_tright_halpha_mean_full_change_precond;eeg_tleft_hbeta_mean_full_change_precond;pupil_asymmetry_full_change_precond;eeg_fm_lbeta_mean_full_change_precond"
2025-11-26 19:39:36.240566,45,"stress_label",20,2,0.06,0.57051282051282,0.576923076923077,0.52991452991453,20,"top20","eeg_tleft_sampent_full_change_precond;gsr_skin_conductance_eda_tonic_mean_nk_full_change_precond;eeg_tleft_halpha_mean_full_change_precond;pupil_dilation_sd_full_change_precond;eeg_fl_hbeta_mean_full_change_precond;eeg_pright_sampent_full_change_precond;eeg_t_sampent_full_change_precond;eeg_c_theta_mean_full_change_precond;eeg_tleft_lalpha_mean_full_change_precond;eeg_fr_sampent_full_change_precond;eeg_fm_theta_mean_full_change_precond;hr_heartrate_bpm_med_abs_full_change_precond;eeg_c_sampent_full_change_precond;hrv_rmssd_full_change_precond;eeg_c_specent_full_change_precond;eeg_fm_sampent_full_change_precond;eeg_tright_halpha_mean_full_change_precond;eeg_tleft_hbeta_mean_full_change_precond;pupil_asymmetry_full_change_precond;eeg_fm_lbeta_mean_full_change_precond"
2025-11-26 19:39:37.407903,45,"stress_label",20,4,0.06,0.538461538461538,0.557692307692308,NA,20,"top20","eeg_tleft_sampent_full_change_precond;gsr_skin_conductance_eda_tonic_mean_nk_full_change_precond;eeg_tleft_halpha_mean_full_change_precond;pupil_dilation_sd_full_change_precond;eeg_fl_hbeta_mean_full_change_precond;eeg_pright_sampent_full_change_precond;eeg_t_sampent_full_change_precond;eeg_c_theta_mean_full_change_precond;eeg_tleft_lalpha_mean_full_change_precond;eeg_fr_sampent_full_change_precond;eeg_fm_theta_mean_full_change_precond;hr_heartrate_bpm_med_abs_full_change_precond;eeg_c_sampent_full_change_precond;hrv_rmssd_full_change_precond;eeg_c_specent_full_change_precond;eeg_fm_sampent_full_change_precond;eeg_tright_halpha_mean_full_change_precond;eeg_tleft_hbeta_mean_full_change_precond;pupil_asymmetry_full_change_precond;eeg_fm_lbeta_mean_full_change_precond"
2025-11-26 19:39:38.547581,45,"stress_label",20,8,0.06,0.551282051282051,0.596153846153846,0.542735042735043,20,"top20","eeg_tleft_sampent_full_change_precond;gsr_skin_conductance_eda_tonic_mean_nk_full_change_precond;eeg_tleft_halpha_mean_full_change_precond;pupil_dilation_sd_full_change_precond;eeg_fl_hbeta_mean_full_change_precond;eeg_pright_sampent_full_change_precond;eeg_t_sampent_full_change_precond;eeg_c_theta_mean_full_change_precond;eeg_tleft_lalpha_mean_full_change_precond;eeg_fr_sampent_full_change_precond;eeg_fm_theta_mean_full_change_precond;hr_heartrate_bpm_med_abs_full_change_precond;eeg_c_sampent_full_change_precond;hrv_rmssd_full_change_precond;eeg_c_specent_full_change_precond;eeg_fm_sampent_full_change_precond;eeg_tright_halpha_mean_full_change_precond;eeg_tleft_hbeta_mean_full_change_precond;pupil_asymmetry_full_change_precond;eeg_fm_lbeta_mean_full_change_precond"
2025-11-26 19:39:39.577053,45,"stress_label",20,16,0.06,0.544871794871795,0.608974358974359,0.545299145299145,20,"top20","eeg_tleft_sampent_full_change_precond;gsr_skin_conductance_eda_tonic_mean_nk_full_change_precond;eeg_tleft_halpha_mean_full_change_precond;pupil_dilation_sd_full_change_precond;eeg_fl_hbeta_mean_full_change_precond;eeg_pright_sampent_full_change_precond;eeg_t_sampent_full_change_precond;eeg_c_theta_mean_full_change_precond;eeg_tleft_lalpha_mean_full_change_precond;eeg_fr_sampent_full_change_precond;eeg_fm_theta_mean_full_change_precond;hr_heartrate_bpm_med_abs_full_change_precond;eeg_c_sampent_full_change_precond;hrv_rmssd_full_change_precond;eeg_c_specent_full_change_precond;eeg_fm_sampent_full_change_precond;eeg_tright_halpha_mean_full_change_precond;eeg_tleft_hbeta_mean_full_change_precond;pupil_asymmetry_full_change_precond;eeg_fm_lbeta_mean_full_change_precond"
2025-11-26 19:39:40.697263,45,"stress_label",20,32,0.06,0.544871794871795,0.596153846153846,0.545299145299145,20,"top20","eeg_tleft_sampent_full_change_precond;gsr_skin_conductance_eda_tonic_mean_nk_full_change_precond;eeg_tleft_halpha_mean_full_change_precond;pupil_dilation_sd_full_change_precond;eeg_fl_hbeta_mean_full_change_precond;eeg_pright_sampent_full_change_precond;eeg_t_sampent_full_change_precond;eeg_c_theta_mean_full_change_precond;eeg_tleft_lalpha_mean_full_change_precond;eeg_fr_sampent_full_change_precond;eeg_fm_theta_mean_full_change_precond;hr_heartrate_bpm_med_abs_full_change_precond;eeg_c_sampent_full_change_precond;hrv_rmssd_full_change_precond;eeg_c_specent_full_change_precond;eeg_fm_sampent_full_change_precond;eeg_tright_halpha_mean_full_change_precond;eeg_tleft_hbeta_mean_full_change_precond;pupil_asymmetry_full_change_precond;eeg_fm_lbeta_mean_full_change_precond"
2025-11-26 19:39:41.85272,45,"stress_label",20,64,0.06,0.544871794871795,0.596153846153846,0.545299145299145,20,"top20","eeg_tleft_sampent_full_change_precond;gsr_skin_conductance_eda_tonic_mean_nk_full_change_precond;eeg_tleft_halpha_mean_full_change_precond;pupil_dilation_sd_full_change_precond;eeg_fl_hbeta_mean_full_change_precond;eeg_pright_sampent_full_change_precond;eeg_t_sampent_full_change_precond;eeg_c_theta_mean_full_change_precond;eeg_tleft_lalpha_mean_full_change_precond;eeg_fr_sampent_full_change_precond;eeg_fm_theta_mean_full_change_precond;hr_heartrate_bpm_med_abs_full_change_precond;eeg_c_sampent_full_change_precond;hrv_rmssd_full_change_precond;eeg_c_specent_full_change_precond;eeg_fm_sampent_full_change_precond;eeg_tright_halpha_mean_full_change_precond;eeg_tleft_hbeta_mean_full_change_precond;pupil_asymmetry_full_change_precond;eeg_fm_lbeta_mean_full_change_precond"
2025-11-26 19:39:43.175087,45,"stress_label",20,128,0.06,0.544871794871795,0.608974358974359,0.545299145299145,20,"top20","eeg_tleft_sampent_full_change_precond;gsr_skin_conductance_eda_tonic_mean_nk_full_change_precond;eeg_tleft_halpha_mean_full_change_precond;pupil_dilation_sd_full_change_precond;eeg_fl_hbeta_mean_full_change_precond;eeg_pright_sampent_full_change_precond;eeg_t_sampent_full_change_precond;eeg_c_theta_mean_full_change_precond;eeg_tleft_lalpha_mean_full_change_precond;eeg_fr_sampent_full_change_precond;eeg_fm_theta_mean_full_change_precond;hr_heartrate_bpm_med_abs_full_change_precond;eeg_c_sampent_full_change_precond;hrv_rmssd_full_change_precond;eeg_c_specent_full_change_precond;eeg_fm_sampent_full_change_precond;eeg_tright_halpha_mean_full_change_precond;eeg_tleft_hbeta_mean_full_change_precond;pupil_asymmetry_full_change_precond;eeg_fm_lbeta_mean_full_change_precond"
2025-11-26 19:39:44.296928,45,"stress_label",20,256,0.06,0.544871794871795,0.583333333333333,0.545299145299145,20,"top20","eeg_tleft_sampent_full_change_precond;gsr_skin_conductance_eda_tonic_mean_nk_full_change_precond;eeg_tleft_halpha_mean_full_change_precond;pupil_dilation_sd_full_change_precond;eeg_fl_hbeta_mean_full_change_precond;eeg_pright_sampent_full_change_precond;eeg_t_sampent_full_change_precond;eeg_c_theta_mean_full_change_precond;eeg_tleft_lalpha_mean_full_change_precond;eeg_fr_sampent_full_change_precond;eeg_fm_theta_mean_full_change_precond;hr_heartrate_bpm_med_abs_full_change_precond;eeg_c_sampent_full_change_precond;hrv_rmssd_full_change_precond;eeg_c_specent_full_change_precond;eeg_fm_sampent_full_change_precond;eeg_tright_halpha_mean_full_change_precond;eeg_tleft_hbeta_mean_full_change_precond;pupil_asymmetry_full_change_precond;eeg_fm_lbeta_mean_full_change_precond"
2025-11-26 19:39:45.370074,45,"stress_label",20,2,0.1,0.57051282051282,0.602564102564103,NA,20,"top20","eeg_tleft_sampent_full_change_precond;gsr_skin_conductance_eda_tonic_mean_nk_full_change_precond;eeg_tleft_halpha_mean_full_change_precond;pupil_dilation_sd_full_change_precond;eeg_fl_hbeta_mean_full_change_precond;eeg_pright_sampent_full_change_precond;eeg_t_sampent_full_change_precond;eeg_c_theta_mean_full_change_precond;eeg_tleft_lalpha_mean_full_change_precond;eeg_fr_sampent_full_change_precond;eeg_fm_theta_mean_full_change_precond;hr_heartrate_bpm_med_abs_full_change_precond;eeg_c_sampent_full_change_precond;hrv_rmssd_full_change_precond;eeg_c_specent_full_change_precond;eeg_fm_sampent_full_change_precond;eeg_tright_halpha_mean_full_change_precond;eeg_tleft_hbeta_mean_full_change_precond;pupil_asymmetry_full_change_precond;eeg_fm_lbeta_mean_full_change_precond"
2025-11-26 19:39:46.51373,45,"stress_label",20,4,0.1,0.564102564102564,0.602564102564103,0.563247863247863,20,"top20","eeg_tleft_sampent_full_change_precond;gsr_skin_conductance_eda_tonic_mean_nk_full_change_precond;eeg_tleft_halpha_mean_full_change_precond;pupil_dilation_sd_full_change_precond;eeg_fl_hbeta_mean_full_change_precond;eeg_pright_sampent_full_change_precond;eeg_t_sampent_full_change_precond;eeg_c_theta_mean_full_change_precond;eeg_tleft_lalpha_mean_full_change_precond;eeg_fr_sampent_full_change_precond;eeg_fm_theta_mean_full_change_precond;hr_heartrate_bpm_med_abs_full_change_precond;eeg_c_sampent_full_change_precond;hrv_rmssd_full_change_precond;eeg_c_specent_full_change_precond;eeg_fm_sampent_full_change_precond;eeg_tright_halpha_mean_full_change_precond;eeg_tleft_hbeta_mean_full_change_precond;pupil_asymmetry_full_change_precond;eeg_fm_lbeta_mean_full_change_precond"
2025-11-26 19:39:47.640817,45,"stress_label",20,8,0.1,0.564102564102564,0.608974358974359,0.555555555555556,20,"top20","eeg_tleft_sampent_full_change_precond;gsr_skin_conductance_eda_tonic_mean_nk_full_change_precond;eeg_tleft_halpha_mean_full_change_precond;pupil_dilation_sd_full_change_precond;eeg_fl_hbeta_mean_full_change_precond;eeg_pright_sampent_full_change_precond;eeg_t_sampent_full_change_precond;eeg_c_theta_mean_full_change_precond;eeg_tleft_lalpha_mean_full_change_precond;eeg_fr_sampent_full_change_precond;eeg_fm_theta_mean_full_change_precond;hr_heartrate_bpm_med_abs_full_change_precond;eeg_c_sampent_full_change_precond;hrv_rmssd_full_change_precond;eeg_c_specent_full_change_precond;eeg_fm_sampent_full_change_precond;eeg_tright_halpha_mean_full_change_precond;eeg_tleft_hbeta_mean_full_change_precond;pupil_asymmetry_full_change_precond;eeg_fm_lbeta_mean_full_change_precond"
2025-11-26 19:39:48.761266,45,"stress_label",20,16,0.1,0.564102564102564,0.608974358974359,0.555555555555556,20,"top20","eeg_tleft_sampent_full_change_precond;gsr_skin_conductance_eda_tonic_mean_nk_full_change_precond;eeg_tleft_halpha_mean_full_change_precond;pupil_dilation_sd_full_change_precond;eeg_fl_hbeta_mean_full_change_precond;eeg_pright_sampent_full_change_precond;eeg_t_sampent_full_change_precond;eeg_c_theta_mean_full_change_precond;eeg_tleft_lalpha_mean_full_change_precond;eeg_fr_sampent_full_change_precond;eeg_fm_theta_mean_full_change_precond;hr_heartrate_bpm_med_abs_full_change_precond;eeg_c_sampent_full_change_precond;hrv_rmssd_full_change_precond;eeg_c_specent_full_change_precond;eeg_fm_sampent_full_change_precond;eeg_tright_halpha_mean_full_change_precond;eeg_tleft_hbeta_mean_full_change_precond;pupil_asymmetry_full_change_precond;eeg_fm_lbeta_mean_full_change_precond"
2025-11-26 19:39:49.873671,45,"stress_label",20,32,0.1,0.564102564102564,0.608974358974359,0.555555555555556,20,"top20","eeg_tleft_sampent_full_change_precond;gsr_skin_conductance_eda_tonic_mean_nk_full_change_precond;eeg_tleft_halpha_mean_full_change_precond;pupil_dilation_sd_full_change_precond;eeg_fl_hbeta_mean_full_change_precond;eeg_pright_sampent_full_change_precond;eeg_t_sampent_full_change_precond;eeg_c_theta_mean_full_change_precond;eeg_tleft_lalpha_mean_full_change_precond;eeg_fr_sampent_full_change_precond;eeg_fm_theta_mean_full_change_precond;hr_heartrate_bpm_med_abs_full_change_precond;eeg_c_sampent_full_change_precond;hrv_rmssd_full_change_precond;eeg_c_specent_full_change_precond;eeg_fm_sampent_full_change_precond;eeg_tright_halpha_mean_full_change_precond;eeg_tleft_hbeta_mean_full_change_precond;pupil_asymmetry_full_change_precond;eeg_fm_lbeta_mean_full_change_precond"
2025-11-26 19:39:50.769011,45,"stress_label",20,64,0.1,0.564102564102564,0.608974358974359,0.555555555555556,20,"top20","eeg_tleft_sampent_full_change_precond;gsr_skin_conductance_eda_tonic_mean_nk_full_change_precond;eeg_tleft_halpha_mean_full_change_precond;pupil_dilation_sd_full_change_precond;eeg_fl_hbeta_mean_full_change_precond;eeg_pright_sampent_full_change_precond;eeg_t_sampent_full_change_precond;eeg_c_theta_mean_full_change_precond;eeg_tleft_lalpha_mean_full_change_precond;eeg_fr_sampent_full_change_precond;eeg_fm_theta_mean_full_change_precond;hr_heartrate_bpm_med_abs_full_change_precond;eeg_c_sampent_full_change_precond;hrv_rmssd_full_change_precond;eeg_c_specent_full_change_precond;eeg_fm_sampent_full_change_precond;eeg_tright_halpha_mean_full_change_precond;eeg_tleft_hbeta_mean_full_change_precond;pupil_asymmetry_full_change_precond;eeg_fm_lbeta_mean_full_change_precond"
2025-11-26 19:39:51.771237,45,"stress_label",20,128,0.1,0.564102564102564,0.608974358974359,0.555555555555556,20,"top20","eeg_tleft_sampent_full_change_precond;gsr_skin_conductance_eda_tonic_mean_nk_full_change_precond;eeg_tleft_halpha_mean_full_change_precond;pupil_dilation_sd_full_change_precond;eeg_fl_hbeta_mean_full_change_precond;eeg_pright_sampent_full_change_precond;eeg_t_sampent_full_change_precond;eeg_c_theta_mean_full_change_precond;eeg_tleft_lalpha_mean_full_change_precond;eeg_fr_sampent_full_change_precond;eeg_fm_theta_mean_full_change_precond;hr_heartrate_bpm_med_abs_full_change_precond;eeg_c_sampent_full_change_precond;hrv_rmssd_full_change_precond;eeg_c_specent_full_change_precond;eeg_fm_sampent_full_change_precond;eeg_tright_halpha_mean_full_change_precond;eeg_tleft_hbeta_mean_full_change_precond;pupil_asymmetry_full_change_precond;eeg_fm_lbeta_mean_full_change_precond"
2025-11-26 19:39:52.745292,45,"stress_label",20,256,0.1,0.564102564102564,0.608974358974359,0.555555555555556,20,"top20","eeg_tleft_sampent_full_change_precond;gsr_skin_conductance_eda_tonic_mean_nk_full_change_precond;eeg_tleft_halpha_mean_full_change_precond;pupil_dilation_sd_full_change_precond;eeg_fl_hbeta_mean_full_change_precond;eeg_pright_sampent_full_change_precond;eeg_t_sampent_full_change_precond;eeg_c_theta_mean_full_change_precond;eeg_tleft_lalpha_mean_full_change_precond;eeg_fr_sampent_full_change_precond;eeg_fm_theta_mean_full_change_precond;hr_heartrate_bpm_med_abs_full_change_precond;eeg_c_sampent_full_change_precond;hrv_rmssd_full_change_precond;eeg_c_specent_full_change_precond;eeg_fm_sampent_full_change_precond;eeg_tright_halpha_mean_full_change_precond;eeg_tleft_hbeta_mean_full_change_precond;pupil_asymmetry_full_change_precond;eeg_fm_lbeta_mean_full_change_precond"
2025-11-26 19:39:53.673369,45,"stress_label",10,2,0.0078125,0.602564102564103,0.621794871794872,0.574358974358974,10,"top10","eeg_tleft_sampent_full_change_precond;gsr_skin_conductance_eda_tonic_mean_nk_full_change_precond;eeg_tleft_halpha_mean_full_change_precond;pupil_dilation_sd_full_change_precond;eeg_fl_hbeta_mean_full_change_precond;eeg_pright_sampent_full_change_precond;eeg_t_sampent_full_change_precond;eeg_c_theta_mean_full_change_precond;eeg_tleft_lalpha_mean_full_change_precond;eeg_fr_sampent_full_change_precond"
2025-11-26 19:39:54.517929,45,"stress_label",10,4,0.0078125,0.57051282051282,0.628205128205128,0.55982905982906,10,"top10","eeg_tleft_sampent_full_change_precond;gsr_skin_conductance_eda_tonic_mean_nk_full_change_precond;eeg_tleft_halpha_mean_full_change_precond;pupil_dilation_sd_full_change_precond;eeg_fl_hbeta_mean_full_change_precond;eeg_pright_sampent_full_change_precond;eeg_t_sampent_full_change_precond;eeg_c_theta_mean_full_change_precond;eeg_tleft_lalpha_mean_full_change_precond;eeg_fr_sampent_full_change_precond"
2025-11-26 19:39:55.238007,45,"stress_label",10,8,0.0078125,0.596153846153846,0.634615384615385,0.562393162393162,10,"top10","eeg_tleft_sampent_full_change_precond;gsr_skin_conductance_eda_tonic_mean_nk_full_change_precond;eeg_tleft_halpha_mean_full_change_precond;pupil_dilation_sd_full_change_precond;eeg_fl_hbeta_mean_full_change_precond;eeg_pright_sampent_full_change_precond;eeg_t_sampent_full_change_precond;eeg_c_theta_mean_full_change_precond;eeg_tleft_lalpha_mean_full_change_precond;eeg_fr_sampent_full_change_precond"
2025-11-26 19:39:55.969216,45,"stress_label",10,16,0.0078125,0.608974358974359,0.653846153846154,0.557264957264957,10,"top10","eeg_tleft_sampent_full_change_precond;gsr_skin_conductance_eda_tonic_mean_nk_full_change_precond;eeg_tleft_halpha_mean_full_change_precond;pupil_dilation_sd_full_change_precond;eeg_fl_hbeta_mean_full_change_precond;eeg_pright_sampent_full_change_precond;eeg_t_sampent_full_change_precond;eeg_c_theta_mean_full_change_precond;eeg_tleft_lalpha_mean_full_change_precond;eeg_fr_sampent_full_change_precond"
2025-11-26 19:39:56.831395,45,"stress_label",10,32,0.0078125,0.628205128205128,0.647435897435897,0.592307692307692,10,"top10","eeg_tleft_sampent_full_change_precond;gsr_skin_conductance_eda_tonic_mean_nk_full_change_precond;eeg_tleft_halpha_mean_full_change_precond;pupil_dilation_sd_full_change_precond;eeg_fl_hbeta_mean_full_change_precond;eeg_pright_sampent_full_change_precond;eeg_t_sampent_full_change_precond;eeg_c_theta_mean_full_change_precond;eeg_tleft_lalpha_mean_full_change_precond;eeg_fr_sampent_full_change_precond"
2025-11-26 19:39:57.690377,45,"stress_label",10,64,0.0078125,0.615384615384615,0.628205128205128,NA,10,"top10","eeg_tleft_sampent_full_change_precond;gsr_skin_conductance_eda_tonic_mean_nk_full_change_precond;eeg_tleft_halpha_mean_full_change_precond;pupil_dilation_sd_full_change_precond;eeg_fl_hbeta_mean_full_change_precond;eeg_pright_sampent_full_change_precond;eeg_t_sampent_full_change_precond;eeg_c_theta_mean_full_change_precond;eeg_tleft_lalpha_mean_full_change_precond;eeg_fr_sampent_full_change_precond"
2025-11-26 19:39:58.43459,45,"stress_label",10,128,0.0078125,0.57051282051282,0.576923076923077,0.536752136752137,10,"top10","eeg_tleft_sampent_full_change_precond;gsr_skin_conductance_eda_tonic_mean_nk_full_change_precond;eeg_tleft_halpha_mean_full_change_precond;pupil_dilation_sd_full_change_precond;eeg_fl_hbeta_mean_full_change_precond;eeg_pright_sampent_full_change_precond;eeg_t_sampent_full_change_precond;eeg_c_theta_mean_full_change_precond;eeg_tleft_lalpha_mean_full_change_precond;eeg_fr_sampent_full_change_precond"
2025-11-26 19:39:59.392645,45,"stress_label",10,256,0.0078125,0.564102564102564,0.57051282051282,NA,10,"top10","eeg_tleft_sampent_full_change_precond;gsr_skin_conductance_eda_tonic_mean_nk_full_change_precond;eeg_tleft_halpha_mean_full_change_precond;pupil_dilation_sd_full_change_precond;eeg_fl_hbeta_mean_full_change_precond;eeg_pright_sampent_full_change_precond;eeg_t_sampent_full_change_precond;eeg_c_theta_mean_full_change_precond;eeg_tleft_lalpha_mean_full_change_precond;eeg_fr_sampent_full_change_precond"
2025-11-26 19:40:00.188785,45,"stress_label",10,2,0.015625,0.564102564102564,0.608974358974359,0.55042735042735,10,"top10","eeg_tleft_sampent_full_change_precond;gsr_skin_conductance_eda_tonic_mean_nk_full_change_precond;eeg_tleft_halpha_mean_full_change_precond;pupil_dilation_sd_full_change_precond;eeg_fl_hbeta_mean_full_change_precond;eeg_pright_sampent_full_change_precond;eeg_t_sampent_full_change_precond;eeg_c_theta_mean_full_change_precond;eeg_tleft_lalpha_mean_full_change_precond;eeg_fr_sampent_full_change_precond"
2025-11-26 19:40:01.007189,45,"stress_label",10,4,0.015625,0.596153846153846,0.628205128205128,0.564957264957265,10,"top10","eeg_tleft_sampent_full_change_precond;gsr_skin_conductance_eda_tonic_mean_nk_full_change_precond;eeg_tleft_halpha_mean_full_change_precond;pupil_dilation_sd_full_change_precond;eeg_fl_hbeta_mean_full_change_precond;eeg_pright_sampent_full_change_precond;eeg_t_sampent_full_change_precond;eeg_c_theta_mean_full_change_precond;eeg_tleft_lalpha_mean_full_change_precond;eeg_fr_sampent_full_change_precond"
2025-11-26 19:40:01.742938,45,"stress_label",10,8,0.015625,0.615384615384615,0.641025641025641,0.576068376068376,10,"top10","eeg_tleft_sampent_full_change_precond;gsr_skin_conductance_eda_tonic_mean_nk_full_change_precond;eeg_tleft_halpha_mean_full_change_precond;pupil_dilation_sd_full_change_precond;eeg_fl_hbeta_mean_full_change_precond;eeg_pright_sampent_full_change_precond;eeg_t_sampent_full_change_precond;eeg_c_theta_mean_full_change_precond;eeg_tleft_lalpha_mean_full_change_precond;eeg_fr_sampent_full_change_precond"
2025-11-26 19:40:02.586054,45,"stress_label",10,16,0.015625,0.621794871794872,0.615384615384615,NA,10,"top10","eeg_tleft_sampent_full_change_precond;gsr_skin_conductance_eda_tonic_mean_nk_full_change_precond;eeg_tleft_halpha_mean_full_change_precond;pupil_dilation_sd_full_change_precond;eeg_fl_hbeta_mean_full_change_precond;eeg_pright_sampent_full_change_precond;eeg_t_sampent_full_change_precond;eeg_c_theta_mean_full_change_precond;eeg_tleft_lalpha_mean_full_change_precond;eeg_fr_sampent_full_change_precond"
2025-11-26 19:40:03.274686,45,"stress_label",10,32,0.015625,0.596153846153846,0.576923076923077,NA,10,"top10","eeg_tleft_sampent_full_change_precond;gsr_skin_conductance_eda_tonic_mean_nk_full_change_precond;eeg_tleft_halpha_mean_full_change_precond;pupil_dilation_sd_full_change_precond;eeg_fl_hbeta_mean_full_change_precond;eeg_pright_sampent_full_change_precond;eeg_t_sampent_full_change_precond;eeg_c_theta_mean_full_change_precond;eeg_tleft_lalpha_mean_full_change_precond;eeg_fr_sampent_full_change_precond"
2025-11-26 19:40:03.995699,45,"stress_label",10,64,0.015625,0.544871794871795,0.525641025641026,NA,10,"top10","eeg_tleft_sampent_full_change_precond;gsr_skin_conductance_eda_tonic_mean_nk_full_change_precond;eeg_tleft_halpha_mean_full_change_precond;pupil_dilation_sd_full_change_precond;eeg_fl_hbeta_mean_full_change_precond;eeg_pright_sampent_full_change_precond;eeg_t_sampent_full_change_precond;eeg_c_theta_mean_full_change_precond;eeg_tleft_lalpha_mean_full_change_precond;eeg_fr_sampent_full_change_precond"
2025-11-26 19:40:05.074667,45,"stress_label",10,128,0.015625,0.532051282051282,0.544871794871795,NA,10,"top10","eeg_tleft_sampent_full_change_precond;gsr_skin_conductance_eda_tonic_mean_nk_full_change_precond;eeg_tleft_halpha_mean_full_change_precond;pupil_dilation_sd_full_change_precond;eeg_fl_hbeta_mean_full_change_precond;eeg_pright_sampent_full_change_precond;eeg_t_sampent_full_change_precond;eeg_c_theta_mean_full_change_precond;eeg_tleft_lalpha_mean_full_change_precond;eeg_fr_sampent_full_change_precond"
2025-11-26 19:40:06.302729,45,"stress_label",10,256,0.015625,0.525641025641026,0.532051282051282,NA,10,"top10","eeg_tleft_sampent_full_change_precond;gsr_skin_conductance_eda_tonic_mean_nk_full_change_precond;eeg_tleft_halpha_mean_full_change_precond;pupil_dilation_sd_full_change_precond;eeg_fl_hbeta_mean_full_change_precond;eeg_pright_sampent_full_change_precond;eeg_t_sampent_full_change_precond;eeg_c_theta_mean_full_change_precond;eeg_tleft_lalpha_mean_full_change_precond;eeg_fr_sampent_full_change_precond"
2025-11-26 19:40:06.984877,45,"stress_label",10,2,0.03125,0.583333333333333,0.615384615384615,0.57008547008547,10,"top10","eeg_tleft_sampent_full_change_precond;gsr_skin_conductance_eda_tonic_mean_nk_full_change_precond;eeg_tleft_halpha_mean_full_change_precond;pupil_dilation_sd_full_change_precond;eeg_fl_hbeta_mean_full_change_precond;eeg_pright_sampent_full_change_precond;eeg_t_sampent_full_change_precond;eeg_c_theta_mean_full_change_precond;eeg_tleft_lalpha_mean_full_change_precond;eeg_fr_sampent_full_change_precond"
2025-11-26 19:40:07.864451,45,"stress_label",10,4,0.03125,0.58974358974359,0.615384615384615,NA,10,"top10","eeg_tleft_sampent_full_change_precond;gsr_skin_conductance_eda_tonic_mean_nk_full_change_precond;eeg_tleft_halpha_mean_full_change_precond;pupil_dilation_sd_full_change_precond;eeg_fl_hbeta_mean_full_change_precond;eeg_pright_sampent_full_change_precond;eeg_t_sampent_full_change_precond;eeg_c_theta_mean_full_change_precond;eeg_tleft_lalpha_mean_full_change_precond;eeg_fr_sampent_full_change_precond"
2025-11-26 19:40:08.558549,45,"stress_label",10,8,0.03125,0.615384615384615,0.596153846153846,NA,10,"top10","eeg_tleft_sampent_full_change_precond;gsr_skin_conductance_eda_tonic_mean_nk_full_change_precond;eeg_tleft_halpha_mean_full_change_precond;pupil_dilation_sd_full_change_precond;eeg_fl_hbeta_mean_full_change_precond;eeg_pright_sampent_full_change_precond;eeg_t_sampent_full_change_precond;eeg_c_theta_mean_full_change_precond;eeg_tleft_lalpha_mean_full_change_precond;eeg_fr_sampent_full_change_precond"
2025-11-26 19:40:09.373727,45,"stress_label",10,16,0.03125,0.551282051282051,0.57051282051282,NA,10,"top10","eeg_tleft_sampent_full_change_precond;gsr_skin_conductance_eda_tonic_mean_nk_full_change_precond;eeg_tleft_halpha_mean_full_change_precond;pupil_dilation_sd_full_change_precond;eeg_fl_hbeta_mean_full_change_precond;eeg_pright_sampent_full_change_precond;eeg_t_sampent_full_change_precond;eeg_c_theta_mean_full_change_precond;eeg_tleft_lalpha_mean_full_change_precond;eeg_fr_sampent_full_change_precond"
2025-11-26 19:40:10.362847,45,"stress_label",10,32,0.03125,0.532051282051282,0.532051282051282,NA,10,"top10","eeg_tleft_sampent_full_change_precond;gsr_skin_conductance_eda_tonic_mean_nk_full_change_precond;eeg_tleft_halpha_mean_full_change_precond;pupil_dilation_sd_full_change_precond;eeg_fl_hbeta_mean_full_change_precond;eeg_pright_sampent_full_change_precond;eeg_t_sampent_full_change_precond;eeg_c_theta_mean_full_change_precond;eeg_tleft_lalpha_mean_full_change_precond;eeg_fr_sampent_full_change_precond"
2025-11-26 19:40:11.408663,45,"stress_label",10,64,0.03125,0.519230769230769,0.564102564102564,NA,10,"top10","eeg_tleft_sampent_full_change_precond;gsr_skin_conductance_eda_tonic_mean_nk_full_change_precond;eeg_tleft_halpha_mean_full_change_precond;pupil_dilation_sd_full_change_precond;eeg_fl_hbeta_mean_full_change_precond;eeg_pright_sampent_full_change_precond;eeg_t_sampent_full_change_precond;eeg_c_theta_mean_full_change_precond;eeg_tleft_lalpha_mean_full_change_precond;eeg_fr_sampent_full_change_precond"
2025-11-26 19:40:12.611305,45,"stress_label",10,128,0.03125,0.544871794871795,0.58974358974359,0.535897435897436,10,"top10","eeg_tleft_sampent_full_change_precond;gsr_skin_conductance_eda_tonic_mean_nk_full_change_precond;eeg_tleft_halpha_mean_full_change_precond;pupil_dilation_sd_full_change_precond;eeg_fl_hbeta_mean_full_change_precond;eeg_pright_sampent_full_change_precond;eeg_t_sampent_full_change_precond;eeg_c_theta_mean_full_change_precond;eeg_tleft_lalpha_mean_full_change_precond;eeg_fr_sampent_full_change_precond"
2025-11-26 19:40:14.058907,45,"stress_label",10,256,0.03125,0.57051282051282,0.551282051282051,0.55982905982906,10,"top10","eeg_tleft_sampent_full_change_precond;gsr_skin_conductance_eda_tonic_mean_nk_full_change_precond;eeg_tleft_halpha_mean_full_change_precond;pupil_dilation_sd_full_change_precond;eeg_fl_hbeta_mean_full_change_precond;eeg_pright_sampent_full_change_precond;eeg_t_sampent_full_change_precond;eeg_c_theta_mean_full_change_precond;eeg_tleft_lalpha_mean_full_change_precond;eeg_fr_sampent_full_change_precond"
2025-11-26 19:40:14.917106,45,"stress_label",10,2,0.0625,0.628205128205128,0.608974358974359,NA,10,"top10","eeg_tleft_sampent_full_change_precond;gsr_skin_conductance_eda_tonic_mean_nk_full_change_precond;eeg_tleft_halpha_mean_full_change_precond;pupil_dilation_sd_full_change_precond;eeg_fl_hbeta_mean_full_change_precond;eeg_pright_sampent_full_change_precond;eeg_t_sampent_full_change_precond;eeg_c_theta_mean_full_change_precond;eeg_tleft_lalpha_mean_full_change_precond;eeg_fr_sampent_full_change_precond"
2025-11-26 19:40:15.808025,45,"stress_label",10,4,0.0625,0.602564102564103,0.57051282051282,NA,10,"top10","eeg_tleft_sampent_full_change_precond;gsr_skin_conductance_eda_tonic_mean_nk_full_change_precond;eeg_tleft_halpha_mean_full_change_precond;pupil_dilation_sd_full_change_precond;eeg_fl_hbeta_mean_full_change_precond;eeg_pright_sampent_full_change_precond;eeg_t_sampent_full_change_precond;eeg_c_theta_mean_full_change_precond;eeg_tleft_lalpha_mean_full_change_precond;eeg_fr_sampent_full_change_precond"
2025-11-26 19:40:16.737706,45,"stress_label",10,8,0.0625,0.564102564102564,0.557692307692308,NA,10,"top10","eeg_tleft_sampent_full_change_precond;gsr_skin_conductance_eda_tonic_mean_nk_full_change_precond;eeg_tleft_halpha_mean_full_change_precond;pupil_dilation_sd_full_change_precond;eeg_fl_hbeta_mean_full_change_precond;eeg_pright_sampent_full_change_precond;eeg_t_sampent_full_change_precond;eeg_c_theta_mean_full_change_precond;eeg_tleft_lalpha_mean_full_change_precond;eeg_fr_sampent_full_change_precond"
2025-11-26 19:40:17.706685,45,"stress_label",10,16,0.0625,0.538461538461538,0.551282051282051,NA,10,"top10","eeg_tleft_sampent_full_change_precond;gsr_skin_conductance_eda_tonic_mean_nk_full_change_precond;eeg_tleft_halpha_mean_full_change_precond;pupil_dilation_sd_full_change_precond;eeg_fl_hbeta_mean_full_change_precond;eeg_pright_sampent_full_change_precond;eeg_t_sampent_full_change_precond;eeg_c_theta_mean_full_change_precond;eeg_tleft_lalpha_mean_full_change_precond;eeg_fr_sampent_full_change_precond"
2025-11-26 19:40:18.745095,45,"stress_label",10,32,0.0625,0.564102564102564,0.576923076923077,0.552136752136752,10,"top10","eeg_tleft_sampent_full_change_precond;gsr_skin_conductance_eda_tonic_mean_nk_full_change_precond;eeg_tleft_halpha_mean_full_change_precond;pupil_dilation_sd_full_change_precond;eeg_fl_hbeta_mean_full_change_precond;eeg_pright_sampent_full_change_precond;eeg_t_sampent_full_change_precond;eeg_c_theta_mean_full_change_precond;eeg_tleft_lalpha_mean_full_change_precond;eeg_fr_sampent_full_change_precond"
2025-11-26 19:40:19.643114,45,"stress_label",10,64,0.0625,0.583333333333333,0.576923076923077,0.592307692307692,10,"top10","eeg_tleft_sampent_full_change_precond;gsr_skin_conductance_eda_tonic_mean_nk_full_change_precond;eeg_tleft_halpha_mean_full_change_precond;pupil_dilation_sd_full_change_precond;eeg_fl_hbeta_mean_full_change_precond;eeg_pright_sampent_full_change_precond;eeg_t_sampent_full_change_precond;eeg_c_theta_mean_full_change_precond;eeg_tleft_lalpha_mean_full_change_precond;eeg_fr_sampent_full_change_precond"
2025-11-26 19:40:20.732984,45,"stress_label",10,128,0.0625,0.57051282051282,0.58974358974359,NA,10,"top10","eeg_tleft_sampent_full_change_precond;gsr_skin_conductance_eda_tonic_mean_nk_full_change_precond;eeg_tleft_halpha_mean_full_change_precond;pupil_dilation_sd_full_change_precond;eeg_fl_hbeta_mean_full_change_precond;eeg_pright_sampent_full_change_precond;eeg_t_sampent_full_change_precond;eeg_c_theta_mean_full_change_precond;eeg_tleft_lalpha_mean_full_change_precond;eeg_fr_sampent_full_change_precond"
2025-11-26 19:40:22.018264,45,"stress_label",10,256,0.0625,0.551282051282051,0.461538461538462,NA,10,"top10","eeg_tleft_sampent_full_change_precond;gsr_skin_conductance_eda_tonic_mean_nk_full_change_precond;eeg_tleft_halpha_mean_full_change_precond;pupil_dilation_sd_full_change_precond;eeg_fl_hbeta_mean_full_change_precond;eeg_pright_sampent_full_change_precond;eeg_t_sampent_full_change_precond;eeg_c_theta_mean_full_change_precond;eeg_tleft_lalpha_mean_full_change_precond;eeg_fr_sampent_full_change_precond"
2025-11-26 19:40:22.911135,45,"stress_label",10,2,0.125,0.58974358974359,0.653846153846154,NA,10,"top10","eeg_tleft_sampent_full_change_precond;gsr_skin_conductance_eda_tonic_mean_nk_full_change_precond;eeg_tleft_halpha_mean_full_change_precond;pupil_dilation_sd_full_change_precond;eeg_fl_hbeta_mean_full_change_precond;eeg_pright_sampent_full_change_precond;eeg_t_sampent_full_change_precond;eeg_c_theta_mean_full_change_precond;eeg_tleft_lalpha_mean_full_change_precond;eeg_fr_sampent_full_change_precond"
2025-11-26 19:40:23.817589,45,"stress_label",10,4,0.125,0.557692307692308,0.615384615384615,NA,10,"top10","eeg_tleft_sampent_full_change_precond;gsr_skin_conductance_eda_tonic_mean_nk_full_change_precond;eeg_tleft_halpha_mean_full_change_precond;pupil_dilation_sd_full_change_precond;eeg_fl_hbeta_mean_full_change_precond;eeg_pright_sampent_full_change_precond;eeg_t_sampent_full_change_precond;eeg_c_theta_mean_full_change_precond;eeg_tleft_lalpha_mean_full_change_precond;eeg_fr_sampent_full_change_precond"
2025-11-26 19:40:24.704658,45,"stress_label",10,8,0.125,0.557692307692308,0.602564102564103,0.546153846153846,10,"top10","eeg_tleft_sampent_full_change_precond;gsr_skin_conductance_eda_tonic_mean_nk_full_change_precond;eeg_tleft_halpha_mean_full_change_precond;pupil_dilation_sd_full_change_precond;eeg_fl_hbeta_mean_full_change_precond;eeg_pright_sampent_full_change_precond;eeg_t_sampent_full_change_precond;eeg_c_theta_mean_full_change_precond;eeg_tleft_lalpha_mean_full_change_precond;eeg_fr_sampent_full_change_precond"
2025-11-26 19:40:25.713591,45,"stress_label",10,16,0.125,0.564102564102564,0.628205128205128,NA,10,"top10","eeg_tleft_sampent_full_change_precond;gsr_skin_conductance_eda_tonic_mean_nk_full_change_precond;eeg_tleft_halpha_mean_full_change_precond;pupil_dilation_sd_full_change_precond;eeg_fl_hbeta_mean_full_change_precond;eeg_pright_sampent_full_change_precond;eeg_t_sampent_full_change_precond;eeg_c_theta_mean_full_change_precond;eeg_tleft_lalpha_mean_full_change_precond;eeg_fr_sampent_full_change_precond"
2025-11-26 19:40:26.709822,45,"stress_label",10,32,0.125,0.551282051282051,0.608974358974359,NA,10,"top10","eeg_tleft_sampent_full_change_precond;gsr_skin_conductance_eda_tonic_mean_nk_full_change_precond;eeg_tleft_halpha_mean_full_change_precond;pupil_dilation_sd_full_change_precond;eeg_fl_hbeta_mean_full_change_precond;eeg_pright_sampent_full_change_precond;eeg_t_sampent_full_change_precond;eeg_c_theta_mean_full_change_precond;eeg_tleft_lalpha_mean_full_change_precond;eeg_fr_sampent_full_change_precond"
2025-11-26 19:40:27.789703,45,"stress_label",10,64,0.125,0.551282051282051,0.58974358974359,NA,10,"top10","eeg_tleft_sampent_full_change_precond;gsr_skin_conductance_eda_tonic_mean_nk_full_change_precond;eeg_tleft_halpha_mean_full_change_precond;pupil_dilation_sd_full_change_precond;eeg_fl_hbeta_mean_full_change_precond;eeg_pright_sampent_full_change_precond;eeg_t_sampent_full_change_precond;eeg_c_theta_mean_full_change_precond;eeg_tleft_lalpha_mean_full_change_precond;eeg_fr_sampent_full_change_precond"
2025-11-26 19:40:28.845941,45,"stress_label",10,128,0.125,0.544871794871795,0.532051282051282,NA,10,"top10","eeg_tleft_sampent_full_change_precond;gsr_skin_conductance_eda_tonic_mean_nk_full_change_precond;eeg_tleft_halpha_mean_full_change_precond;pupil_dilation_sd_full_change_precond;eeg_fl_hbeta_mean_full_change_precond;eeg_pright_sampent_full_change_precond;eeg_t_sampent_full_change_precond;eeg_c_theta_mean_full_change_precond;eeg_tleft_lalpha_mean_full_change_precond;eeg_fr_sampent_full_change_precond"
2025-11-26 19:40:29.691556,45,"stress_label",10,256,0.125,0.544871794871795,0.57051282051282,NA,10,"top10","eeg_tleft_sampent_full_change_precond;gsr_skin_conductance_eda_tonic_mean_nk_full_change_precond;eeg_tleft_halpha_mean_full_change_precond;pupil_dilation_sd_full_change_precond;eeg_fl_hbeta_mean_full_change_precond;eeg_pright_sampent_full_change_precond;eeg_t_sampent_full_change_precond;eeg_c_theta_mean_full_change_precond;eeg_tleft_lalpha_mean_full_change_precond;eeg_fr_sampent_full_change_precond"
2025-11-26 19:40:30.49623,45,"stress_label",10,2,0.03,0.576923076923077,0.615384615384615,0.565811965811966,10,"top10","eeg_tleft_sampent_full_change_precond;gsr_skin_conductance_eda_tonic_mean_nk_full_change_precond;eeg_tleft_halpha_mean_full_change_precond;pupil_dilation_sd_full_change_precond;eeg_fl_hbeta_mean_full_change_precond;eeg_pright_sampent_full_change_precond;eeg_t_sampent_full_change_precond;eeg_c_theta_mean_full_change_precond;eeg_tleft_lalpha_mean_full_change_precond;eeg_fr_sampent_full_change_precond"
2025-11-26 19:40:31.276817,45,"stress_label",10,4,0.03,0.58974358974359,0.615384615384615,NA,10,"top10","eeg_tleft_sampent_full_change_precond;gsr_skin_conductance_eda_tonic_mean_nk_full_change_precond;eeg_tleft_halpha_mean_full_change_precond;pupil_dilation_sd_full_change_precond;eeg_fl_hbeta_mean_full_change_precond;eeg_pright_sampent_full_change_precond;eeg_t_sampent_full_change_precond;eeg_c_theta_mean_full_change_precond;eeg_tleft_lalpha_mean_full_change_precond;eeg_fr_sampent_full_change_precond"
2025-11-26 19:40:32.174767,45,"stress_label",10,8,0.03,0.608974358974359,0.596153846153846,NA,10,"top10","eeg_tleft_sampent_full_change_precond;gsr_skin_conductance_eda_tonic_mean_nk_full_change_precond;eeg_tleft_halpha_mean_full_change_precond;pupil_dilation_sd_full_change_precond;eeg_fl_hbeta_mean_full_change_precond;eeg_pright_sampent_full_change_precond;eeg_t_sampent_full_change_precond;eeg_c_theta_mean_full_change_precond;eeg_tleft_lalpha_mean_full_change_precond;eeg_fr_sampent_full_change_precond"
2025-11-26 19:40:33.036962,45,"stress_label",10,16,0.03,0.544871794871795,0.57051282051282,NA,10,"top10","eeg_tleft_sampent_full_change_precond;gsr_skin_conductance_eda_tonic_mean_nk_full_change_precond;eeg_tleft_halpha_mean_full_change_precond;pupil_dilation_sd_full_change_precond;eeg_fl_hbeta_mean_full_change_precond;eeg_pright_sampent_full_change_precond;eeg_t_sampent_full_change_precond;eeg_c_theta_mean_full_change_precond;eeg_tleft_lalpha_mean_full_change_precond;eeg_fr_sampent_full_change_precond"
2025-11-26 19:40:33.985629,45,"stress_label",10,32,0.03,0.525641025641026,0.544871794871795,NA,10,"top10","eeg_tleft_sampent_full_change_precond;gsr_skin_conductance_eda_tonic_mean_nk_full_change_precond;eeg_tleft_halpha_mean_full_change_precond;pupil_dilation_sd_full_change_precond;eeg_fl_hbeta_mean_full_change_precond;eeg_pright_sampent_full_change_precond;eeg_t_sampent_full_change_precond;eeg_c_theta_mean_full_change_precond;eeg_tleft_lalpha_mean_full_change_precond;eeg_fr_sampent_full_change_precond"
2025-11-26 19:40:35.039925,45,"stress_label",10,64,0.03,0.525641025641026,0.506410256410256,NA,10,"top10","eeg_tleft_sampent_full_change_precond;gsr_skin_conductance_eda_tonic_mean_nk_full_change_precond;eeg_tleft_halpha_mean_full_change_precond;pupil_dilation_sd_full_change_precond;eeg_fl_hbeta_mean_full_change_precond;eeg_pright_sampent_full_change_precond;eeg_t_sampent_full_change_precond;eeg_c_theta_mean_full_change_precond;eeg_tleft_lalpha_mean_full_change_precond;eeg_fr_sampent_full_change_precond"
2025-11-26 19:40:36.19406,45,"stress_label",10,128,0.03,0.538461538461538,0.576923076923077,0.522222222222222,10,"top10","eeg_tleft_sampent_full_change_precond;gsr_skin_conductance_eda_tonic_mean_nk_full_change_precond;eeg_tleft_halpha_mean_full_change_precond;pupil_dilation_sd_full_change_precond;eeg_fl_hbeta_mean_full_change_precond;eeg_pright_sampent_full_change_precond;eeg_t_sampent_full_change_precond;eeg_c_theta_mean_full_change_precond;eeg_tleft_lalpha_mean_full_change_precond;eeg_fr_sampent_full_change_precond"
2025-11-26 19:40:37.549564,45,"stress_label",10,256,0.03,0.557692307692308,0.58974358974359,0.548717948717949,10,"top10","eeg_tleft_sampent_full_change_precond;gsr_skin_conductance_eda_tonic_mean_nk_full_change_precond;eeg_tleft_halpha_mean_full_change_precond;pupil_dilation_sd_full_change_precond;eeg_fl_hbeta_mean_full_change_precond;eeg_pright_sampent_full_change_precond;eeg_t_sampent_full_change_precond;eeg_c_theta_mean_full_change_precond;eeg_tleft_lalpha_mean_full_change_precond;eeg_fr_sampent_full_change_precond"
2025-11-26 19:40:38.381332,45,"stress_label",10,2,0.06,0.621794871794872,0.608974358974359,NA,10,"top10","eeg_tleft_sampent_full_change_precond;gsr_skin_conductance_eda_tonic_mean_nk_full_change_precond;eeg_tleft_halpha_mean_full_change_precond;pupil_dilation_sd_full_change_precond;eeg_fl_hbeta_mean_full_change_precond;eeg_pright_sampent_full_change_precond;eeg_t_sampent_full_change_precond;eeg_c_theta_mean_full_change_precond;eeg_tleft_lalpha_mean_full_change_precond;eeg_fr_sampent_full_change_precond"
2025-11-26 19:40:39.247158,45,"stress_label",10,4,0.06,0.608974358974359,0.57051282051282,NA,10,"top10","eeg_tleft_sampent_full_change_precond;gsr_skin_conductance_eda_tonic_mean_nk_full_change_precond;eeg_tleft_halpha_mean_full_change_precond;pupil_dilation_sd_full_change_precond;eeg_fl_hbeta_mean_full_change_precond;eeg_pright_sampent_full_change_precond;eeg_t_sampent_full_change_precond;eeg_c_theta_mean_full_change_precond;eeg_tleft_lalpha_mean_full_change_precond;eeg_fr_sampent_full_change_precond"
2025-11-26 19:40:40.083525,45,"stress_label",10,8,0.06,0.557692307692308,0.551282051282051,NA,10,"top10","eeg_tleft_sampent_full_change_precond;gsr_skin_conductance_eda_tonic_mean_nk_full_change_precond;eeg_tleft_halpha_mean_full_change_precond;pupil_dilation_sd_full_change_precond;eeg_fl_hbeta_mean_full_change_precond;eeg_pright_sampent_full_change_precond;eeg_t_sampent_full_change_precond;eeg_c_theta_mean_full_change_precond;eeg_tleft_lalpha_mean_full_change_precond;eeg_fr_sampent_full_change_precond"
2025-11-26 19:40:40.796584,45,"stress_label",10,16,0.06,0.525641025641026,0.551282051282051,NA,10,"top10","eeg_tleft_sampent_full_change_precond;gsr_skin_conductance_eda_tonic_mean_nk_full_change_precond;eeg_tleft_halpha_mean_full_change_precond;pupil_dilation_sd_full_change_precond;eeg_fl_hbeta_mean_full_change_precond;eeg_pright_sampent_full_change_precond;eeg_t_sampent_full_change_precond;eeg_c_theta_mean_full_change_precond;eeg_tleft_lalpha_mean_full_change_precond;eeg_fr_sampent_full_change_precond"
2025-11-26 19:40:41.587926,45,"stress_label",10,32,0.06,0.557692307692308,0.583333333333333,0.551282051282051,10,"top10","eeg_tleft_sampent_full_change_precond;gsr_skin_conductance_eda_tonic_mean_nk_full_change_precond;eeg_tleft_halpha_mean_full_change_precond;pupil_dilation_sd_full_change_precond;eeg_fl_hbeta_mean_full_change_precond;eeg_pright_sampent_full_change_precond;eeg_t_sampent_full_change_precond;eeg_c_theta_mean_full_change_precond;eeg_tleft_lalpha_mean_full_change_precond;eeg_fr_sampent_full_change_precond"
2025-11-26 19:40:42.557621,45,"stress_label",10,64,0.06,0.576923076923077,0.596153846153846,0.588888888888889,10,"top10","eeg_tleft_sampent_full_change_precond;gsr_skin_conductance_eda_tonic_mean_nk_full_change_precond;eeg_tleft_halpha_mean_full_change_precond;pupil_dilation_sd_full_change_precond;eeg_fl_hbeta_mean_full_change_precond;eeg_pright_sampent_full_change_precond;eeg_t_sampent_full_change_precond;eeg_c_theta_mean_full_change_precond;eeg_tleft_lalpha_mean_full_change_precond;eeg_fr_sampent_full_change_precond"
2025-11-26 19:40:43.806934,45,"stress_label",10,128,0.06,0.57051282051282,0.615384615384615,NA,10,"top10","eeg_tleft_sampent_full_change_precond;gsr_skin_conductance_eda_tonic_mean_nk_full_change_precond;eeg_tleft_halpha_mean_full_change_precond;pupil_dilation_sd_full_change_precond;eeg_fl_hbeta_mean_full_change_precond;eeg_pright_sampent_full_change_precond;eeg_t_sampent_full_change_precond;eeg_c_theta_mean_full_change_precond;eeg_tleft_lalpha_mean_full_change_precond;eeg_fr_sampent_full_change_precond"
2025-11-26 19:40:45.106646,45,"stress_label",10,256,0.06,0.551282051282051,0.480769230769231,NA,10,"top10","eeg_tleft_sampent_full_change_precond;gsr_skin_conductance_eda_tonic_mean_nk_full_change_precond;eeg_tleft_halpha_mean_full_change_precond;pupil_dilation_sd_full_change_precond;eeg_fl_hbeta_mean_full_change_precond;eeg_pright_sampent_full_change_precond;eeg_t_sampent_full_change_precond;eeg_c_theta_mean_full_change_precond;eeg_tleft_lalpha_mean_full_change_precond;eeg_fr_sampent_full_change_precond"
2025-11-26 19:40:45.98613,45,"stress_label",10,2,0.1,0.615384615384615,0.634615384615385,NA,10,"top10","eeg_tleft_sampent_full_change_precond;gsr_skin_conductance_eda_tonic_mean_nk_full_change_precond;eeg_tleft_halpha_mean_full_change_precond;pupil_dilation_sd_full_change_precond;eeg_fl_hbeta_mean_full_change_precond;eeg_pright_sampent_full_change_precond;eeg_t_sampent_full_change_precond;eeg_c_theta_mean_full_change_precond;eeg_tleft_lalpha_mean_full_change_precond;eeg_fr_sampent_full_change_precond"
2025-11-26 19:40:46.834319,45,"stress_label",10,4,0.1,0.557692307692308,0.615384615384615,NA,10,"top10","eeg_tleft_sampent_full_change_precond;gsr_skin_conductance_eda_tonic_mean_nk_full_change_precond;eeg_tleft_halpha_mean_full_change_precond;pupil_dilation_sd_full_change_precond;eeg_fl_hbeta_mean_full_change_precond;eeg_pright_sampent_full_change_precond;eeg_t_sampent_full_change_precond;eeg_c_theta_mean_full_change_precond;eeg_tleft_lalpha_mean_full_change_precond;eeg_fr_sampent_full_change_precond"
2025-11-26 19:40:47.770983,45,"stress_label",10,8,0.1,0.551282051282051,0.58974358974359,NA,10,"top10","eeg_tleft_sampent_full_change_precond;gsr_skin_conductance_eda_tonic_mean_nk_full_change_precond;eeg_tleft_halpha_mean_full_change_precond;pupil_dilation_sd_full_change_precond;eeg_fl_hbeta_mean_full_change_precond;eeg_pright_sampent_full_change_precond;eeg_t_sampent_full_change_precond;eeg_c_theta_mean_full_change_precond;eeg_tleft_lalpha_mean_full_change_precond;eeg_fr_sampent_full_change_precond"
2025-11-26 19:40:48.761572,45,"stress_label",10,16,0.1,0.576923076923077,0.583333333333333,0.58034188034188,10,"top10","eeg_tleft_sampent_full_change_precond;gsr_skin_conductance_eda_tonic_mean_nk_full_change_precond;eeg_tleft_halpha_mean_full_change_precond;pupil_dilation_sd_full_change_precond;eeg_fl_hbeta_mean_full_change_precond;eeg_pright_sampent_full_change_precond;eeg_t_sampent_full_change_precond;eeg_c_theta_mean_full_change_precond;eeg_tleft_lalpha_mean_full_change_precond;eeg_fr_sampent_full_change_precond"
2025-11-26 19:40:49.805854,45,"stress_label",10,32,0.1,0.57051282051282,0.608974358974359,NA,10,"top10","eeg_tleft_sampent_full_change_precond;gsr_skin_conductance_eda_tonic_mean_nk_full_change_precond;eeg_tleft_halpha_mean_full_change_precond;pupil_dilation_sd_full_change_precond;eeg_fl_hbeta_mean_full_change_precond;eeg_pright_sampent_full_change_precond;eeg_t_sampent_full_change_precond;eeg_c_theta_mean_full_change_precond;eeg_tleft_lalpha_mean_full_change_precond;eeg_fr_sampent_full_change_precond"
2025-11-26 19:40:50.847607,45,"stress_label",10,64,0.1,0.551282051282051,0.596153846153846,NA,10,"top10","eeg_tleft_sampent_full_change_precond;gsr_skin_conductance_eda_tonic_mean_nk_full_change_precond;eeg_tleft_halpha_mean_full_change_precond;pupil_dilation_sd_full_change_precond;eeg_fl_hbeta_mean_full_change_precond;eeg_pright_sampent_full_change_precond;eeg_t_sampent_full_change_precond;eeg_c_theta_mean_full_change_precond;eeg_tleft_lalpha_mean_full_change_precond;eeg_fr_sampent_full_change_precond"
2025-11-26 19:40:51.970042,45,"stress_label",10,128,0.1,0.557692307692308,0.544871794871795,NA,10,"top10","eeg_tleft_sampent_full_change_precond;gsr_skin_conductance_eda_tonic_mean_nk_full_change_precond;eeg_tleft_halpha_mean_full_change_precond;pupil_dilation_sd_full_change_precond;eeg_fl_hbeta_mean_full_change_precond;eeg_pright_sampent_full_change_precond;eeg_t_sampent_full_change_precond;eeg_c_theta_mean_full_change_precond;eeg_tleft_lalpha_mean_full_change_precond;eeg_fr_sampent_full_change_precond"
2025-11-26 19:40:52.899208,45,"stress_label",10,256,0.1,0.538461538461538,0.576923076923077,NA,10,"top10","eeg_tleft_sampent_full_change_precond;gsr_skin_conductance_eda_tonic_mean_nk_full_change_precond;eeg_tleft_halpha_mean_full_change_precond;pupil_dilation_sd_full_change_precond;eeg_fl_hbeta_mean_full_change_precond;eeg_pright_sampent_full_change_precond;eeg_t_sampent_full_change_precond;eeg_c_theta_mean_full_change_precond;eeg_tleft_lalpha_mean_full_change_precond;eeg_fr_sampent_full_change_precond"
2025-11-26 19:40:53.908289,45,"stress_label",5,2,0.0078125,0.58974358974359,0.628205128205128,NA,5,"top5","eeg_tleft_sampent_full_change_precond;gsr_skin_conductance_eda_tonic_mean_nk_full_change_precond;eeg_tleft_halpha_mean_full_change_precond;pupil_dilation_sd_full_change_precond;eeg_fl_hbeta_mean_full_change_precond"
2025-11-26 19:40:54.667471,45,"stress_label",5,4,0.0078125,0.596153846153846,0.628205128205128,0.563247863247863,5,"top5","eeg_tleft_sampent_full_change_precond;gsr_skin_conductance_eda_tonic_mean_nk_full_change_precond;eeg_tleft_halpha_mean_full_change_precond;pupil_dilation_sd_full_change_precond;eeg_fl_hbeta_mean_full_change_precond"
2025-11-26 19:40:55.428648,45,"stress_label",5,8,0.0078125,0.596153846153846,0.602564102564103,0.568376068376068,5,"top5","eeg_tleft_sampent_full_change_precond;gsr_skin_conductance_eda_tonic_mean_nk_full_change_precond;eeg_tleft_halpha_mean_full_change_precond;pupil_dilation_sd_full_change_precond;eeg_fl_hbeta_mean_full_change_precond"
2025-11-26 19:40:56.193214,45,"stress_label",5,16,0.0078125,0.57051282051282,0.608974358974359,0.558119658119658,5,"top5","eeg_tleft_sampent_full_change_precond;gsr_skin_conductance_eda_tonic_mean_nk_full_change_precond;eeg_tleft_halpha_mean_full_change_precond;pupil_dilation_sd_full_change_precond;eeg_fl_hbeta_mean_full_change_precond"
2025-11-26 19:40:56.979161,45,"stress_label",5,32,0.0078125,0.602564102564103,0.615384615384615,0.576923076923077,5,"top5","eeg_tleft_sampent_full_change_precond;gsr_skin_conductance_eda_tonic_mean_nk_full_change_precond;eeg_tleft_halpha_mean_full_change_precond;pupil_dilation_sd_full_change_precond;eeg_fl_hbeta_mean_full_change_precond"
2025-11-26 19:40:57.687201,45,"stress_label",5,64,0.0078125,0.583333333333333,0.615384615384615,0.553846153846154,5,"top5","eeg_tleft_sampent_full_change_precond;gsr_skin_conductance_eda_tonic_mean_nk_full_change_precond;eeg_tleft_halpha_mean_full_change_precond;pupil_dilation_sd_full_change_precond;eeg_fl_hbeta_mean_full_change_precond"
2025-11-26 19:40:58.314897,45,"stress_label",5,128,0.0078125,0.615384615384615,0.621794871794872,0.570940170940171,5,"top5","eeg_tleft_sampent_full_change_precond;gsr_skin_conductance_eda_tonic_mean_nk_full_change_precond;eeg_tleft_halpha_mean_full_change_precond;pupil_dilation_sd_full_change_precond;eeg_fl_hbeta_mean_full_change_precond"
2025-11-26 19:40:59.052027,45,"stress_label",5,256,0.0078125,0.621794871794872,0.615384615384615,0.561538461538462,5,"top5","eeg_tleft_sampent_full_change_precond;gsr_skin_conductance_eda_tonic_mean_nk_full_change_precond;eeg_tleft_halpha_mean_full_change_precond;pupil_dilation_sd_full_change_precond;eeg_fl_hbeta_mean_full_change_precond"
2025-11-26 19:40:59.794648,45,"stress_label",5,2,0.015625,0.602564102564103,0.621794871794872,0.571794871794872,5,"top5","eeg_tleft_sampent_full_change_precond;gsr_skin_conductance_eda_tonic_mean_nk_full_change_precond;eeg_tleft_halpha_mean_full_change_precond;pupil_dilation_sd_full_change_precond;eeg_fl_hbeta_mean_full_change_precond"
2025-11-26 19:41:00.562767,45,"stress_label",5,4,0.015625,0.57051282051282,0.602564102564103,0.541025641025641,5,"top5","eeg_tleft_sampent_full_change_precond;gsr_skin_conductance_eda_tonic_mean_nk_full_change_precond;eeg_tleft_halpha_mean_full_change_precond;pupil_dilation_sd_full_change_precond;eeg_fl_hbeta_mean_full_change_precond"
2025-11-26 19:41:01.322784,45,"stress_label",5,8,0.015625,0.57051282051282,0.608974358974359,0.554700854700855,5,"top5","eeg_tleft_sampent_full_change_precond;gsr_skin_conductance_eda_tonic_mean_nk_full_change_precond;eeg_tleft_halpha_mean_full_change_precond;pupil_dilation_sd_full_change_precond;eeg_fl_hbeta_mean_full_change_precond"
2025-11-26 19:41:02.094568,45,"stress_label",5,16,0.015625,0.58974358974359,0.621794871794872,0.552136752136752,5,"top5","eeg_tleft_sampent_full_change_precond;gsr_skin_conductance_eda_tonic_mean_nk_full_change_precond;eeg_tleft_halpha_mean_full_change_precond;pupil_dilation_sd_full_change_precond;eeg_fl_hbeta_mean_full_change_precond"
2025-11-26 19:41:02.887606,45,"stress_label",5,32,0.015625,0.615384615384615,0.621794871794872,0.570940170940171,5,"top5","eeg_tleft_sampent_full_change_precond;gsr_skin_conductance_eda_tonic_mean_nk_full_change_precond;eeg_tleft_halpha_mean_full_change_precond;pupil_dilation_sd_full_change_precond;eeg_fl_hbeta_mean_full_change_precond"
2025-11-26 19:41:03.637648,45,"stress_label",5,64,0.015625,0.621794871794872,0.615384615384615,0.561538461538462,5,"top5","eeg_tleft_sampent_full_change_precond;gsr_skin_conductance_eda_tonic_mean_nk_full_change_precond;eeg_tleft_halpha_mean_full_change_precond;pupil_dilation_sd_full_change_precond;eeg_fl_hbeta_mean_full_change_precond"
2025-11-26 19:41:04.486207,45,"stress_label",5,128,0.015625,0.602564102564103,0.641025641025641,0.58034188034188,5,"top5","eeg_tleft_sampent_full_change_precond;gsr_skin_conductance_eda_tonic_mean_nk_full_change_precond;eeg_tleft_halpha_mean_full_change_precond;pupil_dilation_sd_full_change_precond;eeg_fl_hbeta_mean_full_change_precond"
2025-11-26 19:41:05.336983,45,"stress_label",5,256,0.015625,0.615384615384615,0.653846153846154,0.588034188034188,5,"top5","eeg_tleft_sampent_full_change_precond;gsr_skin_conductance_eda_tonic_mean_nk_full_change_precond;eeg_tleft_halpha_mean_full_change_precond;pupil_dilation_sd_full_change_precond;eeg_fl_hbeta_mean_full_change_precond"
2025-11-26 19:41:06.107063,45,"stress_label",5,2,0.03125,0.583333333333333,0.615384615384615,0.537606837606838,5,"top5","eeg_tleft_sampent_full_change_precond;gsr_skin_conductance_eda_tonic_mean_nk_full_change_precond;eeg_tleft_halpha_mean_full_change_precond;pupil_dilation_sd_full_change_precond;eeg_fl_hbeta_mean_full_change_precond"
2025-11-26 19:41:06.864581,45,"stress_label",5,4,0.03125,0.596153846153846,0.628205128205128,0.54957264957265,5,"top5","eeg_tleft_sampent_full_change_precond;gsr_skin_conductance_eda_tonic_mean_nk_full_change_precond;eeg_tleft_halpha_mean_full_change_precond;pupil_dilation_sd_full_change_precond;eeg_fl_hbeta_mean_full_change_precond"
2025-11-26 19:41:07.629679,45,"stress_label",5,8,0.03125,0.621794871794872,0.634615384615385,0.576068376068376,5,"top5","eeg_tleft_sampent_full_change_precond;gsr_skin_conductance_eda_tonic_mean_nk_full_change_precond;eeg_tleft_halpha_mean_full_change_precond;pupil_dilation_sd_full_change_precond;eeg_fl_hbeta_mean_full_change_precond"
2025-11-26 19:41:08.378839,45,"stress_label",5,16,0.03125,0.628205128205128,0.615384615384615,0.574358974358974,5,"top5","eeg_tleft_sampent_full_change_precond;gsr_skin_conductance_eda_tonic_mean_nk_full_change_precond;eeg_tleft_halpha_mean_full_change_precond;pupil_dilation_sd_full_change_precond;eeg_fl_hbeta_mean_full_change_precond"
2025-11-26 19:41:09.135323,45,"stress_label",5,32,0.03125,0.596153846153846,0.634615384615385,0.57008547008547,5,"top5","eeg_tleft_sampent_full_change_precond;gsr_skin_conductance_eda_tonic_mean_nk_full_change_precond;eeg_tleft_halpha_mean_full_change_precond;pupil_dilation_sd_full_change_precond;eeg_fl_hbeta_mean_full_change_precond"
2025-11-26 19:41:09.992146,45,"stress_label",5,64,0.03125,0.608974358974359,0.647435897435897,0.582905982905983,5,"top5","eeg_tleft_sampent_full_change_precond;gsr_skin_conductance_eda_tonic_mean_nk_full_change_precond;eeg_tleft_halpha_mean_full_change_precond;pupil_dilation_sd_full_change_precond;eeg_fl_hbeta_mean_full_change_precond"
2025-11-26 19:41:10.823584,45,"stress_label",5,128,0.03125,0.621794871794872,0.615384615384615,0.6,5,"top5","eeg_tleft_sampent_full_change_precond;gsr_skin_conductance_eda_tonic_mean_nk_full_change_precond;eeg_tleft_halpha_mean_full_change_precond;pupil_dilation_sd_full_change_precond;eeg_fl_hbeta_mean_full_change_precond"
2025-11-26 19:41:11.739598,45,"stress_label",5,256,0.03125,0.602564102564103,0.602564102564103,0.598290598290598,5,"top5","eeg_tleft_sampent_full_change_precond;gsr_skin_conductance_eda_tonic_mean_nk_full_change_precond;eeg_tleft_halpha_mean_full_change_precond;pupil_dilation_sd_full_change_precond;eeg_fl_hbeta_mean_full_change_precond"
2025-11-26 19:41:12.506538,45,"stress_label",5,2,0.0625,0.615384615384615,0.641025641025641,0.570940170940171,5,"top5","eeg_tleft_sampent_full_change_precond;gsr_skin_conductance_eda_tonic_mean_nk_full_change_precond;eeg_tleft_halpha_mean_full_change_precond;pupil_dilation_sd_full_change_precond;eeg_fl_hbeta_mean_full_change_precond"
2025-11-26 19:41:13.154071,45,"stress_label",5,4,0.0625,0.621794871794872,0.628205128205128,0.567521367521368,5,"top5","eeg_tleft_sampent_full_change_precond;gsr_skin_conductance_eda_tonic_mean_nk_full_change_precond;eeg_tleft_halpha_mean_full_change_precond;pupil_dilation_sd_full_change_precond;eeg_fl_hbeta_mean_full_change_precond"
2025-11-26 19:41:13.923787,45,"stress_label",5,8,0.0625,0.58974358974359,0.621794871794872,0.560683760683761,5,"top5","eeg_tleft_sampent_full_change_precond;gsr_skin_conductance_eda_tonic_mean_nk_full_change_precond;eeg_tleft_halpha_mean_full_change_precond;pupil_dilation_sd_full_change_precond;eeg_fl_hbeta_mean_full_change_precond"
2025-11-26 19:41:14.718768,45,"stress_label",5,16,0.0625,0.608974358974359,0.653846153846154,0.586324786324786,5,"top5","eeg_tleft_sampent_full_change_precond;gsr_skin_conductance_eda_tonic_mean_nk_full_change_precond;eeg_tleft_halpha_mean_full_change_precond;pupil_dilation_sd_full_change_precond;eeg_fl_hbeta_mean_full_change_precond"
2025-11-26 19:41:15.545146,45,"stress_label",5,32,0.0625,0.608974358974359,0.608974358974359,0.6,5,"top5","eeg_tleft_sampent_full_change_precond;gsr_skin_conductance_eda_tonic_mean_nk_full_change_precond;eeg_tleft_halpha_mean_full_change_precond;pupil_dilation_sd_full_change_precond;eeg_fl_hbeta_mean_full_change_precond"
2025-11-26 19:41:16.338964,45,"stress_label",5,64,0.0625,0.602564102564103,0.647435897435897,0.596581196581197,5,"top5","eeg_tleft_sampent_full_change_precond;gsr_skin_conductance_eda_tonic_mean_nk_full_change_precond;eeg_tleft_halpha_mean_full_change_precond;pupil_dilation_sd_full_change_precond;eeg_fl_hbeta_mean_full_change_precond"
2025-11-26 19:41:17.415936,45,"stress_label",5,128,0.0625,0.608974358974359,0.634615384615385,0.594871794871795,5,"top5","eeg_tleft_sampent_full_change_precond;gsr_skin_conductance_eda_tonic_mean_nk_full_change_precond;eeg_tleft_halpha_mean_full_change_precond;pupil_dilation_sd_full_change_precond;eeg_fl_hbeta_mean_full_change_precond"
2025-11-26 19:41:18.695967,45,"stress_label",5,256,0.0625,0.628205128205128,0.634615384615385,NA,5,"top5","eeg_tleft_sampent_full_change_precond;gsr_skin_conductance_eda_tonic_mean_nk_full_change_precond;eeg_tleft_halpha_mean_full_change_precond;pupil_dilation_sd_full_change_precond;eeg_fl_hbeta_mean_full_change_precond"
2025-11-26 19:41:19.470564,45,"stress_label",5,2,0.125,0.583333333333333,0.641025641025641,0.551282051282051,5,"top5","eeg_tleft_sampent_full_change_precond;gsr_skin_conductance_eda_tonic_mean_nk_full_change_precond;eeg_tleft_halpha_mean_full_change_precond;pupil_dilation_sd_full_change_precond;eeg_fl_hbeta_mean_full_change_precond"
2025-11-26 19:41:20.239724,45,"stress_label",5,4,0.125,0.608974358974359,0.634615384615385,0.594017094017094,5,"top5","eeg_tleft_sampent_full_change_precond;gsr_skin_conductance_eda_tonic_mean_nk_full_change_precond;eeg_tleft_halpha_mean_full_change_precond;pupil_dilation_sd_full_change_precond;eeg_fl_hbeta_mean_full_change_precond"
2025-11-26 19:41:21.008252,45,"stress_label",5,8,0.125,0.608974358974359,0.615384615384615,0.606837606837607,5,"top5","eeg_tleft_sampent_full_change_precond;gsr_skin_conductance_eda_tonic_mean_nk_full_change_precond;eeg_tleft_halpha_mean_full_change_precond;pupil_dilation_sd_full_change_precond;eeg_fl_hbeta_mean_full_change_precond"
2025-11-26 19:41:21.838505,45,"stress_label",5,16,0.125,0.647435897435897,0.647435897435897,0.643589743589744,5,"top5","eeg_tleft_sampent_full_change_precond;gsr_skin_conductance_eda_tonic_mean_nk_full_change_precond;eeg_tleft_halpha_mean_full_change_precond;pupil_dilation_sd_full_change_precond;eeg_fl_hbeta_mean_full_change_precond"
2025-11-26 19:41:22.722885,45,"stress_label",5,32,0.125,0.615384615384615,0.647435897435897,NA,5,"top5","eeg_tleft_sampent_full_change_precond;gsr_skin_conductance_eda_tonic_mean_nk_full_change_precond;eeg_tleft_halpha_mean_full_change_precond;pupil_dilation_sd_full_change_precond;eeg_fl_hbeta_mean_full_change_precond"
2025-11-26 19:41:23.737043,45,"stress_label",5,64,0.125,0.647435897435897,0.673076923076923,NA,5,"top5","eeg_tleft_sampent_full_change_precond;gsr_skin_conductance_eda_tonic_mean_nk_full_change_precond;eeg_tleft_halpha_mean_full_change_precond;pupil_dilation_sd_full_change_precond;eeg_fl_hbeta_mean_full_change_precond"
2025-11-26 19:41:24.875661,45,"stress_label",5,128,0.125,0.596153846153846,0.608974358974359,0.603418803418803,5,"top5","eeg_tleft_sampent_full_change_precond;gsr_skin_conductance_eda_tonic_mean_nk_full_change_precond;eeg_tleft_halpha_mean_full_change_precond;pupil_dilation_sd_full_change_precond;eeg_fl_hbeta_mean_full_change_precond"
2025-11-26 19:41:26.298571,45,"stress_label",5,256,0.125,0.544871794871795,0.57051282051282,0.547863247863248,5,"top5","eeg_tleft_sampent_full_change_precond;gsr_skin_conductance_eda_tonic_mean_nk_full_change_precond;eeg_tleft_halpha_mean_full_change_precond;pupil_dilation_sd_full_change_precond;eeg_fl_hbeta_mean_full_change_precond"
2025-11-26 19:41:27.02238,45,"stress_label",5,2,0.03,0.583333333333333,0.615384615384615,0.537606837606838,5,"top5","eeg_tleft_sampent_full_change_precond;gsr_skin_conductance_eda_tonic_mean_nk_full_change_precond;eeg_tleft_halpha_mean_full_change_precond;pupil_dilation_sd_full_change_precond;eeg_fl_hbeta_mean_full_change_precond"
2025-11-26 19:41:27.693089,45,"stress_label",5,4,0.03,0.58974358974359,0.628205128205128,0.547008547008547,5,"top5","eeg_tleft_sampent_full_change_precond;gsr_skin_conductance_eda_tonic_mean_nk_full_change_precond;eeg_tleft_halpha_mean_full_change_precond;pupil_dilation_sd_full_change_precond;eeg_fl_hbeta_mean_full_change_precond"
2025-11-26 19:41:28.481339,45,"stress_label",5,8,0.03,0.621794871794872,0.641025641025641,0.576068376068376,5,"top5","eeg_tleft_sampent_full_change_precond;gsr_skin_conductance_eda_tonic_mean_nk_full_change_precond;eeg_tleft_halpha_mean_full_change_precond;pupil_dilation_sd_full_change_precond;eeg_fl_hbeta_mean_full_change_precond"
2025-11-26 19:41:29.25772,45,"stress_label",5,16,0.03,0.634615384615385,0.621794871794872,0.587179487179487,5,"top5","eeg_tleft_sampent_full_change_precond;gsr_skin_conductance_eda_tonic_mean_nk_full_change_precond;eeg_tleft_halpha_mean_full_change_precond;pupil_dilation_sd_full_change_precond;eeg_fl_hbeta_mean_full_change_precond"
2025-11-26 19:41:30.028035,45,"stress_label",5,32,0.03,0.602564102564103,0.634615384615385,0.577777777777778,5,"top5","eeg_tleft_sampent_full_change_precond;gsr_skin_conductance_eda_tonic_mean_nk_full_change_precond;eeg_tleft_halpha_mean_full_change_precond;pupil_dilation_sd_full_change_precond;eeg_fl_hbeta_mean_full_change_precond"
2025-11-26 19:41:30.721321,45,"stress_label",5,64,0.03,0.608974358974359,0.653846153846154,0.588034188034188,5,"top5","eeg_tleft_sampent_full_change_precond;gsr_skin_conductance_eda_tonic_mean_nk_full_change_precond;eeg_tleft_halpha_mean_full_change_precond;pupil_dilation_sd_full_change_precond;eeg_fl_hbeta_mean_full_change_precond"
2025-11-26 19:41:31.611618,45,"stress_label",5,128,0.03,0.596153846153846,0.621794871794872,0.584615384615385,5,"top5","eeg_tleft_sampent_full_change_precond;gsr_skin_conductance_eda_tonic_mean_nk_full_change_precond;eeg_tleft_halpha_mean_full_change_precond;pupil_dilation_sd_full_change_precond;eeg_fl_hbeta_mean_full_change_precond"
2025-11-26 19:41:32.628501,45,"stress_label",5,256,0.03,0.608974358974359,0.615384615384615,0.601709401709402,5,"top5","eeg_tleft_sampent_full_change_precond;gsr_skin_conductance_eda_tonic_mean_nk_full_change_precond;eeg_tleft_halpha_mean_full_change_precond;pupil_dilation_sd_full_change_precond;eeg_fl_hbeta_mean_full_change_precond"
2025-11-26 19:41:33.402131,45,"stress_label",5,2,0.06,0.615384615384615,0.641025641025641,0.570940170940171,5,"top5","eeg_tleft_sampent_full_change_precond;gsr_skin_conductance_eda_tonic_mean_nk_full_change_precond;eeg_tleft_halpha_mean_full_change_precond;pupil_dilation_sd_full_change_precond;eeg_fl_hbeta_mean_full_change_precond"
2025-11-26 19:41:34.165954,45,"stress_label",5,4,0.06,0.621794871794872,0.628205128205128,0.567521367521368,5,"top5","eeg_tleft_sampent_full_change_precond;gsr_skin_conductance_eda_tonic_mean_nk_full_change_precond;eeg_tleft_halpha_mean_full_change_precond;pupil_dilation_sd_full_change_precond;eeg_fl_hbeta_mean_full_change_precond"
2025-11-26 19:41:34.925375,45,"stress_label",5,8,0.06,0.583333333333333,0.628205128205128,0.547863247863248,5,"top5","eeg_tleft_sampent_full_change_precond;gsr_skin_conductance_eda_tonic_mean_nk_full_change_precond;eeg_tleft_halpha_mean_full_change_precond;pupil_dilation_sd_full_change_precond;eeg_fl_hbeta_mean_full_change_precond"
2025-11-26 19:41:35.729074,45,"stress_label",5,16,0.06,0.596153846153846,0.653846153846154,0.575213675213675,5,"top5","eeg_tleft_sampent_full_change_precond;gsr_skin_conductance_eda_tonic_mean_nk_full_change_precond;eeg_tleft_halpha_mean_full_change_precond;pupil_dilation_sd_full_change_precond;eeg_fl_hbeta_mean_full_change_precond"
2025-11-26 19:41:36.449418,45,"stress_label",5,32,0.06,0.608974358974359,0.615384615384615,0.597435897435897,5,"top5","eeg_tleft_sampent_full_change_precond;gsr_skin_conductance_eda_tonic_mean_nk_full_change_precond;eeg_tleft_halpha_mean_full_change_precond;pupil_dilation_sd_full_change_precond;eeg_fl_hbeta_mean_full_change_precond"
2025-11-26 19:41:37.142039,45,"stress_label",5,64,0.06,0.602564102564103,0.634615384615385,0.588888888888889,5,"top5","eeg_tleft_sampent_full_change_precond;gsr_skin_conductance_eda_tonic_mean_nk_full_change_precond;eeg_tleft_halpha_mean_full_change_precond;pupil_dilation_sd_full_change_precond;eeg_fl_hbeta_mean_full_change_precond"
2025-11-26 19:41:38.025285,45,"stress_label",5,128,0.06,0.602564102564103,0.641025641025641,0.586324786324786,5,"top5","eeg_tleft_sampent_full_change_precond;gsr_skin_conductance_eda_tonic_mean_nk_full_change_precond;eeg_tleft_halpha_mean_full_change_precond;pupil_dilation_sd_full_change_precond;eeg_fl_hbeta_mean_full_change_precond"
2025-11-26 19:41:39.300899,45,"stress_label",5,256,0.06,0.615384615384615,0.621794871794872,NA,5,"top5","eeg_tleft_sampent_full_change_precond;gsr_skin_conductance_eda_tonic_mean_nk_full_change_precond;eeg_tleft_halpha_mean_full_change_precond;pupil_dilation_sd_full_change_precond;eeg_fl_hbeta_mean_full_change_precond"
2025-11-26 19:41:40.053718,45,"stress_label",5,2,0.1,0.596153846153846,0.647435897435897,0.54957264957265,5,"top5","eeg_tleft_sampent_full_change_precond;gsr_skin_conductance_eda_tonic_mean_nk_full_change_precond;eeg_tleft_halpha_mean_full_change_precond;pupil_dilation_sd_full_change_precond;eeg_fl_hbeta_mean_full_change_precond"
2025-11-26 19:41:40.831611,45,"stress_label",5,4,0.1,0.583333333333333,0.628205128205128,0.558974358974359,5,"top5","eeg_tleft_sampent_full_change_precond;gsr_skin_conductance_eda_tonic_mean_nk_full_change_precond;eeg_tleft_halpha_mean_full_change_precond;pupil_dilation_sd_full_change_precond;eeg_fl_hbeta_mean_full_change_precond"
2025-11-26 19:41:41.627946,45,"stress_label",5,8,0.1,0.608974358974359,0.621794871794872,0.604273504273504,5,"top5","eeg_tleft_sampent_full_change_precond;gsr_skin_conductance_eda_tonic_mean_nk_full_change_precond;eeg_tleft_halpha_mean_full_change_precond;pupil_dilation_sd_full_change_precond;eeg_fl_hbeta_mean_full_change_precond"
2025-11-26 19:41:42.43913,45,"stress_label",5,16,0.1,0.615384615384615,0.621794871794872,0.611965811965812,5,"top5","eeg_tleft_sampent_full_change_precond;gsr_skin_conductance_eda_tonic_mean_nk_full_change_precond;eeg_tleft_halpha_mean_full_change_precond;pupil_dilation_sd_full_change_precond;eeg_fl_hbeta_mean_full_change_precond"
2025-11-26 19:41:43.252227,45,"stress_label",5,32,0.1,0.647435897435897,0.66025641025641,0.642735042735043,5,"top5","eeg_tleft_sampent_full_change_precond;gsr_skin_conductance_eda_tonic_mean_nk_full_change_precond;eeg_tleft_halpha_mean_full_change_precond;pupil_dilation_sd_full_change_precond;eeg_fl_hbeta_mean_full_change_precond"
2025-11-26 19:41:44.124787,45,"stress_label",5,64,0.1,0.608974358974359,0.641025641025641,NA,5,"top5","eeg_tleft_sampent_full_change_precond;gsr_skin_conductance_eda_tonic_mean_nk_full_change_precond;eeg_tleft_halpha_mean_full_change_precond;pupil_dilation_sd_full_change_precond;eeg_fl_hbeta_mean_full_change_precond"
2025-11-26 19:41:45.295104,45,"stress_label",5,128,0.1,0.641025641025641,0.641025641025641,NA,5,"top5","eeg_tleft_sampent_full_change_precond;gsr_skin_conductance_eda_tonic_mean_nk_full_change_precond;eeg_tleft_halpha_mean_full_change_precond;pupil_dilation_sd_full_change_precond;eeg_fl_hbeta_mean_full_change_precond"
2025-11-26 19:41:46.677461,45,"stress_label",5,256,0.1,0.583333333333333,0.576923076923077,0.595726495726496,5,"top5","eeg_tleft_sampent_full_change_precond;gsr_skin_conductance_eda_tonic_mean_nk_full_change_precond;eeg_tleft_halpha_mean_full_change_precond;pupil_dilation_sd_full_change_precond;eeg_fl_hbeta_mean_full_change_precond"
2025-11-26 19:41:47.885536,46,"stress_label",20,2,0.0078125,0.544871794871795,0.608974358974359,0.517948717948718,20,"top20","eeg_tleft_sampent_full_change_precond;gsr_skin_conductance_eda_tonic_mean_nk_full_change_precond;eeg_tleft_halpha_mean_full_change_precond;eeg_c_theta_mean_full_change_precond;eeg_tleft_lalpha_mean_full_change_precond;pupil_dilation_sd_full_change_precond;eeg_t_sampent_full_change_precond;eeg_pright_sampent_full_change_precond;hr_heartrate_bpm_med_abs_full_change_precond;hrv_rmssd_full_change_precond;eeg_fl_hbeta_mean_full_change_precond;eeg_tright_halpha_mean_full_change_precond;eeg_fm_theta_mean_full_change_precond;eeg_fr_sampent_full_change_precond;eeg_ab_ratio_full_change_precond;eeg_pleft_halpha_mean_full_change_precond;gsr_skin_conductance_eda_tonic_sd_nk_full_change_precond;eeg_c_sampent_full_change_precond;eeg_pleft_lbeta_mean_full_change_precond;eeg_tleft_hbeta_mean_full_change_precond"
2025-11-26 19:41:48.812551,46,"stress_label",20,4,0.0078125,0.544871794871795,0.602564102564103,0.537606837606838,20,"top20","eeg_tleft_sampent_full_change_precond;gsr_skin_conductance_eda_tonic_mean_nk_full_change_precond;eeg_tleft_halpha_mean_full_change_precond;eeg_c_theta_mean_full_change_precond;eeg_tleft_lalpha_mean_full_change_precond;pupil_dilation_sd_full_change_precond;eeg_t_sampent_full_change_precond;eeg_pright_sampent_full_change_precond;hr_heartrate_bpm_med_abs_full_change_precond;hrv_rmssd_full_change_precond;eeg_fl_hbeta_mean_full_change_precond;eeg_tright_halpha_mean_full_change_precond;eeg_fm_theta_mean_full_change_precond;eeg_fr_sampent_full_change_precond;eeg_ab_ratio_full_change_precond;eeg_pleft_halpha_mean_full_change_precond;gsr_skin_conductance_eda_tonic_sd_nk_full_change_precond;eeg_c_sampent_full_change_precond;eeg_pleft_lbeta_mean_full_change_precond;eeg_tleft_hbeta_mean_full_change_precond"
2025-11-26 19:41:49.766761,46,"stress_label",20,8,0.0078125,0.512820512820513,0.525641025641026,0.505982905982906,20,"top20","eeg_tleft_sampent_full_change_precond;gsr_skin_conductance_eda_tonic_mean_nk_full_change_precond;eeg_tleft_halpha_mean_full_change_precond;eeg_c_theta_mean_full_change_precond;eeg_tleft_lalpha_mean_full_change_precond;pupil_dilation_sd_full_change_precond;eeg_t_sampent_full_change_precond;eeg_pright_sampent_full_change_precond;hr_heartrate_bpm_med_abs_full_change_precond;hrv_rmssd_full_change_precond;eeg_fl_hbeta_mean_full_change_precond;eeg_tright_halpha_mean_full_change_precond;eeg_fm_theta_mean_full_change_precond;eeg_fr_sampent_full_change_precond;eeg_ab_ratio_full_change_precond;eeg_pleft_halpha_mean_full_change_precond;gsr_skin_conductance_eda_tonic_sd_nk_full_change_precond;eeg_c_sampent_full_change_precond;eeg_pleft_lbeta_mean_full_change_precond;eeg_tleft_hbeta_mean_full_change_precond"
2025-11-26 19:41:50.816376,46,"stress_label",20,16,0.0078125,0.506410256410256,0.551282051282051,NA,20,"top20","eeg_tleft_sampent_full_change_precond;gsr_skin_conductance_eda_tonic_mean_nk_full_change_precond;eeg_tleft_halpha_mean_full_change_precond;eeg_c_theta_mean_full_change_precond;eeg_tleft_lalpha_mean_full_change_precond;pupil_dilation_sd_full_change_precond;eeg_t_sampent_full_change_precond;eeg_pright_sampent_full_change_precond;hr_heartrate_bpm_med_abs_full_change_precond;hrv_rmssd_full_change_precond;eeg_fl_hbeta_mean_full_change_precond;eeg_tright_halpha_mean_full_change_precond;eeg_fm_theta_mean_full_change_precond;eeg_fr_sampent_full_change_precond;eeg_ab_ratio_full_change_precond;eeg_pleft_halpha_mean_full_change_precond;gsr_skin_conductance_eda_tonic_sd_nk_full_change_precond;eeg_c_sampent_full_change_precond;eeg_pleft_lbeta_mean_full_change_precond;eeg_tleft_hbeta_mean_full_change_precond"
2025-11-26 19:41:51.894161,46,"stress_label",20,32,0.0078125,0.487179487179487,0.474358974358974,0.487179487179487,20,"top20","eeg_tleft_sampent_full_change_precond;gsr_skin_conductance_eda_tonic_mean_nk_full_change_precond;eeg_tleft_halpha_mean_full_change_precond;eeg_c_theta_mean_full_change_precond;eeg_tleft_lalpha_mean_full_change_precond;pupil_dilation_sd_full_change_precond;eeg_t_sampent_full_change_precond;eeg_pright_sampent_full_change_precond;hr_heartrate_bpm_med_abs_full_change_precond;hrv_rmssd_full_change_precond;eeg_fl_hbeta_mean_full_change_precond;eeg_tright_halpha_mean_full_change_precond;eeg_fm_theta_mean_full_change_precond;eeg_fr_sampent_full_change_precond;eeg_ab_ratio_full_change_precond;eeg_pleft_halpha_mean_full_change_precond;gsr_skin_conductance_eda_tonic_sd_nk_full_change_precond;eeg_c_sampent_full_change_precond;eeg_pleft_lbeta_mean_full_change_precond;eeg_tleft_hbeta_mean_full_change_precond"
2025-11-26 19:41:53.016809,46,"stress_label",20,64,0.0078125,0.512820512820513,0.532051282051282,0.496581196581197,20,"top20","eeg_tleft_sampent_full_change_precond;gsr_skin_conductance_eda_tonic_mean_nk_full_change_precond;eeg_tleft_halpha_mean_full_change_precond;eeg_c_theta_mean_full_change_precond;eeg_tleft_lalpha_mean_full_change_precond;pupil_dilation_sd_full_change_precond;eeg_t_sampent_full_change_precond;eeg_pright_sampent_full_change_precond;hr_heartrate_bpm_med_abs_full_change_precond;hrv_rmssd_full_change_precond;eeg_fl_hbeta_mean_full_change_precond;eeg_tright_halpha_mean_full_change_precond;eeg_fm_theta_mean_full_change_precond;eeg_fr_sampent_full_change_precond;eeg_ab_ratio_full_change_precond;eeg_pleft_halpha_mean_full_change_precond;gsr_skin_conductance_eda_tonic_sd_nk_full_change_precond;eeg_c_sampent_full_change_precond;eeg_pleft_lbeta_mean_full_change_precond;eeg_tleft_hbeta_mean_full_change_precond"
2025-11-26 19:41:54.397876,46,"stress_label",20,128,0.0078125,0.532051282051282,0.544871794871795,NA,20,"top20","eeg_tleft_sampent_full_change_precond;gsr_skin_conductance_eda_tonic_mean_nk_full_change_precond;eeg_tleft_halpha_mean_full_change_precond;eeg_c_theta_mean_full_change_precond;eeg_tleft_lalpha_mean_full_change_precond;pupil_dilation_sd_full_change_precond;eeg_t_sampent_full_change_precond;eeg_pright_sampent_full_change_precond;hr_heartrate_bpm_med_abs_full_change_precond;hrv_rmssd_full_change_precond;eeg_fl_hbeta_mean_full_change_precond;eeg_tright_halpha_mean_full_change_precond;eeg_fm_theta_mean_full_change_precond;eeg_fr_sampent_full_change_precond;eeg_ab_ratio_full_change_precond;eeg_pleft_halpha_mean_full_change_precond;gsr_skin_conductance_eda_tonic_sd_nk_full_change_precond;eeg_c_sampent_full_change_precond;eeg_pleft_lbeta_mean_full_change_precond;eeg_tleft_hbeta_mean_full_change_precond"
2025-11-26 19:41:55.963391,46,"stress_label",20,256,0.0078125,0.576923076923077,0.596153846153846,NA,20,"top20","eeg_tleft_sampent_full_change_precond;gsr_skin_conductance_eda_tonic_mean_nk_full_change_precond;eeg_tleft_halpha_mean_full_change_precond;eeg_c_theta_mean_full_change_precond;eeg_tleft_lalpha_mean_full_change_precond;pupil_dilation_sd_full_change_precond;eeg_t_sampent_full_change_precond;eeg_pright_sampent_full_change_precond;hr_heartrate_bpm_med_abs_full_change_precond;hrv_rmssd_full_change_precond;eeg_fl_hbeta_mean_full_change_precond;eeg_tright_halpha_mean_full_change_precond;eeg_fm_theta_mean_full_change_precond;eeg_fr_sampent_full_change_precond;eeg_ab_ratio_full_change_precond;eeg_pleft_halpha_mean_full_change_precond;gsr_skin_conductance_eda_tonic_sd_nk_full_change_precond;eeg_c_sampent_full_change_precond;eeg_pleft_lbeta_mean_full_change_precond;eeg_tleft_hbeta_mean_full_change_precond"
2025-11-26 19:41:56.78541,46,"stress_label",20,2,0.015625,0.532051282051282,0.608974358974359,0.526495726495727,20,"top20","eeg_tleft_sampent_full_change_precond;gsr_skin_conductance_eda_tonic_mean_nk_full_change_precond;eeg_tleft_halpha_mean_full_change_precond;eeg_c_theta_mean_full_change_precond;eeg_tleft_lalpha_mean_full_change_precond;pupil_dilation_sd_full_change_precond;eeg_t_sampent_full_change_precond;eeg_pright_sampent_full_change_precond;hr_heartrate_bpm_med_abs_full_change_precond;hrv_rmssd_full_change_precond;eeg_fl_hbeta_mean_full_change_precond;eeg_tright_halpha_mean_full_change_precond;eeg_fm_theta_mean_full_change_precond;eeg_fr_sampent_full_change_precond;eeg_ab_ratio_full_change_precond;eeg_pleft_halpha_mean_full_change_precond;gsr_skin_conductance_eda_tonic_sd_nk_full_change_precond;eeg_c_sampent_full_change_precond;eeg_pleft_lbeta_mean_full_change_precond;eeg_tleft_hbeta_mean_full_change_precond"
2025-11-26 19:41:57.757174,46,"stress_label",20,4,0.015625,0.532051282051282,0.557692307692308,0.51965811965812,20,"top20","eeg_tleft_sampent_full_change_precond;gsr_skin_conductance_eda_tonic_mean_nk_full_change_precond;eeg_tleft_halpha_mean_full_change_precond;eeg_c_theta_mean_full_change_precond;eeg_tleft_lalpha_mean_full_change_precond;pupil_dilation_sd_full_change_precond;eeg_t_sampent_full_change_precond;eeg_pright_sampent_full_change_precond;hr_heartrate_bpm_med_abs_full_change_precond;hrv_rmssd_full_change_precond;eeg_fl_hbeta_mean_full_change_precond;eeg_tright_halpha_mean_full_change_precond;eeg_fm_theta_mean_full_change_precond;eeg_fr_sampent_full_change_precond;eeg_ab_ratio_full_change_precond;eeg_pleft_halpha_mean_full_change_precond;gsr_skin_conductance_eda_tonic_sd_nk_full_change_precond;eeg_c_sampent_full_change_precond;eeg_pleft_lbeta_mean_full_change_precond;eeg_tleft_hbeta_mean_full_change_precond"
2025-11-26 19:41:58.799266,46,"stress_label",20,8,0.015625,0.519230769230769,0.532051282051282,0.495726495726496,20,"top20","eeg_tleft_sampent_full_change_precond;gsr_skin_conductance_eda_tonic_mean_nk_full_change_precond;eeg_tleft_halpha_mean_full_change_precond;eeg_c_theta_mean_full_change_precond;eeg_tleft_lalpha_mean_full_change_precond;pupil_dilation_sd_full_change_precond;eeg_t_sampent_full_change_precond;eeg_pright_sampent_full_change_precond;hr_heartrate_bpm_med_abs_full_change_precond;hrv_rmssd_full_change_precond;eeg_fl_hbeta_mean_full_change_precond;eeg_tright_halpha_mean_full_change_precond;eeg_fm_theta_mean_full_change_precond;eeg_fr_sampent_full_change_precond;eeg_ab_ratio_full_change_precond;eeg_pleft_halpha_mean_full_change_precond;gsr_skin_conductance_eda_tonic_sd_nk_full_change_precond;eeg_c_sampent_full_change_precond;eeg_pleft_lbeta_mean_full_change_precond;eeg_tleft_hbeta_mean_full_change_precond"
2025-11-26 19:41:59.845404,46,"stress_label",20,16,0.015625,0.493589743589744,0.532051282051282,0.478632478632479,20,"top20","eeg_tleft_sampent_full_change_precond;gsr_skin_conductance_eda_tonic_mean_nk_full_change_precond;eeg_tleft_halpha_mean_full_change_precond;eeg_c_theta_mean_full_change_precond;eeg_tleft_lalpha_mean_full_change_precond;pupil_dilation_sd_full_change_precond;eeg_t_sampent_full_change_precond;eeg_pright_sampent_full_change_precond;hr_heartrate_bpm_med_abs_full_change_precond;hrv_rmssd_full_change_precond;eeg_fl_hbeta_mean_full_change_precond;eeg_tright_halpha_mean_full_change_precond;eeg_fm_theta_mean_full_change_precond;eeg_fr_sampent_full_change_precond;eeg_ab_ratio_full_change_precond;eeg_pleft_halpha_mean_full_change_precond;gsr_skin_conductance_eda_tonic_sd_nk_full_change_precond;eeg_c_sampent_full_change_precond;eeg_pleft_lbeta_mean_full_change_precond;eeg_tleft_hbeta_mean_full_change_precond"
2025-11-26 19:42:00.935374,46,"stress_label",20,32,0.015625,0.525641025641026,0.5,NA,20,"top20","eeg_tleft_sampent_full_change_precond;gsr_skin_conductance_eda_tonic_mean_nk_full_change_precond;eeg_tleft_halpha_mean_full_change_precond;eeg_c_theta_mean_full_change_precond;eeg_tleft_lalpha_mean_full_change_precond;pupil_dilation_sd_full_change_precond;eeg_t_sampent_full_change_precond;eeg_pright_sampent_full_change_precond;hr_heartrate_bpm_med_abs_full_change_precond;hrv_rmssd_full_change_precond;eeg_fl_hbeta_mean_full_change_precond;eeg_tright_halpha_mean_full_change_precond;eeg_fm_theta_mean_full_change_precond;eeg_fr_sampent_full_change_precond;eeg_ab_ratio_full_change_precond;eeg_pleft_halpha_mean_full_change_precond;gsr_skin_conductance_eda_tonic_sd_nk_full_change_precond;eeg_c_sampent_full_change_precond;eeg_pleft_lbeta_mean_full_change_precond;eeg_tleft_hbeta_mean_full_change_precond"
2025-11-26 19:42:02.099235,46,"stress_label",20,64,0.015625,0.564102564102564,0.602564102564103,NA,20,"top20","eeg_tleft_sampent_full_change_precond;gsr_skin_conductance_eda_tonic_mean_nk_full_change_precond;eeg_tleft_halpha_mean_full_change_precond;eeg_c_theta_mean_full_change_precond;eeg_tleft_lalpha_mean_full_change_precond;pupil_dilation_sd_full_change_precond;eeg_t_sampent_full_change_precond;eeg_pright_sampent_full_change_precond;hr_heartrate_bpm_med_abs_full_change_precond;hrv_rmssd_full_change_precond;eeg_fl_hbeta_mean_full_change_precond;eeg_tright_halpha_mean_full_change_precond;eeg_fm_theta_mean_full_change_precond;eeg_fr_sampent_full_change_precond;eeg_ab_ratio_full_change_precond;eeg_pleft_halpha_mean_full_change_precond;gsr_skin_conductance_eda_tonic_sd_nk_full_change_precond;eeg_c_sampent_full_change_precond;eeg_pleft_lbeta_mean_full_change_precond;eeg_tleft_hbeta_mean_full_change_precond"
2025-11-26 19:42:03.501572,46,"stress_label",20,128,0.015625,0.602564102564103,0.628205128205128,NA,20,"top20","eeg_tleft_sampent_full_change_precond;gsr_skin_conductance_eda_tonic_mean_nk_full_change_precond;eeg_tleft_halpha_mean_full_change_precond;eeg_c_theta_mean_full_change_precond;eeg_tleft_lalpha_mean_full_change_precond;pupil_dilation_sd_full_change_precond;eeg_t_sampent_full_change_precond;eeg_pright_sampent_full_change_precond;hr_heartrate_bpm_med_abs_full_change_precond;hrv_rmssd_full_change_precond;eeg_fl_hbeta_mean_full_change_precond;eeg_tright_halpha_mean_full_change_precond;eeg_fm_theta_mean_full_change_precond;eeg_fr_sampent_full_change_precond;eeg_ab_ratio_full_change_precond;eeg_pleft_halpha_mean_full_change_precond;gsr_skin_conductance_eda_tonic_sd_nk_full_change_precond;eeg_c_sampent_full_change_precond;eeg_pleft_lbeta_mean_full_change_precond;eeg_tleft_hbeta_mean_full_change_precond"
2025-11-26 19:42:05.079403,46,"stress_label",20,256,0.015625,0.58974358974359,0.608974358974359,NA,20,"top20","eeg_tleft_sampent_full_change_precond;gsr_skin_conductance_eda_tonic_mean_nk_full_change_precond;eeg_tleft_halpha_mean_full_change_precond;eeg_c_theta_mean_full_change_precond;eeg_tleft_lalpha_mean_full_change_precond;pupil_dilation_sd_full_change_precond;eeg_t_sampent_full_change_precond;eeg_pright_sampent_full_change_precond;hr_heartrate_bpm_med_abs_full_change_precond;hrv_rmssd_full_change_precond;eeg_fl_hbeta_mean_full_change_precond;eeg_tright_halpha_mean_full_change_precond;eeg_fm_theta_mean_full_change_precond;eeg_fr_sampent_full_change_precond;eeg_ab_ratio_full_change_precond;eeg_pleft_halpha_mean_full_change_precond;gsr_skin_conductance_eda_tonic_sd_nk_full_change_precond;eeg_c_sampent_full_change_precond;eeg_pleft_lbeta_mean_full_change_precond;eeg_tleft_hbeta_mean_full_change_precond"
2025-11-26 19:42:06.087992,46,"stress_label",20,2,0.03125,0.538461538461538,0.57051282051282,0.527350427350427,20,"top20","eeg_tleft_sampent_full_change_precond;gsr_skin_conductance_eda_tonic_mean_nk_full_change_precond;eeg_tleft_halpha_mean_full_change_precond;eeg_c_theta_mean_full_change_precond;eeg_tleft_lalpha_mean_full_change_precond;pupil_dilation_sd_full_change_precond;eeg_t_sampent_full_change_precond;eeg_pright_sampent_full_change_precond;hr_heartrate_bpm_med_abs_full_change_precond;hrv_rmssd_full_change_precond;eeg_fl_hbeta_mean_full_change_precond;eeg_tright_halpha_mean_full_change_precond;eeg_fm_theta_mean_full_change_precond;eeg_fr_sampent_full_change_precond;eeg_ab_ratio_full_change_precond;eeg_pleft_halpha_mean_full_change_precond;gsr_skin_conductance_eda_tonic_sd_nk_full_change_precond;eeg_c_sampent_full_change_precond;eeg_pleft_lbeta_mean_full_change_precond;eeg_tleft_hbeta_mean_full_change_precond"
2025-11-26 19:42:07.14344,46,"stress_label",20,4,0.03125,0.519230769230769,0.564102564102564,NA,20,"top20","eeg_tleft_sampent_full_change_precond;gsr_skin_conductance_eda_tonic_mean_nk_full_change_precond;eeg_tleft_halpha_mean_full_change_precond;eeg_c_theta_mean_full_change_precond;eeg_tleft_lalpha_mean_full_change_precond;pupil_dilation_sd_full_change_precond;eeg_t_sampent_full_change_precond;eeg_pright_sampent_full_change_precond;hr_heartrate_bpm_med_abs_full_change_precond;hrv_rmssd_full_change_precond;eeg_fl_hbeta_mean_full_change_precond;eeg_tright_halpha_mean_full_change_precond;eeg_fm_theta_mean_full_change_precond;eeg_fr_sampent_full_change_precond;eeg_ab_ratio_full_change_precond;eeg_pleft_halpha_mean_full_change_precond;gsr_skin_conductance_eda_tonic_sd_nk_full_change_precond;eeg_c_sampent_full_change_precond;eeg_pleft_lbeta_mean_full_change_precond;eeg_tleft_hbeta_mean_full_change_precond"
2025-11-26 19:42:08.273215,46,"stress_label",20,8,0.03125,0.544871794871795,0.544871794871795,NA,20,"top20","eeg_tleft_sampent_full_change_precond;gsr_skin_conductance_eda_tonic_mean_nk_full_change_precond;eeg_tleft_halpha_mean_full_change_precond;eeg_c_theta_mean_full_change_precond;eeg_tleft_lalpha_mean_full_change_precond;pupil_dilation_sd_full_change_precond;eeg_t_sampent_full_change_precond;eeg_pright_sampent_full_change_precond;hr_heartrate_bpm_med_abs_full_change_precond;hrv_rmssd_full_change_precond;eeg_fl_hbeta_mean_full_change_precond;eeg_tright_halpha_mean_full_change_precond;eeg_fm_theta_mean_full_change_precond;eeg_fr_sampent_full_change_precond;eeg_ab_ratio_full_change_precond;eeg_pleft_halpha_mean_full_change_precond;gsr_skin_conductance_eda_tonic_sd_nk_full_change_precond;eeg_c_sampent_full_change_precond;eeg_pleft_lbeta_mean_full_change_precond;eeg_tleft_hbeta_mean_full_change_precond"
2025-11-26 19:42:09.440773,46,"stress_label",20,16,0.03125,0.544871794871795,0.564102564102564,NA,20,"top20","eeg_tleft_sampent_full_change_precond;gsr_skin_conductance_eda_tonic_mean_nk_full_change_precond;eeg_tleft_halpha_mean_full_change_precond;eeg_c_theta_mean_full_change_precond;eeg_tleft_lalpha_mean_full_change_precond;pupil_dilation_sd_full_change_precond;eeg_t_sampent_full_change_precond;eeg_pright_sampent_full_change_precond;hr_heartrate_bpm_med_abs_full_change_precond;hrv_rmssd_full_change_precond;eeg_fl_hbeta_mean_full_change_precond;eeg_tright_halpha_mean_full_change_precond;eeg_fm_theta_mean_full_change_precond;eeg_fr_sampent_full_change_precond;eeg_ab_ratio_full_change_precond;eeg_pleft_halpha_mean_full_change_precond;gsr_skin_conductance_eda_tonic_sd_nk_full_change_precond;eeg_c_sampent_full_change_precond;eeg_pleft_lbeta_mean_full_change_precond;eeg_tleft_hbeta_mean_full_change_precond"
2025-11-26 19:42:10.451812,46,"stress_label",20,32,0.03125,0.576923076923077,0.615384615384615,NA,20,"top20","eeg_tleft_sampent_full_change_precond;gsr_skin_conductance_eda_tonic_mean_nk_full_change_precond;eeg_tleft_halpha_mean_full_change_precond;eeg_c_theta_mean_full_change_precond;eeg_tleft_lalpha_mean_full_change_precond;pupil_dilation_sd_full_change_precond;eeg_t_sampent_full_change_precond;eeg_pright_sampent_full_change_precond;hr_heartrate_bpm_med_abs_full_change_precond;hrv_rmssd_full_change_precond;eeg_fl_hbeta_mean_full_change_precond;eeg_tright_halpha_mean_full_change_precond;eeg_fm_theta_mean_full_change_precond;eeg_fr_sampent_full_change_precond;eeg_ab_ratio_full_change_precond;eeg_pleft_halpha_mean_full_change_precond;gsr_skin_conductance_eda_tonic_sd_nk_full_change_precond;eeg_c_sampent_full_change_precond;eeg_pleft_lbeta_mean_full_change_precond;eeg_tleft_hbeta_mean_full_change_precond"
2025-11-26 19:42:11.385413,46,"stress_label",20,64,0.03125,0.551282051282051,0.615384615384615,NA,20,"top20","eeg_tleft_sampent_full_change_precond;gsr_skin_conductance_eda_tonic_mean_nk_full_change_precond;eeg_tleft_halpha_mean_full_change_precond;eeg_c_theta_mean_full_change_precond;eeg_tleft_lalpha_mean_full_change_precond;pupil_dilation_sd_full_change_precond;eeg_t_sampent_full_change_precond;eeg_pright_sampent_full_change_precond;hr_heartrate_bpm_med_abs_full_change_precond;hrv_rmssd_full_change_precond;eeg_fl_hbeta_mean_full_change_precond;eeg_tright_halpha_mean_full_change_precond;eeg_fm_theta_mean_full_change_precond;eeg_fr_sampent_full_change_precond;eeg_ab_ratio_full_change_precond;eeg_pleft_halpha_mean_full_change_precond;gsr_skin_conductance_eda_tonic_sd_nk_full_change_precond;eeg_c_sampent_full_change_precond;eeg_pleft_lbeta_mean_full_change_precond;eeg_tleft_hbeta_mean_full_change_precond"
2025-11-26 19:42:12.500881,46,"stress_label",20,128,0.03125,0.551282051282051,0.615384615384615,NA,20,"top20","eeg_tleft_sampent_full_change_precond;gsr_skin_conductance_eda_tonic_mean_nk_full_change_precond;eeg_tleft_halpha_mean_full_change_precond;eeg_c_theta_mean_full_change_precond;eeg_tleft_lalpha_mean_full_change_precond;pupil_dilation_sd_full_change_precond;eeg_t_sampent_full_change_precond;eeg_pright_sampent_full_change_precond;hr_heartrate_bpm_med_abs_full_change_precond;hrv_rmssd_full_change_precond;eeg_fl_hbeta_mean_full_change_precond;eeg_tright_halpha_mean_full_change_precond;eeg_fm_theta_mean_full_change_precond;eeg_fr_sampent_full_change_precond;eeg_ab_ratio_full_change_precond;eeg_pleft_halpha_mean_full_change_precond;gsr_skin_conductance_eda_tonic_sd_nk_full_change_precond;eeg_c_sampent_full_change_precond;eeg_pleft_lbeta_mean_full_change_precond;eeg_tleft_hbeta_mean_full_change_precond"
2025-11-26 19:42:13.691852,46,"stress_label",20,256,0.03125,0.551282051282051,0.615384615384615,NA,20,"top20","eeg_tleft_sampent_full_change_precond;gsr_skin_conductance_eda_tonic_mean_nk_full_change_precond;eeg_tleft_halpha_mean_full_change_precond;eeg_c_theta_mean_full_change_precond;eeg_tleft_lalpha_mean_full_change_precond;pupil_dilation_sd_full_change_precond;eeg_t_sampent_full_change_precond;eeg_pright_sampent_full_change_precond;hr_heartrate_bpm_med_abs_full_change_precond;hrv_rmssd_full_change_precond;eeg_fl_hbeta_mean_full_change_precond;eeg_tright_halpha_mean_full_change_precond;eeg_fm_theta_mean_full_change_precond;eeg_fr_sampent_full_change_precond;eeg_ab_ratio_full_change_precond;eeg_pleft_halpha_mean_full_change_precond;gsr_skin_conductance_eda_tonic_sd_nk_full_change_precond;eeg_c_sampent_full_change_precond;eeg_pleft_lbeta_mean_full_change_precond;eeg_tleft_hbeta_mean_full_change_precond"
2025-11-26 19:42:14.772813,46,"stress_label",20,2,0.0625,0.551282051282051,0.544871794871795,NA,20,"top20","eeg_tleft_sampent_full_change_precond;gsr_skin_conductance_eda_tonic_mean_nk_full_change_precond;eeg_tleft_halpha_mean_full_change_precond;eeg_c_theta_mean_full_change_precond;eeg_tleft_lalpha_mean_full_change_precond;pupil_dilation_sd_full_change_precond;eeg_t_sampent_full_change_precond;eeg_pright_sampent_full_change_precond;hr_heartrate_bpm_med_abs_full_change_precond;hrv_rmssd_full_change_precond;eeg_fl_hbeta_mean_full_change_precond;eeg_tright_halpha_mean_full_change_precond;eeg_fm_theta_mean_full_change_precond;eeg_fr_sampent_full_change_precond;eeg_ab_ratio_full_change_precond;eeg_pleft_halpha_mean_full_change_precond;gsr_skin_conductance_eda_tonic_sd_nk_full_change_precond;eeg_c_sampent_full_change_precond;eeg_pleft_lbeta_mean_full_change_precond;eeg_tleft_hbeta_mean_full_change_precond"
2025-11-26 19:42:15.812596,46,"stress_label",20,4,0.0625,0.557692307692308,0.551282051282051,NA,20,"top20","eeg_tleft_sampent_full_change_precond;gsr_skin_conductance_eda_tonic_mean_nk_full_change_precond;eeg_tleft_halpha_mean_full_change_precond;eeg_c_theta_mean_full_change_precond;eeg_tleft_lalpha_mean_full_change_precond;pupil_dilation_sd_full_change_precond;eeg_t_sampent_full_change_precond;eeg_pright_sampent_full_change_precond;hr_heartrate_bpm_med_abs_full_change_precond;hrv_rmssd_full_change_precond;eeg_fl_hbeta_mean_full_change_precond;eeg_tright_halpha_mean_full_change_precond;eeg_fm_theta_mean_full_change_precond;eeg_fr_sampent_full_change_precond;eeg_ab_ratio_full_change_precond;eeg_pleft_halpha_mean_full_change_precond;gsr_skin_conductance_eda_tonic_sd_nk_full_change_precond;eeg_c_sampent_full_change_precond;eeg_pleft_lbeta_mean_full_change_precond;eeg_tleft_hbeta_mean_full_change_precond"
2025-11-26 19:42:16.978843,46,"stress_label",20,8,0.0625,0.557692307692308,0.564102564102564,NA,20,"top20","eeg_tleft_sampent_full_change_precond;gsr_skin_conductance_eda_tonic_mean_nk_full_change_precond;eeg_tleft_halpha_mean_full_change_precond;eeg_c_theta_mean_full_change_precond;eeg_tleft_lalpha_mean_full_change_precond;pupil_dilation_sd_full_change_precond;eeg_t_sampent_full_change_precond;eeg_pright_sampent_full_change_precond;hr_heartrate_bpm_med_abs_full_change_precond;hrv_rmssd_full_change_precond;eeg_fl_hbeta_mean_full_change_precond;eeg_tright_halpha_mean_full_change_precond;eeg_fm_theta_mean_full_change_precond;eeg_fr_sampent_full_change_precond;eeg_ab_ratio_full_change_precond;eeg_pleft_halpha_mean_full_change_precond;gsr_skin_conductance_eda_tonic_sd_nk_full_change_precond;eeg_c_sampent_full_change_precond;eeg_pleft_lbeta_mean_full_change_precond;eeg_tleft_hbeta_mean_full_change_precond"
2025-11-26 19:42:18.152407,46,"stress_label",20,16,0.0625,0.576923076923077,0.608974358974359,NA,20,"top20","eeg_tleft_sampent_full_change_precond;gsr_skin_conductance_eda_tonic_mean_nk_full_change_precond;eeg_tleft_halpha_mean_full_change_precond;eeg_c_theta_mean_full_change_precond;eeg_tleft_lalpha_mean_full_change_precond;pupil_dilation_sd_full_change_precond;eeg_t_sampent_full_change_precond;eeg_pright_sampent_full_change_precond;hr_heartrate_bpm_med_abs_full_change_precond;hrv_rmssd_full_change_precond;eeg_fl_hbeta_mean_full_change_precond;eeg_tright_halpha_mean_full_change_precond;eeg_fm_theta_mean_full_change_precond;eeg_fr_sampent_full_change_precond;eeg_ab_ratio_full_change_precond;eeg_pleft_halpha_mean_full_change_precond;gsr_skin_conductance_eda_tonic_sd_nk_full_change_precond;eeg_c_sampent_full_change_precond;eeg_pleft_lbeta_mean_full_change_precond;eeg_tleft_hbeta_mean_full_change_precond"
2025-11-26 19:42:19.256059,46,"stress_label",20,32,0.0625,0.576923076923077,0.608974358974359,NA,20,"top20","eeg_tleft_sampent_full_change_precond;gsr_skin_conductance_eda_tonic_mean_nk_full_change_precond;eeg_tleft_halpha_mean_full_change_precond;eeg_c_theta_mean_full_change_precond;eeg_tleft_lalpha_mean_full_change_precond;pupil_dilation_sd_full_change_precond;eeg_t_sampent_full_change_precond;eeg_pright_sampent_full_change_precond;hr_heartrate_bpm_med_abs_full_change_precond;hrv_rmssd_full_change_precond;eeg_fl_hbeta_mean_full_change_precond;eeg_tright_halpha_mean_full_change_precond;eeg_fm_theta_mean_full_change_precond;eeg_fr_sampent_full_change_precond;eeg_ab_ratio_full_change_precond;eeg_pleft_halpha_mean_full_change_precond;gsr_skin_conductance_eda_tonic_sd_nk_full_change_precond;eeg_c_sampent_full_change_precond;eeg_pleft_lbeta_mean_full_change_precond;eeg_tleft_hbeta_mean_full_change_precond"
2025-11-26 19:42:20.415732,46,"stress_label",20,64,0.0625,0.576923076923077,0.608974358974359,NA,20,"top20","eeg_tleft_sampent_full_change_precond;gsr_skin_conductance_eda_tonic_mean_nk_full_change_precond;eeg_tleft_halpha_mean_full_change_precond;eeg_c_theta_mean_full_change_precond;eeg_tleft_lalpha_mean_full_change_precond;pupil_dilation_sd_full_change_precond;eeg_t_sampent_full_change_precond;eeg_pright_sampent_full_change_precond;hr_heartrate_bpm_med_abs_full_change_precond;hrv_rmssd_full_change_precond;eeg_fl_hbeta_mean_full_change_precond;eeg_tright_halpha_mean_full_change_precond;eeg_fm_theta_mean_full_change_precond;eeg_fr_sampent_full_change_precond;eeg_ab_ratio_full_change_precond;eeg_pleft_halpha_mean_full_change_precond;gsr_skin_conductance_eda_tonic_sd_nk_full_change_precond;eeg_c_sampent_full_change_precond;eeg_pleft_lbeta_mean_full_change_precond;eeg_tleft_hbeta_mean_full_change_precond"
2025-11-26 19:42:21.553058,46,"stress_label",20,128,0.0625,0.576923076923077,0.608974358974359,NA,20,"top20","eeg_tleft_sampent_full_change_precond;gsr_skin_conductance_eda_tonic_mean_nk_full_change_precond;eeg_tleft_halpha_mean_full_change_precond;eeg_c_theta_mean_full_change_precond;eeg_tleft_lalpha_mean_full_change_precond;pupil_dilation_sd_full_change_precond;eeg_t_sampent_full_change_precond;eeg_pright_sampent_full_change_precond;hr_heartrate_bpm_med_abs_full_change_precond;hrv_rmssd_full_change_precond;eeg_fl_hbeta_mean_full_change_precond;eeg_tright_halpha_mean_full_change_precond;eeg_fm_theta_mean_full_change_precond;eeg_fr_sampent_full_change_precond;eeg_ab_ratio_full_change_precond;eeg_pleft_halpha_mean_full_change_precond;gsr_skin_conductance_eda_tonic_sd_nk_full_change_precond;eeg_c_sampent_full_change_precond;eeg_pleft_lbeta_mean_full_change_precond;eeg_tleft_hbeta_mean_full_change_precond"
2025-11-26 19:42:22.640885,46,"stress_label",20,256,0.0625,0.576923076923077,0.608974358974359,NA,20,"top20","eeg_tleft_sampent_full_change_precond;gsr_skin_conductance_eda_tonic_mean_nk_full_change_precond;eeg_tleft_halpha_mean_full_change_precond;eeg_c_theta_mean_full_change_precond;eeg_tleft_lalpha_mean_full_change_precond;pupil_dilation_sd_full_change_precond;eeg_t_sampent_full_change_precond;eeg_pright_sampent_full_change_precond;hr_heartrate_bpm_med_abs_full_change_precond;hrv_rmssd_full_change_precond;eeg_fl_hbeta_mean_full_change_precond;eeg_tright_halpha_mean_full_change_precond;eeg_fm_theta_mean_full_change_precond;eeg_fr_sampent_full_change_precond;eeg_ab_ratio_full_change_precond;eeg_pleft_halpha_mean_full_change_precond;gsr_skin_conductance_eda_tonic_sd_nk_full_change_precond;eeg_c_sampent_full_change_precond;eeg_pleft_lbeta_mean_full_change_precond;eeg_tleft_hbeta_mean_full_change_precond"
2025-11-26 19:42:23.570483,46,"stress_label",20,2,0.125,0.564102564102564,0.538461538461538,NA,20,"top20","eeg_tleft_sampent_full_change_precond;gsr_skin_conductance_eda_tonic_mean_nk_full_change_precond;eeg_tleft_halpha_mean_full_change_precond;eeg_c_theta_mean_full_change_precond;eeg_tleft_lalpha_mean_full_change_precond;pupil_dilation_sd_full_change_precond;eeg_t_sampent_full_change_precond;eeg_pright_sampent_full_change_precond;hr_heartrate_bpm_med_abs_full_change_precond;hrv_rmssd_full_change_precond;eeg_fl_hbeta_mean_full_change_precond;eeg_tright_halpha_mean_full_change_precond;eeg_fm_theta_mean_full_change_precond;eeg_fr_sampent_full_change_precond;eeg_ab_ratio_full_change_precond;eeg_pleft_halpha_mean_full_change_precond;gsr_skin_conductance_eda_tonic_sd_nk_full_change_precond;eeg_c_sampent_full_change_precond;eeg_pleft_lbeta_mean_full_change_precond;eeg_tleft_hbeta_mean_full_change_precond"
2025-11-26 19:42:24.668877,46,"stress_label",20,4,0.125,0.583333333333333,0.551282051282051,NA,20,"top20","eeg_tleft_sampent_full_change_precond;gsr_skin_conductance_eda_tonic_mean_nk_full_change_precond;eeg_tleft_halpha_mean_full_change_precond;eeg_c_theta_mean_full_change_precond;eeg_tleft_lalpha_mean_full_change_precond;pupil_dilation_sd_full_change_precond;eeg_t_sampent_full_change_precond;eeg_pright_sampent_full_change_precond;hr_heartrate_bpm_med_abs_full_change_precond;hrv_rmssd_full_change_precond;eeg_fl_hbeta_mean_full_change_precond;eeg_tright_halpha_mean_full_change_precond;eeg_fm_theta_mean_full_change_precond;eeg_fr_sampent_full_change_precond;eeg_ab_ratio_full_change_precond;eeg_pleft_halpha_mean_full_change_precond;gsr_skin_conductance_eda_tonic_sd_nk_full_change_precond;eeg_c_sampent_full_change_precond;eeg_pleft_lbeta_mean_full_change_precond;eeg_tleft_hbeta_mean_full_change_precond"
2025-11-26 19:42:25.798928,46,"stress_label",20,8,0.125,0.576923076923077,0.544871794871795,NA,20,"top20","eeg_tleft_sampent_full_change_precond;gsr_skin_conductance_eda_tonic_mean_nk_full_change_precond;eeg_tleft_halpha_mean_full_change_precond;eeg_c_theta_mean_full_change_precond;eeg_tleft_lalpha_mean_full_change_precond;pupil_dilation_sd_full_change_precond;eeg_t_sampent_full_change_precond;eeg_pright_sampent_full_change_precond;hr_heartrate_bpm_med_abs_full_change_precond;hrv_rmssd_full_change_precond;eeg_fl_hbeta_mean_full_change_precond;eeg_tright_halpha_mean_full_change_precond;eeg_fm_theta_mean_full_change_precond;eeg_fr_sampent_full_change_precond;eeg_ab_ratio_full_change_precond;eeg_pleft_halpha_mean_full_change_precond;gsr_skin_conductance_eda_tonic_sd_nk_full_change_precond;eeg_c_sampent_full_change_precond;eeg_pleft_lbeta_mean_full_change_precond;eeg_tleft_hbeta_mean_full_change_precond"
2025-11-26 19:42:26.887189,46,"stress_label",20,16,0.125,0.576923076923077,0.544871794871795,NA,20,"top20","eeg_tleft_sampent_full_change_precond;gsr_skin_conductance_eda_tonic_mean_nk_full_change_precond;eeg_tleft_halpha_mean_full_change_precond;eeg_c_theta_mean_full_change_precond;eeg_tleft_lalpha_mean_full_change_precond;pupil_dilation_sd_full_change_precond;eeg_t_sampent_full_change_precond;eeg_pright_sampent_full_change_precond;hr_heartrate_bpm_med_abs_full_change_precond;hrv_rmssd_full_change_precond;eeg_fl_hbeta_mean_full_change_precond;eeg_tright_halpha_mean_full_change_precond;eeg_fm_theta_mean_full_change_precond;eeg_fr_sampent_full_change_precond;eeg_ab_ratio_full_change_precond;eeg_pleft_halpha_mean_full_change_precond;gsr_skin_conductance_eda_tonic_sd_nk_full_change_precond;eeg_c_sampent_full_change_precond;eeg_pleft_lbeta_mean_full_change_precond;eeg_tleft_hbeta_mean_full_change_precond"
2025-11-26 19:42:27.989742,46,"stress_label",20,32,0.125,0.576923076923077,0.519230769230769,NA,20,"top20","eeg_tleft_sampent_full_change_precond;gsr_skin_conductance_eda_tonic_mean_nk_full_change_precond;eeg_tleft_halpha_mean_full_change_precond;eeg_c_theta_mean_full_change_precond;eeg_tleft_lalpha_mean_full_change_precond;pupil_dilation_sd_full_change_precond;eeg_t_sampent_full_change_precond;eeg_pright_sampent_full_change_precond;hr_heartrate_bpm_med_abs_full_change_precond;hrv_rmssd_full_change_precond;eeg_fl_hbeta_mean_full_change_precond;eeg_tright_halpha_mean_full_change_precond;eeg_fm_theta_mean_full_change_precond;eeg_fr_sampent_full_change_precond;eeg_ab_ratio_full_change_precond;eeg_pleft_halpha_mean_full_change_precond;gsr_skin_conductance_eda_tonic_sd_nk_full_change_precond;eeg_c_sampent_full_change_precond;eeg_pleft_lbeta_mean_full_change_precond;eeg_tleft_hbeta_mean_full_change_precond"
2025-11-26 19:42:29.119421,46,"stress_label",20,64,0.125,0.576923076923077,0.544871794871795,NA,20,"top20","eeg_tleft_sampent_full_change_precond;gsr_skin_conductance_eda_tonic_mean_nk_full_change_precond;eeg_tleft_halpha_mean_full_change_precond;eeg_c_theta_mean_full_change_precond;eeg_tleft_lalpha_mean_full_change_precond;pupil_dilation_sd_full_change_precond;eeg_t_sampent_full_change_precond;eeg_pright_sampent_full_change_precond;hr_heartrate_bpm_med_abs_full_change_precond;hrv_rmssd_full_change_precond;eeg_fl_hbeta_mean_full_change_precond;eeg_tright_halpha_mean_full_change_precond;eeg_fm_theta_mean_full_change_precond;eeg_fr_sampent_full_change_precond;eeg_ab_ratio_full_change_precond;eeg_pleft_halpha_mean_full_change_precond;gsr_skin_conductance_eda_tonic_sd_nk_full_change_precond;eeg_c_sampent_full_change_precond;eeg_pleft_lbeta_mean_full_change_precond;eeg_tleft_hbeta_mean_full_change_precond"
2025-11-26 19:42:30.24748,46,"stress_label",20,128,0.125,0.576923076923077,0.57051282051282,NA,20,"top20","eeg_tleft_sampent_full_change_precond;gsr_skin_conductance_eda_tonic_mean_nk_full_change_precond;eeg_tleft_halpha_mean_full_change_precond;eeg_c_theta_mean_full_change_precond;eeg_tleft_lalpha_mean_full_change_precond;pupil_dilation_sd_full_change_precond;eeg_t_sampent_full_change_precond;eeg_pright_sampent_full_change_precond;hr_heartrate_bpm_med_abs_full_change_precond;hrv_rmssd_full_change_precond;eeg_fl_hbeta_mean_full_change_precond;eeg_tright_halpha_mean_full_change_precond;eeg_fm_theta_mean_full_change_precond;eeg_fr_sampent_full_change_precond;eeg_ab_ratio_full_change_precond;eeg_pleft_halpha_mean_full_change_precond;gsr_skin_conductance_eda_tonic_sd_nk_full_change_precond;eeg_c_sampent_full_change_precond;eeg_pleft_lbeta_mean_full_change_precond;eeg_tleft_hbeta_mean_full_change_precond"
2025-11-26 19:42:31.37027,46,"stress_label",20,256,0.125,0.576923076923077,0.544871794871795,NA,20,"top20","eeg_tleft_sampent_full_change_precond;gsr_skin_conductance_eda_tonic_mean_nk_full_change_precond;eeg_tleft_halpha_mean_full_change_precond;eeg_c_theta_mean_full_change_precond;eeg_tleft_lalpha_mean_full_change_precond;pupil_dilation_sd_full_change_precond;eeg_t_sampent_full_change_precond;eeg_pright_sampent_full_change_precond;hr_heartrate_bpm_med_abs_full_change_precond;hrv_rmssd_full_change_precond;eeg_fl_hbeta_mean_full_change_precond;eeg_tright_halpha_mean_full_change_precond;eeg_fm_theta_mean_full_change_precond;eeg_fr_sampent_full_change_precond;eeg_ab_ratio_full_change_precond;eeg_pleft_halpha_mean_full_change_precond;gsr_skin_conductance_eda_tonic_sd_nk_full_change_precond;eeg_c_sampent_full_change_precond;eeg_pleft_lbeta_mean_full_change_precond;eeg_tleft_hbeta_mean_full_change_precond"
2025-11-26 19:42:32.35676,46,"stress_label",20,2,0.03,0.532051282051282,0.576923076923077,0.527350427350427,20,"top20","eeg_tleft_sampent_full_change_precond;gsr_skin_conductance_eda_tonic_mean_nk_full_change_precond;eeg_tleft_halpha_mean_full_change_precond;eeg_c_theta_mean_full_change_precond;eeg_tleft_lalpha_mean_full_change_precond;pupil_dilation_sd_full_change_precond;eeg_t_sampent_full_change_precond;eeg_pright_sampent_full_change_precond;hr_heartrate_bpm_med_abs_full_change_precond;hrv_rmssd_full_change_precond;eeg_fl_hbeta_mean_full_change_precond;eeg_tright_halpha_mean_full_change_precond;eeg_fm_theta_mean_full_change_precond;eeg_fr_sampent_full_change_precond;eeg_ab_ratio_full_change_precond;eeg_pleft_halpha_mean_full_change_precond;gsr_skin_conductance_eda_tonic_sd_nk_full_change_precond;eeg_c_sampent_full_change_precond;eeg_pleft_lbeta_mean_full_change_precond;eeg_tleft_hbeta_mean_full_change_precond"
2025-11-26 19:42:33.442154,46,"stress_label",20,4,0.03,0.519230769230769,0.564102564102564,NA,20,"top20","eeg_tleft_sampent_full_change_precond;gsr_skin_conductance_eda_tonic_mean_nk_full_change_precond;eeg_tleft_halpha_mean_full_change_precond;eeg_c_theta_mean_full_change_precond;eeg_tleft_lalpha_mean_full_change_precond;pupil_dilation_sd_full_change_precond;eeg_t_sampent_full_change_precond;eeg_pright_sampent_full_change_precond;hr_heartrate_bpm_med_abs_full_change_precond;hrv_rmssd_full_change_precond;eeg_fl_hbeta_mean_full_change_precond;eeg_tright_halpha_mean_full_change_precond;eeg_fm_theta_mean_full_change_precond;eeg_fr_sampent_full_change_precond;eeg_ab_ratio_full_change_precond;eeg_pleft_halpha_mean_full_change_precond;gsr_skin_conductance_eda_tonic_sd_nk_full_change_precond;eeg_c_sampent_full_change_precond;eeg_pleft_lbeta_mean_full_change_precond;eeg_tleft_hbeta_mean_full_change_precond"
2025-11-26 19:42:34.401471,46,"stress_label",20,8,0.03,0.551282051282051,0.525641025641026,NA,20,"top20","eeg_tleft_sampent_full_change_precond;gsr_skin_conductance_eda_tonic_mean_nk_full_change_precond;eeg_tleft_halpha_mean_full_change_precond;eeg_c_theta_mean_full_change_precond;eeg_tleft_lalpha_mean_full_change_precond;pupil_dilation_sd_full_change_precond;eeg_t_sampent_full_change_precond;eeg_pright_sampent_full_change_precond;hr_heartrate_bpm_med_abs_full_change_precond;hrv_rmssd_full_change_precond;eeg_fl_hbeta_mean_full_change_precond;eeg_tright_halpha_mean_full_change_precond;eeg_fm_theta_mean_full_change_precond;eeg_fr_sampent_full_change_precond;eeg_ab_ratio_full_change_precond;eeg_pleft_halpha_mean_full_change_precond;gsr_skin_conductance_eda_tonic_sd_nk_full_change_precond;eeg_c_sampent_full_change_precond;eeg_pleft_lbeta_mean_full_change_precond;eeg_tleft_hbeta_mean_full_change_precond"
2025-11-26 19:42:35.574,46,"stress_label",20,16,0.03,0.544871794871795,0.58974358974359,NA,20,"top20","eeg_tleft_sampent_full_change_precond;gsr_skin_conductance_eda_tonic_mean_nk_full_change_precond;eeg_tleft_halpha_mean_full_change_precond;eeg_c_theta_mean_full_change_precond;eeg_tleft_lalpha_mean_full_change_precond;pupil_dilation_sd_full_change_precond;eeg_t_sampent_full_change_precond;eeg_pright_sampent_full_change_precond;hr_heartrate_bpm_med_abs_full_change_precond;hrv_rmssd_full_change_precond;eeg_fl_hbeta_mean_full_change_precond;eeg_tright_halpha_mean_full_change_precond;eeg_fm_theta_mean_full_change_precond;eeg_fr_sampent_full_change_precond;eeg_ab_ratio_full_change_precond;eeg_pleft_halpha_mean_full_change_precond;gsr_skin_conductance_eda_tonic_sd_nk_full_change_precond;eeg_c_sampent_full_change_precond;eeg_pleft_lbeta_mean_full_change_precond;eeg_tleft_hbeta_mean_full_change_precond"
2025-11-26 19:42:36.740616,46,"stress_label",20,32,0.03,0.583333333333333,0.608974358974359,NA,20,"top20","eeg_tleft_sampent_full_change_precond;gsr_skin_conductance_eda_tonic_mean_nk_full_change_precond;eeg_tleft_halpha_mean_full_change_precond;eeg_c_theta_mean_full_change_precond;eeg_tleft_lalpha_mean_full_change_precond;pupil_dilation_sd_full_change_precond;eeg_t_sampent_full_change_precond;eeg_pright_sampent_full_change_precond;hr_heartrate_bpm_med_abs_full_change_precond;hrv_rmssd_full_change_precond;eeg_fl_hbeta_mean_full_change_precond;eeg_tright_halpha_mean_full_change_precond;eeg_fm_theta_mean_full_change_precond;eeg_fr_sampent_full_change_precond;eeg_ab_ratio_full_change_precond;eeg_pleft_halpha_mean_full_change_precond;gsr_skin_conductance_eda_tonic_sd_nk_full_change_precond;eeg_c_sampent_full_change_precond;eeg_pleft_lbeta_mean_full_change_precond;eeg_tleft_hbeta_mean_full_change_precond"
2025-11-26 19:42:37.963625,46,"stress_label",20,64,0.03,0.551282051282051,0.615384615384615,NA,20,"top20","eeg_tleft_sampent_full_change_precond;gsr_skin_conductance_eda_tonic_mean_nk_full_change_precond;eeg_tleft_halpha_mean_full_change_precond;eeg_c_theta_mean_full_change_precond;eeg_tleft_lalpha_mean_full_change_precond;pupil_dilation_sd_full_change_precond;eeg_t_sampent_full_change_precond;eeg_pright_sampent_full_change_precond;hr_heartrate_bpm_med_abs_full_change_precond;hrv_rmssd_full_change_precond;eeg_fl_hbeta_mean_full_change_precond;eeg_tright_halpha_mean_full_change_precond;eeg_fm_theta_mean_full_change_precond;eeg_fr_sampent_full_change_precond;eeg_ab_ratio_full_change_precond;eeg_pleft_halpha_mean_full_change_precond;gsr_skin_conductance_eda_tonic_sd_nk_full_change_precond;eeg_c_sampent_full_change_precond;eeg_pleft_lbeta_mean_full_change_precond;eeg_tleft_hbeta_mean_full_change_precond"
2025-11-26 19:42:39.201491,46,"stress_label",20,128,0.03,0.551282051282051,0.615384615384615,NA,20,"top20","eeg_tleft_sampent_full_change_precond;gsr_skin_conductance_eda_tonic_mean_nk_full_change_precond;eeg_tleft_halpha_mean_full_change_precond;eeg_c_theta_mean_full_change_precond;eeg_tleft_lalpha_mean_full_change_precond;pupil_dilation_sd_full_change_precond;eeg_t_sampent_full_change_precond;eeg_pright_sampent_full_change_precond;hr_heartrate_bpm_med_abs_full_change_precond;hrv_rmssd_full_change_precond;eeg_fl_hbeta_mean_full_change_precond;eeg_tright_halpha_mean_full_change_precond;eeg_fm_theta_mean_full_change_precond;eeg_fr_sampent_full_change_precond;eeg_ab_ratio_full_change_precond;eeg_pleft_halpha_mean_full_change_precond;gsr_skin_conductance_eda_tonic_sd_nk_full_change_precond;eeg_c_sampent_full_change_precond;eeg_pleft_lbeta_mean_full_change_precond;eeg_tleft_hbeta_mean_full_change_precond"
2025-11-26 19:42:40.436528,46,"stress_label",20,256,0.03,0.551282051282051,0.615384615384615,NA,20,"top20","eeg_tleft_sampent_full_change_precond;gsr_skin_conductance_eda_tonic_mean_nk_full_change_precond;eeg_tleft_halpha_mean_full_change_precond;eeg_c_theta_mean_full_change_precond;eeg_tleft_lalpha_mean_full_change_precond;pupil_dilation_sd_full_change_precond;eeg_t_sampent_full_change_precond;eeg_pright_sampent_full_change_precond;hr_heartrate_bpm_med_abs_full_change_precond;hrv_rmssd_full_change_precond;eeg_fl_hbeta_mean_full_change_precond;eeg_tright_halpha_mean_full_change_precond;eeg_fm_theta_mean_full_change_precond;eeg_fr_sampent_full_change_precond;eeg_ab_ratio_full_change_precond;eeg_pleft_halpha_mean_full_change_precond;gsr_skin_conductance_eda_tonic_sd_nk_full_change_precond;eeg_c_sampent_full_change_precond;eeg_pleft_lbeta_mean_full_change_precond;eeg_tleft_hbeta_mean_full_change_precond"
2025-11-26 19:42:41.515821,46,"stress_label",20,2,0.06,0.544871794871795,0.532051282051282,NA,20,"top20","eeg_tleft_sampent_full_change_precond;gsr_skin_conductance_eda_tonic_mean_nk_full_change_precond;eeg_tleft_halpha_mean_full_change_precond;eeg_c_theta_mean_full_change_precond;eeg_tleft_lalpha_mean_full_change_precond;pupil_dilation_sd_full_change_precond;eeg_t_sampent_full_change_precond;eeg_pright_sampent_full_change_precond;hr_heartrate_bpm_med_abs_full_change_precond;hrv_rmssd_full_change_precond;eeg_fl_hbeta_mean_full_change_precond;eeg_tright_halpha_mean_full_change_precond;eeg_fm_theta_mean_full_change_precond;eeg_fr_sampent_full_change_precond;eeg_ab_ratio_full_change_precond;eeg_pleft_halpha_mean_full_change_precond;gsr_skin_conductance_eda_tonic_sd_nk_full_change_precond;eeg_c_sampent_full_change_precond;eeg_pleft_lbeta_mean_full_change_precond;eeg_tleft_hbeta_mean_full_change_precond"
2025-11-26 19:42:42.64439,46,"stress_label",20,4,0.06,0.557692307692308,0.544871794871795,NA,20,"top20","eeg_tleft_sampent_full_change_precond;gsr_skin_conductance_eda_tonic_mean_nk_full_change_precond;eeg_tleft_halpha_mean_full_change_precond;eeg_c_theta_mean_full_change_precond;eeg_tleft_lalpha_mean_full_change_precond;pupil_dilation_sd_full_change_precond;eeg_t_sampent_full_change_precond;eeg_pright_sampent_full_change_precond;hr_heartrate_bpm_med_abs_full_change_precond;hrv_rmssd_full_change_precond;eeg_fl_hbeta_mean_full_change_precond;eeg_tright_halpha_mean_full_change_precond;eeg_fm_theta_mean_full_change_precond;eeg_fr_sampent_full_change_precond;eeg_ab_ratio_full_change_precond;eeg_pleft_halpha_mean_full_change_precond;gsr_skin_conductance_eda_tonic_sd_nk_full_change_precond;eeg_c_sampent_full_change_precond;eeg_pleft_lbeta_mean_full_change_precond;eeg_tleft_hbeta_mean_full_change_precond"
2025-11-26 19:42:43.582406,46,"stress_label",20,8,0.06,0.551282051282051,0.576923076923077,NA,20,"top20","eeg_tleft_sampent_full_change_precond;gsr_skin_conductance_eda_tonic_mean_nk_full_change_precond;eeg_tleft_halpha_mean_full_change_precond;eeg_c_theta_mean_full_change_precond;eeg_tleft_lalpha_mean_full_change_precond;pupil_dilation_sd_full_change_precond;eeg_t_sampent_full_change_precond;eeg_pright_sampent_full_change_precond;hr_heartrate_bpm_med_abs_full_change_precond;hrv_rmssd_full_change_precond;eeg_fl_hbeta_mean_full_change_precond;eeg_tright_halpha_mean_full_change_precond;eeg_fm_theta_mean_full_change_precond;eeg_fr_sampent_full_change_precond;eeg_ab_ratio_full_change_precond;eeg_pleft_halpha_mean_full_change_precond;gsr_skin_conductance_eda_tonic_sd_nk_full_change_precond;eeg_c_sampent_full_change_precond;eeg_pleft_lbeta_mean_full_change_precond;eeg_tleft_hbeta_mean_full_change_precond"
2025-11-26 19:42:44.637265,46,"stress_label",20,16,0.06,0.57051282051282,0.602564102564103,NA,20,"top20","eeg_tleft_sampent_full_change_precond;gsr_skin_conductance_eda_tonic_mean_nk_full_change_precond;eeg_tleft_halpha_mean_full_change_precond;eeg_c_theta_mean_full_change_precond;eeg_tleft_lalpha_mean_full_change_precond;pupil_dilation_sd_full_change_precond;eeg_t_sampent_full_change_precond;eeg_pright_sampent_full_change_precond;hr_heartrate_bpm_med_abs_full_change_precond;hrv_rmssd_full_change_precond;eeg_fl_hbeta_mean_full_change_precond;eeg_tright_halpha_mean_full_change_precond;eeg_fm_theta_mean_full_change_precond;eeg_fr_sampent_full_change_precond;eeg_ab_ratio_full_change_precond;eeg_pleft_halpha_mean_full_change_precond;gsr_skin_conductance_eda_tonic_sd_nk_full_change_precond;eeg_c_sampent_full_change_precond;eeg_pleft_lbeta_mean_full_change_precond;eeg_tleft_hbeta_mean_full_change_precond"
2025-11-26 19:42:45.593409,46,"stress_label",20,32,0.06,0.57051282051282,0.602564102564103,NA,20,"top20","eeg_tleft_sampent_full_change_precond;gsr_skin_conductance_eda_tonic_mean_nk_full_change_precond;eeg_tleft_halpha_mean_full_change_precond;eeg_c_theta_mean_full_change_precond;eeg_tleft_lalpha_mean_full_change_precond;pupil_dilation_sd_full_change_precond;eeg_t_sampent_full_change_precond;eeg_pright_sampent_full_change_precond;hr_heartrate_bpm_med_abs_full_change_precond;hrv_rmssd_full_change_precond;eeg_fl_hbeta_mean_full_change_precond;eeg_tright_halpha_mean_full_change_precond;eeg_fm_theta_mean_full_change_precond;eeg_fr_sampent_full_change_precond;eeg_ab_ratio_full_change_precond;eeg_pleft_halpha_mean_full_change_precond;gsr_skin_conductance_eda_tonic_sd_nk_full_change_precond;eeg_c_sampent_full_change_precond;eeg_pleft_lbeta_mean_full_change_precond;eeg_tleft_hbeta_mean_full_change_precond"
2025-11-26 19:42:46.658028,46,"stress_label",20,64,0.06,0.57051282051282,0.602564102564103,NA,20,"top20","eeg_tleft_sampent_full_change_precond;gsr_skin_conductance_eda_tonic_mean_nk_full_change_precond;eeg_tleft_halpha_mean_full_change_precond;eeg_c_theta_mean_full_change_precond;eeg_tleft_lalpha_mean_full_change_precond;pupil_dilation_sd_full_change_precond;eeg_t_sampent_full_change_precond;eeg_pright_sampent_full_change_precond;hr_heartrate_bpm_med_abs_full_change_precond;hrv_rmssd_full_change_precond;eeg_fl_hbeta_mean_full_change_precond;eeg_tright_halpha_mean_full_change_precond;eeg_fm_theta_mean_full_change_precond;eeg_fr_sampent_full_change_precond;eeg_ab_ratio_full_change_precond;eeg_pleft_halpha_mean_full_change_precond;gsr_skin_conductance_eda_tonic_sd_nk_full_change_precond;eeg_c_sampent_full_change_precond;eeg_pleft_lbeta_mean_full_change_precond;eeg_tleft_hbeta_mean_full_change_precond"
2025-11-26 19:42:47.830981,46,"stress_label",20,128,0.06,0.57051282051282,0.602564102564103,NA,20,"top20","eeg_tleft_sampent_full_change_precond;gsr_skin_conductance_eda_tonic_mean_nk_full_change_precond;eeg_tleft_halpha_mean_full_change_precond;eeg_c_theta_mean_full_change_precond;eeg_tleft_lalpha_mean_full_change_precond;pupil_dilation_sd_full_change_precond;eeg_t_sampent_full_change_precond;eeg_pright_sampent_full_change_precond;hr_heartrate_bpm_med_abs_full_change_precond;hrv_rmssd_full_change_precond;eeg_fl_hbeta_mean_full_change_precond;eeg_tright_halpha_mean_full_change_precond;eeg_fm_theta_mean_full_change_precond;eeg_fr_sampent_full_change_precond;eeg_ab_ratio_full_change_precond;eeg_pleft_halpha_mean_full_change_precond;gsr_skin_conductance_eda_tonic_sd_nk_full_change_precond;eeg_c_sampent_full_change_precond;eeg_pleft_lbeta_mean_full_change_precond;eeg_tleft_hbeta_mean_full_change_precond"
2025-11-26 19:42:48.913113,46,"stress_label",20,256,0.06,0.57051282051282,0.602564102564103,NA,20,"top20","eeg_tleft_sampent_full_change_precond;gsr_skin_conductance_eda_tonic_mean_nk_full_change_precond;eeg_tleft_halpha_mean_full_change_precond;eeg_c_theta_mean_full_change_precond;eeg_tleft_lalpha_mean_full_change_precond;pupil_dilation_sd_full_change_precond;eeg_t_sampent_full_change_precond;eeg_pright_sampent_full_change_precond;hr_heartrate_bpm_med_abs_full_change_precond;hrv_rmssd_full_change_precond;eeg_fl_hbeta_mean_full_change_precond;eeg_tright_halpha_mean_full_change_precond;eeg_fm_theta_mean_full_change_precond;eeg_fr_sampent_full_change_precond;eeg_ab_ratio_full_change_precond;eeg_pleft_halpha_mean_full_change_precond;gsr_skin_conductance_eda_tonic_sd_nk_full_change_precond;eeg_c_sampent_full_change_precond;eeg_pleft_lbeta_mean_full_change_precond;eeg_tleft_hbeta_mean_full_change_precond"
2025-11-26 19:42:50.02271,46,"stress_label",20,2,0.1,0.57051282051282,0.557692307692308,NA,20,"top20","eeg_tleft_sampent_full_change_precond;gsr_skin_conductance_eda_tonic_mean_nk_full_change_precond;eeg_tleft_halpha_mean_full_change_precond;eeg_c_theta_mean_full_change_precond;eeg_tleft_lalpha_mean_full_change_precond;pupil_dilation_sd_full_change_precond;eeg_t_sampent_full_change_precond;eeg_pright_sampent_full_change_precond;hr_heartrate_bpm_med_abs_full_change_precond;hrv_rmssd_full_change_precond;eeg_fl_hbeta_mean_full_change_precond;eeg_tright_halpha_mean_full_change_precond;eeg_fm_theta_mean_full_change_precond;eeg_fr_sampent_full_change_precond;eeg_ab_ratio_full_change_precond;eeg_pleft_halpha_mean_full_change_precond;gsr_skin_conductance_eda_tonic_sd_nk_full_change_precond;eeg_c_sampent_full_change_precond;eeg_pleft_lbeta_mean_full_change_precond;eeg_tleft_hbeta_mean_full_change_precond"
2025-11-26 19:42:51.122617,46,"stress_label",20,4,0.1,0.57051282051282,0.557692307692308,NA,20,"top20","eeg_tleft_sampent_full_change_precond;gsr_skin_conductance_eda_tonic_mean_nk_full_change_precond;eeg_tleft_halpha_mean_full_change_precond;eeg_c_theta_mean_full_change_precond;eeg_tleft_lalpha_mean_full_change_precond;pupil_dilation_sd_full_change_precond;eeg_t_sampent_full_change_precond;eeg_pright_sampent_full_change_precond;hr_heartrate_bpm_med_abs_full_change_precond;hrv_rmssd_full_change_precond;eeg_fl_hbeta_mean_full_change_precond;eeg_tright_halpha_mean_full_change_precond;eeg_fm_theta_mean_full_change_precond;eeg_fr_sampent_full_change_precond;eeg_ab_ratio_full_change_precond;eeg_pleft_halpha_mean_full_change_precond;gsr_skin_conductance_eda_tonic_sd_nk_full_change_precond;eeg_c_sampent_full_change_precond;eeg_pleft_lbeta_mean_full_change_precond;eeg_tleft_hbeta_mean_full_change_precond"
2025-11-26 19:42:52.252283,46,"stress_label",20,8,0.1,0.57051282051282,0.576923076923077,NA,20,"top20","eeg_tleft_sampent_full_change_precond;gsr_skin_conductance_eda_tonic_mean_nk_full_change_precond;eeg_tleft_halpha_mean_full_change_precond;eeg_c_theta_mean_full_change_precond;eeg_tleft_lalpha_mean_full_change_precond;pupil_dilation_sd_full_change_precond;eeg_t_sampent_full_change_precond;eeg_pright_sampent_full_change_precond;hr_heartrate_bpm_med_abs_full_change_precond;hrv_rmssd_full_change_precond;eeg_fl_hbeta_mean_full_change_precond;eeg_tright_halpha_mean_full_change_precond;eeg_fm_theta_mean_full_change_precond;eeg_fr_sampent_full_change_precond;eeg_ab_ratio_full_change_precond;eeg_pleft_halpha_mean_full_change_precond;gsr_skin_conductance_eda_tonic_sd_nk_full_change_precond;eeg_c_sampent_full_change_precond;eeg_pleft_lbeta_mean_full_change_precond;eeg_tleft_hbeta_mean_full_change_precond"
2025-11-26 19:42:53.357169,46,"stress_label",20,16,0.1,0.57051282051282,0.564102564102564,NA,20,"top20","eeg_tleft_sampent_full_change_precond;gsr_skin_conductance_eda_tonic_mean_nk_full_change_precond;eeg_tleft_halpha_mean_full_change_precond;eeg_c_theta_mean_full_change_precond;eeg_tleft_lalpha_mean_full_change_precond;pupil_dilation_sd_full_change_precond;eeg_t_sampent_full_change_precond;eeg_pright_sampent_full_change_precond;hr_heartrate_bpm_med_abs_full_change_precond;hrv_rmssd_full_change_precond;eeg_fl_hbeta_mean_full_change_precond;eeg_tright_halpha_mean_full_change_precond;eeg_fm_theta_mean_full_change_precond;eeg_fr_sampent_full_change_precond;eeg_ab_ratio_full_change_precond;eeg_pleft_halpha_mean_full_change_precond;gsr_skin_conductance_eda_tonic_sd_nk_full_change_precond;eeg_c_sampent_full_change_precond;eeg_pleft_lbeta_mean_full_change_precond;eeg_tleft_hbeta_mean_full_change_precond"
2025-11-26 19:42:54.395418,46,"stress_label",20,32,0.1,0.57051282051282,0.576923076923077,NA,20,"top20","eeg_tleft_sampent_full_change_precond;gsr_skin_conductance_eda_tonic_mean_nk_full_change_precond;eeg_tleft_halpha_mean_full_change_precond;eeg_c_theta_mean_full_change_precond;eeg_tleft_lalpha_mean_full_change_precond;pupil_dilation_sd_full_change_precond;eeg_t_sampent_full_change_precond;eeg_pright_sampent_full_change_precond;hr_heartrate_bpm_med_abs_full_change_precond;hrv_rmssd_full_change_precond;eeg_fl_hbeta_mean_full_change_precond;eeg_tright_halpha_mean_full_change_precond;eeg_fm_theta_mean_full_change_precond;eeg_fr_sampent_full_change_precond;eeg_ab_ratio_full_change_precond;eeg_pleft_halpha_mean_full_change_precond;gsr_skin_conductance_eda_tonic_sd_nk_full_change_precond;eeg_c_sampent_full_change_precond;eeg_pleft_lbeta_mean_full_change_precond;eeg_tleft_hbeta_mean_full_change_precond"
2025-11-26 19:42:55.507391,46,"stress_label",20,64,0.1,0.57051282051282,0.576923076923077,NA,20,"top20","eeg_tleft_sampent_full_change_precond;gsr_skin_conductance_eda_tonic_mean_nk_full_change_precond;eeg_tleft_halpha_mean_full_change_precond;eeg_c_theta_mean_full_change_precond;eeg_tleft_lalpha_mean_full_change_precond;pupil_dilation_sd_full_change_precond;eeg_t_sampent_full_change_precond;eeg_pright_sampent_full_change_precond;hr_heartrate_bpm_med_abs_full_change_precond;hrv_rmssd_full_change_precond;eeg_fl_hbeta_mean_full_change_precond;eeg_tright_halpha_mean_full_change_precond;eeg_fm_theta_mean_full_change_precond;eeg_fr_sampent_full_change_precond;eeg_ab_ratio_full_change_precond;eeg_pleft_halpha_mean_full_change_precond;gsr_skin_conductance_eda_tonic_sd_nk_full_change_precond;eeg_c_sampent_full_change_precond;eeg_pleft_lbeta_mean_full_change_precond;eeg_tleft_hbeta_mean_full_change_precond"
2025-11-26 19:42:56.488411,46,"stress_label",20,128,0.1,0.57051282051282,0.576923076923077,NA,20,"top20","eeg_tleft_sampent_full_change_precond;gsr_skin_conductance_eda_tonic_mean_nk_full_change_precond;eeg_tleft_halpha_mean_full_change_precond;eeg_c_theta_mean_full_change_precond;eeg_tleft_lalpha_mean_full_change_precond;pupil_dilation_sd_full_change_precond;eeg_t_sampent_full_change_precond;eeg_pright_sampent_full_change_precond;hr_heartrate_bpm_med_abs_full_change_precond;hrv_rmssd_full_change_precond;eeg_fl_hbeta_mean_full_change_precond;eeg_tright_halpha_mean_full_change_precond;eeg_fm_theta_mean_full_change_precond;eeg_fr_sampent_full_change_precond;eeg_ab_ratio_full_change_precond;eeg_pleft_halpha_mean_full_change_precond;gsr_skin_conductance_eda_tonic_sd_nk_full_change_precond;eeg_c_sampent_full_change_precond;eeg_pleft_lbeta_mean_full_change_precond;eeg_tleft_hbeta_mean_full_change_precond"
2025-11-26 19:42:57.619478,46,"stress_label",20,256,0.1,0.57051282051282,0.576923076923077,NA,20,"top20","eeg_tleft_sampent_full_change_precond;gsr_skin_conductance_eda_tonic_mean_nk_full_change_precond;eeg_tleft_halpha_mean_full_change_precond;eeg_c_theta_mean_full_change_precond;eeg_tleft_lalpha_mean_full_change_precond;pupil_dilation_sd_full_change_precond;eeg_t_sampent_full_change_precond;eeg_pright_sampent_full_change_precond;hr_heartrate_bpm_med_abs_full_change_precond;hrv_rmssd_full_change_precond;eeg_fl_hbeta_mean_full_change_precond;eeg_tright_halpha_mean_full_change_precond;eeg_fm_theta_mean_full_change_precond;eeg_fr_sampent_full_change_precond;eeg_ab_ratio_full_change_precond;eeg_pleft_halpha_mean_full_change_precond;gsr_skin_conductance_eda_tonic_sd_nk_full_change_precond;eeg_c_sampent_full_change_precond;eeg_pleft_lbeta_mean_full_change_precond;eeg_tleft_hbeta_mean_full_change_precond"
2025-11-26 19:42:58.56196,46,"stress_label",10,2,0.0078125,0.602564102564103,0.647435897435897,0.57008547008547,10,"top10","eeg_tleft_sampent_full_change_precond;gsr_skin_conductance_eda_tonic_mean_nk_full_change_precond;eeg_tleft_halpha_mean_full_change_precond;eeg_c_theta_mean_full_change_precond;eeg_tleft_lalpha_mean_full_change_precond;pupil_dilation_sd_full_change_precond;eeg_t_sampent_full_change_precond;eeg_pright_sampent_full_change_precond;hr_heartrate_bpm_med_abs_full_change_precond;hrv_rmssd_full_change_precond"
2025-11-26 19:42:59.429452,46,"stress_label",10,4,0.0078125,0.596153846153846,0.647435897435897,0.578632478632479,10,"top10","eeg_tleft_sampent_full_change_precond;gsr_skin_conductance_eda_tonic_mean_nk_full_change_precond;eeg_tleft_halpha_mean_full_change_precond;eeg_c_theta_mean_full_change_precond;eeg_tleft_lalpha_mean_full_change_precond;pupil_dilation_sd_full_change_precond;eeg_t_sampent_full_change_precond;eeg_pright_sampent_full_change_precond;hr_heartrate_bpm_med_abs_full_change_precond;hrv_rmssd_full_change_precond"
2025-11-26 19:43:00.265808,46,"stress_label",10,8,0.0078125,0.58974358974359,0.647435897435897,0.578632478632479,10,"top10","eeg_tleft_sampent_full_change_precond;gsr_skin_conductance_eda_tonic_mean_nk_full_change_precond;eeg_tleft_halpha_mean_full_change_precond;eeg_c_theta_mean_full_change_precond;eeg_tleft_lalpha_mean_full_change_precond;pupil_dilation_sd_full_change_precond;eeg_t_sampent_full_change_precond;eeg_pright_sampent_full_change_precond;hr_heartrate_bpm_med_abs_full_change_precond;hrv_rmssd_full_change_precond"
2025-11-26 19:43:01.128344,46,"stress_label",10,16,0.0078125,0.583333333333333,0.608974358974359,0.55982905982906,10,"top10","eeg_tleft_sampent_full_change_precond;gsr_skin_conductance_eda_tonic_mean_nk_full_change_precond;eeg_tleft_halpha_mean_full_change_precond;eeg_c_theta_mean_full_change_precond;eeg_tleft_lalpha_mean_full_change_precond;pupil_dilation_sd_full_change_precond;eeg_t_sampent_full_change_precond;eeg_pright_sampent_full_change_precond;hr_heartrate_bpm_med_abs_full_change_precond;hrv_rmssd_full_change_precond"
2025-11-26 19:43:02.002498,46,"stress_label",10,32,0.0078125,0.608974358974359,0.628205128205128,0.591452991452991,10,"top10","eeg_tleft_sampent_full_change_precond;gsr_skin_conductance_eda_tonic_mean_nk_full_change_precond;eeg_tleft_halpha_mean_full_change_precond;eeg_c_theta_mean_full_change_precond;eeg_tleft_lalpha_mean_full_change_precond;pupil_dilation_sd_full_change_precond;eeg_t_sampent_full_change_precond;eeg_pright_sampent_full_change_precond;hr_heartrate_bpm_med_abs_full_change_precond;hrv_rmssd_full_change_precond"
2025-11-26 19:43:02.883416,46,"stress_label",10,64,0.0078125,0.58974358974359,0.58974358974359,0.577777777777778,10,"top10","eeg_tleft_sampent_full_change_precond;gsr_skin_conductance_eda_tonic_mean_nk_full_change_precond;eeg_tleft_halpha_mean_full_change_precond;eeg_c_theta_mean_full_change_precond;eeg_tleft_lalpha_mean_full_change_precond;pupil_dilation_sd_full_change_precond;eeg_t_sampent_full_change_precond;eeg_pright_sampent_full_change_precond;hr_heartrate_bpm_med_abs_full_change_precond;hrv_rmssd_full_change_precond"
2025-11-26 19:43:03.785936,46,"stress_label",10,128,0.0078125,0.57051282051282,0.602564102564103,NA,10,"top10","eeg_tleft_sampent_full_change_precond;gsr_skin_conductance_eda_tonic_mean_nk_full_change_precond;eeg_tleft_halpha_mean_full_change_precond;eeg_c_theta_mean_full_change_precond;eeg_tleft_lalpha_mean_full_change_precond;pupil_dilation_sd_full_change_precond;eeg_t_sampent_full_change_precond;eeg_pright_sampent_full_change_precond;hr_heartrate_bpm_med_abs_full_change_precond;hrv_rmssd_full_change_precond"
2025-11-26 19:43:04.901126,46,"stress_label",10,256,0.0078125,0.551282051282051,0.596153846153846,NA,10,"top10","eeg_tleft_sampent_full_change_precond;gsr_skin_conductance_eda_tonic_mean_nk_full_change_precond;eeg_tleft_halpha_mean_full_change_precond;eeg_c_theta_mean_full_change_precond;eeg_tleft_lalpha_mean_full_change_precond;pupil_dilation_sd_full_change_precond;eeg_t_sampent_full_change_precond;eeg_pright_sampent_full_change_precond;hr_heartrate_bpm_med_abs_full_change_precond;hrv_rmssd_full_change_precond"
2025-11-26 19:43:05.773666,46,"stress_label",10,2,0.015625,0.608974358974359,0.641025641025641,0.58034188034188,10,"top10","eeg_tleft_sampent_full_change_precond;gsr_skin_conductance_eda_tonic_mean_nk_full_change_precond;eeg_tleft_halpha_mean_full_change_precond;eeg_c_theta_mean_full_change_precond;eeg_tleft_lalpha_mean_full_change_precond;pupil_dilation_sd_full_change_precond;eeg_t_sampent_full_change_precond;eeg_pright_sampent_full_change_precond;hr_heartrate_bpm_med_abs_full_change_precond;hrv_rmssd_full_change_precond"
2025-11-26 19:43:06.598998,46,"stress_label",10,4,0.015625,0.58974358974359,0.647435897435897,0.578632478632479,10,"top10","eeg_tleft_sampent_full_change_precond;gsr_skin_conductance_eda_tonic_mean_nk_full_change_precond;eeg_tleft_halpha_mean_full_change_precond;eeg_c_theta_mean_full_change_precond;eeg_tleft_lalpha_mean_full_change_precond;pupil_dilation_sd_full_change_precond;eeg_t_sampent_full_change_precond;eeg_pright_sampent_full_change_precond;hr_heartrate_bpm_med_abs_full_change_precond;hrv_rmssd_full_change_precond"
2025-11-26 19:43:07.437988,46,"stress_label",10,8,0.015625,0.58974358974359,0.608974358974359,0.567521367521368,10,"top10","eeg_tleft_sampent_full_change_precond;gsr_skin_conductance_eda_tonic_mean_nk_full_change_precond;eeg_tleft_halpha_mean_full_change_precond;eeg_c_theta_mean_full_change_precond;eeg_tleft_lalpha_mean_full_change_precond;pupil_dilation_sd_full_change_precond;eeg_t_sampent_full_change_precond;eeg_pright_sampent_full_change_precond;hr_heartrate_bpm_med_abs_full_change_precond;hrv_rmssd_full_change_precond"
2025-11-26 19:43:08.319941,46,"stress_label",10,16,0.015625,0.583333333333333,0.602564102564103,0.565811965811966,10,"top10","eeg_tleft_sampent_full_change_precond;gsr_skin_conductance_eda_tonic_mean_nk_full_change_precond;eeg_tleft_halpha_mean_full_change_precond;eeg_c_theta_mean_full_change_precond;eeg_tleft_lalpha_mean_full_change_precond;pupil_dilation_sd_full_change_precond;eeg_t_sampent_full_change_precond;eeg_pright_sampent_full_change_precond;hr_heartrate_bpm_med_abs_full_change_precond;hrv_rmssd_full_change_precond"
2025-11-26 19:43:09.110234,46,"stress_label",10,32,0.015625,0.57051282051282,0.583333333333333,NA,10,"top10","eeg_tleft_sampent_full_change_precond;gsr_skin_conductance_eda_tonic_mean_nk_full_change_precond;eeg_tleft_halpha_mean_full_change_precond;eeg_c_theta_mean_full_change_precond;eeg_tleft_lalpha_mean_full_change_precond;pupil_dilation_sd_full_change_precond;eeg_t_sampent_full_change_precond;eeg_pright_sampent_full_change_precond;hr_heartrate_bpm_med_abs_full_change_precond;hrv_rmssd_full_change_precond"
2025-11-26 19:43:10.107793,46,"stress_label",10,64,0.015625,0.576923076923077,0.583333333333333,NA,10,"top10","eeg_tleft_sampent_full_change_precond;gsr_skin_conductance_eda_tonic_mean_nk_full_change_precond;eeg_tleft_halpha_mean_full_change_precond;eeg_c_theta_mean_full_change_precond;eeg_tleft_lalpha_mean_full_change_precond;pupil_dilation_sd_full_change_precond;eeg_t_sampent_full_change_precond;eeg_pright_sampent_full_change_precond;hr_heartrate_bpm_med_abs_full_change_precond;hrv_rmssd_full_change_precond"
2025-11-26 19:43:11.172897,46,"stress_label",10,128,0.015625,0.557692307692308,0.538461538461538,NA,10,"top10","eeg_tleft_sampent_full_change_precond;gsr_skin_conductance_eda_tonic_mean_nk_full_change_precond;eeg_tleft_halpha_mean_full_change_precond;eeg_c_theta_mean_full_change_precond;eeg_tleft_lalpha_mean_full_change_precond;pupil_dilation_sd_full_change_precond;eeg_t_sampent_full_change_precond;eeg_pright_sampent_full_change_precond;hr_heartrate_bpm_med_abs_full_change_precond;hrv_rmssd_full_change_precond"
2025-11-26 19:43:12.341504,46,"stress_label",10,256,0.015625,0.57051282051282,0.551282051282051,NA,10,"top10","eeg_tleft_sampent_full_change_precond;gsr_skin_conductance_eda_tonic_mean_nk_full_change_precond;eeg_tleft_halpha_mean_full_change_precond;eeg_c_theta_mean_full_change_precond;eeg_tleft_lalpha_mean_full_change_precond;pupil_dilation_sd_full_change_precond;eeg_t_sampent_full_change_precond;eeg_pright_sampent_full_change_precond;hr_heartrate_bpm_med_abs_full_change_precond;hrv_rmssd_full_change_precond"
2025-11-26 19:43:13.185832,46,"stress_label",10,2,0.03125,0.628205128205128,0.641025641025641,0.599145299145299,10,"top10","eeg_tleft_sampent_full_change_precond;gsr_skin_conductance_eda_tonic_mean_nk_full_change_precond;eeg_tleft_halpha_mean_full_change_precond;eeg_c_theta_mean_full_change_precond;eeg_tleft_lalpha_mean_full_change_precond;pupil_dilation_sd_full_change_precond;eeg_t_sampent_full_change_precond;eeg_pright_sampent_full_change_precond;hr_heartrate_bpm_med_abs_full_change_precond;hrv_rmssd_full_change_precond"
2025-11-26 19:43:14.009766,46,"stress_label",10,4,0.03125,0.615384615384615,0.608974358974359,0.583760683760684,10,"top10","eeg_tleft_sampent_full_change_precond;gsr_skin_conductance_eda_tonic_mean_nk_full_change_precond;eeg_tleft_halpha_mean_full_change_precond;eeg_c_theta_mean_full_change_precond;eeg_tleft_lalpha_mean_full_change_precond;pupil_dilation_sd_full_change_precond;eeg_t_sampent_full_change_precond;eeg_pright_sampent_full_change_precond;hr_heartrate_bpm_med_abs_full_change_precond;hrv_rmssd_full_change_precond"
2025-11-26 19:43:14.804228,46,"stress_label",10,8,0.03125,0.576923076923077,0.576923076923077,NA,10,"top10","eeg_tleft_sampent_full_change_precond;gsr_skin_conductance_eda_tonic_mean_nk_full_change_precond;eeg_tleft_halpha_mean_full_change_precond;eeg_c_theta_mean_full_change_precond;eeg_tleft_lalpha_mean_full_change_precond;pupil_dilation_sd_full_change_precond;eeg_t_sampent_full_change_precond;eeg_pright_sampent_full_change_precond;hr_heartrate_bpm_med_abs_full_change_precond;hrv_rmssd_full_change_precond"
2025-11-26 19:43:15.926027,46,"stress_label",10,16,0.03125,0.576923076923077,0.583333333333333,NA,10,"top10","eeg_tleft_sampent_full_change_precond;gsr_skin_conductance_eda_tonic_mean_nk_full_change_precond;eeg_tleft_halpha_mean_full_change_precond;eeg_c_theta_mean_full_change_precond;eeg_tleft_lalpha_mean_full_change_precond;pupil_dilation_sd_full_change_precond;eeg_t_sampent_full_change_precond;eeg_pright_sampent_full_change_precond;hr_heartrate_bpm_med_abs_full_change_precond;hrv_rmssd_full_change_precond"
2025-11-26 19:43:16.886368,46,"stress_label",10,32,0.03125,0.551282051282051,0.525641025641026,NA,10,"top10","eeg_tleft_sampent_full_change_precond;gsr_skin_conductance_eda_tonic_mean_nk_full_change_precond;eeg_tleft_halpha_mean_full_change_precond;eeg_c_theta_mean_full_change_precond;eeg_tleft_lalpha_mean_full_change_precond;pupil_dilation_sd_full_change_precond;eeg_t_sampent_full_change_precond;eeg_pright_sampent_full_change_precond;hr_heartrate_bpm_med_abs_full_change_precond;hrv_rmssd_full_change_precond"
2025-11-26 19:43:17.923153,46,"stress_label",10,64,0.03125,0.58974358974359,0.551282051282051,NA,10,"top10","eeg_tleft_sampent_full_change_precond;gsr_skin_conductance_eda_tonic_mean_nk_full_change_precond;eeg_tleft_halpha_mean_full_change_precond;eeg_c_theta_mean_full_change_precond;eeg_tleft_lalpha_mean_full_change_precond;pupil_dilation_sd_full_change_precond;eeg_t_sampent_full_change_precond;eeg_pright_sampent_full_change_precond;hr_heartrate_bpm_med_abs_full_change_precond;hrv_rmssd_full_change_precond"
2025-11-26 19:43:19.152821,46,"stress_label",10,128,0.03125,0.608974358974359,0.615384615384615,NA,10,"top10","eeg_tleft_sampent_full_change_precond;gsr_skin_conductance_eda_tonic_mean_nk_full_change_precond;eeg_tleft_halpha_mean_full_change_precond;eeg_c_theta_mean_full_change_precond;eeg_tleft_lalpha_mean_full_change_precond;pupil_dilation_sd_full_change_precond;eeg_t_sampent_full_change_precond;eeg_pright_sampent_full_change_precond;hr_heartrate_bpm_med_abs_full_change_precond;hrv_rmssd_full_change_precond"
2025-11-26 19:43:20.514676,46,"stress_label",10,256,0.03125,0.608974358974359,0.634615384615385,NA,10,"top10","eeg_tleft_sampent_full_change_precond;gsr_skin_conductance_eda_tonic_mean_nk_full_change_precond;eeg_tleft_halpha_mean_full_change_precond;eeg_c_theta_mean_full_change_precond;eeg_tleft_lalpha_mean_full_change_precond;pupil_dilation_sd_full_change_precond;eeg_t_sampent_full_change_precond;eeg_pright_sampent_full_change_precond;hr_heartrate_bpm_med_abs_full_change_precond;hrv_rmssd_full_change_precond"
2025-11-26 19:43:21.333707,46,"stress_label",10,2,0.0625,0.576923076923077,0.596153846153846,NA,10,"top10","eeg_tleft_sampent_full_change_precond;gsr_skin_conductance_eda_tonic_mean_nk_full_change_precond;eeg_tleft_halpha_mean_full_change_precond;eeg_c_theta_mean_full_change_precond;eeg_tleft_lalpha_mean_full_change_precond;pupil_dilation_sd_full_change_precond;eeg_t_sampent_full_change_precond;eeg_pright_sampent_full_change_precond;hr_heartrate_bpm_med_abs_full_change_precond;hrv_rmssd_full_change_precond"
2025-11-26 19:43:22.193414,46,"stress_label",10,4,0.0625,0.551282051282051,0.57051282051282,NA,10,"top10","eeg_tleft_sampent_full_change_precond;gsr_skin_conductance_eda_tonic_mean_nk_full_change_precond;eeg_tleft_halpha_mean_full_change_precond;eeg_c_theta_mean_full_change_precond;eeg_tleft_lalpha_mean_full_change_precond;pupil_dilation_sd_full_change_precond;eeg_t_sampent_full_change_precond;eeg_pright_sampent_full_change_precond;hr_heartrate_bpm_med_abs_full_change_precond;hrv_rmssd_full_change_precond"
2025-11-26 19:43:23.089568,46,"stress_label",10,8,0.0625,0.544871794871795,0.532051282051282,NA,10,"top10","eeg_tleft_sampent_full_change_precond;gsr_skin_conductance_eda_tonic_mean_nk_full_change_precond;eeg_tleft_halpha_mean_full_change_precond;eeg_c_theta_mean_full_change_precond;eeg_tleft_lalpha_mean_full_change_precond;pupil_dilation_sd_full_change_precond;eeg_t_sampent_full_change_precond;eeg_pright_sampent_full_change_precond;hr_heartrate_bpm_med_abs_full_change_precond;hrv_rmssd_full_change_precond"
2025-11-26 19:43:24.067706,46,"stress_label",10,16,0.0625,0.615384615384615,0.551282051282051,NA,10,"top10","eeg_tleft_sampent_full_change_precond;gsr_skin_conductance_eda_tonic_mean_nk_full_change_precond;eeg_tleft_halpha_mean_full_change_precond;eeg_c_theta_mean_full_change_precond;eeg_tleft_lalpha_mean_full_change_precond;pupil_dilation_sd_full_change_precond;eeg_t_sampent_full_change_precond;eeg_pright_sampent_full_change_precond;hr_heartrate_bpm_med_abs_full_change_precond;hrv_rmssd_full_change_precond"
2025-11-26 19:43:25.148183,46,"stress_label",10,32,0.0625,0.647435897435897,0.641025641025641,NA,10,"top10","eeg_tleft_sampent_full_change_precond;gsr_skin_conductance_eda_tonic_mean_nk_full_change_precond;eeg_tleft_halpha_mean_full_change_precond;eeg_c_theta_mean_full_change_precond;eeg_tleft_lalpha_mean_full_change_precond;pupil_dilation_sd_full_change_precond;eeg_t_sampent_full_change_precond;eeg_pright_sampent_full_change_precond;hr_heartrate_bpm_med_abs_full_change_precond;hrv_rmssd_full_change_precond"
2025-11-26 19:43:26.227973,46,"stress_label",10,64,0.0625,0.634615384615385,0.628205128205128,NA,10,"top10","eeg_tleft_sampent_full_change_precond;gsr_skin_conductance_eda_tonic_mean_nk_full_change_precond;eeg_tleft_halpha_mean_full_change_precond;eeg_c_theta_mean_full_change_precond;eeg_tleft_lalpha_mean_full_change_precond;pupil_dilation_sd_full_change_precond;eeg_t_sampent_full_change_precond;eeg_pright_sampent_full_change_precond;hr_heartrate_bpm_med_abs_full_change_precond;hrv_rmssd_full_change_precond"
2025-11-26 19:43:27.440473,46,"stress_label",10,128,0.0625,0.621794871794872,0.576923076923077,NA,10,"top10","eeg_tleft_sampent_full_change_precond;gsr_skin_conductance_eda_tonic_mean_nk_full_change_precond;eeg_tleft_halpha_mean_full_change_precond;eeg_c_theta_mean_full_change_precond;eeg_tleft_lalpha_mean_full_change_precond;pupil_dilation_sd_full_change_precond;eeg_t_sampent_full_change_precond;eeg_pright_sampent_full_change_precond;hr_heartrate_bpm_med_abs_full_change_precond;hrv_rmssd_full_change_precond"
2025-11-26 19:43:28.667984,46,"stress_label",10,256,0.0625,0.621794871794872,0.608974358974359,NA,10,"top10","eeg_tleft_sampent_full_change_precond;gsr_skin_conductance_eda_tonic_mean_nk_full_change_precond;eeg_tleft_halpha_mean_full_change_precond;eeg_c_theta_mean_full_change_precond;eeg_tleft_lalpha_mean_full_change_precond;pupil_dilation_sd_full_change_precond;eeg_t_sampent_full_change_precond;eeg_pright_sampent_full_change_precond;hr_heartrate_bpm_med_abs_full_change_precond;hrv_rmssd_full_change_precond"
2025-11-26 19:43:29.564595,46,"stress_label",10,2,0.125,0.532051282051282,0.58974358974359,NA,10,"top10","eeg_tleft_sampent_full_change_precond;gsr_skin_conductance_eda_tonic_mean_nk_full_change_precond;eeg_tleft_halpha_mean_full_change_precond;eeg_c_theta_mean_full_change_precond;eeg_tleft_lalpha_mean_full_change_precond;pupil_dilation_sd_full_change_precond;eeg_t_sampent_full_change_precond;eeg_pright_sampent_full_change_precond;hr_heartrate_bpm_med_abs_full_change_precond;hrv_rmssd_full_change_precond"
2025-11-26 19:43:30.501392,46,"stress_label",10,4,0.125,0.583333333333333,0.608974358974359,NA,10,"top10","eeg_tleft_sampent_full_change_precond;gsr_skin_conductance_eda_tonic_mean_nk_full_change_precond;eeg_tleft_halpha_mean_full_change_precond;eeg_c_theta_mean_full_change_precond;eeg_tleft_lalpha_mean_full_change_precond;pupil_dilation_sd_full_change_precond;eeg_t_sampent_full_change_precond;eeg_pright_sampent_full_change_precond;hr_heartrate_bpm_med_abs_full_change_precond;hrv_rmssd_full_change_precond"
2025-11-26 19:43:31.470536,46,"stress_label",10,8,0.125,0.628205128205128,0.66025641025641,NA,10,"top10","eeg_tleft_sampent_full_change_precond;gsr_skin_conductance_eda_tonic_mean_nk_full_change_precond;eeg_tleft_halpha_mean_full_change_precond;eeg_c_theta_mean_full_change_precond;eeg_tleft_lalpha_mean_full_change_precond;pupil_dilation_sd_full_change_precond;eeg_t_sampent_full_change_precond;eeg_pright_sampent_full_change_precond;hr_heartrate_bpm_med_abs_full_change_precond;hrv_rmssd_full_change_precond"
2025-11-26 19:43:32.445981,46,"stress_label",10,16,0.125,0.641025641025641,0.67948717948718,NA,10,"top10","eeg_tleft_sampent_full_change_precond;gsr_skin_conductance_eda_tonic_mean_nk_full_change_precond;eeg_tleft_halpha_mean_full_change_precond;eeg_c_theta_mean_full_change_precond;eeg_tleft_lalpha_mean_full_change_precond;pupil_dilation_sd_full_change_precond;eeg_t_sampent_full_change_precond;eeg_pright_sampent_full_change_precond;hr_heartrate_bpm_med_abs_full_change_precond;hrv_rmssd_full_change_precond"
2025-11-26 19:43:33.480812,46,"stress_label",10,32,0.125,0.641025641025641,0.666666666666667,NA,10,"top10","eeg_tleft_sampent_full_change_precond;gsr_skin_conductance_eda_tonic_mean_nk_full_change_precond;eeg_tleft_halpha_mean_full_change_precond;eeg_c_theta_mean_full_change_precond;eeg_tleft_lalpha_mean_full_change_precond;pupil_dilation_sd_full_change_precond;eeg_t_sampent_full_change_precond;eeg_pright_sampent_full_change_precond;hr_heartrate_bpm_med_abs_full_change_precond;hrv_rmssd_full_change_precond"
2025-11-26 19:43:34.509971,46,"stress_label",10,64,0.125,0.641025641025641,0.666666666666667,NA,10,"top10","eeg_tleft_sampent_full_change_precond;gsr_skin_conductance_eda_tonic_mean_nk_full_change_precond;eeg_tleft_halpha_mean_full_change_precond;eeg_c_theta_mean_full_change_precond;eeg_tleft_lalpha_mean_full_change_precond;pupil_dilation_sd_full_change_precond;eeg_t_sampent_full_change_precond;eeg_pright_sampent_full_change_precond;hr_heartrate_bpm_med_abs_full_change_precond;hrv_rmssd_full_change_precond"
2025-11-26 19:43:35.536445,46,"stress_label",10,128,0.125,0.641025641025641,0.666666666666667,NA,10,"top10","eeg_tleft_sampent_full_change_precond;gsr_skin_conductance_eda_tonic_mean_nk_full_change_precond;eeg_tleft_halpha_mean_full_change_precond;eeg_c_theta_mean_full_change_precond;eeg_tleft_lalpha_mean_full_change_precond;pupil_dilation_sd_full_change_precond;eeg_t_sampent_full_change_precond;eeg_pright_sampent_full_change_precond;hr_heartrate_bpm_med_abs_full_change_precond;hrv_rmssd_full_change_precond"
2025-11-26 19:43:36.569843,46,"stress_label",10,256,0.125,0.641025641025641,0.666666666666667,NA,10,"top10","eeg_tleft_sampent_full_change_precond;gsr_skin_conductance_eda_tonic_mean_nk_full_change_precond;eeg_tleft_halpha_mean_full_change_precond;eeg_c_theta_mean_full_change_precond;eeg_tleft_lalpha_mean_full_change_precond;pupil_dilation_sd_full_change_precond;eeg_t_sampent_full_change_precond;eeg_pright_sampent_full_change_precond;hr_heartrate_bpm_med_abs_full_change_precond;hrv_rmssd_full_change_precond"
2025-11-26 19:43:37.409423,46,"stress_label",10,2,0.03,0.621794871794872,0.641025641025641,0.586324786324786,10,"top10","eeg_tleft_sampent_full_change_precond;gsr_skin_conductance_eda_tonic_mean_nk_full_change_precond;eeg_tleft_halpha_mean_full_change_precond;eeg_c_theta_mean_full_change_precond;eeg_tleft_lalpha_mean_full_change_precond;pupil_dilation_sd_full_change_precond;eeg_t_sampent_full_change_precond;eeg_pright_sampent_full_change_precond;hr_heartrate_bpm_med_abs_full_change_precond;hrv_rmssd_full_change_precond"
2025-11-26 19:43:38.251955,46,"stress_label",10,4,0.03,0.615384615384615,0.602564102564103,0.583760683760684,10,"top10","eeg_tleft_sampent_full_change_precond;gsr_skin_conductance_eda_tonic_mean_nk_full_change_precond;eeg_tleft_halpha_mean_full_change_precond;eeg_c_theta_mean_full_change_precond;eeg_tleft_lalpha_mean_full_change_precond;pupil_dilation_sd_full_change_precond;eeg_t_sampent_full_change_precond;eeg_pright_sampent_full_change_precond;hr_heartrate_bpm_med_abs_full_change_precond;hrv_rmssd_full_change_precond"
2025-11-26 19:43:39.136927,46,"stress_label",10,8,0.03,0.576923076923077,0.57051282051282,NA,10,"top10","eeg_tleft_sampent_full_change_precond;gsr_skin_conductance_eda_tonic_mean_nk_full_change_precond;eeg_tleft_halpha_mean_full_change_precond;eeg_c_theta_mean_full_change_precond;eeg_tleft_lalpha_mean_full_change_precond;pupil_dilation_sd_full_change_precond;eeg_t_sampent_full_change_precond;eeg_pright_sampent_full_change_precond;hr_heartrate_bpm_med_abs_full_change_precond;hrv_rmssd_full_change_precond"
2025-11-26 19:43:40.017262,46,"stress_label",10,16,0.03,0.57051282051282,0.596153846153846,NA,10,"top10","eeg_tleft_sampent_full_change_precond;gsr_skin_conductance_eda_tonic_mean_nk_full_change_precond;eeg_tleft_halpha_mean_full_change_precond;eeg_c_theta_mean_full_change_precond;eeg_tleft_lalpha_mean_full_change_precond;pupil_dilation_sd_full_change_precond;eeg_t_sampent_full_change_precond;eeg_pright_sampent_full_change_precond;hr_heartrate_bpm_med_abs_full_change_precond;hrv_rmssd_full_change_precond"
2025-11-26 19:43:41.022935,46,"stress_label",10,32,0.03,0.564102564102564,0.525641025641026,NA,10,"top10","eeg_tleft_sampent_full_change_precond;gsr_skin_conductance_eda_tonic_mean_nk_full_change_precond;eeg_tleft_halpha_mean_full_change_precond;eeg_c_theta_mean_full_change_precond;eeg_tleft_lalpha_mean_full_change_precond;pupil_dilation_sd_full_change_precond;eeg_t_sampent_full_change_precond;eeg_pright_sampent_full_change_precond;hr_heartrate_bpm_med_abs_full_change_precond;hrv_rmssd_full_change_precond"
2025-11-26 19:43:41.992668,46,"stress_label",10,64,0.03,0.583333333333333,0.544871794871795,NA,10,"top10","eeg_tleft_sampent_full_change_precond;gsr_skin_conductance_eda_tonic_mean_nk_full_change_precond;eeg_tleft_halpha_mean_full_change_precond;eeg_c_theta_mean_full_change_precond;eeg_tleft_lalpha_mean_full_change_precond;pupil_dilation_sd_full_change_precond;eeg_t_sampent_full_change_precond;eeg_pright_sampent_full_change_precond;hr_heartrate_bpm_med_abs_full_change_precond;hrv_rmssd_full_change_precond"
2025-11-26 19:43:43.267803,46,"stress_label",10,128,0.03,0.615384615384615,0.615384615384615,NA,10,"top10","eeg_tleft_sampent_full_change_precond;gsr_skin_conductance_eda_tonic_mean_nk_full_change_precond;eeg_tleft_halpha_mean_full_change_precond;eeg_c_theta_mean_full_change_precond;eeg_tleft_lalpha_mean_full_change_precond;pupil_dilation_sd_full_change_precond;eeg_t_sampent_full_change_precond;eeg_pright_sampent_full_change_precond;hr_heartrate_bpm_med_abs_full_change_precond;hrv_rmssd_full_change_precond"
2025-11-26 19:43:44.781979,46,"stress_label",10,256,0.03,0.615384615384615,0.641025641025641,NA,10,"top10","eeg_tleft_sampent_full_change_precond;gsr_skin_conductance_eda_tonic_mean_nk_full_change_precond;eeg_tleft_halpha_mean_full_change_precond;eeg_c_theta_mean_full_change_precond;eeg_tleft_lalpha_mean_full_change_precond;pupil_dilation_sd_full_change_precond;eeg_t_sampent_full_change_precond;eeg_pright_sampent_full_change_precond;hr_heartrate_bpm_med_abs_full_change_precond;hrv_rmssd_full_change_precond"
2025-11-26 19:43:45.638459,46,"stress_label",10,2,0.06,0.57051282051282,0.58974358974359,NA,10,"top10","eeg_tleft_sampent_full_change_precond;gsr_skin_conductance_eda_tonic_mean_nk_full_change_precond;eeg_tleft_halpha_mean_full_change_precond;eeg_c_theta_mean_full_change_precond;eeg_tleft_lalpha_mean_full_change_precond;pupil_dilation_sd_full_change_precond;eeg_t_sampent_full_change_precond;eeg_pright_sampent_full_change_precond;hr_heartrate_bpm_med_abs_full_change_precond;hrv_rmssd_full_change_precond"
2025-11-26 19:43:46.368765,46,"stress_label",10,4,0.06,0.544871794871795,0.576923076923077,NA,10,"top10","eeg_tleft_sampent_full_change_precond;gsr_skin_conductance_eda_tonic_mean_nk_full_change_precond;eeg_tleft_halpha_mean_full_change_precond;eeg_c_theta_mean_full_change_precond;eeg_tleft_lalpha_mean_full_change_precond;pupil_dilation_sd_full_change_precond;eeg_t_sampent_full_change_precond;eeg_pright_sampent_full_change_precond;hr_heartrate_bpm_med_abs_full_change_precond;hrv_rmssd_full_change_precond"
2025-11-26 19:43:47.269866,46,"stress_label",10,8,0.06,0.538461538461538,0.538461538461538,NA,10,"top10","eeg_tleft_sampent_full_change_precond;gsr_skin_conductance_eda_tonic_mean_nk_full_change_precond;eeg_tleft_halpha_mean_full_change_precond;eeg_c_theta_mean_full_change_precond;eeg_tleft_lalpha_mean_full_change_precond;pupil_dilation_sd_full_change_precond;eeg_t_sampent_full_change_precond;eeg_pright_sampent_full_change_precond;hr_heartrate_bpm_med_abs_full_change_precond;hrv_rmssd_full_change_precond"
2025-11-26 19:43:48.259305,46,"stress_label",10,16,0.06,0.602564102564103,0.551282051282051,NA,10,"top10","eeg_tleft_sampent_full_change_precond;gsr_skin_conductance_eda_tonic_mean_nk_full_change_precond;eeg_tleft_halpha_mean_full_change_precond;eeg_c_theta_mean_full_change_precond;eeg_tleft_lalpha_mean_full_change_precond;pupil_dilation_sd_full_change_precond;eeg_t_sampent_full_change_precond;eeg_pright_sampent_full_change_precond;hr_heartrate_bpm_med_abs_full_change_precond;hrv_rmssd_full_change_precond"
2025-11-26 19:43:49.352203,46,"stress_label",10,32,0.06,0.641025641025641,0.641025641025641,NA,10,"top10","eeg_tleft_sampent_full_change_precond;gsr_skin_conductance_eda_tonic_mean_nk_full_change_precond;eeg_tleft_halpha_mean_full_change_precond;eeg_c_theta_mean_full_change_precond;eeg_tleft_lalpha_mean_full_change_precond;pupil_dilation_sd_full_change_precond;eeg_t_sampent_full_change_precond;eeg_pright_sampent_full_change_precond;hr_heartrate_bpm_med_abs_full_change_precond;hrv_rmssd_full_change_precond"
2025-11-26 19:43:50.422943,46,"stress_label",10,64,0.06,0.628205128205128,0.641025641025641,NA,10,"top10","eeg_tleft_sampent_full_change_precond;gsr_skin_conductance_eda_tonic_mean_nk_full_change_precond;eeg_tleft_halpha_mean_full_change_precond;eeg_c_theta_mean_full_change_precond;eeg_tleft_lalpha_mean_full_change_precond;pupil_dilation_sd_full_change_precond;eeg_t_sampent_full_change_precond;eeg_pright_sampent_full_change_precond;hr_heartrate_bpm_med_abs_full_change_precond;hrv_rmssd_full_change_precond"
2025-11-26 19:43:51.405437,46,"stress_label",10,128,0.06,0.621794871794872,0.583333333333333,NA,10,"top10","eeg_tleft_sampent_full_change_precond;gsr_skin_conductance_eda_tonic_mean_nk_full_change_precond;eeg_tleft_halpha_mean_full_change_precond;eeg_c_theta_mean_full_change_precond;eeg_tleft_lalpha_mean_full_change_precond;pupil_dilation_sd_full_change_precond;eeg_t_sampent_full_change_precond;eeg_pright_sampent_full_change_precond;hr_heartrate_bpm_med_abs_full_change_precond;hrv_rmssd_full_change_precond"
2025-11-26 19:43:52.638847,46,"stress_label",10,256,0.06,0.621794871794872,0.602564102564103,NA,10,"top10","eeg_tleft_sampent_full_change_precond;gsr_skin_conductance_eda_tonic_mean_nk_full_change_precond;eeg_tleft_halpha_mean_full_change_precond;eeg_c_theta_mean_full_change_precond;eeg_tleft_lalpha_mean_full_change_precond;pupil_dilation_sd_full_change_precond;eeg_t_sampent_full_change_precond;eeg_pright_sampent_full_change_precond;hr_heartrate_bpm_med_abs_full_change_precond;hrv_rmssd_full_change_precond"
2025-11-26 19:43:53.538986,46,"stress_label",10,2,0.1,0.525641025641026,0.576923076923077,NA,10,"top10","eeg_tleft_sampent_full_change_precond;gsr_skin_conductance_eda_tonic_mean_nk_full_change_precond;eeg_tleft_halpha_mean_full_change_precond;eeg_c_theta_mean_full_change_precond;eeg_tleft_lalpha_mean_full_change_precond;pupil_dilation_sd_full_change_precond;eeg_t_sampent_full_change_precond;eeg_pright_sampent_full_change_precond;hr_heartrate_bpm_med_abs_full_change_precond;hrv_rmssd_full_change_precond"
2025-11-26 19:43:54.361314,46,"stress_label",10,4,0.1,0.557692307692308,0.576923076923077,NA,10,"top10","eeg_tleft_sampent_full_change_precond;gsr_skin_conductance_eda_tonic_mean_nk_full_change_precond;eeg_tleft_halpha_mean_full_change_precond;eeg_c_theta_mean_full_change_precond;eeg_tleft_lalpha_mean_full_change_precond;pupil_dilation_sd_full_change_precond;eeg_t_sampent_full_change_precond;eeg_pright_sampent_full_change_precond;hr_heartrate_bpm_med_abs_full_change_precond;hrv_rmssd_full_change_precond"
2025-11-26 19:43:55.283392,46,"stress_label",10,8,0.1,0.608974358974359,0.621794871794872,NA,10,"top10","eeg_tleft_sampent_full_change_precond;gsr_skin_conductance_eda_tonic_mean_nk_full_change_precond;eeg_tleft_halpha_mean_full_change_precond;eeg_c_theta_mean_full_change_precond;eeg_tleft_lalpha_mean_full_change_precond;pupil_dilation_sd_full_change_precond;eeg_t_sampent_full_change_precond;eeg_pright_sampent_full_change_precond;hr_heartrate_bpm_med_abs_full_change_precond;hrv_rmssd_full_change_precond"
2025-11-26 19:43:56.316735,46,"stress_label",10,16,0.1,0.647435897435897,0.653846153846154,NA,10,"top10","eeg_tleft_sampent_full_change_precond;gsr_skin_conductance_eda_tonic_mean_nk_full_change_precond;eeg_tleft_halpha_mean_full_change_precond;eeg_c_theta_mean_full_change_precond;eeg_tleft_lalpha_mean_full_change_precond;pupil_dilation_sd_full_change_precond;eeg_t_sampent_full_change_precond;eeg_pright_sampent_full_change_precond;hr_heartrate_bpm_med_abs_full_change_precond;hrv_rmssd_full_change_precond"
2025-11-26 19:43:57.364549,46,"stress_label",10,32,0.1,0.634615384615385,0.615384615384615,NA,10,"top10","eeg_tleft_sampent_full_change_precond;gsr_skin_conductance_eda_tonic_mean_nk_full_change_precond;eeg_tleft_halpha_mean_full_change_precond;eeg_c_theta_mean_full_change_precond;eeg_tleft_lalpha_mean_full_change_precond;pupil_dilation_sd_full_change_precond;eeg_t_sampent_full_change_precond;eeg_pright_sampent_full_change_precond;hr_heartrate_bpm_med_abs_full_change_precond;hrv_rmssd_full_change_precond"
2025-11-26 19:43:58.425805,46,"stress_label",10,64,0.1,0.641025641025641,0.634615384615385,NA,10,"top10","eeg_tleft_sampent_full_change_precond;gsr_skin_conductance_eda_tonic_mean_nk_full_change_precond;eeg_tleft_halpha_mean_full_change_precond;eeg_c_theta_mean_full_change_precond;eeg_tleft_lalpha_mean_full_change_precond;pupil_dilation_sd_full_change_precond;eeg_t_sampent_full_change_precond;eeg_pright_sampent_full_change_precond;hr_heartrate_bpm_med_abs_full_change_precond;hrv_rmssd_full_change_precond"
2025-11-26 19:43:59.394975,46,"stress_label",10,128,0.1,0.641025641025641,0.634615384615385,NA,10,"top10","eeg_tleft_sampent_full_change_precond;gsr_skin_conductance_eda_tonic_mean_nk_full_change_precond;eeg_tleft_halpha_mean_full_change_precond;eeg_c_theta_mean_full_change_precond;eeg_tleft_lalpha_mean_full_change_precond;pupil_dilation_sd_full_change_precond;eeg_t_sampent_full_change_precond;eeg_pright_sampent_full_change_precond;hr_heartrate_bpm_med_abs_full_change_precond;hrv_rmssd_full_change_precond"
2025-11-26 19:44:00.395388,46,"stress_label",10,256,0.1,0.641025641025641,0.634615384615385,NA,10,"top10","eeg_tleft_sampent_full_change_precond;gsr_skin_conductance_eda_tonic_mean_nk_full_change_precond;eeg_tleft_halpha_mean_full_change_precond;eeg_c_theta_mean_full_change_precond;eeg_tleft_lalpha_mean_full_change_precond;pupil_dilation_sd_full_change_precond;eeg_t_sampent_full_change_precond;eeg_pright_sampent_full_change_precond;hr_heartrate_bpm_med_abs_full_change_precond;hrv_rmssd_full_change_precond"
2025-11-26 19:44:01.2297,46,"stress_label",5,2,0.0078125,0.602564102564103,0.576923076923077,0.572649572649573,5,"top5","eeg_tleft_sampent_full_change_precond;gsr_skin_conductance_eda_tonic_mean_nk_full_change_precond;eeg_tleft_halpha_mean_full_change_precond;eeg_c_theta_mean_full_change_precond;eeg_tleft_lalpha_mean_full_change_precond"
2025-11-26 19:44:02.026976,46,"stress_label",5,4,0.0078125,0.602564102564103,0.596153846153846,0.582905982905983,5,"top5","eeg_tleft_sampent_full_change_precond;gsr_skin_conductance_eda_tonic_mean_nk_full_change_precond;eeg_tleft_halpha_mean_full_change_precond;eeg_c_theta_mean_full_change_precond;eeg_tleft_lalpha_mean_full_change_precond"
2025-11-26 19:44:02.799112,46,"stress_label",5,8,0.0078125,0.608974358974359,0.596153846153846,0.588888888888889,5,"top5","eeg_tleft_sampent_full_change_precond;gsr_skin_conductance_eda_tonic_mean_nk_full_change_precond;eeg_tleft_halpha_mean_full_change_precond;eeg_c_theta_mean_full_change_precond;eeg_tleft_lalpha_mean_full_change_precond"
2025-11-26 19:44:03.467392,46,"stress_label",5,16,0.0078125,0.608974358974359,0.602564102564103,0.585470085470085,5,"top5","eeg_tleft_sampent_full_change_precond;gsr_skin_conductance_eda_tonic_mean_nk_full_change_precond;eeg_tleft_halpha_mean_full_change_precond;eeg_c_theta_mean_full_change_precond;eeg_tleft_lalpha_mean_full_change_precond"
2025-11-26 19:44:04.110197,46,"stress_label",5,32,0.0078125,0.602564102564103,0.602564102564103,0.577777777777778,5,"top5","eeg_tleft_sampent_full_change_precond;gsr_skin_conductance_eda_tonic_mean_nk_full_change_precond;eeg_tleft_halpha_mean_full_change_precond;eeg_c_theta_mean_full_change_precond;eeg_tleft_lalpha_mean_full_change_precond"
2025-11-26 19:44:04.893146,46,"stress_label",5,64,0.0078125,0.602564102564103,0.596153846153846,0.573504273504273,5,"top5","eeg_tleft_sampent_full_change_precond;gsr_skin_conductance_eda_tonic_mean_nk_full_change_precond;eeg_tleft_halpha_mean_full_change_precond;eeg_c_theta_mean_full_change_precond;eeg_tleft_lalpha_mean_full_change_precond"
2025-11-26 19:44:05.725043,46,"stress_label",5,128,0.0078125,0.615384615384615,0.608974358974359,NA,5,"top5","eeg_tleft_sampent_full_change_precond;gsr_skin_conductance_eda_tonic_mean_nk_full_change_precond;eeg_tleft_halpha_mean_full_change_precond;eeg_c_theta_mean_full_change_precond;eeg_tleft_lalpha_mean_full_change_precond"
2025-11-26 19:44:06.610243,46,"stress_label",5,256,0.0078125,0.596153846153846,0.615384615384615,NA,5,"top5","eeg_tleft_sampent_full_change_precond;gsr_skin_conductance_eda_tonic_mean_nk_full_change_precond;eeg_tleft_halpha_mean_full_change_precond;eeg_c_theta_mean_full_change_precond;eeg_tleft_lalpha_mean_full_change_precond"
2025-11-26 19:44:07.388298,46,"stress_label",5,2,0.015625,0.602564102564103,0.58974358974359,0.581196581196581,5,"top5","eeg_tleft_sampent_full_change_precond;gsr_skin_conductance_eda_tonic_mean_nk_full_change_precond;eeg_tleft_halpha_mean_full_change_precond;eeg_c_theta_mean_full_change_precond;eeg_tleft_lalpha_mean_full_change_precond"
2025-11-26 19:44:08.130524,46,"stress_label",5,4,0.015625,0.615384615384615,0.596153846153846,0.588034188034188,5,"top5","eeg_tleft_sampent_full_change_precond;gsr_skin_conductance_eda_tonic_mean_nk_full_change_precond;eeg_tleft_halpha_mean_full_change_precond;eeg_c_theta_mean_full_change_precond;eeg_tleft_lalpha_mean_full_change_precond"
2025-11-26 19:44:08.88289,46,"stress_label",5,8,0.015625,0.602564102564103,0.608974358974359,0.576068376068376,5,"top5","eeg_tleft_sampent_full_change_precond;gsr_skin_conductance_eda_tonic_mean_nk_full_change_precond;eeg_tleft_halpha_mean_full_change_precond;eeg_c_theta_mean_full_change_precond;eeg_tleft_lalpha_mean_full_change_precond"
2025-11-26 19:44:09.649744,46,"stress_label",5,16,0.015625,0.608974358974359,0.602564102564103,0.582051282051282,5,"top5","eeg_tleft_sampent_full_change_precond;gsr_skin_conductance_eda_tonic_mean_nk_full_change_precond;eeg_tleft_halpha_mean_full_change_precond;eeg_c_theta_mean_full_change_precond;eeg_tleft_lalpha_mean_full_change_precond"
2025-11-26 19:44:10.429819,46,"stress_label",5,32,0.015625,0.596153846153846,0.608974358974359,NA,5,"top5","eeg_tleft_sampent_full_change_precond;gsr_skin_conductance_eda_tonic_mean_nk_full_change_precond;eeg_tleft_halpha_mean_full_change_precond;eeg_c_theta_mean_full_change_precond;eeg_tleft_lalpha_mean_full_change_precond"
2025-11-26 19:44:11.244034,46,"stress_label",5,64,0.015625,0.58974358974359,0.621794871794872,NA,5,"top5","eeg_tleft_sampent_full_change_precond;gsr_skin_conductance_eda_tonic_mean_nk_full_change_precond;eeg_tleft_halpha_mean_full_change_precond;eeg_c_theta_mean_full_change_precond;eeg_tleft_lalpha_mean_full_change_precond"
2025-11-26 19:44:12.109106,46,"stress_label",5,128,0.015625,0.576923076923077,0.628205128205128,NA,5,"top5","eeg_tleft_sampent_full_change_precond;gsr_skin_conductance_eda_tonic_mean_nk_full_change_precond;eeg_tleft_halpha_mean_full_change_precond;eeg_c_theta_mean_full_change_precond;eeg_tleft_lalpha_mean_full_change_precond"
2025-11-26 19:44:12.987075,46,"stress_label",5,256,0.015625,0.576923076923077,0.653846153846154,NA,5,"top5","eeg_tleft_sampent_full_change_precond;gsr_skin_conductance_eda_tonic_mean_nk_full_change_precond;eeg_tleft_halpha_mean_full_change_precond;eeg_c_theta_mean_full_change_precond;eeg_tleft_lalpha_mean_full_change_precond"
2025-11-26 19:44:13.7413,46,"stress_label",5,2,0.03125,0.615384615384615,0.596153846153846,0.570940170940171,5,"top5","eeg_tleft_sampent_full_change_precond;gsr_skin_conductance_eda_tonic_mean_nk_full_change_precond;eeg_tleft_halpha_mean_full_change_precond;eeg_c_theta_mean_full_change_precond;eeg_tleft_lalpha_mean_full_change_precond"
2025-11-26 19:44:14.544901,46,"stress_label",5,4,0.03125,0.596153846153846,0.608974358974359,0.57008547008547,5,"top5","eeg_tleft_sampent_full_change_precond;gsr_skin_conductance_eda_tonic_mean_nk_full_change_precond;eeg_tleft_halpha_mean_full_change_precond;eeg_c_theta_mean_full_change_precond;eeg_tleft_lalpha_mean_full_change_precond"
2025-11-26 19:44:15.311868,46,"stress_label",5,8,0.03125,0.583333333333333,0.608974358974359,NA,5,"top5","eeg_tleft_sampent_full_change_precond;gsr_skin_conductance_eda_tonic_mean_nk_full_change_precond;eeg_tleft_halpha_mean_full_change_precond;eeg_c_theta_mean_full_change_precond;eeg_tleft_lalpha_mean_full_change_precond"
2025-11-26 19:44:15.985352,46,"stress_label",5,16,0.03125,0.583333333333333,0.621794871794872,NA,5,"top5","eeg_tleft_sampent_full_change_precond;gsr_skin_conductance_eda_tonic_mean_nk_full_change_precond;eeg_tleft_halpha_mean_full_change_precond;eeg_c_theta_mean_full_change_precond;eeg_tleft_lalpha_mean_full_change_precond"
2025-11-26 19:44:16.806951,46,"stress_label",5,32,0.03125,0.57051282051282,0.628205128205128,NA,5,"top5","eeg_tleft_sampent_full_change_precond;gsr_skin_conductance_eda_tonic_mean_nk_full_change_precond;eeg_tleft_halpha_mean_full_change_precond;eeg_c_theta_mean_full_change_precond;eeg_tleft_lalpha_mean_full_change_precond"
2025-11-26 19:44:17.66354,46,"stress_label",5,64,0.03125,0.576923076923077,0.634615384615385,NA,5,"top5","eeg_tleft_sampent_full_change_precond;gsr_skin_conductance_eda_tonic_mean_nk_full_change_precond;eeg_tleft_halpha_mean_full_change_precond;eeg_c_theta_mean_full_change_precond;eeg_tleft_lalpha_mean_full_change_precond"
2025-11-26 19:44:18.612634,46,"stress_label",5,128,0.03125,0.583333333333333,0.608974358974359,NA,5,"top5","eeg_tleft_sampent_full_change_precond;gsr_skin_conductance_eda_tonic_mean_nk_full_change_precond;eeg_tleft_halpha_mean_full_change_precond;eeg_c_theta_mean_full_change_precond;eeg_tleft_lalpha_mean_full_change_precond"
2025-11-26 19:44:19.72752,46,"stress_label",5,256,0.03125,0.564102564102564,0.602564102564103,NA,5,"top5","eeg_tleft_sampent_full_change_precond;gsr_skin_conductance_eda_tonic_mean_nk_full_change_precond;eeg_tleft_halpha_mean_full_change_precond;eeg_c_theta_mean_full_change_precond;eeg_tleft_lalpha_mean_full_change_precond"
2025-11-26 19:44:20.461486,46,"stress_label",5,2,0.0625,0.583333333333333,0.58974358974359,NA,5,"top5","eeg_tleft_sampent_full_change_precond;gsr_skin_conductance_eda_tonic_mean_nk_full_change_precond;eeg_tleft_halpha_mean_full_change_precond;eeg_c_theta_mean_full_change_precond;eeg_tleft_lalpha_mean_full_change_precond"
2025-11-26 19:44:21.270718,46,"stress_label",5,4,0.0625,0.576923076923077,0.615384615384615,NA,5,"top5","eeg_tleft_sampent_full_change_precond;gsr_skin_conductance_eda_tonic_mean_nk_full_change_precond;eeg_tleft_halpha_mean_full_change_precond;eeg_c_theta_mean_full_change_precond;eeg_tleft_lalpha_mean_full_change_precond"
2025-11-26 19:44:22.019566,46,"stress_label",5,8,0.0625,0.532051282051282,0.608974358974359,NA,5,"top5","eeg_tleft_sampent_full_change_precond;gsr_skin_conductance_eda_tonic_mean_nk_full_change_precond;eeg_tleft_halpha_mean_full_change_precond;eeg_c_theta_mean_full_change_precond;eeg_tleft_lalpha_mean_full_change_precond"
2025-11-26 19:44:22.804869,46,"stress_label",5,16,0.0625,0.551282051282051,0.58974358974359,NA,5,"top5","eeg_tleft_sampent_full_change_precond;gsr_skin_conductance_eda_tonic_mean_nk_full_change_precond;eeg_tleft_halpha_mean_full_change_precond;eeg_c_theta_mean_full_change_precond;eeg_tleft_lalpha_mean_full_change_precond"
2025-11-26 19:44:23.715673,46,"stress_label",5,32,0.0625,0.564102564102564,0.576923076923077,NA,5,"top5","eeg_tleft_sampent_full_change_precond;gsr_skin_conductance_eda_tonic_mean_nk_full_change_precond;eeg_tleft_halpha_mean_full_change_precond;eeg_c_theta_mean_full_change_precond;eeg_tleft_lalpha_mean_full_change_precond"
2025-11-26 19:44:24.553623,46,"stress_label",5,64,0.0625,0.557692307692308,0.583333333333333,NA,5,"top5","eeg_tleft_sampent_full_change_precond;gsr_skin_conductance_eda_tonic_mean_nk_full_change_precond;eeg_tleft_halpha_mean_full_change_precond;eeg_c_theta_mean_full_change_precond;eeg_tleft_lalpha_mean_full_change_precond"
2025-11-26 19:44:25.468193,46,"stress_label",5,128,0.0625,0.525641025641026,0.5,NA,5,"top5","eeg_tleft_sampent_full_change_precond;gsr_skin_conductance_eda_tonic_mean_nk_full_change_precond;eeg_tleft_halpha_mean_full_change_precond;eeg_c_theta_mean_full_change_precond;eeg_tleft_lalpha_mean_full_change_precond"
2025-11-26 19:44:26.638794,46,"stress_label",5,256,0.0625,0.532051282051282,0.487179487179487,NA,5,"top5","eeg_tleft_sampent_full_change_precond;gsr_skin_conductance_eda_tonic_mean_nk_full_change_precond;eeg_tleft_halpha_mean_full_change_precond;eeg_c_theta_mean_full_change_precond;eeg_tleft_lalpha_mean_full_change_precond"
2025-11-26 19:44:27.628501,46,"stress_label",5,2,0.125,0.557692307692308,0.58974358974359,NA,5,"top5","eeg_tleft_sampent_full_change_precond;gsr_skin_conductance_eda_tonic_mean_nk_full_change_precond;eeg_tleft_halpha_mean_full_change_precond;eeg_c_theta_mean_full_change_precond;eeg_tleft_lalpha_mean_full_change_precond"
2025-11-26 19:44:28.42047,46,"stress_label",5,4,0.125,0.544871794871795,0.583333333333333,NA,5,"top5","eeg_tleft_sampent_full_change_precond;gsr_skin_conductance_eda_tonic_mean_nk_full_change_precond;eeg_tleft_halpha_mean_full_change_precond;eeg_c_theta_mean_full_change_precond;eeg_tleft_lalpha_mean_full_change_precond"
2025-11-26 19:44:29.230872,46,"stress_label",5,8,0.125,0.564102564102564,0.576923076923077,NA,5,"top5","eeg_tleft_sampent_full_change_precond;gsr_skin_conductance_eda_tonic_mean_nk_full_change_precond;eeg_tleft_halpha_mean_full_change_precond;eeg_c_theta_mean_full_change_precond;eeg_tleft_lalpha_mean_full_change_precond"
2025-11-26 19:44:30.103195,46,"stress_label",5,16,0.125,0.551282051282051,0.512820512820513,NA,5,"top5","eeg_tleft_sampent_full_change_precond;gsr_skin_conductance_eda_tonic_mean_nk_full_change_precond;eeg_tleft_halpha_mean_full_change_precond;eeg_c_theta_mean_full_change_precond;eeg_tleft_lalpha_mean_full_change_precond"
2025-11-26 19:44:30.994325,46,"stress_label",5,32,0.125,0.512820512820513,0.429487179487179,NA,5,"top5","eeg_tleft_sampent_full_change_precond;gsr_skin_conductance_eda_tonic_mean_nk_full_change_precond;eeg_tleft_halpha_mean_full_change_precond;eeg_c_theta_mean_full_change_precond;eeg_tleft_lalpha_mean_full_change_precond"
2025-11-26 19:44:31.936787,46,"stress_label",5,64,0.125,0.5,0.423076923076923,NA,5,"top5","eeg_tleft_sampent_full_change_precond;gsr_skin_conductance_eda_tonic_mean_nk_full_change_precond;eeg_tleft_halpha_mean_full_change_precond;eeg_c_theta_mean_full_change_precond;eeg_tleft_lalpha_mean_full_change_precond"
2025-11-26 19:44:33.129646,46,"stress_label",5,128,0.125,0.461538461538462,0.448717948717949,NA,5,"top5","eeg_tleft_sampent_full_change_precond;gsr_skin_conductance_eda_tonic_mean_nk_full_change_precond;eeg_tleft_halpha_mean_full_change_precond;eeg_c_theta_mean_full_change_precond;eeg_tleft_lalpha_mean_full_change_precond"
2025-11-26 19:44:34.690284,46,"stress_label",5,256,0.125,0.5,0.467948717948718,NA,5,"top5","eeg_tleft_sampent_full_change_precond;gsr_skin_conductance_eda_tonic_mean_nk_full_change_precond;eeg_tleft_halpha_mean_full_change_precond;eeg_c_theta_mean_full_change_precond;eeg_tleft_lalpha_mean_full_change_precond"
2025-11-26 19:44:35.395217,46,"stress_label",5,2,0.03,0.608974358974359,0.596153846153846,0.566666666666667,5,"top5","eeg_tleft_sampent_full_change_precond;gsr_skin_conductance_eda_tonic_mean_nk_full_change_precond;eeg_tleft_halpha_mean_full_change_precond;eeg_c_theta_mean_full_change_precond;eeg_tleft_lalpha_mean_full_change_precond"
2025-11-26 19:44:36.172227,46,"stress_label",5,4,0.03,0.58974358974359,0.608974358974359,0.562393162393162,5,"top5","eeg_tleft_sampent_full_change_precond;gsr_skin_conductance_eda_tonic_mean_nk_full_change_precond;eeg_tleft_halpha_mean_full_change_precond;eeg_c_theta_mean_full_change_precond;eeg_tleft_lalpha_mean_full_change_precond"
2025-11-26 19:44:36.971309,46,"stress_label",5,8,0.03,0.583333333333333,0.602564102564103,NA,5,"top5","eeg_tleft_sampent_full_change_precond;gsr_skin_conductance_eda_tonic_mean_nk_full_change_precond;eeg_tleft_halpha_mean_full_change_precond;eeg_c_theta_mean_full_change_precond;eeg_tleft_lalpha_mean_full_change_precond"
2025-11-26 19:44:37.752824,46,"stress_label",5,16,0.03,0.583333333333333,0.628205128205128,NA,5,"top5","eeg_tleft_sampent_full_change_precond;gsr_skin_conductance_eda_tonic_mean_nk_full_change_precond;eeg_tleft_halpha_mean_full_change_precond;eeg_c_theta_mean_full_change_precond;eeg_tleft_lalpha_mean_full_change_precond"
2025-11-26 19:44:38.564281,46,"stress_label",5,32,0.03,0.576923076923077,0.621794871794872,NA,5,"top5","eeg_tleft_sampent_full_change_precond;gsr_skin_conductance_eda_tonic_mean_nk_full_change_precond;eeg_tleft_halpha_mean_full_change_precond;eeg_c_theta_mean_full_change_precond;eeg_tleft_lalpha_mean_full_change_precond"
2025-11-26 19:44:39.377907,46,"stress_label",5,64,0.03,0.57051282051282,0.628205128205128,NA,5,"top5","eeg_tleft_sampent_full_change_precond;gsr_skin_conductance_eda_tonic_mean_nk_full_change_precond;eeg_tleft_halpha_mean_full_change_precond;eeg_c_theta_mean_full_change_precond;eeg_tleft_lalpha_mean_full_change_precond"
2025-11-26 19:44:40.326441,46,"stress_label",5,128,0.03,0.576923076923077,0.602564102564103,NA,5,"top5","eeg_tleft_sampent_full_change_precond;gsr_skin_conductance_eda_tonic_mean_nk_full_change_precond;eeg_tleft_halpha_mean_full_change_precond;eeg_c_theta_mean_full_change_precond;eeg_tleft_lalpha_mean_full_change_precond"
2025-11-26 19:44:41.440715,46,"stress_label",5,256,0.03,0.564102564102564,0.621794871794872,NA,5,"top5","eeg_tleft_sampent_full_change_precond;gsr_skin_conductance_eda_tonic_mean_nk_full_change_precond;eeg_tleft_halpha_mean_full_change_precond;eeg_c_theta_mean_full_change_precond;eeg_tleft_lalpha_mean_full_change_precond"
2025-11-26 19:44:42.209982,46,"stress_label",5,2,0.06,0.576923076923077,0.58974358974359,NA,5,"top5","eeg_tleft_sampent_full_change_precond;gsr_skin_conductance_eda_tonic_mean_nk_full_change_precond;eeg_tleft_halpha_mean_full_change_precond;eeg_c_theta_mean_full_change_precond;eeg_tleft_lalpha_mean_full_change_precond"
2025-11-26 19:44:43.008216,46,"stress_label",5,4,0.06,0.576923076923077,0.615384615384615,NA,5,"top5","eeg_tleft_sampent_full_change_precond;gsr_skin_conductance_eda_tonic_mean_nk_full_change_precond;eeg_tleft_halpha_mean_full_change_precond;eeg_c_theta_mean_full_change_precond;eeg_tleft_lalpha_mean_full_change_precond"
2025-11-26 19:44:43.775198,46,"stress_label",5,8,0.06,0.551282051282051,0.608974358974359,NA,5,"top5","eeg_tleft_sampent_full_change_precond;gsr_skin_conductance_eda_tonic_mean_nk_full_change_precond;eeg_tleft_halpha_mean_full_change_precond;eeg_c_theta_mean_full_change_precond;eeg_tleft_lalpha_mean_full_change_precond"
2025-11-26 19:44:44.616659,46,"stress_label",5,16,0.06,0.551282051282051,0.602564102564103,NA,5,"top5","eeg_tleft_sampent_full_change_precond;gsr_skin_conductance_eda_tonic_mean_nk_full_change_precond;eeg_tleft_halpha_mean_full_change_precond;eeg_c_theta_mean_full_change_precond;eeg_tleft_lalpha_mean_full_change_precond"
2025-11-26 19:44:45.48171,46,"stress_label",5,32,0.06,0.564102564102564,0.576923076923077,NA,5,"top5","eeg_tleft_sampent_full_change_precond;gsr_skin_conductance_eda_tonic_mean_nk_full_change_precond;eeg_tleft_halpha_mean_full_change_precond;eeg_c_theta_mean_full_change_precond;eeg_tleft_lalpha_mean_full_change_precond"
2025-11-26 19:44:46.425176,46,"stress_label",5,64,0.06,0.557692307692308,0.576923076923077,NA,5,"top5","eeg_tleft_sampent_full_change_precond;gsr_skin_conductance_eda_tonic_mean_nk_full_change_precond;eeg_tleft_halpha_mean_full_change_precond;eeg_c_theta_mean_full_change_precond;eeg_tleft_lalpha_mean_full_change_precond"
2025-11-26 19:44:47.46044,46,"stress_label",5,128,0.06,0.544871794871795,0.538461538461538,NA,5,"top5","eeg_tleft_sampent_full_change_precond;gsr_skin_conductance_eda_tonic_mean_nk_full_change_precond;eeg_tleft_halpha_mean_full_change_precond;eeg_c_theta_mean_full_change_precond;eeg_tleft_lalpha_mean_full_change_precond"
2025-11-26 19:44:48.70737,46,"stress_label",5,256,0.06,0.525641025641026,0.493589743589744,NA,5,"top5","eeg_tleft_sampent_full_change_precond;gsr_skin_conductance_eda_tonic_mean_nk_full_change_precond;eeg_tleft_halpha_mean_full_change_precond;eeg_c_theta_mean_full_change_precond;eeg_tleft_lalpha_mean_full_change_precond"
2025-11-26 19:44:49.49494,46,"stress_label",5,2,0.1,0.576923076923077,0.58974358974359,NA,5,"top5","eeg_tleft_sampent_full_change_precond;gsr_skin_conductance_eda_tonic_mean_nk_full_change_precond;eeg_tleft_halpha_mean_full_change_precond;eeg_c_theta_mean_full_change_precond;eeg_tleft_lalpha_mean_full_change_precond"
2025-11-26 19:44:50.214605,46,"stress_label",5,4,0.1,0.538461538461538,0.596153846153846,NA,5,"top5","eeg_tleft_sampent_full_change_precond;gsr_skin_conductance_eda_tonic_mean_nk_full_change_precond;eeg_tleft_halpha_mean_full_change_precond;eeg_c_theta_mean_full_change_precond;eeg_tleft_lalpha_mean_full_change_precond"
2025-11-26 19:44:51.03493,46,"stress_label",5,8,0.1,0.544871794871795,0.57051282051282,NA,5,"top5","eeg_tleft_sampent_full_change_precond;gsr_skin_conductance_eda_tonic_mean_nk_full_change_precond;eeg_tleft_halpha_mean_full_change_precond;eeg_c_theta_mean_full_change_precond;eeg_tleft_lalpha_mean_full_change_precond"
2025-11-26 19:44:51.934336,46,"stress_label",5,16,0.1,0.564102564102564,0.576923076923077,NA,5,"top5","eeg_tleft_sampent_full_change_precond;gsr_skin_conductance_eda_tonic_mean_nk_full_change_precond;eeg_tleft_halpha_mean_full_change_precond;eeg_c_theta_mean_full_change_precond;eeg_tleft_lalpha_mean_full_change_precond"
2025-11-26 19:44:52.74064,46,"stress_label",5,32,0.1,0.551282051282051,0.512820512820513,NA,5,"top5","eeg_tleft_sampent_full_change_precond;gsr_skin_conductance_eda_tonic_mean_nk_full_change_precond;eeg_tleft_halpha_mean_full_change_precond;eeg_c_theta_mean_full_change_precond;eeg_tleft_lalpha_mean_full_change_precond"
2025-11-26 19:44:53.736128,46,"stress_label",5,64,0.1,0.506410256410256,0.506410256410256,NA,5,"top5","eeg_tleft_sampent_full_change_precond;gsr_skin_conductance_eda_tonic_mean_nk_full_change_precond;eeg_tleft_halpha_mean_full_change_precond;eeg_c_theta_mean_full_change_precond;eeg_tleft_lalpha_mean_full_change_precond"
2025-11-26 19:44:54.83088,46,"stress_label",5,128,0.1,0.493589743589744,0.480769230769231,NA,5,"top5","eeg_tleft_sampent_full_change_precond;gsr_skin_conductance_eda_tonic_mean_nk_full_change_precond;eeg_tleft_halpha_mean_full_change_precond;eeg_c_theta_mean_full_change_precond;eeg_tleft_lalpha_mean_full_change_precond"
2025-11-26 19:44:56.018893,46,"stress_label",5,256,0.1,0.474358974358974,0.378205128205128,NA,5,"top5","eeg_tleft_sampent_full_change_precond;gsr_skin_conductance_eda_tonic_mean_nk_full_change_precond;eeg_tleft_halpha_mean_full_change_precond;eeg_c_theta_mean_full_change_precond;eeg_tleft_lalpha_mean_full_change_precond"
2025-11-26 19:44:57.093879,47,"stress_label",20,2,0.0078125,0.57051282051282,0.66025641025641,0.55042735042735,20,"top20","eeg_tleft_sampent_full_change_precond;eeg_tleft_halpha_mean_full_change_precond;eeg_pright_sampent_full_change_precond;eeg_tleft_lalpha_mean_full_change_precond;eeg_t_sampent_full_change_precond;pupil_dilation_sd_full_change_precond;gsr_skin_conductance_eda_tonic_mean_nk_full_change_precond;eeg_fl_hbeta_mean_full_change_precond;hrv_rmssd_full_change_precond;eeg_c_theta_mean_full_change_precond;eeg_fr_sampent_full_change_precond;eeg_tright_halpha_mean_full_change_precond;eeg_c_sampent_full_change_precond;eeg_pleft_halpha_mean_full_change_precond;eeg_pleft_lbeta_mean_full_change_precond;eeg_fm_theta_mean_full_change_precond;hr_heartrate_bpm_med_abs_full_change_precond;eeg_tleft_hbeta_mean_full_change_precond;eeg_pright_halpha_mean_full_change_precond;eeg_ab_ratio_full_change_precond"
2025-11-26 19:44:57.99192,47,"stress_label",20,4,0.0078125,0.583333333333333,0.66025641025641,0.571794871794872,20,"top20","eeg_tleft_sampent_full_change_precond;eeg_tleft_halpha_mean_full_change_precond;eeg_pright_sampent_full_change_precond;eeg_tleft_lalpha_mean_full_change_precond;eeg_t_sampent_full_change_precond;pupil_dilation_sd_full_change_precond;gsr_skin_conductance_eda_tonic_mean_nk_full_change_precond;eeg_fl_hbeta_mean_full_change_precond;hrv_rmssd_full_change_precond;eeg_c_theta_mean_full_change_precond;eeg_fr_sampent_full_change_precond;eeg_tright_halpha_mean_full_change_precond;eeg_c_sampent_full_change_precond;eeg_pleft_halpha_mean_full_change_precond;eeg_pleft_lbeta_mean_full_change_precond;eeg_fm_theta_mean_full_change_precond;hr_heartrate_bpm_med_abs_full_change_precond;eeg_tleft_hbeta_mean_full_change_precond;eeg_pright_halpha_mean_full_change_precond;eeg_ab_ratio_full_change_precond"
2025-11-26 19:44:59.016741,47,"stress_label",20,8,0.0078125,0.596153846153846,0.653846153846154,0.573504273504273,20,"top20","eeg_tleft_sampent_full_change_precond;eeg_tleft_halpha_mean_full_change_precond;eeg_pright_sampent_full_change_precond;eeg_tleft_lalpha_mean_full_change_precond;eeg_t_sampent_full_change_precond;pupil_dilation_sd_full_change_precond;gsr_skin_conductance_eda_tonic_mean_nk_full_change_precond;eeg_fl_hbeta_mean_full_change_precond;hrv_rmssd_full_change_precond;eeg_c_theta_mean_full_change_precond;eeg_fr_sampent_full_change_precond;eeg_tright_halpha_mean_full_change_precond;eeg_c_sampent_full_change_precond;eeg_pleft_halpha_mean_full_change_precond;eeg_pleft_lbeta_mean_full_change_precond;eeg_fm_theta_mean_full_change_precond;hr_heartrate_bpm_med_abs_full_change_precond;eeg_tleft_hbeta_mean_full_change_precond;eeg_pright_halpha_mean_full_change_precond;eeg_ab_ratio_full_change_precond"
2025-11-26 19:45:00.061418,47,"stress_label",20,16,0.0078125,0.596153846153846,0.634615384615385,0.571794871794872,20,"top20","eeg_tleft_sampent_full_change_precond;eeg_tleft_halpha_mean_full_change_precond;eeg_pright_sampent_full_change_precond;eeg_tleft_lalpha_mean_full_change_precond;eeg_t_sampent_full_change_precond;pupil_dilation_sd_full_change_precond;gsr_skin_conductance_eda_tonic_mean_nk_full_change_precond;eeg_fl_hbeta_mean_full_change_precond;hrv_rmssd_full_change_precond;eeg_c_theta_mean_full_change_precond;eeg_fr_sampent_full_change_precond;eeg_tright_halpha_mean_full_change_precond;eeg_c_sampent_full_change_precond;eeg_pleft_halpha_mean_full_change_precond;eeg_pleft_lbeta_mean_full_change_precond;eeg_fm_theta_mean_full_change_precond;hr_heartrate_bpm_med_abs_full_change_precond;eeg_tleft_hbeta_mean_full_change_precond;eeg_pright_halpha_mean_full_change_precond;eeg_ab_ratio_full_change_precond"
2025-11-26 19:45:01.170538,47,"stress_label",20,32,0.0078125,0.596153846153846,0.634615384615385,NA,20,"top20","eeg_tleft_sampent_full_change_precond;eeg_tleft_halpha_mean_full_change_precond;eeg_pright_sampent_full_change_precond;eeg_tleft_lalpha_mean_full_change_precond;eeg_t_sampent_full_change_precond;pupil_dilation_sd_full_change_precond;gsr_skin_conductance_eda_tonic_mean_nk_full_change_precond;eeg_fl_hbeta_mean_full_change_precond;hrv_rmssd_full_change_precond;eeg_c_theta_mean_full_change_precond;eeg_fr_sampent_full_change_precond;eeg_tright_halpha_mean_full_change_precond;eeg_c_sampent_full_change_precond;eeg_pleft_halpha_mean_full_change_precond;eeg_pleft_lbeta_mean_full_change_precond;eeg_fm_theta_mean_full_change_precond;hr_heartrate_bpm_med_abs_full_change_precond;eeg_tleft_hbeta_mean_full_change_precond;eeg_pright_halpha_mean_full_change_precond;eeg_ab_ratio_full_change_precond"
2025-11-26 19:45:02.325868,47,"stress_label",20,64,0.0078125,0.57051282051282,0.628205128205128,NA,20,"top20","eeg_tleft_sampent_full_change_precond;eeg_tleft_halpha_mean_full_change_precond;eeg_pright_sampent_full_change_precond;eeg_tleft_lalpha_mean_full_change_precond;eeg_t_sampent_full_change_precond;pupil_dilation_sd_full_change_precond;gsr_skin_conductance_eda_tonic_mean_nk_full_change_precond;eeg_fl_hbeta_mean_full_change_precond;hrv_rmssd_full_change_precond;eeg_c_theta_mean_full_change_precond;eeg_fr_sampent_full_change_precond;eeg_tright_halpha_mean_full_change_precond;eeg_c_sampent_full_change_precond;eeg_pleft_halpha_mean_full_change_precond;eeg_pleft_lbeta_mean_full_change_precond;eeg_fm_theta_mean_full_change_precond;hr_heartrate_bpm_med_abs_full_change_precond;eeg_tleft_hbeta_mean_full_change_precond;eeg_pright_halpha_mean_full_change_precond;eeg_ab_ratio_full_change_precond"
2025-11-26 19:45:03.639915,47,"stress_label",20,128,0.0078125,0.564102564102564,0.602564102564103,NA,20,"top20","eeg_tleft_sampent_full_change_precond;eeg_tleft_halpha_mean_full_change_precond;eeg_pright_sampent_full_change_precond;eeg_tleft_lalpha_mean_full_change_precond;eeg_t_sampent_full_change_precond;pupil_dilation_sd_full_change_precond;gsr_skin_conductance_eda_tonic_mean_nk_full_change_precond;eeg_fl_hbeta_mean_full_change_precond;hrv_rmssd_full_change_precond;eeg_c_theta_mean_full_change_precond;eeg_fr_sampent_full_change_precond;eeg_tright_halpha_mean_full_change_precond;eeg_c_sampent_full_change_precond;eeg_pleft_halpha_mean_full_change_precond;eeg_pleft_lbeta_mean_full_change_precond;eeg_fm_theta_mean_full_change_precond;hr_heartrate_bpm_med_abs_full_change_precond;eeg_tleft_hbeta_mean_full_change_precond;eeg_pright_halpha_mean_full_change_precond;eeg_ab_ratio_full_change_precond"
2025-11-26 19:45:05.104211,47,"stress_label",20,256,0.0078125,0.57051282051282,0.57051282051282,NA,20,"top20","eeg_tleft_sampent_full_change_precond;eeg_tleft_halpha_mean_full_change_precond;eeg_pright_sampent_full_change_precond;eeg_tleft_lalpha_mean_full_change_precond;eeg_t_sampent_full_change_precond;pupil_dilation_sd_full_change_precond;gsr_skin_conductance_eda_tonic_mean_nk_full_change_precond;eeg_fl_hbeta_mean_full_change_precond;hrv_rmssd_full_change_precond;eeg_c_theta_mean_full_change_precond;eeg_fr_sampent_full_change_precond;eeg_tright_halpha_mean_full_change_precond;eeg_c_sampent_full_change_precond;eeg_pleft_halpha_mean_full_change_precond;eeg_pleft_lbeta_mean_full_change_precond;eeg_fm_theta_mean_full_change_precond;hr_heartrate_bpm_med_abs_full_change_precond;eeg_tleft_hbeta_mean_full_change_precond;eeg_pright_halpha_mean_full_change_precond;eeg_ab_ratio_full_change_precond"
2025-11-26 19:45:06.051041,47,"stress_label",20,2,0.015625,0.57051282051282,0.653846153846154,0.551282051282051,20,"top20","eeg_tleft_sampent_full_change_precond;eeg_tleft_halpha_mean_full_change_precond;eeg_pright_sampent_full_change_precond;eeg_tleft_lalpha_mean_full_change_precond;eeg_t_sampent_full_change_precond;pupil_dilation_sd_full_change_precond;gsr_skin_conductance_eda_tonic_mean_nk_full_change_precond;eeg_fl_hbeta_mean_full_change_precond;hrv_rmssd_full_change_precond;eeg_c_theta_mean_full_change_precond;eeg_fr_sampent_full_change_precond;eeg_tright_halpha_mean_full_change_precond;eeg_c_sampent_full_change_precond;eeg_pleft_halpha_mean_full_change_precond;eeg_pleft_lbeta_mean_full_change_precond;eeg_fm_theta_mean_full_change_precond;hr_heartrate_bpm_med_abs_full_change_precond;eeg_tleft_hbeta_mean_full_change_precond;eeg_pright_halpha_mean_full_change_precond;eeg_ab_ratio_full_change_precond"
2025-11-26 19:45:07.069041,47,"stress_label",20,4,0.015625,0.615384615384615,0.66025641025641,0.588888888888889,20,"top20","eeg_tleft_sampent_full_change_precond;eeg_tleft_halpha_mean_full_change_precond;eeg_pright_sampent_full_change_precond;eeg_tleft_lalpha_mean_full_change_precond;eeg_t_sampent_full_change_precond;pupil_dilation_sd_full_change_precond;gsr_skin_conductance_eda_tonic_mean_nk_full_change_precond;eeg_fl_hbeta_mean_full_change_precond;hrv_rmssd_full_change_precond;eeg_c_theta_mean_full_change_precond;eeg_fr_sampent_full_change_precond;eeg_tright_halpha_mean_full_change_precond;eeg_c_sampent_full_change_precond;eeg_pleft_halpha_mean_full_change_precond;eeg_pleft_lbeta_mean_full_change_precond;eeg_fm_theta_mean_full_change_precond;hr_heartrate_bpm_med_abs_full_change_precond;eeg_tleft_hbeta_mean_full_change_precond;eeg_pright_halpha_mean_full_change_precond;eeg_ab_ratio_full_change_precond"
2025-11-26 19:45:08.125481,47,"stress_label",20,8,0.015625,0.602564102564103,0.615384615384615,NA,20,"top20","eeg_tleft_sampent_full_change_precond;eeg_tleft_halpha_mean_full_change_precond;eeg_pright_sampent_full_change_precond;eeg_tleft_lalpha_mean_full_change_precond;eeg_t_sampent_full_change_precond;pupil_dilation_sd_full_change_precond;gsr_skin_conductance_eda_tonic_mean_nk_full_change_precond;eeg_fl_hbeta_mean_full_change_precond;hrv_rmssd_full_change_precond;eeg_c_theta_mean_full_change_precond;eeg_fr_sampent_full_change_precond;eeg_tright_halpha_mean_full_change_precond;eeg_c_sampent_full_change_precond;eeg_pleft_halpha_mean_full_change_precond;eeg_pleft_lbeta_mean_full_change_precond;eeg_fm_theta_mean_full_change_precond;hr_heartrate_bpm_med_abs_full_change_precond;eeg_tleft_hbeta_mean_full_change_precond;eeg_pright_halpha_mean_full_change_precond;eeg_ab_ratio_full_change_precond"
2025-11-26 19:45:09.238808,47,"stress_label",20,16,0.015625,0.576923076923077,0.615384615384615,NA,20,"top20","eeg_tleft_sampent_full_change_precond;eeg_tleft_halpha_mean_full_change_precond;eeg_pright_sampent_full_change_precond;eeg_tleft_lalpha_mean_full_change_precond;eeg_t_sampent_full_change_precond;pupil_dilation_sd_full_change_precond;gsr_skin_conductance_eda_tonic_mean_nk_full_change_precond;eeg_fl_hbeta_mean_full_change_precond;hrv_rmssd_full_change_precond;eeg_c_theta_mean_full_change_precond;eeg_fr_sampent_full_change_precond;eeg_tright_halpha_mean_full_change_precond;eeg_c_sampent_full_change_precond;eeg_pleft_halpha_mean_full_change_precond;eeg_pleft_lbeta_mean_full_change_precond;eeg_fm_theta_mean_full_change_precond;hr_heartrate_bpm_med_abs_full_change_precond;eeg_tleft_hbeta_mean_full_change_precond;eeg_pright_halpha_mean_full_change_precond;eeg_ab_ratio_full_change_precond"
2025-11-26 19:45:10.392187,47,"stress_label",20,32,0.015625,0.564102564102564,0.596153846153846,NA,20,"top20","eeg_tleft_sampent_full_change_precond;eeg_tleft_halpha_mean_full_change_precond;eeg_pright_sampent_full_change_precond;eeg_tleft_lalpha_mean_full_change_precond;eeg_t_sampent_full_change_precond;pupil_dilation_sd_full_change_precond;gsr_skin_conductance_eda_tonic_mean_nk_full_change_precond;eeg_fl_hbeta_mean_full_change_precond;hrv_rmssd_full_change_precond;eeg_c_theta_mean_full_change_precond;eeg_fr_sampent_full_change_precond;eeg_tright_halpha_mean_full_change_precond;eeg_c_sampent_full_change_precond;eeg_pleft_halpha_mean_full_change_precond;eeg_pleft_lbeta_mean_full_change_precond;eeg_fm_theta_mean_full_change_precond;hr_heartrate_bpm_med_abs_full_change_precond;eeg_tleft_hbeta_mean_full_change_precond;eeg_pright_halpha_mean_full_change_precond;eeg_ab_ratio_full_change_precond"
2025-11-26 19:45:11.503137,47,"stress_label",20,64,0.015625,0.544871794871795,0.58974358974359,NA,20,"top20","eeg_tleft_sampent_full_change_precond;eeg_tleft_halpha_mean_full_change_precond;eeg_pright_sampent_full_change_precond;eeg_tleft_lalpha_mean_full_change_precond;eeg_t_sampent_full_change_precond;pupil_dilation_sd_full_change_precond;gsr_skin_conductance_eda_tonic_mean_nk_full_change_precond;eeg_fl_hbeta_mean_full_change_precond;hrv_rmssd_full_change_precond;eeg_c_theta_mean_full_change_precond;eeg_fr_sampent_full_change_precond;eeg_tright_halpha_mean_full_change_precond;eeg_c_sampent_full_change_precond;eeg_pleft_halpha_mean_full_change_precond;eeg_pleft_lbeta_mean_full_change_precond;eeg_fm_theta_mean_full_change_precond;hr_heartrate_bpm_med_abs_full_change_precond;eeg_tleft_hbeta_mean_full_change_precond;eeg_pright_halpha_mean_full_change_precond;eeg_ab_ratio_full_change_precond"
2025-11-26 19:45:12.845091,47,"stress_label",20,128,0.015625,0.557692307692308,0.576923076923077,NA,20,"top20","eeg_tleft_sampent_full_change_precond;eeg_tleft_halpha_mean_full_change_precond;eeg_pright_sampent_full_change_precond;eeg_tleft_lalpha_mean_full_change_precond;eeg_t_sampent_full_change_precond;pupil_dilation_sd_full_change_precond;gsr_skin_conductance_eda_tonic_mean_nk_full_change_precond;eeg_fl_hbeta_mean_full_change_precond;hrv_rmssd_full_change_precond;eeg_c_theta_mean_full_change_precond;eeg_fr_sampent_full_change_precond;eeg_tright_halpha_mean_full_change_precond;eeg_c_sampent_full_change_precond;eeg_pleft_halpha_mean_full_change_precond;eeg_pleft_lbeta_mean_full_change_precond;eeg_fm_theta_mean_full_change_precond;hr_heartrate_bpm_med_abs_full_change_precond;eeg_tleft_hbeta_mean_full_change_precond;eeg_pright_halpha_mean_full_change_precond;eeg_ab_ratio_full_change_precond"
2025-11-26 19:45:14.25426,47,"stress_label",20,256,0.015625,0.551282051282051,0.544871794871795,NA,20,"top20","eeg_tleft_sampent_full_change_precond;eeg_tleft_halpha_mean_full_change_precond;eeg_pright_sampent_full_change_precond;eeg_tleft_lalpha_mean_full_change_precond;eeg_t_sampent_full_change_precond;pupil_dilation_sd_full_change_precond;gsr_skin_conductance_eda_tonic_mean_nk_full_change_precond;eeg_fl_hbeta_mean_full_change_precond;hrv_rmssd_full_change_precond;eeg_c_theta_mean_full_change_precond;eeg_fr_sampent_full_change_precond;eeg_tright_halpha_mean_full_change_precond;eeg_c_sampent_full_change_precond;eeg_pleft_halpha_mean_full_change_precond;eeg_pleft_lbeta_mean_full_change_precond;eeg_fm_theta_mean_full_change_precond;hr_heartrate_bpm_med_abs_full_change_precond;eeg_tleft_hbeta_mean_full_change_precond;eeg_pright_halpha_mean_full_change_precond;eeg_ab_ratio_full_change_precond"
2025-11-26 19:45:15.267358,47,"stress_label",20,2,0.03125,0.596153846153846,0.628205128205128,0.576068376068376,20,"top20","eeg_tleft_sampent_full_change_precond;eeg_tleft_halpha_mean_full_change_precond;eeg_pright_sampent_full_change_precond;eeg_tleft_lalpha_mean_full_change_precond;eeg_t_sampent_full_change_precond;pupil_dilation_sd_full_change_precond;gsr_skin_conductance_eda_tonic_mean_nk_full_change_precond;eeg_fl_hbeta_mean_full_change_precond;hrv_rmssd_full_change_precond;eeg_c_theta_mean_full_change_precond;eeg_fr_sampent_full_change_precond;eeg_tright_halpha_mean_full_change_precond;eeg_c_sampent_full_change_precond;eeg_pleft_halpha_mean_full_change_precond;eeg_pleft_lbeta_mean_full_change_precond;eeg_fm_theta_mean_full_change_precond;hr_heartrate_bpm_med_abs_full_change_precond;eeg_tleft_hbeta_mean_full_change_precond;eeg_pright_halpha_mean_full_change_precond;eeg_ab_ratio_full_change_precond"
2025-11-26 19:45:16.351159,47,"stress_label",20,4,0.03125,0.615384615384615,0.615384615384615,0.594871794871795,20,"top20","eeg_tleft_sampent_full_change_precond;eeg_tleft_halpha_mean_full_change_precond;eeg_pright_sampent_full_change_precond;eeg_tleft_lalpha_mean_full_change_precond;eeg_t_sampent_full_change_precond;pupil_dilation_sd_full_change_precond;gsr_skin_conductance_eda_tonic_mean_nk_full_change_precond;eeg_fl_hbeta_mean_full_change_precond;hrv_rmssd_full_change_precond;eeg_c_theta_mean_full_change_precond;eeg_fr_sampent_full_change_precond;eeg_tright_halpha_mean_full_change_precond;eeg_c_sampent_full_change_precond;eeg_pleft_halpha_mean_full_change_precond;eeg_pleft_lbeta_mean_full_change_precond;eeg_fm_theta_mean_full_change_precond;hr_heartrate_bpm_med_abs_full_change_precond;eeg_tleft_hbeta_mean_full_change_precond;eeg_pright_halpha_mean_full_change_precond;eeg_ab_ratio_full_change_precond"
2025-11-26 19:45:17.482065,47,"stress_label",20,8,0.03125,0.557692307692308,0.602564102564103,NA,20,"top20","eeg_tleft_sampent_full_change_precond;eeg_tleft_halpha_mean_full_change_precond;eeg_pright_sampent_full_change_precond;eeg_tleft_lalpha_mean_full_change_precond;eeg_t_sampent_full_change_precond;pupil_dilation_sd_full_change_precond;gsr_skin_conductance_eda_tonic_mean_nk_full_change_precond;eeg_fl_hbeta_mean_full_change_precond;hrv_rmssd_full_change_precond;eeg_c_theta_mean_full_change_precond;eeg_fr_sampent_full_change_precond;eeg_tright_halpha_mean_full_change_precond;eeg_c_sampent_full_change_precond;eeg_pleft_halpha_mean_full_change_precond;eeg_pleft_lbeta_mean_full_change_precond;eeg_fm_theta_mean_full_change_precond;hr_heartrate_bpm_med_abs_full_change_precond;eeg_tleft_hbeta_mean_full_change_precond;eeg_pright_halpha_mean_full_change_precond;eeg_ab_ratio_full_change_precond"
2025-11-26 19:45:18.669453,47,"stress_label",20,16,0.03125,0.557692307692308,0.596153846153846,NA,20,"top20","eeg_tleft_sampent_full_change_precond;eeg_tleft_halpha_mean_full_change_precond;eeg_pright_sampent_full_change_precond;eeg_tleft_lalpha_mean_full_change_precond;eeg_t_sampent_full_change_precond;pupil_dilation_sd_full_change_precond;gsr_skin_conductance_eda_tonic_mean_nk_full_change_precond;eeg_fl_hbeta_mean_full_change_precond;hrv_rmssd_full_change_precond;eeg_c_theta_mean_full_change_precond;eeg_fr_sampent_full_change_precond;eeg_tright_halpha_mean_full_change_precond;eeg_c_sampent_full_change_precond;eeg_pleft_halpha_mean_full_change_precond;eeg_pleft_lbeta_mean_full_change_precond;eeg_fm_theta_mean_full_change_precond;hr_heartrate_bpm_med_abs_full_change_precond;eeg_tleft_hbeta_mean_full_change_precond;eeg_pright_halpha_mean_full_change_precond;eeg_ab_ratio_full_change_precond"
2025-11-26 19:45:19.873734,47,"stress_label",20,32,0.03125,0.538461538461538,0.58974358974359,NA,20,"top20","eeg_tleft_sampent_full_change_precond;eeg_tleft_halpha_mean_full_change_precond;eeg_pright_sampent_full_change_precond;eeg_tleft_lalpha_mean_full_change_precond;eeg_t_sampent_full_change_precond;pupil_dilation_sd_full_change_precond;gsr_skin_conductance_eda_tonic_mean_nk_full_change_precond;eeg_fl_hbeta_mean_full_change_precond;hrv_rmssd_full_change_precond;eeg_c_theta_mean_full_change_precond;eeg_fr_sampent_full_change_precond;eeg_tright_halpha_mean_full_change_precond;eeg_c_sampent_full_change_precond;eeg_pleft_halpha_mean_full_change_precond;eeg_pleft_lbeta_mean_full_change_precond;eeg_fm_theta_mean_full_change_precond;hr_heartrate_bpm_med_abs_full_change_precond;eeg_tleft_hbeta_mean_full_change_precond;eeg_pright_halpha_mean_full_change_precond;eeg_ab_ratio_full_change_precond"
2025-11-26 19:45:21.073733,47,"stress_label",20,64,0.03125,0.564102564102564,0.576923076923077,NA,20,"top20","eeg_tleft_sampent_full_change_precond;eeg_tleft_halpha_mean_full_change_precond;eeg_pright_sampent_full_change_precond;eeg_tleft_lalpha_mean_full_change_precond;eeg_t_sampent_full_change_precond;pupil_dilation_sd_full_change_precond;gsr_skin_conductance_eda_tonic_mean_nk_full_change_precond;eeg_fl_hbeta_mean_full_change_precond;hrv_rmssd_full_change_precond;eeg_c_theta_mean_full_change_precond;eeg_fr_sampent_full_change_precond;eeg_tright_halpha_mean_full_change_precond;eeg_c_sampent_full_change_precond;eeg_pleft_halpha_mean_full_change_precond;eeg_pleft_lbeta_mean_full_change_precond;eeg_fm_theta_mean_full_change_precond;hr_heartrate_bpm_med_abs_full_change_precond;eeg_tleft_hbeta_mean_full_change_precond;eeg_pright_halpha_mean_full_change_precond;eeg_ab_ratio_full_change_precond"
2025-11-26 19:45:22.242071,47,"stress_label",20,128,0.03125,0.564102564102564,0.57051282051282,NA,20,"top20","eeg_tleft_sampent_full_change_precond;eeg_tleft_halpha_mean_full_change_precond;eeg_pright_sampent_full_change_precond;eeg_tleft_lalpha_mean_full_change_precond;eeg_t_sampent_full_change_precond;pupil_dilation_sd_full_change_precond;gsr_skin_conductance_eda_tonic_mean_nk_full_change_precond;eeg_fl_hbeta_mean_full_change_precond;hrv_rmssd_full_change_precond;eeg_c_theta_mean_full_change_precond;eeg_fr_sampent_full_change_precond;eeg_tright_halpha_mean_full_change_precond;eeg_c_sampent_full_change_precond;eeg_pleft_halpha_mean_full_change_precond;eeg_pleft_lbeta_mean_full_change_precond;eeg_fm_theta_mean_full_change_precond;hr_heartrate_bpm_med_abs_full_change_precond;eeg_tleft_hbeta_mean_full_change_precond;eeg_pright_halpha_mean_full_change_precond;eeg_ab_ratio_full_change_precond"
2025-11-26 19:45:23.44506,47,"stress_label",20,256,0.03125,0.564102564102564,0.583333333333333,NA,20,"top20","eeg_tleft_sampent_full_change_precond;eeg_tleft_halpha_mean_full_change_precond;eeg_pright_sampent_full_change_precond;eeg_tleft_lalpha_mean_full_change_precond;eeg_t_sampent_full_change_precond;pupil_dilation_sd_full_change_precond;gsr_skin_conductance_eda_tonic_mean_nk_full_change_precond;eeg_fl_hbeta_mean_full_change_precond;hrv_rmssd_full_change_precond;eeg_c_theta_mean_full_change_precond;eeg_fr_sampent_full_change_precond;eeg_tright_halpha_mean_full_change_precond;eeg_c_sampent_full_change_precond;eeg_pleft_halpha_mean_full_change_precond;eeg_pleft_lbeta_mean_full_change_precond;eeg_fm_theta_mean_full_change_precond;hr_heartrate_bpm_med_abs_full_change_precond;eeg_tleft_hbeta_mean_full_change_precond;eeg_pright_halpha_mean_full_change_precond;eeg_ab_ratio_full_change_precond"
2025-11-26 19:45:24.45488,47,"stress_label",20,2,0.0625,0.596153846153846,0.628205128205128,NA,20,"top20","eeg_tleft_sampent_full_change_precond;eeg_tleft_halpha_mean_full_change_precond;eeg_pright_sampent_full_change_precond;eeg_tleft_lalpha_mean_full_change_precond;eeg_t_sampent_full_change_precond;pupil_dilation_sd_full_change_precond;gsr_skin_conductance_eda_tonic_mean_nk_full_change_precond;eeg_fl_hbeta_mean_full_change_precond;hrv_rmssd_full_change_precond;eeg_c_theta_mean_full_change_precond;eeg_fr_sampent_full_change_precond;eeg_tright_halpha_mean_full_change_precond;eeg_c_sampent_full_change_precond;eeg_pleft_halpha_mean_full_change_precond;eeg_pleft_lbeta_mean_full_change_precond;eeg_fm_theta_mean_full_change_precond;hr_heartrate_bpm_med_abs_full_change_precond;eeg_tleft_hbeta_mean_full_change_precond;eeg_pright_halpha_mean_full_change_precond;eeg_ab_ratio_full_change_precond"
2025-11-26 19:45:25.586977,47,"stress_label",20,4,0.0625,0.583333333333333,0.608974358974359,NA,20,"top20","eeg_tleft_sampent_full_change_precond;eeg_tleft_halpha_mean_full_change_precond;eeg_pright_sampent_full_change_precond;eeg_tleft_lalpha_mean_full_change_precond;eeg_t_sampent_full_change_precond;pupil_dilation_sd_full_change_precond;gsr_skin_conductance_eda_tonic_mean_nk_full_change_precond;eeg_fl_hbeta_mean_full_change_precond;hrv_rmssd_full_change_precond;eeg_c_theta_mean_full_change_precond;eeg_fr_sampent_full_change_precond;eeg_tright_halpha_mean_full_change_precond;eeg_c_sampent_full_change_precond;eeg_pleft_halpha_mean_full_change_precond;eeg_pleft_lbeta_mean_full_change_precond;eeg_fm_theta_mean_full_change_precond;hr_heartrate_bpm_med_abs_full_change_precond;eeg_tleft_hbeta_mean_full_change_precond;eeg_pright_halpha_mean_full_change_precond;eeg_ab_ratio_full_change_precond"
2025-11-26 19:45:26.764383,47,"stress_label",20,8,0.0625,0.58974358974359,0.615384615384615,NA,20,"top20","eeg_tleft_sampent_full_change_precond;eeg_tleft_halpha_mean_full_change_precond;eeg_pright_sampent_full_change_precond;eeg_tleft_lalpha_mean_full_change_precond;eeg_t_sampent_full_change_precond;pupil_dilation_sd_full_change_precond;gsr_skin_conductance_eda_tonic_mean_nk_full_change_precond;eeg_fl_hbeta_mean_full_change_precond;hrv_rmssd_full_change_precond;eeg_c_theta_mean_full_change_precond;eeg_fr_sampent_full_change_precond;eeg_tright_halpha_mean_full_change_precond;eeg_c_sampent_full_change_precond;eeg_pleft_halpha_mean_full_change_precond;eeg_pleft_lbeta_mean_full_change_precond;eeg_fm_theta_mean_full_change_precond;hr_heartrate_bpm_med_abs_full_change_precond;eeg_tleft_hbeta_mean_full_change_precond;eeg_pright_halpha_mean_full_change_precond;eeg_ab_ratio_full_change_precond"
2025-11-26 19:45:27.920634,47,"stress_label",20,16,0.0625,0.564102564102564,0.58974358974359,NA,20,"top20","eeg_tleft_sampent_full_change_precond;eeg_tleft_halpha_mean_full_change_precond;eeg_pright_sampent_full_change_precond;eeg_tleft_lalpha_mean_full_change_precond;eeg_t_sampent_full_change_precond;pupil_dilation_sd_full_change_precond;gsr_skin_conductance_eda_tonic_mean_nk_full_change_precond;eeg_fl_hbeta_mean_full_change_precond;hrv_rmssd_full_change_precond;eeg_c_theta_mean_full_change_precond;eeg_fr_sampent_full_change_precond;eeg_tright_halpha_mean_full_change_precond;eeg_c_sampent_full_change_precond;eeg_pleft_halpha_mean_full_change_precond;eeg_pleft_lbeta_mean_full_change_precond;eeg_fm_theta_mean_full_change_precond;hr_heartrate_bpm_med_abs_full_change_precond;eeg_tleft_hbeta_mean_full_change_precond;eeg_pright_halpha_mean_full_change_precond;eeg_ab_ratio_full_change_precond"
2025-11-26 19:45:29.08074,47,"stress_label",20,32,0.0625,0.564102564102564,0.58974358974359,NA,20,"top20","eeg_tleft_sampent_full_change_precond;eeg_tleft_halpha_mean_full_change_precond;eeg_pright_sampent_full_change_precond;eeg_tleft_lalpha_mean_full_change_precond;eeg_t_sampent_full_change_precond;pupil_dilation_sd_full_change_precond;gsr_skin_conductance_eda_tonic_mean_nk_full_change_precond;eeg_fl_hbeta_mean_full_change_precond;hrv_rmssd_full_change_precond;eeg_c_theta_mean_full_change_precond;eeg_fr_sampent_full_change_precond;eeg_tright_halpha_mean_full_change_precond;eeg_c_sampent_full_change_precond;eeg_pleft_halpha_mean_full_change_precond;eeg_pleft_lbeta_mean_full_change_precond;eeg_fm_theta_mean_full_change_precond;hr_heartrate_bpm_med_abs_full_change_precond;eeg_tleft_hbeta_mean_full_change_precond;eeg_pright_halpha_mean_full_change_precond;eeg_ab_ratio_full_change_precond"
2025-11-26 19:45:30.194849,47,"stress_label",20,64,0.0625,0.564102564102564,0.58974358974359,NA,20,"top20","eeg_tleft_sampent_full_change_precond;eeg_tleft_halpha_mean_full_change_precond;eeg_pright_sampent_full_change_precond;eeg_tleft_lalpha_mean_full_change_precond;eeg_t_sampent_full_change_precond;pupil_dilation_sd_full_change_precond;gsr_skin_conductance_eda_tonic_mean_nk_full_change_precond;eeg_fl_hbeta_mean_full_change_precond;hrv_rmssd_full_change_precond;eeg_c_theta_mean_full_change_precond;eeg_fr_sampent_full_change_precond;eeg_tright_halpha_mean_full_change_precond;eeg_c_sampent_full_change_precond;eeg_pleft_halpha_mean_full_change_precond;eeg_pleft_lbeta_mean_full_change_precond;eeg_fm_theta_mean_full_change_precond;hr_heartrate_bpm_med_abs_full_change_precond;eeg_tleft_hbeta_mean_full_change_precond;eeg_pright_halpha_mean_full_change_precond;eeg_ab_ratio_full_change_precond"
2025-11-26 19:45:31.381258,47,"stress_label",20,128,0.0625,0.564102564102564,0.58974358974359,NA,20,"top20","eeg_tleft_sampent_full_change_precond;eeg_tleft_halpha_mean_full_change_precond;eeg_pright_sampent_full_change_precond;eeg_tleft_lalpha_mean_full_change_precond;eeg_t_sampent_full_change_precond;pupil_dilation_sd_full_change_precond;gsr_skin_conductance_eda_tonic_mean_nk_full_change_precond;eeg_fl_hbeta_mean_full_change_precond;hrv_rmssd_full_change_precond;eeg_c_theta_mean_full_change_precond;eeg_fr_sampent_full_change_precond;eeg_tright_halpha_mean_full_change_precond;eeg_c_sampent_full_change_precond;eeg_pleft_halpha_mean_full_change_precond;eeg_pleft_lbeta_mean_full_change_precond;eeg_fm_theta_mean_full_change_precond;hr_heartrate_bpm_med_abs_full_change_precond;eeg_tleft_hbeta_mean_full_change_precond;eeg_pright_halpha_mean_full_change_precond;eeg_ab_ratio_full_change_precond"
2025-11-26 19:45:32.550968,47,"stress_label",20,256,0.0625,0.564102564102564,0.602564102564103,NA,20,"top20","eeg_tleft_sampent_full_change_precond;eeg_tleft_halpha_mean_full_change_precond;eeg_pright_sampent_full_change_precond;eeg_tleft_lalpha_mean_full_change_precond;eeg_t_sampent_full_change_precond;pupil_dilation_sd_full_change_precond;gsr_skin_conductance_eda_tonic_mean_nk_full_change_precond;eeg_fl_hbeta_mean_full_change_precond;hrv_rmssd_full_change_precond;eeg_c_theta_mean_full_change_precond;eeg_fr_sampent_full_change_precond;eeg_tright_halpha_mean_full_change_precond;eeg_c_sampent_full_change_precond;eeg_pleft_halpha_mean_full_change_precond;eeg_pleft_lbeta_mean_full_change_precond;eeg_fm_theta_mean_full_change_precond;hr_heartrate_bpm_med_abs_full_change_precond;eeg_tleft_hbeta_mean_full_change_precond;eeg_pright_halpha_mean_full_change_precond;eeg_ab_ratio_full_change_precond"
2025-11-26 19:45:33.67589,47,"stress_label",20,2,0.125,0.608974358974359,0.615384615384615,NA,20,"top20","eeg_tleft_sampent_full_change_precond;eeg_tleft_halpha_mean_full_change_precond;eeg_pright_sampent_full_change_precond;eeg_tleft_lalpha_mean_full_change_precond;eeg_t_sampent_full_change_precond;pupil_dilation_sd_full_change_precond;gsr_skin_conductance_eda_tonic_mean_nk_full_change_precond;eeg_fl_hbeta_mean_full_change_precond;hrv_rmssd_full_change_precond;eeg_c_theta_mean_full_change_precond;eeg_fr_sampent_full_change_precond;eeg_tright_halpha_mean_full_change_precond;eeg_c_sampent_full_change_precond;eeg_pleft_halpha_mean_full_change_precond;eeg_pleft_lbeta_mean_full_change_precond;eeg_fm_theta_mean_full_change_precond;hr_heartrate_bpm_med_abs_full_change_precond;eeg_tleft_hbeta_mean_full_change_precond;eeg_pright_halpha_mean_full_change_precond;eeg_ab_ratio_full_change_precond"
2025-11-26 19:45:34.850191,47,"stress_label",20,4,0.125,0.596153846153846,0.602564102564103,NA,20,"top20","eeg_tleft_sampent_full_change_precond;eeg_tleft_halpha_mean_full_change_precond;eeg_pright_sampent_full_change_precond;eeg_tleft_lalpha_mean_full_change_precond;eeg_t_sampent_full_change_precond;pupil_dilation_sd_full_change_precond;gsr_skin_conductance_eda_tonic_mean_nk_full_change_precond;eeg_fl_hbeta_mean_full_change_precond;hrv_rmssd_full_change_precond;eeg_c_theta_mean_full_change_precond;eeg_fr_sampent_full_change_precond;eeg_tright_halpha_mean_full_change_precond;eeg_c_sampent_full_change_precond;eeg_pleft_halpha_mean_full_change_precond;eeg_pleft_lbeta_mean_full_change_precond;eeg_fm_theta_mean_full_change_precond;hr_heartrate_bpm_med_abs_full_change_precond;eeg_tleft_hbeta_mean_full_change_precond;eeg_pright_halpha_mean_full_change_precond;eeg_ab_ratio_full_change_precond"
2025-11-26 19:45:35.996614,47,"stress_label",20,8,0.125,0.576923076923077,0.615384615384615,NA,20,"top20","eeg_tleft_sampent_full_change_precond;eeg_tleft_halpha_mean_full_change_precond;eeg_pright_sampent_full_change_precond;eeg_tleft_lalpha_mean_full_change_precond;eeg_t_sampent_full_change_precond;pupil_dilation_sd_full_change_precond;gsr_skin_conductance_eda_tonic_mean_nk_full_change_precond;eeg_fl_hbeta_mean_full_change_precond;hrv_rmssd_full_change_precond;eeg_c_theta_mean_full_change_precond;eeg_fr_sampent_full_change_precond;eeg_tright_halpha_mean_full_change_precond;eeg_c_sampent_full_change_precond;eeg_pleft_halpha_mean_full_change_precond;eeg_pleft_lbeta_mean_full_change_precond;eeg_fm_theta_mean_full_change_precond;hr_heartrate_bpm_med_abs_full_change_precond;eeg_tleft_hbeta_mean_full_change_precond;eeg_pright_halpha_mean_full_change_precond;eeg_ab_ratio_full_change_precond"
2025-11-26 19:45:37.138726,47,"stress_label",20,16,0.125,0.576923076923077,0.58974358974359,NA,20,"top20","eeg_tleft_sampent_full_change_precond;eeg_tleft_halpha_mean_full_change_precond;eeg_pright_sampent_full_change_precond;eeg_tleft_lalpha_mean_full_change_precond;eeg_t_sampent_full_change_precond;pupil_dilation_sd_full_change_precond;gsr_skin_conductance_eda_tonic_mean_nk_full_change_precond;eeg_fl_hbeta_mean_full_change_precond;hrv_rmssd_full_change_precond;eeg_c_theta_mean_full_change_precond;eeg_fr_sampent_full_change_precond;eeg_tright_halpha_mean_full_change_precond;eeg_c_sampent_full_change_precond;eeg_pleft_halpha_mean_full_change_precond;eeg_pleft_lbeta_mean_full_change_precond;eeg_fm_theta_mean_full_change_precond;hr_heartrate_bpm_med_abs_full_change_precond;eeg_tleft_hbeta_mean_full_change_precond;eeg_pright_halpha_mean_full_change_precond;eeg_ab_ratio_full_change_precond"
2025-11-26 19:45:38.230195,47,"stress_label",20,32,0.125,0.576923076923077,0.615384615384615,NA,20,"top20","eeg_tleft_sampent_full_change_precond;eeg_tleft_halpha_mean_full_change_precond;eeg_pright_sampent_full_change_precond;eeg_tleft_lalpha_mean_full_change_precond;eeg_t_sampent_full_change_precond;pupil_dilation_sd_full_change_precond;gsr_skin_conductance_eda_tonic_mean_nk_full_change_precond;eeg_fl_hbeta_mean_full_change_precond;hrv_rmssd_full_change_precond;eeg_c_theta_mean_full_change_precond;eeg_fr_sampent_full_change_precond;eeg_tright_halpha_mean_full_change_precond;eeg_c_sampent_full_change_precond;eeg_pleft_halpha_mean_full_change_precond;eeg_pleft_lbeta_mean_full_change_precond;eeg_fm_theta_mean_full_change_precond;hr_heartrate_bpm_med_abs_full_change_precond;eeg_tleft_hbeta_mean_full_change_precond;eeg_pright_halpha_mean_full_change_precond;eeg_ab_ratio_full_change_precond"
2025-11-26 19:45:39.307114,47,"stress_label",20,64,0.125,0.576923076923077,0.615384615384615,NA,20,"top20","eeg_tleft_sampent_full_change_precond;eeg_tleft_halpha_mean_full_change_precond;eeg_pright_sampent_full_change_precond;eeg_tleft_lalpha_mean_full_change_precond;eeg_t_sampent_full_change_precond;pupil_dilation_sd_full_change_precond;gsr_skin_conductance_eda_tonic_mean_nk_full_change_precond;eeg_fl_hbeta_mean_full_change_precond;hrv_rmssd_full_change_precond;eeg_c_theta_mean_full_change_precond;eeg_fr_sampent_full_change_precond;eeg_tright_halpha_mean_full_change_precond;eeg_c_sampent_full_change_precond;eeg_pleft_halpha_mean_full_change_precond;eeg_pleft_lbeta_mean_full_change_precond;eeg_fm_theta_mean_full_change_precond;hr_heartrate_bpm_med_abs_full_change_precond;eeg_tleft_hbeta_mean_full_change_precond;eeg_pright_halpha_mean_full_change_precond;eeg_ab_ratio_full_change_precond"
2025-11-26 19:45:40.584412,47,"stress_label",20,128,0.125,0.576923076923077,0.615384615384615,NA,20,"top20","eeg_tleft_sampent_full_change_precond;eeg_tleft_halpha_mean_full_change_precond;eeg_pright_sampent_full_change_precond;eeg_tleft_lalpha_mean_full_change_precond;eeg_t_sampent_full_change_precond;pupil_dilation_sd_full_change_precond;gsr_skin_conductance_eda_tonic_mean_nk_full_change_precond;eeg_fl_hbeta_mean_full_change_precond;hrv_rmssd_full_change_precond;eeg_c_theta_mean_full_change_precond;eeg_fr_sampent_full_change_precond;eeg_tright_halpha_mean_full_change_precond;eeg_c_sampent_full_change_precond;eeg_pleft_halpha_mean_full_change_precond;eeg_pleft_lbeta_mean_full_change_precond;eeg_fm_theta_mean_full_change_precond;hr_heartrate_bpm_med_abs_full_change_precond;eeg_tleft_hbeta_mean_full_change_precond;eeg_pright_halpha_mean_full_change_precond;eeg_ab_ratio_full_change_precond"
2025-11-26 19:45:41.723034,47,"stress_label",20,256,0.125,0.576923076923077,0.615384615384615,NA,20,"top20","eeg_tleft_sampent_full_change_precond;eeg_tleft_halpha_mean_full_change_precond;eeg_pright_sampent_full_change_precond;eeg_tleft_lalpha_mean_full_change_precond;eeg_t_sampent_full_change_precond;pupil_dilation_sd_full_change_precond;gsr_skin_conductance_eda_tonic_mean_nk_full_change_precond;eeg_fl_hbeta_mean_full_change_precond;hrv_rmssd_full_change_precond;eeg_c_theta_mean_full_change_precond;eeg_fr_sampent_full_change_precond;eeg_tright_halpha_mean_full_change_precond;eeg_c_sampent_full_change_precond;eeg_pleft_halpha_mean_full_change_precond;eeg_pleft_lbeta_mean_full_change_precond;eeg_fm_theta_mean_full_change_precond;hr_heartrate_bpm_med_abs_full_change_precond;eeg_tleft_hbeta_mean_full_change_precond;eeg_pright_halpha_mean_full_change_precond;eeg_ab_ratio_full_change_precond"
2025-11-26 19:45:42.750794,47,"stress_label",20,2,0.03,0.596153846153846,0.621794871794872,0.576068376068376,20,"top20","eeg_tleft_sampent_full_change_precond;eeg_tleft_halpha_mean_full_change_precond;eeg_pright_sampent_full_change_precond;eeg_tleft_lalpha_mean_full_change_precond;eeg_t_sampent_full_change_precond;pupil_dilation_sd_full_change_precond;gsr_skin_conductance_eda_tonic_mean_nk_full_change_precond;eeg_fl_hbeta_mean_full_change_precond;hrv_rmssd_full_change_precond;eeg_c_theta_mean_full_change_precond;eeg_fr_sampent_full_change_precond;eeg_tright_halpha_mean_full_change_precond;eeg_c_sampent_full_change_precond;eeg_pleft_halpha_mean_full_change_precond;eeg_pleft_lbeta_mean_full_change_precond;eeg_fm_theta_mean_full_change_precond;hr_heartrate_bpm_med_abs_full_change_precond;eeg_tleft_hbeta_mean_full_change_precond;eeg_pright_halpha_mean_full_change_precond;eeg_ab_ratio_full_change_precond"
2025-11-26 19:45:43.752929,47,"stress_label",20,4,0.03,0.615384615384615,0.615384615384615,0.594871794871795,20,"top20","eeg_tleft_sampent_full_change_precond;eeg_tleft_halpha_mean_full_change_precond;eeg_pright_sampent_full_change_precond;eeg_tleft_lalpha_mean_full_change_precond;eeg_t_sampent_full_change_precond;pupil_dilation_sd_full_change_precond;gsr_skin_conductance_eda_tonic_mean_nk_full_change_precond;eeg_fl_hbeta_mean_full_change_precond;hrv_rmssd_full_change_precond;eeg_c_theta_mean_full_change_precond;eeg_fr_sampent_full_change_precond;eeg_tright_halpha_mean_full_change_precond;eeg_c_sampent_full_change_precond;eeg_pleft_halpha_mean_full_change_precond;eeg_pleft_lbeta_mean_full_change_precond;eeg_fm_theta_mean_full_change_precond;hr_heartrate_bpm_med_abs_full_change_precond;eeg_tleft_hbeta_mean_full_change_precond;eeg_pright_halpha_mean_full_change_precond;eeg_ab_ratio_full_change_precond"
2025-11-26 19:45:44.871796,47,"stress_label",20,8,0.03,0.564102564102564,0.602564102564103,NA,20,"top20","eeg_tleft_sampent_full_change_precond;eeg_tleft_halpha_mean_full_change_precond;eeg_pright_sampent_full_change_precond;eeg_tleft_lalpha_mean_full_change_precond;eeg_t_sampent_full_change_precond;pupil_dilation_sd_full_change_precond;gsr_skin_conductance_eda_tonic_mean_nk_full_change_precond;eeg_fl_hbeta_mean_full_change_precond;hrv_rmssd_full_change_precond;eeg_c_theta_mean_full_change_precond;eeg_fr_sampent_full_change_precond;eeg_tright_halpha_mean_full_change_precond;eeg_c_sampent_full_change_precond;eeg_pleft_halpha_mean_full_change_precond;eeg_pleft_lbeta_mean_full_change_precond;eeg_fm_theta_mean_full_change_precond;hr_heartrate_bpm_med_abs_full_change_precond;eeg_tleft_hbeta_mean_full_change_precond;eeg_pright_halpha_mean_full_change_precond;eeg_ab_ratio_full_change_precond"
2025-11-26 19:45:45.982172,47,"stress_label",20,16,0.03,0.551282051282051,0.58974358974359,NA,20,"top20","eeg_tleft_sampent_full_change_precond;eeg_tleft_halpha_mean_full_change_precond;eeg_pright_sampent_full_change_precond;eeg_tleft_lalpha_mean_full_change_precond;eeg_t_sampent_full_change_precond;pupil_dilation_sd_full_change_precond;gsr_skin_conductance_eda_tonic_mean_nk_full_change_precond;eeg_fl_hbeta_mean_full_change_precond;hrv_rmssd_full_change_precond;eeg_c_theta_mean_full_change_precond;eeg_fr_sampent_full_change_precond;eeg_tright_halpha_mean_full_change_precond;eeg_c_sampent_full_change_precond;eeg_pleft_halpha_mean_full_change_precond;eeg_pleft_lbeta_mean_full_change_precond;eeg_fm_theta_mean_full_change_precond;hr_heartrate_bpm_med_abs_full_change_precond;eeg_tleft_hbeta_mean_full_change_precond;eeg_pright_halpha_mean_full_change_precond;eeg_ab_ratio_full_change_precond"
2025-11-26 19:45:47.201544,47,"stress_label",20,32,0.03,0.538461538461538,0.58974358974359,NA,20,"top20","eeg_tleft_sampent_full_change_precond;eeg_tleft_halpha_mean_full_change_precond;eeg_pright_sampent_full_change_precond;eeg_tleft_lalpha_mean_full_change_precond;eeg_t_sampent_full_change_precond;pupil_dilation_sd_full_change_precond;gsr_skin_conductance_eda_tonic_mean_nk_full_change_precond;eeg_fl_hbeta_mean_full_change_precond;hrv_rmssd_full_change_precond;eeg_c_theta_mean_full_change_precond;eeg_fr_sampent_full_change_precond;eeg_tright_halpha_mean_full_change_precond;eeg_c_sampent_full_change_precond;eeg_pleft_halpha_mean_full_change_precond;eeg_pleft_lbeta_mean_full_change_precond;eeg_fm_theta_mean_full_change_precond;hr_heartrate_bpm_med_abs_full_change_precond;eeg_tleft_hbeta_mean_full_change_precond;eeg_pright_halpha_mean_full_change_precond;eeg_ab_ratio_full_change_precond"
2025-11-26 19:45:48.441982,47,"stress_label",20,64,0.03,0.557692307692308,0.57051282051282,NA,20,"top20","eeg_tleft_sampent_full_change_precond;eeg_tleft_halpha_mean_full_change_precond;eeg_pright_sampent_full_change_precond;eeg_tleft_lalpha_mean_full_change_precond;eeg_t_sampent_full_change_precond;pupil_dilation_sd_full_change_precond;gsr_skin_conductance_eda_tonic_mean_nk_full_change_precond;eeg_fl_hbeta_mean_full_change_precond;hrv_rmssd_full_change_precond;eeg_c_theta_mean_full_change_precond;eeg_fr_sampent_full_change_precond;eeg_tright_halpha_mean_full_change_precond;eeg_c_sampent_full_change_precond;eeg_pleft_halpha_mean_full_change_precond;eeg_pleft_lbeta_mean_full_change_precond;eeg_fm_theta_mean_full_change_precond;hr_heartrate_bpm_med_abs_full_change_precond;eeg_tleft_hbeta_mean_full_change_precond;eeg_pright_halpha_mean_full_change_precond;eeg_ab_ratio_full_change_precond"
2025-11-26 19:45:49.646703,47,"stress_label",20,128,0.03,0.557692307692308,0.576923076923077,NA,20,"top20","eeg_tleft_sampent_full_change_precond;eeg_tleft_halpha_mean_full_change_precond;eeg_pright_sampent_full_change_precond;eeg_tleft_lalpha_mean_full_change_precond;eeg_t_sampent_full_change_precond;pupil_dilation_sd_full_change_precond;gsr_skin_conductance_eda_tonic_mean_nk_full_change_precond;eeg_fl_hbeta_mean_full_change_precond;hrv_rmssd_full_change_precond;eeg_c_theta_mean_full_change_precond;eeg_fr_sampent_full_change_precond;eeg_tright_halpha_mean_full_change_precond;eeg_c_sampent_full_change_precond;eeg_pleft_halpha_mean_full_change_precond;eeg_pleft_lbeta_mean_full_change_precond;eeg_fm_theta_mean_full_change_precond;hr_heartrate_bpm_med_abs_full_change_precond;eeg_tleft_hbeta_mean_full_change_precond;eeg_pright_halpha_mean_full_change_precond;eeg_ab_ratio_full_change_precond"
2025-11-26 19:45:50.872822,47,"stress_label",20,256,0.03,0.557692307692308,0.564102564102564,NA,20,"top20","eeg_tleft_sampent_full_change_precond;eeg_tleft_halpha_mean_full_change_precond;eeg_pright_sampent_full_change_precond;eeg_tleft_lalpha_mean_full_change_precond;eeg_t_sampent_full_change_precond;pupil_dilation_sd_full_change_precond;gsr_skin_conductance_eda_tonic_mean_nk_full_change_precond;eeg_fl_hbeta_mean_full_change_precond;hrv_rmssd_full_change_precond;eeg_c_theta_mean_full_change_precond;eeg_fr_sampent_full_change_precond;eeg_tright_halpha_mean_full_change_precond;eeg_c_sampent_full_change_precond;eeg_pleft_halpha_mean_full_change_precond;eeg_pleft_lbeta_mean_full_change_precond;eeg_fm_theta_mean_full_change_precond;hr_heartrate_bpm_med_abs_full_change_precond;eeg_tleft_hbeta_mean_full_change_precond;eeg_pright_halpha_mean_full_change_precond;eeg_ab_ratio_full_change_precond"
2025-11-26 19:45:51.891785,47,"stress_label",20,2,0.06,0.602564102564103,0.628205128205128,NA,20,"top20","eeg_tleft_sampent_full_change_precond;eeg_tleft_halpha_mean_full_change_precond;eeg_pright_sampent_full_change_precond;eeg_tleft_lalpha_mean_full_change_precond;eeg_t_sampent_full_change_precond;pupil_dilation_sd_full_change_precond;gsr_skin_conductance_eda_tonic_mean_nk_full_change_precond;eeg_fl_hbeta_mean_full_change_precond;hrv_rmssd_full_change_precond;eeg_c_theta_mean_full_change_precond;eeg_fr_sampent_full_change_precond;eeg_tright_halpha_mean_full_change_precond;eeg_c_sampent_full_change_precond;eeg_pleft_halpha_mean_full_change_precond;eeg_pleft_lbeta_mean_full_change_precond;eeg_fm_theta_mean_full_change_precond;hr_heartrate_bpm_med_abs_full_change_precond;eeg_tleft_hbeta_mean_full_change_precond;eeg_pright_halpha_mean_full_change_precond;eeg_ab_ratio_full_change_precond"
2025-11-26 19:45:53.01068,47,"stress_label",20,4,0.06,0.583333333333333,0.602564102564103,NA,20,"top20","eeg_tleft_sampent_full_change_precond;eeg_tleft_halpha_mean_full_change_precond;eeg_pright_sampent_full_change_precond;eeg_tleft_lalpha_mean_full_change_precond;eeg_t_sampent_full_change_precond;pupil_dilation_sd_full_change_precond;gsr_skin_conductance_eda_tonic_mean_nk_full_change_precond;eeg_fl_hbeta_mean_full_change_precond;hrv_rmssd_full_change_precond;eeg_c_theta_mean_full_change_precond;eeg_fr_sampent_full_change_precond;eeg_tright_halpha_mean_full_change_precond;eeg_c_sampent_full_change_precond;eeg_pleft_halpha_mean_full_change_precond;eeg_pleft_lbeta_mean_full_change_precond;eeg_fm_theta_mean_full_change_precond;hr_heartrate_bpm_med_abs_full_change_precond;eeg_tleft_hbeta_mean_full_change_precond;eeg_pright_halpha_mean_full_change_precond;eeg_ab_ratio_full_change_precond"
2025-11-26 19:45:54.13568,47,"stress_label",20,8,0.06,0.596153846153846,0.615384615384615,NA,20,"top20","eeg_tleft_sampent_full_change_precond;eeg_tleft_halpha_mean_full_change_precond;eeg_pright_sampent_full_change_precond;eeg_tleft_lalpha_mean_full_change_precond;eeg_t_sampent_full_change_precond;pupil_dilation_sd_full_change_precond;gsr_skin_conductance_eda_tonic_mean_nk_full_change_precond;eeg_fl_hbeta_mean_full_change_precond;hrv_rmssd_full_change_precond;eeg_c_theta_mean_full_change_precond;eeg_fr_sampent_full_change_precond;eeg_tright_halpha_mean_full_change_precond;eeg_c_sampent_full_change_precond;eeg_pleft_halpha_mean_full_change_precond;eeg_pleft_lbeta_mean_full_change_precond;eeg_fm_theta_mean_full_change_precond;hr_heartrate_bpm_med_abs_full_change_precond;eeg_tleft_hbeta_mean_full_change_precond;eeg_pright_halpha_mean_full_change_precond;eeg_ab_ratio_full_change_precond"
2025-11-26 19:45:55.229006,47,"stress_label",20,16,0.06,0.57051282051282,0.58974358974359,NA,20,"top20","eeg_tleft_sampent_full_change_precond;eeg_tleft_halpha_mean_full_change_precond;eeg_pright_sampent_full_change_precond;eeg_tleft_lalpha_mean_full_change_precond;eeg_t_sampent_full_change_precond;pupil_dilation_sd_full_change_precond;gsr_skin_conductance_eda_tonic_mean_nk_full_change_precond;eeg_fl_hbeta_mean_full_change_precond;hrv_rmssd_full_change_precond;eeg_c_theta_mean_full_change_precond;eeg_fr_sampent_full_change_precond;eeg_tright_halpha_mean_full_change_precond;eeg_c_sampent_full_change_precond;eeg_pleft_halpha_mean_full_change_precond;eeg_pleft_lbeta_mean_full_change_precond;eeg_fm_theta_mean_full_change_precond;hr_heartrate_bpm_med_abs_full_change_precond;eeg_tleft_hbeta_mean_full_change_precond;eeg_pright_halpha_mean_full_change_precond;eeg_ab_ratio_full_change_precond"
2025-11-26 19:45:56.15323,47,"stress_label",20,32,0.06,0.564102564102564,0.58974358974359,NA,20,"top20","eeg_tleft_sampent_full_change_precond;eeg_tleft_halpha_mean_full_change_precond;eeg_pright_sampent_full_change_precond;eeg_tleft_lalpha_mean_full_change_precond;eeg_t_sampent_full_change_precond;pupil_dilation_sd_full_change_precond;gsr_skin_conductance_eda_tonic_mean_nk_full_change_precond;eeg_fl_hbeta_mean_full_change_precond;hrv_rmssd_full_change_precond;eeg_c_theta_mean_full_change_precond;eeg_fr_sampent_full_change_precond;eeg_tright_halpha_mean_full_change_precond;eeg_c_sampent_full_change_precond;eeg_pleft_halpha_mean_full_change_precond;eeg_pleft_lbeta_mean_full_change_precond;eeg_fm_theta_mean_full_change_precond;hr_heartrate_bpm_med_abs_full_change_precond;eeg_tleft_hbeta_mean_full_change_precond;eeg_pright_halpha_mean_full_change_precond;eeg_ab_ratio_full_change_precond"
2025-11-26 19:45:57.301118,47,"stress_label",20,64,0.06,0.564102564102564,0.58974358974359,NA,20,"top20","eeg_tleft_sampent_full_change_precond;eeg_tleft_halpha_mean_full_change_precond;eeg_pright_sampent_full_change_precond;eeg_tleft_lalpha_mean_full_change_precond;eeg_t_sampent_full_change_precond;pupil_dilation_sd_full_change_precond;gsr_skin_conductance_eda_tonic_mean_nk_full_change_precond;eeg_fl_hbeta_mean_full_change_precond;hrv_rmssd_full_change_precond;eeg_c_theta_mean_full_change_precond;eeg_fr_sampent_full_change_precond;eeg_tright_halpha_mean_full_change_precond;eeg_c_sampent_full_change_precond;eeg_pleft_halpha_mean_full_change_precond;eeg_pleft_lbeta_mean_full_change_precond;eeg_fm_theta_mean_full_change_precond;hr_heartrate_bpm_med_abs_full_change_precond;eeg_tleft_hbeta_mean_full_change_precond;eeg_pright_halpha_mean_full_change_precond;eeg_ab_ratio_full_change_precond"
2025-11-26 19:45:58.433033,47,"stress_label",20,128,0.06,0.564102564102564,0.58974358974359,NA,20,"top20","eeg_tleft_sampent_full_change_precond;eeg_tleft_halpha_mean_full_change_precond;eeg_pright_sampent_full_change_precond;eeg_tleft_lalpha_mean_full_change_precond;eeg_t_sampent_full_change_precond;pupil_dilation_sd_full_change_precond;gsr_skin_conductance_eda_tonic_mean_nk_full_change_precond;eeg_fl_hbeta_mean_full_change_precond;hrv_rmssd_full_change_precond;eeg_c_theta_mean_full_change_precond;eeg_fr_sampent_full_change_precond;eeg_tright_halpha_mean_full_change_precond;eeg_c_sampent_full_change_precond;eeg_pleft_halpha_mean_full_change_precond;eeg_pleft_lbeta_mean_full_change_precond;eeg_fm_theta_mean_full_change_precond;hr_heartrate_bpm_med_abs_full_change_precond;eeg_tleft_hbeta_mean_full_change_precond;eeg_pright_halpha_mean_full_change_precond;eeg_ab_ratio_full_change_precond"
2025-11-26 19:45:59.599292,47,"stress_label",20,256,0.06,0.564102564102564,0.58974358974359,NA,20,"top20","eeg_tleft_sampent_full_change_precond;eeg_tleft_halpha_mean_full_change_precond;eeg_pright_sampent_full_change_precond;eeg_tleft_lalpha_mean_full_change_precond;eeg_t_sampent_full_change_precond;pupil_dilation_sd_full_change_precond;gsr_skin_conductance_eda_tonic_mean_nk_full_change_precond;eeg_fl_hbeta_mean_full_change_precond;hrv_rmssd_full_change_precond;eeg_c_theta_mean_full_change_precond;eeg_fr_sampent_full_change_precond;eeg_tright_halpha_mean_full_change_precond;eeg_c_sampent_full_change_precond;eeg_pleft_halpha_mean_full_change_precond;eeg_pleft_lbeta_mean_full_change_precond;eeg_fm_theta_mean_full_change_precond;hr_heartrate_bpm_med_abs_full_change_precond;eeg_tleft_hbeta_mean_full_change_precond;eeg_pright_halpha_mean_full_change_precond;eeg_ab_ratio_full_change_precond"
2025-11-26 19:46:00.687394,47,"stress_label",20,2,0.1,0.583333333333333,0.615384615384615,NA,20,"top20","eeg_tleft_sampent_full_change_precond;eeg_tleft_halpha_mean_full_change_precond;eeg_pright_sampent_full_change_precond;eeg_tleft_lalpha_mean_full_change_precond;eeg_t_sampent_full_change_precond;pupil_dilation_sd_full_change_precond;gsr_skin_conductance_eda_tonic_mean_nk_full_change_precond;eeg_fl_hbeta_mean_full_change_precond;hrv_rmssd_full_change_precond;eeg_c_theta_mean_full_change_precond;eeg_fr_sampent_full_change_precond;eeg_tright_halpha_mean_full_change_precond;eeg_c_sampent_full_change_precond;eeg_pleft_halpha_mean_full_change_precond;eeg_pleft_lbeta_mean_full_change_precond;eeg_fm_theta_mean_full_change_precond;hr_heartrate_bpm_med_abs_full_change_precond;eeg_tleft_hbeta_mean_full_change_precond;eeg_pright_halpha_mean_full_change_precond;eeg_ab_ratio_full_change_precond"
2025-11-26 19:46:01.805551,47,"stress_label",20,4,0.1,0.58974358974359,0.615384615384615,NA,20,"top20","eeg_tleft_sampent_full_change_precond;eeg_tleft_halpha_mean_full_change_precond;eeg_pright_sampent_full_change_precond;eeg_tleft_lalpha_mean_full_change_precond;eeg_t_sampent_full_change_precond;pupil_dilation_sd_full_change_precond;gsr_skin_conductance_eda_tonic_mean_nk_full_change_precond;eeg_fl_hbeta_mean_full_change_precond;hrv_rmssd_full_change_precond;eeg_c_theta_mean_full_change_precond;eeg_fr_sampent_full_change_precond;eeg_tright_halpha_mean_full_change_precond;eeg_c_sampent_full_change_precond;eeg_pleft_halpha_mean_full_change_precond;eeg_pleft_lbeta_mean_full_change_precond;eeg_fm_theta_mean_full_change_precond;hr_heartrate_bpm_med_abs_full_change_precond;eeg_tleft_hbeta_mean_full_change_precond;eeg_pright_halpha_mean_full_change_precond;eeg_ab_ratio_full_change_precond"
2025-11-26 19:46:02.852605,47,"stress_label",20,8,0.1,0.576923076923077,0.608974358974359,NA,20,"top20","eeg_tleft_sampent_full_change_precond;eeg_tleft_halpha_mean_full_change_precond;eeg_pright_sampent_full_change_precond;eeg_tleft_lalpha_mean_full_change_precond;eeg_t_sampent_full_change_precond;pupil_dilation_sd_full_change_precond;gsr_skin_conductance_eda_tonic_mean_nk_full_change_precond;eeg_fl_hbeta_mean_full_change_precond;hrv_rmssd_full_change_precond;eeg_c_theta_mean_full_change_precond;eeg_fr_sampent_full_change_precond;eeg_tright_halpha_mean_full_change_precond;eeg_c_sampent_full_change_precond;eeg_pleft_halpha_mean_full_change_precond;eeg_pleft_lbeta_mean_full_change_precond;eeg_fm_theta_mean_full_change_precond;hr_heartrate_bpm_med_abs_full_change_precond;eeg_tleft_hbeta_mean_full_change_precond;eeg_pright_halpha_mean_full_change_precond;eeg_ab_ratio_full_change_precond"
2025-11-26 19:46:03.980821,47,"stress_label",20,16,0.1,0.576923076923077,0.608974358974359,NA,20,"top20","eeg_tleft_sampent_full_change_precond;eeg_tleft_halpha_mean_full_change_precond;eeg_pright_sampent_full_change_precond;eeg_tleft_lalpha_mean_full_change_precond;eeg_t_sampent_full_change_precond;pupil_dilation_sd_full_change_precond;gsr_skin_conductance_eda_tonic_mean_nk_full_change_precond;eeg_fl_hbeta_mean_full_change_precond;hrv_rmssd_full_change_precond;eeg_c_theta_mean_full_change_precond;eeg_fr_sampent_full_change_precond;eeg_tright_halpha_mean_full_change_precond;eeg_c_sampent_full_change_precond;eeg_pleft_halpha_mean_full_change_precond;eeg_pleft_lbeta_mean_full_change_precond;eeg_fm_theta_mean_full_change_precond;hr_heartrate_bpm_med_abs_full_change_precond;eeg_tleft_hbeta_mean_full_change_precond;eeg_pright_halpha_mean_full_change_precond;eeg_ab_ratio_full_change_precond"
2025-11-26 19:46:05.032033,47,"stress_label",20,32,0.1,0.576923076923077,0.608974358974359,NA,20,"top20","eeg_tleft_sampent_full_change_precond;eeg_tleft_halpha_mean_full_change_precond;eeg_pright_sampent_full_change_precond;eeg_tleft_lalpha_mean_full_change_precond;eeg_t_sampent_full_change_precond;pupil_dilation_sd_full_change_precond;gsr_skin_conductance_eda_tonic_mean_nk_full_change_precond;eeg_fl_hbeta_mean_full_change_precond;hrv_rmssd_full_change_precond;eeg_c_theta_mean_full_change_precond;eeg_fr_sampent_full_change_precond;eeg_tright_halpha_mean_full_change_precond;eeg_c_sampent_full_change_precond;eeg_pleft_halpha_mean_full_change_precond;eeg_pleft_lbeta_mean_full_change_precond;eeg_fm_theta_mean_full_change_precond;hr_heartrate_bpm_med_abs_full_change_precond;eeg_tleft_hbeta_mean_full_change_precond;eeg_pright_halpha_mean_full_change_precond;eeg_ab_ratio_full_change_precond"
2025-11-26 19:46:06.135163,47,"stress_label",20,64,0.1,0.576923076923077,0.608974358974359,NA,20,"top20","eeg_tleft_sampent_full_change_precond;eeg_tleft_halpha_mean_full_change_precond;eeg_pright_sampent_full_change_precond;eeg_tleft_lalpha_mean_full_change_precond;eeg_t_sampent_full_change_precond;pupil_dilation_sd_full_change_precond;gsr_skin_conductance_eda_tonic_mean_nk_full_change_precond;eeg_fl_hbeta_mean_full_change_precond;hrv_rmssd_full_change_precond;eeg_c_theta_mean_full_change_precond;eeg_fr_sampent_full_change_precond;eeg_tright_halpha_mean_full_change_precond;eeg_c_sampent_full_change_precond;eeg_pleft_halpha_mean_full_change_precond;eeg_pleft_lbeta_mean_full_change_precond;eeg_fm_theta_mean_full_change_precond;hr_heartrate_bpm_med_abs_full_change_precond;eeg_tleft_hbeta_mean_full_change_precond;eeg_pright_halpha_mean_full_change_precond;eeg_ab_ratio_full_change_precond"
2025-11-26 19:46:07.257695,47,"stress_label",20,128,0.1,0.576923076923077,0.608974358974359,NA,20,"top20","eeg_tleft_sampent_full_change_precond;eeg_tleft_halpha_mean_full_change_precond;eeg_pright_sampent_full_change_precond;eeg_tleft_lalpha_mean_full_change_precond;eeg_t_sampent_full_change_precond;pupil_dilation_sd_full_change_precond;gsr_skin_conductance_eda_tonic_mean_nk_full_change_precond;eeg_fl_hbeta_mean_full_change_precond;hrv_rmssd_full_change_precond;eeg_c_theta_mean_full_change_precond;eeg_fr_sampent_full_change_precond;eeg_tright_halpha_mean_full_change_precond;eeg_c_sampent_full_change_precond;eeg_pleft_halpha_mean_full_change_precond;eeg_pleft_lbeta_mean_full_change_precond;eeg_fm_theta_mean_full_change_precond;hr_heartrate_bpm_med_abs_full_change_precond;eeg_tleft_hbeta_mean_full_change_precond;eeg_pright_halpha_mean_full_change_precond;eeg_ab_ratio_full_change_precond"
2025-11-26 19:46:08.337521,47,"stress_label",20,256,0.1,0.576923076923077,0.608974358974359,NA,20,"top20","eeg_tleft_sampent_full_change_precond;eeg_tleft_halpha_mean_full_change_precond;eeg_pright_sampent_full_change_precond;eeg_tleft_lalpha_mean_full_change_precond;eeg_t_sampent_full_change_precond;pupil_dilation_sd_full_change_precond;gsr_skin_conductance_eda_tonic_mean_nk_full_change_precond;eeg_fl_hbeta_mean_full_change_precond;hrv_rmssd_full_change_precond;eeg_c_theta_mean_full_change_precond;eeg_fr_sampent_full_change_precond;eeg_tright_halpha_mean_full_change_precond;eeg_c_sampent_full_change_precond;eeg_pleft_halpha_mean_full_change_precond;eeg_pleft_lbeta_mean_full_change_precond;eeg_fm_theta_mean_full_change_precond;hr_heartrate_bpm_med_abs_full_change_precond;eeg_tleft_hbeta_mean_full_change_precond;eeg_pright_halpha_mean_full_change_precond;eeg_ab_ratio_full_change_precond"
2025-11-26 19:46:09.191546,47,"stress_label",10,2,0.0078125,0.628205128205128,0.66025641025641,0.597435897435897,10,"top10","eeg_tleft_sampent_full_change_precond;eeg_tleft_halpha_mean_full_change_precond;eeg_pright_sampent_full_change_precond;eeg_tleft_lalpha_mean_full_change_precond;eeg_t_sampent_full_change_precond;pupil_dilation_sd_full_change_precond;gsr_skin_conductance_eda_tonic_mean_nk_full_change_precond;eeg_fl_hbeta_mean_full_change_precond;hrv_rmssd_full_change_precond;eeg_c_theta_mean_full_change_precond"
2025-11-26 19:46:10.019381,47,"stress_label",10,4,0.0078125,0.602564102564103,0.621794871794872,0.577777777777778,10,"top10","eeg_tleft_sampent_full_change_precond;eeg_tleft_halpha_mean_full_change_precond;eeg_pright_sampent_full_change_precond;eeg_tleft_lalpha_mean_full_change_precond;eeg_t_sampent_full_change_precond;pupil_dilation_sd_full_change_precond;gsr_skin_conductance_eda_tonic_mean_nk_full_change_precond;eeg_fl_hbeta_mean_full_change_precond;hrv_rmssd_full_change_precond;eeg_c_theta_mean_full_change_precond"
2025-11-26 19:46:10.85226,47,"stress_label",10,8,0.0078125,0.57051282051282,0.615384615384615,0.55042735042735,10,"top10","eeg_tleft_sampent_full_change_precond;eeg_tleft_halpha_mean_full_change_precond;eeg_pright_sampent_full_change_precond;eeg_tleft_lalpha_mean_full_change_precond;eeg_t_sampent_full_change_precond;pupil_dilation_sd_full_change_precond;gsr_skin_conductance_eda_tonic_mean_nk_full_change_precond;eeg_fl_hbeta_mean_full_change_precond;hrv_rmssd_full_change_precond;eeg_c_theta_mean_full_change_precond"
2025-11-26 19:46:11.585319,47,"stress_label",10,16,0.0078125,0.576923076923077,0.602564102564103,0.552991452991453,10,"top10","eeg_tleft_sampent_full_change_precond;eeg_tleft_halpha_mean_full_change_precond;eeg_pright_sampent_full_change_precond;eeg_tleft_lalpha_mean_full_change_precond;eeg_t_sampent_full_change_precond;pupil_dilation_sd_full_change_precond;gsr_skin_conductance_eda_tonic_mean_nk_full_change_precond;eeg_fl_hbeta_mean_full_change_precond;hrv_rmssd_full_change_precond;eeg_c_theta_mean_full_change_precond"
2025-11-26 19:46:12.42849,47,"stress_label",10,32,0.0078125,0.602564102564103,0.615384615384615,0.578632478632479,10,"top10","eeg_tleft_sampent_full_change_precond;eeg_tleft_halpha_mean_full_change_precond;eeg_pright_sampent_full_change_precond;eeg_tleft_lalpha_mean_full_change_precond;eeg_t_sampent_full_change_precond;pupil_dilation_sd_full_change_precond;gsr_skin_conductance_eda_tonic_mean_nk_full_change_precond;eeg_fl_hbeta_mean_full_change_precond;hrv_rmssd_full_change_precond;eeg_c_theta_mean_full_change_precond"
2025-11-26 19:46:13.33141,47,"stress_label",10,64,0.0078125,0.628205128205128,0.634615384615385,0.622222222222222,10,"top10","eeg_tleft_sampent_full_change_precond;eeg_tleft_halpha_mean_full_change_precond;eeg_pright_sampent_full_change_precond;eeg_tleft_lalpha_mean_full_change_precond;eeg_t_sampent_full_change_precond;pupil_dilation_sd_full_change_precond;gsr_skin_conductance_eda_tonic_mean_nk_full_change_precond;eeg_fl_hbeta_mean_full_change_precond;hrv_rmssd_full_change_precond;eeg_c_theta_mean_full_change_precond"
2025-11-26 19:46:14.276851,47,"stress_label",10,128,0.0078125,0.596153846153846,0.58974358974359,0.592307692307692,10,"top10","eeg_tleft_sampent_full_change_precond;eeg_tleft_halpha_mean_full_change_precond;eeg_pright_sampent_full_change_precond;eeg_tleft_lalpha_mean_full_change_precond;eeg_t_sampent_full_change_precond;pupil_dilation_sd_full_change_precond;gsr_skin_conductance_eda_tonic_mean_nk_full_change_precond;eeg_fl_hbeta_mean_full_change_precond;hrv_rmssd_full_change_precond;eeg_c_theta_mean_full_change_precond"
2025-11-26 19:46:15.370507,47,"stress_label",10,256,0.0078125,0.58974358974359,0.596153846153846,0.583760683760684,10,"top10","eeg_tleft_sampent_full_change_precond;eeg_tleft_halpha_mean_full_change_precond;eeg_pright_sampent_full_change_precond;eeg_tleft_lalpha_mean_full_change_precond;eeg_t_sampent_full_change_precond;pupil_dilation_sd_full_change_precond;gsr_skin_conductance_eda_tonic_mean_nk_full_change_precond;eeg_fl_hbeta_mean_full_change_precond;hrv_rmssd_full_change_precond;eeg_c_theta_mean_full_change_precond"
2025-11-26 19:46:16.249091,47,"stress_label",10,2,0.015625,0.608974358974359,0.666666666666667,0.586324786324786,10,"top10","eeg_tleft_sampent_full_change_precond;eeg_tleft_halpha_mean_full_change_precond;eeg_pright_sampent_full_change_precond;eeg_tleft_lalpha_mean_full_change_precond;eeg_t_sampent_full_change_precond;pupil_dilation_sd_full_change_precond;gsr_skin_conductance_eda_tonic_mean_nk_full_change_precond;eeg_fl_hbeta_mean_full_change_precond;hrv_rmssd_full_change_precond;eeg_c_theta_mean_full_change_precond"
2025-11-26 19:46:17.09483,47,"stress_label",10,4,0.015625,0.57051282051282,0.615384615384615,0.554700854700855,10,"top10","eeg_tleft_sampent_full_change_precond;eeg_tleft_halpha_mean_full_change_precond;eeg_pright_sampent_full_change_precond;eeg_tleft_lalpha_mean_full_change_precond;eeg_t_sampent_full_change_precond;pupil_dilation_sd_full_change_precond;gsr_skin_conductance_eda_tonic_mean_nk_full_change_precond;eeg_fl_hbeta_mean_full_change_precond;hrv_rmssd_full_change_precond;eeg_c_theta_mean_full_change_precond"
2025-11-26 19:46:17.850853,47,"stress_label",10,8,0.015625,0.602564102564103,0.608974358974359,0.573504273504273,10,"top10","eeg_tleft_sampent_full_change_precond;eeg_tleft_halpha_mean_full_change_precond;eeg_pright_sampent_full_change_precond;eeg_tleft_lalpha_mean_full_change_precond;eeg_t_sampent_full_change_precond;pupil_dilation_sd_full_change_precond;gsr_skin_conductance_eda_tonic_mean_nk_full_change_precond;eeg_fl_hbeta_mean_full_change_precond;hrv_rmssd_full_change_precond;eeg_c_theta_mean_full_change_precond"
2025-11-26 19:46:18.703822,47,"stress_label",10,16,0.015625,0.641025641025641,0.634615384615385,0.634188034188034,10,"top10","eeg_tleft_sampent_full_change_precond;eeg_tleft_halpha_mean_full_change_precond;eeg_pright_sampent_full_change_precond;eeg_tleft_lalpha_mean_full_change_precond;eeg_t_sampent_full_change_precond;pupil_dilation_sd_full_change_precond;gsr_skin_conductance_eda_tonic_mean_nk_full_change_precond;eeg_fl_hbeta_mean_full_change_precond;hrv_rmssd_full_change_precond;eeg_c_theta_mean_full_change_precond"
2025-11-26 19:46:19.571822,47,"stress_label",10,32,0.015625,0.596153846153846,0.602564102564103,0.592307692307692,10,"top10","eeg_tleft_sampent_full_change_precond;eeg_tleft_halpha_mean_full_change_precond;eeg_pright_sampent_full_change_precond;eeg_tleft_lalpha_mean_full_change_precond;eeg_t_sampent_full_change_precond;pupil_dilation_sd_full_change_precond;gsr_skin_conductance_eda_tonic_mean_nk_full_change_precond;eeg_fl_hbeta_mean_full_change_precond;hrv_rmssd_full_change_precond;eeg_c_theta_mean_full_change_precond"
2025-11-26 19:46:20.491872,47,"stress_label",10,64,0.015625,0.57051282051282,0.576923076923077,0.568376068376068,10,"top10","eeg_tleft_sampent_full_change_precond;eeg_tleft_halpha_mean_full_change_precond;eeg_pright_sampent_full_change_precond;eeg_tleft_lalpha_mean_full_change_precond;eeg_t_sampent_full_change_precond;pupil_dilation_sd_full_change_precond;gsr_skin_conductance_eda_tonic_mean_nk_full_change_precond;eeg_fl_hbeta_mean_full_change_precond;hrv_rmssd_full_change_precond;eeg_c_theta_mean_full_change_precond"
2025-11-26 19:46:21.505961,47,"stress_label",10,128,0.015625,0.602564102564103,0.608974358974359,NA,10,"top10","eeg_tleft_sampent_full_change_precond;eeg_tleft_halpha_mean_full_change_precond;eeg_pright_sampent_full_change_precond;eeg_tleft_lalpha_mean_full_change_precond;eeg_t_sampent_full_change_precond;pupil_dilation_sd_full_change_precond;gsr_skin_conductance_eda_tonic_mean_nk_full_change_precond;eeg_fl_hbeta_mean_full_change_precond;hrv_rmssd_full_change_precond;eeg_c_theta_mean_full_change_precond"
2025-11-26 19:46:22.838367,47,"stress_label",10,256,0.015625,0.583333333333333,0.602564102564103,NA,10,"top10","eeg_tleft_sampent_full_change_precond;eeg_tleft_halpha_mean_full_change_precond;eeg_pright_sampent_full_change_precond;eeg_tleft_lalpha_mean_full_change_precond;eeg_t_sampent_full_change_precond;pupil_dilation_sd_full_change_precond;gsr_skin_conductance_eda_tonic_mean_nk_full_change_precond;eeg_fl_hbeta_mean_full_change_precond;hrv_rmssd_full_change_precond;eeg_c_theta_mean_full_change_precond"
2025-11-26 19:46:23.634259,47,"stress_label",10,2,0.03125,0.58974358974359,0.621794871794872,0.556410256410256,10,"top10","eeg_tleft_sampent_full_change_precond;eeg_tleft_halpha_mean_full_change_precond;eeg_pright_sampent_full_change_precond;eeg_tleft_lalpha_mean_full_change_precond;eeg_t_sampent_full_change_precond;pupil_dilation_sd_full_change_precond;gsr_skin_conductance_eda_tonic_mean_nk_full_change_precond;eeg_fl_hbeta_mean_full_change_precond;hrv_rmssd_full_change_precond;eeg_c_theta_mean_full_change_precond"
2025-11-26 19:46:24.311362,47,"stress_label",10,4,0.03125,0.628205128205128,0.641025641025641,0.606837606837607,10,"top10","eeg_tleft_sampent_full_change_precond;eeg_tleft_halpha_mean_full_change_precond;eeg_pright_sampent_full_change_precond;eeg_tleft_lalpha_mean_full_change_precond;eeg_t_sampent_full_change_precond;pupil_dilation_sd_full_change_precond;gsr_skin_conductance_eda_tonic_mean_nk_full_change_precond;eeg_fl_hbeta_mean_full_change_precond;hrv_rmssd_full_change_precond;eeg_c_theta_mean_full_change_precond"
2025-11-26 19:46:25.177677,47,"stress_label",10,8,0.03125,0.621794871794872,0.628205128205128,0.617094017094017,10,"top10","eeg_tleft_sampent_full_change_precond;eeg_tleft_halpha_mean_full_change_precond;eeg_pright_sampent_full_change_precond;eeg_tleft_lalpha_mean_full_change_precond;eeg_t_sampent_full_change_precond;pupil_dilation_sd_full_change_precond;gsr_skin_conductance_eda_tonic_mean_nk_full_change_precond;eeg_fl_hbeta_mean_full_change_precond;hrv_rmssd_full_change_precond;eeg_c_theta_mean_full_change_precond"
2025-11-26 19:46:25.994546,47,"stress_label",10,16,0.03125,0.576923076923077,0.57051282051282,0.576068376068376,10,"top10","eeg_tleft_sampent_full_change_precond;eeg_tleft_halpha_mean_full_change_precond;eeg_pright_sampent_full_change_precond;eeg_tleft_lalpha_mean_full_change_precond;eeg_t_sampent_full_change_precond;pupil_dilation_sd_full_change_precond;gsr_skin_conductance_eda_tonic_mean_nk_full_change_precond;eeg_fl_hbeta_mean_full_change_precond;hrv_rmssd_full_change_precond;eeg_c_theta_mean_full_change_precond"
2025-11-26 19:46:26.978277,47,"stress_label",10,32,0.03125,0.583333333333333,0.58974358974359,NA,10,"top10","eeg_tleft_sampent_full_change_precond;eeg_tleft_halpha_mean_full_change_precond;eeg_pright_sampent_full_change_precond;eeg_tleft_lalpha_mean_full_change_precond;eeg_t_sampent_full_change_precond;pupil_dilation_sd_full_change_precond;gsr_skin_conductance_eda_tonic_mean_nk_full_change_precond;eeg_fl_hbeta_mean_full_change_precond;hrv_rmssd_full_change_precond;eeg_c_theta_mean_full_change_precond"
2025-11-26 19:46:28.017144,47,"stress_label",10,64,0.03125,0.602564102564103,0.602564102564103,NA,10,"top10","eeg_tleft_sampent_full_change_precond;eeg_tleft_halpha_mean_full_change_precond;eeg_pright_sampent_full_change_precond;eeg_tleft_lalpha_mean_full_change_precond;eeg_t_sampent_full_change_precond;pupil_dilation_sd_full_change_precond;gsr_skin_conductance_eda_tonic_mean_nk_full_change_precond;eeg_fl_hbeta_mean_full_change_precond;hrv_rmssd_full_change_precond;eeg_c_theta_mean_full_change_precond"
2025-11-26 19:46:29.247651,47,"stress_label",10,128,0.03125,0.634615384615385,0.634615384615385,0.623076923076923,10,"top10","eeg_tleft_sampent_full_change_precond;eeg_tleft_halpha_mean_full_change_precond;eeg_pright_sampent_full_change_precond;eeg_tleft_lalpha_mean_full_change_precond;eeg_t_sampent_full_change_precond;pupil_dilation_sd_full_change_precond;gsr_skin_conductance_eda_tonic_mean_nk_full_change_precond;eeg_fl_hbeta_mean_full_change_precond;hrv_rmssd_full_change_precond;eeg_c_theta_mean_full_change_precond"
2025-11-26 19:46:30.632593,47,"stress_label",10,256,0.03125,0.615384615384615,0.621794871794872,NA,10,"top10","eeg_tleft_sampent_full_change_precond;eeg_tleft_halpha_mean_full_change_precond;eeg_pright_sampent_full_change_precond;eeg_tleft_lalpha_mean_full_change_precond;eeg_t_sampent_full_change_precond;pupil_dilation_sd_full_change_precond;gsr_skin_conductance_eda_tonic_mean_nk_full_change_precond;eeg_fl_hbeta_mean_full_change_precond;hrv_rmssd_full_change_precond;eeg_c_theta_mean_full_change_precond"
2025-11-26 19:46:31.488357,47,"stress_label",10,2,0.0625,0.634615384615385,0.66025641025641,0.617948717948718,10,"top10","eeg_tleft_sampent_full_change_precond;eeg_tleft_halpha_mean_full_change_precond;eeg_pright_sampent_full_change_precond;eeg_tleft_lalpha_mean_full_change_precond;eeg_t_sampent_full_change_precond;pupil_dilation_sd_full_change_precond;gsr_skin_conductance_eda_tonic_mean_nk_full_change_precond;eeg_fl_hbeta_mean_full_change_precond;hrv_rmssd_full_change_precond;eeg_c_theta_mean_full_change_precond"
2025-11-26 19:46:32.334647,47,"stress_label",10,4,0.0625,0.596153846153846,0.602564102564103,0.588034188034188,10,"top10","eeg_tleft_sampent_full_change_precond;eeg_tleft_halpha_mean_full_change_precond;eeg_pright_sampent_full_change_precond;eeg_tleft_lalpha_mean_full_change_precond;eeg_t_sampent_full_change_precond;pupil_dilation_sd_full_change_precond;gsr_skin_conductance_eda_tonic_mean_nk_full_change_precond;eeg_fl_hbeta_mean_full_change_precond;hrv_rmssd_full_change_precond;eeg_c_theta_mean_full_change_precond"
2025-11-26 19:46:33.208673,47,"stress_label",10,8,0.0625,0.576923076923077,0.557692307692308,0.575213675213675,10,"top10","eeg_tleft_sampent_full_change_precond;eeg_tleft_halpha_mean_full_change_precond;eeg_pright_sampent_full_change_precond;eeg_tleft_lalpha_mean_full_change_precond;eeg_t_sampent_full_change_precond;pupil_dilation_sd_full_change_precond;gsr_skin_conductance_eda_tonic_mean_nk_full_change_precond;eeg_fl_hbeta_mean_full_change_precond;hrv_rmssd_full_change_precond;eeg_c_theta_mean_full_change_precond"
2025-11-26 19:46:34.038072,47,"stress_label",10,16,0.0625,0.58974358974359,0.615384615384615,NA,10,"top10","eeg_tleft_sampent_full_change_precond;eeg_tleft_halpha_mean_full_change_precond;eeg_pright_sampent_full_change_precond;eeg_tleft_lalpha_mean_full_change_precond;eeg_t_sampent_full_change_precond;pupil_dilation_sd_full_change_precond;gsr_skin_conductance_eda_tonic_mean_nk_full_change_precond;eeg_fl_hbeta_mean_full_change_precond;hrv_rmssd_full_change_precond;eeg_c_theta_mean_full_change_precond"
2025-11-26 19:46:34.93683,47,"stress_label",10,32,0.0625,0.621794871794872,0.653846153846154,NA,10,"top10","eeg_tleft_sampent_full_change_precond;eeg_tleft_halpha_mean_full_change_precond;eeg_pright_sampent_full_change_precond;eeg_tleft_lalpha_mean_full_change_precond;eeg_t_sampent_full_change_precond;pupil_dilation_sd_full_change_precond;gsr_skin_conductance_eda_tonic_mean_nk_full_change_precond;eeg_fl_hbeta_mean_full_change_precond;hrv_rmssd_full_change_precond;eeg_c_theta_mean_full_change_precond"
2025-11-26 19:46:36.052399,47,"stress_label",10,64,0.0625,0.596153846153846,0.641025641025641,NA,10,"top10","eeg_tleft_sampent_full_change_precond;eeg_tleft_halpha_mean_full_change_precond;eeg_pright_sampent_full_change_precond;eeg_tleft_lalpha_mean_full_change_precond;eeg_t_sampent_full_change_precond;pupil_dilation_sd_full_change_precond;gsr_skin_conductance_eda_tonic_mean_nk_full_change_precond;eeg_fl_hbeta_mean_full_change_precond;hrv_rmssd_full_change_precond;eeg_c_theta_mean_full_change_precond"
2025-11-26 19:46:37.182743,47,"stress_label",10,128,0.0625,0.602564102564103,0.647435897435897,NA,10,"top10","eeg_tleft_sampent_full_change_precond;eeg_tleft_halpha_mean_full_change_precond;eeg_pright_sampent_full_change_precond;eeg_tleft_lalpha_mean_full_change_precond;eeg_t_sampent_full_change_precond;pupil_dilation_sd_full_change_precond;gsr_skin_conductance_eda_tonic_mean_nk_full_change_precond;eeg_fl_hbeta_mean_full_change_precond;hrv_rmssd_full_change_precond;eeg_c_theta_mean_full_change_precond"
2025-11-26 19:46:38.208479,47,"stress_label",10,256,0.0625,0.596153846153846,0.647435897435897,NA,10,"top10","eeg_tleft_sampent_full_change_precond;eeg_tleft_halpha_mean_full_change_precond;eeg_pright_sampent_full_change_precond;eeg_tleft_lalpha_mean_full_change_precond;eeg_t_sampent_full_change_precond;pupil_dilation_sd_full_change_precond;gsr_skin_conductance_eda_tonic_mean_nk_full_change_precond;eeg_fl_hbeta_mean_full_change_precond;hrv_rmssd_full_change_precond;eeg_c_theta_mean_full_change_precond"
2025-11-26 19:46:39.051357,47,"stress_label",10,2,0.125,0.576923076923077,0.621794871794872,0.573504273504273,10,"top10","eeg_tleft_sampent_full_change_precond;eeg_tleft_halpha_mean_full_change_precond;eeg_pright_sampent_full_change_precond;eeg_tleft_lalpha_mean_full_change_precond;eeg_t_sampent_full_change_precond;pupil_dilation_sd_full_change_precond;gsr_skin_conductance_eda_tonic_mean_nk_full_change_precond;eeg_fl_hbeta_mean_full_change_precond;hrv_rmssd_full_change_precond;eeg_c_theta_mean_full_change_precond"
2025-11-26 19:46:39.967908,47,"stress_label",10,4,0.125,0.602564102564103,0.647435897435897,NA,10,"top10","eeg_tleft_sampent_full_change_precond;eeg_tleft_halpha_mean_full_change_precond;eeg_pright_sampent_full_change_precond;eeg_tleft_lalpha_mean_full_change_precond;eeg_t_sampent_full_change_precond;pupil_dilation_sd_full_change_precond;gsr_skin_conductance_eda_tonic_mean_nk_full_change_precond;eeg_fl_hbeta_mean_full_change_precond;hrv_rmssd_full_change_precond;eeg_c_theta_mean_full_change_precond"
2025-11-26 19:46:40.77975,47,"stress_label",10,8,0.125,0.628205128205128,0.647435897435897,NA,10,"top10","eeg_tleft_sampent_full_change_precond;eeg_tleft_halpha_mean_full_change_precond;eeg_pright_sampent_full_change_precond;eeg_tleft_lalpha_mean_full_change_precond;eeg_t_sampent_full_change_precond;pupil_dilation_sd_full_change_precond;gsr_skin_conductance_eda_tonic_mean_nk_full_change_precond;eeg_fl_hbeta_mean_full_change_precond;hrv_rmssd_full_change_precond;eeg_c_theta_mean_full_change_precond"
2025-11-26 19:46:41.489807,47,"stress_label",10,16,0.125,0.602564102564103,0.634615384615385,NA,10,"top10","eeg_tleft_sampent_full_change_precond;eeg_tleft_halpha_mean_full_change_precond;eeg_pright_sampent_full_change_precond;eeg_tleft_lalpha_mean_full_change_precond;eeg_t_sampent_full_change_precond;pupil_dilation_sd_full_change_precond;gsr_skin_conductance_eda_tonic_mean_nk_full_change_precond;eeg_fl_hbeta_mean_full_change_precond;hrv_rmssd_full_change_precond;eeg_c_theta_mean_full_change_precond"
2025-11-26 19:46:42.414558,47,"stress_label",10,32,0.125,0.621794871794872,0.66025641025641,NA,10,"top10","eeg_tleft_sampent_full_change_precond;eeg_tleft_halpha_mean_full_change_precond;eeg_pright_sampent_full_change_precond;eeg_tleft_lalpha_mean_full_change_precond;eeg_t_sampent_full_change_precond;pupil_dilation_sd_full_change_precond;gsr_skin_conductance_eda_tonic_mean_nk_full_change_precond;eeg_fl_hbeta_mean_full_change_precond;hrv_rmssd_full_change_precond;eeg_c_theta_mean_full_change_precond"
2025-11-26 19:46:43.354483,47,"stress_label",10,64,0.125,0.621794871794872,0.66025641025641,NA,10,"top10","eeg_tleft_sampent_full_change_precond;eeg_tleft_halpha_mean_full_change_precond;eeg_pright_sampent_full_change_precond;eeg_tleft_lalpha_mean_full_change_precond;eeg_t_sampent_full_change_precond;pupil_dilation_sd_full_change_precond;gsr_skin_conductance_eda_tonic_mean_nk_full_change_precond;eeg_fl_hbeta_mean_full_change_precond;hrv_rmssd_full_change_precond;eeg_c_theta_mean_full_change_precond"
2025-11-26 19:46:44.271778,47,"stress_label",10,128,0.125,0.621794871794872,0.66025641025641,NA,10,"top10","eeg_tleft_sampent_full_change_precond;eeg_tleft_halpha_mean_full_change_precond;eeg_pright_sampent_full_change_precond;eeg_tleft_lalpha_mean_full_change_precond;eeg_t_sampent_full_change_precond;pupil_dilation_sd_full_change_precond;gsr_skin_conductance_eda_tonic_mean_nk_full_change_precond;eeg_fl_hbeta_mean_full_change_precond;hrv_rmssd_full_change_precond;eeg_c_theta_mean_full_change_precond"
2025-11-26 19:46:45.288184,47,"stress_label",10,256,0.125,0.621794871794872,0.66025641025641,NA,10,"top10","eeg_tleft_sampent_full_change_precond;eeg_tleft_halpha_mean_full_change_precond;eeg_pright_sampent_full_change_precond;eeg_tleft_lalpha_mean_full_change_precond;eeg_t_sampent_full_change_precond;pupil_dilation_sd_full_change_precond;gsr_skin_conductance_eda_tonic_mean_nk_full_change_precond;eeg_fl_hbeta_mean_full_change_precond;hrv_rmssd_full_change_precond;eeg_c_theta_mean_full_change_precond"
2025-11-26 19:46:46.087355,47,"stress_label",10,2,0.03,0.596153846153846,0.621794871794872,0.564957264957265,10,"top10","eeg_tleft_sampent_full_change_precond;eeg_tleft_halpha_mean_full_change_precond;eeg_pright_sampent_full_change_precond;eeg_tleft_lalpha_mean_full_change_precond;eeg_t_sampent_full_change_precond;pupil_dilation_sd_full_change_precond;gsr_skin_conductance_eda_tonic_mean_nk_full_change_precond;eeg_fl_hbeta_mean_full_change_precond;hrv_rmssd_full_change_precond;eeg_c_theta_mean_full_change_precond"
2025-11-26 19:46:46.929004,47,"stress_label",10,4,0.03,0.621794871794872,0.634615384615385,0.599145299145299,10,"top10","eeg_tleft_sampent_full_change_precond;eeg_tleft_halpha_mean_full_change_precond;eeg_pright_sampent_full_change_precond;eeg_tleft_lalpha_mean_full_change_precond;eeg_t_sampent_full_change_precond;pupil_dilation_sd_full_change_precond;gsr_skin_conductance_eda_tonic_mean_nk_full_change_precond;eeg_fl_hbeta_mean_full_change_precond;hrv_rmssd_full_change_precond;eeg_c_theta_mean_full_change_precond"
2025-11-26 19:46:47.759228,47,"stress_label",10,8,0.03,0.621794871794872,0.621794871794872,0.617094017094017,10,"top10","eeg_tleft_sampent_full_change_precond;eeg_tleft_halpha_mean_full_change_precond;eeg_pright_sampent_full_change_precond;eeg_tleft_lalpha_mean_full_change_precond;eeg_t_sampent_full_change_precond;pupil_dilation_sd_full_change_precond;gsr_skin_conductance_eda_tonic_mean_nk_full_change_precond;eeg_fl_hbeta_mean_full_change_precond;hrv_rmssd_full_change_precond;eeg_c_theta_mean_full_change_precond"
2025-11-26 19:46:48.620885,47,"stress_label",10,16,0.03,0.583333333333333,0.576923076923077,0.58034188034188,10,"top10","eeg_tleft_sampent_full_change_precond;eeg_tleft_halpha_mean_full_change_precond;eeg_pright_sampent_full_change_precond;eeg_tleft_lalpha_mean_full_change_precond;eeg_t_sampent_full_change_precond;pupil_dilation_sd_full_change_precond;gsr_skin_conductance_eda_tonic_mean_nk_full_change_precond;eeg_fl_hbeta_mean_full_change_precond;hrv_rmssd_full_change_precond;eeg_c_theta_mean_full_change_precond"
2025-11-26 19:46:49.551884,47,"stress_label",10,32,0.03,0.576923076923077,0.576923076923077,NA,10,"top10","eeg_tleft_sampent_full_change_precond;eeg_tleft_halpha_mean_full_change_precond;eeg_pright_sampent_full_change_precond;eeg_tleft_lalpha_mean_full_change_precond;eeg_t_sampent_full_change_precond;pupil_dilation_sd_full_change_precond;gsr_skin_conductance_eda_tonic_mean_nk_full_change_precond;eeg_fl_hbeta_mean_full_change_precond;hrv_rmssd_full_change_precond;eeg_c_theta_mean_full_change_precond"
2025-11-26 19:46:50.820185,47,"stress_label",10,64,0.03,0.58974358974359,0.608974358974359,NA,10,"top10","eeg_tleft_sampent_full_change_precond;eeg_tleft_halpha_mean_full_change_precond;eeg_pright_sampent_full_change_precond;eeg_tleft_lalpha_mean_full_change_precond;eeg_t_sampent_full_change_precond;pupil_dilation_sd_full_change_precond;gsr_skin_conductance_eda_tonic_mean_nk_full_change_precond;eeg_fl_hbeta_mean_full_change_precond;hrv_rmssd_full_change_precond;eeg_c_theta_mean_full_change_precond"
2025-11-26 19:46:52.015358,47,"stress_label",10,128,0.03,0.634615384615385,0.628205128205128,0.623076923076923,10,"top10","eeg_tleft_sampent_full_change_precond;eeg_tleft_halpha_mean_full_change_precond;eeg_pright_sampent_full_change_precond;eeg_tleft_lalpha_mean_full_change_precond;eeg_t_sampent_full_change_precond;pupil_dilation_sd_full_change_precond;gsr_skin_conductance_eda_tonic_mean_nk_full_change_precond;eeg_fl_hbeta_mean_full_change_precond;hrv_rmssd_full_change_precond;eeg_c_theta_mean_full_change_precond"
2025-11-26 19:46:53.424114,47,"stress_label",10,256,0.03,0.615384615384615,0.628205128205128,NA,10,"top10","eeg_tleft_sampent_full_change_precond;eeg_tleft_halpha_mean_full_change_precond;eeg_pright_sampent_full_change_precond;eeg_tleft_lalpha_mean_full_change_precond;eeg_t_sampent_full_change_precond;pupil_dilation_sd_full_change_precond;gsr_skin_conductance_eda_tonic_mean_nk_full_change_precond;eeg_fl_hbeta_mean_full_change_precond;hrv_rmssd_full_change_precond;eeg_c_theta_mean_full_change_precond"
2025-11-26 19:46:54.284716,47,"stress_label",10,2,0.06,0.634615384615385,0.66025641025641,0.617948717948718,10,"top10","eeg_tleft_sampent_full_change_precond;eeg_tleft_halpha_mean_full_change_precond;eeg_pright_sampent_full_change_precond;eeg_tleft_lalpha_mean_full_change_precond;eeg_t_sampent_full_change_precond;pupil_dilation_sd_full_change_precond;gsr_skin_conductance_eda_tonic_mean_nk_full_change_precond;eeg_fl_hbeta_mean_full_change_precond;hrv_rmssd_full_change_precond;eeg_c_theta_mean_full_change_precond"
2025-11-26 19:46:55.127255,47,"stress_label",10,4,0.06,0.583333333333333,0.602564102564103,0.581196581196581,10,"top10","eeg_tleft_sampent_full_change_precond;eeg_tleft_halpha_mean_full_change_precond;eeg_pright_sampent_full_change_precond;eeg_tleft_lalpha_mean_full_change_precond;eeg_t_sampent_full_change_precond;pupil_dilation_sd_full_change_precond;gsr_skin_conductance_eda_tonic_mean_nk_full_change_precond;eeg_fl_hbeta_mean_full_change_precond;hrv_rmssd_full_change_precond;eeg_c_theta_mean_full_change_precond"
2025-11-26 19:46:55.991474,47,"stress_label",10,8,0.06,0.583333333333333,0.557692307692308,0.582905982905983,10,"top10","eeg_tleft_sampent_full_change_precond;eeg_tleft_halpha_mean_full_change_precond;eeg_pright_sampent_full_change_precond;eeg_tleft_lalpha_mean_full_change_precond;eeg_t_sampent_full_change_precond;pupil_dilation_sd_full_change_precond;gsr_skin_conductance_eda_tonic_mean_nk_full_change_precond;eeg_fl_hbeta_mean_full_change_precond;hrv_rmssd_full_change_precond;eeg_c_theta_mean_full_change_precond"
2025-11-26 19:46:56.904635,47,"stress_label",10,16,0.06,0.583333333333333,0.615384615384615,NA,10,"top10","eeg_tleft_sampent_full_change_precond;eeg_tleft_halpha_mean_full_change_precond;eeg_pright_sampent_full_change_precond;eeg_tleft_lalpha_mean_full_change_precond;eeg_t_sampent_full_change_precond;pupil_dilation_sd_full_change_precond;gsr_skin_conductance_eda_tonic_mean_nk_full_change_precond;eeg_fl_hbeta_mean_full_change_precond;hrv_rmssd_full_change_precond;eeg_c_theta_mean_full_change_precond"
2025-11-26 19:46:57.926645,47,"stress_label",10,32,0.06,0.628205128205128,0.647435897435897,NA,10,"top10","eeg_tleft_sampent_full_change_precond;eeg_tleft_halpha_mean_full_change_precond;eeg_pright_sampent_full_change_precond;eeg_tleft_lalpha_mean_full_change_precond;eeg_t_sampent_full_change_precond;pupil_dilation_sd_full_change_precond;gsr_skin_conductance_eda_tonic_mean_nk_full_change_precond;eeg_fl_hbeta_mean_full_change_precond;hrv_rmssd_full_change_precond;eeg_c_theta_mean_full_change_precond"
2025-11-26 19:46:58.998573,47,"stress_label",10,64,0.06,0.596153846153846,0.641025641025641,NA,10,"top10","eeg_tleft_sampent_full_change_precond;eeg_tleft_halpha_mean_full_change_precond;eeg_pright_sampent_full_change_precond;eeg_tleft_lalpha_mean_full_change_precond;eeg_t_sampent_full_change_precond;pupil_dilation_sd_full_change_precond;gsr_skin_conductance_eda_tonic_mean_nk_full_change_precond;eeg_fl_hbeta_mean_full_change_precond;hrv_rmssd_full_change_precond;eeg_c_theta_mean_full_change_precond"
2025-11-26 19:47:00.138407,47,"stress_label",10,128,0.06,0.602564102564103,0.641025641025641,NA,10,"top10","eeg_tleft_sampent_full_change_precond;eeg_tleft_halpha_mean_full_change_precond;eeg_pright_sampent_full_change_precond;eeg_tleft_lalpha_mean_full_change_precond;eeg_t_sampent_full_change_precond;pupil_dilation_sd_full_change_precond;gsr_skin_conductance_eda_tonic_mean_nk_full_change_precond;eeg_fl_hbeta_mean_full_change_precond;hrv_rmssd_full_change_precond;eeg_c_theta_mean_full_change_precond"
2025-11-26 19:47:01.336933,47,"stress_label",10,256,0.06,0.596153846153846,0.647435897435897,NA,10,"top10","eeg_tleft_sampent_full_change_precond;eeg_tleft_halpha_mean_full_change_precond;eeg_pright_sampent_full_change_precond;eeg_tleft_lalpha_mean_full_change_precond;eeg_t_sampent_full_change_precond;pupil_dilation_sd_full_change_precond;gsr_skin_conductance_eda_tonic_mean_nk_full_change_precond;eeg_fl_hbeta_mean_full_change_precond;hrv_rmssd_full_change_precond;eeg_c_theta_mean_full_change_precond"
2025-11-26 19:47:02.19373,47,"stress_label",10,2,0.1,0.58974358974359,0.641025641025641,0.578632478632479,10,"top10","eeg_tleft_sampent_full_change_precond;eeg_tleft_halpha_mean_full_change_precond;eeg_pright_sampent_full_change_precond;eeg_tleft_lalpha_mean_full_change_precond;eeg_t_sampent_full_change_precond;pupil_dilation_sd_full_change_precond;gsr_skin_conductance_eda_tonic_mean_nk_full_change_precond;eeg_fl_hbeta_mean_full_change_precond;hrv_rmssd_full_change_precond;eeg_c_theta_mean_full_change_precond"
2025-11-26 19:47:03.074849,47,"stress_label",10,4,0.1,0.576923076923077,0.58974358974359,NA,10,"top10","eeg_tleft_sampent_full_change_precond;eeg_tleft_halpha_mean_full_change_precond;eeg_pright_sampent_full_change_precond;eeg_tleft_lalpha_mean_full_change_precond;eeg_t_sampent_full_change_precond;pupil_dilation_sd_full_change_precond;gsr_skin_conductance_eda_tonic_mean_nk_full_change_precond;eeg_fl_hbeta_mean_full_change_precond;hrv_rmssd_full_change_precond;eeg_c_theta_mean_full_change_precond"
2025-11-26 19:47:03.959107,47,"stress_label",10,8,0.1,0.608974358974359,0.628205128205128,NA,10,"top10","eeg_tleft_sampent_full_change_precond;eeg_tleft_halpha_mean_full_change_precond;eeg_pright_sampent_full_change_precond;eeg_tleft_lalpha_mean_full_change_precond;eeg_t_sampent_full_change_precond;pupil_dilation_sd_full_change_precond;gsr_skin_conductance_eda_tonic_mean_nk_full_change_precond;eeg_fl_hbeta_mean_full_change_precond;hrv_rmssd_full_change_precond;eeg_c_theta_mean_full_change_precond"
2025-11-26 19:47:04.883324,47,"stress_label",10,16,0.1,0.608974358974359,0.653846153846154,NA,10,"top10","eeg_tleft_sampent_full_change_precond;eeg_tleft_halpha_mean_full_change_precond;eeg_pright_sampent_full_change_precond;eeg_tleft_lalpha_mean_full_change_precond;eeg_t_sampent_full_change_precond;pupil_dilation_sd_full_change_precond;gsr_skin_conductance_eda_tonic_mean_nk_full_change_precond;eeg_fl_hbeta_mean_full_change_precond;hrv_rmssd_full_change_precond;eeg_c_theta_mean_full_change_precond"
2025-11-26 19:47:05.870008,47,"stress_label",10,32,0.1,0.621794871794872,0.647435897435897,NA,10,"top10","eeg_tleft_sampent_full_change_precond;eeg_tleft_halpha_mean_full_change_precond;eeg_pright_sampent_full_change_precond;eeg_tleft_lalpha_mean_full_change_precond;eeg_t_sampent_full_change_precond;pupil_dilation_sd_full_change_precond;gsr_skin_conductance_eda_tonic_mean_nk_full_change_precond;eeg_fl_hbeta_mean_full_change_precond;hrv_rmssd_full_change_precond;eeg_c_theta_mean_full_change_precond"
2025-11-26 19:47:06.897231,47,"stress_label",10,64,0.1,0.634615384615385,0.666666666666667,NA,10,"top10","eeg_tleft_sampent_full_change_precond;eeg_tleft_halpha_mean_full_change_precond;eeg_pright_sampent_full_change_precond;eeg_tleft_lalpha_mean_full_change_precond;eeg_t_sampent_full_change_precond;pupil_dilation_sd_full_change_precond;gsr_skin_conductance_eda_tonic_mean_nk_full_change_precond;eeg_fl_hbeta_mean_full_change_precond;hrv_rmssd_full_change_precond;eeg_c_theta_mean_full_change_precond"
2025-11-26 19:47:07.922428,47,"stress_label",10,128,0.1,0.634615384615385,0.666666666666667,NA,10,"top10","eeg_tleft_sampent_full_change_precond;eeg_tleft_halpha_mean_full_change_precond;eeg_pright_sampent_full_change_precond;eeg_tleft_lalpha_mean_full_change_precond;eeg_t_sampent_full_change_precond;pupil_dilation_sd_full_change_precond;gsr_skin_conductance_eda_tonic_mean_nk_full_change_precond;eeg_fl_hbeta_mean_full_change_precond;hrv_rmssd_full_change_precond;eeg_c_theta_mean_full_change_precond"
2025-11-26 19:47:08.7142,47,"stress_label",10,256,0.1,0.634615384615385,0.666666666666667,NA,10,"top10","eeg_tleft_sampent_full_change_precond;eeg_tleft_halpha_mean_full_change_precond;eeg_pright_sampent_full_change_precond;eeg_tleft_lalpha_mean_full_change_precond;eeg_t_sampent_full_change_precond;pupil_dilation_sd_full_change_precond;gsr_skin_conductance_eda_tonic_mean_nk_full_change_precond;eeg_fl_hbeta_mean_full_change_precond;hrv_rmssd_full_change_precond;eeg_c_theta_mean_full_change_precond"
2025-11-26 19:47:09.523818,47,"stress_label",5,2,0.0078125,0.602564102564103,0.602564102564103,0.595726495726496,5,"top5","eeg_tleft_sampent_full_change_precond;eeg_tleft_halpha_mean_full_change_precond;eeg_pright_sampent_full_change_precond;eeg_tleft_lalpha_mean_full_change_precond;eeg_t_sampent_full_change_precond"
2025-11-26 19:47:10.28547,47,"stress_label",5,4,0.0078125,0.596153846153846,0.602564102564103,0.571794871794872,5,"top5","eeg_tleft_sampent_full_change_precond;eeg_tleft_halpha_mean_full_change_precond;eeg_pright_sampent_full_change_precond;eeg_tleft_lalpha_mean_full_change_precond;eeg_t_sampent_full_change_precond"
2025-11-26 19:47:11.015711,47,"stress_label",5,8,0.0078125,0.58974358974359,0.608974358974359,0.554700854700855,5,"top5","eeg_tleft_sampent_full_change_precond;eeg_tleft_halpha_mean_full_change_precond;eeg_pright_sampent_full_change_precond;eeg_tleft_lalpha_mean_full_change_precond;eeg_t_sampent_full_change_precond"
2025-11-26 19:47:11.720685,47,"stress_label",5,16,0.0078125,0.596153846153846,0.621794871794872,0.55042735042735,5,"top5","eeg_tleft_sampent_full_change_precond;eeg_tleft_halpha_mean_full_change_precond;eeg_pright_sampent_full_change_precond;eeg_tleft_lalpha_mean_full_change_precond;eeg_t_sampent_full_change_precond"
2025-11-26 19:47:12.483773,47,"stress_label",5,32,0.0078125,0.608974358974359,0.628205128205128,0.558974358974359,5,"top5","eeg_tleft_sampent_full_change_precond;eeg_tleft_halpha_mean_full_change_precond;eeg_pright_sampent_full_change_precond;eeg_tleft_lalpha_mean_full_change_precond;eeg_t_sampent_full_change_precond"
2025-11-26 19:47:13.294953,47,"stress_label",5,64,0.0078125,0.628205128205128,0.621794871794872,0.58034188034188,5,"top5","eeg_tleft_sampent_full_change_precond;eeg_tleft_halpha_mean_full_change_precond;eeg_pright_sampent_full_change_precond;eeg_tleft_lalpha_mean_full_change_precond;eeg_t_sampent_full_change_precond"
2025-11-26 19:47:14.143074,47,"stress_label",5,128,0.0078125,0.641025641025641,0.621794871794872,NA,5,"top5","eeg_tleft_sampent_full_change_precond;eeg_tleft_halpha_mean_full_change_precond;eeg_pright_sampent_full_change_precond;eeg_tleft_lalpha_mean_full_change_precond;eeg_t_sampent_full_change_precond"
2025-11-26 19:47:14.9088,47,"stress_label",5,256,0.0078125,0.608974358974359,0.596153846153846,NA,5,"top5","eeg_tleft_sampent_full_change_precond;eeg_tleft_halpha_mean_full_change_precond;eeg_pright_sampent_full_change_precond;eeg_tleft_lalpha_mean_full_change_precond;eeg_t_sampent_full_change_precond"
2025-11-26 19:47:15.697973,47,"stress_label",5,2,0.015625,0.583333333333333,0.602564102564103,0.546153846153846,5,"top5","eeg_tleft_sampent_full_change_precond;eeg_tleft_halpha_mean_full_change_precond;eeg_pright_sampent_full_change_precond;eeg_tleft_lalpha_mean_full_change_precond;eeg_t_sampent_full_change_precond"
2025-11-26 19:47:16.460843,47,"stress_label",5,4,0.015625,0.602564102564103,0.628205128205128,0.558974358974359,5,"top5","eeg_tleft_sampent_full_change_precond;eeg_tleft_halpha_mean_full_change_precond;eeg_pright_sampent_full_change_precond;eeg_tleft_lalpha_mean_full_change_precond;eeg_t_sampent_full_change_precond"
2025-11-26 19:47:17.240472,47,"stress_label",5,8,0.015625,0.615384615384615,0.641025641025641,0.571794871794872,5,"top5","eeg_tleft_sampent_full_change_precond;eeg_tleft_halpha_mean_full_change_precond;eeg_pright_sampent_full_change_precond;eeg_tleft_lalpha_mean_full_change_precond;eeg_t_sampent_full_change_precond"
2025-11-26 19:47:18.012179,47,"stress_label",5,16,0.015625,0.641025641025641,0.634615384615385,0.584615384615385,5,"top5","eeg_tleft_sampent_full_change_precond;eeg_tleft_halpha_mean_full_change_precond;eeg_pright_sampent_full_change_precond;eeg_tleft_lalpha_mean_full_change_precond;eeg_t_sampent_full_change_precond"
2025-11-26 19:47:18.787377,47,"stress_label",5,32,0.015625,0.634615384615385,0.628205128205128,NA,5,"top5","eeg_tleft_sampent_full_change_precond;eeg_tleft_halpha_mean_full_change_precond;eeg_pright_sampent_full_change_precond;eeg_tleft_lalpha_mean_full_change_precond;eeg_t_sampent_full_change_precond"
2025-11-26 19:47:19.607724,47,"stress_label",5,64,0.015625,0.608974358974359,0.583333333333333,NA,5,"top5","eeg_tleft_sampent_full_change_precond;eeg_tleft_halpha_mean_full_change_precond;eeg_pright_sampent_full_change_precond;eeg_tleft_lalpha_mean_full_change_precond;eeg_t_sampent_full_change_precond"
2025-11-26 19:47:20.490324,47,"stress_label",5,128,0.015625,0.602564102564103,0.583333333333333,NA,5,"top5","eeg_tleft_sampent_full_change_precond;eeg_tleft_halpha_mean_full_change_precond;eeg_pright_sampent_full_change_precond;eeg_tleft_lalpha_mean_full_change_precond;eeg_t_sampent_full_change_precond"
2025-11-26 19:47:21.445365,47,"stress_label",5,256,0.015625,0.615384615384615,0.576923076923077,NA,5,"top5","eeg_tleft_sampent_full_change_precond;eeg_tleft_halpha_mean_full_change_precond;eeg_pright_sampent_full_change_precond;eeg_tleft_lalpha_mean_full_change_precond;eeg_t_sampent_full_change_precond"
2025-11-26 19:47:22.228301,47,"stress_label",5,2,0.03125,0.628205128205128,0.634615384615385,0.584615384615385,5,"top5","eeg_tleft_sampent_full_change_precond;eeg_tleft_halpha_mean_full_change_precond;eeg_pright_sampent_full_change_precond;eeg_tleft_lalpha_mean_full_change_precond;eeg_t_sampent_full_change_precond"
2025-11-26 19:47:23.037559,47,"stress_label",5,4,0.03125,0.641025641025641,0.634615384615385,0.584615384615385,5,"top5","eeg_tleft_sampent_full_change_precond;eeg_tleft_halpha_mean_full_change_precond;eeg_pright_sampent_full_change_precond;eeg_tleft_lalpha_mean_full_change_precond;eeg_t_sampent_full_change_precond"
2025-11-26 19:47:23.781184,47,"stress_label",5,8,0.03125,0.634615384615385,0.628205128205128,0.584615384615385,5,"top5","eeg_tleft_sampent_full_change_precond;eeg_tleft_halpha_mean_full_change_precond;eeg_pright_sampent_full_change_precond;eeg_tleft_lalpha_mean_full_change_precond;eeg_t_sampent_full_change_precond"
2025-11-26 19:47:24.551414,47,"stress_label",5,16,0.03125,0.615384615384615,0.608974358974359,NA,5,"top5","eeg_tleft_sampent_full_change_precond;eeg_tleft_halpha_mean_full_change_precond;eeg_pright_sampent_full_change_precond;eeg_tleft_lalpha_mean_full_change_precond;eeg_t_sampent_full_change_precond"
2025-11-26 19:47:25.359805,47,"stress_label",5,32,0.03125,0.608974358974359,0.576923076923077,NA,5,"top5","eeg_tleft_sampent_full_change_precond;eeg_tleft_halpha_mean_full_change_precond;eeg_pright_sampent_full_change_precond;eeg_tleft_lalpha_mean_full_change_precond;eeg_t_sampent_full_change_precond"
2025-11-26 19:47:26.204863,47,"stress_label",5,64,0.03125,0.615384615384615,0.576923076923077,NA,5,"top5","eeg_tleft_sampent_full_change_precond;eeg_tleft_halpha_mean_full_change_precond;eeg_pright_sampent_full_change_precond;eeg_tleft_lalpha_mean_full_change_precond;eeg_t_sampent_full_change_precond"
2025-11-26 19:47:27.15887,47,"stress_label",5,128,0.03125,0.628205128205128,0.58974358974359,NA,5,"top5","eeg_tleft_sampent_full_change_precond;eeg_tleft_halpha_mean_full_change_precond;eeg_pright_sampent_full_change_precond;eeg_tleft_lalpha_mean_full_change_precond;eeg_t_sampent_full_change_precond"
2025-11-26 19:47:28.287301,47,"stress_label",5,256,0.03125,0.608974358974359,0.493589743589744,NA,5,"top5","eeg_tleft_sampent_full_change_precond;eeg_tleft_halpha_mean_full_change_precond;eeg_pright_sampent_full_change_precond;eeg_tleft_lalpha_mean_full_change_precond;eeg_t_sampent_full_change_precond"
2025-11-26 19:47:29.063232,47,"stress_label",5,2,0.0625,0.628205128205128,0.628205128205128,0.58034188034188,5,"top5","eeg_tleft_sampent_full_change_precond;eeg_tleft_halpha_mean_full_change_precond;eeg_pright_sampent_full_change_precond;eeg_tleft_lalpha_mean_full_change_precond;eeg_t_sampent_full_change_precond"
2025-11-26 19:47:29.85802,47,"stress_label",5,4,0.0625,0.621794871794872,0.628205128205128,0.577777777777778,5,"top5","eeg_tleft_sampent_full_change_precond;eeg_tleft_halpha_mean_full_change_precond;eeg_pright_sampent_full_change_precond;eeg_tleft_lalpha_mean_full_change_precond;eeg_t_sampent_full_change_precond"
2025-11-26 19:47:30.628198,47,"stress_label",5,8,0.0625,0.608974358974359,0.583333333333333,NA,5,"top5","eeg_tleft_sampent_full_change_precond;eeg_tleft_halpha_mean_full_change_precond;eeg_pright_sampent_full_change_precond;eeg_tleft_lalpha_mean_full_change_precond;eeg_t_sampent_full_change_precond"
2025-11-26 19:47:31.456082,47,"stress_label",5,16,0.0625,0.615384615384615,0.583333333333333,NA,5,"top5","eeg_tleft_sampent_full_change_precond;eeg_tleft_halpha_mean_full_change_precond;eeg_pright_sampent_full_change_precond;eeg_tleft_lalpha_mean_full_change_precond;eeg_t_sampent_full_change_precond"
2025-11-26 19:47:32.278642,47,"stress_label",5,32,0.0625,0.583333333333333,0.576923076923077,NA,5,"top5","eeg_tleft_sampent_full_change_precond;eeg_tleft_halpha_mean_full_change_precond;eeg_pright_sampent_full_change_precond;eeg_tleft_lalpha_mean_full_change_precond;eeg_t_sampent_full_change_precond"
2025-11-26 19:47:33.202496,47,"stress_label",5,64,0.0625,0.564102564102564,0.493589743589744,NA,5,"top5","eeg_tleft_sampent_full_change_precond;eeg_tleft_halpha_mean_full_change_precond;eeg_pright_sampent_full_change_precond;eeg_tleft_lalpha_mean_full_change_precond;eeg_t_sampent_full_change_precond"
2025-11-26 19:47:34.271824,47,"stress_label",5,128,0.0625,0.538461538461538,0.467948717948718,NA,5,"top5","eeg_tleft_sampent_full_change_precond;eeg_tleft_halpha_mean_full_change_precond;eeg_pright_sampent_full_change_precond;eeg_tleft_lalpha_mean_full_change_precond;eeg_t_sampent_full_change_precond"
2025-11-26 19:47:35.581116,47,"stress_label",5,256,0.0625,0.557692307692308,0.467948717948718,NA,5,"top5","eeg_tleft_sampent_full_change_precond;eeg_tleft_halpha_mean_full_change_precond;eeg_pright_sampent_full_change_precond;eeg_tleft_lalpha_mean_full_change_precond;eeg_t_sampent_full_change_precond"
2025-11-26 19:47:36.368757,47,"stress_label",5,2,0.125,0.608974358974359,0.608974358974359,NA,5,"top5","eeg_tleft_sampent_full_change_precond;eeg_tleft_halpha_mean_full_change_precond;eeg_pright_sampent_full_change_precond;eeg_tleft_lalpha_mean_full_change_precond;eeg_t_sampent_full_change_precond"
2025-11-26 19:47:37.161975,47,"stress_label",5,4,0.125,0.608974358974359,0.58974358974359,NA,5,"top5","eeg_tleft_sampent_full_change_precond;eeg_tleft_halpha_mean_full_change_precond;eeg_pright_sampent_full_change_precond;eeg_tleft_lalpha_mean_full_change_precond;eeg_t_sampent_full_change_precond"
2025-11-26 19:47:37.845762,47,"stress_label",5,8,0.125,0.576923076923077,0.551282051282051,NA,5,"top5","eeg_tleft_sampent_full_change_precond;eeg_tleft_halpha_mean_full_change_precond;eeg_pright_sampent_full_change_precond;eeg_tleft_lalpha_mean_full_change_precond;eeg_t_sampent_full_change_precond"
2025-11-26 19:47:38.556909,47,"stress_label",5,16,0.125,0.538461538461538,0.448717948717949,NA,5,"top5","eeg_tleft_sampent_full_change_precond;eeg_tleft_halpha_mean_full_change_precond;eeg_pright_sampent_full_change_precond;eeg_tleft_lalpha_mean_full_change_precond;eeg_t_sampent_full_change_precond"
2025-11-26 19:47:39.362213,47,"stress_label",5,32,0.125,0.551282051282051,0.467948717948718,NA,5,"top5","eeg_tleft_sampent_full_change_precond;eeg_tleft_halpha_mean_full_change_precond;eeg_pright_sampent_full_change_precond;eeg_tleft_lalpha_mean_full_change_precond;eeg_t_sampent_full_change_precond"
2025-11-26 19:47:40.315926,47,"stress_label",5,64,0.125,0.525641025641026,0.461538461538462,NA,5,"top5","eeg_tleft_sampent_full_change_precond;eeg_tleft_halpha_mean_full_change_precond;eeg_pright_sampent_full_change_precond;eeg_tleft_lalpha_mean_full_change_precond;eeg_t_sampent_full_change_precond"
2025-11-26 19:47:41.374986,47,"stress_label",5,128,0.125,0.487179487179487,0.512820512820513,NA,5,"top5","eeg_tleft_sampent_full_change_precond;eeg_tleft_halpha_mean_full_change_precond;eeg_pright_sampent_full_change_precond;eeg_tleft_lalpha_mean_full_change_precond;eeg_t_sampent_full_change_precond"
2025-11-26 19:47:42.868394,47,"stress_label",5,256,0.125,0.506410256410256,0.493589743589744,NA,5,"top5","eeg_tleft_sampent_full_change_precond;eeg_tleft_halpha_mean_full_change_precond;eeg_pright_sampent_full_change_precond;eeg_tleft_lalpha_mean_full_change_precond;eeg_t_sampent_full_change_precond"
2025-11-26 19:47:43.655408,47,"stress_label",5,2,0.03,0.628205128205128,0.634615384615385,0.584615384615385,5,"top5","eeg_tleft_sampent_full_change_precond;eeg_tleft_halpha_mean_full_change_precond;eeg_pright_sampent_full_change_precond;eeg_tleft_lalpha_mean_full_change_precond;eeg_t_sampent_full_change_precond"
2025-11-26 19:47:44.443843,47,"stress_label",5,4,0.03,0.634615384615385,0.634615384615385,0.584615384615385,5,"top5","eeg_tleft_sampent_full_change_precond;eeg_tleft_halpha_mean_full_change_precond;eeg_pright_sampent_full_change_precond;eeg_tleft_lalpha_mean_full_change_precond;eeg_t_sampent_full_change_precond"
2025-11-26 19:47:45.189347,47,"stress_label",5,8,0.03,0.621794871794872,0.634615384615385,0.571794871794872,5,"top5","eeg_tleft_sampent_full_change_precond;eeg_tleft_halpha_mean_full_change_precond;eeg_pright_sampent_full_change_precond;eeg_tleft_lalpha_mean_full_change_precond;eeg_t_sampent_full_change_precond"
2025-11-26 19:47:45.996365,47,"stress_label",5,16,0.03,0.615384615384615,0.608974358974359,NA,5,"top5","eeg_tleft_sampent_full_change_precond;eeg_tleft_halpha_mean_full_change_precond;eeg_pright_sampent_full_change_precond;eeg_tleft_lalpha_mean_full_change_precond;eeg_t_sampent_full_change_precond"
2025-11-26 19:47:46.823007,47,"stress_label",5,32,0.03,0.608974358974359,0.576923076923077,NA,5,"top5","eeg_tleft_sampent_full_change_precond;eeg_tleft_halpha_mean_full_change_precond;eeg_pright_sampent_full_change_precond;eeg_tleft_lalpha_mean_full_change_precond;eeg_t_sampent_full_change_precond"
2025-11-26 19:47:47.683036,47,"stress_label",5,64,0.03,0.615384615384615,0.576923076923077,NA,5,"top5","eeg_tleft_sampent_full_change_precond;eeg_tleft_halpha_mean_full_change_precond;eeg_pright_sampent_full_change_precond;eeg_tleft_lalpha_mean_full_change_precond;eeg_t_sampent_full_change_precond"
2025-11-26 19:47:48.510772,47,"stress_label",5,128,0.03,0.641025641025641,0.583333333333333,NA,5,"top5","eeg_tleft_sampent_full_change_precond;eeg_tleft_halpha_mean_full_change_precond;eeg_pright_sampent_full_change_precond;eeg_tleft_lalpha_mean_full_change_precond;eeg_t_sampent_full_change_precond"
2025-11-26 19:47:49.616164,47,"stress_label",5,256,0.03,0.608974358974359,0.480769230769231,NA,5,"top5","eeg_tleft_sampent_full_change_precond;eeg_tleft_halpha_mean_full_change_precond;eeg_pright_sampent_full_change_precond;eeg_tleft_lalpha_mean_full_change_precond;eeg_t_sampent_full_change_precond"
2025-11-26 19:47:50.269032,47,"stress_label",5,2,0.06,0.621794871794872,0.628205128205128,0.571794871794872,5,"top5","eeg_tleft_sampent_full_change_precond;eeg_tleft_halpha_mean_full_change_precond;eeg_pright_sampent_full_change_precond;eeg_tleft_lalpha_mean_full_change_precond;eeg_t_sampent_full_change_precond"
2025-11-26 19:47:51.058566,47,"stress_label",5,4,0.06,0.621794871794872,0.628205128205128,0.577777777777778,5,"top5","eeg_tleft_sampent_full_change_precond;eeg_tleft_halpha_mean_full_change_precond;eeg_pright_sampent_full_change_precond;eeg_tleft_lalpha_mean_full_change_precond;eeg_t_sampent_full_change_precond"
2025-11-26 19:47:51.857913,47,"stress_label",5,8,0.06,0.608974358974359,0.58974358974359,NA,5,"top5","eeg_tleft_sampent_full_change_precond;eeg_tleft_halpha_mean_full_change_precond;eeg_pright_sampent_full_change_precond;eeg_tleft_lalpha_mean_full_change_precond;eeg_t_sampent_full_change_precond"
2025-11-26 19:47:52.690316,47,"stress_label",5,16,0.06,0.615384615384615,0.576923076923077,NA,5,"top5","eeg_tleft_sampent_full_change_precond;eeg_tleft_halpha_mean_full_change_precond;eeg_pright_sampent_full_change_precond;eeg_tleft_lalpha_mean_full_change_precond;eeg_t_sampent_full_change_precond"
2025-11-26 19:47:53.375849,47,"stress_label",5,32,0.06,0.596153846153846,0.57051282051282,NA,5,"top5","eeg_tleft_sampent_full_change_precond;eeg_tleft_halpha_mean_full_change_precond;eeg_pright_sampent_full_change_precond;eeg_tleft_lalpha_mean_full_change_precond;eeg_t_sampent_full_change_precond"
2025-11-26 19:47:54.311871,47,"stress_label",5,64,0.06,0.583333333333333,0.493589743589744,NA,5,"top5","eeg_tleft_sampent_full_change_precond;eeg_tleft_halpha_mean_full_change_precond;eeg_pright_sampent_full_change_precond;eeg_tleft_lalpha_mean_full_change_precond;eeg_t_sampent_full_change_precond"
2025-11-26 19:47:55.378096,47,"stress_label",5,128,0.06,0.551282051282051,0.493589743589744,NA,5,"top5","eeg_tleft_sampent_full_change_precond;eeg_tleft_halpha_mean_full_change_precond;eeg_pright_sampent_full_change_precond;eeg_tleft_lalpha_mean_full_change_precond;eeg_t_sampent_full_change_precond"
2025-11-26 19:47:56.685357,47,"stress_label",5,256,0.06,0.557692307692308,0.455128205128205,NA,5,"top5","eeg_tleft_sampent_full_change_precond;eeg_tleft_halpha_mean_full_change_precond;eeg_pright_sampent_full_change_precond;eeg_tleft_lalpha_mean_full_change_precond;eeg_t_sampent_full_change_precond"
2025-11-26 19:47:57.46845,47,"stress_label",5,2,0.1,0.621794871794872,0.628205128205128,0.577777777777778,5,"top5","eeg_tleft_sampent_full_change_precond;eeg_tleft_halpha_mean_full_change_precond;eeg_pright_sampent_full_change_precond;eeg_tleft_lalpha_mean_full_change_precond;eeg_t_sampent_full_change_precond"
2025-11-26 19:47:58.252377,47,"stress_label",5,4,0.1,0.608974358974359,0.58974358974359,NA,5,"top5","eeg_tleft_sampent_full_change_precond;eeg_tleft_halpha_mean_full_change_precond;eeg_pright_sampent_full_change_precond;eeg_tleft_lalpha_mean_full_change_precond;eeg_t_sampent_full_change_precond"
2025-11-26 19:47:59.046928,47,"stress_label",5,8,0.1,0.615384615384615,0.58974358974359,NA,5,"top5","eeg_tleft_sampent_full_change_precond;eeg_tleft_halpha_mean_full_change_precond;eeg_pright_sampent_full_change_precond;eeg_tleft_lalpha_mean_full_change_precond;eeg_t_sampent_full_change_precond"
2025-11-26 19:47:59.904828,47,"stress_label",5,16,0.1,0.57051282051282,0.544871794871795,NA,5,"top5","eeg_tleft_sampent_full_change_precond;eeg_tleft_halpha_mean_full_change_precond;eeg_pright_sampent_full_change_precond;eeg_tleft_lalpha_mean_full_change_precond;eeg_t_sampent_full_change_precond"
2025-11-26 19:48:00.834929,47,"stress_label",5,32,0.1,0.525641025641026,0.448717948717949,NA,5,"top5","eeg_tleft_sampent_full_change_precond;eeg_tleft_halpha_mean_full_change_precond;eeg_pright_sampent_full_change_precond;eeg_tleft_lalpha_mean_full_change_precond;eeg_t_sampent_full_change_precond"
2025-11-26 19:48:01.825552,47,"stress_label",5,64,0.1,0.564102564102564,0.512820512820513,NA,5,"top5","eeg_tleft_sampent_full_change_precond;eeg_tleft_halpha_mean_full_change_precond;eeg_pright_sampent_full_change_precond;eeg_tleft_lalpha_mean_full_change_precond;eeg_t_sampent_full_change_precond"
2025-11-26 19:48:03.154831,47,"stress_label",5,128,0.1,0.506410256410256,0.506410256410256,NA,5,"top5","eeg_tleft_sampent_full_change_precond;eeg_tleft_halpha_mean_full_change_precond;eeg_pright_sampent_full_change_precond;eeg_tleft_lalpha_mean_full_change_precond;eeg_t_sampent_full_change_precond"
2025-11-26 19:48:04.564847,47,"stress_label",5,256,0.1,0.487179487179487,0.435897435897436,NA,5,"top5","eeg_tleft_sampent_full_change_precond;eeg_tleft_halpha_mean_full_change_precond;eeg_pright_sampent_full_change_precond;eeg_tleft_lalpha_mean_full_change_precond;eeg_t_sampent_full_change_precond"
